/*--------------------------------*- C++ -*----------------------------------*\
| =========                 |                                                 |
| \\      /  F ield         | OpenFOAM: The Open Source CFD Toolbox           |
|  \\    /   O peration     | Version:  2312                                  |
|   \\  /    A nd           | Website:  www.openfoam.com                      |
|    \\/     M anipulation  |                                                 |
\*---------------------------------------------------------------------------*/
FoamFile
{
    version     2.0;
    format      ascii;
    arch        "LSB;label=32;scalar=64";
    class       volScalarField;
    location    "80.65";
    object      p;
}
// * * * * * * * * * * * * * * * * * * * * * * * * * * * * * * * * * * * * * //

dimensions      [0 2 -2 0 0 0 0];

internalField   nonuniform List<scalar> 
5478
(
-0.527281
-0.525562
-0.525549
-0.5269
-0.527646
-0.523691
-0.510763
-0.486362
-0.450839
-0.407096
-0.359185
-0.310524
-0.263808
-0.219597
-0.178228
-0.534752
-0.530937
-0.528003
-0.525218
-0.520056
-0.508643
-0.488398
-0.458956
-0.422161
-0.381051
-0.338552
-0.29678
-0.257153
-0.219664
-0.185308
-0.544441
-0.538728
-0.532679
-0.524866
-0.512237
-0.492545
-0.465553
-0.432673
-0.396152
-0.358229
-0.320513
-0.284146
-0.249611
-0.217249
-0.187136
-0.558297
-0.550116
-0.540204
-0.525761
-0.504261
-0.476334
-0.443966
-0.409155
-0.373528
-0.338218
-0.304006
-0.271355
-0.240577
-0.21185
-0.185252
-0.577049
-0.564689
-0.549904
-0.526804
-0.495711
-0.460541
-0.424204
-0.388203
-0.353256
-0.31977
-0.287952
-0.257968
-0.229808
-0.203644
-0.179169
-0.599861
-0.581529
-0.559502
-0.525914
-0.485547
-0.444383
-0.404981
-0.367976
-0.333392
-0.301115
-0.271059
-0.243102
-0.217165
-0.19316
-0.170504
-0.622707
-0.598626
-0.565417
-0.520209
-0.471683
-0.425764
-0.383975
-0.346182
-0.311863
-0.280585
-0.251992
-0.225823
-0.201837
-0.179857
-0.159273
-0.639562
-0.610729
-0.563774
-0.507031
-0.45177
-0.402228
-0.358795
-0.320613
-0.28676
-0.256535
-0.229408
-0.204972
-0.182978
-0.163166
-0.145006
-0.42145
-0.423737
-0.425383
-0.429277
-0.435894
-0.445253
-0.457309
-0.471841
-0.488434
-0.506577
-0.525602
-0.544437
-0.56128
-0.57374
-0.578959
-0.427662
-0.431707
-0.434843
-0.439968
-0.447269
-0.456099
-0.465517
-0.474249
-0.480925
-0.484495
-0.484345
-0.480037
-0.471345
-0.458707
-0.4404
-0.438784
-0.444076
-0.44883
-0.455586
-0.464168
-0.473284
-0.481036
-0.484938
-0.48241
-0.471582
-0.451569
-0.422249
-0.384507
-0.342309
-0.293292
-0.454621
-0.46028
-0.466571
-0.475069
-0.485251
-0.495303
-0.502392
-0.50281
-0.492818
-0.469913
-0.433143
-0.383701
-0.32054
-0.258634
-0.179024
-0.473494
-0.479553
-0.486387
-0.495893
-0.507124
-0.517865
-0.524273
-0.521523
-0.505395
-0.473324
-0.422951
-0.362879
-0.284421
-0.215851
-0.130105
-0.491961
-0.496746
-0.503618
-0.513355
-0.524634
-0.534541
-0.53912
-0.532173
-0.509998
-0.470397
-0.415022
-0.349307
-0.274021
-0.204107
-0.134632
-0.507547
-0.510436
-0.515855
-0.524204
-0.533244
-0.540193
-0.540205
-0.528072
-0.500512
-0.456966
-0.40138
-0.338355
-0.273268
-0.211542
-0.154886
-0.519002
-0.519589
-0.522617
-0.52756
-0.533079
-0.535274
-0.529294
-0.511045
-0.478744
-0.434055
-0.381376
-0.3252
-0.270252
-0.218716
-0.172171
-0.569228
-0.483959
-0.346749
-0.263458
-0.226895
-0.248637
-0.27473
-0.232914
-0.16349
-0.123247
-0.106286
-0.091991
-0.080659
-0.0951602
-0.118214
-0.121563
-0.0984247
-0.0889034
-0.108655
-0.130129
-0.117376
-0.0997364
-0.118454
-0.128046
-0.110379
-0.0983755
-0.0901064
-0.0312931
-0.00421285
-0.00717997
-0.0187144
-0.0232518
0.0052763
0.0247048
0.0222065
0.00721685
-0.0135709
-0.00919153
-0.414338
-0.368727
-0.286017
-0.248863
-0.242693
-0.284362
-0.318796
-0.263653
-0.179698
-0.125991
-0.105489
-0.0893071
-0.0732511
-0.0890317
-0.113713
-0.117936
-0.0940589
-0.0800738
-0.0958352
-0.117038
-0.112864
-0.106281
-0.133615
-0.141155
-0.11063
-0.0855955
-0.0786557
-0.0347013
-0.010808
-0.0118936
-0.0211088
-0.0253199
0.00409801
0.0244555
0.0217536
0.00545963
-0.0156619
-0.0104013
-0.252594
-0.217497
-0.184041
-0.193404
-0.229784
-0.305535
-0.343854
-0.279448
-0.188833
-0.126399
-0.104025
-0.0905066
-0.07152
-0.0857025
-0.109606
-0.113924
-0.0891467
-0.0710296
-0.083285
-0.10355
-0.106296
-0.109496
-0.145355
-0.151199
-0.108658
-0.0720191
-0.0657926
-0.0375681
-0.0170763
-0.0164854
-0.0232678
-0.0271107
0.00265982
0.0239915
0.0212995
0.00387207
-0.0175568
-0.0115401
-0.115653
-0.0637061
-0.0442387
-0.0938664
-0.190955
-0.304864
-0.343139
-0.279992
-0.190262
-0.125488
-0.101961
-0.0922299
-0.0744039
-0.0865574
-0.10723
-0.110578
-0.0846531
-0.0630089
-0.0719395
-0.0906104
-0.097716
-0.108939
-0.152797
-0.158206
-0.106068
-0.0594189
-0.0524968
-0.0393888
-0.0226654
-0.020708
-0.0252015
-0.0285383
0.0010106
0.0233504
0.0208484
0.00247613
-0.0192484
-0.0125959
-0.0447578
0.0224346
0.0699285
0.0103484
-0.126784
-0.269705
-0.316447
-0.262
-0.182924
-0.123254
-0.099161
-0.0903957
-0.0800866
-0.0908034
-0.10778
-0.107551
-0.0803796
-0.0565161
-0.0628711
-0.079203
-0.087989
-0.104911
-0.155708
-0.16175
-0.102834
-0.0487407
-0.0395586
-0.0399242
-0.0273062
-0.0243142
-0.0269694
-0.029744
-0.000821984
0.0219768
0.0203969
0.00125291
-0.0207504
-0.0135662
-0.052444
0.0346735
0.114224
0.0804951
-0.0637406
-0.212444
-0.268749
-0.23002
-0.166791
-0.119025
-0.0946362
-0.0833197
-0.085478
-0.094353
-0.109704
-0.108214
-0.0790318
-0.0520801
-0.0556107
-0.0691553
-0.077062
-0.0977086
-0.15409
-0.162682
-0.100224
-0.0410355
-0.0280995
-0.0393644
-0.0309151
-0.0272698
-0.0286388
-0.0301914
-0.00272097
0.0210493
0.0199354
0.000215654
-0.022067
-0.0144509
-0.0862873
-0.0101299
0.0978724
0.106094
0.00231934
-0.146506
-0.21338
-0.199819
-0.15319
-0.115981
-0.0909691
-0.0759189
-0.0844238
-0.0970594
-0.111268
-0.107051
-0.0767372
-0.0498893
-0.050781
-0.0616608
-0.0651619
-0.086838
-0.148414
-0.159436
-0.095909
-0.0361395
-0.0184343
-0.0375805
-0.0337527
-0.0292232
-0.0302767
-0.0364291
-0.00484649
0.0200713
0.0195052
-0.000678092
-0.0232214
-0.0152528
-0.119615
-0.06397
0.010593
0.0709149
0.0355803
-0.0663512
-0.134519
-0.145396
-0.126747
-0.103147
-0.0862649
-0.0701697
-0.0741207
-0.0963797
-0.122754
-0.112323
-0.0788484
-0.0495003
-0.045489
-0.0543747
-0.0537542
-0.0740941
-0.138586
-0.157219
-0.0926749
-0.0348539
-0.00910518
-0.0345328
-0.0359163
-0.030313
-0.0317862
-0.0359522
-0.00677942
0.0188417
0.0190187
-0.0013528
-0.0241809
-0.0159478
-0.116894
-0.077089
-0.0144434
0.0388548
0.0312262
-0.0364741
-0.0878995
-0.106283
-0.0977798
-0.0793872
-0.0691199
-0.0605494
-0.0617971
-0.087114
-0.0970527
-0.10401
-0.0765309
-0.050756
-0.0456187
-0.050633
-0.0446159
-0.0654011
-0.121642
-0.143258
-0.0842378
-0.0344499
-0.0138191
-0.0330377
-0.0362016
-0.0307288
-0.0333333
-0.0366019
-0.00835754
0.0178199
0.0185378
-0.00206391
-0.0252517
-0.0166827
-0.10553
-0.0733073
-0.0293896
0.00485615
0.00896995
-0.0230468
-0.0544677
-0.067835
-0.0628144
-0.0536943
-0.0495194
-0.0423451
-0.0454212
-0.0832268
-0.138361
-0.0976779
-0.0687093
-0.0497773
-0.0444467
-0.0371499
-0.0292136
-0.0461978
-0.100019
-0.125727
-0.0683922
-0.0235002
-0.0119155
-0.0313066
-0.0362745
-0.0332659
-0.0346113
-0.0367085
-0.0101827
0.0162823
0.0172182
-0.00310258
-0.0262314
-0.0172922
-0.0873186
-0.0691307
-0.0413695
-0.0171792
-0.00713221
-0.0173075
-0.034678
-0.0437468
-0.0439183
-0.038016
-0.0335409
-0.0264399
-0.0186077
-0.0388481
-0.0676124
-0.0589493
-0.0475141
-0.0470479
-0.0435091
-0.030113
-0.0163346
-0.0226413
-0.0666646
-0.0934291
-0.0410221
-0.0104686
-0.0141703
-0.0294646
-0.0351301
-0.0344929
-0.0347794
-0.036848
-0.012392
0.0142709
0.0155847
-0.00404859
-0.0266246
-0.0175204
-0.0695053
-0.0614106
-0.0439799
-0.0265801
-0.0165658
-0.0168416
-0.0230975
-0.026762
-0.0239145
-0.0189304
-0.0117037
-0.00463329
0.00606641
0.00472335
-0.0123204
-0.00918128
-0.017652
-0.0378882
-0.0332629
-0.014631
0.000123427
0.00355849
-0.0290838
-0.0573898
-0.0131673
0.00178596
-0.010487
-0.0248527
-0.0322547
-0.0337298
-0.0343868
-0.0367886
-0.014512
0.0118081
0.0135341
-0.00463374
-0.0261414
-0.0172054
-0.0542334
-0.0512192
-0.0406589
-0.028701
-0.0199244
-0.0156547
-0.0156958
-0.0158657
-0.0135752
-0.00959344
-0.00151043
0.00749996
0.0245782
0.0412813
0.0284295
0.0239125
0.00871467
-0.0168704
-0.0174451
-0.00549179
0.00887577
0.027192
0.0108975
-0.0232413
0.00638777
0.0126723
-0.00570125
-0.0172371
-0.0272751
-0.0305713
-0.0328054
-0.0361543
-0.0165338
0.00901452
0.011195
-0.00466929
-0.0245705
-0.0162192
-0.0406371
-0.0403142
-0.0344788
-0.0263991
-0.0189161
-0.0134515
-0.0108563
-0.00838241
-0.0038108
0.00138008
0.0108071
0.0196376
0.0332337
0.0510756
0.042601
0.033567
0.0222619
0.00265697
0.000568365
0.00950258
0.016851
0.0355457
0.0198345
-0.00976203
0.00842636
0.0184734
0.00503962
-0.00553493
-0.020171
-0.025164
-0.0292304
-0.0339403
-0.0177275
0.00605809
0.00861785
-0.00407441
-0.021689
-0.0143896
-0.028657
-0.0298559
-0.0268543
-0.0213484
-0.0154847
-0.0102384
-0.00610689
-0.00239461
0.00207062
0.00664273
0.01405
0.0222456
0.0337594
0.0480031
0.0449825
0.0358231
0.0271868
0.01625
0.0136806
0.0148796
0.0188906
0.0373866
0.0278213
-0.00122139
0.00568676
0.0189413
0.0105368
0.00787662
-0.00709688
-0.0129128
-0.0219663
-0.0308952
-0.0172234
0.00359398
0.00617886
-0.00276196
-0.0174847
-0.0117344
-0.0186998
-0.0203961
-0.0189459
-0.0153204
-0.0109159
-0.00633238
-0.00222789
0.00162482
0.00591659
0.0105034
0.0172142
0.0246475
0.0323646
0.0410995
0.0420722
0.0351488
0.0283069
0.0221007
0.0214946
0.0215814
0.0218837
0.0337294
0.0294587
0.00742907
0.00945424
0.0187424
0.0159527
0.0173826
0.0103517
0.00703134
-0.0107175
-0.0252993
-0.0134916
0.00241632
0.00469762
-0.000567228
-0.012254
-0.00838909
-0.0103359
-0.0120887
-0.0115494
-0.00918143
-0.00588455
-0.00217795
0.0014731
0.00504915
0.00888605
0.0129008
0.0178869
0.023297
0.0288221
0.0344881
0.0365952
0.0330462
0.0284025
0.0245941
0.0244479
0.0233629
0.022461
0.0303452
0.0298598
0.0158951
0.0143166
0.0189763
0.0192233
0.0224813
0.0233778
0.0225165
0.00272636
-0.0136795
-0.0054123
0.00316188
0.00437035
0.00210492
-0.00653628
-0.00459832
-0.00343148
-0.00505594
-0.00494522
-0.00336095
-0.000950615
0.00185374
0.00477712
0.00775368
0.0108795
0.0141148
0.0179119
0.0220246
0.0260208
0.0296952
0.0315526
0.0304252
0.0277971
0.0251924
0.0256634
0.025373
0.0238251
0.0278355
0.0287513
0.020855
0.0183271
0.0200041
0.0210104
0.0244528
0.0285745
0.0294037
0.0138752
-9.40215e-05
0.00445301
0.00590933
0.00581339
0.00482555
-0.00168494
-0.00161245
0.00218722
0.000845965
0.000769164
0.00175794
0.0034102
0.0054851
0.00773927
0.0100863
0.0125151
0.015038
0.0178368
0.0207932
0.0236052
0.0260862
0.0275961
0.0276716
0.0266412
0.0251179
0.0250804
0.025114
0.0238454
0.0257019
0.0267883
0.022906
0.0200703
0.0205964
0.0215642
0.0246382
0.0286947
0.0297918
0.0198164
0.00949273
0.0114332
0.00943559
0.00854568
0.00720069
0.00147993
0.000135987
0.00684032
0.00573389
0.0055295
0.00612258
0.00725355
0.00874043
0.0104026
0.012145
0.0139316
0.0157773
0.0177829
0.0198875
0.0219112
0.0236735
0.0249077
0.0254144
0.0252471
0.0245788
0.0245603
0.0248262
0.0241708
0.0244471
0.0250426
0.0234637
0.0215935
0.0213643
0.0218615
0.0241485
0.0271829
0.0278901
0.0213693
0.0144585
0.0146863
0.0116327
0.010296
0.00843474
0.00335337
0.00119613
0.0105663
0.00966551
0.00943181
0.00978681
0.0105245
0.011525
0.0126804
0.0139301
0.0152096
0.0165099
0.0179123
0.019384
0.0208214
0.0220929
0.0230581
0.023667
0.0239271
0.0237864
0.0237252
0.0238039
0.0235885
0.0234752
0.0236852
0.0231584
0.0220733
0.0215086
0.0216471
0.0230976
0.0250907
0.0253365
0.0209408
0.01609
0.0150717
0.0121627
0.0103536
0.00839688
0.00424397
0.00170409
0.0135463
0.0128549
0.0126263
0.0128006
0.0132421
0.0138823
0.0146564
0.0155122
0.0163893
0.0172704
0.0182124
0.0192186
0.0202216
0.0211216
0.0218636
0.0224409
0.0228178
0.0229212
0.0229862
0.0231009
0.0230541
0.0229305
0.0227964
0.0225583
0.0220198
0.021496
0.0213646
0.0220389
0.0230988
0.0229034
0.0198227
0.0162368
0.0142558
0.0119581
0.0101075
0.00776494
0.00443468
0.00195489
0.0159535
0.015412
0.0151836
0.0152328
0.0154693
0.0158515
0.0163368
0.0168871
0.0174509
0.0180201
0.0186299
0.0192943
0.0199743
0.0206048
0.0211512
0.0215997
0.0219698
0.0221513
0.0222751
0.022356
0.0223369
0.0222484
0.0220503
0.0218732
0.0215328
0.0210829
0.0205992
0.020822
0.021254
0.0207881
0.0184941
0.015739
0.0137145
0.0114954
0.00956545
0.007122
0.0043071
0.00182131
0.0178468
0.0174246
0.0172112
0.0171821
0.0172748
0.0174695
0.0177413
0.0180669
0.0184024
0.0187405
0.0191065
0.019517
0.0199569
0.020358
0.0207312
0.0210507
0.0213422
0.0215104
0.0216172
0.0216831
0.0216623
0.0215952
0.021396
0.0212024
0.0209166
0.0205453
0.0201012
0.0198372
0.0197653
0.0190594
0.0172523
0.015092
0.0131711
0.0110814
0.00906654
0.00663371
0.00412075
0.00170649
0.0193314
0.0190036
0.0188053
0.0187222
0.018715
0.0187794
0.0189004
0.0190636
0.0192316
0.0194
0.019588
0.0198104
0.0200595
0.0202869
0.0205049
0.0207063
0.0208994
0.0210103
0.0210735
0.0211028
0.0210575
0.0209731
0.0207736
0.0205639
0.0202567
0.0198926
0.0193998
0.0189041
0.0184988
0.017669
0.0161934
0.0144231
0.0126458
0.0106609
0.00863363
0.00626733
0.00389808
0.00152304
0.0204789
0.0202194
0.0200345
0.0199182
0.0198457
0.0198211
0.0198357
0.0198817
0.019931
0.019979
0.0200426
0.0201287
0.0202429
0.0203434
0.0204553
0.0205252
0.0206049
0.0206391
0.0206355
0.0206122
0.0205256
0.0204095
0.0201927
0.0199558
0.0196125
0.0192078
0.0187058
0.0181054
0.0175144
0.0166036
0.0152769
0.0137814
0.0121512
0.010273
0.00829081
0.00601427
0.00376409
0.00142186
0.0213459
0.0211361
0.0209643
0.0208286
0.0207145
0.0206291
0.020571
0.0205339
0.0205014
0.0204635
0.0204381
0.0204226
0.020432
0.020427
0.0204305
0.0204164
0.0204049
0.0203678
0.0202961
0.0202196
0.0200804
0.0199222
0.0196783
0.0194009
0.0190341
0.0185784
0.0180386
0.017402
0.0167084
0.0157982
0.0146254
0.0133227
0.0117862
0.00995087
0.00805292
0.00583525
0.00361529
0.00133276
0.0219831
0.0218061
0.0216449
0.0214986
0.0213606
0.0212354
0.0211304
0.0210345
0.0209478
0.0208489
0.0207633
0.020675
0.0206068
0.020527
0.0204507
0.0203703
0.0202769
0.0201825
0.0200396
0.0199106
0.0197131
0.0195077
0.0192342
0.0189082
0.0185423
0.0180586
0.017564
0.016866
0.0161044
0.0152257
0.0141202
0.0129116
0.0114277
0.00965347
0.00781586
0.00571206
0.00349511
0.00125194
0.0224349
0.0222746
0.0221187
0.0219671
0.0218162
0.0216693
0.0215317
0.0213981
0.02127
0.0211347
0.021005
0.0208725
0.020746
0.0206147
0.0204796
0.020345
0.020195
0.0200413
0.0198542
0.0196644
0.019429
0.0191738
0.0188662
0.0185006
0.0180976
0.0175884
0.0170318
0.0163504
0.0155655
0.0146694
0.0135864
0.0123812
0.0109496
0.00925733
0.00747217
0.00548072
0.00336071
0.00116267
0.0227229
0.022572
0.0224198
0.0222664
0.0221097
0.0219519
0.0217953
0.0216394
0.021485
0.0213278
0.0211707
0.0210102
0.0208478
0.0206811
0.0205084
0.020334
0.0201454
0.0199508
0.019728
0.0194948
0.019228
0.0189323
0.0185979
0.0182055
0.0177704
0.0172492
0.0166646
0.0159753
0.0151761
0.0142689
0.013211
0.0119951
0.0106166
0.00902138
0.00727568
0.00536963
0.00329202
0.00113021
0.0228668
0.022719
0.0225676
0.0224135
0.0222552
0.0220933
0.0219283
0.0217612
0.0215935
0.0214247
0.0212543
0.0210805
0.0209004
0.0207161
0.020523
0.020328
0.0201187
0.0199017
0.0196599
0.0194028
0.0191176
0.0188005
0.0184491
0.0180395
0.0175861
0.0170537
0.0164537
0.0157574
0.0149545
0.01404
0.01299
0.0117821
0.0104189
0.00885619
0.00714266
0.00527802
0.00324923
0.00110702
-0.122021
-0.131619
-0.139629
-0.145181
-0.148422
-0.145199
-0.139001
-0.127538
-0.0965205
-0.101836
-0.105765
-0.108016
-0.108279
-0.107356
-0.106152
-0.109015
-0.0737319
-0.0767718
-0.0784095
-0.0802042
-0.0812962
-0.0843146
-0.0857129
-0.0893954
-0.0559953
-0.0577262
-0.0588452
-0.0609777
-0.0625781
-0.0651367
-0.0654296
-0.0673178
-0.0412487
-0.0425783
-0.0435062
-0.044905
-0.0455591
-0.0464311
-0.0467806
-0.0497372
-0.0294002
-0.0301143
-0.0305255
-0.0310674
-0.0314477
-0.0323845
-0.0337809
-0.0366987
-0.0194736
-0.0197926
-0.0199748
-0.0203121
-0.0208233
-0.0217223
-0.0228971
-0.025146
-0.0113657
-0.0114565
-0.0114994
-0.0116698
-0.0120365
-0.0126863
-0.0136533
-0.0156039
-0.00462671
-0.0045949
-0.00453706
-0.00460573
-0.00486622
-0.00536547
-0.00616087
-0.00776547
0.000961943
0.001037
0.00113097
0.00112286
0.000975149
0.000635989
1.45619e-06
-0.00131672
0.00561692
0.00569308
0.00580358
0.00585039
0.00577134
0.0054899
0.00493096
0.00385758
0.00950423
0.00955546
0.00963618
0.00965948
0.00956813
0.0093348
0.00891684
0.00811795
0.0126925
0.0126951
0.0127231
0.0127268
0.0126726
0.012524
0.0122116
0.0115795
0.0153239
0.0152856
0.0152758
0.015261
0.0152044
0.0150673
0.0148005
0.0143096
0.0174583
0.017382
0.0173278
0.0172753
0.0172012
0.0170814
0.0168787
0.01652
0.0191553
0.0190539
0.0189714
0.018898
0.0188182
0.0187115
0.0185471
0.0182741
0.0204966
0.0203825
0.0202828
0.0201924
0.0201008
0.0199953
0.0198552
0.0196486
0.0215334
0.0214132
0.0213041
0.0212031
0.0211041
0.0210002
0.0208782
0.0207186
0.0223186
0.0221979
0.0220859
0.0219811
0.021878
0.0217749
0.0216631
0.0215338
0.0228915
0.0227736
0.0226636
0.0225599
0.0224566
0.022355
0.0222495
0.0221387
0.0232921
0.0231782
0.0230733
0.0229737
0.0228739
0.0227746
0.0226734
0.0225716
0.023548
0.0234362
0.0233342
0.023238
0.0231418
0.0230452
0.0229469
0.0228494
0.02367
0.0235605
0.0234614
0.0233686
0.0232762
0.0231826
0.0230863
0.02299
0.0442633
0.0463942
0.0477981
0.0481933
0.0470335
0.0441692
0.0394274
0.0322597
0.0216998
0.00635897
-0.015697
-0.0471855
-0.0925371
-0.15496
-0.212421
0.0189547
0.0183699
0.0155975
0.0113671
0.00578338
-0.00153364
-0.0111639
-0.0239061
-0.0408532
-0.0634994
-0.0939103
-0.134798
-0.190597
-0.265184
-0.328361
-0.00637814
-0.00978035
-0.0165356
-0.0249156
-0.0345579
-0.0460789
-0.0603119
-0.0781934
-0.100898
-0.13001
-0.167765
-0.216967
-0.280899
-0.36614
-0.427962
-0.0326119
-0.0390093
-0.0489802
-0.0604738
-0.0734083
-0.0886127
-0.106962
-0.129381
-0.157087
-0.191689
-0.235429
-0.291698
-0.362113
-0.45043
-0.50955
-0.0587276
-0.0682412
-0.080704
-0.0945705
-0.110222
-0.128595
-0.150454
-0.176582
-0.208345
-0.247333
-0.295438
-0.35649
-0.431031
-0.517213
-0.571751
-0.0833423
-0.0960676
-0.110549
-0.126392
-0.144431
-0.165519
-0.190332
-0.219228
-0.254056
-0.296068
-0.347378
-0.410498
-0.485451
-0.566445
-0.61424
-0.105845
-0.121434
-0.137456
-0.155271
-0.175591
-0.198973
-0.225998
-0.257369
-0.294181
-0.337879
-0.390324
-0.453046
-0.525195
-0.597779
-0.638169
-0.127217
-0.143463
-0.161307
-0.181262
-0.203733
-0.229124
-0.257949
-0.290888
-0.328804
-0.372933
-0.424712
-0.484865
-0.551014
-0.611975
-0.645846
0.196886
0.211461
0.227781
0.246233
0.266874
0.289618
0.314387
0.341134
0.369783
0.400081
0.431449
0.46272
0.491901
0.514984
0.534
0.191678
0.205231
0.220685
0.238392
0.258269
0.280126
0.303852
0.329399
0.35668
0.385414
0.414972
0.444119
0.470768
0.490941
0.50709
0.182309
0.194063
0.208015
0.224413
0.242903
0.263109
0.284846
0.308036
0.332547
0.358026
0.383745
0.408347
0.429556
0.443546
0.453785
0.168763
0.178145
0.190141
0.204717
0.221158
0.238903
0.257717
0.277495
0.298027
0.318823
0.338974
0.356927
0.370096
0.374775
0.376664
0.151157
0.157827
0.16766
0.18012
0.194
0.208551
0.223536
0.238861
0.254257
0.269085
0.282213
0.291832
0.294983
0.28782
0.279298
0.129723
0.133347
0.140854
0.150956
0.161904
0.17281
0.183431
0.193643
0.203076
0.210929
0.215858
0.215804
0.207438
0.186716
0.165494
0.105111
0.106057
0.111417
0.118678
0.125925
0.132487
0.138223
0.142899
0.145919
0.146256
0.14234
0.131854
0.111136
0.0760992
0.041367
0.0764359
0.0761268
0.0802878
0.0845984
0.0876901
0.0894239
0.0898394
0.0885768
0.0848121
0.0772959
0.0642437
0.0430733
0.0097422
-0.0395693
-0.0870323
0.0386536
0.0431075
0.0393753
0.0433607
0.0408571
0.045188
0.0434399
0.0478263
0.0471957
0.0516581
0.0524171
0.057234
0.0597079
0.0653021
0.0700089
0.0771709
0.0845822
0.0943852
0.105404
0.119244
0.135007
0.154372
0.176612
0.0386412
0.0430599
0.039364
0.0433022
0.0408566
0.0451103
0.0434274
0.0477348
0.0471657
0.0515382
0.0523394
0.0571026
0.0595539
0.0651004
0.0697603
0.0767636
0.0841355
0.0939541
0.104443
0.117983
0.133015
0.151778
0.172811
0.0386392
0.042987
0.0393696
0.043215
0.0408773
0.0450002
0.0434404
0.0476083
0.0471691
0.0513834
0.0522961
0.0569307
0.0593913
0.0647591
0.0694275
0.0763925
0.0833683
0.0928383
0.102762
0.115827
0.129679
0.147359
0.166069
0.0386461
0.0428912
0.0393878
0.0431027
0.0409176
0.0448638
0.0434749
0.0474546
0.0472008
0.0512139
0.0522809
0.0567738
0.0592819
0.0646027
0.0692051
0.0759288
0.0826715
0.0919722
0.101016
0.113401
0.125428
0.141294
0.156325
0.038661
0.0427755
0.0394446
0.0429701
0.0409771
0.0447052
0.0435478
0.0472816
0.0472438
0.0510108
0.0522655
0.0565278
0.0590751
0.0641175
0.0686876
0.0750803
0.0814713
0.0901711
0.0982797
0.109591
0.119517
0.13303
0.143407
0.0386815
0.0426424
0.0394892
0.0428229
0.0410491
0.0445333
0.0436343
0.0471174
0.0473234
0.0508531
0.0523184
0.0564241
0.0590691
0.0640797
0.0685349
0.0748613
0.0807611
0.0890702
0.0959174
0.105916
0.112878
0.12316
0.127473
0.0387093
0.0424953
0.0395435
0.0426661
0.0411277
0.0443524
0.0437049
0.046924
0.0473631
0.0506282
0.0522766
0.0561009
0.0588013
0.0636209
0.0678182
0.073531
0.0790949
0.0862595
0.0921741
0.100214
0.104657
0.110966
0.108991
0.0387362
0.042341
0.0395988
0.0425106
0.0412081
0.0441969
0.0438256
0.0468152
0.0474953
0.0505939
0.0524396
0.0561892
0.0589977
0.0638605
0.0677943
0.0735931
0.0785104
0.0851292
0.0892456
0.0951793
0.0953872
0.0968398
0.0866578
0.0387643
0.0421314
0.0396734
0.0422775
0.0412991
0.0439018
0.0438639
0.0464893
0.0474565
0.050177
0.0522121
0.0555411
0.0582951
0.0625561
0.0662348
0.0707773
0.0751614
0.0792207
0.082257
0.08386
0.0813546
0.0746353
0.0586577
0.0388075
0.0418387
0.039774
0.0419519
0.041371
0.0434682
0.0438628
0.045896
0.047226
0.0493976
0.0515352
0.0541985
0.056901
0.0602487
0.063434
0.0664773
0.0696833
0.0713801
0.072464
0.0704367
0.0660221
0.0565494
0.0437681
0.0388747
0.0414729
0.0398955
0.0415562
0.0414696
0.0429477
0.0438467
0.0452762
0.0469115
0.0485984
0.0507686
0.0528334
0.0553459
0.0577898
0.0602958
0.0621173
0.0639046
0.0639115
0.0628991
0.059104
0.0531096
0.043761
0.0320531
0.0389662
0.0410245
0.0400421
0.0410941
0.0415442
0.042453
0.043721
0.0447073
0.0464388
0.0477398
0.0498023
0.0513041
0.0535121
0.0551096
0.0567988
0.0576328
0.0579151
0.0566629
0.054066
0.0492493
0.0426012
0.0337792
0.0233986
0.0390846
0.0404889
0.040185
0.0406688
0.0414984
0.0420148
0.0434745
0.0441247
0.0457902
0.0468334
0.0485842
0.0496654
0.0513875
0.0522729
0.0530465
0.0530604
0.0520811
0.0498669
0.0463363
0.0411457
0.0345763
0.026535
0.0174471
0.0392266
0.0399163
0.0402251
0.0403039
0.0413698
0.0415934
0.0430943
0.0435227
0.0449805
0.0458463
0.0471703
0.0478747
0.0490393
0.0492821
0.0492255
0.0485214
0.0466839
0.0438242
0.039943
0.0348231
0.0286893
0.0215191
0.0135083
0.0393546
0.0393741
0.0401387
0.0399838
0.0411375
0.0411789
0.0425716
0.042895
0.044029
0.0447456
0.0456005
0.0459346
0.0465559
0.0462277
0.0454962
0.044217
0.0418928
0.0387286
0.0348159
0.0300426
0.0245234
0.0182537
0.0112356
0.039438
0.0388742
0.039953
0.0396884
0.0407883
0.0407591
0.0419185
0.042193
0.0429725
0.0435128
0.0439231
0.0438915
0.0440168
0.0432238
0.0419997
0.0403109
0.0377985
0.0346034
0.0308487
0.0265544
0.0217243
0.0163596
0.0103747
0.0394452
0.0384392
0.0396546
0.0394031
0.0403291
0.0403143
0.0411655
0.0413985
0.0418412
0.042154
0.0421811
0.0418164
0.0415094
0.0403753
0.0388414
0.0369261
0.0344125
0.0313802
0.0279261
0.0241623
0.0200515
0.0155821
0.0106136
0.0393594
0.0380808
0.0392431
0.0391081
0.0397794
0.0398089
0.0403496
0.0404993
0.040651
0.0407048
0.0404182
0.0397858
0.03913
0.0377759
0.0360968
0.0341152
0.0317169
0.0289629
0.0259092
0.022691
0.0192703
0.0156207
0.0115758
0.0391676
0.037796
0.0387378
0.0387692
0.039176
0.0392199
0.0394941
0.0395084
0.0394183
0.0392153
0.0386836
0.0378617
0.0369553
0.0354952
0.0337933
0.0318697
0.0296681
0.0272476
0.0246354
0.0219437
0.0191423
0.016201
0.0129534
0.0388652
0.0375695
0.0381726
0.038334
0.0385467
0.0385537
0.0386111
0.0384571
0.0381661
0.0377446
0.0370341
0.0360937
0.0350433
0.0335678
0.0319258
0.030145
0.0281913
0.0261168
0.0239338
0.0217223
0.0194559
0.0171079
0.0145283
0.0384585
0.0373726
0.0376022
0.0377766
0.0378885
0.037835
0.0377137
0.0373858
0.0369271
0.0363451
0.0355198
0.0345229
0.0334125
0.0319874
0.0304646
0.0288774
0.0271934
0.0254491
0.0236501
0.0218525
0.0200328
0.0181711
0.0161423
0.0379659
0.0371541
0.0370762
0.0371185
0.037175
0.0370669
0.0368104
0.0363359
0.0357402
0.0350556
0.034181
0.0331735
0.0320601
0.0307278
0.0293615
0.027992
0.0265779
0.0251329
0.0236576
0.0221965
0.0207351
0.0192617
0.0176771
0.0374153
0.0368417
0.0365902
0.0364804
0.0364286
0.0362485
0.0359035
0.0353297
0.0346394
0.0339013
0.0330317
0.0320529
0.0309725
0.0297483
0.0285486
0.0273992
0.0262439
0.0250657
0.0238563
0.0226591
0.0214775
0.02031
0.0190772
0.0368369
0.0364367
0.0361237
0.0358737
0.035682
0.0354157
0.0350058
0.0343812
0.0336439
0.0328933
0.0320712
0.031155
0.0301305
0.0290117
0.0279646
0.0270156
0.0260938
0.02515
0.0241622
0.023173
0.0222073
0.0212762
0.0203193
0.0362556
0.0359597
0.0356332
0.0352914
0.0349739
0.0346201
0.0341562
0.0335095
0.0327625
0.0320311
0.031279
0.0304466
0.0295023
0.0284898
0.0275729
0.0267851
0.0260532
0.0253062
0.0245074
0.0236907
0.0228938
0.0221418
0.0213941
0.0356917
0.0354501
0.0351168
0.0347275
0.0343236
0.0338883
0.0333802
0.0327354
0.0320031
0.0313072
0.0306304
0.0298878
0.0290405
0.0281405
0.0273344
0.0266643
0.0260696
0.0254769
0.0248384
0.0241712
0.0235122
0.0228961
0.0223042
0.0351536
0.0349343
0.0346005
0.0341928
0.0337382
0.0332439
0.0327062
0.0320728
0.0313664
0.0307107
0.0301058
0.0294536
0.0287083
0.0279208
0.0272102
0.0266218
0.026116
0.0256337
0.025125
0.0245869
0.0240432
0.0235296
0.0230499
0.0346626
0.0344514
0.0341116
0.0337009
0.0332284
0.0326967
0.0321395
0.0315285
0.0308551
0.0302335
0.0296887
0.0291216
0.0284748
0.0277924
0.027166
0.0266373
0.0261884
0.0257808
0.0253707
0.024938
0.0244891
0.024054
0.0236522
0.034241
0.0340377
0.0336926
0.0332747
0.032801
0.0322603
0.0316928
0.0310984
0.0304624
0.0298694
0.0293594
0.028857
0.0282988
0.0277083
0.0271533
0.0266722
0.0262662
0.0259135
0.0255755
0.0252216
0.0248462
0.0244744
0.0241364
0.0339171
0.0337198
0.0333746
0.0329458
0.0324764
0.0319499
0.0313783
0.0307915
0.0301981
0.0296366
0.0291403
0.0286777
0.028194
0.0276813
0.0271782
0.0267242
0.0263372
0.0260084
0.0257058
0.025397
0.0250712
0.0247471
0.0244529
0.0337406
0.0335473
0.033199
0.0327602
0.0322873
0.031764
0.0311921
0.0306142
0.0300475
0.0295057
0.0290155
0.028569
0.0281239
0.027657
0.02719
0.0267605
0.02639
0.0260755
0.0257932
0.0255151
0.0252275
0.0249401
0.024677
0.0401202
0.0180022
-0.00764036
-0.0312489
-0.0531352
-0.0738102
-0.0928324
-0.109021
0.0293244
0.00868586
-0.0157059
-0.0365029
-0.0526389
-0.0665311
-0.0787628
-0.0888118
0.0203006
0.00422596
-0.0159602
-0.0326361
-0.044005
-0.0532044
-0.061534
-0.0687533
0.0133352
0.000474761
-0.0157152
-0.0291446
-0.0377361
-0.0438599
-0.0490097
-0.0533078
0.00881141
-0.00131198
-0.0135618
-0.0235781
-0.0297683
-0.0336798
-0.0367873
-0.0394608
0.00594393
-0.00190923
-0.0104867
-0.0175991
-0.0221826
-0.0248871
-0.0268227
-0.0283702
0.00456866
-0.00143366
-0.00692971
-0.0115065
-0.0147754
-0.0167602
-0.018042
-0.0189179
0.00471495
0.000220099
-0.0031296
-0.0058695
-0.00809521
-0.0096071
-0.0105579
-0.0110917
0.00593873
0.00261283
0.000667111
-0.000854575
-0.00229171
-0.00341594
-0.00414597
-0.00450407
0.00779398
0.00534978
0.0042895
0.00354174
0.00267109
0.00186292
0.00129614
0.00102631
0.00994268
0.00815736
0.00764066
0.0073655
0.006883
0.0063215
0.00588249
0.00566184
0.0121641
0.0108696
0.0106737
0.0106687
0.0104395
0.0100651
0.00973278
0.00955005
0.0143155
0.0133897
0.0133729
0.0135039
0.0134232
0.013176
0.0129203
0.0127578
0.0162875
0.0156383
0.0157154
0.015907
0.0159137
0.0157566
0.01556
0.0154111
0.0180307
0.0175822
0.0177004
0.0179099
0.0179666
0.0178694
0.0177114
0.0175673
0.0195393
0.019235
0.0193619
0.0195547
0.0196226
0.0195547
0.0194194
0.0192783
0.0208162
0.020613
0.0207297
0.0208876
0.020943
0.0208844
0.020762
0.0206253
0.0218751
0.0217396
0.0218355
0.0219521
0.0219828
0.0219191
0.0217997
0.0216644
0.0227248
0.0226301
0.0227004
0.0227767
0.0227805
0.0227064
0.0225849
0.0224499
0.023392
0.0233141
0.0233536
0.0233915
0.0233687
0.0232823
0.0231566
0.0230213
0.0239209
0.0238416
0.0238396
0.0238338
0.0237823
0.0236827
0.0235536
0.0234189
0.0242648
0.024183
0.0241521
0.0241156
0.0240445
0.0239369
0.0238068
0.0236732
0.0244973
0.0243949
0.0243244
0.024254
0.024164
0.0240509
0.0239226
0.0237923
-0.382911
-0.393939
-0.409666
-0.429924
-0.455898
-0.488665
-0.523269
-0.552769
-0.381378
-0.391165
-0.404617
-0.42191
-0.443538
-0.469789
-0.499112
-0.524907
-0.375482
-0.385603
-0.398006
-0.413149
-0.43199
-0.452668
-0.470769
-0.481899
-0.367012
-0.378048
-0.389704
-0.401868
-0.414437
-0.425397
-0.431351
-0.429534
-0.358186
-0.369074
-0.378229
-0.385056
-0.389671
-0.391338
-0.388294
-0.378479
-0.35068
-0.358898
-0.363198
-0.363731
-0.361538
-0.356636
-0.347802
-0.333145
-0.34541
-0.348017
-0.345933
-0.34062
-0.333405
-0.324159
-0.311636
-0.294059
-0.342002
-0.336686
-0.327836
-0.317708
-0.306792
-0.294653
-0.279724
-0.260423
-0.338774
-0.324555
-0.309753
-0.295763
-0.282145
-0.267985
-0.251518
-0.231267
-0.333574
-0.311209
-0.29184
-0.274904
-0.259337
-0.243825
-0.226448
-0.205845
-0.324755
-0.296291
-0.273969
-0.25482
-0.238138
-0.221739
-0.204036
-0.183526
-0.311196
-0.28007
-0.255566
-0.235444
-0.218119
-0.201415
-0.183828
-0.16382
-0.295015
-0.261871
-0.23667
-0.216459
-0.198989
-0.182601
-0.16546
-0.146368
-0.273544
-0.241248
-0.217264
-0.197678
-0.180914
-0.164979
-0.148714
-0.130732
-0.248334
-0.220465
-0.197357
-0.179813
-0.163262
-0.148129
-0.132748
-0.116511
-0.41838
-0.416026
-0.411935
-0.405313
-0.396783
-0.387924
-0.380717
-0.378295
-0.418575
-0.413905
-0.40789
-0.400228
-0.391858
-0.384162
-0.378436
-0.376809
-0.418956
-0.413169
-0.405723
-0.396197
-0.385961
-0.377006
-0.370931
-0.369936
-0.421953
-0.415105
-0.405776
-0.393201
-0.379133
-0.366877
-0.359303
-0.359218
-0.428197
-0.420531
-0.409158
-0.392862
-0.373852
-0.357118
-0.34765
-0.348625
-0.438223
-0.430346
-0.416906
-0.396659
-0.372455
-0.351064
-0.339889
-0.341631
-0.452621
-0.445181
-0.430001
-0.405716
-0.376579
-0.351245
-0.339103
-0.339748
-0.471926
-0.466228
-0.449292
-0.42089
-0.387484
-0.359223
-0.346061
-0.343046
-0.496227
-0.49353
-0.474989
-0.442328
-0.405619
-0.374631
-0.359157
-0.349502
-0.525122
-0.52649
-0.506371
-0.469466
-0.429303
-0.397544
-0.375227
-0.355193
-0.557476
-0.563617
-0.541244
-0.500188
-0.457382
-0.42137
-0.389603
-0.357498
-0.591201
-0.602404
-0.577865
-0.533545
-0.487325
-0.443665
-0.3988
-0.352466
-0.623681
-0.638759
-0.611339
-0.563198
-0.511012
-0.456162
-0.397651
-0.340274
-0.65116
-0.669543
-0.638959
-0.586794
-0.525584
-0.457721
-0.387312
-0.322574
-0.669597
-0.688865
-0.65482
-0.594453
-0.520555
-0.439448
-0.363853
-0.300611
-0.670618
-0.692107
-0.648555
-0.56983
-0.479604
-0.387695
-0.319334
-0.278945
-0.562225
-0.585545
-0.551732
-0.488825
-0.418939
-0.350405
-0.300685
-0.267301
-0.389467
-0.407371
-0.391276
-0.354362
-0.316041
-0.280183
-0.25449
-0.233345
-0.261652
-0.255896
-0.245349
-0.231365
-0.217619
-0.202502
-0.193977
-0.189886
-0.196823
-0.17606
-0.161308
-0.149211
-0.142664
-0.138761
-0.136273
-0.140174
-0.201379
-0.156187
-0.126322
-0.11319
-0.107359
-0.103947
-0.0988259
-0.103228
-0.210722
-0.143318
-0.0938146
-0.0733889
-0.0728739
-0.0755631
-0.0736666
-0.0753787
-0.186569
-0.131226
-0.0766058
-0.042395
-0.0360578
-0.0450437
-0.0564697
-0.0522452
-0.140559
-0.114809
-0.0902134
-0.0701489
-0.0604563
-0.0645501
-0.0764128
-0.0766256
-0.119345
-0.113957
-0.109457
-0.104618
-0.0998647
-0.104184
-0.104682
-0.109437
-0.108669
-0.112674
-0.118573
-0.125498
-0.123921
-0.120559
-0.106323
-0.0932352
-0.0996112
-0.11413
-0.131772
-0.149103
-0.157338
-0.151896
-0.136755
-0.116238
-0.0937712
-0.114796
-0.140534
-0.16682
-0.18119
-0.181022
-0.17304
-0.143886
-0.103912
-0.115725
-0.130679
-0.145368
-0.157885
-0.160052
-0.162422
-0.141154
-0.122148
-0.124839
-0.127229
-0.128296
-0.12905
-0.126322
-0.125468
-0.116928
-0.123922
-0.124332
-0.122707
-0.118208
-0.112515
-0.105102
-0.0997003
-0.0918851
-0.102301
-0.105212
-0.106433
-0.10494
-0.100284
-0.0924325
-0.0825898
-0.0709582
-0.0969159
-0.103644
-0.108209
-0.110036
-0.108351
-0.10282
-0.0926562
-0.0784813
-0.121007
-0.132274
-0.141509
-0.148032
-0.150912
-0.149405
-0.143736
-0.132718
-0.141779
-0.151509
-0.158919
-0.164265
-0.166532
-0.166692
-0.162433
-0.159901
-0.119512
-0.119629
-0.118241
-0.117169
-0.11533
-0.114357
-0.110562
-0.108837
-0.0902054
-0.0790405
-0.0674634
-0.056875
-0.0482697
-0.0427295
-0.0385796
-0.0374715
-0.100943
-0.0824798
-0.0641505
-0.0475954
-0.0336415
-0.0227461
-0.015327
-0.0101041
-0.112325
-0.094891
-0.0768737
-0.059541
-0.0437203
-0.0297681
-0.0176108
-0.00681622
-0.107519
-0.101747
-0.0935744
-0.0833823
-0.0717814
-0.0590588
-0.0446386
-0.0300627
-0.109391
-0.117692
-0.122812
-0.124458
-0.122828
-0.118149
-0.111136
-0.101583
-0.0994527
-0.106406
-0.110859
-0.112881
-0.111674
-0.10836
-0.101876
-0.0948154
-0.0277363
-0.0243905
-0.0217233
-0.0202189
-0.019421
-0.0197975
-0.0201609
-0.0221322
0.00196537
0.00749217
0.0120674
0.0154769
0.0177353
0.0187806
0.0186679
0.0178904
-0.0026435
0.00160333
0.00544106
0.0087948
0.0116631
0.01402
0.0159524
0.0175937
-0.0161105
-0.0133303
-0.0104139
-0.00741223
-0.00433572
-0.00120633
0.00194038
0.00508975
-0.0209609
-0.0185424
-0.0161227
-0.0137667
-0.0115158
-0.00942028
-0.00745828
-0.00567369
0.00617505
0.00674435
0.006902
0.00663017
0.00596082
0.00493258
0.00362454
0.00211428
0.02469
0.0243835
0.0237514
0.0227985
0.0215485
0.0200575
0.0183978
0.0166497
0.0226234
0.0230062
0.0233487
0.023656
0.02394
0.024221
0.0245184
0.0248408
0.00909488
0.011053
0.0130313
0.0149691
0.0168289
0.0186117
0.0203592
0.0221137
-0.0113171
-0.00896797
-0.00659094
-0.0040305
-0.0018015
0.000258877
0.00219168
0.00408052
-0.00793708
-0.00668132
-0.00547435
-0.0043676
-0.00340016
-0.00258125
-0.00189226
-0.00129853
-0.241495
-0.174629
-0.133961
-0.100042
-0.070252
-0.0489952
-0.0318382
-0.0180499
-0.00765488
0.000419571
0.00682608
0.0117528
0.0155533
0.0185449
0.0208472
0.0226398
0.0240129
0.0250524
0.0258322
0.0263964
0.026782
0.0270269
0.0271457
-0.239438
-0.178113
-0.140367
-0.104469
-0.0750606
-0.0530153
-0.0348795
-0.020778
-0.00994626
-0.00140396
0.00530646
0.0105004
0.014571
0.017751
0.0202217
0.0221503
0.02363
0.0247544
0.0255964
0.0262077
0.0266276
0.0268927
0.0270223
-0.204599
-0.150668
-0.122897
-0.0915658
-0.0669717
-0.0475714
-0.0314808
-0.0188819
-0.00889999
-0.000912132
0.00538844
0.0103898
0.0143567
0.0174806
0.0199542
0.0218954
0.0234009
0.0245525
0.0254178
0.0260476
0.0264816
0.0267574
0.0268931
-0.160979
-0.115834
-0.0968113
-0.0690494
-0.0511896
-0.0358228
-0.0231356
-0.0131752
-0.00506161
0.00152709
0.00687192
0.011272
0.0148404
0.0177139
0.0200373
0.0218796
0.0233315
0.0244506
0.0252975
0.0259189
0.0263493
0.0266233
0.0267591
-0.117088
-0.0823155
-0.0677595
-0.0442097
-0.0322899
-0.0210967
-0.0123371
-0.00546564
0.000319454
0.00517384
0.00930913
0.0128534
0.0158328
0.0183274
0.0203853
0.0220534
0.0233935
0.0244369
0.0252354
0.0258241
0.0262327
0.0264952
0.0266251
-0.083031
-0.0553894
-0.0408495
-0.0213347
-0.0134838
-0.00577808
-0.000880954
0.00288021
0.00620024
0.00920513
0.0120484
0.0146713
0.0170281
0.0190972
0.0208526
0.0223206
0.0235177
0.0244629
0.0251956
0.0257417
0.0261237
0.0263693
0.0264908
-0.05619
-0.0330858
-0.0169333
-7.30117e-05
0.00440531
0.00902432
0.0102111
0.0110625
0.0120176
0.0132635
0.0148297
0.0165407
0.0182749
0.0198984
0.0213475
0.0226063
0.0236565
0.0245005
0.0251646
0.0256641
0.0260168
0.0262452
0.0263582
-0.0252175
-0.00184983
0.0185678
0.0291941
0.0280259
0.0261064
0.022164
0.0194264
0.0178156
0.0172853
0.0175926
0.0184299
0.0195414
0.0207153
0.0218553
0.0228961
0.0237955
0.024538
0.0251301
0.0255827
0.0259077
0.0261186
0.0262239
-0.0315089
0.013934
0.0544816
0.0557868
0.0506959
0.0421195
0.0333715
0.027151
0.0231428
0.0209688
0.0201589
0.0202273
0.0207723
0.0215329
0.0223802
0.0232072
0.0239561
0.0245916
0.0251091
0.02551
0.0258017
0.025992
0.0260885
-0.0516441
0.0175102
0.0685054
0.0741346
0.0651162
0.0526109
0.0412469
0.0330056
0.027432
0.0241867
0.0225659
0.0219842
0.0220307
0.0224076
0.0229577
0.0235631
0.0241508
0.0246714
0.0251048
0.0254463
0.0256982
0.0258641
0.0259489
-0.051062
0.0102995
0.0562507
0.0685153
0.0623509
0.0521221
0.0423588
0.0350323
0.0297132
0.0263309
0.0243966
0.023435
0.0231678
0.0232295
0.023524
0.0239285
0.0243609
0.0247625
0.0251095
0.0253895
0.0255985
0.025736
0.0258074
-0.0883007
-0.0460456
-0.00188033
0.027695
0.0388277
0.0397954
0.0369088
0.0330671
0.0297386
0.0272496
0.025573
0.0246041
0.0241394
0.024002
0.0240797
0.0242958
0.0245712
0.0248576
0.0251188
0.0253338
0.0254969
0.0256065
0.0256624
-0.130085
-0.103556
-0.0565986
-0.0135935
0.0132008
0.0257713
0.0299272
0.0301054
0.0290164
0.0275975
0.0264661
0.0256318
0.0250508
0.024733
0.0246192
0.0246652
0.0247909
0.0249561
0.0251273
0.0252771
0.0253975
0.0254761
0.0255174
-0.13626
-0.100552
-0.0616183
-0.0242463
0.000403025
0.0160427
0.0239436
0.0273983
0.0280661
0.0276339
0.0271621
0.0264945
0.0259108
0.0254636
0.0251783
0.0250536
0.0250351
0.0250808
0.0251567
0.0252332
0.0252986
0.0253444
0.025368
-0.103404
-0.0718144
-0.0455473
-0.0164652
-0.000182232
0.0152318
0.0217492
0.0266896
0.0278571
0.0282483
0.0280181
0.0273987
0.0267646
0.0261936
0.0257601
0.0254715
0.0253006
0.0252154
0.0251873
0.025188
0.0252013
0.0252095
0.0252153
-0.0738665
-0.0467736
-0.0253978
0.000334775
0.0101472
0.0237348
0.0263265
0.0305504
0.0298707
0.0299641
0.0291314
0.028315
0.027544
0.0268279
0.0262645
0.0258419
0.0255452
0.0253475
0.025222
0.0251451
0.0250948
0.0250662
0.0250517
-0.0543659
-0.0286381
-0.00716124
0.0152693
0.026323
0.0337691
0.0343038
0.0352324
0.0329534
0.0319337
0.0301845
0.0291333
0.0282319
0.0274404
0.0267495
0.0261862
0.0257616
0.0254521
0.0252348
0.0250865
0.024982
0.0249156
0.0248802
-0.06595
-0.040253
-0.00725357
0.0182003
0.0372511
0.0388502
0.0390853
0.0376924
0.0348607
0.0328892
0.0311095
0.0299403
0.0288838
0.0279476
0.0271379
0.0264833
0.0259563
0.025548
0.0252406
0.0250198
0.0248556
0.0247513
0.0246943
-0.114282
-0.0922905
-0.0444137
-0.00322214
0.0320414
0.0291239
0.0354142
0.034502
0.0332811
0.0319826
0.0308866
0.0301574
0.0292862
0.0283656
0.0274822
0.0267247
0.0261035
0.0256088
0.025224
0.0249372
0.0247173
0.0245759
0.024497
-0.141373
-0.126884
-0.0692985
-0.0189028
0.0183976
0.0268217
0.0320863
0.0318931
0.0318038
0.0309299
0.0303225
0.0297371
0.029099
0.0284131
0.0276391
0.0268792
0.0261924
0.0256186
0.0251588
0.0248132
0.0245489
0.0243735
0.0242773
-0.0978241
-0.078408
-0.0409041
-0.00585406
0.0172327
0.0260984
0.0310329
0.0323731
0.0323939
0.0314806
0.030765
0.0300599
0.0293859
0.0285614
0.0277118
0.0269113
0.0261908
0.0255809
0.0250693
0.0246694
0.0243561
0.0241491
0.0240331
-0.0348916
-0.0190492
0.000581976
0.0126622
0.0169781
0.0206277
0.0262314
0.0293565
0.0302742
0.0300007
0.0299132
0.0299342
0.0296239
0.0288035
0.0278558
0.0269285
0.0261312
0.0254587
0.0249033
0.0244689
0.024126
0.0238875
0.0237558
-0.0072514
0.0029499
0.0108804
0.0158028
0.0159016
0.0223098
0.0270427
0.0306125
0.0310996
0.0311517
0.0302611
0.0298364
0.0291726
0.0284653
0.0276587
0.0268065
0.0260077
0.0253059
0.0247125
0.0242434
0.0238574
0.0235918
0.0234423
-0.00192181
0.00822112
0.0164367
0.0266713
0.0322368
0.037368
0.0383609
0.0387279
0.0367587
0.0349243
0.0323787
0.0307519
0.029452
0.0283823
0.0273621
0.0264727
0.0256897
0.0250084
0.0244163
0.0239389
0.0235386
0.0232474
0.0230839
-0.0209237
-0.00529075
0.0109719
0.028465
0.0421866
0.0476613
0.0473319
0.0427022
0.0378011
0.0333293
0.0306582
0.0300802
0.0294175
0.0284081
0.0271593
0.0261509
0.0253233
0.024642
0.0240496
0.023582
0.0231599
0.0228491
0.0226724
-0.0856549
-0.0645377
-0.0376791
-0.00999045
0.0180262
0.0352108
0.0428885
0.0386487
0.0348927
0.0301791
0.0280358
0.0273902
0.0272842
0.0268841
0.0262758
0.0255718
0.0248437
0.0241825
0.0235997
0.0231396
0.0227118
0.0223877
0.022198
-0.0817539
-0.0678397
-0.0467714
-0.0237478
-5.42921e-05
0.0178764
0.0277451
0.0311971
0.0310094
0.0272209
0.0244725
0.0234392
0.0239552
0.0245616
0.0246997
0.0244701
0.0240705
0.0235564
0.0230566
0.0226076
0.0221866
0.021843
0.0216428
-0.0227702
-0.017713
-0.0111489
-0.00568771
-0.00111962
0.00143144
0.00433325
0.00998097
0.0146352
0.0168233
0.0180315
0.0199933
0.0221168
0.0233221
0.0236169
0.0235487
0.0232809
0.0228925
0.0224626
0.0220312
0.0215827
0.0212237
0.0210008
0.0140392
0.0118374
0.00707685
0.0075493
0.00299238
-0.000429491
-0.000798015
0.00364884
0.00877588
0.0128657
0.0158679
0.0188164
0.0212783
0.0227252
0.0232071
0.0230975
0.022726
0.0222646
0.0218034
0.0213663
0.0208997
0.0204968
0.0202522
0.0181273
0.0189047
0.0195115
0.0208122
0.0219654
0.0230095
0.0235281
0.0230138
0.0210302
0.0179479
0.0162124
0.0175481
0.0205604
0.0224775
0.0228802
0.0226273
0.0222059
0.0216724
0.0211276
0.0206228
0.0200837
0.0196473
0.0193759
0.00912991
0.0130181
0.0171939
0.0200783
0.0230097
0.0245254
0.0249574
0.0238333
0.0218931
0.0187045
0.0156356
0.0159932
0.0187869
0.020765
0.0215661
0.0217078
0.0214107
0.0208922
0.0203035
0.0197533
0.0191466
0.0186552
0.0183426
-0.00352801
-0.00191021
-0.00078238
-0.00046893
-0.000533021
-0.00094832
-0.000624921
0.0010839
0.00426437
0.00679609
0.00873714
0.0122555
0.0169675
0.0201826
0.0213278
0.0213468
0.0208146
0.0201364
0.0194088
0.0188133
0.0180598
0.0174923
0.0171336
0.000170128
-0.00211874
-0.00473977
-0.00760552
-0.0102485
-0.0122162
-0.0124252
-0.00939125
-0.00349774
0.00206292
0.00659509
0.0115232
0.0164398
0.0195976
0.0208921
0.0210694
0.0205225
0.0196245
0.018601
0.0177317
0.0167842
0.0160928
0.0156641
0.0145229
0.0125135
0.010772
0.00962059
0.00911832
0.0093461
0.00977324
0.0103318
0.0107754
0.0101744
0.00852515
0.00855771
0.0129811
0.0184313
0.0212341
0.0216315
0.0206171
0.0191577
0.0176704
0.0165107
0.0153442
0.0144754
0.0139577
0.0253678
0.0264998
0.0280693
0.0301502
0.0324087
0.0343162
0.0349966
0.0333524
0.029252
0.0236844
0.0165593
0.0081971
0.0142403
0.0182878
0.0207159
0.0209856
0.019612
0.0177902
0.0159757
0.0146309
0.0133901
0.0123933
0.0118235
0.0243506
0.0275849
0.0315597
0.0360656
0.0405604
0.0440982
0.0457078
0.0440018
0.0386132
0.0312555
0.022379
0.014503
0.0128646
0.0161958
0.0186439
0.0186721
0.0172162
0.0152939
0.0134807
0.012181
0.0109322
0.00981203
0.00919449
0.00632382
0.00888797
0.0116178
0.0141892
0.0161113
0.016892
0.0160815
0.0133084
0.00901125
0.00461189
0.00218999
0.00326038
0.00728894
0.0110354
0.012688
0.0125163
0.0115724
0.0102755
0.00894959
0.00828295
0.00726611
0.00640336
0.00594038
-0.000650095
-3.71968e-06
0.000523419
0.000708978
0.000324818
-0.000771983
-0.00264088
-0.00501663
-0.00747887
-0.00948682
-0.00924069
-0.00569812
-0.0012724
0.00184098
0.00331003
0.00380391
0.00376826
0.00343837
0.00299733
0.00275664
0.00245958
0.00219778
0.00204958
-0.0989308
-0.079725
-0.0614603
-0.0464402
-0.0332468
-0.0224305
-0.0131061
-0.00518884
0.00133787
0.00682315
0.0113623
0.0150579
0.0180796
0.0205143
0.0224494
0.0239725
0.0251515
0.0260538
0.0267288
0.0272181
0.0275517
0.0277515
0.0278436
-0.111341
-0.088288
-0.067067
-0.0498347
-0.0354871
-0.0239144
-0.0138057
-0.00543388
0.0013093
0.00693864
0.0115052
0.0151741
0.0181575
0.0205393
0.0224267
0.0239117
0.0250645
0.0259511
0.0266182
0.0271073
0.0274462
0.0276565
0.0277572
-0.125039
-0.0978724
-0.0729378
-0.0532378
-0.0379497
-0.0256444
-0.01457
-0.00580587
0.00118412
0.00700611
0.0116168
0.0152861
0.0182536
0.0205927
0.0224367
0.0238818
0.0250043
0.0258691
0.0265224
0.027005
0.0273429
0.0275584
0.0276651
-0.138058
-0.107351
-0.0792469
-0.0574462
-0.0416377
-0.0280148
-0.0157841
-0.00669342
0.000707196
0.00682482
0.0115425
0.0152845
0.0182802
0.0206073
0.0224335
0.0238543
0.0249556
0.025802
0.0264415
0.026915
0.0272473
0.0274624
0.0275712
-0.154389
-0.118283
-0.0856238
-0.0623477
-0.0461422
-0.0303708
-0.0173672
-0.00799988
-4.23408e-05
0.00635848
0.0112172
0.0151024
0.0181694
0.0205274
0.022372
0.0237947
0.0248941
0.0257337
0.0263672
0.0268345
0.0271607
0.0273729
0.0274808
-0.168805
-0.128217
-0.0917936
-0.0686755
-0.050701
-0.0325627
-0.0194708
-0.00953696
-0.000938252
0.00566399
0.0107073
0.0147692
0.0179141
0.0203352
0.0222257
0.023677
0.0247962
0.0256454
0.0262848
0.0267541
0.027079
0.0272896
0.0273958
-0.187773
-0.137836
-0.0992409
-0.0764573
-0.0547925
-0.0354171
-0.0222565
-0.0112473
-0.00215671
0.00460886
0.00994691
0.014214
0.0174634
0.0199961
0.0219628
0.023475
0.0246392
0.0255194
0.0261818
0.0266648
0.0269967
0.0272107
0.027317
-0.209269
-0.150614
-0.111811
-0.086233
-0.0600817
-0.0405225
-0.0261425
-0.0137799
-0.00425162
0.00294996
0.00872593
0.0132428
0.0166924
0.0194118
0.0215118
0.0231375
0.024386
0.0253295
0.0260384
0.0265534
0.0269057
0.0271307
0.0272408
0.060232
0.0369191
0.0143993
-0.00849055
-0.0323155
-0.0552507
-0.0772067
-0.098142
0.0635067
0.0379145
0.0125998
-0.0133719
-0.0399899
-0.065691
-0.0895
-0.111033
0.0662709
0.0367558
0.00739022
-0.0218492
-0.0506472
-0.077922
-0.102801
-0.125393
0.0677705
0.0338394
0.000388738
-0.031912
-0.062719
-0.0914832
-0.117733
-0.141709
0.0673166
0.029185
-0.00806229
-0.0434491
-0.0765815
-0.10723
-0.135124
-0.16042
0.0648202
0.0224878
-0.0185875
-0.0573421
-0.0932467
-0.126097
-0.155645
-0.182066
0.0601667
0.0132003
-0.0320961
-0.0745941
-0.113589
-0.14875
-0.179904
-0.207223
0.0527853
0.000471422
-0.0496159
-0.0962466
-0.138542
-0.176031
-0.208677
-0.236597
0.0416146
-0.0168899
-0.0724078
-0.123598
-0.169418
-0.209257
-0.243102
-0.271135
0.0251303
-0.0404981
-0.102151
-0.158342
-0.207902
-0.250073
-0.284714
-0.312102
0.001245
-0.0725652
-0.141206
-0.202877
-0.256187
-0.300664
-0.335399
-0.360942
-0.0329239
-0.115933
-0.192556
-0.260657
-0.318098
-0.363595
-0.396711
-0.418314
-0.0821385
-0.175236
-0.259504
-0.333917
-0.394134
-0.438759
-0.46769
-0.481735
-0.149982
-0.255458
-0.349618
-0.42512
-0.481963
-0.520046
-0.53907
-0.540035
-0.211519
-0.32133
-0.413269
-0.48545
-0.536608
-0.566796
-0.577696
-0.572145
0.19778
0.194361
0.186815
0.175136
0.159398
0.139935
0.117197
0.0904347
0.212349
0.207982
0.198706
0.184734
0.166426
0.143826
0.118709
0.0910075
0.228657
0.223421
0.212684
0.196786
0.176475
0.151667
0.124536
0.0960458
0.247128
0.24117
0.22918
0.211464
0.189186
0.162285
0.132349
0.101129
0.267809
0.261134
0.247827
0.228068
0.20328
0.173679
0.140097
0.104793
0.290579
0.283028
0.268105
0.245899
0.217873
0.184761
0.146939
0.106814
0.315336
0.306681
0.289732
0.26461
0.232659
0.195221
0.152639
0.10722
0.342033
0.332045
0.312616
0.284049
0.247534
0.204939
0.156928
0.105633
0.370593
0.359041
0.336635
0.303988
0.262214
0.213541
0.159162
0.101153
0.400756
0.387371
0.361421
0.323895
0.275993
0.220165
0.15823
0.0924088
0.431929
0.416361
0.386187
0.342781
0.287619
0.223347
0.152431
0.0774584
0.462931
0.444729
0.409504
0.358994
0.29515
0.220872
0.139283
0.0535409
0.491755
0.470327
0.428978
0.369794
0.295449
0.2092
0.114889
0.0163302
0.5144
0.489204
0.440795
0.371368
0.284486
0.184078
0.074989
-0.0381548
0.532981
0.504077
0.449024
0.370639
0.272323
0.158474
0.0355122
-0.0903287
0.0386754
0.0387069
0.0387483
0.0387987
0.0388568
0.0389181
0.0389937
0.0390617
0.0431291
0.0431237
0.0430927
0.043038
0.0429626
0.0428699
0.0427628
0.0426467
0.0394046
0.0394521
0.0395177
0.0395986
0.039688
0.0398023
0.039902
0.0400018
0.043389
0.0433869
0.0433566
0.0432985
0.0432167
0.0431167
0.0430064
0.0428944
0.040876
0.0409118
0.0411027
0.0411925
0.0413035
0.0414253
0.0415507
0.0416913
0.0452253
0.0452336
0.0451991
0.0451363
0.0450511
0.0449548
0.0448393
0.044755
0.04348
0.0435454
0.0436415
0.0437618
0.0439012
0.0440537
0.0442049
0.0443751
0.0478776
0.0478862
0.0478596
0.0478028
0.0477196
0.0476371
0.0475254
0.0474967
0.0472498
0.047332
0.047448
0.0475874
0.0477417
0.0479175
0.0480631
0.0482833
0.0517293
0.0517577
0.0517494
0.0517204
0.0516566
0.0516276
0.0515243
0.0516039
0.0525021
0.0526042
0.0527329
0.0528865
0.0530348
0.053246
0.0533482
0.0536604
0.057326
0.0573622
0.0573525
0.0573589
0.0572665
0.0573372
0.0571872
0.0575026
0.0598403
0.0599533
0.0600645
0.0602388
0.0603147
0.0605721
0.0605578
0.0609832
0.065498
0.0656124
0.0656372
0.0657335
0.0656263
0.0658199
0.0652996
0.0659215
0.0701766
0.0702424
0.0702538
0.0703199
0.0701868
0.0702813
0.0698619
0.0702077
0.0774368
0.0775544
0.0775079
0.0776384
0.07728
0.0774708
0.0765165
0.077044
0.0848748
0.084874
0.084666
0.0843879
0.0836826
0.0832779
0.082038
0.0818087
0.0948032
0.094758
0.0944769
0.0941352
0.0930246
0.0924947
0.0903158
0.0900015
0.105871
0.105582
0.104814
0.103684
0.1018
0.0999466
0.0969133
0.0944993
0.119797
0.119371
0.118248
0.11654
0.11371
0.110808
0.10599
0.102188
0.135657
0.134702
0.132645
0.129382
0.12475
0.119074
0.112031
0.103707
0.155126
0.153763
0.15075
0.145851
0.138928
0.13036
0.119187
0.106892
0.17746
0.175194
0.170128
0.162055
0.150747
0.136824
0.119888
0.0991167
0.0391437
0.0392535
0.0393919
0.0395603
0.0397618
0.0399897
0.0402014
0.0403713
0.0404708
0.0404828
0.0403948
0.040202
0.0399114
0.0395416
0.0391205
0.0386757
0.0382292
0.037796
0.0373808
0.0369951
0.0366612
0.0364015
0.0362484
0.0424849
0.042252
0.0419505
0.0415716
0.0411091
0.0406355
0.040196
0.0398069
0.0394893
0.0392537
0.0390962
0.0390007
0.0389378
0.038839
0.0386467
0.0383626
0.0380074
0.0376169
0.0372193
0.0368362
0.0364964
0.0362356
0.0360798
0.0401358
0.0403021
0.0404967
0.0407215
0.0409312
0.0410478
0.0410581
0.0409762
0.0407892
0.0404961
0.0401149
0.0396788
0.0392464
0.0388622
0.0385186
0.0381832
0.0378147
0.0374091
0.0369945
0.0366029
0.0362568
0.0359903
0.0358297
0.0427136
0.0424577
0.0421395
0.0417724
0.0414577
0.0411943
0.0409756
0.0407856
0.0406104
0.04043
0.0402136
0.0399031
0.0394696
0.0389577
0.0384709
0.0380087
0.0375576
0.0371074
0.0366695
0.0362709
0.0359313
0.0356752
0.035528
0.0418261
0.0419824
0.0421624
0.0423252
0.0423849
0.0423641
0.0422419
0.0420082
0.0416685
0.0412426
0.0407704
0.0402733
0.0397405
0.039147
0.0385165
0.0378865
0.0372954
0.0367568
0.0362739
0.0358501
0.0354986
0.0352462
0.035115
0.0445403
0.0442029
0.0437763
0.0433944
0.0430641
0.0427555
0.0424643
0.0421728
0.0418579
0.0414826
0.0410265
0.0404954
0.0399036
0.0392441
0.0385159
0.0377719
0.0370692
0.0364384
0.0358903
0.0354284
0.0350496
0.0347776
0.0346405
0.0445202
0.0446194
0.0447128
0.0446808
0.0445332
0.0442619
0.0438603
0.04334
0.0427333
0.0420712
0.0413695
0.0406389
0.0398909
0.0391272
0.0383436
0.0375532
0.0367902
0.0360964
0.0354967
0.0350073
0.0346236
0.034348
0.0342052
0.0472487
0.0467946
0.0463049
0.0458621
0.0454213
0.0449652
0.044476
0.0439177
0.0432578
0.0424887
0.0416242
0.0406965
0.0397552
0.0388446
0.0379836
0.0371661
0.0363927
0.0356868
0.0350749
0.0345795
0.0342104
0.0339519
0.0338174
0.0483505
0.0482595
0.0480904
0.0478009
0.0473472
0.046727
0.0459508
0.0450511
0.0440571
0.0429901
0.0418691
0.0407184
0.039575
0.0384919
0.0375068
0.0366357
0.0358671
0.0351913
0.0346098
0.034137
0.0337866
0.0335382
0.0334126
0.0513419
0.050632
0.0499658
0.0492366
0.0484721
0.047611
0.0466435
0.0455549
0.0443552
0.0430747
0.0417543
0.0404356
0.0391605
0.0379685
0.0368934
0.0359659
0.0351919
0.0345517
0.034022
0.0335971
0.0332832
0.0330568
0.0329476
0.0536029
0.0530627
0.0524767
0.0516833
0.0506419
0.0494025
0.0480081
0.0464936
0.0448941
0.0432546
0.041629
0.0400712
0.0386298
0.0373296
0.0361858
0.0352145
0.0344279
0.0338112
0.0333309
0.0329602
0.0326998
0.0325185
0.0324371
0.0570932
0.0559299
0.0548738
0.0536077
0.0522224
0.0506719
0.0489407
0.0470553
0.0450816
0.043097
0.0411839
0.0394179
0.0378449
0.036485
0.0353378
0.0343932
0.0336454
0.0330778
0.0326559
0.0323447
0.0321366
0.0319963
0.0319375
0.0604876
0.0592869
0.0578792
0.0561219
0.0540688
0.0518197
0.0494533
0.0470436
0.0446696
0.0424012
0.0403111
0.0384487
0.0368421
0.0355038
0.0344248
0.0335755
0.0329234
0.0324379
0.0320859
0.0318339
0.0316663
0.0315473
0.0314957
0.0646934
0.0627071
0.0605306
0.058149
0.0555624
0.05276
0.0498233
0.0468984
0.0441101
0.0415555
0.0393015
0.0373773
0.0357875
0.034519
0.0335448
0.0328173
0.0322806
0.0318883
0.0316063
0.0314057
0.0312702
0.0311667
0.0311185
0.0689718
0.0665279
0.0637161
0.0604789
0.0569807
0.0533733
0.0497787
0.0463263
0.0431528
0.040352
0.0379785
0.0360447
0.034529
0.0333865
0.0325626
0.0319866
0.0315861
0.0313074
0.0311146
0.0309791
0.0308871
0.0308161
0.0307807
0.0744353
0.0704772
0.0662738
0.0618685
0.0573311
0.0528368
0.0486016
0.0447681
0.0414086
0.0385618
0.0362405
0.0344238
0.0330663
0.0321036
0.0314588
0.0310473
0.0307954
0.0306484
0.0305682
0.0305198
0.0304909
0.0304709
0.030456
0.0788087
0.0739504
0.0686397
0.0630443
0.0574389
0.0520597
0.0471572
0.0428923
0.0393265
0.0364677
0.0342676
0.0326432
0.0315029
0.030753
0.0302994
0.0300569
0.0299578
0.0299488
0.0299915
0.0300432
0.0300889
0.0301272
0.0301353
0.0845251
0.0770286
0.069634
0.0625185
0.0558414
0.0498201
0.0445877
0.0401972
0.0366727
0.0339828
0.0320353
0.0307023
0.0298521
0.0293634
0.0291318
0.0290764
0.0291371
0.0292649
0.0294247
0.029573
0.0296938
0.0297895
0.0298229
0.0880267
0.0789161
0.0697526
0.0610983
0.0533075
0.0466748
0.0412251
0.0368986
0.0336122
0.031246
0.0296561
0.028684
0.0281733
0.0279857
0.0280103
0.0281655
0.0283942
0.0286526
0.0289133
0.0291406
0.0293252
0.0294713
0.029532
0.0915489
0.0783098
0.0670511
0.057282
0.0489615
0.0421462
0.0367765
0.032758
0.0299334
0.0280909
0.0270183
0.0265207
0.0264259
0.026594
0.026917
0.0273124
0.0277245
0.028116
0.0284708
0.0287648
0.0290021
0.0291918
0.0292793
0.0903741
0.0751258
0.0621724
0.0514426
0.0429122
0.0363342
0.0314303
0.0280074
0.0258419
0.0246669
0.0242209
0.024274
0.0246435
0.0251983
0.0258405
0.02649
0.027096
0.0276291
0.0280839
0.0284463
0.0287328
0.0289635
0.0290753
0.0857762
0.0672577
0.0539441
0.0432862
0.0351754
0.0292021
0.0250882
0.0225511
0.0212648
0.0209103
0.0211966
0.0218741
0.0227557
0.0237263
0.0247044
0.0256206
0.0264346
0.0271279
0.0277031
0.0281526
0.0284987
0.0287773
0.0289139
0.0719872
0.0560166
0.0431538
0.0330577
0.0257396
0.0207047
0.0176719
0.0162626
0.0160548
0.0166708
0.0177978
0.0191783
0.02063
0.0220605
0.023406
0.0246147
0.0256645
0.026547
0.0272716
0.0278361
0.0282628
0.0286061
0.0287741
0.0548934
0.0438748
0.0334825
0.0241126
0.0172375
0.012906
0.0107988
0.0103988
0.011186
0.0127144
0.0146385
0.0166876
0.0186791
0.0205429
0.02223
0.0237104
0.0249771
0.0260318
0.0268923
0.0275627
0.0280633
0.0284575
0.0286529
0.034023
0.0251624
0.0187621
0.0126481
0.00796504
0.00555001
0.00510699
0.00607636
0.00794867
0.0103176
0.0128814
0.0154066
0.0177431
0.0198594
0.0217253
0.0233344
0.0246933
0.0258139
0.0267214
0.027426
0.0279476
0.0283423
0.0285416
0.0110948
0.00203158
-0.000958118
-0.00252486
-0.00243238
-0.00123205
0.000896613
0.0036199
0.00664256
0.00973542
0.0127315
0.015494
0.0179419
0.0200968
0.021951
0.0235216
0.0248291
0.0258946
0.0267493
0.0274085
0.0278919
0.028238
0.0284162
-0.00893212
-0.0168446
-0.0165287
-0.0147905
-0.0110165
-0.00682981
-0.00250043
0.0017436
0.00577217
0.00949874
0.0128693
0.015841
0.0183916
0.0205619
0.0223745
0.0238746
0.0250986
0.0260785
0.0268514
0.0274382
0.0278609
0.0281442
0.0282908
-0.029025
-0.0317059
-0.0266942
-0.0225289
-0.0167686
-0.0110127
-0.00537289
-0.000104626
0.00468072
0.00894156
0.0126713
0.0158794
0.0185894
0.0208334
0.0226576
0.0241314
0.0253067
0.0262276
0.0269373
0.0274637
0.0278321
0.0280617
0.0281778
-0.0487928
-0.0453261
-0.035887
-0.0292012
-0.0215598
-0.014594
-0.00799488
-0.00196254
0.00341161
0.00812054
0.0121803
0.0156168
0.0184904
0.0208402
0.0227222
0.0242162
0.0253854
0.0262852
0.0269643
0.0274566
0.0277912
0.0279875
0.0280818
-0.0682757
-0.0587201
-0.045479
-0.0357963
-0.0259938
-0.0177127
-0.0101871
-0.00348952
0.00234382
0.00738747
0.01169
0.0152881
0.0182735
0.0207048
0.0226426
0.0241691
0.0253515
0.0262533
0.026926
0.0274081
0.0277309
0.0279153
0.0279997
-0.0844441
-0.0697529
-0.0541825
-0.0417316
-0.0300716
-0.0203834
-0.0119354
-0.00459072
0.00163617
0.0069408
0.0114037
0.0150856
0.0181153
0.0205725
0.0225287
0.0240681
0.0252575
0.0261641
0.0268392
0.0273239
0.0276495
0.0278379
0.0279228
)
;

boundaryField
{
    outlet
    {
        type            fixedValue;
        value           uniform 0;
    }
    upperWall
    {
        type            symmetryPlane;
    }
    lowerWall
    {
        type            symmetryPlane;
    }
    inlet
    {
        type            zeroGradient;
    }
    cylinder
    {
        type            zeroGradient;
    }
    frontAndBack
    {
        type            empty;
    }
}


// ************************************************************************* //
