/*--------------------------------*- C++ -*----------------------------------*\
| =========                 |                                                 |
| \\      /  F ield         | OpenFOAM: The Open Source CFD Toolbox           |
|  \\    /   O peration     | Version:  2312                                  |
|   \\  /    A nd           | Website:  www.openfoam.com                      |
|    \\/     M anipulation  |                                                 |
\*---------------------------------------------------------------------------*/
FoamFile
{
    version     2.0;
    format      ascii;
    arch        "LSB;label=32;scalar=64";
    class       volScalarField;
    location    "2";
    object      p;
}
// * * * * * * * * * * * * * * * * * * * * * * * * * * * * * * * * * * * * * //

dimensions      [0 2 -2 0 0 0 0];

internalField   nonuniform List<scalar> 
9200
(
-1.08307
-0.949177
-0.905665
-0.73216
-0.577792
-0.458
-0.368366
-0.298079
-0.242543
-0.198448
-0.162389
-0.133232
-0.109349
-0.0897853
-0.0730665
-0.0583095
-0.0460039
-0.0347044
-0.0265628
-0.0188309
-1.08296
-0.993127
-0.887498
-0.722635
-0.577681
-0.465822
-0.383464
-0.318329
-0.264866
-0.220817
-0.184619
-0.154002
-0.129032
-0.108174
-0.0908553
-0.0752551
-0.0620075
-0.0501652
-0.0402697
-0.0307447
-0.908789
-0.930179
-0.814371
-0.670666
-0.551431
-0.45684
-0.384668
-0.327265
-0.278988
-0.23811
-0.202725
-0.172089
-0.145795
-0.123707
-0.105138
-0.089013
-0.0749918
-0.0623448
-0.05125
-0.0411387
-0.567956
-0.684015
-0.680417
-0.599918
-0.518487
-0.444911
-0.382498
-0.329897
-0.285633
-0.248076
-0.215312
-0.186282
-0.160107
-0.137478
-0.117676
-0.100679
-0.0857886
-0.0724418
-0.0608333
-0.0499945
-0.393805
-0.497394
-0.566914
-0.541178
-0.490165
-0.434015
-0.381343
-0.332968
-0.289821
-0.252846
-0.221347
-0.193636
-0.1691
-0.146934
-0.127331
-0.109968
-0.0943567
-0.0807856
-0.0681091
-0.0577235
-0.456951
-0.484517
-0.525286
-0.510409
-0.47219
-0.424922
-0.379385
-0.336428
-0.295688
-0.258702
-0.225998
-0.19775
-0.172888
-0.151057
-0.131772
-0.11473
-0.0993796
-0.0855769
-0.0731933
-0.0618416
-0.580114
-0.540378
-0.536792
-0.507652
-0.467704
-0.420527
-0.375655
-0.334917
-0.297669
-0.262929
-0.231029
-0.202301
-0.176596
-0.153916
-0.133905
-0.116264
-0.100948
-0.0872425
-0.0747268
-0.0634145
-0.706189
-0.611911
-0.568005
-0.51732
-0.470651
-0.420139
-0.372982
-0.329672
-0.291849
-0.258739
-0.229044
-0.20224
-0.177864
-0.155728
-0.135718
-0.117898
-0.101993
-0.0880757
-0.0757871
-0.0637697
-0.809885
-0.672984
-0.601266
-0.527693
-0.472152
-0.41761
-0.370376
-0.325369
-0.284934
-0.249901
-0.219403
-0.19321
-0.170063
-0.149835
-0.131433
-0.114789
-0.0999524
-0.086722
-0.0745168
-0.0631313
-0.882042
-0.715137
-0.629006
-0.535033
-0.469241
-0.40707
-0.359633
-0.315823
-0.276642
-0.241661
-0.210209
-0.182791
-0.158793
-0.138226
-0.120039
-0.104199
-0.0901705
-0.0788812
-0.0671263
-0.0567164
0.0165726
0.00946275
0.018102
0.0421067
0.0799824
0.124387
0.154304
0.179863
0.192968
0.196415
0.19251
0.183882
0.172172
0.159333
0.146019
0.133169
0.120928
0.109487
0.0990409
0.0894199
-0.00565532
-0.0129493
-0.00477656
0.02025
0.0600609
0.10803
0.142278
0.169971
0.185176
0.190643
0.188398
0.180828
0.170154
0.157722
0.144777
0.132264
0.120005
0.108817
0.098422
0.088723
-0.0591648
-0.0658873
-0.0585577
-0.0307961
0.012074
0.069188
0.107935
0.138448
0.156626
0.165705
0.166919
0.162621
0.155169
0.145126
0.134354
0.123693
0.112664
0.10284
0.093381
0.0843034
-0.138704
-0.143214
-0.136956
-0.104384
-0.0537467
0.0075152
0.0545506
0.0889599
0.110865
0.124523
0.13052
0.131368
0.128827
0.122954
0.115946
0.108327
0.0996659
0.0921546
0.0843274
0.0764341
-0.234969
-0.235637
-0.228799
-0.190448
-0.132491
-0.0668149
-0.0122119
0.0275556
0.0549353
0.0734074
0.0850953
0.0917011
0.0948222
0.0942056
0.0918797
0.0879403
0.0823954
0.0776446
0.0718384
0.065563
-0.343926
-0.339097
-0.330058
-0.282124
-0.218592
-0.147671
-0.0857114
-0.0390619
-0.00469438
0.0188646
0.0366202
0.0483725
0.0569607
0.0618373
0.0642067
0.0644092
0.0624004
0.0603477
0.0568019
0.0525144
-0.465526
-0.451617
-0.441815
-0.379954
-0.308616
-0.230957
-0.161798
-0.107009
-0.0655015
-0.0355543
-0.012186
0.00439618
0.0176744
0.0276485
0.0341362
0.0388699
0.0406009
0.0411523
0.0403615
0.0377876
-0.594287
-0.568619
-0.575558
-0.483092
-0.397011
-0.31042
-0.234219
-0.172497
-0.124822
-0.0877562
-0.0596646
-0.0379594
-0.0210133
-0.00680464
0.0034626
0.0122827
0.0176078
0.020714
0.0235116
0.0227237
-0.752749
-0.703648
-0.733845
-0.591097
-0.477716
-0.377246
-0.293615
-0.227551
-0.175461
-0.133881
-0.101831
-0.0760103
-0.0561344
-0.0392022
-0.02548
-0.0139861
-0.00529552
0.000110976
0.00599637
0.00686263
-0.947055
-0.856443
-0.861329
-0.684408
-0.54191
-0.427192
-0.337482
-0.268041
-0.213404
-0.170391
-0.135494
-0.107718
-0.0854074
-0.0670478
-0.0511411
-0.0378994
-0.026659
-0.0183691
-0.0112429
-0.00875461
0.0790332
0.0685018
0.0595768
0.0528793
0.0474498
0.0423086
0.0378635
0.0343367
0.0313197
0.0286544
0.0263859
0.0244567
0.0227909
0.0213567
0.0201277
0.0190745
0.0181737
0.0174055
0.0167512
0.0161938
0.0157184
0.0153119
0.0149628
0.0146614
0.0143998
0.0141705
0.0139665
0.0137806
0.0136058
0.0134349
0.0132614
0.0130797
0.0128863
0.0126791
0.0124539
0.0122042
0.0119232
0.0116034
0.0112368
0.0108147
0.0103272
0.00976374
0.00911233
0.00835948
0.00749087
0.00648784
0.0053379
0.00401095
0.0025194
0.000865454
0.0784735
0.0683156
0.0604546
0.0544215
0.0484533
0.042882
0.0386324
0.0351959
0.0320228
0.0292612
0.0269633
0.0249857
0.0232656
0.0217907
0.0205278
0.0194431
0.0185134
0.0177185
0.0170395
0.0164596
0.0159639
0.0155393
0.0151738
0.0148569
0.0145793
0.0143336
0.0141135
0.0139127
0.0137247
0.0135416
0.0133554
0.0131601
0.0129534
0.0127347
0.0124991
0.0122396
0.0119493
0.0116207
0.0112456
0.0108153
0.0103201
0.00974923
0.00909103
0.00833218
0.00745826
0.00645187
0.00529805
0.00397419
0.00248347
0.000838645
0.0747011
0.0649767
0.0585787
0.0542108
0.0486536
0.0430948
0.0390422
0.0356628
0.0324549
0.0297238
0.0274405
0.0254286
0.0236715
0.0221679
0.0208772
0.0197661
0.018813
0.0179971
0.0172988
0.0167013
0.0161901
0.0157523
0.0153763
0.0150512
0.0147665
0.0145128
0.0142824
0.014069
0.0138677
0.0136721
0.013474
0.013266
0.0130468
0.0128173
0.0125718
0.0123028
0.0120033
0.0116657
0.0112818
0.0108427
0.0103389
0.00975961
0.00909321
0.00832666
0.00744542
0.00643342
0.00527333
0.00394991
0.00245714
0.000817072
0.0679949
0.058698
0.0545314
0.0523948
0.0479833
0.0427651
0.0389292
0.035688
0.0326142
0.029998
0.0277369
0.0257104
0.0239532
0.0224517
0.0211556
0.0200358
0.0190724
0.0182447
0.017534
0.0169238
0.0163998
0.0159497
0.0155625
0.0152286
0.0149382
0.0146825
0.0144517
0.0142366
0.0140298
0.0138237
0.0136113
0.0133891
0.0131586
0.0129197
0.012665
0.012387
0.0120791
0.0117335
0.0113418
0.0108948
0.010383
0.00979568
0.00912109
0.00834639
0.00745692
0.00643786
0.00526957
0.0039437
0.00244536
0.000803186
0.0579464
0.050069
0.0490371
0.0490747
0.0460745
0.0416461
0.0381929
0.035262
0.0325701
0.0302264
0.0280605
0.0260676
0.0243291
0.0228195
0.0214963
0.020345
0.0193522
0.0184995
0.0177683
0.0171413
0.0166027
0.0161389
0.0157381
0.0153903
0.0150875
0.0148225
0.0145873
0.0143746
0.0141743
0.0139731
0.013755
0.0135175
0.0132739
0.0130273
0.0127658
0.0124804
0.0121647
0.0118113
0.011412
0.0109577
0.0104385
0.00984377
0.00916161
0.00837931
0.007482
0.00645599
0.00527948
0.00395036
0.00244451
0.000795039
0.0466808
0.0415788
0.042811
0.0442985
0.0427475
0.0397358
0.0368391
0.0341846
0.0319203
0.0299051
0.0278863
0.0259891
0.0243313
0.0228792
0.0215987
0.0204794
0.0195081
0.0186679
0.0179427
0.0173172
0.0167768
0.0163083
0.0159006
0.015544
0.0152314
0.014956
0.0147127
0.0144961
0.0142977
0.0141074
0.0139025
0.0136675
0.0134149
0.0131563
0.0128851
0.0125932
0.0122724
0.0119139
0.0115092
0.011049
0.0105236
0.00992202
0.00923248
0.00844224
0.00753628
0.00650181
0.00531539
0.00397959
0.0024631
0.000798518
0.0332727
0.0316967
0.0360687
0.038334
0.0383957
0.0371203
0.0351813
0.0331004
0.0313457
0.0296955
0.0279129
0.026194
0.0246507
0.0232502
0.0219772
0.0208394
0.0198371
0.0189622
0.0182035
0.0175487
0.0169844
0.016497
0.0160744
0.0157057
0.0153813
0.0150938
0.0148384
0.0146082
0.0143957
0.0141908
0.013983
0.0137605
0.0135234
0.013268
0.012989
0.0126878
0.0123592
0.0119942
0.0115837
0.0111181
0.0105873
0.00998023
0.009285
0.00848886
0.00757661
0.00653624
0.00534294
0.00400386
0.00247868
0.000801846
0.0195613
0.0216428
0.0268269
0.0309627
0.032677
0.0330432
0.0321144
0.0308456
0.0297957
0.0286368
0.0271809
0.0256903
0.0243215
0.0230629
0.0219008
0.0208424
0.019893
0.0190512
0.0183123
0.0176691
0.017111
0.0166264
0.0162041
0.0158334
0.0155054
0.0152128
0.0149505
0.0147124
0.0144915
0.0142833
0.0140825
0.0138739
0.0136598
0.0134267
0.0131567
0.0128541
0.0125203
0.0121499
0.0117341
0.0112631
0.0107265
0.0101131
0.00941055
0.00860598
0.00768394
0.00663267
0.00542719
0.00407499
0.00253687
0.000831806
0.00737626
0.0134748
0.019434
0.0244943
0.0277181
0.0298121
0.0299778
0.0292
0.028553
0.0278209
0.026735
0.0254722
0.0242489
0.0230934
0.0219999
0.0209867
0.0200672
0.0192433
0.018512
0.0178678
0.0173024
0.0168069
0.0163729
0.0159915
0.0156546
0.0153542
0.0150829
0.0148356
0.0146063
0.0143913
0.0141805
0.0139585
0.0137298
0.0134867
0.0132218
0.0129257
0.0125951
0.0122252
0.0118084
0.0113355
0.0107966
0.0101805
0.00947478
0.00866652
0.00774016
0.00668397
0.00547326
0.00411686
0.00257096
0.000853004
-0.00323733
0.00356252
0.00783562
0.0115424
0.0182781
0.0231296
0.0249956
0.0255785
0.0260732
0.0262211
0.0257505
0.0249011
0.0239719
0.0230314
0.0220868
0.0211689
0.0203032
0.0195025
0.0187732
0.0181168
0.0175309
0.0170116
0.0165541
0.0161518
0.0157969
0.0154813
0.0151967
0.0149354
0.014691
0.0144559
0.0142187
0.0139947
0.0137871
0.0135714
0.0133251
0.0130387
0.0127125
0.0123439
0.0119268
0.0114526
0.0109115
0.0102926
0.00958326
0.00877038
0.00783827
0.00677486
0.00555658
0.00418948
0.00263891
0.000898298
-0.00374843
0.00297737
0.00639952
0.00799439
0.0133857
0.0193953
0.0215992
0.0221434
0.0231058
0.0240083
0.0241499
0.0237373
0.0231283
0.022432
0.0216736
0.0208957
0.0201353
0.0194134
0.0187427
0.0181292
0.017574
0.0170757
0.0166314
0.0162363
0.0158844
0.0155687
0.0152816
0.0150157
0.0147653
0.0145264
0.0143089
0.0141265
0.013953
0.0137508
0.0135056
0.0132196
0.0128944
0.0125269
0.0121107
0.0116374
0.0110968
0.0104777
0.00976747
0.00895224
0.00801615
0.0069452
0.00571937
0.00433151
0.00277421
0.000983159
-0.0150541
-0.00481213
0.0010794
0.00324494
0.00947919
0.0169784
0.0193207
0.0193818
0.0204872
0.021836
0.022309
0.0221727
0.0218628
0.0214527
0.0209355
0.020353
0.0197496
0.0191518
0.0185752
0.0180307
0.0175255
0.0170636
0.0166454
0.0162686
0.0159292
0.0156218
0.0153405
0.0150793
0.0148349
0.0146078
0.014408
0.0142312
0.0140459
0.0138284
0.0135748
0.0132865
0.0129611
0.0125941
0.0121789
0.011707
0.0111684
0.010552
0.00984464
0.00903236
0.00809905
0.0070292
0.00580424
0.00440953
0.00283942
0.00100874
-0.0169814
-0.00772998
-0.000289751
0.000653113
0.00653196
0.0142004
0.0165791
0.0164918
0.0177907
0.019623
0.0205
0.0206539
0.0206069
0.0204415
0.0201365
0.0197332
0.0192801
0.0188061
0.018329
0.0178635
0.0174209
0.0170081
0.0166279
0.01628
0.0159622
0.0156708
0.0154017
0.0151508
0.0149164
0.0147007
0.0145047
0.0143148
0.0141117
0.0138845
0.0136279
0.013338
0.0130107
0.0126411
0.0122229
0.0117478
0.011206
0.0105862
0.00987569
0.0090604
0.00812456
0.00705173
0.00582505
0.00442338
0.00283772
0.000999916
-0.0157922
-0.0105072
-0.00473275
-0.00267526
0.00338067
0.0113619
0.0142034
0.0142074
0.0155258
0.0175942
0.0187679
0.0191712
0.0193555
0.0194154
0.0193142
0.019086
0.0187813
0.0184317
0.0180584
0.0176791
0.0173068
0.0169503
0.0166142
0.0163002
0.0160082
0.0157364
0.0154822
0.0152431
0.0150182
0.0148074
0.014606
0.0144043
0.0141933
0.0139636
0.0137058
0.0134143
0.0130849
0.0127127
0.0122915
0.011813
0.0112674
0.0106436
0.00992892
0.00910904
0.00816841
0.00708968
0.00585733
0.00444406
0.00284632
0.00100609
-0.0160609
-0.0122052
-0.00647215
-0.00445905
0.00126548
0.00918728
0.0122613
0.0122728
0.0135161
0.0157156
0.0171415
0.0177708
0.0181531
0.0184072
0.0184896
0.0184254
0.0182639
0.0180381
0.0177705
0.0174797
0.01718
0.0168819
0.016592
0.0163142
0.0160501
0.0157996
0.0155618
0.0153352
0.0151189
0.0149112
0.0147075
0.0145023
0.0142887
0.014057
0.0137975
0.0135046
0.0131737
0.0127997
0.0123762
0.0118951
0.0113466
0.0107196
0.0100013
0.00917729
0.00823205
0.00714725
0.00590811
0.00448315
0.00287384
0.00102088
-0.0146027
-0.0111183
-0.00680641
-0.00560048
-0.000302957
0.00743885
0.010629
0.0106615
0.0118316
0.0140778
0.0156692
0.0164745
0.017019
0.0174363
0.01768
0.0177657
0.0177387
0.0176316
0.017467
0.0172636
0.0170369
0.0167987
0.0165573
0.0163181
0.0160844
0.0158576
0.015638
0.0154251
0.0152182
0.0150153
0.0148133
0.0146074
0.0143916
0.0141573
0.013896
0.0136017
0.0132694
0.0128937
0.0124681
0.0119844
0.0114331
0.0108028
0.0100809
0.00925283
0.0083028
0.00721171
0.00596514
0.00452856
0.00290523
0.00103437
-0.0108304
-0.00935847
-0.00651423
-0.00597792
-0.00113383
0.0062679
0.00941814
0.00943061
0.0105035
0.0127173
0.0143899
0.0153186
0.0159874
0.016534
0.0169115
0.0171272
0.0172212
0.0172238
0.0171565
0.0170379
0.0168836
0.0167061
0.0165147
0.0163162
0.0161151
0.0159141
0.0157145
0.0155167
0.0153204
0.0151242
0.0149254
0.0147198
0.0145023
0.0142659
0.014003
0.0137073
0.0133736
0.0129961
0.0125683
0.012082
0.0115276
0.0108939
0.0101681
0.00933542
0.00838004
0.00728197
0.00602693
0.00457781
0.00293846
0.00104778
-0.00803848
-0.00741141
-0.0054244
-0.00556097
-0.00132038
0.00562941
0.00864229
0.00858668
0.00953163
0.0116546
0.0133383
0.0143352
0.015087
0.015727
0.0162082
0.0165309
0.0167288
0.0168289
0.0168509
0.016812
0.0167274
0.0166096
0.0164685
0.0163117
0.0161445
0.0159708
0.0157926
0.0156113
0.0154269
0.0152386
0.0150441
0.0148401
0.0146221
0.0143843
0.0141201
0.0138232
0.013488
0.0131087
0.0126786
0.0121896
0.0116321
0.0109948
0.0102648
0.00942711
0.00846577
0.00735998
0.00609536
0.00463254
0.00297558
0.00106254
-0.00525869
-0.00497799
-0.00376723
-0.0046061
-0.000978764
0.00549193
0.00829627
0.00812171
0.00890904
0.0108986
0.0125367
0.0135498
0.0143426
0.0150402
0.015594
0.015998
0.01628
0.0164627
0.0165629
0.0165961
0.0165763
0.0165154
0.0164234
0.016308
0.0161753
0.0160296
0.015874
0.0157101
0.0155387
0.0153593
0.0151704
0.0149691
0.0147517
0.0145134
0.0142482
0.0139501
0.0136136
0.0132326
0.0128003
0.0123085
0.0117477
0.0111066
0.0103721
0.00952908
0.00856119
0.00744692
0.00617158
0.00469378
0.00301738
0.0010789
-0.00227388
-0.00235963
-0.00181887
-0.00325239
-0.000193848
0.00578914
0.00833964
0.00801303
0.00862177
0.0104467
0.0119951
0.0129795
0.013774
0.0144945
0.0150897
0.0155487
0.0158931
0.0161411
0.0163064
0.0164019
0.0164398
0.0164312
0.0163853
0.0163098
0.016211
0.0160935
0.0159607
0.015815
0.0156574
0.0154879
0.0153055
0.015108
0.0148923
0.0146541
0.0143884
0.0140894
0.0137516
0.0133689
0.0129344
0.0124399
0.0118757
0.0112306
0.0104914
0.00964252
0.00866746
0.00754386
0.00625662
0.00476235
0.00306441
0.00109711
0.000608896
0.000267243
0.000296373
-0.00162439
0.000923647
0.00643844
0.00872015
0.00822612
0.00864464
0.0102844
0.0117113
0.0126317
0.0133938
0.0141052
0.0147128
0.0152008
0.0155852
0.01588
0.0160954
0.0162414
0.0163284
0.0163656
0.0163614
0.016323
0.0162563
0.0161661
0.016056
0.0159285
0.0157852
0.0156263
0.0154512
0.0152584
0.0150451
0.0148078
0.014542
0.0142424
0.0139035
0.0135191
0.0130824
0.0125851
0.0120175
0.0113682
0.0106239
0.00976878
0.00878589
0.00765207
0.00635168
0.00483923
0.00311737
0.00111754
0.00331663
0.0028401
0.00247635
0.00016603
0.00227622
0.00736098
0.00937839
0.00871583
0.00894325
0.0103882
0.0116735
0.0125039
0.0132065
0.013882
0.0144758
0.0149684
0.0153711
0.0156939
0.0159435
0.0161272
0.0162529
0.016328
0.0163597
0.0163541
0.0163167
0.016252
0.0161635
0.0160539
0.0159247
0.0157766
0.0156094
0.0154219
0.0152117
0.0149759
0.0147104
0.0144104
0.0140705
0.0136846
0.0132458
0.0127457
0.0121745
0.0115209
0.0107712
0.00990939
0.00891799
0.00777299
0.00645811
0.00492557
0.00317714
0.00114061
0.00585903
0.005315
0.00464749
0.00203438
0.00378046
0.00848157
0.0102524
0.00943188
0.00947704
0.0107274
0.011861
0.0125852
0.0132089
0.0138272
0.0143855
0.0148615
0.0152626
0.0155953
0.0158633
0.0160711
0.0162242
0.0163283
0.0163887
0.0164106
0.0163985
0.0163565
0.0162877
0.0161948
0.0160792
0.0159418
0.0157826
0.0156006
0.015394
0.0151602
0.0148954
0.0145952
0.0142545
0.0138672
0.0134262
0.0129232
0.0123485
0.0116904
0.010935
0.010066
0.00906544
0.00790826
0.00657748
0.00502271
0.00324473
0.00116678
0.00823399
0.0076626
0.00675771
0.00391484
0.00536608
0.00973272
0.0112828
0.0103229
0.0102022
0.0112664
0.0122473
0.0128576
0.0133905
0.0139369
0.0144431
0.014885
0.0152674
0.0155937
0.015865
0.0160836
0.0162527
0.016376
0.0164572
0.0165002
0.0165086
0.0164855
0.0164338
0.0163556
0.0162524
0.016125
0.0159735
0.0157971
0.0155943
0.0153626
0.0150988
0.0147987
0.0144572
0.0140685
0.0136254
0.0131197
0.0125413
0.0118785
0.0111172
0.0102406
0.00923008
0.00805967
0.00671151
0.00513218
0.00332132
0.00119659
0.0104347
0.00986455
0.00877312
0.00576066
0.0069779
0.0110566
0.0124149
0.0113392
0.0110742
0.0119671
0.0128013
0.0132973
0.0137348
0.014201
0.0146439
0.015039
0.0153888
0.0156949
0.0159564
0.0161735
0.0163474
0.01648
0.0165737
0.0166309
0.016654
0.0166455
0.0166074
0.0165414
0.0164487
0.0163301
0.0161854
0.0160142
0.0158149
0.0155854
0.0153227
0.0150227
0.0146806
0.0142906
0.0138455
0.013337
0.0127549
0.0120873
0.0113198
0.010435
0.00941398
0.00822926
0.00686218
0.00525574
0.00340831
0.00123068
0.012463
0.0119139
0.0106731
0.00753901
0.00857384
0.0124062
0.0136012
0.012435
0.0120501
0.0127905
0.0134896
0.0138772
0.0142207
0.0146043
0.0149782
0.0153184
0.0156261
0.0159014
0.0161421
0.0163468
0.0165154
0.0166482
0.016746
0.0168102
0.016842
0.0168429
0.0168143
0.0167573
0.0166727
0.016561
0.016422
0.016255
0.0160588
0.0158313
0.0155694
0.0152695
0.0149268
0.0145355
0.0140884
0.0135771
0.0129914
0.0123188
0.0115449
0.0106517
0.00961936
0.00841925
0.00703168
0.0053954
0.00350734
0.00126981
0.0143273
0.0138108
0.0124452
0.0092269
0.0101223
0.0137434
0.0148014
0.01357
0.0130903
0.0136992
0.0142784
0.0145681
0.0148241
0.0151278
0.0154321
0.0157139
0.0159739
0.0162113
0.0164232
0.0166071
0.0167618
0.0168864
0.0169807
0.0170448
0.0170791
0.0170841
0.0170604
0.0170087
0.0169292
0.016822
0.0166869
0.016523
0.016329
0.0161028
0.0158415
0.0155415
0.0151981
0.0148054
0.0143564
0.0138424
0.013253
0.0125755
0.0117949
0.0108928
0.0098486
0.00863205
0.00722243
0.00555341
0.00362032
0.00131492
0.0160129
0.0155381
0.014066
0.0107975
0.0115922
0.0150327
0.0159783
0.0147071
0.0141584
0.0146578
0.0151348
0.0153405
0.0155195
0.0157503
0.0159887
0.0162131
0.0164238
0.0166198
0.0167979
0.0169551
0.0170892
0.0171989
0.0172829
0.0173404
0.0173711
0.0173747
0.0173513
0.0173007
0.0172229
0.0171176
0.0169841
0.0168215
0.0166284
0.0164026
0.0161414
0.0158409
0.0154966
0.0151026
0.0146516
0.014135
0.0135419
0.0128594
0.0120722
0.0111608
0.0101042
0.00887015
0.007437
0.00573226
0.00374947
0.00136713
0.0174879
0.0170643
0.0155067
0.0122253
0.0129564
0.0162435
0.0171001
0.0158152
0.0152232
0.0156356
0.016029
0.0161669
0.0162822
0.0164502
0.0166301
0.0168015
0.0169648
0.0171194
0.0172616
0.0173886
0.0174978
0.0175874
0.0176555
0.0177009
0.0177225
0.0177197
0.0176917
0.017638
0.0175582
0.0174515
0.0173171
0.0171538
0.01696
0.0167335
0.0164714
0.0161699
0.0158244
0.0154289
0.014976
0.0144568
0.0138603
0.013173
0.0123789
0.0114581
0.0103885
0.00913608
0.00767806
0.00593459
0.00389733
0.00142779
0.0187486
0.0183823
0.0167585
0.0135006
0.0142001
0.017355
0.0181437
0.0168706
0.0162604
0.0166074
0.0169363
0.0170235
0.01709
0.0172078
0.0173388
0.0174644
0.0175853
0.0177009
0.017808
0.0179037
0.0179857
0.0180517
0.0180998
0.0181285
0.0181363
0.0181222
0.0180851
0.0180241
0.0179384
0.0178271
0.0176889
0.0175225
0.0173261
0.0170973
0.0168333
0.0165302
0.0161831
0.015786
0.0153313
0.0148098
0.01421
0.013518
0.0127173
0.0117869
0.0107039
0.00943213
0.00794811
0.00616301
0.00406669
0.00149856
0.0198138
0.0195013
0.0178269
0.0146286
0.0153227
0.0183593
0.019097
0.0178597
0.0172549
0.0175563
0.0178389
0.0178925
0.0179259
0.0180068
0.0181001
0.0181888
0.018274
0.0183552
0.0184298
0.0184952
0.0185491
0.0185896
0.0186149
0.0186232
0.0186132
0.0185836
0.0185331
0.0184608
0.0183654
0.0182459
0.0181009
0.0179288
0.0177277
0.0174951
0.017228
0.0169223
0.0165733
0.0161745
0.0157182
0.0151947
0.0145921
0.0138959
0.0130886
0.0121484
0.0110517
0.00975971
0.00824882
0.00641946
0.0042602
0.00158116
0.0206983
0.0204286
0.0187211
0.0156194
0.0163287
0.0192537
0.0199543
0.0187761
0.0181991
0.0184733
0.0187266
0.0187633
0.0187789
0.0188366
0.0189039
0.0189656
0.0190226
0.0190752
0.019121
0.019158
0.0191844
0.0191987
0.0191992
0.0191845
0.0191535
0.0191048
0.0190374
0.01895
0.0188416
0.0187108
0.0185561
0.0183759
0.0181681
0.0179301
0.0176587
0.0173499
0.0169985
0.016598
0.0161404
0.0156154
0.0150105
0.0143103
0.0134966
0.0125462
0.0114349
0.0101213
0.00858254
0.00670634
0.0044815
0.00167874
0.0214007
0.0211713
0.0194499
0.0164798
0.0172209
0.0200373
0.0207125
0.0196164
0.0190891
0.0193534
0.0195936
0.0196296
0.0196425
0.0196902
0.0197428
0.0197864
0.0198224
0.019851
0.0198707
0.0198799
0.0198775
0.0198623
0.0198334
0.0197899
0.0197308
0.0196554
0.0195627
0.019452
0.0193223
0.0191724
0.0190012
0.0188069
0.0185877
0.018341
0.0180636
0.0177512
0.0173986
0.0169989
0.0165435
0.0160215
0.0154194
0.0147205
0.013905
0.0129483
0.011825
0.0104917
0.00892678
0.00700525
0.00471797
0.00178232
0.0219298
0.0217347
0.0200115
0.0172081
0.0179966
0.0207004
0.0213561
0.0203622
0.0199035
0.0201725
0.0204157
0.0204713
0.0205059
0.0205723
0.020644
0.0207087
0.0207682
0.0208226
0.0208704
0.0209098
0.0209394
0.0209573
0.0209619
0.0209513
0.0209238
0.0208776
0.0208107
0.0207215
0.020608
0.0204682
0.0203001
0.0201012
0.019869
0.0196005
0.019292
0.0189394
0.0185376
0.0180803
0.0175602
0.0169681
0.0162927
0.0155202
0.0146334
0.0136103
0.0124264
0.0110365
0.00941819
0.00742372
0.00506132
0.00196357
0.0223943
0.0221657
0.0203826
0.0177037
0.0184628
0.0209495
0.0214869
0.0205011
0.0200032
0.0201533
0.0202667
0.0202018
0.0201099
0.0200387
0.019966
0.0198826
0.0197911
0.0196933
0.0195892
0.0194786
0.0193615
0.0192376
0.0191065
0.0189678
0.0188209
0.0186651
0.0184996
0.0183235
0.0181358
0.0179353
0.0177207
0.0174902
0.0172421
0.016974
0.0166831
0.016366
0.0160184
0.0156352
0.0152098
0.014734
0.0141977
0.0135878
0.0128879
0.0120766
0.0111274
0.00999593
0.00863707
0.00690394
0.00466331
0.00178073
0.0242005
0.0244272
0.0229576
0.0206944
0.0216619
0.0241741
0.0248839
0.0242332
0.0240258
0.0243816
0.0246925
0.0248388
0.0249518
0.0250708
0.0251759
0.0252585
0.0253207
0.0253636
0.0253872
0.0253915
0.0253767
0.025343
0.0252906
0.0252194
0.0251295
0.0250209
0.0248932
0.0247461
0.0245789
0.0243907
0.0241802
0.0239459
0.0236857
0.0233968
0.0230758
0.0227182
0.0223186
0.0218698
0.0213626
0.0207855
0.0201232
0.0193569
0.0184609
0.0174063
0.0161478
0.0146435
0.0128205
0.0105003
0.00762667
0.00309609
0.0195499
0.0192157
0.0176221
0.0158066
0.016977
0.019282
0.0198348
0.0192066
0.0189849
0.0192287
0.0194078
0.0194306
0.0194141
0.0193928
0.0193517
0.0192864
0.0192006
0.0190972
0.0189781
0.0188447
0.0186985
0.0185408
0.0183725
0.0181943
0.0180066
0.0178095
0.0176029
0.0173864
0.0171592
0.0169203
0.0166684
0.0164018
0.0161183
0.0158155
0.0154901
0.0151383
0.0147552
0.0143347
0.0138691
0.013349
0.0127617
0.0120927
0.0113204
0.0104303
0.00937488
0.00818214
0.00671182
0.00514299
0.00315325
0.00098749
0.0292892
0.0292371
0.0278197
0.0261354
0.0269071
0.0287002
0.0291888
0.0287506
0.0285963
0.0287861
0.0289311
0.0289601
0.0289553
0.028941
0.0289062
0.0288475
0.0287673
0.0286678
0.0285502
0.0284157
0.0282656
0.0281012
0.0279235
0.0277334
0.0275317
0.027319
0.0270955
0.0268616
0.0266169
0.0263611
0.0260934
0.0258126
0.0255169
0.0252041
0.0248711
0.0245138
0.0241269
0.0237035
0.0232342
0.0227072
0.0221046
0.021409
0.0205751
0.0196106
0.0183351
0.0170094
0.0148308
0.012897
0.00906344
0.00374604
0.0209948
0.0212419
0.0202916
0.0192772
0.0203397
0.0220454
0.0224886
0.0221535
0.0220662
0.0222317
0.0223248
0.0223036
0.0222436
0.0221662
0.0220647
0.0219385
0.0217921
0.0216288
0.0214507
0.0212596
0.0210572
0.020845
0.020624
0.0203949
0.0201585
0.019915
0.0196641
0.0194056
0.0191389
0.018863
0.0185766
0.018278
0.017965
0.0176348
0.0172841
0.0169087
0.0165031
0.0160604
0.0155717
0.0150256
0.0144049
0.013697
0.0128534
0.0119162
0.0106681
0.00957613
0.00758853
0.00664003
0.00374626
0.00119549
0.0302113
0.0300051
0.0290526
0.0283624
0.0289357
0.029756
0.0298287
0.029492
0.0292738
0.0291679
0.0290214
0.028818
0.0285938
0.0283607
0.0281178
0.0278662
0.0276078
0.0273443
0.0270769
0.0268064
0.0265336
0.0262587
0.0259819
0.0257034
0.0254228
0.0251401
0.0248549
0.0245666
0.0242742
0.0239769
0.0236733
0.0233619
0.0230405
0.0227068
0.0223574
0.0219882
0.0215939
0.0211677
0.0206994
0.0201789
0.019577
0.0189018
0.0179923
0.0171513
0.0152603
0.0149992
0.0102548
0.0132904
0.0043382
0.00153207
-0.0482088
-0.0518886
-0.0518458
-0.0509805
-0.0493642
-0.0458734
-0.0383999
-0.0306977
-0.021342
-0.0110756
-0.0381225
-0.0396587
-0.039643
-0.0380239
-0.0384134
-0.0354699
-0.0314561
-0.0261148
-0.0212084
-0.0185333
-0.0295615
-0.0297043
-0.0296812
-0.0278757
-0.0297523
-0.0287902
-0.0275148
-0.0266282
-0.0237131
-0.0209103
-0.0221448
-0.021671
-0.0216551
-0.0199379
-0.0229733
-0.0235275
-0.0229129
-0.0236377
-0.0195348
-0.0164968
-0.0152972
-0.0142883
-0.0145862
-0.0131054
-0.0164844
-0.0174047
-0.0161422
-0.0170505
-0.0136822
-0.0135387
-0.00968934
-0.00866749
-0.0088659
-0.00736308
-0.0105538
-0.0114097
-0.00989335
-0.0125658
-0.0117544
-0.0127238
-0.00453599
-0.00336684
-0.00361844
-0.0021134
-0.00525094
-0.00659548
-0.00598247
-0.00986461
-0.00930655
-0.00891252
-0.000135361
0.000967705
0.000791872
0.00216352
-0.0011175
-0.00295026
-0.00262392
-0.00584596
-0.00475056
-0.00492052
0.00376071
0.00481223
0.00463958
0.00583614
0.00258551
0.000818644
0.00128488
-0.00165245
-0.00123036
-0.00209407
0.00711185
0.00809541
0.00799579
0.00910175
0.00601827
0.00433909
0.00458985
0.00157197
0.00167922
0.000833371
0.0100394
0.0109845
0.0109733
0.0120034
0.00904434
0.00738905
0.00744079
0.00455471
0.00465547
0.00375599
0.0125918
0.0135017
0.0135835
0.0145529
0.01172
0.0101387
0.0100973
0.00737771
0.00742246
0.00642206
0.0148255
0.0157044
0.0158852
0.0168212
0.0141243
0.0126346
0.0125204
0.0099321
0.00992827
0.00887556
0.0167994
0.0176521
0.0179259
0.0188375
0.0162742
0.0148752
0.0147025
0.0122446
0.0122267
0.0111474
0.0185742
0.0193905
0.0197367
0.0206281
0.0181977
0.0168904
0.0166763
0.0143509
0.0143342
0.0132366
0.0201617
0.0209353
0.0213368
0.0222101
0.019915
0.0187031
0.0184607
0.0162638
0.016255
0.0151458
0.0215561
0.0222883
0.0227318
0.0235747
0.0214116
0.0203033
0.0200519
0.0179888
0.0179982
0.0168853
0.022762
0.0234562
0.0239408
0.0247416
0.0226661
0.0216405
0.0213909
0.0194806
0.0195314
0.0184335
0.0237962
0.0244526
0.0249805
0.025738
0.0237218
0.0227329
0.0224556
0.0207011
0.0208153
0.0197546
0.0246763
0.0252721
0.0258333
0.0265875
0.0246587
0.023679
0.0233306
0.0217106
0.0218749
0.0208506
0.0254355
0.0259891
0.0265927
0.0273102
0.0254467
0.0244839
0.0240674
0.0225495
0.0227324
0.0217436
0.0261169
0.0266235
0.0272493
0.0279188
0.0261187
0.0251641
0.0246765
0.0232427
0.0234247
0.0224638
0.0268095
0.0274155
0.0278805
0.0284274
0.0266641
0.0256986
0.025143
0.0238007
0.0239548
0.0230048
0.0264822
0.0266418
0.0275229
0.0282706
0.026738
0.0258836
0.0253419
0.0241456
0.0242901
0.0233626
0.0270791
0.027298
0.0280232
0.0286259
0.0271175
0.0262525
0.0256553
0.0245612
0.0246485
0.0236904
0.027467
0.0276692
0.0283981
0.02902
0.0275
0.0265852
0.0259213
0.0250516
0.0253553
0.0248219
0.0257672
0.0252419
0.0253415
0.0258112
0.0245597
0.0237618
0.0230164
0.0220207
0.0217808
0.020669
0.0321501
0.0324824
0.0337778
0.0337365
0.0320134
0.0307405
0.0302057
0.0296869
0.0299613
0.0296227
0.0265694
0.0264069
0.0267209
0.0260207
0.0237473
0.0219771
0.0206549
0.0205804
0.0210605
0.0209758
0.0336888
0.0329367
0.0337533
0.035321
0.0344448
0.0325591
0.0314517
0.0307323
0.0305717
0.0302803
0.0737448
0.0767791
0.0795847
0.0824731
0.0848607
0.0866605
0.0865429
0.0852671
0.0831639
0.0800131
0.0756665
0.0685721
0.0596006
0.0471701
0.0304427
0.00729908
-0.0265258
-0.0725819
-0.125534
-0.242973
0.0577316
0.0607181
0.0614109
0.0610981
0.0604519
0.0594508
0.0568954
0.0535266
0.0490724
0.0426721
0.0334452
0.020369
0.0040732
-0.0167535
-0.0423954
-0.073988
-0.114321
-0.169426
-0.232381
-0.379868
0.0434572
0.0446667
0.0425785
0.0390603
0.0345854
0.0294646
0.0231736
0.0166238
0.00909949
-0.000325133
-0.0120046
-0.0273042
-0.0467982
-0.0725721
-0.105812
-0.148977
-0.201951
-0.270605
-0.338637
-0.507552
0.0282729
0.0287304
0.025898
0.0209103
0.0141858
0.00656115
-0.00237331
-0.0124308
-0.0249145
-0.0398533
-0.0570488
-0.0775558
-0.101635
-0.131217
-0.167486
-0.215278
-0.277683
-0.363555
-0.434328
-0.6267
0.00888231
0.00676583
0.00173332
-0.00497981
-0.0127314
-0.0205854
-0.0293123
-0.0397656
-0.0534198
-0.0705327
-0.0916195
-0.117568
-0.148367
-0.185934
-0.229398
-0.280654
-0.343493
-0.44381
-0.516143
-0.732192
-0.00733896
-0.01133
-0.0182103
-0.0271816
-0.0374264
-0.0477827
-0.0591964
-0.0722462
-0.0877659
-0.105963
-0.127611
-0.153987
-0.186221
-0.22758
-0.278807
-0.338638
-0.402961
-0.518375
-0.58814
-0.821983
-0.0186449
-0.0231236
-0.0306897
-0.0402748
-0.0513553
-0.0634513
-0.0778436
-0.094813
-0.114626
-0.137092
-0.162613
-0.191919
-0.225678
-0.2663
-0.317668
-0.384707
-0.449678
-0.582141
-0.651496
-0.885346
-0.0332303
-0.0399884
-0.0489661
-0.0591192
-0.069934
-0.0817006
-0.0958629
-0.112827
-0.133245
-0.157194
-0.185824
-0.219651
-0.258713
-0.302634
-0.352054
-0.425718
-0.482162
-0.620033
-0.695434
-0.925507
-0.0433493
-0.0518468
-0.0627078
-0.0746029
-0.0872592
-0.100998
-0.116868
-0.134871
-0.155334
-0.178502
-0.206069
-0.239014
-0.279049
-0.326406
-0.37674
-0.455517
-0.510307
-0.635101
-0.722951
-0.941486
-0.0483938
-0.057816
-0.0690947
-0.0814164
-0.094978
-0.110877
-0.129347
-0.14997
-0.173354
-0.198548
-0.227543
-0.259804
-0.297428
-0.34248
-0.393244
-0.465557
-0.531242
-0.640443
-0.731672
-0.926357
0.178568
0.189489
0.201185
0.214506
0.228797
0.244298
0.261211
0.279368
0.29967
0.320805
0.34404
0.368407
0.394498
0.421914
0.450233
0.479084
0.507512
0.533873
0.55592
0.569397
0.179578
0.190577
0.202515
0.216044
0.230203
0.245216
0.261675
0.279683
0.300068
0.321218
0.344361
0.368627
0.394643
0.422048
0.450248
0.479014
0.506888
0.532609
0.55337
0.566741
0.178839
0.189085
0.200345
0.213444
0.227224
0.241679
0.257541
0.27507
0.294939
0.315456
0.337808
0.361173
0.386216
0.41246
0.439403
0.466778
0.49327
0.517656
0.536531
0.546317
0.176037
0.184707
0.1945
0.206636
0.219791
0.233595
0.248641
0.265222
0.283916
0.303042
0.323853
0.345455
0.368558
0.392447
0.416713
0.440735
0.463535
0.483457
0.498408
0.504777
0.170212
0.176999
0.185083
0.19583
0.208022
0.221062
0.235194
0.25047
0.267448
0.284602
0.303206
0.322408
0.342752
0.363556
0.384363
0.404261
0.422235
0.436027
0.442879
0.438748
0.161026
0.165731
0.172295
0.181729
0.192663
0.204587
0.217347
0.230826
0.24554
0.260141
0.276002
0.291938
0.308474
0.324817
0.340415
0.355052
0.367209
0.375461
0.374943
0.357169
0.148613
0.151224
0.156191
0.164404
0.174445
0.185451
0.196689
0.207948
0.219817
0.231499
0.24413
0.256597
0.269
0.280535
0.290262
0.297841
0.300953
0.2988
0.289771
0.259798
0.133164
0.133834
0.137688
0.14471
0.153192
0.16255
0.171667
0.180265
0.188913
0.197021
0.205824
0.213896
0.221547
0.228287
0.232751
0.234248
0.230147
0.217159
0.195677
0.143632
0.115794
0.115313
0.118377
0.124581
0.131717
0.139062
0.145451
0.151104
0.156474
0.161207
0.165952
0.168937
0.170659
0.169757
0.166027
0.158469
0.146604
0.126381
0.0949609
0.018982
0.0935285
0.093034
0.0971989
0.103059
0.108494
0.113181
0.116278
0.118528
0.120536
0.121998
0.123307
0.122564
0.11962
0.112562
0.101046
0.0830353
0.0582768
0.0260422
-0.0148701
-0.10894
0.0442844
0.0444546
0.0447839
0.045277
0.0459056
0.0466738
0.0475916
0.0486676
0.049913
0.0513414
0.0529694
0.054816
0.0569047
0.0592602
0.0619184
0.0649045
0.0682819
0.0720556
0.0763443
0.0811035
0.0865148
0.0924807
0.0992234
0.106557
0.114812
0.123614
0.133318
0.143787
0.154784
0.167029
0.0444346
0.0445535
0.0448288
0.0453326
0.0459814
0.0467662
0.047701
0.0487956
0.0500611
0.0515114
0.053163
0.0550349
0.0571498
0.0595327
0.0622169
0.065231
0.0686288
0.072434
0.076732
0.081536
0.08695
0.0929741
0.0997472
0.107115
0.115476
0.124297
0.134147
0.144741
0.155813
0.16807
0.0445737
0.0446431
0.0448674
0.0453815
0.0460495
0.0468505
0.0478021
0.0489148
0.0501999
0.051671
0.0533445
0.0552389
0.0573761
0.0597801
0.0624822
0.0655108
0.0689153
0.0727227
0.0770116
0.0818023
0.0871956
0.0931914
0.0999458
0.107256
0.115599
0.12433
0.134152
0.144748
0.155749
0.167854
0.0446994
0.0447236
0.0449027
0.0454268
0.0461132
0.0469301
0.0478979
0.0490278
0.0503306
0.0518202
0.0535121
0.0554242
0.057577
0.059993
0.0627012
0.065727
0.0691188
0.0728943
0.0771481
0.0818633
0.087209
0.0930886
0.099793
0.107
0.115323
0.123977
0.133662
0.144093
0.154746
0.166322
0.0448103
0.0447959
0.0449375
0.045471
0.0461744
0.0470064
0.0479894
0.0491351
0.0504541
0.0519601
0.0536681
0.0555951
0.0577601
0.0601831
0.0628904
0.0659016
0.0692651
0.0729777
0.0771648
0.0817295
0.0869791
0.0926127
0.0991533
0.105993
0.113956
0.122313
0.131768
0.14186
0.151982
0.162395
0.0449058
0.0448616
0.0449741
0.0455156
0.0462341
0.0470802
0.0480776
0.0492377
0.0505711
0.0520911
0.0538124
0.0557513
0.0579255
0.0603536
0.0630589
0.0660569
0.0693954
0.0730534
0.0771896
0.0816186
0.0868224
0.0922551
0.0988998
0.105749
0.113798
0.121689
0.130309
0.138901
0.147783
0.15621
0.0449854
0.0449219
0.0450146
0.0455614
0.046292
0.0471511
0.0481625
0.0493375
0.0506855
0.0522187
0.0539505
0.0558951
0.0580678
0.0604835
0.0631607
0.0661081
0.0693666
0.072897
0.0768788
0.0810505
0.0860667
0.0910482
0.0973958
0.103667
0.111279
0.11883
0.126745
0.134435
0.141128
0.146409
0.0450485
0.0449785
0.0450618
0.04561
0.046348
0.047216
0.0482385
0.0494277
0.050793
0.0523461
0.0540999
0.056068
0.0582644
0.0607025
0.0633974
0.0663561
0.0696094
0.0731191
0.0770515
0.0811295
0.0861845
0.0911658
0.0979368
0.103648
0.110821
0.116573
0.12293
0.127803
0.132088
0.134367
0.0450944
0.0450315
0.0451176
0.0456652
0.0464082
0.0472812
0.0483074
0.0494991
0.0508647
0.0524147
0.0541602
0.0561125
0.0582822
0.0606787
0.0633108
0.0661818
0.0693049
0.0726606
0.07634
0.0801964
0.0848001
0.0894012
0.0955255
0.100539
0.107155
0.111815
0.11633
0.119476
0.120221
0.119322
0.0451226
0.0450809
0.0451805
0.0457231
0.0464747
0.0473632
0.0484095
0.0496263
0.0510222
0.0526076
0.054394
0.0563923
0.0586127
0.0610629
0.0637489
0.0666721
0.0698352
0.0732309
0.0769086
0.0808382
0.0854629
0.0901058
0.0959379
0.0998207
0.105345
0.106959
0.109057
0.107715
0.106544
0.102341
0.0451278
0.0451312
0.0452579
0.0457795
0.0465171
0.0473952
0.0484293
0.0496308
0.0510066
0.0525654
0.0543167
0.0562691
0.0584297
0.0608029
0.0633904
0.0661907
0.0691982
0.0724228
0.0758491
0.0796212
0.0835906
0.0880217
0.092079
0.0956104
0.0981537
0.0983386
0.0987334
0.096416
0.0901334
0.0842234
0.045146
0.0451758
0.0453286
0.0458337
0.0465562
0.0474197
0.0484339
0.0496086
0.0509489
0.0524615
0.0541531
0.0560289
0.058092
0.0603424
0.062776
0.0653859
0.0681593
0.0710987
0.0741728
0.0774668
0.0807252
0.0841961
0.0866845
0.0893296
0.0900597
0.0907887
0.0892303
0.086054
0.0813322
0.0751709
0.0451643
0.0452177
0.0453941
0.0458832
0.0465873
0.0474332
0.0484249
0.0495705
0.0508735
0.0523382
0.0539686
0.0557669
0.0577324
0.0598607
0.062143
0.0645671
0.0671132
0.0697768
0.0724932
0.0753419
0.0779523
0.0807189
0.0824922
0.0843687
0.0842805
0.083736
0.0813928
0.077941
0.0729904
0.0670691
0.0451821
0.0452556
0.0454526
0.0459269
0.0466106
0.047436
0.0484018
0.0495139
0.0507739
0.0521836
0.0537437
0.0554528
0.0573061
0.0592941
0.0614032
0.0636135
0.0659005
0.0682375
0.0705637
0.0728749
0.074887
0.0768486
0.0777503
0.078645
0.0777313
0.0763979
0.0740521
0.0697611
0.0653831
0.0604198
0.0451984
0.0452889
0.045503
0.0459632
0.0466243
0.0474257
0.0483615
0.0494348
0.0506454
0.0519921
0.0534725
0.0550812
0.0568091
0.0586419
0.0605609
0.0625386
0.0645468
0.0665357
0.0684595
0.0702348
0.0717051
0.0729003
0.0732051
0.073385
0.0719866
0.0704151
0.0676627
0.0633174
0.0594073
0.0544817
0.0452124
0.0453165
0.0455443
0.0459905
0.0466268
0.0474004
0.0483015
0.0493302
0.0504843
0.0517595
0.05315
0.0546468
0.0562363
0.0578995
0.059613
0.0613417
0.063056
0.0646831
0.0662048
0.0674588
0.0684376
0.0689823
0.0687985
0.0684507
0.0665909
0.0648216
0.0618859
0.0575926
0.0539078
0.0491099
0.045223
0.0453375
0.0455751
0.0460068
0.046616
0.0473577
0.0482189
0.049197
0.0502869
0.0514819
0.0527725
0.0541459
0.0555847
0.0570654
0.0585606
0.0600286
0.0614405
0.0627046
0.0638354
0.0646054
0.0651525
0.0651526
0.0645771
0.0638431
0.0616357
0.0598486
0.0568882
0.0526352
0.0493121
0.0446954
0.0452288
0.0453505
0.0455939
0.04601
0.0465897
0.0472952
0.0481112
0.049032
0.0500502
0.051156
0.0523368
0.0535763
0.0548534
0.0561408
0.0574084
0.0586095
0.0597182
0.0606295
0.0613924
0.0617293
0.0619057
0.0614665
0.0605858
0.0596035
0.057155
0.0554397
0.0524808
0.04833
0.0453986
0.0409032
0.0452285
0.0453542
0.0455993
0.0459981
0.0465456
0.0472104
0.0479756
0.0488325
0.0497712
0.0507792
0.051841
0.052937
0.0540433
0.0551299
0.056165
0.0570994
0.0579122
0.0584912
0.0589191
0.0588806
0.0587496
0.0579678
0.0568704
0.0557375
0.0531441
0.051538
0.0486468
0.0446362
0.0420698
0.0377723
0.0452202
0.0453471
0.0455897
0.0459689
0.0464814
0.0471009
0.0478095
0.0485959
0.0494477
0.0503498
0.0512843
0.052229
0.0531582
0.05404
0.0548429
0.0555174
0.0560498
0.0563252
0.0564574
0.0561048
0.0557296
0.0546946
0.0534556
0.0522463
0.0495868
0.0481281
0.0453502
0.0415186
0.0393119
0.035221
0.0452022
0.0453276
0.0455634
0.0459203
0.0463947
0.0469643
0.0476107
0.0483201
0.049078
0.0498673
0.0506677
0.0514558
0.0522045
0.052882
0.0534583
0.0538862
0.0541602
0.0541668
0.054047
0.0534418
0.0528841
0.051672
0.050355
0.0491246
0.0464673
0.0451798
0.0425499
0.0389355
0.0370863
0.0332422
0.0451726
0.0452938
0.0455188
0.0458503
0.0462834
0.0467986
0.0473773
0.0480038
0.0486617
0.0493324
0.0499942
0.0506228
0.0511915
0.0516697
0.0520305
0.0522306
0.0522737
0.0520501
0.0517236
0.050926
0.0502402
0.0489149
0.0475718
0.0463632
0.0437612
0.0426559
0.0401966
0.0368198
0.0353283
0.0317718
0.0451294
0.0452439
0.0454543
0.045757
0.0461455
0.0466021
0.0471081
0.0476466
0.0481997
0.0487477
0.0492687
0.0497383
0.0501313
0.0504196
0.0505806
0.0505765
0.0504196
0.0500065
0.0495187
0.048583
0.047815
0.0464297
0.0451017
0.0439454
0.0414374
0.0405141
0.0382332
0.0351009
0.033936
0.030678
0.0450705
0.0451762
0.0453683
0.0456389
0.0459795
0.0463736
0.0468028
0.0472492
0.0476942
0.0481178
0.0484983
0.0488128
0.0490383
0.0491502
0.0491312
0.0489496
0.0486259
0.048064
0.0474567
0.04643
0.0456177
0.0442154
0.0429327
0.0418476
0.03946
0.0387078
0.0366018
0.0337091
0.0328162
0.0298328
0.0449941
0.045089
0.0452595
0.0454947
0.0457845
0.0461129
0.046462
0.0468136
0.0471491
0.0474489
0.0476924
0.0478589
0.0479285
0.0478812
0.0477049
0.0473746
0.0469177
0.0462453
0.0455552
0.0444773
0.0436508
0.0422646
0.0410476
0.0400432
0.0377907
0.0371924
0.035249
0.0325823
0.0319087
0.0291554
0.0448985
0.0449809
0.0451269
0.0453239
0.0455601
0.0458205
0.0460875
0.0463434
0.0465701
0.0467491
0.046862
0.0468908
0.0468194
0.0466326
0.0463238
0.0458741
0.0453161
0.0445671
0.0438254
0.042729
0.0419111
0.0405654
0.0394264
0.0385056
0.0363948
0.0359311
0.0341353
0.0316811
0.0311851
0.0286244
0.0447822
0.0448507
0.04497
0.0451262
0.0453072
0.0454981
0.0456825
0.0458436
0.0459645
0.0460285
0.0460199
0.045924
0.0457289
0.0454242
0.0450083
0.0444673
0.0438371
0.0430409
0.0422735
0.0411845
0.0403915
0.0391034
0.0380487
0.0372096
0.0352433
0.0348941
0.033233
0.0309793
0.0306249
0.0282348
0.0446443
0.0446979
0.0447887
0.0449027
0.0450273
0.0451487
0.0452517
0.0453208
0.0453412
0.0452985
0.0451801
0.0449748
0.0446751
0.0442747
0.043776
0.0431696
0.0424924
0.0416738
0.0409012
0.0398394
0.039082
0.0378628
0.0368939
0.0361322
0.0343099
0.0340556
0.0325175
0.0304526
0.0302086
0.0279729
0.0444845
0.0445226
0.0445839
0.044655
0.0447235
0.0447766
0.044801
0.0447833
0.0447107
0.0445718
0.0443572
0.0440595
0.0436746
0.0432002
0.0426416
0.0419925
0.0412901
0.040469
0.0397069
0.0386867
0.037971
0.0368273
0.0359423
0.0352513
0.033571
0.0333916
0.0319664
0.0300785
0.0299156
0.0278194
0.0443036
0.0443259
0.0443576
0.0443859
0.0443997
0.0443875
0.0443381
0.0442405
0.0440845
0.0438618
0.043566
0.0431933
0.0427426
0.0422146
0.0416164
0.0409446
0.0402345
0.0394267
0.0386863
0.0377177
0.037046
0.0359812
0.0351758
0.0345468
0.0330061
0.0328814
0.0315596
0.0298399
0.0297284
0.0277579
0.044103
0.0441099
0.0441126
0.0440998
0.0440614
0.0439885
0.0438717
0.0437029
0.0434746
0.0431816
0.0428205
0.0423901
0.041892
0.0413289
0.0407092
0.0400311
0.0393276
0.038545
0.0378339
0.0369232
0.0362949
0.0353097
0.0345778
0.0340018
0.032598
0.0325081
0.0312831
0.0297246
0.0296379
0.0277852
0.0438857
0.0438779
0.0438533
0.0438018
0.0437155
0.0435876
0.0434115
0.0431816
0.0428934
0.0425443
0.0421334
0.0416621
0.0411335
0.0405518
0.0399259
0.0392549
0.0385689
0.0378201
0.0371433
0.0362941
0.035707
0.0348004
0.0341347
0.0336033
0.0323316
0.0322586
0.0311254
0.0297189
0.0296364
0.0278987
0.043656
0.0436347
0.0435851
0.0434987
0.0433697
0.043194
0.0429677
0.0426878
0.0423525
0.0419615
0.0415161
0.0410192
0.0404754
0.0398894
0.0392699
0.0386169
0.037957
0.0372482
0.0366084
0.0358223
0.0352732
0.0344431
0.0338357
0.0333408
0.0321961
0.0321233
0.0310773
0.0298145
0.0297188
0.0280951
0.0434197
0.0433864
0.043315
0.0431982
0.0430329
0.0428175
0.0425509
0.0422324
0.0418627
0.0414434
0.0409776
0.0404691
0.0399233
0.0393451
0.0387427
0.0381165
0.0374892
0.036825
0.0362241
0.0355019
0.0349872
0.0342314
0.0336752
0.0332092
0.0321872
0.032099
0.0311366
0.0300103
0.0298842
0.0283755
0.0431841
0.0431407
0.0430512
0.0429094
0.0427146
0.042468
0.0421709
0.0418252
0.0414332
0.0409983
0.0405245
0.0400166
0.03948
0.0389198
0.0383432
0.037751
0.0371616
0.0365461
0.0359859
0.0353292
0.0348472
0.0341654
0.0336557
0.0332141
0.032313
0.0321959
0.0313166
0.0303204
0.0301475
0.0287579
0.0429581
0.0429067
0.0428031
0.0426417
0.0424245
0.0421552
0.0418373
0.0414746
0.0410711
0.0406314
0.0401604
0.0396631
0.039145
0.0386109
0.038067
0.0375143
0.0369675
0.0364041
0.0358876
0.0352992
0.0348514
0.034248
0.0337861
0.033373
0.0325996
0.0324509
0.0316661
0.0308027
0.0305735
0.0293093
0.0427519
0.0426946
0.0425808
0.0424054
0.0421725
0.0418881
0.0415579
0.041187
0.040781
0.0403452
0.0398851
0.0394059
0.0389129
0.0384106
0.0379042
0.037395
0.0368938
0.0363848
0.0359135
0.035395
0.0349831
0.0344624
0.0340535
0.0336811
0.033054
0.0328915
0.0322417
0.0315498
0.0313087
0.0302459
0.0425771
0.0425159
0.0423955
0.042211
0.0419682
0.0416753
0.0413394
0.040967
0.0405646
0.0401384
0.0396941
0.0392371
0.0387726
0.0383047
0.0378377
0.0373735
0.0369189
0.0364644
0.0360379
0.0355859
0.0352043
0.0347566
0.0343845
0.0340389
0.0335416
0.0333525
0.0328427
0.0323155
0.0320717
0.0312659
0.0424465
0.042383
0.042259
0.0420693
0.0418213
0.0415245
0.0411872
0.040817
0.0404212
0.0400062
0.0395785
0.0391435
0.0387061
0.0382707
0.0378409
0.0374189
0.0370092
0.036608
0.0362296
0.0358478
0.0355101
0.0351465
0.0348273
0.0345184
0.0341288
0.0338834
0.0334617
0.0330218
0.0327163
0.0320493
0.0423738
0.0423094
0.0421838
0.041992
0.0417419
0.041444
0.0411072
0.0407397
0.040349
0.0399424
0.0395263
0.0391068
0.038689
0.0382777
0.0378766
0.0374888
0.0371173
0.0367621
0.0364285
0.0361085
0.0358181
0.0355329
0.0352819
0.03504
0.0348094
0.0346082
0.0344188
0.0341531
0.0340682
0.0336665
0.0707724
0.0535787
0.0387704
0.0247345
0.0081027
-0.00634397
-0.0167034
-0.028265
-0.0368547
-0.0417801
0.0660945
0.0502588
0.0337915
0.0201441
0.00659211
-0.00506388
-0.0136753
-0.0231882
-0.0301322
-0.0338834
0.0605766
0.0474603
0.0308691
0.0170675
0.00690785
-0.00191005
-0.0095818
-0.0178111
-0.0234032
-0.0265034
0.0548949
0.0444542
0.0289946
0.0153133
0.00661095
-0.00020341
-0.00627796
-0.0132587
-0.0173816
-0.0198377
0.0494557
0.0410921
0.0273681
0.0143083
0.00704976
0.00207518
-0.00249632
-0.00841269
-0.0117216
-0.013773
0.0441951
0.0372225
0.0256859
0.014444
0.00829319
0.0043116
0.000693586
-0.00429035
-0.00676314
-0.00847545
0.0397375
0.0337953
0.0244639
0.0149892
0.00976066
0.00638917
0.00353479
-0.000509249
-0.00232569
-0.00369159
0.0359546
0.0307593
0.0232128
0.015547
0.0113751
0.00857005
0.00617573
0.00285385
0.00154261
0.000504267
0.0328817
0.0284015
0.0224113
0.0163213
0.0130794
0.0106758
0.00855049
0.00580047
0.00489635
0.0041896
0.0304477
0.0265987
0.0218332
0.0170063
0.0146046
0.0126315
0.0107261
0.00841055
0.00780294
0.00737299
0.0286433
0.0253463
0.0215136
0.0176601
0.0159795
0.0144294
0.0127228
0.0107339
0.010332
0.0101338
0.0274576
0.0247145
0.0215757
0.0183612
0.0171917
0.0160113
0.0145161
0.0128048
0.0125485
0.0125363
0.026723
0.0245579
0.0220129
0.019274
0.0184558
0.0175029
0.016133
0.0146419
0.0145028
0.014644
0.0262192
0.0245569
0.0225148
0.0202005
0.0197877
0.0190041
0.0176368
0.0162668
0.016225
0.0165098
0.0258317
0.0245488
0.0228881
0.0209607
0.0209924
0.0204361
0.0190644
0.0177403
0.0177747
0.0181933
0.0255538
0.0245483
0.0231368
0.0215049
0.0218701
0.021639
0.0203896
0.0191414
0.0192081
0.0197124
0.0253979
0.0246063
0.0233622
0.0219396
0.0225384
0.0225819
0.0215419
0.0204193
0.0204974
0.0210537
0.0253582
0.0247424
0.0236217
0.0223557
0.0231146
0.023359
0.0225158
0.0215291
0.021623
0.0222225
0.0254143
0.0249406
0.0239144
0.02277
0.0236375
0.0240302
0.0233476
0.0224797
0.0225877
0.023225
0.0255496
0.0251786
0.0242183
0.0231738
0.0241161
0.024623
0.0240748
0.0233073
0.0234193
0.0240846
0.0257587
0.025444
0.0245197
0.0235649
0.0245549
0.0251469
0.0247183
0.024037
0.0241487
0.0248359
0.0260396
0.0257425
0.0248322
0.0239532
0.0249605
0.0256114
0.0252935
0.024695
0.0248061
0.0255143
0.026394
0.0260838
0.025167
0.0243431
0.0253298
0.026009
0.0257859
0.0252633
0.0253803
0.0261353
0.0268275
0.0264798
0.0255376
0.024743
0.0256561
0.0263047
0.0261097
0.0255638
0.0255436
0.0261116
0.0273627
0.0269663
0.0260073
0.0252527
0.0260897
0.0267237
0.0266086
0.0261293
0.0261147
0.0267057
0.0280515
0.027559
0.0265488
0.0257995
0.026489
0.0270359
0.0269343
0.0264857
0.026475
0.027091
0.0291943
0.028644
0.0276166
0.0268827
0.0273708
0.0277594
0.0275047
0.0267467
0.0262982
0.0262558
0.0304976
0.0301038
0.0294009
0.029027
0.029728
0.0304352
0.0307794
0.0307611
0.0309473
0.0317185
0.0313721
0.0306959
0.0297119
0.0289597
0.0288269
0.0288992
0.0285391
0.0278239
0.0275578
0.0272869
0.0335253
0.0330134
0.0329211
0.0325741
0.0328502
0.0334026
0.0330446
0.0336178
0.0332517
0.0333517
-1.17057
-1.2084
-1.09465
-0.821135
-0.613043
-0.609522
-0.716868
-0.850085
-0.975635
-1.07698
-1.0359
-1.10054
-1.07513
-0.901689
-0.716024
-0.652821
-0.693345
-0.767707
-0.842052
-0.901159
-0.9734
-0.987714
-0.947285
-0.851167
-0.745034
-0.688556
-0.690291
-0.725375
-0.767108
-0.802621
-0.797489
-0.81548
-0.78877
-0.736293
-0.687541
-0.657601
-0.652697
-0.667871
-0.689155
-0.70455
-0.641609
-0.66321
-0.65538
-0.632603
-0.614086
-0.60449
-0.602778
-0.609968
-0.622109
-0.630271
-0.519122
-0.542958
-0.550061
-0.545926
-0.542063
-0.543684
-0.547524
-0.551145
-0.555801
-0.559223
-0.427745
-0.452297
-0.467944
-0.475805
-0.479513
-0.485773
-0.494045
-0.497977
-0.497881
-0.498594
-0.356985
-0.382329
-0.400961
-0.416034
-0.425434
-0.432916
-0.442863
-0.449219
-0.446694
-0.442764
-0.300004
-0.326655
-0.345955
-0.363948
-0.378073
-0.386632
-0.395397
-0.403664
-0.40238
-0.394575
-0.253786
-0.281349
-0.30097
-0.319111
-0.336144
-0.346798
-0.353708
-0.361384
-0.362579
-0.353729
-0.216274
-0.243848
-0.263607
-0.280638
-0.298405
-0.311492
-0.317821
-0.323449
-0.326184
-0.318297
-0.185419
-0.212327
-0.232376
-0.247967
-0.264629
-0.279327
-0.286457
-0.290193
-0.293168
-0.287285
-0.159747
-0.185419
-0.205754
-0.220531
-0.235187
-0.249991
-0.258423
-0.260906
-0.263213
-0.259498
-0.138513
-0.162135
-0.182519
-0.197068
-0.209885
-0.22387
-0.233244
-0.235325
-0.236459
-0.234493
-0.120961
-0.14229
-0.16193
-0.176598
-0.188147
-0.200582
-0.210576
-0.212918
-0.21282
-0.211629
-0.106736
-0.125562
-0.143884
-0.158402
-0.169008
-0.180064
-0.190086
-0.193182
-0.192
-0.19098
-0.09435
-0.111184
-0.12803
-0.142351
-0.152578
-0.162016
-0.171395
-0.175311
-0.173844
-0.172594
-0.0835929
-0.0994128
-0.114527
-0.128026
-0.137685
-0.145706
-0.154613
-0.159285
-0.158005
-0.156462
-0.0739579
-0.0884372
-0.102143
-0.115112
-0.124674
-0.132136
-0.139577
-0.144522
-0.14377
-0.142084
-0.0651753
-0.0789052
-0.091383
-0.10286
-0.112412
-0.118864
-0.125573
-0.130758
-0.130749
-0.128645
0.00699644
-0.0288131
-0.0846294
-0.156328
-0.243547
-0.348587
-0.474972
-0.622933
-0.803437
-1.01267
0.000463475
-0.0332085
-0.0842606
-0.150117
-0.230663
-0.329559
-0.446895
-0.579867
-0.725429
-0.918568
0.00953064
-0.0237652
-0.0748756
-0.141241
-0.224977
-0.32823
-0.447867
-0.592051
-0.75799
-0.901286
0.033876
0.00185471
-0.0462026
-0.108717
-0.187108
-0.278112
-0.381687
-0.497016
-0.619756
-0.728737
0.0702215
0.0375639
-0.00883104
-0.069744
-0.143567
-0.227067
-0.318423
-0.415657
-0.510979
-0.589498
0.11332
0.0842228
0.0377037
-0.0211528
-0.0912856
-0.169186
-0.251248
-0.33524
-0.414603
-0.477414
0.143839
0.115433
0.0725981
0.0186228
-0.0456714
-0.11723
-0.19125
-0.264398
-0.333014
-0.389237
0.167305
0.138019
0.0967663
0.0468049
-0.0116537
-0.0765495
-0.14339
-0.208045
-0.267662
-0.318752
0.179622
0.150645
0.111007
0.064482
0.0114876
-0.0466988
-0.10666
-0.164506
-0.216914
-0.262522
0.182878
0.154844
0.117272
0.074087
0.0260323
-0.0258943
-0.0790681
-0.130716
-0.177642
-0.218357
0.179372
0.153058
0.118022
0.0781105
0.0346299
-0.0115571
-0.0585945
-0.1046
-0.146797
-0.183408
0.17167
0.147399
0.115125
0.0784049
0.0388905
-0.00242899
-0.0439372
-0.0844458
-0.122241
-0.155362
0.16105
0.139299
0.11023
0.0767962
0.0408325
0.0035305
-0.0335472
-0.0693559
-0.102847
-0.132516
0.149557
0.130255
0.104214
0.0738836
0.0411375
0.00730262
-0.0260547
-0.0579251
-0.0877466
-0.114312
0.137417
0.120497
0.0975574
0.070506
0.0409633
0.0101322
-0.020428
-0.049314
-0.0758527
-0.0994408
0.125656
0.110912
0.0907691
0.0666496
0.040032
0.0121575
-0.0155136
-0.0417036
-0.0658569
-0.0873968
0.114455
0.101574
0.0838376
0.0624344
0.0386411
0.0135067
-0.0116884
-0.0356192
-0.0575182
-0.0769656
0.103802
0.0925533
0.0770218
0.0581268
0.036904
0.014256
-0.00855779
-0.0301268
-0.0497048
-0.0673353
0.094113
0.0841999
0.0704098
0.0535232
0.0344765
0.0141213
-0.00632072
-0.0255413
-0.0429438
-0.0588774
0.0850947
0.0761529
0.0636898
0.0484645
0.0313485
0.0130115
-0.00560646
-0.0230432
-0.0376668
-0.0499317
0.0750781
0.0667286
0.055351
0.0415764
0.0261453
0.00976999
-0.00668238
-0.0221177
-0.0345116
-0.0437813
0.0648822
0.0573444
0.0476182
0.0362591
0.0238089
0.010841
-0.00187878
-0.0147025
-0.0269953
-0.0374968
0.0561215
0.050366
0.0435318
0.0355563
0.0264611
0.0166576
0.00582114
-0.00599541
-0.0180618
-0.0297852
0.0498234
0.0458504
0.0411853
0.035384
0.028276
0.0197896
0.0103158
0.000349658
-0.0100904
-0.0216364
0.0452758
0.0422662
0.0384217
0.033551
0.0276421
0.0207045
0.012909
0.00483455
-0.00382269
-0.0142897
0.0408075
0.0383136
0.0350106
0.0309954
0.0263268
0.0209975
0.0148403
0.00817362
0.00080712
-0.00845096
0.0364803
0.0343926
0.0318131
0.0287562
0.0251805
0.0210528
0.0161275
0.0106434
0.00447424
-0.00363563
0.0330088
0.0312609
0.0292433
0.0268595
0.0240176
0.0207287
0.0168125
0.0124296
0.00745327
0.000540915
0.0302083
0.0287455
0.0270632
0.0250981
0.0227788
0.0201403
0.0170552
0.0136045
0.0096313
0.00391765
0.0277321
0.0265026
0.0250854
0.023463
0.0215796
0.0194569
0.0170002
0.0142795
0.0110982
0.00644354
0.0255676
0.0245158
0.0233294
0.0220004
0.0204739
0.0187553
0.0167704
0.0146128
0.0120869
0.00830944
0.0237266
0.0228175
0.0218134
0.0207125
0.0194636
0.0180671
0.0164481
0.0147153
0.0127599
0.00969765
0.022149
0.0213625
0.0205046
0.0195821
0.0185508
0.0174101
0.016081
0.0146659
0.0131741
0.010704
0.0207895
0.020107
0.0193719
0.0185957
0.0177375
0.0167955
0.0157029
0.0145288
0.0133708
0.0114163
0.0196229
0.019028
0.0183968
0.0177409
0.0170201
0.016234
0.0153372
0.0143537
0.0134328
0.0118985
0.0186244
0.0181046
0.0175615
0.0170035
0.0163924
0.0157319
0.0149947
0.0141677
0.0134199
0.0122159
0.0177712
0.017316
0.0168472
0.0163691
0.0158481
0.01529
0.014681
0.0139854
0.0133674
0.0124204
0.017044
0.0166438
0.0162377
0.0158255
0.0153798
0.0149056
0.0143994
0.0138146
0.0132966
0.0125494
0.0164256
0.0160723
0.0157192
0.0153621
0.0149795
0.0145747
0.0141513
0.0136596
0.0132207
0.0126293
0.0158999
0.0155873
0.0152793
0.0149687
0.0146393
0.0142925
0.0139363
0.0135225
0.0131476
0.0126785
0.0154528
0.0151758
0.0149066
0.0146359
0.0143516
0.0140537
0.0137527
0.013404
0.0130818
0.0127095
0.0150717
0.0148264
0.014591
0.0143547
0.0141091
0.0138529
0.0135976
0.0133035
0.0130256
0.0127304
0.014746
0.0145292
0.0143233
0.0141171
0.0139049
0.0136845
0.0134677
0.0132194
0.0129793
0.0127462
0.0144667
0.0142753
0.0140954
0.0139158
0.0137326
0.0135432
0.0133592
0.0131495
0.0129419
0.0127594
0.0142257
0.0140568
0.0139
0.0137439
0.0135862
0.0134239
0.0132681
0.0130912
0.0129121
0.0127711
0.0140154
0.0138665
0.0137303
0.0135951
0.0134599
0.0133214
0.0131901
0.0130414
0.0128874
0.0127809
0.0138284
0.0136976
0.0135799
0.0134635
0.0133482
0.0132309
0.0131211
0.0129969
0.0128652
0.0127878
0.0136578
0.0135435
0.0134426
0.0133431
0.0132459
0.0131475
0.0130569
0.0129541
0.0128425
0.0127899
0.013497
0.013398
0.0133125
0.0132286
0.0131478
0.0130665
0.0129931
0.0129093
0.012816
0.0127848
0.0133397
0.0132551
0.0131839
0.0131145
0.0130487
0.0129832
0.0129254
0.0128587
0.0127823
0.0127696
0.0131797
0.0131089
0.0130513
0.0129956
0.0129439
0.0128929
0.0128496
0.0127984
0.0127377
0.0127412
0.0130117
0.0129544
0.0129098
0.0128671
0.0128286
0.0127911
0.0127612
0.0127242
0.0126784
0.0126963
0.0128315
0.012787
0.0127548
0.0127244
0.0126983
0.0126735
0.0126559
0.012632
0.0126003
0.0126309
0.0126361
0.0126033
0.0125824
0.0125633
0.0125486
0.0125357
0.0125295
0.0125175
0.0124993
0.0125411
0.0124214
0.0123991
0.0123883
0.0123794
0.0123752
0.012373
0.0123772
0.0123762
0.012371
0.0124224
0.0121814
0.0121686
0.0121671
0.0121675
0.0121728
0.0121804
0.0121941
0.0122031
0.0122102
0.0122699
0.0119095
0.0119055
0.0119124
0.0119214
0.0119353
0.0119519
0.0119743
0.0119925
0.0120114
0.0120779
0.0115983
0.0116026
0.0116172
0.0116341
0.011656
0.0116809
0.011711
0.0117376
0.0117678
0.0118396
0.0112399
0.0112519
0.0112737
0.0112978
0.0113271
0.0113594
0.0113966
0.0114308
0.0114718
0.0115473
0.0108255
0.0108447
0.0108731
0.0109038
0.0109397
0.0109788
0.0110221
0.0110633
0.0111142
0.0111917
0.0103453
0.0103712
0.0104056
0.0104423
0.010484
0.010529
0.0105776
0.010625
0.0106847
0.0107621
0.00978857
0.00982061
0.00986031
0.00990221
0.00994889
0.00999873
0.0100515
0.0101043
0.0101711
0.0102461
0.0091433
0.00918084
0.00922511
0.00927133
0.00932197
0.00937544
0.00943121
0.009488
0.00955972
0.00962949
0.00839573
0.00843796
0.00848588
0.00853535
0.00858866
0.00864425
0.00870144
0.00876056
0.00883383
0.00889544
0.00753173
0.00757807
0.00762897
0.0076808
0.00773558
0.00779173
0.00784858
0.00790766
0.00797805
0.00802843
0.00653145
0.00658023
0.00663247
0.00668487
0.00673909
0.00679353
0.00684766
0.00690348
0.00696593
0.00700318
0.00538487
0.00543705
0.00549173
0.00554557
0.00559954
0.00565186
0.00570193
0.00575115
0.00580029
0.00582203
0.00405455
0.00410344
0.00415424
0.00420364
0.00425193
0.00429733
0.00433921
0.0043779
0.00441149
0.00442198
0.00256115
0.00260859
0.00265817
0.00270608
0.00275185
0.00279334
0.00282948
0.00285901
0.00287795
0.00287539
0.000895255
0.000928836
0.000963741
0.00099684
0.00102738
0.00105356
0.00107442
0.00108879
0.00109363
0.00108296
-0.053672
-0.0575793
-0.0576451
-0.0544568
-0.0514908
-0.0478973
-0.0434837
-0.0391419
-0.0349403
-0.0308528
-0.0270009
-0.0234473
-0.0201692
-0.0171387
-0.0143404
-0.011749
-0.0093519
-0.00714322
-0.00512046
-0.00327823
-0.00160918
-0.000107407
0.00123929
0.00241041
0.00331834
0.00370188
0.00634454
0.00416111
0.00727978
0.00743265
-0.0446031
-0.0484192
-0.0511057
-0.0507903
-0.0496039
-0.046927
-0.0435196
-0.0397932
-0.0358551
-0.0318884
-0.0280445
-0.0244025
-0.0209897
-0.0178123
-0.0148639
-0.0121284
-0.00959679
-0.00726271
-0.00512159
-0.00316686
-0.00139037
0.000216491
0.00167022
0.00296907
0.00396279
0.00420402
0.00743429
0.00496836
0.00839688
0.00893951
-0.0351496
-0.0386233
-0.0413474
-0.0429788
-0.0432851
-0.0419329
-0.0397792
-0.0369958
-0.0337747
-0.0303365
-0.0268551
-0.0234343
-0.0201375
-0.0170036
-0.0140503
-0.011283
-0.00870448
-0.00631335
-0.00410763
-0.0020831
-0.00023379
0.00144883
0.00298135
0.00437658
0.00547067
0.00550378
0.00933676
0.00638256
0.0102959
0.0108264
-0.0264109
-0.0289439
-0.0305586
-0.0324675
-0.033014
-0.0325359
-0.0312884
-0.0293573
-0.0269217
-0.0241647
-0.0212462
-0.0182751
-0.0153326
-0.0124763
-0.00974159
-0.00714898
-0.00471091
-0.00243357
-0.000320648
0.00162701
0.00341062
0.0050347
0.00651185
0.00786425
0.00895415
0.00868355
0.012793
0.00909559
0.0134974
0.0131478
-0.0185381
-0.0208245
-0.0227621
-0.0245851
-0.0252623
-0.0254469
-0.0249582
-0.0238705
-0.0222793
-0.0203135
-0.0180955
-0.0157255
-0.0132882
-0.010848
-0.00845066
-0.00612768
-0.00390077
-0.00178472
0.000210311
0.00207814
0.00381572
0.00542423
0.00691512
0.00832286
0.00955709
0.00920854
0.0136334
0.00980521
0.0150708
0.0141361
-0.0124258
-0.0151334
-0.0181275
-0.0202897
-0.0216653
-0.0225462
-0.022785
-0.0224655
-0.0216294
-0.0203698
-0.0187804
-0.0169526
-0.0149694
-0.0128995
-0.0107973
-0.00870409
-0.00665032
-0.00465858
-0.00274489
-0.000919915
0.000810384
0.00244567
0.00399871
0.00551858
0.00696983
0.0066108
0.0115876
0.00787998
0.0142082
0.0133519
-0.00750261
-0.0104363
-0.0137009
-0.016045
-0.0179464
-0.0192522
-0.0199665
-0.0201388
-0.0198013
-0.0190248
-0.017884
-0.0164586
-0.0148251
-0.0130519
-0.0111969
-0.00930704
-0.00741902
-0.00556114
-0.0037542
-0.00201291
-0.000346135
0.00124366
0.00276839
0.00428877
0.00583095
0.00526553
0.0107374
0.00671312
0.0137604
0.01283
-0.00304119
-0.00581494
-0.00872384
-0.0109356
-0.0128803
-0.0142769
-0.0151933
-0.01562
-0.0155836
-0.015131
-0.0143183
-0.0132093
-0.0118691
-0.01036
-0.00873751
-0.00704961
-0.00533554
-0.00362709
-0.00194865
-0.000318472
0.00125127
0.00275481
0.00420052
0.00565711
0.00722366
0.00633286
0.0121467
0.00750879
0.0149031
0.0134464
0.000717911
-0.00183051
-0.00442159
-0.00654125
-0.00842483
-0.00986593
-0.0109215
-0.0115534
-0.0117763
-0.0116143
-0.0111056
-0.0102975
-0.00924258
-0.00799438
-0.00660364
-0.00511654
-0.00357287
-0.0020063
-0.000443838
0.00109342
0.00259042
0.00403833
0.0054418
0.00687713
0.00853175
0.00737128
0.0135338
0.0084224
0.0161482
0.0141455
0.00359693
0.00121412
-0.00120193
-0.00330155
-0.00517659
-0.00670637
-0.007908
-0.00874243
-0.00921222
-0.00932578
-0.00910621
-0.00858684
-0.00780833
-0.00681527
-0.00565263
-0.00436356
-0.00298708
-0.00155758
-0.000103775
0.00135114
0.00278991
0.00420127
0.00558655
0.00703001
0.00882213
0.00744217
0.0139992
0.00856984
0.0166985
0.0143333
0.0058228
0.00361645
0.00137776
-0.000635927
-0.00246232
-0.00402756
-0.00531526
-0.00629083
-0.00694505
-0.0072756
-0.00729354
-0.00702013
-0.00648508
-0.0057239
-0.00477488
-0.00367679
-0.00246645
-0.0011776
0.000160477
0.00152335
0.00289216
0.0042535
0.00560514
0.00703851
0.00895874
0.00734153
0.014269
0.00851677
0.0169983
0.0143249
0.00756209
0.00557705
0.00356156
0.00170949
-3.58881e-06
-0.00152265
-0.00281721
-0.00385567
-0.00461953
-0.00509838
-0.00529314
-0.00521455
-0.00488212
-0.00432222
-0.00356572
-0.0026458
-0.00159567
-0.000447067
0.000771373
0.00203491
0.00332368
0.0046224
0.00592497
0.00732848
0.0093627
0.00748544
0.0147364
0.00863161
0.0173752
0.0143725
0.00888318
0.00713186
0.00534925
0.00368038
0.00210572
0.000674435
-0.000581494
-0.00163213
-0.00245389
-0.00303067
-0.00335542
-0.00343004
-0.00326496
-0.00287792
-0.00229223
-0.00153489
-0.000634593
0.000379974
0.00148181
0.00264673
0.00385449
0.00508841
0.00633848
0.0077056
0.00985394
0.00771418
0.0152575
0.00881213
0.0177621
0.0144407
0.00986012
0.00833182
0.00676918
0.00528025
0.00384924
0.00252232
0.00132838
0.000296453
-0.00054804
-0.00118555
-0.00160343
-0.0017967
-0.00176818
-0.0015279
-0.00109198
-0.000481183
0.000280845
0.00116913
0.00215908
0.0032278
0.00435528
0.00552404
0.00672032
0.00804646
0.0103105
0.00791185
0.0157228
0.00896232
0.0180843
0.0144789
0.0105713
0.00925158
0.00789392
0.00657876
0.00529429
0.0040825
0.00296804
0.00197885
0.00114027
0.000473626
-4.84881e-06
-0.000285176
-0.000364111
-0.000245123
6.21994e-05
0.000543136
0.00117922
0.00194962
0.00283276
0.00380764
0.00485508
0.00595736
0.00709721
0.00837541
0.0107528
0.00809776
0.0161487
0.00909408
0.0183548
0.0144973
0.0110865
0.00995627
0.00878638
0.0076356
0.00649651
0.00540526
0.00438243
0.00345404
0.00264414
0.00197456
0.00146346
0.00112425
0.00096473
0.000986791
0.00118653
0.0015548
0.00207823
0.00274032
0.00352288
0.00440729
0.00537574
0.00641079
0.00749202
0.00871502
0.0112016
0.00829374
0.016556
0.00922694
0.0185943
0.014512
0.0114598
0.0104958
0.0094938
0.00849422
0.0074938
0.0065221
0.00559633
0.00473984
0.00397469
0.00332209
0.00280091
0.00242656
0.00221007
0.00215749
0.00226962
0.00254229
0.00296686
0.00353116
0.00422054
0.00501912
0.00591088
0.00687914
0.00790074
0.00906202
0.0116531
0.00849827
0.0169445
0.00936218
0.0188082
0.0145284
0.0117317
0.0109103
0.0100559
0.00919227
0.0083202
0.00746264
0.00663409
0.00585484
0.00514464
0.00452331
0.00400944
0.00361933
0.00336602
0.00325857
0.00330156
0.00349498
0.00383447
0.00431194
0.00491633
0.00563465
0.00645298
0.00735587
0.0083178
0.00941144
0.0121018
0.00870772
0.0173124
0.00949851
0.0189989
0.0145487
0.0119319
0.011232
0.010506
0.00976261
0.00900682
0.00825543
0.00752077
0.00682
0.00617038
0.00558997
0.00509635
0.00470582
0.00443248
0.00428736
0.00427785
0.00440732
0.00467512
0.00507685
0.0056049
0.00624922
0.00699817
0.00783786
0.00874092
0.00976163
0.0125456
0.00892137
0.0176604
0.00963677
0.0191706
0.014575
0.0120822
0.0114855
0.0108702
0.0102319
0.00957987
0.00892538
0.00827901
0.00765498
0.00706813
0.00653447
0.00607021
0.00569102
0.00541123
0.005243
0.00519566
0.0052752
0.005484
0.00582091
0.00628149
0.00685855
0.00754282
0.00832223
0.00916799
0.0101113
0.0129828
0.0091389
0.0179901
0.00977797
0.0193271
0.0146091
0.0121981
0.0116887
0.0111685
0.0106213
0.0100607
0.00949338
0.00892841
0.00837736
0.00785285
0.00736881
0.00693983
0.00658054
0.00630493
0.0061256
0.00605307
0.0060952
0.00625678
0.00653935
0.00694133
0.00745818
0.00808299
0.00880563
0.0095964
0.0104588
0.0134116
0.00935959
0.0183028
0.00992264
0.019472
0.0146521
0.0122903
0.0118549
0.0114159
0.0109471
0.0104666
0.00997677
0.00948572
0.00900268
0.00853825
0.00810442
0.00771408
0.00738058
0.00711717
0.00693637
0.00684927
0.00686493
0.00698994
0.00722804
0.00758004
0.00804384
0.00861474
0.00928465
0.0100234
0.0108023
0.0138302
0.00958258
0.0185997
0.010071
0.019608
0.0147045
0.012366
0.0119933
0.0116233
0.0112219
0.0108111
0.0103897
0.00996503
0.00954438
0.00913663
0.00875196
0.00840163
0.00809761
0.00785219
0.00767738
0.00758438
0.00758293
0.00768084
0.00788355
0.00819381
0.00861164
0.00913437
0.00975592
0.010446
0.0111403
0.014237
0.00980701
0.0188822
0.0102232
0.0197377
0.0147666
0.0124299
0.0121102
0.011799
0.0114554
0.011105
0.0107436
0.010378
0.0100139
0.00965872
0.00932106
0.00901063
0.00873806
0.00851451
0.00835128
0.0082593
0.00824855
0.00832761
0.00850308
0.0087793
0.00915801
0.00963837
0.0102162
0.0108615
0.0114712
0.0146304
0.0100319
0.0191513
0.0103788
0.0198633
0.0148383
0.0124846
0.0122098
0.0119486
0.0116545
0.0113562
0.0110473
0.0107339
0.0104207
0.0101137
0.00982018
0.00954851
0.009308
0.0091087
0.00896104
0.00887543
0.00886177
0.00892897
0.00908444
0.00933365
0.00967976
0.0101234
0.0106623
0.011267
0.0117935
0.0150091
0.0102563
0.0194081
0.0105375
0.0199866
0.0149191
0.012531
0.0122946
0.0120757
0.0118242
0.0115709
0.0113076
0.0110404
0.0107725
0.0105092
0.0102566
0.0100218
0.00981305
0.00963918
0.00950975
0.0094345
0.009423
0.0094842
0.00962595
0.0098545
0.0101741
0.0105866
0.0110912
0.0116597
0.0121059
0.0153716
0.0104791
0.0196534
0.0106987
0.0201091
0.0150086
0.0125692
0.0123655
0.0121827
0.0119677
0.0117533
0.0115298
0.0113029
0.0110754
0.0108515
0.0106364
0.0104363
0.0102582
0.01011
0.0100004
0.00993837
0.00993296
0.00999295
0.0101263
0.0103398
0.0106385
0.0110251
0.0115002
0.0120368
0.012407
0.0157167
0.0106992
0.0198878
0.0108613
0.0202319
0.0151059
0.0125981
0.0124226
0.0122704
0.012087
0.0119061
0.0117172
0.0115259
0.011334
0.0111455
0.0109646
0.0107966
0.0106477
0.0105248
0.0104358
0.0103889
0.0103925
0.0104551
0.0105847
0.010788
0.0110707
0.0114363
0.0118864
0.0123957
0.0126957
0.0160429
0.0109154
0.020112
0.0110245
0.0203558
0.0152102
0.0126162
0.012465
0.0123389
0.0121828
0.012031
0.0118722
0.011712
0.0115518
0.0113948
0.0112448
0.0111064
0.010985
0.0108867
0.0108184
0.0107878
0.0108026
0.0108708
0.0110002
0.0111976
0.0114689
0.011818
0.0122475
0.0127337
0.0129708
0.0163489
0.0111264
0.0203259
0.0111869
0.0204813
0.0153203
0.0126212
0.0124912
0.0123874
0.012255
0.0121284
0.0119961
0.0118632
0.0117309
0.0116021
0.01148
0.0113687
0.0112728
0.0111979
0.0111501
0.0111363
0.0111638
0.0112399
0.0113721
0.0115673
0.0118311
0.012168
0.0125809
0.0130484
0.0132311
0.0166331
0.0113307
0.0205296
0.011347
0.0206085
0.0154349
0.0126106
0.0124992
0.0124144
0.0123028
0.0121982
0.0120889
0.01198
0.0118725
0.0117688
0.0116719
0.0115852
0.0115131
0.0114602
0.0114323
0.0114356
0.0114766
0.0115624
0.0116999
0.0118957
0.0121556
0.012484
0.0128844
0.013337
0.0134753
0.0168936
0.0115269
0.0207227
0.0115032
0.0207374
0.0155526
0.0125813
0.0124863
0.0124178
0.0123245
0.0122391
0.0121501
0.0120624
0.0119768
0.0118956
0.0118213
0.011757
0.0117067
0.0116746
0.0116658
0.0116859
0.011741
0.0118377
0.0119824
0.0121815
0.0124405
0.0127639
0.0131553
0.0135971
0.013702
0.0171285
0.0117132
0.0209043
0.0116536
0.0208675
0.0156718
0.0125299
0.0124494
0.012395
0.0123178
0.0122492
0.0121781
0.0121092
0.0120431
0.0119819
0.0119279
0.0118841
0.0118539
0.0118411
0.0118505
0.0118871
0.0119566
0.012065
0.0122184
0.0124229
0.0126837
0.0130052
0.0133912
0.0138257
0.0139094
0.0173352
0.0118875
0.0210733
0.011796
0.020998
0.0157907
0.0124526
0.012385
0.0123427
0.0122799
0.0122261
0.0121709
0.0121185
0.0120697
0.0120265
0.0119909
0.0119656
0.0119537
0.011959
0.0119855
0.0120381
0.012122
0.0122427
0.0124061
0.0126177
0.0128827
0.0132053
0.0135891
0.0140198
0.0140954
0.0175105
0.0120476
0.0212278
0.0119277
0.0211278
0.0159072
0.0123452
0.012289
0.0122572
0.0122071
0.0121665
0.0121252
0.0120876
0.0120543
0.0120271
0.012008
0.0119995
0.0120045
0.0120264
0.0120692
0.0121372
0.0122353
0.0123688
0.012543
0.0127633
0.0130345
0.0133608
0.0137455
0.0141757
0.0142569
0.0176506
0.0121906
0.0213656
0.0120459
0.0212553
0.0160189
0.0122029
0.0121567
0.012134
0.0120952
0.0120661
0.0120372
0.0120128
0.0119932
0.0119803
0.0119761
0.0119828
0.0120033
0.0120407
0.0120987
0.0121814
0.0122935
0.0124398
0.0126256
0.0128558
0.0131353
0.0134677
0.0138565
0.0142894
0.0143902
0.0177504
0.012313
0.0214832
0.0121471
0.0213787
0.0161233
0.0120199
0.0119827
0.0119677
0.0119389
0.0119199
0.0119021
0.0118892
0.0118819
0.0118818
0.0118909
0.0119114
0.011946
0.0119976
0.0120698
0.0121665
0.0122922
0.0124515
0.0126494
0.0128907
0.0131799
0.0135209
0.0139166
0.0143555
0.01449
0.0178034
0.0124103
0.0215763
0.0122269
0.0214954
0.0162171
0.0117898
0.0117603
0.0117519
0.0117319
0.0117219
0.0117137
0.0117111
0.0117146
0.0117259
0.0117469
0.0117798
0.0118271
0.0118917
0.0119771
0.0120871
0.0122258
0.012398
0.0126082
0.0128615
0.0131621
0.0135137
0.0139195
0.0143678
0.0145494
0.017801
0.0124768
0.0216389
0.0122803
0.0216022
0.016297
0.0115047
0.0114818
0.011479
0.0114667
0.0114644
0.0114647
0.011471
0.011484
0.0115054
0.0115369
0.0115808
0.0116395
0.0117159
0.0118134
0.0119357
0.0120868
0.0122715
0.0124943
0.0127601
0.0130733
0.0134378
0.0138565
0.0143179
0.0145587
0.0177319
0.0125052
0.0216629
0.0123008
0.0216948
0.0163589
0.0111555
0.0111382
0.0111401
0.0111344
0.0111387
0.0111463
0.0111603
0.0111814
0.0112115
0.0112521
0.0113056
0.0113743
0.0114612
0.0115695
0.011703
0.0118657
0.0120622
0.0122973
0.012576
0.0129029
0.0132819
0.0137164
0.0141948
0.0145049
0.0175811
0.0124852
0.0216369
0.01228
0.0217668
0.0163976
0.0107314
0.0107188
0.0107244
0.0107244
0.0107342
0.0107478
0.0107683
0.0107963
0.0108336
0.0108819
0.0109435
0.0110207
0.0111165
0.0112341
0.0113773
0.0115502
0.0117576
0.0120043
0.0122956
0.0126365
0.0130315
0.0134844
0.0139842
0.0143705
0.0173286
0.0124036
0.0215449
0.0122072
0.0218106
0.0164108
0.0102199
0.0102111
0.0102196
0.0102243
0.0102385
0.010257
0.0102825
0.010316
0.010359
0.0104134
0.0104813
0.0105652
0.0106681
0.0107931
0.0109441
0.0111255
0.011342
0.0115989
0.0119017
0.0122561
0.0126674
0.0131406
0.0136658
0.0141315
0.0169471
0.0122413
0.0213632
0.0120652
0.0218094
0.0163827
0.00960682
0.00960113
0.00961173
0.00961996
0.00963743
0.00965943
0.00968867
0.00972599
0.00977304
0.00983163
0.0099039
0.00999235
0.0100999
0.0102299
0.0103862
0.0105733
0.0107962
0.0110605
0.0113724
0.0117383
0.0121649
0.0126585
0.0132122
0.0137556
0.0164007
0.0119731
0.0210591
0.0118383
0.0217516
0.0163448
0.00887561
0.0088724
0.00888427
0.00889504
0.0089145
0.00893865
0.00896999
0.00900941
0.00905852
0.00911912
0.00919332
0.00928362
0.00939293
0.00952464
0.00968271
0.00987171
0.0100969
0.0103644
0.0106808
0.0110539
0.0114916
0.0120027
0.012585
0.0131985
0.0156394
0.0115579
0.020572
0.0114694
0.0215583
0.0161585
0.00801051
0.00800888
0.00802092
0.00803288
0.0080528
0.0080774
0.00810895
0.00814834
0.00819714
0.00825709
0.00833025
0.00841907
0.00852641
0.00865565
0.00881073
0.00899633
0.0092179
0.00948184
0.00979562
0.0101679
0.0106086
0.0111293
0.0117343
0.0124043
0.014604
0.0109531
0.0198442
0.0109767
0.0212719
0.0162247
0.00698783
0.00698767
0.00699938
0.00701154
0.00703058
0.00705397
0.00708373
0.00712075
0.00716652
0.0072227
0.00729125
0.00737449
0.00747516
0.00759651
0.00774237
0.00791733
0.00812687
0.00837758
0.00867738
0.00903582
0.00946452
0.00997775
0.0105871
0.011288
0.0131962
0.0100473
0.0186693
0.0100492
0.020385
0.015147
0.00580597
0.00580421
0.00581244
0.00582171
0.00583692
0.00585617
0.00588117
0.00591272
0.00595214
0.00600088
0.00606069
0.00613364
0.00622218
0.00632926
0.00645839
0.00661385
0.00680084
0.00702576
0.00729655
0.00762317
0.00801832
0.00849856
0.00908232
0.00978455
0.0113709
0.00883651
0.0170705
0.00915393
0.0195886
0.0161044
0.00441099
0.00441037
0.00441632
0.00442277
0.00443336
0.00444703
0.00446524
0.00448872
0.00451858
0.00455604
0.00460249
0.00465961
0.00472939
0.0048142
0.00491696
0.00504122
0.00519141
0.00537306
0.00559319
0.00586088
0.00618808
0.00659079
0.00708949
0.00771384
0.00889034
0.00696526
0.0142036
0.00672368
0.0162808
0.0100582
0.00285794
0.00284738
0.00284315
0.00284051
0.00284222
0.00284714
0.00285607
0.00286926
0.00288729
0.00291082
0.00294071
0.00297801
0.00302402
0.00308035
0.003149
0.00323247
0.00333393
0.00345744
0.00360829
0.00379358
0.00402311
0.00431085
0.00467729
0.00516466
0.00601443
0.00477773
0.0108869
0.0056372
0.0141222
0.0151058
0.00106281
0.00104785
0.00103692
0.00102833
0.00102331
0.00102086
0.00102111
0.00102384
0.00102904
0.00103678
0.00104724
0.00106071
0.0010776
0.00109849
0.00112409
0.00115535
0.0011935
0.00124012
0.00129734
0.00136803
0.00145626
0.00156783
0.00171094
0.00190392
0.0022299
0.00184394
0.00451998
0.00189039
0.00693044
0.00429812
-0.115988
-0.102513
-0.090324
-0.0798429
-0.0702717
-0.0619928
-0.0545044
-0.047635
-0.0414537
-0.0357937
-0.0306725
-0.0260119
-0.021778
-0.0179299
-0.014437
-0.0112765
-0.00840792
-0.00580299
-0.00345138
-0.00132014
0.000600079
0.00235512
0.00395271
0.0054228
0.00677603
0.00816066
0.00983701
0.0112395
0.0138684
0.0150898
-0.116946
-0.102577
-0.0903842
-0.0804025
-0.0713318
-0.0634974
-0.0561648
-0.049539
-0.0435448
-0.0380636
-0.0330699
-0.0284988
-0.0243297
-0.0205318
-0.0170745
-0.0139359
-0.0110775
-0.00848058
-0.00612563
-0.00397989
-0.00203614
-0.000256233
0.00137757
0.00289655
0.00432693
0.00584938
0.00749648
0.00921228
0.0119842
0.0132112
-0.116059
-0.101787
-0.089859
-0.0803296
-0.0712899
-0.0635463
-0.0561572
-0.04966
-0.0437278
-0.0382894
-0.0333032
-0.0287398
-0.0245717
-0.0207843
-0.017347
-0.0142214
-0.0113784
-0.00880432
-0.00647248
-0.00435101
-0.00243078
-0.000684566
0.000910075
0.00240287
0.00380978
0.00530027
0.00688801
0.00850453
0.0112714
0.0136924
-0.111067
-0.0974764
-0.0860358
-0.0775637
-0.0691739
-0.0618756
-0.0549328
-0.0489333
-0.0433537
-0.0381468
-0.0333374
-0.0289235
-0.024866
-0.0211643
-0.0177899
-0.0147052
-0.0118906
-0.0093276
-0.00699036
-0.0048523
-0.00290293
-0.00112729
0.00050875
0.00205531
0.00354595
0.00502426
0.00689846
0.00821685
0.0114338
0.0140015
-0.10541
-0.0934803
-0.0836598
-0.0761692
-0.0678161
-0.0603047
-0.0536294
-0.0479231
-0.0425001
-0.0374363
-0.0327782
-0.0284759
-0.024503
-0.0208725
-0.0175643
-0.0145501
-0.0118088
-0.00931474
-0.00704482
-0.00497818
-0.0030982
-0.00139911
0.000168148
0.00163277
0.00305503
0.00438498
0.0063941
0.00713784
0.0107366
0.0112673
-0.0988981
-0.0868604
-0.0793367
-0.0731228
-0.0651096
-0.0580412
-0.0521693
-0.04679
-0.0414852
-0.0366425
-0.0322411
-0.0281486
-0.02436
-0.0208847
-0.0177075
-0.0148084
-0.0121706
-0.00977093
-0.00759139
-0.00561411
-0.00381797
-0.00219966
-0.00071859
0.000638688
0.00194516
0.00314616
0.00503496
0.0053301
0.00907113
0.00870855
-0.0892651
-0.0804234
-0.0759486
-0.0697695
-0.0614634
-0.0551569
-0.0501097
-0.044932
-0.0399478
-0.0356054
-0.0316103
-0.0278029
-0.0242365
-0.0209361
-0.0178878
-0.0150806
-0.0125118
-0.0101661
-0.00803023
-0.00608843
-0.00432241
-0.00272807
-0.0012873
1.07365e-05
0.00124288
0.00231984
0.00408998
0.00404304
0.00788749
0.00849628
-0.0785943
-0.0719721
-0.0707639
-0.0648399
-0.0570287
-0.0517722
-0.0468108
-0.0413533
-0.0365386
-0.0324422
-0.0286142
-0.0250337
-0.0217461
-0.0186856
-0.0158276
-0.0131772
-0.0107445
-0.00851914
-0.00649237
-0.00465257
-0.00298654
-0.00148923
-0.000151445
0.00102607
0.00210827
0.00299929
0.00460401
0.00410908
0.00772976
0.00883781
-0.068456
-0.0661558
-0.0665452
-0.0598642
-0.0536101
-0.0496327
-0.0447967
-0.0397034
-0.0354402
-0.0315962
-0.0279157
-0.0245183
-0.0213956
-0.0184794
-0.0157618
-0.013243
-0.0109118
-0.00875848
-0.00678002
-0.00497021
-0.00332043
-0.00182556
-0.000475403
0.000710271
0.00177257
0.0025954
0.00437649
0.00359606
0.00687928
0.00776975
-0.0589256
-0.0625823
-0.0623449
-0.0567266
-0.0524066
-0.0487507
-0.0439502
-0.0393485
-0.0353325
-0.0314805
-0.0278313
-0.0244919
-0.0214032
-0.0185021
-0.0157876
-0.0132628
-0.0109185
-0.00874844
-0.00675169
-0.00492361
-0.00325691
-0.00174647
-0.000381455
0.00080842
0.00181396
0.00247028
0.00467154
0.00325674
0.00631632
0.00672568
0.000624526
-0.0185562
-0.0318423
-0.0465641
-0.0618187
-0.079776
-0.0971003
-0.10495
-0.113997
-0.124284
0.00168941
-0.0187986
-0.0338171
-0.0521742
-0.0691095
-0.0879599
-0.107978
-0.117079
-0.126595
-0.137896
0.00217562
-0.0219194
-0.0399566
-0.0618364
-0.0805948
-0.0996097
-0.121226
-0.131497
-0.140477
-0.151901
0.00132014
-0.0266709
-0.0475738
-0.0728764
-0.0941227
-0.112477
-0.13499
-0.146854
-0.154583
-0.166565
-0.000946683
-0.0321638
-0.0564981
-0.0852985
-0.109133
-0.126336
-0.149113
-0.163338
-0.170847
-0.18319
-0.00459478
-0.0396568
-0.0677468
-0.0983332
-0.124439
-0.141521
-0.16458
-0.182081
-0.190158
-0.202099
-0.0112921
-0.0504683
-0.0813533
-0.112084
-0.141207
-0.159983
-0.182998
-0.203585
-0.212762
-0.223468
-0.0199177
-0.0623353
-0.0958892
-0.127211
-0.160102
-0.182078
-0.204556
-0.227312
-0.238189
-0.247492
-0.0296133
-0.07517
-0.113192
-0.146003
-0.182141
-0.208067
-0.229757
-0.253786
-0.26751
-0.27547
-0.0411724
-0.090271
-0.134068
-0.169017
-0.207241
-0.237491
-0.259047
-0.283228
-0.300401
-0.307916
-0.0561193
-0.108568
-0.158489
-0.196838
-0.236223
-0.271095
-0.294151
-0.317424
-0.337405
-0.345843
-0.0759007
-0.131348
-0.187158
-0.230427
-0.270482
-0.309521
-0.336079
-0.357471
-0.378496
-0.389165
-0.0998814
-0.158917
-0.220243
-0.270398
-0.311379
-0.353076
-0.385282
-0.405827
-0.42525
-0.438676
-0.129747
-0.193749
-0.259768
-0.318714
-0.362886
-0.40414
-0.440786
-0.463622
-0.480263
-0.494372
-0.165754
-0.237447
-0.307141
-0.374589
-0.426393
-0.466957
-0.502168
-0.526135
-0.541692
-0.554167
-0.209488
-0.292678
-0.367119
-0.439219
-0.501045
-0.549719
-0.592806
-0.621262
-0.629725
-0.631108
-0.263874
-0.359941
-0.443526
-0.515397
-0.578584
-0.627282
-0.66118
-0.690996
-0.711857
-0.713823
-0.33613
-0.447716
-0.550636
-0.638772
-0.719324
-0.786712
-0.825227
-0.84036
-0.845571
-0.832135
-0.4132
-0.529997
-0.634931
-0.723181
-0.801684
-0.869192
-0.916041
-0.946816
-0.957789
-0.941883
-0.594488
-0.735764
-0.865151
-0.979971
-1.07489
-1.14249
-1.18643
-1.20367
-1.18924
-1.14659
0.175126
0.169115
0.160443
0.149069
0.135214
0.118688
0.100841
0.0800769
0.0584004
0.0353457
0.185306
0.178172
0.167981
0.154684
0.138728
0.120097
0.0995601
0.0770965
0.0529491
0.0294753
0.196164
0.187798
0.176191
0.161388
0.143549
0.123523
0.100747
0.0772038
0.0510508
0.0275917
0.208628
0.198992
0.185948
0.169748
0.150278
0.128665
0.104464
0.0795687
0.0515763
0.0278205
0.222443
0.211903
0.197637
0.180066
0.159239
0.135649
0.110212
0.0836785
0.0536583
0.0278261
0.238036
0.22711
0.212021
0.193114
0.170988
0.145265
0.117911
0.0893097
0.0565283
0.0267433
0.255058
0.243692
0.227713
0.207311
0.18347
0.15548
0.125119
0.0935116
0.0569538
0.0226622
0.272919
0.260667
0.243366
0.221048
0.194857
0.164276
0.130251
0.0951999
0.0551296
0.016754
0.292526
0.278942
0.259854
0.235185
0.206078
0.172517
0.134603
0.0957947
0.0525978
0.00990775
0.312914
0.297887
0.276764
0.249559
0.217166
0.180518
0.138595
0.0958577
0.0494334
0.00186636
0.335459
0.318946
0.295682
0.265747
0.229782
0.189605
0.143403
0.095942
0.0457197
-0.00776974
0.359071
0.340953
0.315217
0.282286
0.242182
0.197911
0.146994
0.0937432
0.0390227
-0.021128
0.384299
0.364325
0.335765
0.299405
0.254585
0.205361
0.149146
0.0892882
0.0292614
-0.0374276
0.41066
0.388573
0.356623
0.31629
0.266185
0.211081
0.149348
0.0816191
0.0147681
-0.0582601
0.437742
0.413204
0.377385
0.332617
0.27668
0.214423
0.146102
0.0698383
-0.00509768
-0.0845491
0.465126
0.437894
0.397541
0.347238
0.285061
0.214719
0.138813
0.0529289
-0.033095
-0.119007
0.491596
0.461021
0.415702
0.359236
0.289995
0.209416
0.124441
0.0299519
-0.0694796
-0.16575
0.515661
0.481398
0.430289
0.36595
0.288989
0.197647
0.100411
-0.00354459
-0.116114
-0.227203
0.534498
0.495697
0.438768
0.364923
0.278164
0.177315
0.0674482
-0.0481865
-0.171802
-0.294443
0.545094
0.501268
0.436758
0.347988
0.243675
0.126241
-0.00665668
-0.15084
-0.296339
-0.444846
0.0441265
0.0439614
0.0437971
0.0436338
0.0434735
0.0433178
0.0431677
0.0430241
0.0428877
0.0427609
0.0443479
0.0442353
0.044118
0.0439972
0.0438732
0.0437457
0.0436136
0.0434757
0.0433306
0.0431754
0.0447308
0.0446696
0.0445996
0.0445203
0.04443
0.0443265
0.0442078
0.0440723
0.0439184
0.0437423
0.0452116
0.0451363
0.0450519
0.0449586
0.0448547
0.0447383
0.0446079
0.044463
0.0443047
0.044132
0.0458181
0.0457194
0.0456128
0.0454987
0.0453748
0.0452393
0.0450914
0.0449299
0.0447587
0.0445798
0.0465679
0.046449
0.0463231
0.04619
0.0460465
0.0458909
0.0457235
0.045542
0.0453515
0.045161
0.0474662
0.0473259
0.0471792
0.0470248
0.0468589
0.0466799
0.0464898
0.0462852
0.0460699
0.0458645
0.0485207
0.0483563
0.048186
0.0480069
0.0478148
0.0476081
0.0473913
0.04716
0.0469136
0.0466897
0.0497421
0.0495506
0.0493534
0.0491454
0.0489224
0.0486833
0.0484344
0.0481727
0.0478882
0.047642
0.0511439
0.0509214
0.0506929
0.0504508
0.0501916
0.0499142
0.0496266
0.04933
0.0489989
0.0487262
0.0527421
0.0524841
0.0522191
0.0519366
0.0516345
0.0513119
0.050977
0.0506399
0.0502512
0.0499469
0.0545554
0.0542565
0.0539486
0.053618
0.0532648
0.0528884
0.0524953
0.0521104
0.0516505
0.0513072
0.0566073
0.0562617
0.055904
0.0555165
0.0551019
0.0546616
0.0541954
0.0537523
0.053203
0.0528096
0.0589214
0.0585205
0.0581024
0.0576453
0.0571554
0.056638
0.0560808
0.0555679
0.0549079
0.0544509
0.0615361
0.0610746
0.0605892
0.0600527
0.0594741
0.0588641
0.0581901
0.0575843
0.056779
0.0562308
0.064468
0.0639262
0.0633485
0.0627034
0.0620047
0.0612773
0.0604593
0.0597481
0.0587764
0.0581214
0.0677979
0.0671829
0.0665215
0.0657752
0.0649548
0.0640973
0.0630917
0.0622161
0.0609903
0.0601433
0.07149
0.0707419
0.0699186
0.0689791
0.0679409
0.0668781
0.0656361
0.0645957
0.0631523
0.0621466
0.0757331
0.0749073
0.0739971
0.0729535
0.0717763
0.0705627
0.0690438
0.0677272
0.0658032
0.0643774
0.0803565
0.0792989
0.0780965
0.0766961
0.0751038
0.0734745
0.071529
0.0698569
0.0677064
0.0660258
0.0857161
0.0845641
0.0832552
0.0817382
0.0799772
0.0782123
0.0758983
0.0739569
0.0709394
0.0686229
0.0914869
0.0900002
0.0882698
0.0862244
0.0838308
0.0813199
0.0782905
0.0753567
0.0720274
0.0687694
0.0981129
0.0964188
0.0944273
0.0920865
0.0892879
0.0865121
0.0828529
0.079906
0.0753615
0.0718287
0.10525
0.103212
0.100792
0.0979042
0.09444
0.0907574
0.0862819
0.0815045
0.0762719
0.0701818
0.113246
0.110791
0.107827
0.104267
0.0999428
0.0954163
0.0897662
0.0843699
0.0779793
0.0715603
0.121863
0.119065
0.115611
0.111404
0.106223
0.100693
0.0938642
0.086868
0.0785811
0.069926
0.131282
0.128035
0.123903
0.118775
0.112442
0.105424
0.0970121
0.0878037
0.0777663
0.067038
0.141467
0.137679
0.13271
0.126448
0.118685
0.109949
0.0994966
0.0882467
0.0757655
0.0618256
0.152362
0.148171
0.142404
0.134999
0.125656
0.115138
0.102195
0.0888895
0.073724
0.0584256
0.164264
0.159369
0.152388
0.143273
0.131848
0.118431
0.10323
0.0856206
0.0685069
0.0446061
0.0426584
0.04254
0.042406
0.0422543
0.0420834
0.041892
0.0416784
0.0414411
0.0411786
0.0408894
0.0405723
0.040226
0.0398497
0.0394427
0.0390051
0.0385372
0.0380402
0.0375165
0.0369691
0.0364028
0.0358234
0.0352386
0.0346575
0.0340911
0.0335521
0.0330548
0.0326156
0.0322523
0.0319854
0.0318382
0.0430174
0.0428641
0.0426967
0.042513
0.042312
0.0420922
0.0418518
0.0415892
0.0413026
0.0409902
0.0406507
0.0402826
0.0398848
0.0394568
0.0389984
0.0385101
0.0379935
0.0374507
0.0368854
0.0363025
0.0357082
0.0351105
0.0345188
0.0339441
0.0333993
0.0328984
0.0324573
0.0320935
0.0318267
0.0316796
0.0435421
0.0433487
0.0431401
0.0429156
0.0426742
0.0424144
0.0421346
0.041833
0.0415078
0.0411573
0.0407797
0.0403737
0.0399383
0.0394727
0.0389771
0.0384522
0.0378998
0.0373227
0.0367251
0.0361124
0.0354917
0.0348712
0.034261
0.0336724
0.0331179
0.0326113
0.0321678
0.0318038
0.031538
0.0313917
0.0439359
0.0437363
0.0435162
0.0432755
0.0430135
0.0427289
0.0424202
0.0420859
0.0417244
0.0413342
0.0409143
0.0404635
0.0399812
0.0394676
0.0389231
0.0383494
0.037749
0.0371258
0.0364848
0.0358325
0.0351769
0.034527
0.0338935
0.0332878
0.0327223
0.0322104
0.0317659
0.0314037
0.0311408
0.0309967
0.0443759
0.0441609
0.0439222
0.0436597
0.0433727
0.0430595
0.0427183
0.0423473
0.0419448
0.0415095
0.0410404
0.0405368
0.0399989
0.0394273
0.0388235
0.0381904
0.0375317
0.0368525
0.0361593
0.03546
0.0347636
0.0340802
0.0334211
0.0327977
0.0322223
0.0317069
0.031264
0.0309067
0.0306491
0.0305087
0.0449384
0.0446975
0.0444284
0.0441316
0.0438067
0.0434519
0.0430649
0.042644
0.0421874
0.0416939
0.0411628
0.0405937
0.0399875
0.0393457
0.0386711
0.0379677
0.0372409
0.0364973
0.0357452
0.0349938
0.0342536
0.0335356
0.0328515
0.0322126
0.0316305
0.0311157
0.0306788
0.03033
0.030081
0.0299461
0.0456155
0.0453408
0.045032
0.0446905
0.0443164
0.0439075
0.0434617
0.0429769
0.0424518
0.0418853
0.0412771
0.0406278
0.0399391
0.0392138
0.0384561
0.0376718
0.036868
0.0360533
0.0352377
0.0344321
0.0336481
0.0328975
0.032192
0.0315427
0.0309596
0.0304516
0.0300265
0.0296915
0.029455
0.0293278
0.0464061
0.0460882
0.0457287
0.0453309
0.0448949
0.0444186
0.0438996
0.043336
0.0427267
0.0420713
0.0413702
0.0406253
0.0398395
0.0390174
0.0381651
0.0372903
0.0364025
0.0355124
0.0346316
0.0337725
0.0329479
0.0321698
0.0314497
0.0307976
0.0302216
0.0297281
0.0293219
0.0290067
0.028787
0.02867
0.0473142
0.0469421
0.0465188
0.0460504
0.0455376
0.0449779
0.0443689
0.0437091
0.0429981
0.0422363
0.0414254
0.0405687
0.0396711
0.0387394
0.0377821
0.0368095
0.0358332
0.0348661
0.0339217
0.0330136
0.0321548
0.0313575
0.0306321
0.0299868
0.0294276
0.0289577
0.0285784
0.0282894
0.0280912
0.027987
0.0483433
0.0479031
0.0474002
0.0468444
0.046237
0.0455751
0.0448568
0.0440811
0.0432486
0.0423611
0.0414221
0.0404371
0.0394136
0.0383609
0.0372904
0.0362151
0.0351491
0.0341073
0.0331046
0.0321552
0.0312722
0.0304667
0.0297475
0.0291206
0.0285889
0.0281523
0.0278081
0.0275519
0.0273799
0.0272909
0.0494952
0.0489697
0.0483681
0.0477049
0.0469818
0.0461959
0.0453458
0.0444319
0.043456
0.0424222
0.0413365
0.040207
0.0390445
0.0378616
0.0366726
0.0354935
0.0343407
0.0332305
0.0321788
0.0311996
0.0303052
0.029505
0.0288054
0.0282094
0.0277165
0.027323
0.0270221
0.0268051
0.0266636
0.0265923
0.05077
0.050138
0.0494147
0.0486202
0.0477565
0.0468212
0.0458138
0.0447366
0.0435937
0.0423921
0.041141
0.0398523
0.0385402
0.0372211
0.0359125
0.034633
0.0334008
0.0322332
0.0311458
0.0301518
0.0292616
0.0284819
0.0278162
0.027264
0.0268212
0.0264802
0.0262303
0.0260584
0.0259514
0.0259
0.0521656
0.0514004
0.0505272
0.0495724
0.0485388
0.0474245
0.0462309
0.044963
0.0436284
0.0422376
0.040804
0.0393438
0.0378755
0.0364189
0.0349948
0.0336237
0.0323248
0.0311154
0.0300097
0.0290189
0.0281503
0.0274076
0.0267905
0.026295
0.025913
0.0256332
0.0254411
0.0253196
0.0252506
0.025221
0.0536746
0.0527448
0.0516891
0.0505408
0.0493036
0.0479771
0.0465658
0.0450783
0.0435268
0.0419266
0.0402961
0.0386564
0.0370301
0.0354406
0.033911
0.0324629
0.0311153
0.029884
0.0287807
0.027813
0.0269847
0.0262956
0.0257415
0.0253143
0.0250024
0.0247911
0.0246626
0.0245958
0.0245678
0.0245612
0.0552854
0.0541489
0.0528674
0.0514831
0.0500014
0.0484246
0.0467612
0.0450249
0.0432334
0.0414077
0.0395718
0.0377513
0.035973
0.034263
0.0326454
0.0311416
0.029769
0.0285402
0.0274629
0.0265404
0.0257719
0.025153
0.0246756
0.0243278
0.0240945
0.0239582
0.0238986
0.0238909
0.0239065
0.0239248
0.0569735
0.0555917
0.0540468
0.0523879
0.0506231
0.0487583
0.0468087
0.0447951
0.0427424
0.0406784
0.038633
0.0366364
0.0347182
0.0329059
0.0312232
0.0296895
0.0283183
0.0271177
0.0260903
0.0252339
0.0245427
0.024008
0.0236181
0.0233574
0.0232078
0.0231495
0.0231608
0.0232135
0.0232728
0.0233159
0.0587119
0.0570049
0.0551137
0.0531075
0.0509987
0.0487991
0.0465301
0.0442191
0.0418972
0.0395979
0.0373558
0.0352042
0.0331739
0.0312919
0.0295793
0.0280509
0.0267152
0.0255744
0.0246249
0.0238589
0.0232652
0.0228311
0.0225415
0.022378
0.02232
0.0223463
0.0224347
0.0225546
0.0226622
0.0227342
0.0604411
0.0584026
0.0561755
0.0538159
0.0513437
0.0487804
0.0461616
0.0435279
0.0409208
0.0383815
0.0359487
0.0336573
0.0315375
0.0296123
0.0278976
0.0264018
0.0251265
0.0240669
0.0232128
0.0225502
0.0220628
0.0217337
0.0215454
0.0214767
0.0215053
0.0216087
0.0217661
0.0219457
0.0220916
0.0221873
0.0621197
0.059542
0.0567413
0.0538564
0.050914
0.0479387
0.0449647
0.042032
0.0391822
0.036457
0.0338951
0.0315297
0.0293862
0.0274815
0.0258244
0.0244159
0.0232499
0.0223146
0.0215934
0.0210664
0.0207126
0.0205121
0.0204453
0.0204901
0.020623
0.0208208
0.0210655
0.0213276
0.0215291
0.0216632
0.0635829
0.0606671
0.0575743
0.0543302
0.0509779
0.0475787
0.0442055
0.0409244
0.0377926
0.0348573
0.0321561
0.0297159
0.0275534
0.0256764
0.0240839
0.0227676
0.0217127
0.0208994
0.0203041
0.0199012
0.0196654
0.0195734
0.0196046
0.0197357
0.0199429
0.0202022
0.0204987
0.0208105
0.0210327
0.0211852
0.0649954
0.0611059
0.0570272
0.0529932
0.0490648
0.0452583
0.0415958
0.038117
0.034865
0.0318786
0.029187
0.0268083
0.0247503
0.0230113
0.0215812
0.0204433
0.0195751
0.0189502
0.0185394
0.018313
0.0182426
0.0183036
0.0184748
0.0187342
0.019059
0.0194238
0.0198163
0.0202312
0.0205175
0.020716
0.0653296
0.0614426
0.0572504
0.0529222
0.0485436
0.0442397
0.0401415
0.0363298
0.0328548
0.0297442
0.0270107
0.0246559
0.0226726
0.0210456
0.019753
0.0187676
0.0180581
0.0175904
0.0173296
0.0172416
0.0172951
0.0174642
0.0177277
0.0180648
0.0184549
0.0188711
0.0193023
0.0197697
0.0200779
0.0203045
0.0667355
0.0609722
0.0555035
0.0503589
0.0455259
0.0410224
0.0368335
0.0330013
0.0295648
0.0265445
0.0239477
0.0217666
0.0199834
0.0185729
0.0175044
0.0167431
0.0162514
0.0159902
0.0159207
0.0160063
0.0162147
0.0165198
0.016901
0.0173398
0.0178189
0.0183089
0.0187923
0.0193257
0.0196717
0.0198921
0.064127
0.058981
0.053316
0.0475221
0.0420717
0.0370443
0.0325664
0.0286579
0.0252814
0.0224153
0.0200318
0.0181007
0.0165885
0.0154582
0.0146698
0.0141813
0.0139495
0.0139309
0.0140839
0.0143707
0.0147594
0.0152251
0.0157491
0.0163168
0.0169171
0.0175208
0.0181004
0.0187558
0.0192229
0.0195407
0.0653777
0.0575876
0.0509326
0.0453862
0.0400069
0.0350285
0.0305937
0.0266977
0.0233768
0.0206147
0.0183758
0.0166172
0.0152931
0.0143556
0.0137566
0.0134477
0.01338
0.0135059
0.0137807
0.014165
0.0146268
0.015142
0.0156921
0.0162645
0.0168539
0.0174303
0.0179473
0.0185382
0.0189893
0.0191538
0.0611562
0.0524254
0.0453081
0.038515
0.0325913
0.0277303
0.0235862
0.0201333
0.0173007
0.0150342
0.0132828
0.0119955
0.0111207
0.0106066
0.0104031
0.0104602
0.0107283
0.0111592
0.0117087
0.0123393
0.0130217
0.0137353
0.0144646
0.0152
0.0159452
0.0166736
0.0173059
0.0180295
0.0186334
0.0189438
0.0565531
0.047788
0.0397671
0.0333108
0.0279699
0.0231238
0.0191265
0.0159034
0.0133759
0.0114608
0.0100744
0.00915002
0.00862356
0.00843629
0.00853412
0.00886453
0.00937518
0.0100158
0.0107421
0.0115183
0.0123175
0.013123
0.0139223
0.0147078
0.0154927
0.0162629
0.0169065
0.0176356
0.0183472
0.0184544
0.0509379
0.0407644
0.0333971
0.0283695
0.0234617
0.0194043
0.0160306
0.0132758
0.0111817
0.00965568
0.00863593
0.00805318
0.00783934
0.00793436
0.008284
0.00883497
0.00953344
0.0103273
0.0111723
0.0120333
0.0128855
0.0137145
0.0145097
0.0152618
0.0159885
0.0166884
0.0171941
0.0177671
0.01837
0.0185052
0.0392858
0.0278314
0.0219965
0.0161639
0.0117677
0.00864501
0.00611641
0.00437314
0.00321512
0.00255458
0.00233434
0.00247901
0.00292564
0.00361735
0.00450579
0.00554076
0.00666898
0.00784052
0.00901508
0.0101639
0.0112687
0.0123216
0.01332
0.0142554
0.0151493
0.0160307
0.0166794
0.0173657
0.018139
0.0180052
0.0187161
0.0159212
0.0118069
0.00746473
0.00437176
0.00164467
-0.000198106
-0.00125617
-0.0017453
-0.00172358
-0.00130045
-0.000556525
0.000437298
0.00162204
0.00294914
0.00436778
0.00582316
0.00726517
0.0086563
0.00997146
0.0111981
0.0123342
0.0133845
0.014343
0.0152284
0.0161079
0.0167276
0.0173119
0.0181085
0.0180716
0.00159049
0.000201804
-0.00188466
-0.00320588
-0.0049608
-0.00616332
-0.00691194
-0.00709094
-0.00672952
-0.00591142
-0.00472422
-0.00326956
-0.00161799
0.0001655
0.00202632
0.0039079
0.0057546
0.00751762
0.00916101
0.0106627
0.0120166
0.0132264
0.0143064
0.0152558
0.016079
0.0168839
0.0174085
0.0177409
0.0184028
0.017874
-0.0198336
-0.022477
-0.0230774
-0.0237792
-0.0236354
-0.0228832
-0.021836
-0.0202908
-0.018423
-0.0162056
-0.0137396
-0.0110994
-0.00834777
-0.00555499
-0.00279904
-0.000139377
0.00237626
0.00471161
0.00684402
0.00876028
0.0104646
0.0119709
0.0133023
0.0144764
0.01548
0.0164475
0.0172403
0.0175473
0.0184582
0.0178823
-0.0333799
-0.0351111
-0.0353582
-0.0348128
-0.0335151
-0.0318662
-0.0296451
-0.027084
-0.0242548
-0.0212115
-0.0180647
-0.014857
-0.011633
-0.00843465
-0.00530525
-0.00228588
0.000570968
0.00321482
0.00560679
0.00774072
0.00963061
0.0112975
0.0127666
0.0140712
0.0151908
0.0162291
0.0172658
0.0174907
0.0186574
0.0177687
-0.0449075
-0.0445376
-0.0429385
-0.0408238
-0.038213
-0.0353704
-0.0320061
-0.02866
-0.0250805
-0.021478
-0.0178792
-0.0143557
-0.0109439
-0.00766686
-0.00454474
-0.00159719
0.00115847
0.00370245
0.00601402
0.00808937
0.00994024
0.0115854
0.0130427
0.0143428
0.0154702
0.0164607
0.0176209
0.0176625
0.0191297
0.0171963
-0.058886
-0.056483
-0.0526136
-0.0491414
-0.0456768
-0.0416938
-0.0374918
-0.033312
-0.028977
-0.0247553
-0.0205937
-0.0166052
-0.0128626
-0.00938884
-0.00617074
-0.00319241
-0.000439429
0.00209375
0.00440719
0.00650129
0.00838957
0.0100902
0.011617
0.0129973
0.0142339
0.0153142
0.0166581
0.0168659
0.0188877
0.0173509
-0.075427
-0.0709119
-0.0642678
-0.0588972
-0.0535721
-0.0482712
-0.0433546
-0.0384546
-0.0336535
-0.0290306
-0.0245441
-0.0202693
-0.0162369
-0.0124866
-0.00903807
-0.00588837
-0.00301601
-0.000402717
0.00196879
0.00410687
0.0060341
0.00777139
0.00934122
0.0107677
0.0120776
0.0132341
0.0147127
0.015247
0.0177465
0.0156571
-0.0891167
-0.0823178
-0.0733284
-0.0661042
-0.0586039
-0.0515284
-0.0455018
-0.0397083
-0.0344988
-0.0296129
-0.0250456
-0.0207674
-0.0167558
-0.0130209
-0.00957634
-0.00642785
-0.00357143
-0.000992121
0.00133382
0.00341461
0.00527889
0.00695273
0.00845867
0.00981529
0.0110677
0.0121224
0.0136612
0.0142099
0.0172074
0.0153359
-0.0964323
-0.0881715
-0.0788817
-0.0707578
-0.0624593
-0.0543642
-0.0473034
-0.0405831
-0.0347562
-0.0294306
-0.0246536
-0.0202994
-0.0163086
-0.0126394
-0.00926884
-0.00619016
-0.00339207
-0.000868625
0.00141065
0.0034438
0.00526361
0.00689127
0.00834795
0.00964703
0.0108506
0.0118191
0.0132655
0.013864
0.0165235
0.0154816
-0.10508
-0.0949219
-0.0850923
-0.0759202
-0.067229
-0.0589672
-0.051458
-0.0443109
-0.0380011
-0.0322707
-0.0271745
-0.022585
-0.0184306
-0.0146454
-0.0111961
-0.00805317
-0.00519686
-0.00261236
-0.000279935
0.00181182
0.00368893
0.00537166
0.00688656
0.00825092
0.00949096
0.0106298
0.0119817
0.0129703
0.0152129
0.0141936
-0.113223
-0.100828
-0.0895146
-0.0793801
-0.0699625
-0.0616305
-0.0540025
-0.0468661
-0.040424
-0.034541
-0.0292606
-0.0245011
-0.0201995
-0.0162991
-0.0127673
-0.00956797
-0.00666839
-0.00404332
-0.00167969
0.000444984
0.00235187
0.00407542
0.00563333
0.00704904
0.00832659
0.00957621
0.0110763
0.0122659
0.014543
0.0150664
)
;

boundaryField
{
    outlet
    {
        type            fixedValue;
        value           uniform 0;
    }
    upperWall
    {
        type            symmetryPlane;
    }
    lowerWall
    {
        type            symmetryPlane;
    }
    inlet
    {
        type            zeroGradient;
    }
    cylinder
    {
        type            zeroGradient;
    }
    frontAndBack
    {
        type            empty;
    }
}


// ************************************************************************* //
