/*--------------------------------*- C++ -*----------------------------------*\
| =========                 |                                                 |
| \\      /  F ield         | OpenFOAM: The Open Source CFD Toolbox           |
|  \\    /   O peration     | Version:  2312                                  |
|   \\  /    A nd           | Website:  www.openfoam.com                      |
|    \\/     M anipulation  |                                                 |
\*---------------------------------------------------------------------------*/
FoamFile
{
    version     2.0;
    format      ascii;
    arch        "LSB;label=32;scalar=64";
    class       volScalarField;
    location    "45.4";
    object      p;
}
// * * * * * * * * * * * * * * * * * * * * * * * * * * * * * * * * * * * * * //

dimensions      [0 2 -2 0 0 0 0];

internalField   nonuniform List<scalar> 
5478
(
-0.34176
-0.341019
-0.337141
-0.331284
-0.324512
-0.317245
-0.31013
-0.303428
-0.297121
-0.29084
-0.284207
-0.275755
-0.266196
-0.253656
-0.239196
-0.349294
-0.347393
-0.34326
-0.337689
-0.330852
-0.322606
-0.313039
-0.302556
-0.291489
-0.279979
-0.267926
-0.255524
-0.242925
-0.229362
-0.215916
-0.360626
-0.356715
-0.351545
-0.345203
-0.336913
-0.325867
-0.31243
-0.297596
-0.2823
-0.267151
-0.252535
-0.238365
-0.224313
-0.210052
-0.195804
-0.3758
-0.369372
-0.362311
-0.353944
-0.342121
-0.326549
-0.308648
-0.29006
-0.271882
-0.254644
-0.238287
-0.222698
-0.207729
-0.193237
-0.17974
-0.395867
-0.386141
-0.376634
-0.364078
-0.346347
-0.325131
-0.302922
-0.281287
-0.260944
-0.242028
-0.224512
-0.208233
-0.192854
-0.178421
-0.164551
-0.421692
-0.407087
-0.394012
-0.374347
-0.348805
-0.321613
-0.295383
-0.271101
-0.248961
-0.228878
-0.210575
-0.193755
-0.178236
-0.163864
-0.150202
-0.451934
-0.43159
-0.411207
-0.381682
-0.347759
-0.314895
-0.285043
-0.258443
-0.234824
-0.213774
-0.19494
-0.178035
-0.162762
-0.148892
-0.13571
-0.48056
-0.455992
-0.423875
-0.38282
-0.341045
-0.303255
-0.270327
-0.241842
-0.217125
-0.195561
-0.176623
-0.15993
-0.145236
-0.132149
-0.120216
-0.386165
-0.387978
-0.38853
-0.389213
-0.390284
-0.391685
-0.393356
-0.395262
-0.397434
-0.400053
-0.403498
-0.408268
-0.414685
-0.424057
-0.435578
-0.374642
-0.37526
-0.374655
-0.373831
-0.373087
-0.372503
-0.372235
-0.372601
-0.374127
-0.377639
-0.384168
-0.394832
-0.405982
-0.427321
-0.448357
-0.365431
-0.364978
-0.363404
-0.361283
-0.35898
-0.356725
-0.354851
-0.353905
-0.354513
-0.35792
-0.3651
-0.377436
-0.39304
-0.417947
-0.44149
-0.357642
-0.356454
-0.354048
-0.350625
-0.346711
-0.342728
-0.339153
-0.336651
-0.336079
-0.338621
-0.344634
-0.357227
-0.3716
-0.395564
-0.417763
-0.350731
-0.349302
-0.346167
-0.341393
-0.335702
-0.329828
-0.324448
-0.320352
-0.3184
-0.320029
-0.325236
-0.337438
-0.351114
-0.372246
-0.391084
-0.344673
-0.343526
-0.339813
-0.333781
-0.326394
-0.318768
-0.311942
-0.30699
-0.304894
-0.306749
-0.31239
-0.323265
-0.33532
-0.349783
-0.361522
-0.34016
-0.339481
-0.335456
-0.328702
-0.320384
-0.312129
-0.305194
-0.300647
-0.299074
-0.30048
-0.304754
-0.311021
-0.317428
-0.323043
-0.324012
-0.338716
-0.338292
-0.33425
-0.327639
-0.319619
-0.312038
-0.30565
-0.301
-0.2983
-0.29693
-0.296705
-0.295672
-0.293215
-0.288323
-0.280914
-0.46725
-0.504667
-0.473148
-0.366074
-0.256759
-0.194781
-0.168826
-0.209575
-0.254498
-0.226339
-0.168021
-0.151126
-0.157622
-0.191336
-0.262819
-0.302218
-0.263854
-0.187234
-0.120174
-0.0734003
-0.0404049
-0.0227371
-0.0115391
-0.00436624
-0.00144657
9.69737e-05
0.00269284
0.00176679
0.00158904
0.00200754
0.000627339
-0.000339903
2.09651e-05
-0.000170305
-0.000541411
-0.000209499
2.1358e-05
-7.84547e-06
-0.496267
-0.548644
-0.51788
-0.40251
-0.279676
-0.196695
-0.154011
-0.175622
-0.208192
-0.188359
-0.151052
-0.153807
-0.172462
-0.214836
-0.29193
-0.332653
-0.284723
-0.197827
-0.123631
-0.0727179
-0.037759
-0.0189633
-0.00804664
-0.00169418
-0.000142085
0.00075246
0.00337049
0.00188656
0.00202921
0.00248089
0.000695931
-0.000118176
0.000171279
-0.0001201
-0.000500189
-0.000159094
4.83521e-05
-3.9778e-06
-0.488133
-0.550127
-0.523378
-0.408142
-0.281625
-0.195414
-0.143209
-0.139043
-0.159899
-0.143227
-0.129401
-0.151351
-0.181459
-0.232389
-0.315248
-0.356609
-0.30278
-0.207999
-0.127505
-0.0735617
-0.0370188
-0.0173036
-0.00627539
-7.90268e-05
0.000748726
0.00125055
0.00376061
0.00197758
0.00244406
0.00285624
0.000754397
0.00017756
0.000309574
-8.28837e-05
-0.000436113
-0.00010846
6.91472e-05
4.28693e-07
-0.453984
-0.515994
-0.493275
-0.388211
-0.270375
-0.191475
-0.133356
-0.113655
-0.123846
-0.102555
-0.105487
-0.142509
-0.182631
-0.240235
-0.323851
-0.369524
-0.315486
-0.217578
-0.132181
-0.0757404
-0.0376809
-0.0171819
-0.00595023
0.000424989
0.00118601
0.00153439
0.00378158
0.00205625
0.00276161
0.00306294
0.000834193
0.000514709
0.000428506
-5.64337e-05
-0.000346959
-5.78018e-05
8.18204e-05
5.42642e-06
-0.411101
-0.458738
-0.44192
-0.355613
-0.255713
-0.18716
-0.126904
-0.100189
-0.103832
-0.0775264
-0.0813319
-0.130762
-0.176125
-0.234585
-0.328169
-0.377644
-0.328682
-0.227579
-0.137515
-0.0788037
-0.0395167
-0.0180478
-0.00648348
9.69586e-05
0.00122972
0.00154918
0.00345121
0.0020728
0.00291932
0.00308099
0.000945986
0.00083556
0.000520962
-3.6624e-05
-0.000237955
-8.45593e-06
8.56321e-05
1.09565e-05
-0.364786
-0.391072
-0.378601
-0.316835
-0.239826
-0.182428
-0.126263
-0.0938391
-0.0932111
-0.073879
-0.0684139
-0.121947
-0.167036
-0.226273
-0.317848
-0.370116
-0.32885
-0.233715
-0.142486
-0.082075
-0.0420539
-0.0195357
-0.0074744
-0.000676604
0.00100323
0.00133762
0.00291756
0.00199743
0.00289699
0.00294878
0.00107177
0.00109152
0.000584591
-2.03509e-05
-0.000120745
3.7599e-05
8.14106e-05
1.68482e-05
-0.313241
-0.32876
-0.323779
-0.284863
-0.229367
-0.178849
-0.13135
-0.0909587
-0.086643
-0.0781703
-0.0718881
-0.11401
-0.151733
-0.206109
-0.304271
-0.365424
-0.336516
-0.242526
-0.149204
-0.0868551
-0.0455002
-0.0217859
-0.00886257
-0.00170373
0.000607931
0.000984388
0.00233935
0.0018373
0.00272155
0.00274979
0.00116788
0.00125825
0.000622981
-5.43186e-06
-8.68676e-06
7.78998e-05
7.12167e-05
2.30937e-05
-0.270767
-0.279938
-0.277373
-0.254798
-0.218813
-0.181605
-0.139646
-0.0974868
-0.0889296
-0.0768229
-0.0784892
-0.116096
-0.140442
-0.185969
-0.28134
-0.339681
-0.320455
-0.245053
-0.157003
-0.0933475
-0.0502123
-0.0248395
-0.0107793
-0.00297545
7.90797e-05
0.000581811
0.0018046
0.00161644
0.00243015
0.0025239
0.00127421
0.00134721
0.00064125
8.65244e-06
9.05727e-05
0.000110664
5.6663e-05
2.96276e-05
-0.248337
-0.257412
-0.248295
-0.224249
-0.191289
-0.160494
-0.123853
-0.0910246
-0.0802783
-0.0695186
-0.0719585
-0.0605046
-0.103577
-0.148537
-0.248994
-0.315558
-0.313748
-0.23231
-0.147196
-0.0875998
-0.0483337
-0.02462
-0.0112594
-0.00368344
-0.000386076
0.000215783
0.00141148
0.00135831
0.00212611
0.00227193
0.00124355
0.00142206
0.000647035
1.18919e-05
0.00019687
0.000144809
3.56237e-05
3.57432e-05
-0.193025
-0.205838
-0.197443
-0.17579
-0.149931
-0.127945
-0.102557
-0.0813917
-0.0727196
-0.0671129
-0.0658749
-0.0902882
-0.0995589
-0.123323
-0.210439
-0.282969
-0.274218
-0.203468
-0.130371
-0.0796156
-0.0462792
-0.0248964
-0.0121738
-0.00469874
-0.00113849
-0.000285314
0.000740689
0.000948165
0.00169259
0.00185876
0.00116322
0.00132525
0.00059173
2.86839e-05
0.000269058
0.000160723
1.97903e-05
3.98341e-05
-0.157241
-0.170489
-0.165435
-0.150558
-0.130473
-0.113158
-0.094343
-0.07132
-0.0593632
-0.0549921
-0.0476018
-0.06058
-0.0769664
-0.101026
-0.16847
-0.236863
-0.232799
-0.174537
-0.113827
-0.0715783
-0.0433582
-0.0245328
-0.0128121
-0.00564256
-0.00190585
-0.000782411
0.000211469
0.000592153
0.00128412
0.00150691
0.00104861
0.00119213
0.000553369
6.36067e-05
0.000298735
0.000169567
1.74743e-05
4.06058e-05
-0.126793
-0.137195
-0.134064
-0.121501
-0.104447
-0.0886392
-0.0739209
-0.0565228
-0.0456828
-0.040255
-0.029943
-0.0272751
-0.0254568
-0.0523874
-0.115668
-0.181895
-0.176631
-0.133369
-0.0914559
-0.0612882
-0.0399335
-0.0241351
-0.0133942
-0.00652371
-0.00269087
-0.00131935
-0.000320718
0.000192891
0.000879906
0.00116417
0.000872583
0.00103827
0.000520864
9.44509e-05
0.000300004
0.000173005
2.29333e-05
3.96397e-05
-0.0990737
-0.108282
-0.107291
-0.0989296
-0.0865062
-0.0744629
-0.0631387
-0.0481227
-0.0350955
-0.0252316
-0.0084195
0.0132008
0.0264468
0.00526648
-0.0582966
-0.115931
-0.121414
-0.100483
-0.074362
-0.0520503
-0.0352028
-0.0222411
-0.0130766
-0.00692157
-0.00324384
-0.00174778
-0.000756248
-0.000165163
0.000520127
0.000842255
0.000712145
0.000889922
0.000490311
0.000129934
0.000291714
0.000173337
3.6439e-05
3.98595e-05
-0.0773359
-0.0854866
-0.0856004
-0.0795082
-0.0700659
-0.0596304
-0.0492149
-0.0365262
-0.0236275
-0.0121741
0.0059992
0.0313039
0.0480549
0.0357947
-0.0156196
-0.0621317
-0.0746166
-0.0666574
-0.0534275
-0.0411467
-0.0303049
-0.020767
-0.0130762
-0.0074377
-0.00385479
-0.00219475
-0.00114889
-0.000504497
0.000167661
0.00053475
0.000530108
0.000730076
0.000443411
0.000155067
0.000272813
0.000168591
5.22642e-05
3.97941e-05
-0.0603491
-0.0664276
-0.0668587
-0.0625408
-0.0554379
-0.0471362
-0.0386651
-0.0285437
-0.0168618
-0.00499425
0.0109146
0.0303167
0.0438558
0.0373215
0.00445833
-0.0278249
-0.0434124
-0.045462
-0.0408976
-0.0335076
-0.0257627
-0.0184051
-0.0121104
-0.0073006
-0.00411056
-0.00251009
-0.0014809
-0.000809685
-0.000144604
0.000255341
0.000371107
0.000585255
0.000391074
0.000182559
0.000261667
0.000164526
6.93868e-05
4.24068e-05
-0.0457254
-0.0506268
-0.0515704
-0.0486359
-0.043331
-0.0368573
-0.0298577
-0.0217557
-0.0121407
-0.00208799
0.00984583
0.0229012
0.032205
0.0287545
0.00974918
-0.0112761
-0.0246667
-0.0284723
-0.0273765
-0.0241817
-0.0201734
-0.0155397
-0.0109284
-0.0070099
-0.00421002
-0.00269091
-0.00169642
-0.00103673
-0.000411529
5.47423e-06
0.000212056
0.000444253
0.000326129
0.000203073
0.000253863
0.000155779
8.48019e-05
4.41951e-05
-0.0341688
-0.0382498
-0.0391324
-0.0370006
-0.0330612
-0.0282013
-0.0227929
-0.0166602
-0.00941577
-0.00165679
0.0067168
0.0150052
0.0208659
0.0192691
0.0091156
-0.00330633
-0.012747
-0.0175742
-0.0190489
-0.0182957
-0.0161682
-0.0130678
-0.00962708
-0.00650635
-0.004173
-0.00282289
-0.00189076
-0.00123456
-0.000634661
-0.000207996
6.87626e-05
0.000317029
0.000257957
0.000220705
0.000250877
0.000148644
0.000104323
5.75648e-05
-0.0251879
-0.0281787
-0.0289012
-0.0275254
-0.0247837
-0.0212894
-0.0173045
-0.0128169
-0.00762231
-0.00201277
0.00359018
0.00870029
0.0122017
0.011734
0.0066418
-0.000374194
-0.00648728
-0.0104678
-0.0122895
-0.0124669
-0.0116593
-0.0100391
-0.00785255
-0.00560855
-0.00379635
-0.00270745
-0.00193197
-0.00134859
-0.000799351
-0.000385972
-4.64966e-05
0.000226825
0.000197742
0.000229952
0.000254087
0.000137788
0.000108041
4.9179e-05
-0.017845
-0.0201454
-0.0209147
-0.0200789
-0.0181798
-0.0157159
-0.0129153
-0.00980239
-0.00627456
-0.00250115
0.00118237
0.00432642
0.00642433
0.00651666
0.00421397
0.000566045
-0.00303468
-0.00565098
-0.00740243
-0.00823513
-0.00828908
-0.00758252
-0.00625998
-0.00474397
-0.00341415
-0.00257374
-0.0019386
-0.0014039
-0.000904328
-0.000508285
-0.000128459
0.000158365
0.000161668
0.000258751
0.000278056
0.000154046
0.000146933
8.47599e-05
-0.0120187
-0.0138619
-0.0145558
-0.0141049
-0.0128603
-0.0112296
-0.00937619
-0.00733042
-0.0050389
-0.00261815
-0.000264228
0.00167542
0.00297797
0.00327029
0.00235311
0.000625838
-0.00136488
-0.00313216
-0.00440924
-0.00514645
-0.00540699
-0.00519949
-0.00454489
-0.00367887
-0.00284258
-0.00229202
-0.00185388
-0.00143981
-0.000974926
-0.000608369
-0.000210935
0.000107571
0.000105394
0.000236066
0.000276398
0.000125256
0.000111698
4.93231e-05
-0.00752309
-0.00892704
-0.00952802
-0.00934471
-0.00862034
-0.0076118
-0.00644845
-0.00517759
-0.00376012
-0.00226395
-0.000849901
0.000329819
0.00115121
0.0014758
0.00124001
0.000566796
-0.000401108
-0.00131548
-0.00211476
-0.00272302
-0.00314526
-0.00329371
-0.00308813
-0.0026981
-0.00221903
-0.00190361
-0.00163588
-0.0012995
-0.00091074
-0.000565978
-0.000147621
0.00016364
0.000172356
0.000332478
0.000361894
0.000209729
0.000205318
0.000120476
-0.00397025
-0.00505993
-0.0056035
-0.00559577
-0.00523374
-0.00466829
-0.00399408
-0.00326509
-0.00244711
-0.00159562
-0.000742762
-7.6454e-05
0.000428554
0.000732746
0.000780934
0.000625858
0.000250861
-0.000141825
-0.00060142
-0.00100369
-0.00133037
-0.00157183
-0.00165338
-0.00169248
-0.00163262
-0.00157031
-0.00148199
-0.00138078
-0.000982862
-0.000632682
-0.000215517
0.000131575
0.000115679
0.00025949
0.000325591
0.000135478
0.000103692
4.58868e-05
-0.00116948
-0.00204155
-0.00254445
-0.00268031
-0.0025401
-0.00226298
-0.00191535
-0.00154604
-0.00112697
-0.000704259
-0.000275738
7.96165e-05
0.000411889
0.000668991
0.000822365
0.000907026
0.00083243
0.000715093
0.000509316
0.000292079
4.17807e-05
-0.000240321
-0.00044308
-0.000698662
-0.000834782
-0.000939388
-0.000942139
-0.000538142
-0.000518047
-0.000302192
8.50283e-05
0.000386133
0.000358296
0.000492457
0.000522883
0.000332755
0.000284318
0.000158611
0.000990156
0.000303259
-0.000135635
-0.000333187
-0.000343625
-0.00025788
-0.000118051
2.20812e-05
0.000190864
0.000335762
0.000461133
0.000456151
0.000804688
0.00105604
0.00123281
0.00141534
0.00147524
0.00153993
0.00149012
0.00140458
0.00126004
0.000945871
0.000601821
9.11216e-05
-0.00034498
-0.000589548
-0.00071417
-0.000858244
-0.00122372
-0.000357751
7.22336e-05
0.000376641
0.000304244
0.000360849
0.000425779
0.000198756
0.00010641
4.59597e-05
0.00274477
0.00219556
0.00181094
0.00158383
0.00148653
0.00146137
0.00148257
0.00150789
0.00157489
0.00165082
0.00179787
0.00201492
0.00190423
0.00190218
0.00195686
0.00209366
0.00216004
0.00227708
0.0022803
0.0023121
0.0023005
0.00210415
0.00180103
0.00122107
0.000700164
0.000349291
0.000192849
0.000537876
0.00121443
0.00073102
0.000746974
0.000892299
0.000755835
0.000769848
0.000773854
0.00051952
0.000380431
0.000194724
0.00407166
0.00363442
0.00330345
0.00308573
0.0029558
0.00287273
0.00282675
0.00277168
0.00274611
0.00270466
0.00269561
0.00267071
0.0026545
0.00267227
0.00271128
0.00285019
0.00292095
0.00303243
0.00306564
0.00314795
0.00323887
0.00304125
0.00267477
0.00199422
0.00132648
0.000956377
0.00080053
0.000799822
0.00104922
0.000905829
0.000829818
0.000883175
0.000724791
0.00059092
0.000604129
0.000347563
0.000146039
5.71674e-05
0.0052113
0.00485169
0.00456488
0.004351
0.00419913
0.00407332
0.00397855
0.00386861
0.00378538
0.00368609
0.00361597
0.0035351
0.00349114
0.00349058
0.00350618
0.00361801
0.0036868
0.00381258
0.00389535
0.00407158
0.00426699
0.00424547
0.00393753
0.00331694
0.00267269
0.00217797
0.00194305
0.00183414
0.00177284
0.00175192
0.0015367
0.00155898
0.00130567
0.00111436
0.00109918
0.000756311
0.000473127
0.000222926
0.00623866
0.00595657
0.00570846
0.00549403
0.00532469
0.00516569
0.00502794
0.00487615
0.00474527
0.00461844
0.00451008
0.00441556
0.00431737
0.00427385
0.0042241
0.00426516
0.00431492
0.00440055
0.00450514
0.00457957
0.00463156
0.00464519
0.00448507
0.00424428
0.00390989
0.00340834
0.00310972
0.00265303
0.0023394
0.00218908
0.00163767
0.00157137
0.00129578
0.000889372
0.000894769
0.000569591
0.00023081
9.27729e-05
0.00663539
0.00640863
0.00620443
0.00602038
0.00585869
0.00570246
0.00555278
0.00540229
0.00526127
0.0051254
0.00499763
0.00487894
0.00477543
0.00470778
0.00464603
0.00459872
0.0045593
0.00453636
0.00452546
0.00451947
0.00448135
0.00443916
0.00431489
0.00411359
0.00392987
0.00364731
0.00338093
0.00308433
0.00272395
0.00262863
0.0022511
0.00203489
0.00182971
0.00146069
0.0012993
0.000976051
0.000575957
0.000239194
0.00711489
0.00693777
0.00675864
0.00658202
0.00641685
0.00625586
0.0060995
0.00593996
0.00578623
0.00564172
0.0055058
0.00537792
0.00524794
0.00513747
0.00503317
0.00495977
0.00488623
0.00483794
0.00479139
0.00474386
0.00469267
0.00459638
0.00447653
0.00426766
0.00403217
0.00374348
0.00340827
0.00312113
0.00277775
0.00252654
0.00215093
0.00186595
0.00164491
0.00124911
0.00106293
0.000777785
0.000381038
0.000130733
0.00724898
0.00708796
0.00692388
0.00675847
0.0065953
0.00643418
0.00627537
0.00611772
0.0059615
0.00580962
0.00566278
0.00552529
0.00539182
0.00527114
0.00515255
0.00505235
0.00495775
0.00487506
0.00480123
0.00472079
0.00464394
0.00453059
0.00440619
0.00423539
0.00402142
0.00381042
0.00351392
0.00326388
0.0029253
0.00270731
0.00241641
0.00209135
0.00189663
0.00152412
0.00126171
0.00099009
0.00055117
0.000193405
-0.105613
-0.118347
-0.131575
-0.145167
-0.160732
-0.176017
-0.195239
-0.216944
-0.0897931
-0.099527
-0.109509
-0.120307
-0.131575
-0.14306
-0.154428
-0.168817
-0.0744552
-0.0812698
-0.0880443
-0.0957524
-0.103703
-0.11205
-0.121424
-0.134414
-0.0619264
-0.0667848
-0.0716597
-0.0773853
-0.0838171
-0.0909774
-0.0997861
-0.11036
-0.0508234
-0.054377
-0.0580593
-0.0625432
-0.0678375
-0.0734002
-0.0794128
-0.0866735
-0.0414337
-0.0439557
-0.0466475
-0.0498292
-0.0534205
-0.0569806
-0.0611239
-0.0671177
-0.0332338
-0.0348896
-0.0366207
-0.038652
-0.0410572
-0.0438137
-0.0475665
-0.0526663
-0.0260616
-0.0270678
-0.0281239
-0.0295505
-0.0315654
-0.0340374
-0.0368236
-0.0402644
-0.0198749
-0.0205273
-0.0212865
-0.0224168
-0.023874
-0.025379
-0.0270813
-0.0297253
-0.0146808
-0.0151083
-0.0155633
-0.0161943
-0.017
-0.0180169
-0.0195022
-0.0217827
-0.0101502
-0.0103882
-0.0106132
-0.011005
-0.011658
-0.0125834
-0.0137714
-0.0154087
-0.0063519
-0.00654129
-0.00672084
-0.00702161
-0.00748954
-0.00809244
-0.00888217
-0.0101106
-0.00321117
-0.00337646
-0.00350652
-0.00368741
-0.00397407
-0.00440174
-0.00504267
-0.00604456
-0.000602786
-0.000755289
-0.000872507
-0.00101773
-0.00124767
-0.00159351
-0.00209706
-0.0028579
0.00152574
0.00136332
0.00123324
0.00109991
0.000922055
0.000665989
0.000284282
-0.000303492
0.00321216
0.0030506
0.00291485
0.00278704
0.002636
0.00242879
0.00212305
0.00166233
0.00462012
0.00445142
0.00430536
0.00417669
0.00404171
0.00387076
0.0036268
0.00326815
0.00570368
0.005536
0.00538426
0.00525092
0.00512167
0.00497161
0.00476973
0.00448388
0.00668092
0.00650437
0.00634314
0.0062045
0.00607695
0.00594149
0.00577119
0.00554283
0.00739281
0.00722651
0.00707496
0.00694958
0.00684001
0.00673691
0.0066174
0.00646784
0.00776716
0.00762735
0.00748568
0.00735219
0.00722513
0.00710173
0.00697133
0.00682884
0.00804321
0.00791144
0.00777813
0.00765347
0.00754152
0.00744125
0.00734637
0.00724892
0.00815156
0.00804176
0.00792516
0.00780751
0.00769357
0.00758507
0.00748099
0.00737859
0.0519788
0.0551301
0.0578492
0.059422
0.0591959
0.0570731
0.0529138
0.0461579
0.0357999
0.02041
-0.00195642
-0.0339744
-0.0799653
-0.143215
-0.198467
0.0292812
0.0302198
0.0293141
0.0268366
0.0227405
0.0167316
0.00829715
-0.00336105
-0.0193542
-0.0411852
-0.0709057
-0.111182
-0.166017
-0.239771
-0.297244
0.00697094
0.00545496
0.000923793
-0.00519805
-0.0126917
-0.0221563
-0.0344011
-0.050351
-0.0711628
-0.0984028
-0.134246
-0.181355
-0.242958
-0.323089
-0.378639
-0.01564
-0.0199443
-0.0273513
-0.0361212
-0.0462799
-0.0586721
-0.074183
-0.0937234
-0.118426
-0.149841
-0.190394
-0.24247
-0.308848
-0.388863
-0.440774
-0.0386729
-0.0456193
-0.0549072
-0.0653818
-0.0775371
-0.0922898
-0.110397
-0.132692
-0.160253
-0.19451
-0.238047
-0.293205
-0.360637
-0.436654
-0.482828
-0.0612784
-0.0703561
-0.0808128
-0.0925336
-0.106244
-0.122779
-0.142729
-0.166854
-0.196227
-0.232234
-0.276922
-0.332146
-0.397548
-0.466325
-0.505503
-0.0829605
-0.0930828
-0.104358
-0.117196
-0.132258
-0.150061
-0.171142
-0.196226
-0.226285
-0.262533
-0.3065
-0.359335
-0.419622
-0.478113
-0.510866
-0.102783
-0.113588
-0.1257
-0.139543
-0.155569
-0.174172
-0.195785
-0.221026
-0.250729
-0.285866
-0.32748
-0.375814
-0.427868
-0.473645
-0.501665
0.185745
0.200361
0.216658
0.235049
0.255573
0.278108
0.30255
0.328849
0.356922
0.386509
0.417025
0.447316
0.475416
0.497447
0.515581
0.182356
0.196032
0.211441
0.229036
0.248735
0.270276
0.293498
0.318346
0.344729
0.372347
0.400539
0.428056
0.452801
0.47098
0.485358
0.174905
0.186852
0.20077
0.217052
0.235357
0.255203
0.276322
0.298618
0.32196
0.345981
0.369912
0.392361
0.410995
0.422178
0.43002
0.163397
0.17307
0.185058
0.199508
0.215756
0.233145
0.251341
0.270184
0.289442
0.308596
0.32669
0.342131
0.352258
0.353465
0.352651
0.147916
0.155074
0.165071
0.177535
0.191263
0.205442
0.219785
0.234172
0.2483
0.261473
0.272489
0.279489
0.279453
0.268601
0.256922
0.128807
0.132997
0.140866
0.151252
0.162293
0.173005
0.183108
0.192476
0.200727
0.207015
0.209933
0.207364
0.195921
0.171672
0.147468
0.106554
0.108445
0.114357
0.122044
0.129605
0.136271
0.141814
0.145967
0.148112
0.147188
0.141581
0.128943
0.105568
0.0675575
0.0307399
0.0806922
0.0816382
0.0866457
0.0916393
0.095296
0.0974126
0.0979823
0.0966168
0.0924535
0.0842018
0.0700392
0.0473805
0.0121966
-0.0391244
-0.0869879
0.0221449
0.0268495
0.0228793
0.0272272
0.0245489
0.0291633
0.0273606
0.0318043
0.0315173
0.0358687
0.0370799
0.0419965
0.0447002
0.0506043
0.055512
0.0630579
0.0706628
0.0810633
0.0924765
0.106658
0.122811
0.142616
0.165308
0.0221853
0.0268027
0.022932
0.027193
0.0245828
0.0291525
0.0274011
0.0318134
0.03158
0.0358986
0.0371703
0.0420438
0.0447926
0.0507118
0.0556623
0.0632927
0.0710696
0.0811912
0.0923441
0.10644
0.122074
0.141437
0.163071
0.0222363
0.0267296
0.023003
0.0271304
0.0246469
0.0291278
0.027468
0.0317919
0.0316728
0.0358895
0.0373365
0.0420666
0.0449121
0.0507616
0.0557162
0.0632829
0.0709284
0.08099
0.0916936
0.105431
0.120126
0.138529
0.158071
0.0222967
0.026633
0.0230946
0.0270418
0.0247408
0.0290489
0.0275551
0.0317484
0.0317854
0.0358553
0.0375385
0.042062
0.0450799
0.0508872
0.0557605
0.0636316
0.0708977
0.0808315
0.0907894
0.103957
0.117113
0.133868
0.150123
0.022365
0.0265165
0.0231805
0.0269312
0.0248544
0.0289472
0.0276592
0.031676
0.0319106
0.0358025
0.0376323
0.0419917
0.0451666
0.0508228
0.0557233
0.0630501
0.0702001
0.0797372
0.0889796
0.101179
0.112532
0.127067
0.138966
0.0224359
0.026384
0.0232738
0.0268046
0.0249758
0.0288464
0.0277807
0.0316195
0.0320395
0.0357814
0.0377291
0.0420285
0.0454738
0.0511531
0.0561185
0.0632644
0.0699928
0.0794263
0.0874552
0.0985622
0.107203
0.118738
0.125162
0.0225096
0.0262399
0.0233727
0.026671
0.0250952
0.0287176
0.0278958
0.0315137
0.0321604
0.0357095
0.037884
0.0419242
0.0454319
0.0508369
0.0555491
0.062173
0.0686561
0.077173
0.0843936
0.0936718
0.100137
0.107787
0.108496
0.02258
0.0260906
0.0234648
0.0265336
0.0252435
0.0286312
0.0280418
0.0315099
0.0323155
0.035783
0.0381084
0.0422668
0.0459568
0.0514303
0.0562226
0.0633434
0.0688153
0.0771972
0.0824214
0.0902008
0.0923896
0.0956227
0.088428
0.0226659
0.025887
0.0235905
0.0263214
0.0253565
0.028382
0.0281159
0.0312686
0.0323904
0.035682
0.0381135
0.0418646
0.0454704
0.050336
0.0547597
0.0605758
0.0655359
0.0716112
0.0757548
0.0795494
0.0791705
0.075176
0.0627958
0.0227784
0.0256027
0.0237426
0.0260197
0.0254876
0.0280526
0.028166
0.0308233
0.032229
0.0348067
0.0374711
0.0406561
0.0441681
0.0482373
0.0522584
0.0566726
0.0606831
0.0641599
0.0665219
0.0663686
0.0637138
0.056318
0.0459723
0.0229151
0.0252487
0.0239215
0.0256531
0.0256353
0.0276322
0.028189
0.0302984
0.0320093
0.0341247
0.0368535
0.0394577
0.0427319
0.0459825
0.0493561
0.0523562
0.0551728
0.0565784
0.056962
0.0546201
0.0501717
0.0425086
0.0328174
0.0230797
0.0248157
0.0241259
0.0252505
0.0257507
0.0272342
0.028133
0.029773
0.0316632
0.033342
0.0359433
0.0380747
0.0409149
0.0434087
0.0459989
0.0477834
0.0493094
0.0492082
0.0479032
0.0444175
0.0389202
0.0312116
0.022126
0.0232753
0.024312
0.0242805
0.0249186
0.0257784
0.026851
0.0279612
0.0292239
0.0311542
0.0325002
0.0347994
0.0365644
0.0388108
0.0406188
0.0423358
0.0430499
0.0433819
0.0421874
0.039688
0.0355749
0.029789
0.0223357
0.0136796
0.0234806
0.0238254
0.0243377
0.02462
0.0257282
0.0264714
0.027675
0.0286443
0.0304803
0.0315689
0.0334318
0.0348644
0.0364479
0.0375822
0.0384782
0.0382831
0.0376381
0.0356857
0.0325313
0.0281553
0.0224956
0.0155264
0.00749157
0.0236623
0.0233668
0.0243053
0.0243464
0.0255895
0.026095
0.0272533
0.028014
0.0296414
0.0305189
0.0318841
0.0329664
0.0339168
0.0344169
0.0345761
0.0336777
0.0323075
0.029894
0.0264997
0.0221262
0.0167993
0.0104693
0.00322042
0.0237913
0.0229574
0.024174
0.0240898
0.0253472
0.0257062
0.0266987
0.0273147
0.0286648
0.0293374
0.030194
0.0308815
0.0312975
0.0312358
0.0307719
0.0293899
0.0275674
0.0249214
0.0215325
0.0173661
0.0125154
0.00693891
0.000612907
0.0238474
0.022616
0.0239304
0.0238372
0.0250027
0.0252892
0.0260244
0.0265245
0.0275799
0.0280224
0.0284015
0.0287065
0.028678
0.0281628
0.027206
0.0255259
0.0234819
0.0208044
0.0175838
0.0137738
0.00948929
0.00470177
-0.000666669
0.0238117
0.022351
0.0235713
0.0235701
0.0245753
0.0248146
0.0252484
0.0256295
0.0264146
0.0265987
0.0265516
0.0265029
0.0261401
0.0252993
0.0239938
0.0221536
0.0200685
0.0175231
0.0145802
0.0112041
0.00751371
0.00349756
-0.000953585
0.0236754
0.0221569
0.0231063
0.0232603
0.0240964
0.0242669
0.0243875
0.0246326
0.0251993
0.0251147
0.0246907
0.0243443
0.0237593
0.0227227
0.021201
0.0193081
0.0173095
0.0150148
0.0124212
0.00949922
0.00637673
0.00306902
-0.000550537
0.0234271
0.0220281
0.0225644
0.0228625
0.0235968
0.0236434
0.0234571
0.0235479
0.0239547
0.0236378
0.0228859
0.0222948
0.0215947
0.0204774
0.0188549
0.0169857
0.0151505
0.013175
0.0109656
0.00847966
0.00586336
0.00317167
0.000275448
0.0230843
0.0219127
0.022011
0.0223442
0.0230726
0.0229789
0.0224886
0.0224132
0.0226994
0.0222167
0.0211972
0.0203972
0.0196663
0.0185772
0.0169645
0.0151729
0.0135304
0.0118859
0.0100604
0.00797941
0.00580125
0.00362459
0.0013339
0.0226497
0.021753
0.0214807
0.0217404
0.0224685
0.0222741
0.0215244
0.0212719
0.0214572
0.0208831
0.0196865
0.0187419
0.0180017
0.0170062
0.0154916
0.0138196
0.012365
0.011015
0.00953694
0.00782395
0.00602903
0.00427823
0.00247757
0.0221521
0.0215131
0.0209913
0.0211053
0.0217899
0.0215268
0.0205859
0.020174
0.0202618
0.0196481
0.0183654
0.0173197
0.016618
0.0157474
0.0143844
0.012871
0.0115936
0.0104847
0.00929591
0.0079038
0.0064423
0.005042
0.00363345
0.021623
0.0211819
0.0205282
0.0204846
0.0210555
0.0207462
0.0196939
0.0191501
0.0191502
0.018533
0.0172373
0.016149
0.0154747
0.0147298
0.0135536
0.012221
0.0111021
0.0101766
0.00922062
0.00811274
0.00695532
0.00585271
0.00474656
0.0210634
0.0207741
0.0200874
0.0198944
0.0203166
0.0199572
0.0188715
0.018238
0.0181513
0.0175424
0.0162904
0.0152232
0.0145879
0.0139566
0.0129785
0.0118351
0.0108513
0.0100518
0.00926934
0.00840146
0.00751085
0.00666083
0.00580345
0.0205371
0.0203042
0.0196145
0.019349
0.0195878
0.019177
0.0181247
0.0174509
0.0172843
0.0166971
0.0155474
0.0145442
0.0139427
0.0133979
0.0125836
0.0116131
0.0107475
0.010041
0.00939807
0.00872884
0.00805555
0.00739748
0.00671734
0.019997
0.0198172
0.0191833
0.0188575
0.018909
0.0184647
0.0174903
0.0167907
0.0165631
0.0160224
0.0149728
0.0140272
0.0134605
0.0129981
0.0123621
0.011548
0.0107754
0.010145
0.00963051
0.00914723
0.00866265
0.00815876
0.0076136
0.0195031
0.0193529
0.0188069
0.0183835
0.018261
0.0178652
0.0169748
0.0162056
0.0159398
0.0155427
0.0146437
0.0137193
0.0131244
0.0127553
0.0123053
0.0116471
0.0109382
0.0103426
0.00990975
0.00956207
0.00921004
0.00880643
0.00833952
0.0190805
0.0189417
0.0184641
0.0179814
0.0177437
0.0173793
0.0165544
0.0157366
0.0154131
0.0151124
0.0143756
0.0134753
0.0128044
0.0124375
0.0121332
0.011648
0.0110316
0.0104452
0.010013
0.009724
0.00949069
0.00923163
0.0089087
0.0187659
0.0186216
0.0181742
0.0176946
0.0173912
0.0169924
0.0162384
0.0154332
0.015022
0.0147708
0.0142436
0.0134428
0.0127003
0.0122497
0.0119869
0.0116689
0.0111901
0.0106348
0.0101535
0.00982571
0.00961946
0.00944933
0.00924315
0.0185866
0.0184451
0.0180364
0.0175182
0.0171271
0.0167647
0.0161237
0.0152946
0.0147551
0.0144877
0.0141359
0.0134893
0.0127315
0.0121429
0.0118118
0.0115739
0.0112388
0.0107795
0.0103061
0.0099351
0.00970513
0.00956787
0.00944645
0.0468361
0.0269305
0.00375874
-0.0166243
-0.0361652
-0.0554381
-0.0741826
-0.0910287
0.0348576
0.0166155
-0.00621496
-0.0256876
-0.0410669
-0.0546803
-0.0678277
-0.0793563
0.024006
0.00964073
-0.00990889
-0.026547
-0.0378239
-0.0472588
-0.0570194
-0.0664271
0.0144619
0.00297022
-0.0132219
-0.0272206
-0.0360752
-0.0429281
-0.0497306
-0.0562177
0.00636547
-0.00265608
-0.0147671
-0.0251397
-0.0318104
-0.0368556
-0.0417274
-0.0465372
0.000478738
-0.00688791
-0.0151903
-0.022325
-0.0273848
-0.0313572
-0.0349918
-0.0384036
-0.00323687
-0.00912756
-0.0145843
-0.0192191
-0.022887
-0.0259755
-0.0287257
-0.0311623
-0.00508677
-0.00969474
-0.0131551
-0.016013
-0.0185539
-0.0208936
-0.022968
-0.024698
-0.00552988
-0.00907058
-0.0111743
-0.0128207
-0.014494
-0.0162014
-0.0177381
-0.018967
-0.00499608
-0.00768309
-0.00889203
-0.0097411
-0.0107831
-0.0119988
-0.0131429
-0.0140471
-0.0038362
-0.00585329
-0.00649285
-0.00683448
-0.00742395
-0.00824917
-0.0090753
-0.00972625
-0.00233973
-0.00383502
-0.00412526
-0.00416144
-0.00443992
-0.00496825
-0.00555219
-0.0060319
-0.000708051
-0.00180088
-0.00189023
-0.00176292
-0.00184473
-0.00216468
-0.00257707
-0.00294623
0.000901027
0.000110133
0.000129085
0.000329263
0.000363582
0.00018665
-9.80304e-05
-0.00038047
0.00243282
0.00186813
0.00193656
0.00215279
0.00224295
0.00215607
0.00195799
0.00173072
0.00381224
0.00339117
0.00346704
0.00366237
0.00376318
0.00372102
0.00357882
0.00339587
0.00508915
0.00477593
0.00483706
0.00499248
0.00508185
0.00506277
0.00495533
0.00479701
0.00614728
0.00589469
0.00593001
0.00604242
0.00611052
0.00609495
0.00600642
0.00586831
0.0071602
0.00696147
0.00698287
0.00706373
0.00710897
0.00708529
0.00699464
0.00685292
0.00795245
0.00777082
0.0077576
0.00780031
0.00782135
0.00778861
0.00769614
0.00755859
0.00859698
0.00838299
0.00825388
0.00818387
0.008136
0.00808129
0.00800202
0.00789598
0.00901839
0.0088279
0.00865969
0.00852765
0.0084287
0.00834695
0.00826269
0.00816264
0.00930154
0.00913251
0.00892724
0.00873181
0.0085711
0.00844703
0.00834619
0.0082517
-0.511617
-0.51989
-0.531892
-0.548597
-0.570549
-0.596406
-0.621776
-0.640476
-0.508267
-0.515303
-0.525787
-0.54005
-0.557501
-0.577314
-0.597214
-0.611437
-0.505723
-0.51084
-0.518956
-0.529927
-0.542889
-0.555428
-0.563798
-0.563946
-0.50451
-0.506657
-0.510768
-0.515841
-0.520538
-0.522614
-0.519161
-0.507598
-0.504573
-0.5019
-0.499341
-0.496009
-0.491256
-0.48395
-0.4721
-0.453536
-0.503924
-0.494262
-0.483434
-0.471635
-0.459208
-0.445387
-0.428283
-0.405672
-0.499542
-0.481731
-0.462965
-0.444567
-0.427043
-0.4092
-0.38899
-0.364195
-0.488771
-0.463314
-0.438557
-0.416166
-0.395783
-0.375754
-0.353895
-0.32811
-0.470133
-0.439148
-0.411317
-0.387263
-0.365735
-0.344797
-0.32233
-0.296409
-0.443776
-0.410542
-0.382343
-0.358427
-0.336933
-0.316031
-0.293726
-0.2683
-0.411437
-0.378989
-0.352632
-0.329943
-0.309391
-0.289195
-0.267626
-0.243175
-0.374868
-0.34621
-0.322717
-0.302124
-0.283061
-0.264069
-0.243689
-0.220569
-0.337138
-0.312904
-0.293141
-0.275067
-0.257865
-0.240517
-0.221633
-0.200211
-0.297223
-0.279509
-0.264076
-0.248969
-0.233971
-0.218382
-0.201272
-0.18174
-0.257534
-0.247396
-0.235825
-0.224222
-0.210941
-0.197193
-0.181921
-0.164694
-0.400921
-0.418562
-0.438013
-0.457322
-0.47447
-0.488079
-0.497976
-0.50513
-0.403688
-0.421914
-0.441446
-0.460305
-0.476522
-0.488814
-0.497258
-0.503013
-0.405555
-0.425075
-0.445661
-0.465052
-0.481052
-0.492354
-0.499007
-0.502536
-0.408054
-0.429492
-0.451912
-0.472492
-0.488663
-0.498852
-0.503306
-0.50398
-0.411392
-0.435334
-0.460285
-0.482587
-0.499143
-0.508118
-0.51
-0.507552
-0.415373
-0.442252
-0.470324
-0.494839
-0.511943
-0.51941
-0.518327
-0.512105
-0.419716
-0.449826
-0.48094
-0.50804
-0.525677
-0.531054
-0.52629
-0.514769
-0.423924
-0.457006
-0.491207
-0.520336
-0.537445
-0.540069
-0.530347
-0.51199
-0.427336
-0.462352
-0.498651
-0.5287
-0.544052
-0.542531
-0.526586
-0.500718
-0.429254
-0.464133
-0.500377
-0.529293
-0.541055
-0.534129
-0.511712
-0.479305
-0.429112
-0.460666
-0.493494
-0.517724
-0.524709
-0.512296
-0.484599
-0.448524
-0.426637
-0.450637
-0.476116
-0.493993
-0.4939
-0.47667
-0.446679
-0.409953
-0.421981
-0.43339
-0.446246
-0.452417
-0.446681
-0.428047
-0.400224
-0.36752
-0.41588
-0.410123
-0.407596
-0.40249
-0.391006
-0.374384
-0.352012
-0.324121
-0.40965
-0.381055
-0.354645
-0.336037
-0.324136
-0.313627
-0.299722
-0.280629
-0.412686
-0.3493
-0.289158
-0.248099
-0.232208
-0.234714
-0.232676
-0.235892
-0.422158
-0.324273
-0.232567
-0.165276
-0.132212
-0.138165
-0.154533
-0.179905
-0.388945
-0.288011
-0.193051
-0.124336
-0.0814218
-0.0745103
-0.084296
-0.11661
-0.29631
-0.209563
-0.125157
-0.059729
-0.0206292
-0.0104029
-0.0242979
-0.0568393
-0.216586
-0.171397
-0.113174
-0.0342325
0.0454338
0.0731788
0.069631
0.0137658
-0.190729
-0.18006
-0.146292
-0.0765164
0.0146407
0.0890943
0.122935
0.091893
-0.181487
-0.181397
-0.153216
-0.104227
-0.0450402
0.0061466
0.0562547
0.0765921
-0.226479
-0.220739
-0.197234
-0.169287
-0.136214
-0.100448
-0.0640134
-0.0128003
-0.282486
-0.284728
-0.268872
-0.244733
-0.213311
-0.177925
-0.148036
-0.0817319
-0.250476
-0.256708
-0.248957
-0.229151
-0.201519
-0.168053
-0.141851
-0.0977875
-0.17912
-0.181858
-0.176505
-0.163188
-0.144682
-0.122828
-0.106211
-0.0804019
-0.144101
-0.13538
-0.123761
-0.110512
-0.0961252
-0.0804584
-0.0689573
-0.0559688
-0.139019
-0.118911
-0.0988502
-0.0806964
-0.0645259
-0.049904
-0.039269
-0.0291101
-0.16539
-0.138407
-0.110699
-0.0822029
-0.0582449
-0.0402622
-0.0268247
-0.0133681
-0.23004
-0.195456
-0.159982
-0.122285
-0.0871108
-0.0576182
-0.0359574
-0.0180189
-0.268914
-0.234559
-0.199952
-0.16177
-0.122207
-0.0845806
-0.0538105
-0.0307667
-0.240731
-0.216147
-0.19138
-0.165502
-0.136806
-0.107912
-0.079957
-0.0550796
-0.175776
-0.163884
-0.15216
-0.140975
-0.128379
-0.115989
-0.101992
-0.0864265
-0.117362
-0.11567
-0.115811
-0.116572
-0.117378
-0.118169
-0.118126
-0.116348
-0.0760075
-0.0807724
-0.0877845
-0.0961106
-0.106139
-0.116709
-0.128363
-0.13976
-0.0454108
-0.0528198
-0.0625677
-0.0740486
-0.087321
-0.101514
-0.117275
-0.132836
-0.0286542
-0.0362296
-0.044895
-0.054483
-0.065087
-0.0765305
-0.0891988
-0.102258
-0.0164903
-0.0221919
-0.0283106
-0.0349308
-0.0415703
-0.0488176
-0.0577701
-0.0683689
-0.00774119
-0.0113421
-0.0149731
-0.0188666
-0.0230176
-0.0281014
-0.0327653
-0.0394004
-0.00304325
-0.0048335
-0.00685714
-0.00915613
-0.0116621
-0.0145666
-0.0173787
-0.0212767
-0.000701965
-0.00165173
-0.00276611
-0.00409696
-0.00559121
-0.00734193
-0.00900978
-0.0112808
0.00182776
0.000844896
-0.000201411
-0.00132031
-0.00252074
-0.00380943
-0.00513429
-0.00667311
0.00156232
0.00120576
0.000686646
3.08395e-05
-0.000725291
-0.00155369
-0.00243162
-0.00344554
0.00116606
0.000772778
0.000415076
2.12927e-05
-0.000416686
-0.000901913
-0.00143209
-0.00204678
0.0015067
0.0010232
0.000565414
0.00012258
-0.000317063
-0.000757476
-0.00120184
-0.00166217
0.000520607
0.000363144
0.000162026
-6.96889e-05
-0.000320673
-0.000582703
-0.000852149
-0.00112754
-0.000486385
-0.000576605
-0.000641379
-0.000702795
-0.000774076
-0.000861845
-0.000972951
-0.00112911
-0.000137415
-0.000299935
-0.000463648
-0.000624485
-0.000780026
-0.000928443
-0.00106624
-0.00119392
-0.00023223
-0.000304038
-0.000383047
-0.000467157
-0.00055408
-0.000642289
-0.000730799
-0.000815046
-0.000566731
-0.000582726
-0.000595711
-0.000610565
-0.000630361
-0.000656847
-0.000693021
-0.000743005
-0.000260222
-0.000310899
-0.000361219
-0.00041061
-0.00045885
-0.000505335
-0.000548994
-0.0005901
-9.71365e-06
-4.32467e-05
-7.75717e-05
-0.000111266
-0.000143304
-0.000173109
-0.000199941
-0.00022223
-1.12686e-05
-1.44693e-05
-1.77599e-05
-2.14984e-05
-2.59393e-05
-3.13902e-05
-3.8442e-05
-4.7294e-05
-0.210683
-0.170511
-0.13768
-0.108149
-0.0845074
-0.0658151
-0.0498604
-0.0371625
-0.027065
-0.0189597
-0.0125291
-0.00751123
-0.00357804
-0.000666109
0.00151261
0.00304514
0.00418071
0.00491226
0.00551908
0.00607467
0.00634132
0.00649304
0.00656929
-0.177759
-0.146118
-0.124622
-0.101447
-0.0820672
-0.064972
-0.0502656
-0.038189
-0.0281653
-0.0199923
-0.0133828
-0.00814628
-0.00404715
-0.00100805
0.0012848
0.0028629
0.00401483
0.00474595
0.00533864
0.00588765
0.00616689
0.00631222
0.00638721
-0.117122
-0.0970123
-0.0905189
-0.0784907
-0.0678989
-0.0558398
-0.0449052
-0.0350156
-0.0262718
-0.0188463
-0.0126581
-0.00766372
-0.00375203
-0.000821113
0.00138342
0.00287767
0.00395799
0.00463997
0.00519324
0.0057198
0.00598903
0.00612511
0.0061968
-0.0605983
-0.0510661
-0.0546333
-0.0514344
-0.0485141
-0.0421775
-0.0355817
-0.0286454
-0.0219572
-0.0158895
-0.0106026
-0.00623791
-0.00279417
-0.000183153
0.00175583
0.00305664
0.00399104
0.00458018
0.00507066
0.00555804
0.00580171
0.00592897
0.00599784
0.000195577
-0.00643003
-0.0219579
-0.0263061
-0.0298194
-0.0284008
-0.0254579
-0.0212089
-0.0165642
-0.0119647
-0.00776634
-0.00424554
-0.00142584
0.000719035
0.00228207
0.00332154
0.00406705
0.00454007
0.00495514
0.00539052
0.00560128
0.00572045
0.00578956
0.0661675
0.0331778
0.00846085
-0.00441675
-0.0130685
-0.0155442
-0.0154572
-0.013601
-0.0107915
-0.00761585
-0.00455034
-0.00193514
0.000193066
0.00178369
0.00291438
0.00365444
0.00418576
0.00452768
0.0048527
0.0052231
0.00539421
0.00550448
0.00557241
0.0758695
0.0456424
0.0226143
0.00813534
-0.00135218
-0.00534078
-0.00689015
-0.0064625
-0.00499871
-0.00305879
-0.00110921
0.000603761
0.00199522
0.00298101
0.00364761
0.00405546
0.00434879
0.00454104
0.00476679
0.00506081
0.00518982
0.00528393
0.00534709
0.00714864
0.0135791
0.0123954
0.00808593
0.00380494
0.00115055
-0.000169886
-0.000206369
0.00045446
0.00146589
0.00247906
0.00334924
0.00397263
0.00432602
0.00449801
0.00454092
0.00457094
0.00458771
0.0047006
0.00491583
0.00499078
0.00506443
0.00511538
-0.0507996
-0.0202173
-0.00506706
0.00266077
0.00468576
0.00527769
0.00539116
0.00549119
0.00572427
0.00597064
0.0061746
0.00622307
0.00606741
0.00577036
0.00542053
0.00506101
0.0048067
0.00462218
0.00460845
0.00475342
0.00478317
0.00483546
0.00487607
-0.0662375
-0.0309681
-0.0131779
-0.0001951
0.00581123
0.00962192
0.0105805
0.0110175
0.0110591
0.0106722
0.0100755
0.00923164
0.00825411
0.00725922
0.00635277
0.00556187
0.00501045
0.0046186
0.00447756
0.00456712
0.00455296
0.00459267
0.00462769
-0.0514154
-0.0208063
-0.00730702
0.00701919
0.0103808
0.0158095
0.0160622
0.0168988
0.016553
0.0155927
0.0141684
0.0123886
0.0105308
0.0087588
0.00725069
0.0060027
0.00514329
0.0045414
0.00426943
0.00431681
0.00428748
0.00432758
0.00436755
-0.0330874
-0.0075324
0.000652827
0.0165791
0.0179871
0.0244881
0.0226849
0.0241064
0.0226171
0.0210426
0.0185155
0.0156754
0.0128346
0.0102144
0.00805929
0.0063491
0.00518086
0.0043872
0.00400444
0.00401678
0.00398978
0.00404522
0.00409512
-0.0114324
0.00720877
0.0123005
0.0245182
0.0270558
0.0337984
0.0311496
0.032094
0.0298388
0.0274542
0.0233893
0.0191962
0.0151498
0.0115892
0.00875552
0.00659215
0.00511405
0.00415133
0.00367024
0.00366478
0.00366038
0.00374929
0.00381226
0.00239645
0.0164786
0.0263515
0.0318453
0.0350384
0.0381234
0.036691
0.0374063
0.0357716
0.0330787
0.0280456
0.0225711
0.0172772
0.0127362
0.00922328
0.00663278
0.00486913
0.00379824
0.00323591
0.0032804
0.00330986
0.00343838
0.00351846
-0.000467589
0.0131851
0.0308701
0.0318728
0.0392532
0.0388539
0.0401232
0.0414223
0.0415615
0.0385127
0.0323117
0.0254736
0.0189209
0.0134761
0.00933894
0.00643682
0.00449131
0.00332828
0.0027465
0.00285352
0.00293207
0.00311279
0.00321862
-0.00809506
0.00893074
0.029005
0.0311133
0.0398847
0.0440349
0.0479068
0.0507032
0.0528092
0.0473785
0.0376072
0.0280255
0.0198425
0.0135299
0.00892123
0.00581771
0.00382518
0.0026805
0.00214692
0.00234511
0.00252247
0.00276479
0.0029067
-0.0215773
-0.00707531
0.0185844
0.0204908
0.0311419
0.0480103
0.059548
0.0651041
0.0657132
0.0564071
0.0419455
0.0293222
0.019542
0.0125697
0.00778791
0.00466757
0.0028052
0.00181253
0.00140772
0.00177031
0.00209502
0.00241999
0.00259893
-0.0593442
-0.0405887
-0.0230458
-0.0187991
-0.0154218
-0.00399354
0.0094735
0.0309446
0.0496986
0.0504625
0.0379227
0.0255918
0.0162623
0.0097756
0.00555895
0.0028716
0.0014007
0.000687008
0.000537261
0.00108591
0.00164018
0.00206217
0.00228893
-0.108101
-0.106519
-0.111248
-0.124976
-0.141176
-0.14742
-0.128014
-0.0713476
-0.0179765
0.00827122
0.0132116
0.0112593
0.00767706
0.00432257
0.00196146
0.000335639
-0.000398544
-0.000687757
-0.000498014
0.000340554
0.00120254
0.00173736
0.00199703
-0.152368
-0.172328
-0.197888
-0.227417
-0.253311
-0.263429
-0.234663
-0.157263
-0.0828405
-0.0373396
-0.0161854
-0.00708911
-0.00364918
-0.00274629
-0.00252368
-0.0026241
-0.00241108
-0.00209691
-0.00159211
-0.000367747
0.000774639
0.0014242
0.00172631
-0.155671
-0.183205
-0.214697
-0.245884
-0.268451
-0.268792
-0.230293
-0.160893
-0.0997172
-0.0578425
-0.0339357
-0.0206631
-0.013187
-0.00922625
-0.00687968
-0.00554399
-0.0043964
-0.00344727
-0.00253833
-0.00096339
0.000423585
0.00116126
0.00147993
-0.121544
-0.138597
-0.159686
-0.17625
-0.18597
-0.180836
-0.15692
-0.118335
-0.0832048
-0.0558176
-0.0382519
-0.0261988
-0.0183121
-0.0133497
-0.0100032
-0.00777358
-0.00601341
-0.00453147
-0.00327726
-0.00136534
0.000156898
0.000945817
0.00126357
-0.0798824
-0.0886547
-0.0984683
-0.105152
-0.107555
-0.103128
-0.0920421
-0.0753352
-0.059787
-0.045526
-0.0346986
-0.026093
-0.0196733
-0.0151028
-0.0116847
-0.00914187
-0.00710064
-0.00527456
-0.00372216
-0.00155405
-2.11567e-05
0.000757107
0.00105602
-0.0452464
-0.050149
-0.0550579
-0.058631
-0.0601344
-0.0587421
-0.0549467
-0.0483061
-0.0418724
-0.0349141
-0.0289149
-0.0234314
-0.0188621
-0.0152454
-0.0122676
-0.00986026
-0.0078482
-0.00585646
-0.00415687
-0.00170186
-0.000206904
0.000555125
0.000823274
-0.0243555
-0.0274618
-0.030576
-0.0332533
-0.034932
-0.0353273
-0.0347372
-0.0324437
-0.0300014
-0.0265826
-0.0234584
-0.020103
-0.0171037
-0.0144801
-0.0121107
-0.010068
-0.00826926
-0.00627386
-0.00461078
-0.0019102
-0.00047571
0.000270152
0.000540123
-0.0132422
-0.0154946
-0.0177909
-0.0200245
-0.0217579
-0.0229041
-0.0235907
-0.0231284
-0.0226316
-0.0211244
-0.0195235
-0.0175278
-0.0155745
-0.0137048
-0.01184
-0.0102428
-0.00865839
-0.00689013
-0.00537348
-0.00238683
-0.000854913
-9.05829e-05
0.000186755
-0.00827395
-0.0100877
-0.0119289
-0.0137176
-0.0152364
-0.0164616
-0.0173629
-0.0176641
-0.0177623
-0.0172236
-0.01649
-0.0153401
-0.0140656
-0.0127948
-0.0113911
-0.0102086
-0.00887902
-0.0074423
-0.00613414
-0.00299586
-0.00131714
-0.000510775
-0.000196394
-0.00449386
-0.00583656
-0.00725087
-0.00870772
-0.0100465
-0.0112971
-0.0123438
-0.0130449
-0.0135783
-0.0136276
-0.0135095
-0.0130149
-0.0123256
-0.0115677
-0.0105108
-0.00967194
-0.00857978
-0.00747354
-0.00627964
-0.00333745
-0.0017043
-0.000859339
-0.000540759
-0.00286903
-0.00383067
-0.00486188
-0.00596461
-0.00703372
-0.00809984
-0.00905832
-0.00982902
-0.0104857
-0.0108108
-0.0110024
-0.0108943
-0.0105751
-0.0101572
-0.00947751
-0.0088664
-0.00804488
-0.00705984
-0.0062117
-0.00338483
-0.00203968
-0.00112877
-0.000803222
-0.00224089
-0.00292281
-0.00367128
-0.00445142
-0.00523289
-0.0060276
-0.00676451
-0.00742382
-0.00800399
-0.00840116
-0.00868803
-0.00877276
-0.00867591
-0.00845929
-0.00805994
-0.00753295
-0.00698048
-0.00597987
-0.00532834
-0.00296373
-0.00206203
-0.00121269
-0.000985277
-0.00145236
-0.00191143
-0.00240996
-0.00295419
-0.00350606
-0.00409666
-0.00465725
-0.00519144
-0.00570214
-0.00608584
-0.00643199
-0.00660675
-0.00667246
-0.00658824
-0.00639156
-0.00596781
-0.00560649
-0.00469195
-0.00422864
-0.00241029
-0.00196103
-0.00112088
-0.00103391
-0.00138076
-0.00167802
-0.00200781
-0.00237748
-0.00276639
-0.0031902
-0.00360846
-0.00401938
-0.00442289
-0.00475717
-0.00505154
-0.00524559
-0.00535207
-0.00531646
-0.00524666
-0.0048371
-0.00466335
-0.00369671
-0.00346417
-0.00191558
-0.001789
-0.000988887
-0.000980529
-0.00135392
-0.00154371
-0.00176458
-0.00199942
-0.00224842
-0.00251929
-0.00278598
-0.00306371
-0.00332713
-0.00356204
-0.00377129
-0.00390377
-0.00401167
-0.00392825
-0.00394724
-0.00349554
-0.00347124
-0.00251303
-0.00253105
-0.00127489
-0.00153546
-0.000757067
-0.000872116
-0.000908595
-0.00104764
-0.00119581
-0.00135656
-0.00152629
-0.00171353
-0.00189012
-0.00208378
-0.00226736
-0.00242334
-0.00258603
-0.00267041
-0.00278466
-0.00270708
-0.00279726
-0.00242069
-0.00253662
-0.00176094
-0.00193348
-0.000916597
-0.00129717
-0.000533351
-0.000715662
-0.000818739
-0.000906097
-0.00100065
-0.00110734
-0.00122027
-0.00134992
-0.00147519
-0.00161253
-0.0017499
-0.00187316
-0.00198909
-0.00206479
-0.00216016
-0.00207974
-0.00220588
-0.0018169
-0.0020294
-0.00124719
-0.00155876
-0.000602015
-0.00101411
-0.000339404
-0.000544668
-0.000640173
-0.000693327
-0.00075583
-0.000821643
-0.000889285
-0.000964731
-0.00103695
-0.00111564
-0.00118653
-0.0012579
-0.00131706
-0.00134053
-0.00142068
-0.00128547
-0.00145122
-0.00104638
-0.0013354
-0.000624771
-0.00103326
-0.000207251
-0.000703766
-0.000109158
-0.000353763
-0.000245079
-0.000275795
-0.000309329
-0.000344384
-0.000380891
-0.000420586
-0.00045655
-0.000498802
-0.000533401
-0.000567522
-0.000604998
-0.000595485
-0.000681044
-0.000554149
-0.000746475
-0.000434797
-0.000749357
-0.000231299
-0.000606542
-5.24483e-06
-0.000422464
1.33321e-05
-0.00018065
-5.90236e-05
-7.24723e-05
-8.4972e-05
-9.8333e-05
-0.000111433
-0.000126863
-0.000139279
-0.00015532
-0.000169452
-0.000182856
-0.000207691
-0.000186065
-0.000258041
-0.000162793
-0.000304335
-0.000113093
-0.000313951
-3.43197e-05
-0.000254133
4.36375e-05
-0.000165597
3.18195e-05
-5.98443e-05
-0.143399
-0.1194
-0.0967981
-0.0786779
-0.062946
-0.0501307
-0.0390043
-0.0297837
-0.0221441
-0.0157914
-0.0105418
-0.00622636
-0.00275308
-1.48746e-05
0.00211624
0.00373301
0.00491294
0.00581285
0.00642139
0.0070391
0.00733448
0.00746652
0.0075376
-0.155935
-0.127204
-0.101635
-0.0813915
-0.0648514
-0.0511889
-0.0394114
-0.0298081
-0.0219811
-0.01555
-0.0103013
-0.00602987
-0.00262833
3.79205e-05
0.00210897
0.00367134
0.00481621
0.00568867
0.00629547
0.0069088
0.00718999
0.00733099
0.0074011
-0.167946
-0.134484
-0.10559
-0.0836778
-0.0665184
-0.0520317
-0.0396365
-0.0298107
-0.0218123
-0.0152958
-0.0100368
-0.00580187
-0.00247463
0.000124117
0.00213845
0.00364472
0.00475667
0.00559687
0.00619701
0.00679961
0.00706232
0.00720984
0.00727781
-0.178534
-0.140889
-0.109603
-0.0869454
-0.0690352
-0.0531636
-0.0401124
-0.0300905
-0.0218361
-0.0151847
-0.00986494
-0.00562954
-0.00235697
0.000200075
0.00216781
0.0036228
0.00470749
0.005514
0.00610657
0.0066976
0.00694478
0.00709683
0.00716368
-0.188917
-0.146052
-0.112653
-0.0900672
-0.0710182
-0.0537986
-0.0406593
-0.030496
-0.0219822
-0.0152042
-0.00979838
-0.00554753
-0.0023016
0.000247591
0.00217483
0.0035866
0.00465038
0.00542269
0.00601177
0.00659398
0.00683135
0.00698592
0.00705332
-0.195482
-0.1491
-0.117502
-0.0946257
-0.073217
-0.0548765
-0.0418567
-0.0311883
-0.0223432
-0.0153968
-0.0098809
-0.00560185
-0.00232562
0.000244016
0.00214166
0.00352613
0.00457766
0.0053181
0.00590713
0.00648049
0.00671668
0.00687265
0.0069427
-0.200547
-0.152412
-0.122132
-0.0976579
-0.0742249
-0.0564368
-0.0433916
-0.0320331
-0.0229683
-0.0158431
-0.0102009
-0.00584326
-0.00245921
0.000146984
0.00204975
0.00343439
0.00448665
0.00520375
0.00579681
0.00636165
0.00660136
0.00675709
0.00683006
-0.20353
-0.161023
-0.1305
-0.102311
-0.0779364
-0.0603811
-0.0460161
-0.0339257
-0.0245
-0.017001
-0.0110696
-0.00647061
-0.00286535
-0.000153148
0.00184453
0.00328132
0.00436261
0.00507816
0.00567677
0.0062348
0.00648565
0.00664031
0.00671554
0.0319752
0.00659068
-0.0189949
-0.0456647
-0.0724725
-0.0981435
-0.122143
-0.14464
0.0347854
0.00676155
-0.0215152
-0.0510899
-0.0809487
-0.109611
-0.136115
-0.159955
0.0369894
0.00483006
-0.027391
-0.0601439
-0.0924421
-0.123085
-0.151179
-0.176637
0.0382707
0.00148646
-0.0348857
-0.0707187
-0.105313
-0.137872
-0.167775
-0.195162
0.0379945
-0.00318668
-0.0435975
-0.0826674
-0.119888
-0.154719
-0.18675
-0.216059
0.0360051
-0.00956614
-0.0541284
-0.096817
-0.137107
-0.174529
-0.208722
-0.23979
0.032159
-0.0182266
-0.0673343
-0.114086
-0.157809
-0.197996
-0.234284
-0.266883
0.0259181
-0.0299788
-0.0841746
-0.135424
-0.182849
-0.225883
-0.264215
-0.298073
0.0163016
-0.0459354
-0.10585
-0.162054
-0.213448
-0.259352
-0.299621
-0.334318
0.00190302
-0.0676082
-0.133972
-0.19563
-0.251322
-0.300165
-0.341998
-0.376876
-0.0192317
-0.0970856
-0.170788
-0.238469
-0.298592
-0.350472
-0.393286
-0.427288
-0.0498554
-0.13715
-0.219159
-0.293821
-0.358781
-0.412861
-0.455215
-0.486473
-0.0944183
-0.192338
-0.282761
-0.364014
-0.43303
-0.487565
-0.527133
-0.552335
-0.15615
-0.266289
-0.367454
-0.452579
-0.519904
-0.569303
-0.600434
-0.613971
-0.213314
-0.329666
-0.430098
-0.512449
-0.575161
-0.617763
-0.641306
-0.648101
0.184894
0.179671
0.170178
0.156611
0.138992
0.117519
0.0928217
0.0641014
0.199534
0.193349
0.182136
0.166255
0.146013
0.121571
0.0943023
0.0644214
0.215874
0.208942
0.196333
0.178583
0.156299
0.129635
0.100343
0.0693582
0.234326
0.226781
0.213015
0.193561
0.169293
0.140393
0.108348
0.074508
0.25493
0.246756
0.231778
0.210417
0.183719
0.152012
0.116344
0.0784281
0.277576
0.268659
0.25221
0.228543
0.198785
0.163567
0.123643
0.0809692
0.302172
0.292371
0.274116
0.247696
0.214253
0.174817
0.130122
0.0822061
0.328675
0.317847
0.297431
0.267786
0.230049
0.185657
0.135563
0.0817971
0.357006
0.345003
0.322031
0.288618
0.245919
0.195729
0.139368
0.0789112
0.386915
0.37356
0.347568
0.309705
0.261232
0.204234
0.140503
0.0722853
0.417829
0.402895
0.373313
0.330138
0.274855
0.209829
0.137391
0.0601203
0.448602
0.43179
0.397927
0.348375
0.284988
0.210461
0.127718
0.0398227
0.47727
0.458185
0.419161
0.36185
0.288685
0.202809
0.107821
0.00734173
0.499931
0.478185
0.433251
0.366904
0.282125
0.182833
0.0735876
-0.0411963
0.518657
0.494267
0.44366
0.369178
0.274209
0.162359
0.0396166
-0.0880419
0.0221139
0.0220924
0.0220813
0.0220798
0.0220868
0.0221006
0.0221189
0.0221439
0.026869
0.0268614
0.0268273
0.0267684
0.0266877
0.0265892
0.0264771
0.0263582
0.0228444
0.0228282
0.0228314
0.0228499
0.0228813
0.0229233
0.0229723
0.0230278
0.027231
0.0272045
0.0271492
0.0270683
0.026966
0.0268478
0.0267162
0.0265784
0.0245306
0.0245265
0.0245384
0.0245615
0.0245984
0.0246402
0.0246965
0.0247357
0.0291356
0.0290674
0.0289663
0.0288368
0.0286876
0.0285233
0.0283599
0.0282105
0.0273418
0.0273431
0.0273729
0.0274236
0.0274924
0.0275718
0.0276474
0.0277442
0.031753
0.0316582
0.0315345
0.0313881
0.0312327
0.0310909
0.0309368
0.0308666
0.0314754
0.0314539
0.0314665
0.0315008
0.031469
0.0314879
0.0314572
0.0317218
0.03582
0.0357114
0.0355514
0.0353895
0.0351672
0.0350108
0.0346363
0.0349634
0.0369973
0.0369229
0.0368821
0.03687
0.0368575
0.0369
0.0368465
0.0369962
0.0418786
0.0417036
0.0415057
0.0413093
0.041051
0.0408951
0.0405606
0.0406102
0.0445623
0.0443862
0.0442249
0.0440631
0.0438863
0.0437933
0.0435663
0.043654
0.0504023
0.0501198
0.0498084
0.0495155
0.0490943
0.0488863
0.0483302
0.0483907
0.055268
0.054903
0.0544914
0.0540963
0.0535697
0.0532684
0.0525953
0.052478
0.0627366
0.0622693
0.0616856
0.0611836
0.0603192
0.0599108
0.0586262
0.0584468
0.0703268
0.0696674
0.0687793
0.0679488
0.0666966
0.065824
0.0641486
0.0633764
0.0805972
0.0797591
0.0785836
0.077576
0.0757452
0.0744561
0.0716103
0.0702778
0.091891
0.0905914
0.0888162
0.0868874
0.0840897
0.0814622
0.0776509
0.0744509
0.106001
0.104758
0.102326
0.0996746
0.0958345
0.0918732
0.0860929
0.0808748
0.121998
0.120276
0.116635
0.112059
0.106109
0.0991105
0.0908433
0.0812686
0.141715
0.139412
0.134681
0.128346
0.120043
0.109937
0.0976334
0.083371
0.164458
0.160622
0.15363
0.143835
0.13088
0.114774
0.0962798
0.0734571
0.0221614
0.0221845
0.0222368
0.0223113
0.0224149
0.0225482
0.0227057
0.0228417
0.0229185
0.0229083
0.0227898
0.0225544
0.0221993
0.021747
0.0212322
0.0206843
0.0201402
0.0195898
0.0191261
0.0185999
0.018233
0.017924
0.0177515
0.0261892
0.0259509
0.0256374
0.0252368
0.0247383
0.0241409
0.0235148
0.0229271
0.0223931
0.0219371
0.0215608
0.0212569
0.0209975
0.0207331
0.0204245
0.0200546
0.0196428
0.019192
0.0187551
0.0183094
0.0179305
0.0176428
0.0174754
0.0230938
0.0231946
0.0233228
0.023485
0.0236822
0.0238732
0.0239436
0.0238643
0.0236726
0.0233593
0.0229373
0.0224351
0.0219058
0.0213786
0.0208693
0.0203614
0.0198406
0.0193305
0.0188048
0.0182623
0.0178039
0.017472
0.0172603
0.026381
0.0260908
0.0257295
0.0253104
0.024785
0.0243399
0.0239715
0.0236603
0.0233668
0.0230784
0.0227727
0.022422
0.022004
0.0215172
0.0209708
0.0203801
0.019767
0.0191404
0.01854
0.0180005
0.017527
0.0171763
0.0169808
0.0248382
0.024907
0.0249982
0.0250967
0.0251561
0.0250812
0.024909
0.0246288
0.0242273
0.0237158
0.0231185
0.0224635
0.0217709
0.0210558
0.0203331
0.0196199
0.018936
0.0182993
0.0177368
0.0172902
0.0168972
0.0165895
0.0164553
0.0279539
0.0275408
0.027075
0.0265519
0.0260516
0.0256078
0.0251644
0.0247027
0.0242157
0.0236808
0.0230748
0.0223849
0.0216067
0.0207702
0.0199217
0.0191097
0.018343
0.0176901
0.0170952
0.016601
0.0162142
0.0159403
0.015796
0.0277972
0.0277306
0.0276881
0.027734
0.0274603
0.0270957
0.0265959
0.0259803
0.0252685
0.0244853
0.0236562
0.0228006
0.021927
0.021039
0.0201361
0.0192501
0.0183989
0.0176282
0.0169314
0.0163285
0.0158348
0.0155193
0.0152969
0.0305252
0.0300311
0.0294656
0.0288897
0.028351
0.0277779
0.0271465
0.0264425
0.0256519
0.0247677
0.0237968
0.0227699
0.0217309
0.0207148
0.0197331
0.0188138
0.0179476
0.0171814
0.0165163
0.0160048
0.0155611
0.015231
0.0150224
0.0315473
0.031294
0.0309639
0.0304693
0.02981
0.029011
0.0280817
0.0270408
0.025909
0.0247061
0.0234523
0.0221697
0.0208975
0.0196908
0.0185764
0.0175931
0.0167463
0.0160277
0.0154531
0.015073
0.0147665
0.0145493
0.0144851
0.0343792
0.033672
0.0328003
0.0320017
0.0310784
0.0300376
0.0288726
0.0275811
0.0261835
0.0247161
0.0232257
0.0217466
0.0203063
0.0189559
0.0177329
0.0166651
0.0157932
0.0150838
0.0145275
0.0141067
0.0138054
0.0136273
0.0136288
0.0366791
0.0360706
0.0352318
0.0341722
0.0329002
0.0314806
0.0299218
0.0282389
0.0264737
0.0246823
0.0229302
0.0212733
0.0197476
0.0183758
0.0171814
0.0161488
0.0153199
0.0146556
0.0141352
0.0136707
0.0132911
0.0129866
0.0128535
0.0398655
0.0385487
0.0370847
0.0355527
0.0338803
0.0320548
0.0301033
0.0280703
0.026007
0.0239677
0.0220185
0.0202384
0.0186844
0.0173613
0.0162801
0.0153914
0.0146979
0.0141338
0.0137243
0.0133713
0.0130379
0.0126884
0.0124463
0.0430543
0.0415783
0.0398866
0.037914
0.0356233
0.0331391
0.0305355
0.0278997
0.0253431
0.0229428
0.0207627
0.0188554
0.0172556
0.0159572
0.0149621
0.0142076
0.0136596
0.0132249
0.0129474
0.012773
0.0126159
0.0124111
0.0122364
0.0471335
0.044689
0.0421097
0.0393782
0.0364528
0.033405
0.0302748
0.0271735
0.0242335
0.0215684
0.0192633
0.0173349
0.0157793
0.0145635
0.0136595
0.0130012
0.0125555
0.0122261
0.0120298
0.0119518
0.0119208
0.011895
0.0118952
0.0509946
0.0479021
0.0446603
0.0410165
0.0371149
0.0331807
0.0293659
0.0258201
0.0226363
0.0198866
0.0176098
0.0157937
0.0143994
0.0133604
0.0126089
0.0120667
0.0117056
0.0114498
0.0112959
0.01123
0.0111812
0.0112145
0.0113189
0.055678
0.0511619
0.0466042
0.0418793
0.0370696
0.0323347
0.0278942
0.0239332
0.020558
0.0178063
0.0156533
0.014043
0.0128937
0.0121042
0.0115776
0.0112208
0.0109952
0.0108456
0.0107832
0.0107783
0.0106643
0.0106211
0.0106832
0.0600123
0.0541994
0.0482291
0.0420827
0.0361067
0.0305612
0.0256149
0.0213929
0.0179383
0.0152538
0.0132776
0.0119145
0.0110452
0.0105417
0.0102885
0.0101809
0.0101654
0.0101853
0.0102835
0.0104412
0.0103569
0.0102598
0.0102062
0.0642197
0.0559822
0.0482329
0.0406729
0.0336515
0.027463
0.022266
0.0180582
0.0147782
0.0123555
0.0106865
0.00964367
0.00908335
0.00887528
0.0088988
0.0090474
0.00926003
0.00947257
0.00973043
0.0100504
0.010105
0.0100686
0.00994599
0.0672793
0.057154
0.0473745
0.0382477
0.0302427
0.0235789
0.0182606
0.0141776
0.0112182
0.00922961
0.00802574
0.0074258
0.007252
0.00737586
0.00767981
0.0080575
0.0084622
0.00882292
0.00917338
0.00955823
0.00977137
0.00988561
0.00979442
0.0691513
0.0551835
0.043518
0.0333107
0.0249561
0.0183873
0.0133934
0.00975751
0.00734616
0.00596089
0.00535899
0.00531275
0.0056098
0.00611273
0.00671728
0.00730155
0.00785268
0.00830873
0.00868521
0.00904251
0.00934232
0.00959754
0.00961164
0.0667764
0.05099
0.0376955
0.0266414
0.0182689
0.012093
0.00771488
0.0048017
0.00315849
0.00251993
0.00260752
0.00317414
0.00399022
0.00490114
0.00583345
0.00662731
0.00730715
0.00784626
0.00823167
0.00857586
0.00888752
0.00920743
0.00932831
0.0601918
0.041682
0.0283077
0.0177205
0.0100944
0.00467127
0.00113379
-0.000837674
-0.00151117
-0.00125359
-0.000384267
0.000842127
0.00220271
0.0035325
0.00482353
0.00584869
0.00667641
0.00732846
0.00776783
0.00817
0.00847592
0.00878959
0.00897104
0.044625
0.0291528
0.0164168
0.00700184
0.000581289
-0.00381739
-0.00636082
-0.00723583
-0.00680679
-0.00553866
-0.00379681
-0.0018478
0.000102122
0.00191046
0.00354789
0.00487512
0.00590077
0.00671824
0.00726632
0.00779341
0.00813035
0.00842267
0.00861467
0.0268634
0.0151682
0.00486764
-0.00312702
-0.00850698
-0.0119957
-0.0136051
-0.0134037
-0.0119079
-0.00966048
-0.00706898
-0.00441462
-0.00189085
0.000377268
0.00236322
0.00399009
0.00523473
0.00623173
0.00689831
0.0075339
0.00792839
0.00820771
0.0083737
0.00476642
-0.00577484
-0.0115821
-0.0163432
-0.0191688
-0.02043
-0.0200536
-0.0182229
-0.0154696
-0.0122744
-0.0089764
-0.00580371
-0.0029019
-0.000359519
0.00181483
0.00360083
0.0049625
0.00605629
0.00677852
0.0074519
0.00787967
0.00812978
0.00825529
-0.0213595
-0.0308142
-0.0324526
-0.0331237
-0.0318066
-0.0291546
-0.0255623
-0.0214985
-0.0172919
-0.013193
-0.00935614
-0.00588193
-0.00282901
-0.000224515
0.00194874
0.00372551
0.00506996
0.00615576
0.00685672
0.00749564
0.00791568
0.00811983
0.00820284
-0.0455801
-0.0524066
-0.049837
-0.0470704
-0.0419928
-0.0361701
-0.0299693
-0.0240418
-0.0185964
-0.0137165
-0.00941489
-0.00568649
-0.00251836
0.000120795
0.00226778
0.00399624
0.00528073
0.00631673
0.00696701
0.00754997
0.00793805
0.00810196
0.00815958
-0.0682401
-0.0693277
-0.0617171
-0.0560437
-0.048365
-0.0407855
-0.033195
-0.0261685
-0.0198929
-0.0144212
-0.00972192
-0.00574053
-0.00242788
0.000283889
0.00244697
0.00415444
0.0053988
0.0063901
0.00699891
0.00754902
0.00790179
0.00803771
0.0080886
-0.0897674
-0.0841871
-0.0718673
-0.0630695
-0.0529691
-0.0439883
-0.0354708
-0.0277932
-0.0210189
-0.0151631
-0.0101805
-0.00599812
-0.00255481
0.000231309
0.00242854
0.00413498
0.00536683
0.00632998
0.00692217
0.00747448
0.00780187
0.00792294
0.00797867
-0.11018
-0.0979218
-0.0813939
-0.069244
-0.0568305
-0.0465194
-0.0371077
-0.0288909
-0.0217713
-0.0156779
-0.0105313
-0.00623515
-0.0027212
9.63019e-05
0.00230468
0.0040014
0.00522732
0.00617014
0.00676546
0.00734366
0.00765743
0.00777507
0.00783866
-0.128022
-0.10959
-0.0899329
-0.0746809
-0.0602942
-0.0486686
-0.0382963
-0.0295394
-0.0221258
-0.0158726
-0.0106459
-0.00631352
-0.00279551
2.8976e-07
0.0021825
0.00384778
0.00505669
0.00597994
0.00658396
0.00718833
0.00749407
0.00761696
0.00768633
)
;

boundaryField
{
    outlet
    {
        type            fixedValue;
        value           uniform 0;
    }
    upperWall
    {
        type            symmetryPlane;
    }
    lowerWall
    {
        type            symmetryPlane;
    }
    inlet
    {
        type            zeroGradient;
    }
    cylinder
    {
        type            zeroGradient;
    }
    frontAndBack
    {
        type            empty;
    }
}


// ************************************************************************* //
