/*--------------------------------*- C++ -*----------------------------------*\
| =========                 |                                                 |
| \\      /  F ield         | OpenFOAM: The Open Source CFD Toolbox           |
|  \\    /   O peration     | Version:  2312                                  |
|   \\  /    A nd           | Website:  www.openfoam.com                      |
|    \\/     M anipulation  |                                                 |
\*---------------------------------------------------------------------------*/
FoamFile
{
    version     2.0;
    format      ascii;
    arch        "LSB;label=32;scalar=64";
    class       volScalarField;
    location    "45.15";
    object      p;
}
// * * * * * * * * * * * * * * * * * * * * * * * * * * * * * * * * * * * * * //

dimensions      [0 2 -2 0 0 0 0];

internalField   nonuniform List<scalar> 
5478
(
-0.350048
-0.349083
-0.344877
-0.338724
-0.331901
-0.324966
-0.318543
-0.312772
-0.307422
-0.301872
-0.295547
-0.286878
-0.276775
-0.263254
-0.247564
-0.357883
-0.355794
-0.351412
-0.345628
-0.33873
-0.330628
-0.321392
-0.311342
-0.300658
-0.289373
-0.277311
-0.264723
-0.25168
-0.237402
-0.223069
-0.3697
-0.365616
-0.360257
-0.353742
-0.345296
-0.334143
-0.320684
-0.305887
-0.29064
-0.275481
-0.260757
-0.246296
-0.231795
-0.21697
-0.202084
-0.385496
-0.378891
-0.371657
-0.36307
-0.35091
-0.334981
-0.316801
-0.298025
-0.279692
-0.262276
-0.245662
-0.229756
-0.214403
-0.199459
-0.185449
-0.406286
-0.396315
-0.386636
-0.373691
-0.355399
-0.333639
-0.310993
-0.28901
-0.268368
-0.249162
-0.23135
-0.214737
-0.198977
-0.184129
-0.169824
-0.432915
-0.417939
-0.404565
-0.384262
-0.357969
-0.330114
-0.303344
-0.278621
-0.256101
-0.235665
-0.217009
-0.199835
-0.183959
-0.169218
-0.155168
-0.463803
-0.443103
-0.422078
-0.391666
-0.356884
-0.323298
-0.292852
-0.265755
-0.241702
-0.220259
-0.201062
-0.183808
-0.168186
-0.15397
-0.140435
-0.49274
-0.467881
-0.434829
-0.392697
-0.350007
-0.311467
-0.277918
-0.248914
-0.223745
-0.201776
-0.182463
-0.165423
-0.150409
-0.137009
-0.124765
-0.387316
-0.38887
-0.389266
-0.389871
-0.390993
-0.392645
-0.39486
-0.397737
-0.401466
-0.406352
-0.41284
-0.421461
-0.43266
-0.446274
-0.461063
-0.378266
-0.378597
-0.377933
-0.377251
-0.376901
-0.377047
-0.377945
-0.380045
-0.384016
-0.390654
-0.400845
-0.415213
-0.434167
-0.458503
-0.482809
-0.370943
-0.370153
-0.368537
-0.366642
-0.364888
-0.36361
-0.363221
-0.364259
-0.367785
-0.3747
-0.385946
-0.402769
-0.423347
-0.451609
-0.478216
-0.364406
-0.362829
-0.360335
-0.357078
-0.353681
-0.350683
-0.348634
-0.348253
-0.350457
-0.35637
-0.36618
-0.382525
-0.400843
-0.427067
-0.45025
-0.358207
-0.356412
-0.353079
-0.348296
-0.342957
-0.337922
-0.333943
-0.331855
-0.332513
-0.337258
-0.346025
-0.36145
-0.378427
-0.40107
-0.419738
-0.352468
-0.351094
-0.347055
-0.340796
-0.333556
-0.326582
-0.321
-0.31792
-0.318287
-0.322982
-0.331593
-0.344947
-0.358648
-0.373627
-0.383291
-0.348211
-0.347251
-0.342899
-0.335677
-0.327411
-0.319679
-0.31387
-0.311038
-0.311597
-0.315303
-0.321562
-0.329295
-0.335973
-0.340934
-0.339284
-0.346863
-0.346175
-0.341776
-0.33476
-0.326724
-0.319561
-0.314123
-0.310868
-0.309785
-0.309895
-0.310735
-0.310043
-0.306998
-0.300969
-0.291694
-0.493995
-0.5186
-0.465872
-0.351127
-0.250702
-0.198734
-0.179394
-0.234146
-0.266205
-0.216804
-0.164709
-0.156144
-0.167483
-0.212696
-0.284537
-0.302123
-0.251039
-0.172987
-0.108866
-0.0653449
-0.0349259
-0.0196077
-0.00949687
-0.00309581
-0.000749465
0.000646415
0.00298316
0.00195409
0.00173884
0.002027
0.000645989
-0.000305712
9.26113e-05
-0.000137222
-0.000497783
-0.000156304
4.35941e-05
-3.53019e-06
-0.5297
-0.566733
-0.511321
-0.384877
-0.267952
-0.194661
-0.156079
-0.198855
-0.218592
-0.184154
-0.154639
-0.162588
-0.185237
-0.238887
-0.315709
-0.331977
-0.269998
-0.181671
-0.111112
-0.0639207
-0.0318941
-0.0156061
-0.00600742
-0.000601725
0.000421286
0.00126629
0.00363638
0.00208246
0.00220528
0.00247832
0.000714054
-8.29293e-05
0.000239421
-8.75119e-05
-0.000454423
-0.000104543
6.98222e-05
-6.18571e-08
-0.52381
-0.566787
-0.516448
-0.390273
-0.269258
-0.188398
-0.140053
-0.157424
-0.164595
-0.144918
-0.139301
-0.163432
-0.196483
-0.259091
-0.340009
-0.356201
-0.28658
-0.190115
-0.114005
-0.0642493
-0.0309472
-0.0137282
-0.00414992
0.000953519
0.00124507
0.00174254
0.00401682
0.00218687
0.00264587
0.00283968
0.000777771
0.000216209
0.00036955
-4.89048e-05
-0.000387923
-5.39116e-05
9.00057e-05
4.11541e-06
-0.485129
-0.529947
-0.485298
-0.36971
-0.258054
-0.182392
-0.128476
-0.124588
-0.122275
-0.108732
-0.11904
-0.156479
-0.199004
-0.266154
-0.349672
-0.366351
-0.299123
-0.19865
-0.117865
-0.0660722
-0.0314336
-0.0134558
-0.00373481
0.00149346
0.00167701
0.00201809
0.00404502
0.00228389
0.0029845
0.00304814
0.000864958
0.000559022
0.000476822
-1.9335e-05
-0.000296079
-4.92352e-06
0.000102277
9.13449e-06
-0.436853
-0.469927
-0.434938
-0.339374
-0.243986
-0.17841
-0.120733
-0.104701
-0.0991972
-0.0699232
-0.0965363
-0.146117
-0.192179
-0.261513
-0.355601
-0.393145
-0.313165
-0.207623
-0.122456
-0.0688713
-0.0330765
-0.0141852
-0.0041886
0.00124645
0.00174923
0.00203087
0.0037367
0.00232321
0.00315842
0.00308439
0.000986395
0.000887489
0.000556682
4.77134e-06
-0.000184269
4.11897e-05
0.00010593
1.49654e-05
-0.380946
-0.399376
-0.374257
-0.305349
-0.230008
-0.174992
-0.11771
-0.0953661
-0.0904934
-0.0659521
-0.0851422
-0.136794
-0.182234
-0.251329
-0.343989
-0.381334
-0.314864
-0.213637
-0.126928
-0.0719505
-0.0354574
-0.0155416
-0.00509801
0.000561445
0.00156274
0.00181812
0.00322825
0.00227045
0.00315039
0.00298057
0.00112436
0.00115189
0.000609543
2.57619e-05
-6.42769e-05
8.29729e-05
0.000101798
2.14205e-05
-0.323903
-0.335728
-0.322477
-0.278041
-0.220928
-0.171181
-0.122067
-0.090011
-0.0837712
-0.0723805
-0.0736128
-0.126997
-0.164711
-0.229203
-0.331221
-0.377086
-0.322431
-0.221862
-0.133112
-0.0764629
-0.0387058
-0.0176159
-0.0063759
-0.000364358
0.00121707
0.00146574
0.00267311
0.00212953
0.00298802
0.00281292
0.00123596
0.0013272
0.000641059
4.52455e-05
5.0379e-05
0.000118697
9.19564e-05
2.84491e-05
-0.279992
-0.287464
-0.279915
-0.25243
-0.213667
-0.175771
-0.131528
-0.0934302
-0.0848856
-0.0742168
-0.0808234
-0.126504
-0.149129
-0.206751
-0.305175
-0.347497
-0.310706
-0.226323
-0.14084
-0.0825179
-0.0431566
-0.0204614
-0.00813419
-0.00150017
0.000752973
0.00107102
0.00215729
0.00192377
0.00270966
0.00261787
0.00134693
0.00142412
0.000656769
6.37027e-05
0.000151937
0.00014709
7.79885e-05
3.59738e-05
-0.254972
-0.263346
-0.250804
-0.221821
-0.187174
-0.155414
-0.116887
-0.0849781
-0.0768438
-0.0654732
-0.0737279
-0.0824667
-0.111565
-0.168533
-0.271465
-0.325229
-0.298775
-0.212661
-0.131536
-0.0774259
-0.0417089
-0.0204478
-0.00868522
-0.00220807
0.000320846
0.000716721
0.001784
0.0016753
0.00242531
0.0023896
0.00134191
0.00150872
0.000661068
7.24488e-05
0.000261307
0.000176367
5.76938e-05
4.34606e-05
-0.19764
-0.20937
-0.198351
-0.173552
-0.146633
-0.123619
-0.0971265
-0.0767002
-0.0687822
-0.060183
-0.0622609
-0.0818068
-0.0994708
-0.137001
-0.229365
-0.291996
-0.260258
-0.185231
-0.116494
-0.0707405
-0.0403732
-0.0209958
-0.0096707
-0.00321355
-0.000386349
0.000223162
0.00112562
0.00128301
0.0019954
0.0020137
0.00128472
0.00142089
0.000615141
9.65463e-05
0.000334932
0.00018963
4.33428e-05
4.87438e-05
-0.160188
-0.172772
-0.166365
-0.149182
-0.12769
-0.109752
-0.088455
-0.0655398
-0.0540039
-0.0470399
-0.0396666
-0.0501768
-0.0694335
-0.106624
-0.183905
-0.24377
-0.219599
-0.158419
-0.101901
-0.0638594
-0.0380984
-0.0209523
-0.010429
-0.00416564
-0.00111013
-0.000251878
0.000618118
0.000941129
0.00160323
0.00169308
0.00119039
0.00129751
0.000592254
0.000136475
0.000365212
0.000198922
4.22765e-05
5.02471e-05
-0.128914
-0.13866
-0.134335
-0.120042
-0.101741
-0.0852955
-0.0691429
-0.0507298
-0.0397422
-0.0320949
-0.0179428
-0.00770004
-0.0121945
-0.0539596
-0.130052
-0.184903
-0.164758
-0.120667
-0.082649
-0.055299
-0.0355856
-0.020939
-0.0111575
-0.00508041
-0.00186988
-0.000771395
0.000101692
0.000557103
0.0012026
0.00137678
0.00103126
0.00115609
0.000575908
0.000171252
0.000367326
0.00020443
4.87396e-05
4.98409e-05
-0.100453
-0.10908
-0.107252
-0.0976815
-0.0841782
-0.0714428
-0.0586184
-0.0421657
-0.0286609
-0.016769
0.0047332
0.0290288
0.0359458
0.00023103
-0.0704234
-0.117356
-0.1145
-0.0925291
-0.0677703
-0.047247
-0.0315275
-0.0194608
-0.0110496
-0.00555056
-0.00241809
-0.00119068
-0.000323068
0.000212353
0.000863558
0.0010792
0.000889303
0.00102086
0.000561386
0.000211006
0.00035976
0.000207578
6.32444e-05
5.03887e-05
-0.0782075
-0.0859322
-0.0853195
-0.0783213
-0.0679384
-0.0567297
-0.045267
-0.0313903
-0.0178565
-0.00486816
0.0171075
0.0413497
0.0526973
0.0286071
-0.0253239
-0.0645612
-0.0714614
-0.0620824
-0.0494239
-0.037876
-0.0275306
-0.0184416
-0.0112424
-0.0061308
-0.00302
-0.00162128
-0.000702607
-0.000116453
0.000511952
0.000792388
0.000723486
0.000874032
0.000529864
0.000240617
0.000341905
0.000206117
8.0155e-05
5.05398e-05
-0.0608313
-0.0665569
-0.0664413
-0.0614483
-0.0535961
-0.0446391
-0.0353858
-0.0242967
-0.012012
0.000519894
0.0174935
0.0361516
0.0459543
0.031439
-0.00274867
-0.0309124
-0.0430443
-0.0434519
-0.0383989
-0.0310763
-0.0235716
-0.0164727
-0.0105264
-0.00612244
-0.00331853
-0.00194755
-0.00103221
-0.00041259
0.000219331
0.000532779
0.000581383
0.000741216
0.000491709
0.000273097
0.000331862
0.000205065
9.83139e-05
5.32838e-05
-0.0460391
-0.0506501
-0.0511468
-0.0476673
-0.0417831
-0.0347628
-0.0271909
-0.0184151
-0.00830328
0.00219551
0.0140951
0.0262041
0.0329709
0.024995
0.0050347
-0.0138669
-0.0245999
-0.0274624
-0.0259532
-0.022676
-0.0186429
-0.0140393
-0.00959328
-0.00595168
-0.00345543
-0.00213801
-0.00124812
-0.000635025
-3.62054e-05
0.000299836
0.00043698
0.000610954
0.000439468
0.000298865
0.000325133
0.00019902
0.000114958
5.52098e-05
-0.0343083
-0.0381506
-0.0386914
-0.0361599
-0.0318119
-0.0265551
-0.0207537
-0.0141928
-0.00662001
0.0012677
0.00936873
0.0168899
0.0211466
0.017212
0.00638691
-0.00504709
-0.0133611
-0.0173277
-0.0183123
-0.0172916
-0.0150257
-0.0118782
-0.00851621
-0.00558766
-0.00348353
-0.00229508
-0.00144749
-0.000827715
-0.000245417
0.000100962
0.000305577
0.00049249
0.00038229
0.000321476
0.00032298
0.000194393
0.000135781
6.86556e-05
-0.0252541
-0.0280449
-0.0285289
-0.026864
-0.023831
-0.0200564
-0.0158107
-0.0110753
-0.00571448
-0.000128647
0.0052328
0.00981884
0.0123855
0.0107219
0.00514112
-0.00156172
-0.00711172
-0.0104456
-0.0118852
-0.0118311
-0.0108824
-0.00916661
-0.00697686
-0.00483856
-0.0031856
-0.00222019
-0.00150741
-0.000944618
-0.000372092
-6.49853e-05
0.000200183
0.000408897
0.000329798
0.000334905
0.000326731
0.000184843
0.000140351
6.02842e-05
-0.0178303
-0.0199854
-0.020572
-0.0195474
-0.0174602
-0.0148222
-0.0118664
-0.00861835
-0.0050127
-0.0012784
0.002219
0.00502604
0.0066097
0.00611307
0.00349984
-6.18647e-05
-0.00336922
-0.00566585
-0.0071819
-0.00782977
-0.00774589
-0.00692838
-0.00557041
-0.00410828
-0.00288017
-0.00212649
-0.00153177
-0.0010085
-0.000392549
-0.000190031
0.000121041
0.000344264
0.000299758
0.000366765
0.000350577
0.000202513
0.000180421
9.58971e-05
-0.0120108
-0.0137501
-0.0143089
-0.0137069
-0.0123495
-0.010615
-0.00866988
-0.0065498
-0.00422346
-0.00183267
0.000405774
0.00214985
0.00318889
0.00319628
0.00210149
0.000388805
-0.0014662
-0.00306552
-0.00421546
-0.00484608
-0.00500777
-0.00471835
-0.00402506
-0.0031798
-0.00239956
-0.00189961
-0.00148143
-0.00110869
-0.000944584
-0.000337821
3.72024e-05
0.000294732
0.000244219
0.000344792
0.000348017
0.000172318
0.000144787
6.03559e-05
-0.00752761
-0.00885793
-0.00937407
-0.00910077
-0.00829369
-0.00721282
-0.00599166
-0.00468177
-0.0032609
-0.00183083
-0.000406853
0.000685385
0.00138132
0.00157215
0.00124851
0.000563354
-0.00035621
-0.00120366
-0.00194506
-0.00249756
-0.00286348
-0.00294712
-0.00270096
-0.00230857
-0.00185031
-0.00155718
-0.00127597
-0.000908219
-0.000362842
-0.000239013
0.000107046
0.000347866
0.000310234
0.000439684
0.000430708
0.000256569
0.000238748
0.000131258
-0.00399432
-0.00503793
-0.00553126
-0.00548066
-0.00504568
-0.00441822
-0.00369042
-0.00291278
-0.00204875
-0.001143
-0.000364298
0.000243569
0.000681568
0.000917052
0.000919692
0.000747833
0.000385093
1.71631e-05
-0.000426419
-0.000804969
-0.00110735
-0.00131991
-0.00138527
-0.00142179
-0.00135639
-0.00128357
-0.00115041
-0.000977228
-0.000751201
-0.000318746
3.73177e-05
0.000310801
0.000243934
0.000360106
0.000390617
0.000176882
0.00013443
5.63522e-05
-0.00120578
-0.00203097
-0.00247017
-0.00257827
-0.00241309
-0.0021042
-0.00172201
-0.00131515
-0.000858556
-0.000404164
3.93811e-05
0.000395258
0.000684211
0.000891873
0.00101371
0.00108046
0.00100301
0.000891589
0.000676626
0.000461694
0.00021151
-5.87702e-05
-0.000257969
-0.000511018
-0.000630236
-0.000718921
-0.000678757
-0.000256356
3.9707e-05
5.88515e-05
0.000326606
0.000543862
0.000473208
0.00058361
0.000579935
0.000371375
0.000313631
0.00016815
0.00089502
0.000223465
-0.000203176
-0.000351331
-0.000324618
-0.000204568
-3.32015e-05
0.000141045
0.000350839
0.000550344
0.000766127
0.000937152
0.00110491
0.00126836
0.00141129
0.00157799
0.00163327
0.00169936
0.00163787
0.00154931
0.00138601
0.00105375
0.000690999
0.000173699
-0.00023106
-0.000431666
-0.000463575
-0.000377816
-0.000243835
1.91974e-05
0.000274798
0.000504796
0.000391176
0.000433333
0.000474806
0.000227193
0.000130018
5.48617e-05
0.00263384
0.00209699
0.00172189
0.00151541
0.00143526
0.00142475
0.001454
0.00148176
0.00153972
0.00158383
0.00165906
0.00171667
0.00179841
0.00189517
0.00200875
0.00217398
0.00225567
0.00238318
0.00239322
0.00243508
0.00240434
0.00217783
0.00183343
0.00123107
0.00072906
0.000393357
0.000245906
0.00049825
0.000798477
0.000704211
0.000803396
0.000951319
0.000809394
0.000822927
0.000808378
0.000541824
0.000400469
0.000201788
0.00398674
0.00359169
0.0032415
0.0030135
0.00287831
0.00279457
0.00274641
0.00268931
0.0026607
0.00261334
0.0026
0.00257413
0.00259379
0.00264707
0.00272352
0.00288617
0.00297506
0.00310591
0.00314648
0.003246
0.00331115
0.00306089
0.00263974
0.00192751
0.00127951
0.000923473
0.000758561
0.000673761
0.000706873
0.000768507
0.00079482
0.000893171
0.000737773
0.000616024
0.000628771
0.000356905
0.000157711
6.32801e-05
0.00498099
0.00460541
0.00435614
0.00417296
0.00404288
0.00393532
0.00385242
0.00375214
0.00367862
0.00358897
0.0035327
0.00346678
0.00344417
0.00345967
0.00349063
0.0035984
0.0036776
0.00384025
0.00395665
0.00416249
0.00433813
0.00425711
0.00388066
0.00322228
0.00258393
0.0020997
0.00186051
0.00172008
0.00159448
0.00162353
0.00146872
0.00153514
0.00129139
0.00112288
0.00110977
0.000756069
0.000479666
0.000226897
0.00603719
0.00576044
0.00552274
0.00532021
0.00516305
0.00501523
0.00488828
0.0047469
0.00462945
0.00451456
0.00442115
0.00434099
0.00426438
0.00424047
0.00421642
0.00429971
0.00436618
0.00445139
0.00455515
0.00462589
0.00466858
0.00465803
0.00446751
0.0042006
0.00383813
0.00332145
0.00299906
0.00250304
0.00220818
0.00206468
0.0015508
0.00153206
0.00125332
0.00087858
0.000900791
0.000558721
0.000229526
9.58856e-05
0.00643862
0.00621967
0.00602488
0.0058511
0.00569973
0.00555325
0.00541373
0.00527384
0.00514422
0.00501967
0.00490397
0.00479805
0.0047101
0.00465699
0.00460423
0.00458126
0.0045562
0.00454148
0.00453604
0.00453067
0.00448693
0.0044328
0.00429052
0.00407729
0.0038836
0.00358658
0.00330956
0.00299738
0.00263821
0.00255439
0.00218434
0.00199475
0.00179554
0.00144202
0.00129313
0.00096687
0.000572626
0.000239831
0.00693008
0.0067594
0.00658771
0.00641973
0.00626383
0.00611206
0.00596508
0.00581536
0.00567328
0.00554103
0.0054182
0.00530326
0.00518799
0.00509397
0.00501102
0.0049423
0.00487338
0.00483046
0.00478555
0.00473848
0.00468213
0.00457659
0.00444386
0.00422141
0.00397551
0.00367432
0.00333559
0.00304723
0.00270761
0.00245879
0.00208601
0.00182055
0.00160459
0.00122063
0.00105085
0.000763061
0.000372433
0.000130273
0.00706545
0.00691128
0.00675471
0.00659742
0.00644297
0.00629094
0.00614163
0.00599384
0.00584809
0.00570731
0.00557225
0.00544675
0.00532592
0.005218
0.00511
0.00501772
0.00492943
0.00485254
0.00478164
0.00470251
0.00462355
0.00450503
0.00437445
0.00419329
0.0039738
0.00375531
0.00345507
0.00320297
0.00286501
0.00265488
0.00236327
0.00205126
0.00186294
0.00149538
0.00124805
0.0009768
0.00054087
0.000191846
-0.109732
-0.122529
-0.135937
-0.14974
-0.16557
-0.181319
-0.200746
-0.223392
-0.0933002
-0.10302
-0.113083
-0.123931
-0.13522
-0.146914
-0.158128
-0.173007
-0.0774431
-0.0841835
-0.0909513
-0.0986416
-0.106551
-0.114939
-0.124086
-0.137175
-0.0644574
-0.0691965
-0.0739985
-0.0796528
-0.085951
-0.0930896
-0.101883
-0.112543
-0.0529267
-0.0563592
-0.0599401
-0.0643713
-0.0696215
-0.0751987
-0.0810998
-0.0882038
-0.0431565
-0.0455708
-0.0481886
-0.0513231
-0.0548189
-0.0582261
-0.0621451
-0.0680349
-0.0346317
-0.0361854
-0.0378157
-0.0397355
-0.0419879
-0.0446172
-0.0483072
-0.0533367
-0.0271473
-0.0280442
-0.0289961
-0.0303414
-0.0322881
-0.0347104
-0.0373987
-0.0407102
-0.020728
-0.0212943
-0.021976
-0.0230394
-0.024417
-0.0258223
-0.0274099
-0.0299689
-0.0153475
-0.0156975
-0.0160746
-0.0166326
-0.0173635
-0.0183143
-0.019738
-0.0219542
-0.010662
-0.0108342
-0.0109959
-0.0113324
-0.0119318
-0.012802
-0.0139201
-0.0154843
-0.00676044
-0.00689758
-0.00702435
-0.00727421
-0.00768904
-0.00823924
-0.00897694
-0.0101605
-0.00354061
-0.00366232
-0.00374762
-0.00388648
-0.00413415
-0.00452612
-0.00513092
-0.006097
-0.000880565
-0.00099931
-0.0010816
-0.00119343
-0.0013914
-0.00170648
-0.00218003
-0.00291399
0.00128003
0.00114428
0.00104289
0.00093827
0.000787903
0.000556909
0.00019843
-0.000367984
0.00298272
0.00284066
0.0027261
0.00261951
0.00248827
0.00229794
0.00200626
0.00155597
0.00439829
0.00424428
0.00411519
0.00400428
0.00388608
0.00372939
0.00349721
0.00314744
0.00548309
0.00532709
0.00519025
0.00507399
0.00496271
0.00482972
0.00464432
0.00437476
0.00643805
0.00626566
0.00611052
0.00597862
0.00585665
0.00572379
0.00555275
0.00532035
0.00715621
0.00699438
0.00684873
0.00673014
0.00662679
0.00652868
0.00641214
0.00626475
0.00753774
0.00740087
0.00726287
0.00713394
0.00701164
0.00689287
0.00676636
0.00662752
0.00782022
0.00769182
0.00756279
0.00744335
0.00733704
0.00724232
0.00715241
0.00705927
0.00793332
0.00782699
0.00771411
0.00760063
0.00749119
0.00738732
0.00728776
0.00718971
0.0485463
0.0516164
0.0542252
0.0556432
0.0552286
0.052894
0.0485026
0.0414903
0.0308424
0.0151164
-0.00764709
-0.0401465
-0.0867455
-0.150743
-0.206762
0.0256487
0.0264935
0.0254432
0.0227837
0.0184832
0.0122495
0.00356386
-0.00837961
-0.0247006
-0.0469126
-0.0770875
-0.117916
-0.173451
-0.248084
-0.306417
0.00324754
0.0015843
-0.0031478
-0.00948886
-0.0172107
-0.0269205
-0.0394415
-0.0557078
-0.0768843
-0.104551
-0.140906
-0.188648
-0.251026
-0.332239
-0.388623
-0.0194382
-0.0239374
-0.0315818
-0.0406019
-0.0510186
-0.0636874
-0.0795048
-0.0994004
-0.124517
-0.156394
-0.197513
-0.250323
-0.317575
-0.398762
-0.451494
-0.0426201
-0.0497788
-0.0593135
-0.0700511
-0.0824861
-0.0975366
-0.11598
-0.138667
-0.166701
-0.201451
-0.245627
-0.301579
-0.369979
-0.447219
-0.494171
-0.0653627
-0.0746811
-0.0853996
-0.097395
-0.11141
-0.12826
-0.148573
-0.17311
-0.202975
-0.239558
-0.284939
-0.341012
-0.40745
-0.477475
-0.517315
-0.0871833
-0.097581
-0.109134
-0.122254
-0.137627
-0.15578
-0.177246
-0.20276
-0.233332
-0.270202
-0.314901
-0.368627
-0.430008
-0.489729
-0.522972
-0.107161
-0.118252
-0.130663
-0.144809
-0.161161
-0.18013
-0.202145
-0.227834
-0.258061
-0.293827
-0.336193
-0.385448
-0.438627
-0.485547
-0.513897
0.184545
0.199135
0.215408
0.233768
0.254252
0.276736
0.301122
0.327361
0.355372
0.384892
0.415339
0.445557
0.473579
0.495532
0.513596
0.180894
0.194496
0.209845
0.227389
0.247032
0.268507
0.291655
0.316421
0.342718
0.370241
0.398329
0.425729
0.450341
0.468372
0.482611
0.173163
0.185002
0.198837
0.215053
0.233288
0.253051
0.274076
0.296268
0.319499
0.343397
0.367189
0.389479
0.407923
0.418885
0.426527
0.161373
0.170914
0.182802
0.197169
0.21333
0.23062
0.248702
0.267421
0.286543
0.305545
0.323465
0.338703
0.348585
0.349492
0.348416
0.145619
0.152635
0.16252
0.174883
0.188502
0.202559
0.216767
0.231006
0.244972
0.257963
0.268768
0.275521
0.275183
0.263958
0.251917
0.126245
0.130269
0.138018
0.148296
0.159216
0.169786
0.179731
0.188926
0.196985
0.203057
0.205723
0.202855
0.191048
0.166344
0.141676
0.103773
0.105471
0.111236
0.118788
0.126206
0.132712
0.138078
0.142036
0.143961
0.142785
0.136883
0.12389
0.100077
0.0615232
0.0241442
0.0776423
0.0784144
0.0832885
0.0881314
0.0916143
0.093539
0.0939021
0.0923118
0.0878966
0.0793542
0.0648481
0.0417733
0.00607089
-0.0458925
-0.0944207
0.0218235
0.0265105
0.0225546
0.0268676
0.0240981
0.0287951
0.0269972
0.031441
0.0311347
0.0356273
0.036685
0.0415668
0.0442566
0.0501301
0.0549901
0.0624813
0.0701066
0.0803005
0.0916206
0.105841
0.121961
0.141648
0.164142
0.021861
0.0264604
0.0226039
0.0268265
0.0241547
0.0287798
0.027029
0.0314447
0.0311949
0.0355915
0.0367617
0.0416004
0.0443339
0.0502152
0.0551205
0.0626216
0.07027
0.0803559
0.0914314
0.105485
0.121028
0.140261
0.161727
0.0219093
0.026384
0.022672
0.0267575
0.0242389
0.0287359
0.0270875
0.0314174
0.03128
0.0355466
0.0368898
0.0416096
0.0444406
0.0502429
0.0550924
0.0625498
0.0701182
0.0801124
0.0907063
0.10436
0.118921
0.137167
0.156503
0.0219667
0.0262841
0.0227512
0.0266634
0.0243395
0.0286544
0.0271665
0.0313674
0.0313824
0.0354828
0.0370684
0.0415977
0.0445967
0.0503651
0.0551164
0.0626756
0.0699655
0.0798618
0.0896978
0.102748
0.115729
0.132296
0.148319
0.0220319
0.0261647
0.0228349
0.0265479
0.0244547
0.0285452
0.0272627
0.0312882
0.0314969
0.0354035
0.0372688
0.0415228
0.044666
0.0502757
0.0550076
0.0619032
0.069246
0.0787348
0.0878207
0.0998736
0.11101
0.12531
0.136922
0.0221001
0.0260295
0.0229237
0.026417
0.0245772
0.028442
0.0273769
0.0312211
0.0316132
0.035366
0.0373475
0.0415436
0.0449754
0.0505793
0.0554224
0.0628294
0.0690499
0.0783314
0.0861649
0.0970944
0.105482
0.116776
0.122901
0.0221712
0.0258826
0.0230201
0.0262797
0.0246981
0.028308
0.0274862
0.0311092
0.0317243
0.0352841
0.037391
0.0414068
0.0448573
0.050254
0.0548888
0.0615939
0.0677163
0.0760603
0.0830481
0.0921319
0.0983087
0.105631
0.106038
0.022239
0.0257304
0.0231097
0.0261394
0.0248467
0.028219
0.0276245
0.0310904
0.031862
0.0353425
0.0376169
0.0417296
0.0454286
0.0508258
0.0554958
0.0625307
0.0677492
0.0759315
0.0809069
0.0884597
0.0903221
0.0933209
0.0857593
0.022322
0.0255236
0.0232322
0.0259233
0.0249596
0.0279635
0.0276949
0.0308465
0.031928
0.0352047
0.0376129
0.0412924
0.0448821
0.0496968
0.0539911
0.0597068
0.0644381
0.0703142
0.0741937
0.0777801
0.0770425
0.0727765
0.0598828
0.0224309
0.0252349
0.0233802
0.0256184
0.025091
0.0276295
0.0277367
0.030391
0.0317558
0.0343382
0.0369446
0.0400812
0.0435763
0.0476521
0.0514807
0.0557508
0.0595496
0.0628218
0.0649443
0.0645511
0.0615844
0.05391
0.0431798
0.0225636
0.0248765
0.0235549
0.0252488
0.0252364
0.0272009
0.0277507
0.0298585
0.0315258
0.0336205
0.0363074
0.0388491
0.0420958
0.0454805
0.0485223
0.0513738
0.0540003
0.0552069
0.055389
0.0528121
0.0481107
0.0401982
0.0301705
0.0227241
0.0244391
0.0237542
0.0248444
0.0253484
0.0268021
0.0276848
0.0293241
0.031166
0.0328214
0.0353746
0.0374352
0.0401876
0.042368
0.0450582
0.0467488
0.0481229
0.0478276
0.046356
0.0426707
0.0369543
0.0290331
0.0196399
0.0229153
0.0239313
0.0239032
0.0245109
0.0253729
0.026412
0.0275038
0.0287645
0.0306467
0.0319606
0.0342132
0.0359021
0.0380501
0.0396879
0.0413639
0.0419869
0.0421978
0.0408242
0.038183
0.0339056
0.0279369
0.0203173
0.0114173
0.0231159
0.0234409
0.0239544
0.0242105
0.0253187
0.0260304
0.0272093
0.0281746
0.0299644
0.0310127
0.0328306
0.0341898
0.0356801
0.0367073
0.0375103
0.0372175
0.0364714
0.0343642
0.0310892
0.0265834
0.0207783
0.0136694
0.00543878
0.0232931
0.0229783
0.0239158
0.023935
0.025176
0.025648
0.0267796
0.027535
0.0291188
0.0299483
0.0312736
0.0322901
0.0331548
0.0335739
0.0336277
0.0326332
0.0311772
0.0286392
0.0251429
0.0206664
0.0152318
0.00879354
0.00140018
0.0234178
0.022565
0.0237778
0.0236767
0.0249296
0.0252535
0.026218
0.0268285
0.0281377
0.0287561
0.0295785
0.0302162
0.0305489
0.0304178
0.0298538
0.0283874
0.0264917
0.0237501
0.0202788
0.016033
0.0111108
0.00546048
-0.000963893
0.0234697
0.0222197
0.0235275
0.0234228
0.0245816
0.0248307
0.0255378
0.0260337
0.027051
0.0274346
0.027784
0.0280358
0.0279455
0.02737
0.0263273
0.0245804
0.0224773
0.0197297
0.0164474
0.0125802
0.00825305
0.00342212
-0.0020071
0.0234302
0.0219508
0.0231616
0.0231548
0.0241515
0.0243506
0.0247572
0.0251377
0.0258869
0.0260092
0.0259385
0.0258539
0.0254345
0.0245376
0.0231618
0.0212749
0.0191476
0.0165533
0.0135667
0.0101526
0.00644195
0.00240847
-0.00207366
0.0232905
0.0217529
0.0226902
0.0228446
0.0236711
0.0237975
0.0238934
0.024144
0.0246765
0.0245284
0.024087
0.0237204
0.0230892
0.0220005
0.0204215
0.0185012
0.0164791
0.0141535
0.01153
0.00858471
0.00545901
0.00215409
-0.00147475
0.0230393
0.0216203
0.0221423
0.0224475
0.0231716
0.0231693
0.0229616
0.0230664
0.0234419
0.0230603
0.0222958
0.0217002
0.0209662
0.0198004
0.0181309
0.0162512
0.0144118
0.0124211
0.0101908
0.00769103
0.00508338
0.00240897
-0.000481765
0.0226942
0.0214978
0.021583
0.0219316
0.0226497
0.022502
0.021993
0.0219408
0.0222014
0.0216537
0.0206231
0.0198375
0.0190827
0.0179492
0.0162971
0.0145083
0.012879
0.011233
0.00939262
0.00730267
0.00514001
0.00298977
0.000713918
0.0222584
0.0213351
0.0210466
0.0213293
0.0220504
0.0217982
0.0210302
0.0208097
0.0209777
0.0203389
0.0191265
0.0181992
0.0174585
0.0164255
0.014879
0.0132197
0.0117918
0.0104511
0.00896327
0.00724425
0.00546771
0.00374762
0.00196681
0.02176
0.021094
0.0205527
0.0206999
0.0213782
0.0210556
0.0200963
0.0197233
0.0198025
0.0191278
0.0178258
0.0168097
0.0161203
0.0152116
0.013829
0.012333
0.0110898
0.00999697
0.00880229
0.00740631
0.00596366
0.00459456
0.00320751
0.02123
0.0207629
0.0200932
0.0200811
0.0206501
0.0202829
0.0192125
0.0187119
0.0187123
0.0180404
0.0167236
0.0156741
0.0150245
0.0142702
0.0130633
0.0117424
0.0106569
0.00975011
0.00879192
0.0076826
0.0065425
0.00546772
0.00438144
0.0206698
0.0203558
0.0196487
0.019492
0.019916
0.0195044
0.018402
0.0178124
0.0177326
0.0170792
0.0158201
0.0147844
0.0141728
0.0135301
0.0125347
0.0114041
0.0104519
0.00967223
0.00889215
0.00802661
0.00715158
0.00632406
0.00548223
0.0201422
0.0198882
0.0191847
0.0189481
0.0191902
0.0187362
0.0176704
0.0170371
0.0168815
0.0162571
0.0150985
0.0141304
0.0135538
0.0130046
0.0121788
0.0112181
0.0103795
0.00969358
0.00905844
0.00839507
0.00773504
0.00709346
0.00642395
0.0196009
0.0194039
0.018759
0.0184588
0.0185136
0.0180368
0.0170515
0.0163875
0.016175
0.0156056
0.0145505
0.0136372
0.0130929
0.0126305
0.0119836
0.0111795
0.0104302
0.00982235
0.0093217
0.00884669
0.00837058
0.00787492
0.00733416
0.0191056
0.0189433
0.0183883
0.0179834
0.0178697
0.0174519
0.0165489
0.0158105
0.0155677
0.0151493
0.0142354
0.0133292
0.0127649
0.01241
0.0119574
0.0112993
0.010604
0.0100294
0.0096146
0.00927685
0.00892947
0.00852818
0.00806269
0.0186824
0.0185358
0.0180511
0.0175819
0.0173562
0.0169784
0.0161396
0.0153465
0.0150503
0.0147404
0.0139888
0.0130986
0.0124562
0.0121124
0.0118106
0.0113202
0.0107075
0.0101358
0.00972237
0.00944679
0.00922012
0.0089628
0.00864026
0.018368
0.0182183
0.0177661
0.0172974
0.0170052
0.0165993
0.0158349
0.0150473
0.0146632
0.014417
0.0138781
0.0130767
0.012355
0.0119303
0.0116801
0.0113602
0.0108781
0.0103282
0.00986174
0.00955068
0.0093563
0.00919137
0.00898567
0.0181887
0.0180441
0.0176312
0.0171201
0.0167416
0.0163798
0.0157286
0.0149077
0.0143943
0.0141415
0.0137852
0.0131333
0.0123852
0.0118203
0.0115094
0.0112768
0.010938
0.0104786
0.0100139
0.00965803
0.0094425
0.00931411
0.00919603
0.0435276
0.0233677
0.000121824
-0.0202437
-0.039877
-0.059238
-0.0781394
-0.0950675
0.0317458
0.0133434
-0.00959089
-0.0290774
-0.0444648
-0.0581388
-0.0713645
-0.0828318
0.0210449
0.00651559
-0.0131243
-0.0296749
-0.0408489
-0.0502835
-0.0600662
-0.069437
0.0116576
4.1478e-05
-0.0161542
-0.0299736
-0.0386907
-0.0455412
-0.0523602
-0.0588282
0.00375793
-0.00544155
-0.017399
-0.0275327
-0.034082
-0.0391206
-0.0439725
-0.0487403
-0.00184124
-0.00933862
-0.0174801
-0.0243996
-0.0293412
-0.033285
-0.0368747
-0.0402293
-0.00525216
-0.0112218
-0.0165363
-0.0209939
-0.0245506
-0.027593
-0.0302859
-0.0326561
-0.0068002
-0.0114499
-0.0147881
-0.0175011
-0.0199416
-0.0222233
-0.0242313
-0.0258839
-0.00696166
-0.0105203
-0.0125213
-0.0140484
-0.0156335
-0.0172801
-0.0187515
-0.0199068
-0.00617499
-0.00886643
-0.00999039
-0.0107409
-0.0117062
-0.0128646
-0.01395
-0.0147889
-0.00479624
-0.00681138
-0.0073826
-0.00764218
-0.00816427
-0.00893627
-0.00970949
-0.0103028
-0.00311771
-0.00460926
-0.00484657
-0.00481543
-0.00503555
-0.00551711
-0.00605716
-0.00649096
-0.00133916
-0.00242891
-0.00247923
-0.00229819
-0.00233012
-0.00260918
-0.00298474
-0.00331662
0.000385167
-0.000403813
-0.000357262
-0.000115942
-4.08224e-05
-0.000183098
-0.000437223
-0.000689988
0.00200553
0.00144138
0.00152793
0.00177401
0.00189614
0.00183763
0.00166434
0.0014604
0.00344768
0.00302651
0.00311393
0.00333042
0.00345579
0.00343652
0.00331412
0.00314869
0.00476815
0.00445385
0.00452218
0.00469273
0.00480088
0.00479966
0.00470744
0.00456215
0.00585312
0.00559922
0.00563953
0.00576332
0.00584596
0.00584437
0.00576732
0.00563834
0.00687895
0.00667899
0.00670371
0.00679197
0.00684647
0.00683099
0.00674587
0.00660723
0.00767616
0.00749649
0.00748827
0.00753771
0.0075661
0.00753989
0.00745244
0.00731854
0.00832895
0.00811692
0.00799271
0.00792931
0.00788857
0.00784027
0.0077661
0.00766372
0.00875946
0.00856938
0.00840523
0.00827984
0.00818822
0.00811287
0.00803338
0.00793674
0.00905104
0.0088821
0.00867924
0.00848859
0.00833395
0.00821589
0.00812021
0.00802989
-0.505298
-0.513423
-0.52488
-0.540847
-0.56192
-0.586964
-0.611773
-0.630198
-0.502373
-0.509097
-0.518947
-0.532492
-0.549218
-0.568294
-0.587584
-0.601515
-0.500374
-0.505029
-0.512431
-0.52265
-0.534931
-0.54696
-0.555035
-0.555155
-0.499642
-0.501244
-0.504606
-0.509004
-0.513186
-0.514962
-0.511411
-0.49992
-0.499854
-0.496689
-0.493517
-0.489687
-0.484584
-0.477095
-0.465218
-0.446763
-0.498871
-0.488951
-0.477789
-0.465707
-0.453076
-0.439165
-0.422087
-0.399618
-0.493695
-0.47603
-0.457284
-0.438839
-0.421274
-0.403452
-0.383333
-0.358713
-0.481824
-0.457034
-0.432674
-0.410485
-0.390253
-0.370361
-0.348669
-0.323095
-0.46203
-0.432253
-0.405162
-0.38157
-0.360372
-0.339689
-0.317453
-0.291777
-0.434679
-0.403131
-0.375959
-0.352727
-0.331723
-0.311166
-0.289151
-0.263994
-0.40171
-0.37124
-0.346121
-0.324305
-0.304337
-0.284564
-0.263323
-0.239158
-0.364876
-0.338343
-0.316252
-0.296611
-0.278203
-0.259666
-0.239645
-0.216811
-0.327266
-0.305204
-0.286856
-0.269776
-0.25323
-0.236353
-0.217837
-0.196688
-0.28795
-0.272202
-0.258136
-0.243966
-0.229593
-0.214469
-0.19772
-0.178463
-0.249222
-0.240599
-0.230336
-0.219551
-0.206864
-0.193549
-0.178635
-0.161665
-0.399101
-0.413814
-0.430906
-0.448778
-0.465541
-0.479623
-0.490405
-0.498404
-0.401739
-0.417148
-0.434557
-0.45217
-0.468183
-0.481085
-0.490412
-0.496892
-0.403327
-0.419861
-0.438538
-0.456745
-0.472766
-0.48493
-0.492715
-0.497063
-0.405468
-0.423746
-0.443978
-0.463539
-0.479954
-0.491415
-0.497376
-0.499039
-0.408423
-0.428831
-0.451088
-0.472548
-0.489521
-0.500247
-0.504065
-0.502745
-0.412034
-0.434786
-0.459331
-0.48329
-0.500668
-0.510585
-0.511819
-0.506826
-0.416049
-0.441145
-0.468384
-0.494175
-0.511622
-0.520726
-0.518501
-0.508383
-0.420085
-0.446979
-0.476482
-0.504206
-0.524041
-0.528085
-0.520678
-0.504011
-0.423659
-0.451009
-0.481397
-0.509361
-0.526702
-0.527705
-0.514525
-0.490903
-0.426291
-0.451811
-0.480704
-0.506602
-0.520135
-0.5162
-0.497133
-0.467803
-0.427647
-0.448066
-0.4722
-0.493092
-0.500758
-0.491632
-0.468022
-0.435743
-0.427606
-0.438697
-0.454365
-0.469868
-0.468358
-0.454077
-0.428807
-0.396634
-0.426254
-0.423093
-0.424381
-0.423458
-0.419712
-0.404931
-0.382033
-0.354161
-0.423898
-0.402482
-0.387683
-0.376354
-0.364486
-0.351104
-0.334128
-0.311309
-0.421193
-0.377293
-0.338799
-0.312353
-0.299187
-0.291766
-0.282505
-0.268529
-0.427948
-0.351901
-0.279792
-0.230229
-0.210426
-0.215355
-0.217238
-0.224539
-0.434534
-0.331511
-0.232747
-0.160427
-0.120437
-0.122967
-0.141011
-0.167852
-0.383332
-0.283994
-0.188224
-0.116143
-0.0766367
-0.0675013
-0.0773978
-0.10863
-0.289285
-0.210165
-0.125878
-0.052846
-0.0101647
-0.00230607
-0.0183259
-0.0529422
-0.222141
-0.185492
-0.123249
-0.0307671
0.055474
0.0736492
0.077211
0.0204191
-0.199518
-0.187314
-0.146793
-0.0765812
0.00541021
0.068887
0.105849
0.086491
-0.196461
-0.192574
-0.159912
-0.114791
-0.0647622
-0.0229316
0.0210891
0.048643
-0.252287
-0.248778
-0.230438
-0.206144
-0.173028
-0.135615
-0.0974966
-0.0412998
-0.299288
-0.299072
-0.282167
-0.257444
-0.224564
-0.186511
-0.151004
-0.0991563
-0.238077
-0.243471
-0.236369
-0.217041
-0.190426
-0.158909
-0.133809
-0.0955676
-0.169819
-0.168974
-0.162124
-0.149363
-0.132079
-0.112206
-0.0970551
-0.0752284
-0.144996
-0.132684
-0.118815
-0.104045
-0.0894138
-0.0741172
-0.0626319
-0.0511223
-0.146218
-0.123015
-0.0999054
-0.0787572
-0.0615602
-0.0465034
-0.0356872
-0.0252067
-0.183568
-0.153414
-0.123252
-0.0917458
-0.0642939
-0.0433107
-0.0278179
-0.0132453
-0.249921
-0.213527
-0.176196
-0.136226
-0.0978566
-0.0648333
-0.0405674
-0.021118
-0.270369
-0.237053
-0.204884
-0.169194
-0.130513
-0.0931064
-0.0601129
-0.0355334
-0.230311
-0.208546
-0.186809
-0.164408
-0.138952
-0.113307
-0.0874652
-0.0630912
-0.163635
-0.154069
-0.145051
-0.136777
-0.127226
-0.117998
-0.107087
-0.094358
-0.107659
-0.107903
-0.110197
-0.113223
-0.116733
-0.120352
-0.123426
-0.124541
-0.0689198
-0.0748608
-0.0831456
-0.0929044
-0.104544
-0.11683
-0.130459
-0.144027
-0.0404721
-0.0484386
-0.0586386
-0.0705111
-0.0840924
-0.0985692
-0.114569
-0.130433
-0.0256829
-0.0332222
-0.0416782
-0.0509889
-0.0612166
-0.0723129
-0.0844043
-0.096777
-0.0142875
-0.0196666
-0.0253361
-0.0313079
-0.0372103
-0.0467535
-0.0538542
-0.0636872
-0.0061825
-0.00944247
-0.0127652
-0.0168488
-0.0207806
-0.0255418
-0.0299265
-0.036175
-0.00217753
-0.00380674
-0.00569113
-0.00788207
-0.0102747
-0.0130255
-0.0157027
-0.0193796
-0.000109457
-0.0010164
-0.00208959
-0.00337937
-0.00482105
-0.00651035
-0.00813368
-0.0103037
0.00214837
0.00120464
0.000190624
-0.000894026
-0.00205859
-0.00330578
-0.00459327
-0.00607543
0.00174557
0.00139223
0.000882953
0.00024536
-0.000487152
-0.00128644
-0.00213524
-0.00310815
0.00129465
0.000897273
0.000523592
0.000135739
-0.000290249
-0.000759549
-0.00127164
-0.00186941
0.0015484
0.00108245
0.000637042
0.000203709
-0.000227215
-0.000658139
-0.0010911
-0.00153672
0.000539397
0.000385454
0.000191119
-3.16611e-05
-0.000272805
-0.000524888
-0.00078445
-0.00105154
-0.00045209
-0.000542085
-0.000606492
-0.000667063
-0.000736716
-0.000822002
-0.000929699
-0.00108149
-6.61898e-05
-0.000231712
-0.00039947
-0.000564339
-0.000723248
-0.000874054
-0.00101287
-0.001139
-0.000196971
-0.000265478
-0.000340615
-0.000420885
-0.000504368
-0.000589737
-0.000676401
-0.000760101
-0.000525034
-0.00054274
-0.000557189
-0.000573252
-0.000594034
-0.000621234
-0.000657789
-0.000708182
-0.000209292
-0.000262786
-0.000316061
-0.000368245
-0.00041892
-0.000467365
-0.000512309
-0.000553778
1.3409e-05
-1.92002e-05
-5.26216e-05
-8.54888e-05
-0.000116804
-0.00014603
-0.000172499
-0.000194662
-6.44009e-06
-9.05567e-06
-1.17618e-05
-1.49764e-05
-1.89956e-05
-2.41472e-05
-3.10624e-05
-4.00236e-05
-0.20237
-0.16538
-0.134614
-0.105919
-0.0830794
-0.064815
-0.0492084
-0.0367247
-0.0267204
-0.0187019
-0.0123432
-0.00738866
-0.00351291
-0.000664885
0.00145978
0.00294467
0.00404047
0.00474503
0.00533285
0.00586801
0.00613341
0.00627878
0.0063533
-0.169418
-0.140942
-0.121749
-0.0992743
-0.0810171
-0.0642885
-0.0498478
-0.0378667
-0.0278965
-0.0197709
-0.0132068
-0.00801773
-0.00397513
-0.00099801
0.00123761
0.00276416
0.00387315
0.0045761
0.00514991
0.00567934
0.00595458
0.00609392
0.00616719
-0.111548
-0.0943878
-0.0896121
-0.0770659
-0.0672011
-0.0557113
-0.0448407
-0.0349193
-0.0261505
-0.0187087
-0.0125264
-0.00755716
-0.0036945
-0.000819454
0.00132691
0.00276924
0.00380679
0.00446142
0.00499795
0.00550718
0.00577037
0.00590183
0.00597236
-0.0573081
-0.0517793
-0.0558799
-0.0517358
-0.0490127
-0.0428545
-0.0360037
-0.0288554
-0.0220182
-0.0158572
-0.0105326
-0.00617454
-0.00276837
-0.00020691
0.00167546
0.00292719
0.00382192
0.00438687
0.00486352
0.00533721
0.00557498
0.00569963
0.00576851
0.00507929
-0.00914354
-0.0243316
-0.0285904
-0.0314991
-0.0297819
-0.0263027
-0.0217027
-0.0167957
-0.0120296
-0.00775634
-0.00422814
-0.00143555
0.000662224
0.00217132
0.00316545
0.00387602
0.00432915
0.00473354
0.00515986
0.00536577
0.0054846
0.00555499
0.0604551
0.0259604
0.00258527
-0.00881475
-0.0160061
-0.0175567
-0.016641
-0.0142747
-0.0111187
-0.00773111
-0.00457882
-0.00194814
0.000155492
0.00169725
0.00277595
0.00347293
0.00397316
0.00429831
0.00461551
0.00498172
0.00515048
0.00526222
0.00533237
0.0487968
0.0281647
0.0112298
0.00080882
-0.00572172
-0.00802638
-0.0084027
-0.00726358
-0.00537319
-0.0031923
-0.00114922
0.000580581
0.00193915
0.00287126
0.00348503
0.00384999
0.00411497
0.00429191
0.00451314
0.00480937
0.00493849
0.0050356
0.00510156
-0.0172677
-0.00338604
0.000863972
0.000488549
-0.000798891
-0.00164168
-0.00167998
-0.000966226
0.000115365
0.00134494
0.00244836
0.00332381
0.00390043
0.00419336
0.00430935
0.00430835
0.00431291
0.00431457
0.00442497
0.0046517
0.00473086
0.00480948
0.00486428
-0.0620179
-0.0293992
-0.0123954
-0.00272426
0.00131132
0.00320067
0.00428559
0.00499594
0.00555897
0.0059415
0.00618918
0.00620253
0.00597719
0.0056068
0.00519589
0.00479124
0.00451625
0.00431836
0.00430563
0.00447433
0.0045131
0.00457261
0.00461924
-0.066007
-0.0321778
-0.0156146
-0.00191191
0.0041145
0.00879552
0.0101974
0.0109838
0.0111203
0.0107861
0.0101675
0.00923392
0.00815137
0.00706001
0.00608388
0.00524708
0.00468174
0.00427964
0.00414318
0.00427164
0.00427157
0.00432106
0.00436505
-0.0477033
-0.0190235
-0.00702558
0.00783734
0.0102452
0.0162086
0.0164345
0.0176328
0.0168255
0.0158914
0.0143581
0.0124216
0.0104111
0.00851545
0.00692741
0.00563386
0.00477178
0.00416343
0.00390134
0.00400621
0.00399324
0.00404727
0.00409918
-0.029217
-0.00487178
0.00196785
0.0176041
0.0190903
0.0260323
0.0239689
0.0254477
0.0236133
0.0217118
0.0188811
0.0157594
0.0126903
0.0099158
0.00767066
0.00591747
0.00476547
0.00396882
0.00360057
0.00370063
0.00367924
0.00375862
0.00382174
-0.00794673
0.00975354
0.0155283
0.0263037
0.0294295
0.0356351
0.0331076
0.0338222
0.0312937
0.028358
0.0238741
0.0192902
0.0149497
0.01121
0.00828422
0.0060753
0.00465424
0.00368654
0.00321437
0.00334578
0.00334329
0.00345703
0.0035345
0.0025944
0.0163808
0.0289676
0.0327734
0.037053
0.0395967
0.0389276
0.0392131
0.0373072
0.0340801
0.0285189
0.0225703
0.0169513
0.0122329
0.00864243
0.00598969
0.0043801
0.00328756
0.00277294
0.00292361
0.00298353
0.00314137
0.00323757
-0.00212379
0.0119942
0.0316453
0.0318788
0.0410877
0.0413445
0.0430296
0.0442343
0.0440383
0.0399808
0.0328339
0.0252938
0.018383
0.0127888
0.00862448
0.00571334
0.00389115
0.00277951
0.00226407
0.0024674
0.00259588
0.00281152
0.00293539
-0.0104307
0.00673729
0.0276223
0.030635
0.0417621
0.0488379
0.0544629
0.0566575
0.0567646
0.0490912
0.0378598
0.0274625
0.0189721
0.0125839
0.00802801
0.00498495
0.00312634
0.00207994
0.00163598
0.00193301
0.00217877
0.00246278
0.00262284
-0.0293433
-0.0115583
0.0113357
0.0144167
0.0269092
0.0473616
0.0607421
0.066391
0.0664956
0.056006
0.0408482
0.0278868
0.0180951
0.0112548
0.00667805
0.00372068
0.00202094
0.00116257
0.000870021
0.00133641
0.00174633
0.00212091
0.00231583
-0.0700321
-0.0524217
-0.0377416
-0.0363207
-0.0350767
-0.0254347
-0.0103606
0.0181865
0.0416018
0.043913
0.0332028
0.0222317
0.0138467
0.00799336
0.0041967
0.00181161
0.000546825
-9.14653e-07
-1.59979e-05
0.000637866
0.00129334
0.00176698
0.00201134
-0.120522
-0.123847
-0.134312
-0.152704
-0.170874
-0.176308
-0.151715
-0.0870882
-0.0295668
-0.000987171
0.0067653
0.00682997
0.00466249
0.00222329
0.000460271
-0.000777943
-0.00128138
-0.00137385
-0.00103964
-0.000100426
0.000866482
0.00145139
0.00172822
-0.159766
-0.183191
-0.211758
-0.243479
-0.270449
-0.277977
-0.242645
-0.16124
-0.0877369
-0.0430031
-0.0209144
-0.0107427
-0.00632184
-0.0046851
-0.00394269
-0.00368246
-0.00323019
-0.00273417
-0.00208807
-0.000770558
0.000460218
0.00115093
0.00146766
-0.154271
-0.181739
-0.212829
-0.241832
-0.260788
-0.255321
-0.216533
-0.151923
-0.095992
-0.058763
-0.0358029
-0.0226086
-0.0149087
-0.0106347
-0.00800314
-0.00642325
-0.00509858
-0.00399692
-0.00297239
-0.00130391
0.000139239
0.000905442
0.0012323
-0.115121
-0.131119
-0.152081
-0.166191
-0.173032
-0.166059
-0.143175
-0.108837
-0.0782116
-0.0542755
-0.0381037
-0.026778
-0.0191284
-0.0141787
-0.0107636
-0.00842291
-0.00656823
-0.0049792
-0.0036356
-0.00164305
-9.85018e-05
0.000704508
0.00102545
-0.073901
-0.0820129
-0.0907071
-0.0963827
-0.0980469
-0.0936878
-0.0838492
-0.0694109
-0.0561444
-0.043727
-0.0339241
-0.0260211
-0.0199458
-0.0155267
-0.0121611
-0.00960576
-0.00753666
-0.0056485
-0.00403303
-0.00179356
-0.000260534
0.00052259
0.000821421
-0.0414662
-0.0460117
-0.0505172
-0.0538477
-0.0552907
-0.0541209
-0.0509867
-0.0452921
-0.0397734
-0.0336237
-0.0282416
-0.0231882
-0.0189072
-0.0154617
-0.0125761
-0.0102104
-0.0082122
-0.00619274
-0.00446829
-0.0019427
-0.000449993
0.000317259
0.000587621
-0.0222695
-0.0252508
-0.0282357
-0.0308592
-0.032576
-0.0331131
-0.0328112
-0.0309138
-0.0288724
-0.0258229
-0.0230117
-0.0199159
-0.0171175
-0.0146328
-0.0123496
-0.010369
-0.00859485
-0.00660609
-0.00495179
-0.00218144
-0.000731902
2.34845e-05
0.000301479
-0.0122212
-0.0144441
-0.0167037
-0.0189176
-0.0206708
-0.0218839
-0.022685
-0.0224204
-0.0221133
-0.0205918
-0.0191971
-0.0173971
-0.0155915
-0.0138335
-0.0120439
-0.0105114
-0.0089534
-0.0072245
-0.00573648
-0.00268901
-0.00112212
-0.000339547
-4.97694e-05
-0.00763437
-0.00941459
-0.0112275
-0.0130009
-0.0145294
-0.0157929
-0.0167548
-0.0171516
-0.0173354
-0.0168678
-0.0162242
-0.0151956
-0.0140308
-0.0128672
-0.0115335
-0.0104008
-0.00909735
-0.0077083
-0.00641671
-0.00327453
-0.00157133
-0.000744758
-0.000418142
-0.00412607
-0.00543651
-0.00681867
-0.00825139
-0.00957774
-0.010833
-0.0118991
-0.0126399
-0.0132205
-0.013325
-0.0132712
-0.0128538
-0.0122369
-0.0115382
-0.0105938
-0.0097767
-0.00870909
-0.00764314
-0.0064309
-0.00357888
-0.00192997
-0.00106083
-0.000735262
-0.00267372
-0.00361322
-0.00462089
-0.00569893
-0.00674888
-0.00780146
-0.00875484
-0.00953413
-0.0102054
-0.010562
-0.0107887
-0.0107279
-0.0104573
-0.0100883
-0.00946603
-0.00887778
-0.00809291
-0.00712215
-0.00625099
-0.00356247
-0.00223103
-0.00128498
-0.000962827
-0.00209408
-0.00275294
-0.00347882
-0.00423757
-0.00500061
-0.00578127
-0.0065093
-0.00716773
-0.00775367
-0.00816608
-0.00847462
-0.0085883
-0.0085261
-0.00834017
-0.00798168
-0.00746782
-0.00695113
-0.00594682
-0.00532286
-0.00304726
-0.00220213
-0.00134031
-0.00112014
-0.00136748
-0.00181472
-0.00229875
-0.00282972
-0.00336831
-0.00394755
-0.0044994
-0.0050282
-0.00553834
-0.00592649
-0.00628214
-0.00647117
-0.00655755
-0.00649076
-0.00632258
-0.00590882
-0.00557772
-0.00466211
-0.00423146
-0.00246697
-0.00207112
-0.00122284
-0.00114596
-0.00132862
-0.00161858
-0.00194125
-0.00230253
-0.00268297
-0.00309826
-0.00350907
-0.00391449
-0.00431398
-0.00464857
-0.0049451
-0.00514567
-0.00526378
-0.00523585
-0.00518802
-0.00478043
-0.0046349
-0.00366385
-0.00346547
-0.00195122
-0.00187258
-0.00107122
-0.00107352
-0.00129375
-0.00148008
-0.00169681
-0.00192677
-0.00217065
-0.00243653
-0.00269799
-0.0029721
-0.00323244
-0.00346604
-0.00367741
-0.00381187
-0.00392921
-0.00385023
-0.00388623
-0.00344097
-0.00343841
-0.0024927
-0.00253615
-0.00130868
-0.00160304
-0.000821726
-0.00094834
-0.000854091
-0.000993277
-0.00114043
-0.00130063
-0.00146955
-0.00165636
-0.00183252
-0.0020261
-0.00221075
-0.00236816
-0.00253376
-0.0026218
-0.00274306
-0.00267077
-0.00277373
-0.00240375
-0.00253835
-0.00177288
-0.00196578
-0.00095994
-0.00135186
-0.00058802
-0.000776442
-0.000784884
-0.000871952
-0.000966631
-0.00107327
-0.00118592
-0.00131537
-0.00144072
-0.00157795
-0.00171572
-0.00184055
-0.00195766
-0.00203607
-0.00213599
-0.00205782
-0.00219365
-0.001806
-0.00203274
-0.00125185
-0.00158086
-0.000627208
-0.00105336
-0.000379719
-0.00059112
-0.000603507
-0.000656785
-0.000719531
-0.000785387
-0.000853083
-0.00092843
-0.00100074
-0.00107959
-0.00115055
-0.00122258
-0.00128327
-0.00130749
-0.00139229
-0.00125838
-0.00143232
-0.00103118
-0.00133073
-0.000626923
-0.00104604
-0.000224149
-0.000732202
-0.000136979
-0.000386532
-0.000217554
-0.00024887
-0.000282764
-0.000318353
-0.000355522
-0.000395905
-0.000432789
-0.000476034
-0.00051212
-0.000547557
-0.000587347
-0.000579632
-0.000668961
-0.000544565
-0.000742373
-0.000434164
-0.000755393
-0.000241776
-0.000622025
-2.24856e-05
-0.000441275
-6.41897e-06
-0.000201387
-5.21272e-05
-6.58943e-05
-7.86737e-05
-9.23714e-05
-0.000105819
-0.000121594
-0.000134529
-0.000150908
-0.000165754
-0.000179853
-0.000205391
-0.000184691
-0.000257798
-0.000163292
-0.000306473
-0.00011559
-0.000318358
-3.90177e-05
-0.000260576
3.72492e-05
-0.000172004
2.5054e-05
-6.70442e-05
-0.140683
-0.117045
-0.0948354
-0.0770448
-0.0616584
-0.0490882
-0.0381926
-0.0291606
-0.0216578
-0.0154243
-0.0102731
-0.00603598
-0.00263276
3.9538e-05
0.00211112
0.00367417
0.00481499
0.00567498
0.00625942
0.00686021
0.0071465
0.00727332
0.00733971
-0.152998
-0.124704
-0.0995833
-0.0797535
-0.0635864
-0.0501889
-0.0386642
-0.0292447
-0.021539
-0.0152232
-0.0100656
-0.00586536
-0.00252961
7.56776e-05
0.00209227
0.00360438
0.00471328
0.00554761
0.00613086
0.00672729
0.00700037
0.00713619
0.00720172
-0.164736
-0.131872
-0.103531
-0.0821075
-0.0653238
-0.0510803
-0.0389645
-0.0292957
-0.0214063
-0.0150054
-0.00983037
-0.00566092
-0.00239782
0.000144346
0.00210809
0.00356754
0.00464619
0.00545036
0.00602824
0.00661451
0.00687093
0.00701314
0.00707685
-0.174935
-0.137962
-0.107391
-0.0852838
-0.0677506
-0.0521878
-0.0394713
-0.0295729
-0.0214463
-0.0149178
-0.00967676
-0.00550546
-0.00229864
0.000205574
0.00212409
0.00353479
0.00458774
0.00536057
0.00593274
0.00650765
0.0067511
0.00689765
0.00696084
-0.184822
-0.142927
-0.110435
-0.088414
-0.0697183
-0.0529009
-0.0400557
-0.0299716
-0.0216176
-0.0149539
-0.00961983
-0.00543658
-0.00225665
0.000242604
0.00212
0.00348891
0.00452187
0.00526228
0.00583271
0.0063987
0.00663491
0.00678374
0.00684824
-0.190746
-0.145655
-0.115018
-0.0928479
-0.0718362
-0.0540393
-0.0412167
-0.0306602
-0.0220064
-0.015152
-0.009707
-0.005502
-0.00228708
0.000231849
0.00207864
0.00342124
0.00444206
0.0051524
0.00572403
0.00628046
0.00651722
0.00666723
0.00673511
-0.194853
-0.148739
-0.119637
-0.0958829
-0.0728925
-0.0556373
-0.0427025
-0.0315496
-0.0226531
-0.0155995
-0.0100323
-0.00574923
-0.00242076
0.000130478
0.00198252
0.00332577
0.00434611
0.00503517
0.0056112
0.00615811
0.00639898
0.00654858
0.00661986
-0.196873
-0.156804
-0.127789
-0.100324
-0.0766067
-0.0594745
-0.0453136
-0.0334815
-0.0241741
-0.0167512
-0.0108974
-0.00636835
-0.00281759
-0.000165496
0.00178095
0.00317446
0.00422075
0.00490957
0.00549054
0.00602924
0.00628069
0.00642908
0.00650275
0.0336473
0.00848936
-0.0169428
-0.0434939
-0.0701411
-0.0956456
-0.119456
-0.141832
0.0364978
0.00870883
-0.0193921
-0.0487999
-0.0784671
-0.106959
-0.133279
-0.156905
0.038761
0.00686875
-0.0251306
-0.0576832
-0.0897748
-0.120228
-0.148118
-0.173355
0.0401335
0.00365107
-0.0324625
-0.0680687
-0.102445
-0.134793
-0.164492
-0.191649
0.0399822
-0.000872375
-0.0409961
-0.0798157
-0.116802
-0.151403
-0.183217
-0.212293
0.0381456
-0.00707968
-0.0513286
-0.0937397
-0.133775
-0.17095
-0.204906
-0.235735
0.0344774
-0.0155397
-0.0643048
-0.110746
-0.154184
-0.194106
-0.230142
-0.262498
0.0284438
-0.0270531
-0.0808713
-0.131775
-0.178877
-0.221607
-0.259681
-0.293297
0.0190744
-0.0427198
-0.102216
-0.158034
-0.209072
-0.25465
-0.294623
-0.329063
0.00497698
-0.0640379
-0.129933
-0.191155
-0.246451
-0.294928
-0.336433
-0.37104
-0.0157837
-0.0930771
-0.166249
-0.233428
-0.293083
-0.34456
-0.387015
-0.420729
-0.0459326
-0.132587
-0.213998
-0.288098
-0.352519
-0.406105
-0.448055
-0.479005
-0.0898749
-0.187048
-0.276763
-0.35737
-0.425767
-0.479753
-0.518868
-0.543734
-0.15081
-0.26008
-0.360424
-0.444705
-0.511312
-0.560136
-0.590832
-0.604096
-0.20713
-0.322515
-0.422017
-0.503573
-0.565641
-0.607774
-0.631042
-0.637744
0.184021
0.179324
0.170122
0.156813
0.13948
0.118292
0.0938654
0.0654196
0.198679
0.192962
0.182087
0.16651
0.146575
0.122443
0.0954653
0.0658492
0.215012
0.208509
0.196268
0.178855
0.156896
0.130555
0.101569
0.0708486
0.23344
0.2263
0.212918
0.193828
0.169904
0.14134
0.109625
0.0760732
0.254008
0.246236
0.231654
0.210679
0.184349
0.152996
0.117687
0.0800944
0.276614
0.26811
0.252072
0.228814
0.19945
0.16461
0.125075
0.082762
0.301171
0.2918
0.273978
0.24799
0.214969
0.17594
0.131664
0.0841455
0.327635
0.317259
0.297301
0.268116
0.230832
0.18688
0.137235
0.0839051
0.355929
0.344404
0.321919
0.288996
0.246787
0.197075
0.141198
0.0812198
0.385802
0.372957
0.347485
0.310149
0.262207
0.205733
0.14253
0.0748405
0.416683
0.402297
0.373277
0.330673
0.27597
0.211522
0.139669
0.0629852
0.447427
0.431212
0.397963
0.349036
0.286288
0.212407
0.130318
0.0430845
0.476074
0.457648
0.419303
0.362688
0.290235
0.205087
0.110842
0.01112
0.498728
0.477717
0.433545
0.36799
0.284018
0.185557
0.0771656
-0.0367463
0.517457
0.49388
0.444113
0.370501
0.276455
0.165568
0.0438069
-0.0828553
0.0217954
0.0217766
0.0217683
0.0217696
0.0217793
0.0217958
0.021817
0.021844
0.0265333
0.0265291
0.0264985
0.0264432
0.0263663
0.0262718
0.0261639
0.0260496
0.0225231
0.0225101
0.0225165
0.0225387
0.022574
0.0226199
0.0226728
0.0227319
0.0268791
0.0268614
0.0268164
0.0267479
0.0266603
0.0265531
0.0264295
0.0262959
0.0240661
0.024058
0.0240813
0.0241029
0.0244814
0.024489
0.0245165
0.0245353
0.0287752
0.0287181
0.0286308
0.0285173
0.0283862
0.0282347
0.0280812
0.0279402
0.0269878
0.0269992
0.0270399
0.0271017
0.0271811
0.0272711
0.0273551
0.0274639
0.031395
0.0313066
0.031191
0.0310575
0.0309156
0.0307846
0.0306386
0.0305785
0.0310855
0.0310584
0.031061
0.0310611
0.0310375
0.0312246
0.0312265
0.0314452
0.0353502
0.0352851
0.0351559
0.0350318
0.0348446
0.0346735
0.0343788
0.0345531
0.0366064
0.0365398
0.0365088
0.0365069
0.0365056
0.0365511
0.036508
0.0366649
0.0414628
0.0413017
0.0411182
0.040934
0.040692
0.0405462
0.0402321
0.0402892
0.0441365
0.0439798
0.0438392
0.0436991
0.0435447
0.0434759
0.0432738
0.043386
0.0499526
0.0496954
0.0494091
0.0491449
0.0487503
0.0485725
0.0480426
0.0481359
0.0547885
0.054467
0.0540938
0.0537429
0.0532466
0.0529919
0.0523463
0.0522826
0.0622232
0.0618082
0.0612746
0.0608351
0.0600045
0.0596676
0.0584222
0.058326
0.0698162
0.0692216
0.0684234
0.067672
0.0664585
0.0656738
0.064038
0.063357
0.0799146
0.0794385
0.0783157
0.0772957
0.0755606
0.0743683
0.0715584
0.0703641
0.0910936
0.0902325
0.0886509
0.0867327
0.084013
0.0815085
0.0777547
0.0747073
0.105324
0.10376
0.102552
0.0994773
0.0958117
0.0919895
0.0862804
0.0812475
0.121381
0.119598
0.116492
0.111931
0.106158
0.099354
0.0912026
0.0818623
0.141022
0.138866
0.134512
0.128299
0.120196
0.110301
0.0981783
0.0841148
0.163468
0.160403
0.153563
0.143921
0.131205
0.115343
0.0970766
0.074518
0.0218654
0.0218921
0.0219493
0.0220286
0.0221372
0.0222757
0.0224385
0.0225799
0.0226624
0.0226583
0.0225458
0.0223171
0.0219689
0.0215246
0.0210197
0.0204828
0.0199532
0.0193693
0.018903
0.0184375
0.0180679
0.0177611
0.0175901
0.0258859
0.0256546
0.0253478
0.0249541
0.0244627
0.0238734
0.0232555
0.0226763
0.0221514
0.0217049
0.0213385
0.0210445
0.0207945
0.0205385
0.020237
0.0198729
0.0194653
0.0190118
0.01858
0.0181465
0.0177719
0.0174864
0.0173193
0.0228035
0.0229103
0.0230448
0.0232146
0.02342
0.0236185
0.023697
0.0236267
0.0234446
0.0231424
0.0227312
0.0222399
0.0217215
0.021205
0.020705
0.0202041
0.0196874
0.0191778
0.0186529
0.0181134
0.0176557
0.0173243
0.0171122
0.0261059
0.0258195
0.0254624
0.0250471
0.0245305
0.0240895
0.0237261
0.0234188
0.0231286
0.0228698
0.0225658
0.0222184
0.0218048
0.0213235
0.0207833
0.0201987
0.019591
0.0189681
0.0183727
0.0178413
0.0173721
0.017024
0.0168309
0.0246244
0.0246805
0.0247667
0.0248591
0.0249145
0.0248386
0.024669
0.0243932
0.0239984
0.0234961
0.0229058
0.0222565
0.0215689
0.0208579
0.0201387
0.0194297
0.0187512
0.0181186
0.0175642
0.0171242
0.0167364
0.0164318
0.0162995
0.0276897
0.027288
0.02683
0.0263073
0.0258105
0.0253725
0.0249358
0.0244825
0.0240053
0.0234816
0.0228875
0.0222097
0.0214439
0.020619
0.0197792
0.018972
0.0182116
0.0175463
0.0169582
0.0164595
0.0160671
0.015791
0.0156431
0.0275203
0.0274762
0.027458
0.0274243
0.0271927
0.0268513
0.0263738
0.025777
0.0250813
0.0243122
0.0234958
0.0226518
0.0217901
0.0209137
0.0200168
0.0191389
0.0182897
0.0175136
0.0168134
0.0162138
0.015712
0.0153903
0.0151618
0.0302408
0.0297607
0.0292033
0.0286307
0.0280989
0.0275353
0.0269169
0.0262272
0.0254513
0.0245806
0.0236216
0.022604
0.0215716
0.0205596
0.0195816
0.018673
0.017807
0.0170377
0.0163735
0.01587
0.0154294
0.015099
0.0148917
0.0312626
0.0310139
0.0306909
0.0302106
0.0295667
0.0287834
0.0278702
0.0268453
0.0257294
0.0245413
0.0233003
0.0220276
0.0207605
0.019554
0.0184375
0.017452
0.016601
0.015876
0.0152979
0.0149161
0.01461
0.0143941
0.0143347
0.0340436
0.0333756
0.0325433
0.0317686
0.0308708
0.0298525
0.0287082
0.0274362
0.0260563
0.0246046
0.0231276
0.0216589
0.0202251
0.0188763
0.0176513
0.0165777
0.0156973
0.014978
0.0144119
0.0139756
0.0136607
0.0134709
0.0134683
0.0363778
0.0357842
0.0349668
0.0339319
0.0326842
0.0312898
0.0297573
0.0281001
0.026358
0.0245859
0.0228481
0.0212018
0.0196835
0.018315
0.0171204
0.0160843
0.015248
0.0145742
0.0140452
0.0135678
0.0131731
0.0128515
0.0127055
0.0395876
0.0382898
0.0368573
0.0353586
0.0337144
0.0319134
0.0299829
0.0279681
0.0259214
0.023896
0.0219562
0.02018
0.018625
0.017297
0.0162086
0.0153121
0.014609
0.0140341
0.0136169
0.0132603
0.0129209
0.0125638
0.0123141
0.0428324
0.0413766
0.0397211
0.0377767
0.0355159
0.0330633
0.0304852
0.0278676
0.0253224
0.0229274
0.0207477
0.0188347
0.0172237
0.0159103
0.0148969
0.0141244
0.0135591
0.0131088
0.0128176
0.0126378
0.0124778
0.0122746
0.0121031
0.0469314
0.0445092
0.0419724
0.0392742
0.0363811
0.0333655
0.0302644
0.0271897
0.0242673
0.0216099
0.0193041
0.0173678
0.0157975
0.0145622
0.0136333
0.0129481
0.0124753
0.0121213
0.0119013
0.0118078
0.0117654
0.0117385
0.0117432
0.0508557
0.0478003
0.0446173
0.0410154
0.0371547
0.0332486
0.0294545
0.0259233
0.0227465
0.019997
0.0177122
0.0158817
0.0144664
0.0134021
0.0126203
0.0120466
0.0116531
0.0113672
0.0111851
0.0110992
0.0110284
0.0110493
0.0111507
0.0556265
0.0511635
0.0466629
0.0419834
0.037217
0.0325138
0.0280896
0.0241295
0.0207438
0.0179747
0.0157976
0.0141589
0.0129772
0.0121532
0.0115905
0.0112005
0.0109433
0.0107645
0.0106771
0.0106592
0.0105242
0.0104633
0.0105135
0.0600472
0.0542871
0.0483786
0.0422733
0.0363325
0.0308127
0.025881
0.0216596
0.0181901
0.0154765
0.0134611
0.0120538
0.0111378
0.0105886
0.0102901
0.0101457
0.0100991
0.0100932
0.0101689
0.0103182
0.0102218
0.0101129
0.0100463
0.0643721
0.0562164
0.048537
0.0410202
0.0340245
0.0278398
0.0226359
0.0184107
0.0151025
0.0126394
0.0109206
0.00982317
0.00920589
0.00894258
0.00890927
0.0090147
0.0091931
0.00937878
0.00961131
0.0099149
0.00996331
0.00992432
0.00979381
0.0676114
0.057547
0.0478189
0.0387284
0.0307479
0.0240859
0.01875
0.0146314
0.0116241
0.00957968
0.00831536
0.00765385
0.00741802
0.00748191
0.0077181
0.00804666
0.00841189
0.00874266
0.00905911
0.00941355
0.00961739
0.00973271
0.00964018
0.0696019
0.0557442
0.0441313
0.0339385
0.025585
0.0190048
0.0139883
0.0103096
0.00783598
0.00637786
0.00570092
0.00558305
0.00581284
0.00625301
0.00677618
0.0073099
0.00781634
0.00824576
0.00857423
0.00889653
0.00917962
0.00943162
0.00944702
0.0674775
0.0517769
0.0385064
0.0274563
0.019056
0.0128353
0.00841332
0.00543906
0.00371583
0.002988
0.00298574
0.00346878
0.00421038
0.00505729
0.00588767
0.00663648
0.00727027
0.00777776
0.00811969
0.00843086
0.00872169
0.00903162
0.00915181
0.0611266
0.0427125
0.029347
0.0187518
0.0110754
0.00558351
0.00197809
-9.24857e-05
-0.000878682
-0.000734706
2.65638e-05
0.00115476
0.00243024
0.00369797
0.00485773
0.00584509
0.00662458
0.00724406
0.00764614
0.00802384
0.00831047
0.00861012
0.00878682
0.0459768
0.0304761
0.0177297
0.0082833
0.00179731
-0.00268627
-0.00533529
-0.00635794
-0.00608047
-0.00495477
-0.00334151
-0.00150608
0.000345945
0.00207077
0.00359428
0.00486652
0.00583997
0.00662161
0.00713628
0.0076432
0.00796511
0.00824417
0.00842821
0.0284884
0.0167267
0.0064241
-0.00161
-0.00702509
-0.010584
-0.0123728
-0.012371
-0.0110656
-0.00898927
-0.0065469
-0.0040207
-0.00160657
0.000565863
0.00244065
0.00400079
0.00518631
0.00614075
0.00677006
0.00738203
0.00776291
0.00803192
0.00818914
0.0066331
-0.00400038
-0.00981791
-0.014647
-0.0175136
-0.0188739
-0.0187373
-0.017139
-0.0145934
-0.011578
-0.00843342
-0.00539058
-0.00259943
-0.000153804
0.00191461
0.00362989
0.00492886
0.0059749
0.00665581
0.00730009
0.00771353
0.00795552
0.00807314
-0.0192631
-0.028866
-0.0305401
-0.0313487
-0.0302023
-0.0277475
-0.0243813
-0.0205269
-0.0165058
-0.0125667
-0.00886612
-0.00550727
-0.00255344
-3.54685e-05
0.00204498
0.00375585
0.00504041
0.00607788
0.00673679
0.00734349
0.00774763
0.00794464
0.0080215
-0.0434582
-0.0503806
-0.0479624
-0.0454185
-0.0405737
-0.0349824
-0.0289706
-0.0232112
-0.0179197
-0.0131761
-0.00899317
-0.00536615
-0.00228602
0.000275889
0.00234293
0.00401139
0.00524231
0.00623208
0.00684304
0.00739564
0.00776702
0.00792376
0.0079766
-0.0660369
-0.0672841
-0.0599119
-0.0545017
-0.0470687
-0.0397083
-0.0322965
-0.025424
-0.0192872
-0.0139394
-0.00934952
-0.00546247
-0.00223231
0.000405914
0.00249666
0.00414664
0.00534374
0.00629063
0.00686479
0.00739004
0.00772699
0.00785552
0.00790226
-0.0874679
-0.0821097
-0.0700466
-0.0615107
-0.0516712
-0.0429036
-0.034586
-0.0270765
-0.0204444
-0.0147115
-0.00983637
-0.00574613
-0.00238355
0.000329161
0.00245721
0.00410598
0.00529448
0.006214
0.00677639
0.00730939
0.00762294
0.00773687
0.00778847
-0.107728
-0.0957139
-0.0794844
-0.0676157
-0.0554989
-0.0454015
-0.0362155
-0.0281884
-0.0212174
-0.0152482
-0.010208
-0.00600168
-0.00256652
0.000177939
0.00231894
0.00395784
0.0051418
0.0060418
0.00661068
0.00717249
0.00747462
0.00758587
0.00764509
-0.125441
-0.107294
-0.0880132
-0.0730547
-0.0589877
-0.0475622
-0.0374217
-0.0288611
-0.0215977
-0.015469
-0.0103463
-0.00609938
-0.00265641
6.89287e-05
0.00218677
0.00379563
0.00496336
0.00584525
0.00642444
0.00701255
0.00730819
0.00742548
0.00749025
)
;

boundaryField
{
    outlet
    {
        type            fixedValue;
        value           uniform 0;
    }
    upperWall
    {
        type            symmetryPlane;
    }
    lowerWall
    {
        type            symmetryPlane;
    }
    inlet
    {
        type            zeroGradient;
    }
    cylinder
    {
        type            zeroGradient;
    }
    frontAndBack
    {
        type            empty;
    }
}


// ************************************************************************* //
