/*--------------------------------*- C++ -*----------------------------------*\
| =========                 |                                                 |
| \\      /  F ield         | OpenFOAM: The Open Source CFD Toolbox           |
|  \\    /   O peration     | Version:  2312                                  |
|   \\  /    A nd           | Website:  www.openfoam.com                      |
|    \\/     M anipulation  |                                                 |
\*---------------------------------------------------------------------------*/
FoamFile
{
    version     2.0;
    format      ascii;
    arch        "LSB;label=32;scalar=64";
    class       surfaceScalarField;
    location    "7.5";
    object      phi;
}
// * * * * * * * * * * * * * * * * * * * * * * * * * * * * * * * * * * * * * //

dimensions      [0 3 -1 0 0 0 0];

oriented        oriented;

internalField   nonuniform List<scalar> 
4490
(
-0.0017095
0.0103494
-0.0086399
0.0150644
-0.00115821
-0.0156157
0.0594079
-0.0452362
0.000892733
0.124694
-0.101527
0.0362406
0.197714
-0.156106
0.0830864
0.265142
-0.202377
0.134949
0.31715
-0.237507
0.185499
0.345296
-0.261154
0.233008
0.350223
-0.2727
0.267772
-0.28799
0.284712
0.353501
0.00200926
0.00834014
0.0374019
-0.0365509
0.0995541
-0.107388
0.16488
-0.166853
0.21689
-0.208116
0.24784
-0.233327
0.260258
-0.249925
0.263862
-0.264757
0.275388
-0.284226
-0.308358
0.295756
0.0134767
-0.00513652
0.0658531
-0.0889273
0.119961
-0.161496
0.157228
-0.20412
0.175715
-0.226603
0.184384
-0.241996
0.193051
-0.258593
0.206303
-0.278009
0.219889
-0.297811
-0.31446
0.225991
0.0272493
-0.0323859
0.0752656
-0.136944
0.106171
-0.192401
0.120592
-0.218542
0.128888
-0.234899
0.136877
-0.249985
0.143919
-0.265634
0.14795
-0.28204
0.149815
-0.299676
-0.319378
0.154732
0.0334527
-0.0658386
0.0635601
-0.167051
0.0775041
-0.206345
0.0828696
-0.223907
0.0846295
-0.236659
0.083913
-0.249269
0.0819763
-0.263697
0.0802324
-0.280296
0.0796843
-0.299128
0.0785168
-0.31821
-0.029876
0.0292181
0.000657925
-0.0685722
0.0371178
0.00157843
-0.10616
0.0350991
0.00248915
-0.141034
0.0315273
0.00334625
-0.171304
0.0262181
0.00405158
-0.194057
0.0182906
0.00446326
-0.204348
0.0058033
0.00448707
-0.197553
-0.0107906
0.0039958
-0.16601
-0.0347699
0.00322703
-0.0643973
-0.104544
0.0029316
-0.0102403
0.0394583
-0.02867
0.0555475
-0.0466138
0.0530429
-0.0595539
0.0444674
-0.0652288
0.0318929
-0.0632738
0.0163356
-0.0508084
-0.00666209
-0.0276967
-0.0339023
0.0186218
-0.0810884
-0.128579
0.0828031
0.0105464
0.0289119
0.017557
0.048537
0.0246493
0.0459506
0.0371071
0.0320097
0.057561
0.011439
0.0867454
-0.0128488
0.129384
-0.0493003
0.184717
-0.0892361
0.256834
-0.153205
-0.205742
0.333998
0.0149475
0.0139644
0.0339099
0.0295745
0.054245
0.0256154
0.0800878
0.00616689
0.116738
-0.0252112
0.168034
-0.0641446
0.231688
-0.112954
0.308647
-0.166196
0.38346
-0.228018
-0.263479
0.441197
0.0053245
0.0192833
0.0457915
0.088199
0.146074
0.216878
0.289423
0.356236
0.39599
0.417223
-0.0140613
-0.0930833
0.00260022
0.0799956
-0.0957009
0.00164391
0.165699
-0.0876279
0.0019242
0.237838
-0.0745413
0.00240245
0.295107
-0.0599211
0.00265184
0.338968
-0.0462651
0.00240457
0.372078
-0.0347078
0.0015974
0.3963
-0.0244149
0.000192986
0.413069
-0.0152809
-0.00148789
0.42407
-0.00774569
-0.00325496
0.431012
-0.0015921
-0.00534994
0.435387
0.00370713
-0.00808198
0.438034
0.0089504
-0.0115974
0.439485
0.0144713
-0.0159226
0.440047
0.0206167
-0.0211784
0.439907
0.0277349
-0.0275954
0.439198
0.0362225
-0.0355138
0.438016
0.0463884
-0.0452056
0.436408
0.0592328
-0.0576253
0.434455
0.0738368
-0.0718838
0.432085
0.0961454
-0.0937751
0.429504
0.113021
-0.11044
0.426402
0.161284
-0.158183
0.423136
0.169309
-0.166042
0.26345
-0.259762
0.128905
-0.139185
0.18921
-0.156006
0.247949
-0.146366
0.296685
-0.123278
0.333083
-0.0963184
0.360226
-0.0734084
0.381064
-0.055546
0.397247
-0.0405977
0.409449
-0.0274832
0.418336
-0.0166324
0.424759
-0.00801524
0.429214
-0.000747917
0.432215
0.00594985
0.434104
0.0125815
0.435155
0.0195664
0.435563
0.027327
0.43546
0.0363253
0.434937
0.0469111
0.434025
0.0601453
0.432797
0.0750643
0.431147
0.0977961
0.429293
0.114874
0.426832
0.163746
0.424154
0.171986
0.266815
0.326975
-0.132162
0.328593
-0.157624
0.336078
-0.153851
0.34689
-0.13409
0.358427
-0.107855
0.368972
-0.0839538
0.378446
-0.0650192
0.38736
-0.0495116
0.395446
-0.0355692
0.402317
-0.0235039
0.407988
-0.0136864
0.412721
-0.00548094
0.416596
0.00207501
0.419657
0.00952073
0.421986
0.0172374
0.423698
0.0256148
0.424912
0.0351112
0.425737
0.0460866
0.426218
0.0596642
0.426453
0.0748287
0.426306
0.0979439
0.42604
0.115139
0.42514
0.164646
0.424079
0.173048
0.26875
0.413997
-0.104962
0.37922
-0.122847
0.353336
-0.127968
0.34007
-0.120824
0.338229
-0.106015
0.342906
-0.08863
0.350848
-0.0729612
0.359965
-0.0586293
0.368831
-0.0444348
0.376893
-0.0315654
0.383699
-0.0204925
0.389411
-0.0111929
0.39422
-0.00273463
0.398421
0.00532004
0.402061
0.0135975
0.405271
0.0224049
0.40816
0.0322219
0.410818
0.0434289
0.41327
0.0572114
0.415629
0.0724699
0.41771
0.0958631
0.419843
0.113006
0.421394
0.163096
0.42292
0.171521
0.268155
0.382855
-0.0705944
0.344401
-0.0843937
0.312084
-0.0956507
0.292866
-0.101606
0.287552
-0.1007
0.291822
-0.0929003
0.301111
-0.0822499
0.312932
-0.0704503
0.325321
-0.0568237
0.336614
-0.0428589
0.346533
-0.0304113
0.355026
-0.0196853
0.36236
-0.0100692
0.368717
-0.00103676
0.374591
0.00772302
0.380065
0.0169316
0.38529
0.0269967
0.390409
0.0383096
0.39546
0.0521607
0.400603
0.0673265
0.40562
0.0908467
0.410908
0.107718
0.415733
0.15827
0.420742
0.166513
0.263983
0.454583
-0.0487018
-0.476475
0.435815
-0.0656258
0.417992
-0.0778275
0.401643
-0.0852579
0.388374
-0.0874309
0.378924
-0.0834507
0.372034
-0.0753594
0.367217
-0.0656332
0.364764
-0.054371
0.364286
-0.0423812
0.36495
-0.0310753
0.36612
-0.0208553
0.367501
-0.0114501
0.369041
-0.00257634
0.370397
0.00636629
0.371662
0.0156674
0.372797
0.0258612
0.373826
0.0372809
0.37476
0.0512264
0.375634
0.0664527
0.376505
0.0899761
0.377403
0.106819
0.378251
0.157422
0.379429
0.165335
0.26312
0.510507
-0.0340414
-0.525167
0.495081
-0.0501995
0.47971
-0.0624568
0.464179
-0.0697262
0.449653
-0.0729051
0.438346
-0.0721436
0.430518
-0.067532
0.425298
-0.060413
0.422241
-0.0513145
0.421105
-0.0412445
0.42137
-0.0313402
0.422429
-0.0219147
0.423798
-0.0128191
0.425149
-0.00392742
0.426605
0.00491071
0.427976
0.0142958
0.429243
0.024594
0.430406
0.0361187
0.431488
0.0501439
0.432537
0.0654043
0.433579
0.088934
0.434721
0.105677
0.435765
0.156377
0.437255
0.163846
0.26196
0.576314
-0.0251941
-0.585162
0.563806
-0.0376915
0.549665
-0.0483155
0.535247
-0.0553086
0.521478
-0.0591363
0.509513
-0.0601786
0.500377
-0.058396
0.494106
-0.0541415
0.490209
-0.0474177
0.488124
-0.0391592
0.487524
-0.0307402
0.487984
-0.0223744
0.489058
-0.0138932
0.490469
-0.00533913
0.491815
0.00356508
0.493159
0.0129514
0.49447
0.0232833
0.495738
0.0348508
0.496974
0.048908
0.498223
0.0641548
0.499474
0.0876834
0.500921
0.104231
0.502219
0.155079
0.504113
0.161951
0.260434
0.647217
-0.0182591
-0.654152
0.636653
-0.0271271
0.624846
-0.036509
0.612532
-0.042994
0.600635
-0.0472399
0.589975
-0.0495183
0.581046
-0.0494668
0.574077
-0.047173
0.569228
-0.0425686
0.566274
-0.0362046
0.564857
-0.029323
0.564615
-0.0221327
0.565119
-0.0143971
0.565945
-0.00616569
0.567113
0.00239773
0.568442
0.0116218
0.569816
0.0219093
0.571203
0.0334637
0.572612
0.0474999
0.574097
0.0626689
0.575605
0.0861756
0.577435
0.102401
0.579062
0.153452
0.581476
0.159537
0.258426
0.727818
-0.0133672
-0.73271
0.720745
-0.0200547
0.711696
-0.0274602
0.701778
-0.0330755
0.691573
-0.037035
0.68173
-0.0396754
0.672855
-0.0405913
0.665474
-0.0397923
0.659998
-0.037093
0.656351
-0.0325574
0.654091
-0.0270631
0.652976
-0.0210177
0.652844
-0.0142649
0.653497
-0.00681893
0.654515
0.00137994
0.655675
0.0104624
0.656996
0.0205883
0.658457
0.0320028
0.660037
0.0459195
0.661796
0.0609094
0.663621
0.0843509
0.665934
0.100088
0.667988
0.151399
0.671086
0.156439
0.255774
0.822161
-0.0104532
-0.825075
0.817473
-0.0153669
0.81062
-0.0206067
0.802489
-0.0249441
0.793924
-0.0284699
0.785423
-0.0311749
0.777392
-0.0325603
0.770233
-0.0326332
0.764432
-0.0312923
0.760241
-0.028366
0.757439
-0.0242611
0.755781
-0.0193602
0.755033
-0.0135164
0.754889
-0.00667503
0.755265
0.00100361
0.756273
0.00945459
0.757635
0.0192263
0.759261
0.0303769
0.761089
0.0440909
0.763206
0.0587932
0.765441
0.0821155
0.768375
0.0971546
0.770988
0.148785
0.774998
0.152428
0.252273
0.932494
-0.00877028
-0.934177
0.929014
-0.0118868
0.923747
-0.0153406
0.917476
-0.0186728
0.910634
-0.0216278
0.903494
-0.0240343
0.896438
-0.0255051
0.889814
-0.0260093
0.88404
-0.0255176
0.879455
-0.023781
0.876051
-0.0208572
0.873699
-0.0170083
0.872399
-0.0122162
0.872133
-0.00640924
0.872729
0.000407976
0.873553
0.00862999
0.87476
0.0180193
0.87635
0.0287874
0.878299
0.0421411
0.880744
0.0563487
0.883419
0.0794406
0.887121
0.0934526
0.890437
0.14547
0.895654
0.147211
0.247601
1.06006
-0.00754423
-1.06129
1.05765
-0.00947273
1.0541
-0.0117946
1.04967
-0.0142354
1.04449
-0.0164541
1.0388
-0.0183418
1.03295
-0.0196555
1.02723
-0.020288
1.02194
-0.0202258
1.01741
-0.019259
1.01382
-0.0172662
1.01112
-0.0143087
1.00923
-0.0103176
1.008
-0.00518022
1.00734
0.00106408
1.00778
0.00819059
1.00898
0.016823
1.01082
0.0269402
1.01322
0.0397425
1.01629
0.0532794
1.01974
0.0759949
1.0245
0.0886884
1.02893
0.141037
1.03579
0.140355
0.241416
1.20868
-0.0066254
-1.2096
1.2069
-0.00768806
1.20427
-0.00917217
1.20091
-0.0108758
1.19691
-0.0124485
1.19242
-0.0138541
1.18767
-0.014903
1.18283
-0.0154501
1.17815
-0.0155441
1.17392
-0.0150278
1.17035
-0.013696
1.16755
-0.0115123
1.16567
-0.00843209
1.16484
-0.00435629
1.16507
0.000837196
1.16568
0.00757437
1.16689
0.0156204
1.16876
0.0250701
1.17132
0.037176
1.17487
0.0497363
1.17892
0.0719444
1.18505
0.0825564
1.1903
0.135785
1.19964
0.131017
0.23278
1.38324
-0.00574057
-1.38413
1.382
-0.00644446
1.38031
-0.00747811
1.37805
-0.00862322
1.37522
-0.00961857
1.37188
-0.0105091
1.36817
-0.0111937
1.36425
-0.0115324
1.36029
-0.0115765
1.35649
-0.0112301
1.35307
-0.0102745
1.35013
-0.00857567
1.34771
-0.00601156
1.34577
-0.00242197
1.34452
0.00209372
1.3445
0.00759187
1.34561
0.0145156
1.3478
0.0228733
1.35107
0.0339092
1.35561
0.0452002
1.36104
0.0665084
1.36886
0.0747389
1.37659
0.128053
1.38828
0.119327
0.221663
1.58339
-0.00509084
-1.58404
1.58239
-0.005438
1.58094
-0.00603146
1.57905
-0.00673192
1.57673
-0.00730438
1.57408
-0.00785614
1.57121
-0.00832232
1.5682
-0.00852013
1.56515
-0.00852943
1.56223
-0.00830842
1.55958
-0.00762397
1.55736
-0.00635347
1.55579
-0.00444947
1.55519
-0.00181435
1.55544
0.0018406
1.55631
0.00671857
1.55804
0.0127893
1.56074
0.0201768
1.56468
0.029966
1.57016
0.0397154
1.57683
0.0598445
1.58732
0.0642487
1.59631
0.119057
1.61399
0.101653
0.203743
1.82067
-0.00432875
-1.82143
1.81975
-0.00451315
1.81864
-0.0049228
1.81727
-0.00536736
1.81559
-0.00561695
1.81363
-0.00590227
1.81147
-0.00615435
1.80905
-0.0061052
1.80641
-0.00589108
1.80369
-0.00558954
1.80107
-0.00499647
1.79866
-0.00394963
1.79656
-0.00235188
1.79473
1.76184e-05
1.79381
0.00275866
1.79406
0.006469
1.7957
0.0111566
1.79878
0.0170962
1.80371
0.0250329
1.81052
0.0329062
1.81953
0.0508339
1.83222
0.0515616
1.8457
0.105576
1.86647
0.0808828
0.182805
2.09148
-0.00327722
-2.09253
2.09032
-0.00334956
2.08897
-0.00357111
2.08739
-0.00379647
2.08568
-0.00390646
2.08381
-0.00403112
2.08175
-0.00409349
2.07961
-0.00396175
2.07754
-0.0038275
2.07569
-0.00373644
2.07412
-0.00342929
2.07292
-0.00274206
2.07226
-0.0016982
2.07254
-0.00025632
2.07347
0.00182793
2.07524
0.00469433
2.07846
0.00794309
2.08275
0.0127984
2.0899
0.0178855
2.09801
0.024796
2.11117
0.0376806
2.12714
0.0355892
2.14685
0.0858584
2.17718
0.0505535
0.142177
2.40772
-0.00204328
-2.40896
2.40642
-0.00204211
2.40481
-0.00196901
2.40294
-0.00192528
2.40077
-0.00173653
2.39835
-0.00160763
2.39628
-0.00202065
2.39516
-0.00284201
2.39477
-0.00344001
2.39434
-0.00331109
2.39337
-0.00245876
2.39191
-0.00128286
2.39035
-0.00013772
2.38921
0.000887132
2.38915
0.00189128
2.39038
0.00346359
2.39355
0.00477382
2.39833
0.00801382
2.40675
0.00946284
2.41635
0.015204
2.43318
0.0208475
2.45083
0.0179375
2.47845
0.0582405
2.51134
0.0176579
0.0940301
2.77529
-2.77733
2.77325
2.77128
2.76935
2.76762
2.76601
2.76399
2.76115
2.75771
2.75439
2.75194
2.75065
2.75051
2.7514
2.75329
2.75676
2.76153
2.76954
2.77901
2.79421
2.81506
2.833
2.89124
2.90889
0.422305
0.0634667
-0.407255
0.433048
0.143989
0.450825
0.208214
0.463442
0.283139
0.340467
0.474013
0.0507766
-0.461323
0.484197
0.133805
0.497942
0.19447
0.511086
0.269995
0.326386
0.533096
0.0421341
-0.524454
0.543374
0.123527
0.553565
0.184278
0.568316
0.255244
0.309541
0.601173
0.0362891
-0.595328
0.611891
0.112809
0.622709
0.17346
0.638864
0.239089
0.294253
0.681583
0.0315772
-0.676871
0.692255
0.102137
0.70298
0.162735
0.717479
0.22459
0.279022
0.774401
0.0271984
-0.770022
0.783549
0.092988
0.793988
0.152296
0.808232
0.210346
0.262179
0.881704
0.0232133
-0.877719
0.890171
0.0845211
0.901361
0.141107
0.916252
0.195454
0.244255
1.00501
0.0194947
-1.00129
1.01364
0.0758938
1.02552
0.129225
1.04149
0.179489
0.224451
1.15113
0.0159009
-1.14754
1.15951
0.067518
1.17205
0.116685
1.18905
0.162491
0.203899
1.31432
0.0129235
-1.31134
1.32349
0.0583454
1.33834
0.101835
1.35865
0.142175
0.178422
1.5138
0.00963503
-1.51052
1.52313
0.0490218
1.53829
0.0866733
1.55889
0.121575
0.15327
1.73282
0.00703147
-1.73021
1.74376
0.0380821
1.76255
0.0678828
1.78861
0.0955123
0.120443
2.00186
0.00412185
-1.99895
2.013
0.0269495
2.03221
0.0486718
2.059
0.0687169
0.0869142
2.29822
0.00184041
-2.29594
2.31136
0.0138108
2.33475
0.0252872
2.36754
0.0359235
0.0454986
2.65681
-2.65497
2.67062
2.69591
2.73183
0.216082
0.247176
-0.215936
-0.247323
0.184423
0.233173
-0.201514
0.155017
0.219309
-0.189904
0.127722
0.207568
-0.180273
0.101305
0.198034
-0.171617
0.0757208
0.189948
-0.164364
0.0518897
0.182803
-0.158972
0.0290319
0.178613
-0.155755
0.00934395
0.172238
-0.15255
0.123688
-0.114344
0.166086
0.275901
-0.194811
0.139559
0.2597
0.114058
0.24481
0.090454
0.231172
0.069471
0.219017
0.0498821
0.209537
0.0310011
0.201684
0.0134279
0.196186
-0.000396526
0.186062
0.123291
0.105524
0.296797
-0.126421
0.0858155
0.279408
0.0680134
0.262612
0.0511138
0.248072
0.0346869
0.235444
0.0196922
0.224531
0.00627437
0.215102
-0.0047519
0.207213
-0.00888016
0.190191
0.114411
0.0431434
0.311651
-0.0579971
0.0296887
0.292863
0.0166944
0.275606
0.00518761
0.259578
-0.00461411
0.245245
-0.0133313
0.233249
-0.0210361
0.222806
-0.0250917
0.211268
-0.0192623
0.184361
0.095149
-0.0279359
0.0213766
-0.0342011
-0.0388904
-0.0430096
-0.047033
-0.0504429
-0.0515437
-0.0466208
-0.0293104
0.342963
0.0399848
-0.390845
0.00789789
0.297777
0.0377567
0.00742857
0.254886
0.0358574
0.00703415
0.214041
0.0341944
0.00665065
0.175009
0.0327647
0.00626675
0.137417
0.031681
0.00591119
0.100864
0.0309343
0.00561858
0.0648981
0.0305315
0.00543466
0.0286574
0.0308423
0.00539841
0.0243012
0.00435625
0.336182
0.0874924
-0.383689
0.291264
0.0826745
0.248798
0.0783231
0.208587
0.074406
0.17038
0.0709712
0.133738
0.0683233
0.0981208
0.0665514
0.0629723
0.0656799
0.0275389
0.0662758
0.0518401
0.319741
0.132538
-0.364787
0.276983
0.125433
0.236311
0.118995
0.197634
0.113083
0.160701
0.107904
0.125341
0.103684
0.0914016
0.10049
0.0582762
0.0988053
0.025444
0.099108
0.0772841
0.290576
0.176144
-0.334182
0.250221
0.165788
0.212991
0.156226
0.177951
0.148123
0.144645
0.141209
0.11237
0.13596
0.081139
0.131721
0.0507893
0.129155
0.0215606
0.128337
0.0988446
0.253929
-0.29372
0.218203
0.184525
0.152375
0.121968
0.0935636
0.066313
0.0397128
0.0154994
0.423352
0.437017
-0.442554
0.427976
0.296051
-0.300675
0.432082
0.131995
-0.136102
0.436142
0.0272097
-0.0312692
0.436748
-0.0246654
0.0240589
0.441503
-0.0375856
0.0328314
0.437455
-0.0378601
0.0419073
0.440494
-0.0399874
0.0369486
0.435327
-0.0243359
0.0295031
0.433964
-0.0234766
0.0248398
0.42696
-0.0157921
0.0227963
0.421974
-0.0140607
0.0190458
0.412569
-0.00600811
0.0154134
0.40356
-0.00355259
0.0125619
0.00215718
0.0105574
0.419703
0.435129
0.422694
0.29306
0.426481
0.128208
0.430734
0.0229565
0.431471
-0.0254019
0.435391
-0.0415064
0.432177
-0.0346454
0.434017
-0.0418274
0.428798
-0.0191176
0.427509
-0.0221871
0.420616
-0.00889948
0.415227
-0.00867104
0.405539
0.00367959
0.39629
0.00569648
0.0147576
0.414477
0.438468
0.414336
0.293201
0.416542
0.126002
0.419608
0.0198906
0.419626
-0.0254206
0.421609
-0.0434894
0.418225
-0.0312604
0.418398
-0.042001
0.411499
-0.012219
0.409922
-0.0206094
0.40252
-0.00149804
0.396387
-0.0025381
0.386444
0.0136226
0.377422
0.0147185
0.027393
0.40776
0.448523
0.40305
0.29791
0.402365
0.126687
0.403011
0.0192447
0.401426
-0.0238353
0.400401
-0.0424643
0.396555
-0.0274147
0.393701
-0.0391466
0.386661
-0.00517918
0.383772
-0.017721
0.37615
0.00612455
0.367783
0.00582834
0.356794
0.0246117
0.347365
0.0241474
0.0405766
0.399731
0.466608
0.389239
0.308402
0.384608
0.131318
0.381451
0.0224024
0.377289
-0.0196737
0.372401
-0.0375766
0.36643
-0.0214437
0.3605
-0.0332162
0.351689
0.00363193
0.346245
-0.0122774
0.335849
0.0165207
0.325639
0.0160382
0.314701
0.0355501
0.305454
0.0333946
0.0523098
0.372791
0.466553
0.372938
0.308256
0.372366
0.13189
0.371632
0.0231369
0.370035
-0.0180774
0.368788
-0.0363295
0.366415
-0.019071
0.364913
-0.0317136
0.361134
0.00741037
0.360603
-0.011746
0.357606
0.0195182
0.35611
0.0175338
0.356913
0.0347466
0.359584
0.0307236
0.0437371
0.368157
0.428412
0.466458
0.428702
0.307966
0.428315
0.132276
0.427386
0.024066
0.426067
-0.0167584
0.424452
-0.0347146
0.422926
-0.0175454
0.419933
-0.0287209
0.419746
0.00759803
0.415716
-0.0077158
0.416814
0.0184197
0.415382
0.0189659
0.42049
0.0296389
0.421814
0.0293995
0.034682
0.430869
0.492413
0.466232
0.492814
0.307565
0.492565
0.132525
0.491757
0.0248746
0.490761
-0.0157631
0.488939
-0.0328925
0.487988
-0.0165939
0.484717
-0.0254504
0.48646
0.00585529
0.482272
-0.00352777
0.485005
0.0156866
0.485713
0.0182575
0.49068
0.0246727
0.494673
0.0254059
0.0275181
0.501837
0.565943
0.465869
0.566634
0.306875
0.566724
0.132434
0.56597
0.025629
0.565416
-0.0152095
0.563549
-0.0310247
0.563658
-0.0167031
0.560508
-0.0223002
0.563214
0.00314835
0.560643
-0.000955864
0.563537
0.0127927
0.566575
0.0152194
0.571205
0.0200425
0.576582
0.0200284
0.021425
0.582676
0.65057
0.465217
0.651519
0.305926
0.651997
0.131956
0.651724
0.0259017
0.65167
-0.0151552
0.650121
-0.0294762
0.65097
-0.0175517
0.648652
-0.0199823
0.65202
-0.000219747
0.651673
-0.000608982
0.654864
0.00960203
0.659016
0.0110673
0.6639
0.0151587
0.669276
0.0146518
0.0157068
0.674994
0.747691
0.464357
0.749628
0.303989
0.750934
0.130651
0.750985
0.0258511
0.751628
-0.0157986
0.750831
-0.0286788
0.752418
-0.0191385
0.751598
-0.0191623
0.754938
-0.00356008
0.75605
-0.00172126
0.75976
0.00589259
0.764318
0.00650929
0.769319
0.0101576
0.774417
0.00955377
0.0104622
0.779661
0.859835
0.462718
0.86188
0.301944
0.863894
0.128636
0.865416
0.0243292
0.866962
-0.017344
0.867186
-0.0289038
0.869479
-0.0214314
0.869929
-0.0196118
0.873943
-0.0075742
0.876608
-0.00438582
0.880909
0.00159092
0.885379
0.00203947
0.890282
0.00525467
0.894953
0.00488292
0.00583012
0.899585
0.988592
0.460294
0.993544
0.296992
0.997534
0.124646
0.999399
0.0224638
1.00176
-0.0197098
1.0032
-0.0303342
1.00609
-0.0243244
1.00789
-0.0214117
1.01176
-0.0114498
1.01473
-0.00735635
1.01885
-0.00252851
1.02277
-0.00187996
1.02721
0.000818832
1.03113
0.000964653
0.00188763
1.03507
1.13678
0.456733
1.1417
0.292074
1.14681
0.119538
1.15207
0.0172073
1.15623
-0.0238718
1.15922
-0.0333222
1.16298
-0.0280842
1.16579
-0.0242243
1.17011
-0.015774
1.17377
-0.0110171
1.1781
-0.00685744
1.18199
-0.00576798
1.18605
-0.00324431
1.18954
-0.00252587
-0.00147024
1.1929
1.30988
0.449062
1.32151
0.280441
1.33039
0.110657
1.33514
0.0124524
1.33971
-0.0284415
1.34335
-0.0369573
1.34716
-0.0318933
1.35023
-0.0272941
1.35388
-0.0194255
1.35683
-0.0139695
1.36008
-0.0101076
1.36279
-0.00847434
1.36553
-0.00598715
1.36778
-0.00477179
-0.00358303
1.36989
1.50618
0.439269
1.5191
0.267522
1.53081
0.0989479
1.54203
0.00122516
1.54922
-0.0356297
1.55455
-0.0422823
1.55908
-0.036425
1.56263
-0.0308429
1.56625
-0.0230488
1.56942
-0.0171411
1.57245
-0.0131344
1.57504
-0.011067
1.57753
-0.00847612
1.57961
-0.00684936
-0.00546034
1.58148
1.74439
0.414401
1.76962
0.242291
1.78588
0.0826854
1.79381
-0.00670526
1.80057
-0.0423839
1.8049
-0.046613
1.80823
-0.0397585
1.81021
-0.0328206
1.81215
-0.0249954
1.81334
-0.0183283
1.81453
-0.0143243
1.81529
-0.0118224
1.81606
-0.00924569
1.81649
-0.00727998
-0.00591809
1.81695
2.02109
0.369237
2.05912
0.204266
2.08312
0.0586856
2.0978
-0.0213908
2.10383
-0.0484082
2.10618
-0.04896
2.10646
-0.040044
2.10613
-0.032488
2.1056
-0.024468
2.10522
-0.0179483
2.10487
-0.0139705
2.10457
-0.0115231
2.10433
-0.0090058
2.10419
-0.00713796
-0.00578151
2.10405
2.35523
0.284577
2.41046
0.149043
2.43733
0.0318125
2.44719
-0.031251
2.44899
-0.0502059
2.44664
-0.0466113
2.44346
-0.0368616
2.439
-0.0280293
2.43512
-0.0205889
2.43199
-0.0148154
2.42921
-0.0111949
2.42648
-0.00879334
2.42427
-0.00679747
2.42233
-0.00519654
-0.00415459
2.4207
2.89373
3.04277
3.07459
3.04334
2.99313
2.94652
2.90966
2.88163
2.86104
2.84622
2.83503
2.82624
2.81944
2.81424
2.81009
0.372862
-0.252028
0.379036
-0.200984
0.386258
-0.133643
0.397892
-0.0696314
0.0120135
0.435723
-0.256882
0.440533
-0.205794
0.444974
-0.138085
0.453916
-0.0785725
0.00460637
0.504041
-0.259086
0.506476
-0.208229
0.510381
-0.141989
0.516455
-0.0846465
-0.00339197
0.58293
-0.259341
0.583114
-0.208413
0.585843
-0.144718
0.588445
-0.0872485
-0.0102745
0.671827
-0.256173
0.66938
-0.205967
0.670319
-0.145657
0.67058
-0.087509
-0.0165659
0.773136
-0.249648
0.768158
-0.200989
0.766765
-0.144264
0.765661
-0.0864051
-0.020927
0.889426
-0.239488
0.881534
-0.193097
0.877419
-0.14015
0.875168
-0.0841536
-0.0234778
1.02148
-0.225894
1.0107
-0.18232
1.00384
-0.133292
1.00025
-0.0805681
-0.0245155
1.17562
-0.20861
1.16193
-0.168636
1.15263
-0.123986
1.14756
-0.0754948
-0.0244995
1.34851
-0.18723
1.33127
-0.151393
1.31926
-0.111982
1.31263
-0.0688578
-0.023212
1.55628
-0.162023
1.53605
-0.131165
1.52122
-0.0971513
1.51241
-0.0600508
-0.0213152
1.78643
-0.131508
1.76184
-0.106574
1.74408
-0.0793964
1.7335
-0.0494691
-0.0180243
2.0679
-0.095362
2.03858
-0.0772557
2.01667
-0.0574853
2.00324
-0.036036
-0.0137378
2.37799
-0.0526434
2.3434
-0.0426716
2.31773
-0.0318102
2.30178
-0.020092
-0.00789844
2.75744
2.71477
2.68296
2.66287
0.0113811
-0.00201805
-0.00936307
0.0107609
0.000620174
-0.000432689
0.0111936
-0.0254768
0.0250441
0.0331333
-0.0586101
0.00469211
0.012634
-0.0193442
-0.0272835
0.0325957
-0.0780813
0.0619915
-0.128181
0.0751441
0.0665094
-0.161557
-0.0344679
0.0541519
-0.00705002
-0.0955283
0.0936562
-0.152409
0.118872
-0.18712
0.109855
0.0830329
-0.203644
-0.0889129
0.117499
0.0255658
-0.156428
0.161172
-0.198324
0.160768
-0.21545
0.126982
0.0899467
-0.222364
-0.144186
0.191166
0.070519
-0.200738
0.217724
-0.223014
0.183044
-0.232445
0.136413
0.0929883
-0.235487
-0.192831
0.261839
0.122158
-0.22872
0.253613
-0.239024
0.193349
-0.247678
0.145067
0.0935554
-0.248245
-0.230623
0.318086
0.174376
-0.246378
0.269367
-0.255124
0.202095
-0.263247
0.15319
0.0928295
-0.262521
-0.255981
0.349807
0.22426
-0.260452
0.273838
-0.273474
0.215118
-0.278966
0.158681
0.0923118
-0.278448
-0.267205
0.356122
0.260889
-0.277977
0.28461
-0.292065
0.229206
-0.295314
0.161931
0.0932704
-0.296273
-0.281677
0.278901
0.358898
-0.300625
0.303558
-0.307664
0.236245
-0.313978
0.168245
0.0934665
-0.314174
0.0307398
-0.0300819
0.041712
-0.0109723
0.0313185
0.0103935
0.0155681
0.0157504
0.00620501
0.0404116
-0.0689151
0.0596956
-0.0302563
0.0533596
0.0167296
0.0338269
0.0352831
0.0206877
0.0401313
-0.106557
0.0587209
-0.0488459
0.0523141
0.0231365
0.0319645
0.0556327
0.0456022
0.0382898
-0.141501
0.0516547
-0.0622108
0.0394547
0.0353365
0.0142847
0.0808026
0.0854527
0.0343811
-0.17183
0.0401916
-0.0680213
0.0195115
0.0560166
-0.0151163
0.11543
0.140855
0.027318
-0.194685
0.0252815
-0.0659848
-0.0027016
0.0839997
-0.052251
0.16498
0.210762
0.0152476
-0.205446
0.00219192
-0.0529292
-0.0386665
0.124858
-0.100764
0.227078
0.284374
-0.00360632
-0.197843
-0.025905
-0.0306305
-0.0793253
0.178278
-0.155384
0.303136
0.35325
-0.0288284
-0.165788
-0.0750057
0.0155468
-0.145412
0.248685
-0.219512
0.377236
0.394627
-0.0593956
-0.103461
-0.124352
0.0805036
-0.20012
0.324452
-0.256977
0.434094
0.416551
-0.0891828
-0.0116779
-0.137827
0.129147
-0.131439
0.318065
-0.1024
0.405055
0.38049
-0.0663393
-0.0928453
0.0828114
-0.153993
0.190295
-0.156269
0.32034
-0.120354
0.36914
0.340672
-0.0805355
-0.084022
0.168758
-0.14267
0.248943
-0.150047
0.327717
-0.12374
0.342833
0.307764
-0.0908327
-0.0695685
0.240729
-0.118423
0.297797
-0.129198
0.338492
-0.115893
0.329529
0.28796
-0.0960887
-0.0542169
0.297597
-0.0910338
0.334614
-0.103565
0.351024
-0.102092
0.328055
0.281341
-0.0954734
-0.0408047
0.340806
-0.0678293
0.361639
-0.0798258
0.36302
-0.085881
0.33411
0.28517
-0.0897096
-0.030662
0.373066
-0.0503825
0.381359
-0.0604514
0.373089
-0.0697768
0.343436
0.295139
-0.0797461
-0.0230203
0.396279
-0.0376156
0.395955
-0.0461169
0.381591
-0.0555485
0.352867
0.306988
-0.0673967
-0.0174382
0.412229
-0.0283257
0.406842
-0.0358705
0.389135
-0.0443393
0.361336
0.318409
-0.0557611
-0.0138313
0.422806
-0.0218889
0.4149
-0.028554
0.3958
-0.0360509
0.368833
0.328526
-0.0461679
-0.0121701
0.429626
-0.0179542
0.420684
-0.0235182
0.401364
-0.0297299
0.375045
0.337213
-0.0384162
-0.0123374
0.433881
-0.0162778
0.424624
-0.0206685
0.405755
-0.0256728
0.380049
0.344474
-0.0329342
-0.0141001
0.436384
-0.0166187
0.427143
-0.019894
0.40903
-0.0239139
0.384069
0.350566
-0.0300055
-0.017199
0.43766
-0.0186573
0.428601
-0.0209815
0.411355
-0.0242491
0.387336
0.355788
-0.0294717
-0.021566
0.438048
-0.022228
0.429263
-0.0238018
0.412928
-0.0265129
0.390048
0.360416
-0.0311407
-0.0273078
0.43776
-0.0273566
0.429312
-0.028356
0.413928
-0.0306633
0.392355
0.364682
-0.0349294
-0.0346888
0.436935
-0.0342535
0.428877
-0.0348285
0.414503
-0.0368649
0.394391
0.368777
-0.0409592
-0.0439343
0.435664
-0.0431018
0.428044
-0.0433506
0.414752
-0.045207
0.396248
0.372833
-0.0492637
-0.0559642
0.434003
-0.0548114
0.426891
-0.05484
0.41478
-0.0566379
0.398045
0.377004
-0.0608085
-0.0699052
0.432024
-0.0684922
0.425478
-0.0683595
0.414648
-0.0701476
0.399834
0.38134
-0.0744838
-0.0914407
0.42969
-0.0897993
0.423837
-0.0896118
0.41446
-0.0915745
0.401796
0.386125
-0.0963592
-0.107942
0.427192
-0.106205
0.4221
-0.106029
0.414284
-0.108153
0.403921
0.391251
-0.113279
-0.155284
0.424294
-0.1534
0.420215
-0.153375
0.414259
-0.156011
0.406557
0.397293
-0.162053
-0.163027
0.421279
-0.161166
0.418354
-0.161358
0.414452
-0.164458
0.409656
0.404083
-0.171247
-0.256586
-0.254977
-0.255889
-0.260187
-0.268622
-0.0440104
0.449792
-0.472121
-0.0288474
0.503252
-0.518415
-0.0192358
0.56657
-0.576181
-0.0117663
0.633978
-0.641448
-0.00667061
0.710771
-0.715867
-0.00307552
0.799803
-0.803398
-0.000481764
0.902009
-0.904602
0.000957438
1.02021
-1.02165
0.00229195
1.15694
-1.15828
0.00259606
1.31175
-1.31206
0.00306707
1.49491
-1.49538
0.00279796
1.69871
-1.69844
0.00236694
1.93957
-1.93914
0.0014717
2.21304
-2.21215
2.5293
-2.52783
-0.0610519
0.430308
-0.0448021
0.487002
-0.031702
0.55347
-0.0206856
0.622962
-0.0129902
0.703076
-0.00756786
0.794381
-0.00374982
0.898191
-0.00128322
1.01775
0.000739774
1.15492
0.00145764
1.31103
0.0023269
1.49404
0.00228771
1.69875
0.00207798
1.93978
0.00115317
2.21397
2.53045
-0.0721185
0.411594
-0.0559207
0.470804
-0.041313
0.538862
-0.0290846
0.610733
-0.0197165
0.693708
-0.0126137
0.787278
-0.00743929
0.893016
-0.00383025
1.01414
-0.00112291
1.15221
0.000124031
1.30979
0.00153706
1.49263
0.00176818
1.69852
0.0017843
1.93976
0.000787145
2.21497
2.53124
-0.0794947
0.395
-0.0637862
0.455096
-0.0488099
0.523886
-0.0363454
0.598269
-0.026025
0.683387
-0.0177139
0.778967
-0.0113585
0.886661
-0.00669044
1.00947
-0.00326806
1.14879
-0.00124991
1.30777
0.000558329
1.49082
0.00101966
1.69806
0.00136866
1.93941
0.000438161
2.2159
2.53168
-0.0816196
0.381146
-0.0673665
0.440843
-0.0534001
0.509919
-0.0415408
0.58641
-0.0310836
0.67293
-0.0222944
0.770178
-0.0152621
0.879629
-0.00983644
1.00404
-0.00575388
1.14471
-0.0030457
1.30506
-0.000875765
1.48865
-6.94631e-05
1.69725
0.000773127
1.93857
-5.04929e-05
2.21672
2.53163
-0.0792797
0.370716
-0.0674534
0.429016
-0.0553842
0.49785
-0.0445586
0.575584
-0.034654
0.663026
-0.0259805
0.761504
-0.0187667
0.872415
-0.0129066
0.998185
-0.00829927
1.1401
-0.00501269
1.30177
-0.00244363
1.48608
-0.00104089
1.69585
0.000119964
1.93741
-0.000247742
2.21709
2.53138
-0.0729859
0.363956
-0.0645264
0.420557
-0.0552377
0.488562
-0.0460178
0.566364
-0.0370636
0.654071
-0.0288731
0.753314
-0.0217467
0.865288
-0.0157136
0.992151
-0.0107952
1.13518
-0.00710587
1.29808
-0.00408856
1.48306
-0.00222572
1.69399
-0.000788544
1.93597
6.4367e-05
2.21623
2.53144
-0.0635411
0.3601
-0.0584866
0.415502
-0.0523707
0.482446
-0.0455088
0.559502
-0.0382234
0.646786
-0.0310637
0.746154
-0.0243933
0.858618
-0.0184622
0.98622
-0.0134226
1.13014
-0.00943275
1.29409
-0.00603004
1.47966
-0.00376024
1.69172
-0.00187045
1.93408
0.000490237
2.21387
2.53193
-0.0538997
0.358239
-0.0515039
0.413107
-0.0479735
0.478915
-0.0433844
0.554913
-0.0380713
0.641473
-0.032326
0.740409
-0.0265281
0.85282
-0.020996
0.980688
-0.0160149
1.12516
-0.0118179
1.2899
-0.00810739
1.47595
-0.00542264
1.68903
-0.00297347
1.93163
0.000237726
2.21066
2.53217
-0.0457941
0.357865
-0.0452081
0.412521
-0.0435861
0.477293
-0.0407763
0.552103
-0.037123
0.637819
-0.0327531
0.736039
-0.0279863
0.848053
-0.023078
0.97578
-0.0183642
1.12045
-0.014107
1.28564
-0.0101888
1.47203
-0.00710443
1.68595
-0.00413698
1.92866
-0.000781758
2.20731
2.53139
-0.0391194
0.358568
-0.0396806
0.413082
-0.039406
0.477019
-0.038045
0.550742
-0.0358009
0.635575
-0.032696
0.732934
-0.0289709
0.844328
-0.0248141
0.971623
-0.0205435
1.11618
-0.0163848
1.28148
-0.012393
1.46804
-0.00894608
1.6825
-0.00554679
1.92526
-0.00228869
2.20405
2.5291
-0.0342261
0.35986
-0.0353975
0.414253
-0.0359365
0.477558
-0.035642
0.550448
-0.0345266
0.63446
-0.0325433
0.730951
-0.0298098
0.841595
-0.0264462
0.968259
-0.0227031
1.11243
-0.0187615
1.27754
-0.0147868
1.46407
-0.0110161
1.67873
-0.00721222
1.92146
-0.00382631
2.20066
2.52527
-0.0315216
0.361376
-0.0329298
0.415661
-0.0338715
0.478499
-0.0342253
0.550802
-0.0338765
0.634111
-0.0327517
0.729826
-0.0308466
0.83969
-0.0282102
0.965623
-0.0249862
1.10921
-0.0213193
1.27387
-0.0173735
1.46012
-0.0133185
1.67468
-0.00904746
1.91719
-0.00515012
2.19677
2.52012
-0.0309527
0.362857
-0.0323624
0.417071
-0.0334492
0.479586
-0.0341297
0.551482
-0.0342427
0.634224
-0.0336971
0.72928
-0.0324069
0.838399
-0.0303602
0.963576
-0.0275838
1.10643
-0.0241855
1.27048
-0.020238
1.45617
-0.0159179
1.67035
-0.0110849
1.91236
-0.00636861
2.19205
2.51375
-0.032442
0.364159
-0.0337078
0.418337
-0.0347682
0.480647
-0.0355481
0.552262
-0.0358894
0.634566
-0.0356837
0.729075
-0.0347994
0.837515
-0.0331741
0.961951
-0.0307296
1.10399
-0.0275322
1.26728
-0.0235175
1.45216
-0.0188902
1.66573
-0.0133615
1.90683
-0.0075906
2.18628
2.50616
-0.0360004
0.36523
-0.037054
0.41939
-0.0379831
0.481576
-0.038709
0.552988
-0.0390976
0.634954
-0.0390296
0.729007
-0.0383551
0.836841
-0.0369686
0.960564
-0.0347108
1.10173
-0.0316005
1.26417
-0.0274323
1.44799
-0.0224176
1.66071
-0.0161138
1.90052
-0.00915152
2.17932
2.49701
-0.0417892
0.36606
-0.0426092
0.42021
-0.0433458
0.482312
-0.0439193
0.553561
-0.044221
0.635256
-0.0441263
0.728912
-0.0434819
0.836196
-0.0421448
0.959227
-0.039898
1.09948
-0.0367025
1.26097
-0.0322055
1.44349
-0.0266084
1.65512
-0.0191966
1.89311
-0.0107013
2.17082
2.48631
-0.0498874
0.366683
-0.0504898
0.420813
-0.0510144
0.482837
-0.0513893
0.553936
-0.0515201
0.635387
-0.0512821
0.728674
-0.0505241
0.835438
-0.0490721
0.957775
-0.0466748
1.09709
-0.0432333
1.25753
-0.0382966
1.43856
-0.032006
1.64883
-0.0235968
1.8847
-0.0135927
2.16082
2.47272
-0.0612234
0.367098
-0.0615976
0.421187
-0.0618861
0.483125
-0.0620197
0.55407
-0.0619073
0.635274
-0.0614227
0.728189
-0.0604125
0.834428
-0.0586633
0.956026
-0.0559003
1.09432
-0.0519284
1.25356
-0.046138
1.43277
-0.0386199
1.64131
-0.0279265
1.87401
-0.0151622
2.14805
2.45756
-0.0747525
0.367367
-0.0749559
0.42139
-0.0750489
0.483218
-0.0749607
0.553982
-0.0745976
0.634911
-0.0738303
0.727422
-0.0724955
0.833093
-0.0703599
0.95389
-0.0671247
1.09109
-0.0625577
1.24899
-0.0560228
1.42623
-0.0475237
1.63281
-0.0361637
1.86265
-0.0220233
2.13391
2.43553
-0.0964064
0.367414
-0.0963623
0.421346
-0.0961833
0.483039
-0.095794
0.553592
-0.0950949
0.634212
-0.0939445
0.726272
-0.0921581
0.831307
-0.0894249
0.951157
-0.0854638
1.08713
-0.0797539
1.24328
-0.0714637
1.41794
-0.0603057
1.62165
-0.0431312
1.84548
-0.0224712
2.11325
2.41306
-0.113301
0.367435
-0.11319
0.421236
-0.112889
0.482739
-0.112313
0.553016
-0.111347
0.633246
-0.109833
0.724758
-0.107558
0.829032
-0.104221
0.94782
-0.0993904
1.0823
-0.0928091
1.2367
-0.0833549
1.40849
-0.0714471
1.60974
-0.0554784
1.82951
-0.0355346
2.09331
2.37753
-0.161841
0.367223
-0.161493
0.420888
-0.160955
0.482201
-0.160139
0.5522
-0.158926
0.632032
-0.157143
0.722975
-0.154548
0.826437
-0.150726
0.943998
-0.145508
1.07708
-0.137432
1.22862
-0.126229
1.39728
-0.109749
1.59326
-0.0828025
1.80256
-0.0499295
2.06044
2.3276
-0.170926
0.366901
-0.170407
0.420369
-0.169617
0.481411
-0.168435
0.551018
-0.166704
0.630301
-0.164196
0.720467
-0.160594
0.822836
-0.155427
0.93883
-0.148005
1.06966
-0.138156
1.21877
-0.122322
1.38145
-0.104175
1.57511
-0.0736683
1.77205
-0.0389713
2.02574
2.28863
-0.268538
-0.268304
-0.267841
-0.267062
-0.265826
-0.263954
-0.261177
-0.257093
-0.251182
-0.242398
-0.228139
-0.210357
-0.170629
-0.130188
0.07795
0.41672
-0.401204
0.0648362
0.465909
-0.452795
0.0562584
0.522736
-0.514158
0.0506674
0.587406
-0.581815
0.0461553
0.66348
-0.658968
0.0417646
0.750574
-0.746183
0.0378189
0.849599
-0.845653
0.0338867
0.964586
-0.960654
0.0303514
1.09395
-1.09041
0.0266241
1.24665
-1.24292
0.0229263
1.41484
-1.41114
0.0184627
1.6165
-1.61204
0.013451
1.83704
-1.83203
0.0074337
2.10261
-2.09659
2.3974
-2.38997
0.157395
0.42757
0.145973
0.477331
0.135167
0.533541
0.123898
0.598675
0.113081
0.674297
0.103808
0.759846
0.0949805
0.858427
0.0863191
0.973248
0.0775107
1.10276
0.0682911
1.25587
0.0577603
1.42537
0.0465309
1.62773
0.0329024
1.85067
0.0179163
2.1176
2.41532
0.218916
0.444899
0.205193
0.491054
0.19425
0.544485
0.18266
0.610265
0.171608
0.685349
0.160843
0.770612
0.148981
0.870288
0.136406
0.985823
0.122775
1.11639
0.108573
1.27007
0.0915026
1.44244
0.0738133
1.64542
0.0518973
1.87258
0.0281963
2.1413
2.44351
0.290331
0.458126
0.277446
0.503939
0.262394
0.559537
0.246575
0.626084
0.231974
0.69995
0.216864
0.785722
0.201022
0.88613
0.184546
1.0023
0.165927
1.13501
0.146805
1.28919
0.123299
1.46595
0.0994233
1.6693
0.0696855
1.90232
0.0378278
2.17316
2.48134
0.344903
0.330427
0.313783
0.29842
0.282502
0.264825
0.246353
0.226999
0.203728
0.180867
0.151434
0.12229
0.0854763
0.0464835
0.252356
0.19577
-0.22487
-0.223256
0.278119
0.146807
-0.172569
0.296619
0.0890459
-0.107546
0.309332
0.0275257
-0.0402386
-0.0416223
0.0367796
0.238349
0.167347
-0.209926
0.262111
0.123045
0.2798
0.0713571
0.291387
0.0159384
-0.0465084
0.224686
0.140708
-0.198048
0.247607
0.100124
0.263758
0.0552062
0.274986
0.0047102
-0.0499704
0.21292
0.115688
-0.187899
0.234239
0.078805
0.249531
0.0399138
0.259545
-0.00530317
-0.0529468
0.20303
0.0913917
-0.178734
0.222098
0.0597369
0.23685
0.0251617
0.24537
-0.0138232
-0.0558215
0.194686
0.0679078
-0.171202
0.212535
0.041888
0.225854
0.0118431
0.233262
-0.0212313
-0.0580465
0.187492
0.0460125
-0.165596
0.204655
0.0247243
0.216523
-2.41549e-05
0.222744
-0.027453
-0.0576664
0.183335
0.0249424
-0.162264
0.198941
0.00911734
0.20844
-0.0095224
0.210577
-0.02959
-0.0507334
0.176371
0.00693443
-0.158363
0.187842
-0.00235322
0.189568
-0.0112491
0.181443
-0.0214649
-0.0308476
0.124525
-0.117591
0.122172
0.110923
0.0894577
0.0557778
0.341378
-0.389258
0.102578
0.330728
-0.377528
0.146562
0.30981
-0.353794
0.18787
0.277324
-0.318632
0.236284
-0.273284
0.052481
0.296326
0.0967931
0.286416
0.138407
0.268196
0.176807
0.238923
0.203165
0.0497199
0.25364
0.0916006
0.244535
0.130993
0.228805
0.166578
0.203338
0.171696
0.0472969
0.212994
0.0869219
0.20491
0.124305
0.191422
0.157824
0.169818
0.141621
0.04513
0.174131
0.0827922
0.167248
0.118502
0.155712
0.150369
0.137952
0.113256
0.0433389
0.136703
0.0794761
0.131111
0.113771
0.121417
0.144676
0.107047
0.0867291
0.0419776
0.100344
0.0770532
0.0960351
0.110081
0.0883889
0.140038
0.0770904
0.0611704
0.0412107
0.0645677
0.0757249
0.061521
0.107984
0.0561296
0.137191
0.0478836
0.0360969
0.0414747
0.0284914
0.0761772
0.0268185
0.107913
0.0243936
0.135791
0.0200063
0.0135245
0.0328477
0.0596662
0.0840597
0.104066
-0.449963
0.425225
-0.457793
0.425645
-0.46408
0.424102
-0.466913
0.420648
0.41544
-0.464538
-0.30575
0.430299
-0.309576
0.429471
-0.310624
0.42515
-0.307456
0.41748
0.406612
-0.298627
-0.139728
0.433926
-0.141402
0.431145
-0.139614
0.423361
-0.132969
0.410835
0.393612
-0.119969
-0.0338049
0.436461
-0.0332397
0.43058
-0.0284737
0.418595
-0.0188879
0.401249
0.378691
-0.0039671
0.0236496
0.436871
0.0237926
0.430437
0.0253925
0.416995
0.029723
0.396919
0.370199
0.0382146
0.0291749
0.440527
0.0281988
0.431413
0.0311967
0.413997
0.0393544
0.388761
0.356062
0.0534913
0.0468716
0.435563
0.052335
0.42595
0.0590359
0.407297
0.0659434
0.381854
0.348484
0.0735214
0.0335855
0.438926
0.0307954
0.42874
0.0287826
0.409309
0.0287243
0.381912
0.345413
0.0317954
0.0344694
0.43396
0.0392955
0.423914
0.0459185
0.402686
0.054768
0.373062
0.33119
0.0689917
0.0265157
0.432284
0.0297064
0.420723
0.0347285
0.397664
0.0426385
0.365153
0.321193
0.0526348
0.0295668
0.425513
0.0364056
0.413884
0.044602
0.389468
0.0518278
0.357927
0.314322
0.0586995
0.0242334
0.420326
0.0294901
0.408627
0.0344237
0.384534
0.0401635
0.352187
0.308061
0.0464241
0.0247912
0.410948
0.0340566
0.399362
0.0429806
0.37561
0.0529196
0.342248
0.296713
0.0642673
0.0215959
0.401914
0.0305966
0.390361
0.0393585
0.366848
0.0493469
0.33226
0.286026
0.0600342
0.0232133
0.0360467
0.0491006
0.0627282
0.0754705
-0.464153
0.372352
-0.463631
0.427796
-0.462965
0.491521
-0.462147
0.564762
-0.461071
0.648842
-0.459767
0.745527
-0.457924
0.856353
-0.455223
0.983466
-0.451925
1.12992
-0.444863
1.29514
-0.43638
1.4879
-0.413663
1.6968
-0.373014
1.93528
-0.298272
2.19583
2.31088
-0.297255
0.37098
-0.295717
0.426257
-0.293966
0.489771
-0.29177
0.562566
-0.289187
0.646259
-0.285608
0.741948
-0.281711
0.852456
-0.275507
0.977263
-0.269114
1.12353
-0.257268
1.2833
-0.244016
1.47465
-0.220607
1.67339
-0.184585
1.89926
-0.134527
2.14577
2.17636
-0.118347
0.369359
-0.116027
0.423937
-0.11322
0.486964
-0.110064
0.55941
-0.106502
0.642696
-0.102616
0.738062
-0.0979939
0.847834
-0.09262
0.971889
-0.0857078
1.11662
-0.0774036
1.27499
-0.0648096
1.46206
-0.0512215
1.65981
-0.026525
1.87456
-0.00183807
2.12109
2.17452
-0.0018559
0.367247
-0.000762814
0.422844
0.000196963
0.486004
0.0014927
0.558115
0.00347871
0.64071
0.00610891
0.735432
0.00957935
0.844364
0.0132333
0.968235
0.0184535
1.1114
0.0230866
1.27036
0.0311266
1.45402
0.03743
1.6535
0.0467255
1.86527
0.0536538
2.11416
2.22817
0.038572
0.36689
0.0414734
0.419942
0.0455481
0.481929
0.0494939
0.554169
0.0527374
0.637467
0.0553454
0.732824
0.0574841
0.842225
0.0593193
0.9664
0.061459
1.10926
0.063097
1.26872
0.0658739
1.45124
0.0670564
1.65232
0.0659971
1.86633
0.0609375
2.11922
2.28911
0.0571837
0.363198
0.0587081
0.418418
0.0591886
0.481449
0.0601419
0.553215
0.0618539
0.635755
0.063937
0.730741
0.0659846
0.840177
0.0673953
0.964989
0.0685618
1.10809
0.0685268
1.26876
0.0686275
1.45114
0.0666138
1.65433
0.0611104
1.87183
0.0512692
2.12906
2.34038
0.0751637
0.361555
0.0757156
0.417866
0.0756203
0.481544
0.074764
0.554072
0.0732947
0.637224
0.0715156
0.73252
0.0696424
0.842051
0.0676663
0.966965
0.0658305
1.10993
0.0635175
1.27107
0.061215
1.45344
0.0574908
1.65806
0.0500965
1.87922
0.0394567
2.1397
2.37984
0.0309669
0.362384
0.0360208
0.412812
0.0437714
0.473793
0.0509977
0.546845
0.0564366
0.631785
0.0595481
0.729408
0.06064
0.840959
0.0600122
0.967593
0.0583974
1.11154
0.0557643
1.2737
0.0527731
1.45643
0.0482273
1.6626
0.0409744
1.88648
0.0301117
2.15056
2.40995
0.0755627
0.355813
0.0764295
0.411945
0.0731
0.477123
0.0689207
0.551025
0.0650102
0.635696
0.0613421
0.733077
0.0579166
0.844384
0.0542981
0.971211
0.0508113
1.11503
0.0469408
1.27757
0.0431922
1.46018
0.0385146
1.66728
0.0316445
1.89335
0.0224253
2.15978
2.43237
0.0541706
0.354277
0.0552202
0.410896
0.0556941
0.476649
0.0553054
0.551413
0.0535881
0.637413
0.051143
0.735522
0.0482071
0.84732
0.044892
0.974526
0.0416013
1.11832
0.0379036
1.28127
0.0345444
1.46354
0.0300058
1.67182
0.0243002
1.89905
0.0166417
2.16744
2.44901
0.0609814
0.351995
0.0603285
0.411549
0.0585736
0.478404
0.0561245
0.553863
0.0531765
0.640361
0.0495538
0.739144
0.0453115
0.851562
0.0409064
0.978931
0.0367769
1.12245
0.0327339
1.28531
0.0291673
1.46711
0.0250215
1.67597
0.0199375
1.90414
0.013153
2.17422
2.46217
0.0443403
0.354079
0.0462529
0.409636
0.0488915
0.475765
0.0487934
0.553961
0.0465077
0.642647
0.0429163
0.742736
0.038874
0.855605
0.0348184
0.982987
0.0310883
1.12618
0.0273918
1.28901
0.0243153
1.47018
0.020523
1.67976
0.0162901
1.90837
0.0104085
2.1801
2.47258
0.0638247
0.354521
0.0585267
0.414934
0.0535617
0.48073
0.0491738
0.558349
0.044705
0.647115
0.0397617
0.747679
0.0349906
0.860376
0.0304193
0.987558
0.0264666
1.13013
0.022792
1.29268
0.0199101
1.47306
0.0165435
1.68313
0.0129225
1.91199
0.00810635
2.18492
2.48068
0.058246
0.35631
0.0582325
0.414948
0.0532825
0.48568
0.0464256
0.565206
0.0397317
0.653809
0.0338166
0.753594
0.0290591
0.865133
0.0249092
0.991708
0.0215031
1.13354
0.018381
1.29581
0.0160543
1.47539
0.013119
1.68606
0.0102497
1.91486
0.00629098
2.18888
2.48697
0.0683325
0.363448
0.059197
0.424083
0.0502066
0.494671
0.0427325
0.57268
0.0362616
0.66028
0.0307366
0.759119
0.025692
0.870178
0.0216946
0.995706
0.0183088
1.13692
0.0154203
1.2987
0.0133178
1.47749
0.010825
1.68855
0.0083522
1.91733
0.00512522
2.19211
2.4921
-0.227782
0.367973
-0.23388
0.430181
-0.236169
0.496959
-0.235911
0.572422
-0.231924
0.656293
-0.224052
0.751247
-0.213086
0.859212
-0.198563
0.981183
-0.180833
1.11919
-0.159635
1.2775
-0.135178
1.45304
-0.106515
1.65989
-0.074775
1.88559
-0.0386593
2.15599
2.45344
-0.179386
0.37479
-0.184341
0.435136
-0.185669
0.498287
-0.185036
0.57179
-0.181758
0.653014
-0.175921
0.745409
-0.16723
0.850522
-0.156063
0.970016
-0.142007
1.10514
-0.125333
1.26082
-0.106069
1.43377
-0.0834637
1.63729
-0.058606
1.86074
-0.0303711
2.12776
2.42307
-0.114452
0.381697
-0.117729
0.438413
-0.120371
0.500929
-0.121677
0.573095
-0.121584
0.652922
-0.11971
0.743536
-0.115006
0.845818
-0.108063
0.963072
-0.0985742
1.09565
-0.0871901
1.24944
-0.0737464
1.42033
-0.0579738
1.62151
-0.0406715
1.84343
-0.0210776
2.10816
2.40199
-0.0508036
0.392262
-0.0585508
0.44616
-0.0644844
0.506863
-0.0665415
0.575153
-0.0664868
0.652867
-0.065022
0.742071
-0.0624534
0.843249
-0.058773
0.959392
-0.0537539
1.09063
-0.0474879
1.24317
-0.0399445
1.41278
-0.0312996
1.61287
-0.0217254
1.83386
-0.0111608
2.0976
2.39083
0.0278378
0.0212026
0.0139071
0.00724432
0.00114352
-0.00296867
-0.00537287
-0.00663477
-0.00641705
-0.00616646
-0.00452472
-0.00369737
-0.00186572
-0.000861203
)
;

boundaryField
{
    outlet
    {
        type            calculated;
        value           nonuniform List<scalar> 
40
(
0.419448
0.420788
0.422144
0.423515
0.424914
0.380291
0.438415
0.505639
0.583484
0.673738
0.778499
0.900326
1.04197
1.20828
1.3994
1.63191
1.88741
2.21781
2.55949
3.00292
0.418102
0.416745
0.415365
0.413953
0.412518
0.366817
0.420136
0.480947
0.550239
0.629066
0.718594
0.820059
0.934747
1.06375
1.20999
1.36719
1.55733
1.73232
1.9853
2.15844
)
;
    }
    upperWall
    {
        type            symmetryPlane;
        value           uniform 0;
    }
    lowerWall
    {
        type            symmetryPlane;
        value           uniform 0;
    }
    inlet
    {
        type            calculated;
        value           nonuniform List<scalar> 
40
(
-0.417815
-0.417815
-0.417815
-0.417815
-0.417815
-0.372736
-0.428318
-0.492187
-0.56558
-0.649918
-0.746831
-0.858196
-0.986168
-1.13322
-1.3022
-1.49638
-1.71952
-1.97593
-2.27057
-2.60915
-0.417815
-0.417815
-0.417815
-0.417815
-0.417815
-0.372736
-0.428318
-0.492187
-0.56558
-0.649918
-0.746831
-0.858196
-0.986168
-1.13322
-1.3022
-1.49638
-1.71952
-1.97593
-2.27057
-2.60915
)
;
    }
    cylinder
    {
        type            calculated;
        value           uniform 0;
    }
    frontAndBack
    {
        type            empty;
        value           nonuniform List<scalar> 0();
    }
}


// ************************************************************************* //
