/*--------------------------------*- C++ -*----------------------------------*\
| =========                 |                                                 |
| \\      /  F ield         | OpenFOAM: The Open Source CFD Toolbox           |
|  \\    /   O peration     | Version:  2312                                  |
|   \\  /    A nd           | Website:  www.openfoam.com                      |
|    \\/     M anipulation  |                                                 |
\*---------------------------------------------------------------------------*/
FoamFile
{
    version     2.0;
    format      ascii;
    arch        "LSB;label=32;scalar=64";
    class       volScalarField;
    location    "119.2";
    object      p;
}
// * * * * * * * * * * * * * * * * * * * * * * * * * * * * * * * * * * * * * //

dimensions      [0 2 -2 0 0 0 0];

internalField   nonuniform List<scalar> 
5478
(
-0.366018
-0.36753
-0.367059
-0.365402
-0.358834
-0.346724
-0.328258
-0.304459
-0.277666
-0.250581
-0.225353
-0.2029
-0.183905
-0.167204
-0.15281
-0.373803
-0.373166
-0.371362
-0.36762
-0.359568
-0.345558
-0.325388
-0.300777
-0.274243
-0.247998
-0.223447
-0.201325
-0.181803
-0.164411
-0.149093
-0.382936
-0.379586
-0.375323
-0.368942
-0.357977
-0.340962
-0.318612
-0.293127
-0.266811
-0.241401
-0.217869
-0.196562
-0.177415
-0.159979
-0.144059
-0.394627
-0.388381
-0.38111
-0.371079
-0.35559
-0.334452
-0.309542
-0.283188
-0.257222
-0.232716
-0.210075
-0.189393
-0.170449
-0.153171
-0.137681
-0.410666
-0.400826
-0.390108
-0.374662
-0.352893
-0.326894
-0.299376
-0.272205
-0.246409
-0.222426
-0.200395
-0.180271
-0.1619
-0.145268
-0.129873
-0.431903
-0.416813
-0.401496
-0.378383
-0.349122
-0.318157
-0.288076
-0.259902
-0.233952
-0.210274
-0.188758
-0.169224
-0.151452
-0.135321
-0.120371
-0.456125
-0.435302
-0.411998
-0.379205
-0.342382
-0.306819
-0.274306
-0.245057
-0.218842
-0.195351
-0.174299
-0.155444
-0.138585
-0.123467
-0.109437
-0.477642
-0.452399
-0.417521
-0.373959
-0.330302
-0.290855
-0.256311
-0.226194
-0.199845
-0.176708
-0.15634
-0.138394
-0.12259
-0.108614
-0.0960696
-0.491729
-0.492901
-0.495719
-0.504184
-0.518063
-0.536308
-0.557195
-0.578117
-0.5955
-0.604511
-0.60462
-0.591409
-0.56397
-0.524942
-0.477763
-0.455808
-0.457137
-0.45767
-0.461287
-0.467765
-0.475808
-0.483691
-0.489384
-0.49134
-0.480908
-0.464785
-0.440571
-0.409738
-0.374787
-0.335773
-0.423704
-0.425088
-0.42406
-0.423889
-0.424198
-0.423432
-0.419684
-0.410739
-0.394159
-0.37575
-0.3503
-0.319067
-0.282944
-0.256055
-0.219719
-0.397635
-0.399338
-0.397787
-0.395435
-0.391705
-0.385064
-0.373901
-0.356757
-0.334096
-0.305752
-0.272944
-0.242448
-0.202026
-0.187982
-0.160684
-0.378113
-0.380407
-0.379096
-0.375878
-0.369969
-0.360023
-0.344891
-0.324034
-0.296844
-0.265183
-0.228925
-0.20345
-0.166326
-0.150998
-0.140685
-0.365191
-0.3681
-0.367281
-0.363924
-0.357056
-0.345447
-0.32826
-0.305205
-0.276735
-0.245016
-0.211672
-0.185515
-0.159149
-0.143522
-0.140972
-0.359135
-0.36236
-0.36209
-0.359196
-0.35261
-0.341059
-0.32372
-0.300487
-0.272586
-0.242338
-0.213154
-0.188384
-0.168863
-0.155822
-0.151703
-0.360301
-0.363117
-0.363164
-0.361004
-0.355088
-0.343802
-0.326351
-0.303186
-0.276088
-0.247674
-0.221274
-0.198169
-0.180077
-0.166504
-0.157246
-0.406912
-0.363889
-0.393744
-0.422062
-0.367082
-0.261118
-0.180664
-0.151828
-0.13882
-0.143983
-0.141169
-0.146805
-0.149794
-0.144674
-0.112694
-0.102726
-0.11948
-0.143897
-0.1345
-0.11198
-0.114562
-0.147301
-0.130796
-0.116497
-0.153437
-0.178143
-0.155273
-0.13889
-0.0975803
-0.0651589
-0.0433774
-0.0161506
-0.0119127
-0.0108739
-0.00681734
-0.00376339
-0.00215473
-0.000510965
-0.302564
-0.340544
-0.423344
-0.466616
-0.39933
-0.28332
-0.188713
-0.149182
-0.127656
-0.119173
-0.110955
-0.129501
-0.142918
-0.140098
-0.107767
-0.0974768
-0.112923
-0.135964
-0.133513
-0.115468
-0.127939
-0.163049
-0.132871
-0.110136
-0.135674
-0.150055
-0.162595
-0.156234
-0.10023
-0.0611568
-0.0420975
-0.0173894
-0.0123478
-0.0105355
-0.00663295
-0.00384891
-0.00222773
-0.000528884
-0.209535
-0.293295
-0.419275
-0.471477
-0.405236
-0.288495
-0.190977
-0.145822
-0.122909
-0.106563
-0.0924407
-0.114701
-0.13596
-0.13524
-0.104018
-0.0927525
-0.106816
-0.127207
-0.130655
-0.116996
-0.139714
-0.176128
-0.133728
-0.102312
-0.118438
-0.122217
-0.164927
-0.168121
-0.101373
-0.0562509
-0.0402141
-0.0184384
-0.0126569
-0.0101658
-0.00641155
-0.00392956
-0.00230165
-0.000544553
-0.151989
-0.238977
-0.375136
-0.43317
-0.377536
-0.275653
-0.189068
-0.141784
-0.120269
-0.103999
-0.0877164
-0.103079
-0.130438
-0.13026
-0.100742
-0.0889134
-0.101375
-0.118561
-0.125737
-0.116012
-0.1488
-0.186414
-0.13506
-0.0935694
-0.103087
-0.0967495
-0.162535
-0.174109
-0.101783
-0.0508349
-0.0379225
-0.0192245
-0.0128368
-0.00979627
-0.00616989
-0.00399781
-0.00236758
-0.000557175
-0.135219
-0.196327
-0.320992
-0.378722
-0.337234
-0.255534
-0.183986
-0.138169
-0.117273
-0.104447
-0.0942948
-0.104216
-0.130455
-0.126516
-0.0992505
-0.0874865
-0.0982252
-0.110793
-0.118996
-0.112204
-0.154136
-0.193649
-0.136171
-0.0845349
-0.0905133
-0.0758037
-0.156442
-0.174404
-0.101331
-0.0452387
-0.0353295
-0.0196789
-0.0128834
-0.00944407
-0.00593228
-0.00404922
-0.00241671
-0.000565891
-0.140779
-0.17002
-0.263941
-0.312188
-0.286119
-0.228563
-0.173495
-0.133149
-0.113704
-0.100393
-0.105029
-0.112538
-0.135146
-0.126056
-0.0998617
-0.0875835
-0.0953819
-0.10342
-0.11074
-0.105303
-0.154668
-0.198653
-0.13819
-0.0762208
-0.081084
-0.0598696
-0.147265
-0.17453
-0.10054
-0.0397952
-0.0325861
-0.0197935
-0.012822
-0.00912457
-0.00572515
-0.00408258
-0.00244207
-0.000569734
-0.15053
-0.155411
-0.203636
-0.244676
-0.240255
-0.206646
-0.164956
-0.13053
-0.111467
-0.0945965
-0.108594
-0.122189
-0.143216
-0.123547
-0.0990414
-0.0886508
-0.093564
-0.0979229
-0.101756
-0.0945676
-0.149969
-0.198112
-0.136803
-0.0689774
-0.0747987
-0.0485946
-0.134828
-0.165551
-0.0977312
-0.0352631
-0.0299174
-0.0196267
-0.0126359
-0.0088223
-0.00551552
-0.0041023
-0.00243871
-0.00056739
-0.149535
-0.146091
-0.158956
-0.185627
-0.19177
-0.17887
-0.15275
-0.125121
-0.110305
-0.0898931
-0.0972719
-0.128471
-0.151724
-0.126014
-0.10209
-0.0882767
-0.0890691
-0.0902755
-0.0910614
-0.0830769
-0.139062
-0.195349
-0.136437
-0.0630964
-0.0709919
-0.0384713
-0.119268
-0.155387
-0.0950092
-0.0308453
-0.0268535
-0.0190844
-0.0124835
-0.00856626
-0.00535373
-0.00411811
-0.0024095
-0.000558289
-0.145068
-0.147442
-0.151774
-0.158175
-0.16015
-0.14976
-0.127898
-0.104713
-0.0928633
-0.0802611
-0.0791536
-0.117442
-0.133687
-0.116752
-0.100967
-0.0903768
-0.0897261
-0.0855256
-0.0778712
-0.0757121
-0.127271
-0.179889
-0.129127
-0.0563286
-0.064925
-0.0412672
-0.103252
-0.139096
-0.0899544
-0.0281617
-0.0240016
-0.0178993
-0.0118484
-0.00815659
-0.00522487
-0.00412131
-0.00231406
-0.000530998
-0.124649
-0.130052
-0.129471
-0.126356
-0.120659
-0.110858
-0.0950412
-0.0800344
-0.0723699
-0.0594074
-0.0595498
-0.100914
-0.126183
-0.103095
-0.089854
-0.0880911
-0.0819701
-0.0684178
-0.0583473
-0.0561632
-0.108739
-0.16961
-0.119508
-0.0433929
-0.0477495
-0.0168237
-0.0827738
-0.122382
-0.0827755
-0.0223294
-0.0204515
-0.0161436
-0.0110562
-0.00750816
-0.00510222
-0.00413145
-0.00214107
-0.000471089
-0.102945
-0.111566
-0.110597
-0.104743
-0.098458
-0.0904437
-0.0787782
-0.066472
-0.0558745
-0.0397533
-0.0275998
-0.0394789
-0.0469279
-0.0545398
-0.0626194
-0.0761859
-0.0722574
-0.0541937
-0.0395803
-0.033588
-0.07797
-0.132473
-0.0987181
-0.0284228
-0.0320018
-0.0226424
-0.0601774
-0.096655
-0.0698878
-0.0168252
-0.0170957
-0.0142002
-0.0100581
-0.00670886
-0.00511594
-0.00421378
-0.00191133
-0.000379587
-0.0830431
-0.0906741
-0.090499
-0.0841796
-0.0762753
-0.0663582
-0.0543841
-0.0437714
-0.0328165
-0.0179373
-0.00506235
0.00762237
0.0160634
-0.00123088
-0.0297678
-0.0540479
-0.0478181
-0.0325262
-0.0172294
-0.0106606
-0.0443147
-0.0818085
-0.0678106
-0.021411
-0.0200614
-0.00980063
-0.0319552
-0.0667453
-0.0554517
-0.0140511
-0.0140188
-0.01233
-0.00913458
-0.00578039
-0.00521662
-0.0043662
-0.00162742
-0.000254996
-0.0636187
-0.0709002
-0.0715582
-0.0664874
-0.0591508
-0.0512109
-0.0422227
-0.0329657
-0.0226756
-0.00591789
0.0119921
0.0371722
0.0468519
0.0274437
-0.00323428
-0.0265562
-0.0249725
-0.0192272
-0.00537888
0.005962
-0.00757534
-0.0200768
-0.0328124
-0.0231568
-0.0135909
-0.00581357
-0.00305215
-0.0288586
-0.0363946
-0.0142042
-0.0111623
-0.0109893
-0.00828898
-0.00463426
-0.00535008
-0.00461384
-0.00132612
-0.000101718
-0.0472658
-0.0539142
-0.0550655
-0.0511846
-0.0450856
-0.0377922
-0.0291275
-0.0196853
-0.00945556
0.00499021
0.0198814
0.0386697
0.0476715
0.0354203
0.0127533
-0.00662605
-0.00719591
-0.00249362
0.00640482
0.0132985
0.0047798
-0.000611994
-0.00850298
-0.0262361
-0.00971445
0.00431896
0.021915
0.00544681
-0.013028
-0.0146136
-0.00772261
-0.0104269
-0.00807817
-0.00332143
-0.00547502
-0.00494168
-0.00103205
6.39975e-05
-0.034008
-0.0393184
-0.040443
-0.037678
-0.0326574
-0.0264945
-0.0196547
-0.0121085
-0.00407347
0.00707964
0.0194105
0.032712
0.0400843
0.0338092
0.0191956
0.00537464
0.00399949
0.00403642
0.0103838
0.0171186
0.0126547
0.0151389
0.00672039
-0.0174163
-0.00326052
0.0107184
0.0358602
0.029302
0.00582257
-0.0145927
-0.00473872
-0.0105202
-0.00881805
-0.00211666
-0.00553677
-0.00527068
-0.000765275
0.000211447
-0.0228414
-0.0270276
-0.0282837
-0.0264974
-0.0226988
-0.0178267
-0.012431
-0.006316
0.000355925
0.00886257
0.0177935
0.0260518
0.0312139
0.0284876
0.020654
0.011456
0.0106547
0.0114844
0.0145926
0.0188135
0.0137715
0.0144659
0.0142137
-0.00128536
0.00526486
0.0160555
0.0365037
0.0316644
0.0137062
-0.0107884
-0.00242747
-0.0104909
-0.0098781
-0.00142214
-0.00546054
-0.0054491
-0.000530745
0.000305455
-0.013798
-0.0172714
-0.0184304
-0.0172233
-0.0144044
-0.0106921
-0.0065741
-0.00191911
0.00302449
0.00883965
0.0148566
0.0203219
0.023889
0.0232218
0.0199409
0.014854
0.013505
0.0133349
0.0147654
0.0180451
0.0161514
0.0157307
0.0161786
0.00659781
0.0111027
0.017645
0.0322579
0.0318194
0.0169671
-0.00375105
-8.57825e-05
-0.00876132
-0.00931003
-0.000972956
-0.00490722
-0.00508519
-0.00030761
0.000351924
-0.00687781
-0.00946279
-0.0103566
-0.00963726
-0.00770932
-0.00504134
-0.00206723
0.00126906
0.00476138
0.0087579
0.0128066
0.0164094
0.0189629
0.0191092
0.0180338
0.0148166
0.0145768
0.0151562
0.0157032
0.0174209
0.0159993
0.0155696
0.0161396
0.0122635
0.0150937
0.0188943
0.0272598
0.0290326
0.0180147
0.00326655
0.00241526
-0.00529299
-0.00654239
-0.00061092
-0.00374849
-0.00400154
-0.000121511
0.000339098
-0.00120995
-0.00315653
-0.00397505
-0.00363092
-0.00237513
-0.00052402
0.001553
0.00386702
0.00624865
0.00890223
0.0115832
0.0139849
0.0158388
0.0163224
0.0163833
0.0151809
0.0148564
0.0151568
0.0154325
0.0163436
0.0158601
0.0156411
0.0158393
0.0135128
0.0163008
0.0187844
0.0231256
0.0255957
0.017956
0.00808325
0.0048292
-0.00158313
-0.00310607
3.4522e-05
-0.00225566
-0.00256112
5.98566e-05
0.000311695
0.0032382
0.00170137
0.00099216
0.00113554
0.00192133
0.00314103
0.00452771
0.00605399
0.00761366
0.00932543
0.011077
0.012691
0.014057
0.0147005
0.0150859
0.0148104
0.0147658
0.015116
0.015401
0.0158321
0.0156205
0.0155677
0.015689
0.0149134
0.0167696
0.0184157
0.0200366
0.0217847
0.0170895
0.010636
0.0068445
0.00141109
-0.000293235
0.000786242
-0.000937352
-0.00133195
0.000224174
0.000283225
0.00665164
0.00549321
0.00491101
0.0048971
0.00533336
0.00608742
0.00697569
0.0079457
0.00893217
0.0100042
0.0111412
0.0121994
0.013149
0.0137477
0.0142239
0.0144313
0.0145916
0.0148191
0.0150661
0.0153067
0.0152391
0.0153243
0.0154707
0.0151771
0.0162768
0.0173048
0.0176446
0.0184891
0.015667
0.0112656
0.0079652
0.00350665
0.00154656
0.00146719
5.67952e-05
-0.000424489
0.000372419
0.000263477
0.00933648
0.00845076
0.00795059
0.0078309
0.00803493
0.00847006
0.0090127
0.0095913
0.0101688
0.0108001
0.0114967
0.0121891
0.012822
0.0133124
0.0137402
0.0140535
0.0142852
0.0144883
0.0147242
0.014955
0.0149466
0.0150248
0.0151412
0.0150705
0.0156257
0.0161401
0.0159298
0.0160374
0.0141602
0.0110999
0.00854726
0.00496032
0.00280181
0.00210473
0.000836635
0.00025403
0.000524285
0.000270714
0.011413
0.0107263
0.0103002
0.0101264
0.0101737
0.0103833
0.0106775
0.0109924
0.0112968
0.0116366
0.0120311
0.0124568
0.0128522
0.013195
0.0135193
0.0138039
0.0140371
0.0142162
0.0143916
0.0145644
0.0145747
0.0146256
0.0147069
0.0146317
0.0147697
0.0148882
0.0144914
0.0141934
0.0127981
0.0105654
0.00861893
0.00582966
0.00374874
0.00269206
0.00146102
0.000757639
0.000651772
0.000279847
0.0130007
0.0124705
0.0121083
0.0119057
0.0118503
0.0119098
0.012035
0.0121724
0.012295
0.0124412
0.0126303
0.0128604
0.0130759
0.0132792
0.0134837
0.0136873
0.013857
0.013979
0.0140872
0.0142003
0.0142027
0.0141955
0.0141814
0.0140864
0.0140048
0.0138922
0.0134027
0.0128635
0.0117518
0.010066
0.00850747
0.00636221
0.00449416
0.00325842
0.00202345
0.00120687
0.000807022
0.000307245
0.01421
0.0137957
0.0134841
0.0132717
0.0131562
0.01312
0.0131296
0.013145
0.0131475
0.0131654
0.0132155
0.013302
0.0133827
0.0134663
0.0135569
0.0136652
0.0137463
0.0137991
0.0138286
0.0138755
0.0138385
0.0137717
0.0136845
0.0135185
0.0132982
0.0130106
0.0125039
0.0118659
0.0109271
0.00959726
0.00826677
0.00660937
0.00499647
0.00371768
0.00250487
0.00159752
0.000964515
0.000332453
0.0151126
0.0147856
0.0145174
0.014307
0.0141568
0.0140585
0.0139914
0.0139264
0.0138509
0.0137844
0.0137413
0.0137244
0.0137051
0.0136937
0.0136878
0.0137058
0.0137004
0.013687
0.0136541
0.0136102
0.0135138
0.0133811
0.0132215
0.0129865
0.0126966
0.0123116
0.0118006
0.0111387
0.0103011
0.00922245
0.00806087
0.00671708
0.00533949
0.00409426
0.00290815
0.00194385
0.00114472
0.00037511
0.0157763
0.0155135
0.0152796
0.0150762
0.0149077
0.0147715
0.0146549
0.0145374
0.0144118
0.01429
0.0141843
0.0140947
0.0140031
0.0139187
0.0138343
0.0137729
0.0136876
0.0136039
0.0134933
0.013385
0.013232
0.0130399
0.0128251
0.0125329
0.0122025
0.0117658
0.0112482
0.0106065
0.00982756
0.00891603
0.00788398
0.00673549
0.00555003
0.00437363
0.00322402
0.00223971
0.00132944
0.00042452
0.0162461
0.0160284
0.0158215
0.0156279
0.0154515
0.0152933
0.0151445
0.0149944
0.0148367
0.0146809
0.0145325
0.0143933
0.01425
0.0141106
0.0139696
0.0138417
0.0136958
0.013549
0.0133818
0.0132098
0.0130047
0.0127638
0.0125012
0.0121699
0.0118043
0.0113533
0.0108265
0.0102082
0.00948119
0.00866447
0.00774357
0.00672244
0.00566253
0.00457622
0.00346307
0.00245966
0.00149282
0.000486968
0.0165648
0.0163776
0.0161908
0.0160065
0.0158279
0.015657
0.0154887
0.0153189
0.0151417
0.0149654
0.0147886
0.0146167
0.0144384
0.0142611
0.0140799
0.0139018
0.0137126
0.0135151
0.0133048
0.0130817
0.0128343
0.0125561
0.0122504
0.0118954
0.0115002
0.0110395
0.0105137
0.00991306
0.00922623
0.00846587
0.0076133
0.00668212
0.00570076
0.00467431
0.00361423
0.00259295
0.00157947
0.000523187
0.0167618
0.0165935
0.0164201
0.0162432
0.0160653
0.0158879
0.0157092
0.0155278
0.0153403
0.0151512
0.0149581
0.0147655
0.0145655
0.0143649
0.0141563
0.0139473
0.0137262
0.0134976
0.0132548
0.0129978
0.0127213
0.0124144
0.0120835
0.0117073
0.0112949
0.0108281
0.0103015
0.00971425
0.00905028
0.00832349
0.00751762
0.00664221
0.00570856
0.00472715
0.00370429
0.0026692
0.00162927
0.000547687
0.0168521
0.0166933
0.0165274
0.0163555
0.0161792
0.0159998
0.0158164
0.0156301
0.0154383
0.0152438
0.0150432
0.0148405
0.0146304
0.0144178
0.0141966
0.0139711
0.0137345
0.0134888
0.0132292
0.0129544
0.0126612
0.0123409
0.0119944
0.0116089
0.0111865
0.0107162
0.0101915
0.00960855
0.00895802
0.00824817
0.00746466
0.00661722
0.00570811
0.00474824
0.00374618
0.00270754
0.00165192
0.000558464
-0.080919
-0.0912783
-0.10064
-0.109216
-0.11707
-0.123349
-0.12911
-0.13644
-0.0648612
-0.0723755
-0.0792359
-0.0861013
-0.0924778
-0.0989819
-0.104783
-0.11346
-0.0499591
-0.0553058
-0.0601453
-0.0653147
-0.0704367
-0.0759948
-0.081516
-0.0900228
-0.0383733
-0.0422235
-0.0457678
-0.0495818
-0.0538078
-0.0587054
-0.0642848
-0.0719168
-0.0283581
-0.0312391
-0.0339621
-0.0369983
-0.0405947
-0.0445642
-0.0488124
-0.0544617
-0.0202728
-0.0223435
-0.024327
-0.0265018
-0.029014
-0.0316891
-0.0348285
-0.0395491
-0.0133907
-0.0147734
-0.0160636
-0.0174752
-0.0192317
-0.0213072
-0.0240612
-0.0280047
-0.00756195
-0.00843201
-0.00922965
-0.010209
-0.0116339
-0.0134267
-0.0155818
-0.0184236
-0.00260932
-0.00317827
-0.00374891
-0.00452463
-0.00558314
-0.00674829
-0.00813888
-0.0102803
0.00148785
0.00109485
0.000735241
0.000288596
-0.000317855
-0.00111611
-0.00229335
-0.00413633
0.00499053
0.00474193
0.00454017
0.00424616
0.00375699
0.00304737
0.00210493
0.000758686
0.00789294
0.00768946
0.00751988
0.00728273
0.00692331
0.00643601
0.00578079
0.00476465
0.0102665
0.0100805
0.00993893
0.00977201
0.00952763
0.00916459
0.00863597
0.00782326
0.0122012
0.0120211
0.0118817
0.011733
0.0115297
0.0112358
0.010823
0.0102109
0.0137276
0.0135455
0.0133967
0.0132529
0.0130829
0.0128552
0.0125405
0.0120767
0.0149131
0.0147343
0.0145814
0.0144402
0.0142895
0.0141023
0.013854
0.0135011
0.0158127
0.0156403
0.0154869
0.0153473
0.0152088
0.0150508
0.0148539
0.0145868
0.0164826
0.0163196
0.0161706
0.016035
0.0159054
0.015767
0.0156055
0.0153996
0.0169692
0.0168165
0.0166742
0.0165433
0.0164205
0.0162958
0.0161596
0.015998
0.0173076
0.0171662
0.0170325
0.016908
0.0167913
0.016676
0.0165565
0.0164239
0.0175312
0.0174004
0.0172756
0.0171578
0.0170463
0.0169376
0.0168287
0.0167144
0.0176616
0.0175402
0.0174239
0.0173124
0.0172056
0.0171014
0.0169986
0.0168946
0.0177128
0.0176004
0.0174911
0.0173845
0.0172807
0.0171785
0.0170781
0.016978
0.0710566
0.0745922
0.0777978
0.0804174
0.0817207
0.0814452
0.0794137
0.0751336
0.0677034
0.0558037
0.0376014
0.0105336
-0.0295719
-0.0859132
-0.136544
0.0495109
0.0507153
0.0502968
0.0487311
0.0459177
0.0414767
0.0349099
0.0254884
0.0121748
-0.00645243
-0.0323434
-0.0680352
-0.117577
-0.185026
-0.240027
0.0273319
0.0262387
0.0224195
0.017164
0.0106962
0.00246937
-0.00824779
-0.0223124
-0.0408281
-0.0652856
-0.0977689
-0.140889
-0.197638
-0.273785
-0.327278
0.00424002
0.000713294
-0.00590425
-0.0139296
-0.0232875
-0.0347106
-0.0490167
-0.0670721
-0.089971
-0.119178
-0.156906
-0.20594
-0.268471
-0.345576
-0.39652
-0.0186362
-0.0248243
-0.0336146
-0.04367
-0.0553255
-0.069407
-0.0866488
-0.107893
-0.134209
-0.166958
-0.208333
-0.261185
-0.326085
-0.400314
-0.446648
-0.0404292
-0.0491675
-0.059585
-0.0712404
-0.084821
-0.101109
-0.120632
-0.144233
-0.172897
-0.208011
-0.251502
-0.305348
-0.369426
-0.4378
-0.477852
-0.0608737
-0.0714208
-0.0829979
-0.0961204
-0.111427
-0.129461
-0.150734
-0.175918
-0.205938
-0.242025
-0.285707
-0.338209
-0.39845
-0.457902
-0.491751
-0.0799832
-0.0912242
-0.103902
-0.118394
-0.135148
-0.154542
-0.176989
-0.20305
-0.233499
-0.269318
-0.311584
-0.360692
-0.41403
-0.461893
-0.490854
0.187929
0.202862
0.219458
0.238173
0.2591
0.282165
0.307278
0.334383
0.363401
0.394082
0.425844
0.457512
0.487087
0.51054
0.529851
0.186951
0.201276
0.217284
0.235452
0.255825
0.278249
0.302581
0.328753
0.356684
0.386112
0.416417
0.446373
0.473908
0.495042
0.512081
0.181838
0.194722
0.20948
0.22655
0.245772
0.266811
0.289434
0.313528
0.338973
0.365446
0.392248
0.418052
0.440625
0.456156
0.467825
0.17262
0.183426
0.196452
0.211904
0.229298
0.248118
0.268083
0.289052
0.310825
0.332943
0.354539
0.374107
0.389136
0.395993
0.399831
0.159282
0.167625
0.178707
0.192301
0.207409
0.223301
0.239694
0.256482
0.273422
0.289914
0.304874
0.316555
0.322091
0.317764
0.311951
0.142183
0.147702
0.156643
0.168121
0.180588
0.193138
0.205471
0.217454
0.228756
0.238634
0.245804
0.248287
0.242877
0.225698
0.208074
0.121648
0.124892
0.131929
0.140824
0.149878
0.158396
0.166164
0.172952
0.178217
0.180998
0.179795
0.172395
0.155286
0.124568
0.0943795
0.0975347
0.0994865
0.105383
0.111629
0.116905
0.120948
0.12374
0.124962
0.123862
0.119263
0.109463
0.0920071
0.0630454
0.0189266
-0.0229277
0.0265354
0.0309475
0.0272916
0.0312195
0.0287996
0.0331009
0.0313528
0.0357812
0.0351484
0.0396534
0.0404725
0.0453334
0.0478661
0.0535764
0.0583177
0.0656271
0.0731298
0.0831561
0.0942698
0.108321
0.124483
0.144234
0.167059
0.026604
0.0309827
0.0273761
0.0312648
0.0289077
0.033158
0.0314974
0.0358827
0.0353429
0.0397998
0.0407536
0.0455699
0.0481939
0.0539652
0.0587808
0.0661474
0.0737728
0.0837459
0.0950298
0.109165
0.125013
0.144625
0.166868
0.0266824
0.0309923
0.0274785
0.03128
0.0290449
0.0331812
0.0316738
0.0359501
0.0355683
0.0399083
0.0410521
0.0457635
0.0485112
0.0542346
0.0590502
0.0662903
0.074017
0.0839656
0.0948696
0.10874
0.123998
0.143025
0.163719
0.0267695
0.0309782
0.0275955
0.0312692
0.0291913
0.0331743
0.0318724
0.0359909
0.035822
0.0399965
0.0413752
0.0459704
0.0488846
0.0546832
0.0595627
0.0668376
0.0744088
0.0843743
0.0947907
0.108344
0.122301
0.139984
0.157726
0.026864
0.0309439
0.027723
0.0312364
0.0293595
0.033143
0.0320881
0.0360048
0.0360841
0.0400512
0.0416855
0.0460711
0.0491575
0.0547264
0.0596427
0.0666684
0.0741128
0.0836892
0.0935257
0.106271
0.118693
0.134572
0.148462
0.0269635
0.0308918
0.0278648
0.0311853
0.0295416
0.0331019
0.032315
0.0360114
0.0363995
0.0401541
0.0420706
0.0463184
0.049644
0.0554009
0.0601925
0.0675072
0.0745253
0.0841044
0.0930009
0.104874
0.114842
0.127876
0.136425
0.0270675
0.0308249
0.0280074
0.0311227
0.029729
0.0330456
0.0325367
0.0359881
0.0366261
0.0401784
0.0423089
0.0463435
0.0497779
0.0551248
0.0600337
0.0668734
0.0736735
0.0823057
0.0905313
0.100666
0.10866
0.118399
0.121258
0.0271754
0.0307496
0.0281482
0.0310572
0.0299287
0.0330219
0.0327766
0.0360362
0.0370168
0.0404063
0.0428123
0.0467324
0.0505098
0.0562022
0.0607437
0.0680971
0.0743358
0.0830616
0.0897625
0.0985091
0.102601
0.107534
0.102945
0.0272992
0.0306376
0.0283306
0.0309339
0.0301389
0.0328802
0.0330068
0.0358958
0.0371885
0.0402855
0.0428944
0.0467543
0.0503522
0.0553542
0.0598894
0.0662251
0.0719528
0.0783398
0.0840246
0.0884449
0.0902395
0.087825
0.0781955
0.0274613
0.0304669
0.0285618
0.0307451
0.0303765
0.0326481
0.0332178
0.0355235
0.0372269
0.0398365
0.0425903
0.0457407
0.0494158
0.0536219
0.0578147
0.0626763
0.0674038
0.0714388
0.0750877
0.0760276
0.0753742
0.0698478
0.0618017
0.027657
0.0302331
0.0288266
0.0304972
0.0306465
0.0323304
0.0334315
0.0351625
0.0372151
0.0393758
0.0421785
0.0449046
0.0483677
0.0517338
0.055452
0.0589976
0.0625023
0.0647136
0.0661677
0.0651766
0.062317
0.0564793
0.048862
0.0278872
0.0299274
0.0291281
0.0302047
0.0308996
0.0320569
0.0335369
0.0348598
0.0370702
0.0388663
0.0415715
0.0438943
0.0469974
0.0495906
0.0526695
0.0550464
0.057183
0.0580325
0.0576697
0.0554047
0.0513662
0.0454071
0.0383835
0.028156
0.0295439
0.0294226
0.0299707
0.0310501
0.0318337
0.033534
0.0345747
0.0367639
0.0383141
0.0407176
0.0427439
0.0452978
0.0472106
0.0495177
0.050912
0.0517693
0.0515516
0.0499736
0.0469637
0.0425212
0.0366828
0.0300844
0.0284595
0.029149
0.0296248
0.0298045
0.0311257
0.0316389
0.0334084
0.034266
0.0362955
0.0376663
0.0396546
0.0414163
0.0433481
0.044595
0.0461549
0.0467153
0.0465504
0.0455149
0.043307
0.039965
0.0355367
0.0300516
0.0239021
0.028751
0.028793
0.0297272
0.0296912
0.031106
0.0314656
0.0331459
0.0339214
0.035677
0.0368964
0.0384353
0.0398906
0.0412158
0.0418377
0.0427133
0.0426127
0.0417242
0.0401287
0.0376651
0.0343026
0.0300859
0.0251025
0.0195237
0.0290067
0.028493
0.0297385
0.029613
0.0309793
0.031297
0.0327582
0.0335084
0.0349383
0.0359805
0.0370881
0.0381837
0.038968
0.0390681
0.0393389
0.0387418
0.0374254
0.0355037
0.0329804
0.0297943
0.0259362
0.0215061
0.0165691
0.0291984
0.02827
0.0296462
0.0295538
0.0307518
0.0311089
0.0322734
0.0329907
0.0340995
0.0349161
0.0356404
0.0363582
0.0366804
0.0363784
0.0361568
0.0352263
0.0336959
0.0316509
0.0291969
0.0262979
0.0228974
0.0190563
0.0147985
0.0293077
0.028134
0.0294502
0.0294926
0.0304392
0.0308577
0.0317267
0.032359
0.0331725
0.0337337
0.0341282
0.0344888
0.0344335
0.0338458
0.0332722
0.0321442
0.0305451
0.0285376
0.0262541
0.0236907
0.0207795
0.0175324
0.0139421
0.0293215
0.0280807
0.029169
0.0293945
0.0300809
0.0305165
0.0311336
0.0316219
0.0321702
0.0324732
0.0325912
0.0326475
0.0323051
0.0315366
0.0307398
0.0295246
0.0279605
0.0260967
0.0240511
0.0218361
0.0193961
0.0167142
0.0137512
0.0292344
0.0280924
0.028835
0.0292009
0.0296994
0.030087
0.0304988
0.0308073
0.0311163
0.0311851
0.031079
0.0308952
0.0303583
0.0294897
0.0285785
0.0273633
0.0259021
0.0242378
0.0224612
0.0205867
0.018573
0.016396
0.0139983
0.0290523
0.0281347
0.028507
0.0288816
0.029281
0.0295857
0.029825
0.0299521
0.0300464
0.0299224
0.0296415
0.029282
0.0286258
0.0277231
0.0267837
0.0256295
0.024309
0.0228632
0.0213569
0.0197971
0.0181519
0.0164001
0.0144813
0.0287935
0.0281448
0.0282284
0.0284773
0.0288016
0.0290103
0.0291117
0.029087
0.0290003
0.0287267
0.0283183
0.0278379
0.0271251
0.02624
0.0253303
0.0242737
0.0231108
0.0218795
0.0206233
0.0193399
0.0180031
0.0165967
0.0150679
0.0284822
0.0280527
0.0279822
0.0280889
0.0282804
0.0283756
0.0283661
0.028227
0.0280061
0.0276263
0.0271332
0.0265818
0.0258596
0.0250243
0.0241783
0.0232371
0.0222328
0.0211987
0.0201628
0.0191165
0.0180368
0.0169121
0.0156999
0.0281449
0.0278662
0.0277375
0.0277098
0.0277439
0.0277212
0.0276127
0.027387
0.0270761
0.0266353
0.0261013
0.0255221
0.0248232
0.0240544
0.0232864
0.0224602
0.0216011
0.0207378
0.0198882
0.0190393
0.0181703
0.0172727
0.0163147
0.0277985
0.0276057
0.0274528
0.0273274
0.0272231
0.0270866
0.026887
0.0265933
0.0262261
0.0257603
0.0252231
0.0246528
0.0240007
0.0233055
0.0226155
0.0218918
0.0211559
0.0204332
0.0197345
0.0190457
0.0183477
0.0176333
0.0168786
0.0274525
0.027301
0.0271274
0.0269372
0.0267322
0.0264983
0.0262191
0.025873
0.0254718
0.0250027
0.0244845
0.0239458
0.0233542
0.0227344
0.0221187
0.0214848
0.0208518
0.0202408
0.0196593
0.0190957
0.0185339
0.0179658
0.017374
0.0271131
0.0269762
0.026784
0.0265497
0.0262787
0.0259734
0.025633
0.0252488
0.0248283
0.0243672
0.0238776
0.0233775
0.0228457
0.0222961
0.0217493
0.0211953
0.0206493
0.0201273
0.0196352
0.0191658
0.0187071
0.0182529
0.0177898
0.0267919
0.026658
0.0264481
0.0261827
0.0258711
0.0255199
0.0251398
0.0247332
0.024304
0.0238543
0.0233929
0.0229292
0.02245
0.0219627
0.0214803
0.0209984
0.020527
0.0200767
0.0196522
0.0192504
0.0188649
0.0184924
0.0181238
0.0265093
0.026375
0.0261517
0.0258639
0.0255276
0.0251504
0.0247468
0.0243279
0.0238954
0.0234534
0.0230126
0.022578
0.0221409
0.0217056
0.0212797
0.0208626
0.0204594
0.020074
0.0197065
0.0193549
0.0190185
0.0186997
0.0183968
0.0262862
0.0261494
0.0259183
0.025618
0.0252687
0.0248796
0.0244649
0.0240423
0.0236138
0.0231827
0.0227594
0.0223479
0.0219426
0.0215433
0.0211534
0.0207756
0.020414
0.0200704
0.0197429
0.0194293
0.01913
0.018849
0.0185886
0.0261663
0.0260296
0.0257912
0.0254782
0.0251174
0.0247196
0.0242978
0.0238707
0.0234435
0.0230193
0.0226069
0.0222119
0.0218294
0.0214542
0.0210875
0.0207348
0.0204009
0.020087
0.0197902
0.019507
0.0192371
0.0189842
0.0187543
0.0650643
0.046721
0.0242568
0.00290871
-0.0167145
-0.035114
-0.0525899
-0.0680216
0.0526999
0.0355878
0.0135429
-0.00562342
-0.0209368
-0.0338984
-0.0457181
-0.0559469
0.0419071
0.0288348
0.0102442
-0.0063123
-0.0178431
-0.0267295
-0.0351913
-0.043152
0.0325864
0.0223575
0.00689922
-0.00728368
-0.0165227
-0.0227143
-0.0283536
-0.033614
0.0251043
0.0175013
0.00555244
-0.00577457
-0.0129036
-0.0171911
-0.0210106
-0.0247896
0.0191248
0.0133131
0.00469542
-0.0035348
-0.00898819
-0.012299
-0.0150932
-0.0177594
0.0149424
0.0102857
0.00453681
-0.000935103
-0.00493694
-0.00758653
-0.00973003
-0.0116471
0.0124078
0.00875164
0.00505187
0.00158179
-0.00122563
-0.00330023
-0.00497284
-0.00636891
0.0111751
0.00837006
0.00607354
0.00397116
0.00208609
0.000525331
-0.000770292
-0.00180272
0.0108767
0.00876082
0.00740422
0.0062061
0.00498869
0.00384997
0.00285602
0.00207315
0.0112184
0.00964228
0.00889565
0.00827563
0.00752464
0.00672133
0.00598298
0.00540219
0.0119593
0.0108067
0.0104449
0.0101805
0.00974143
0.00918918
0.008648
0.00820876
0.0128703
0.0120406
0.0119115
0.011869
0.011651
0.0112892
0.0108895
0.0105369
0.013809
0.0132178
0.0132214
0.0133116
0.0132473
0.0130249
0.0127298
0.0124414
0.0147218
0.0143018
0.0143717
0.0145181
0.0145352
0.0144034
0.0141853
0.0139467
0.0155603
0.0152623
0.0153545
0.0155081
0.0155566
0.015477
0.015312
0.0151123
0.0163001
0.016087
0.0161746
0.016308
0.0163572
0.0163003
0.0161668
0.0159945
0.0169323
0.0167757
0.0168424
0.0169406
0.0169727
0.0169201
0.0168029
0.0166492
0.0174528
0.0173321
0.0173697
0.0174268
0.0174333
0.0173742
0.017264
0.0171227
0.0178618
0.0177609
0.0177671
0.0177835
0.0177619
0.0176912
0.0175822
0.0174495
0.0181839
0.0180873
0.0180584
0.0180346
0.0179843
0.0179002
0.0177897
0.0176632
0.0184048
0.018306
0.0182473
0.0181903
0.0181158
0.0180196
0.0179069
0.0177852
0.0185821
0.0184626
0.0183602
0.0182624
0.0181616
0.0180544
0.0179421
0.0178272
-0.583844
-0.597799
-0.617468
-0.642678
-0.673929
-0.709536
-0.742463
-0.766669
-0.579416
-0.592646
-0.610736
-0.632533
-0.657861
-0.686542
-0.71439
-0.733932
-0.571741
-0.585334
-0.601643
-0.620316
-0.640458
-0.658873
-0.671585
-0.673868
-0.564344
-0.576641
-0.589335
-0.601084
-0.610819
-0.616167
-0.614609
-0.603696
-0.559078
-0.566354
-0.571235
-0.572947
-0.571584
-0.566385
-0.555645
-0.537196
-0.555408
-0.553131
-0.547568
-0.5395
-0.529686
-0.517581
-0.501325
-0.478643
-0.550355
-0.535965
-0.520124
-0.504406
-0.488923
-0.472531
-0.452999
-0.42808
-0.540385
-0.514191
-0.49037
-0.469482
-0.450466
-0.431543
-0.410172
-0.384216
-0.522805
-0.487818
-0.459174
-0.435292
-0.414411
-0.394148
-0.371995
-0.345851
-0.496939
-0.457585
-0.426953
-0.401972
-0.380454
-0.359842
-0.337674
-0.312028
-0.464195
-0.424355
-0.394114
-0.369433
-0.348359
-0.328117
-0.306578
-0.281936
-0.426405
-0.389253
-0.360872
-0.337793
-0.317856
-0.298635
-0.278225
-0.254999
-0.386232
-0.35267
-0.327719
-0.307054
-0.28881
-0.271173
-0.252265
-0.230817
-0.341662
-0.315298
-0.294806
-0.277406
-0.261368
-0.245462
-0.228388
-0.208859
-0.295668
-0.279776
-0.262217
-0.249541
-0.234817
-0.220972
-0.205638
-0.188648
-0.527164
-0.555745
-0.574391
-0.582718
-0.583149
-0.579726
-0.576443
-0.576832
-0.527057
-0.554187
-0.570427
-0.576287
-0.575236
-0.571885
-0.569833
-0.571782
-0.532204
-0.559913
-0.574708
-0.577268
-0.572191
-0.565511
-0.561586
-0.563181
-0.545
-0.574465
-0.587866
-0.58607
-0.574923
-0.562518
-0.554961
-0.555525
-0.565217
-0.597428
-0.609562
-0.602992
-0.585071
-0.566164
-0.554395
-0.552801
-0.591894
-0.627705
-0.63871
-0.627306
-0.602844
-0.577903
-0.561945
-0.556024
-0.62333
-0.663462
-0.673451
-0.657302
-0.626921
-0.596947
-0.57604
-0.56227
-0.656672
-0.701649
-0.710818
-0.690413
-0.654398
-0.620295
-0.59156
-0.5661
-0.688135
-0.738176
-0.746918
-0.722005
-0.682649
-0.641601
-0.601722
-0.561916
-0.713582
-0.767725
-0.77571
-0.74877
-0.704239
-0.653293
-0.59955
-0.545716
-0.723893
-0.783504
-0.791622
-0.762046
-0.710157
-0.647761
-0.580911
-0.517179
-0.71761
-0.77958
-0.786541
-0.753654
-0.69387
-0.620737
-0.545195
-0.477683
-0.68969
-0.749427
-0.752197
-0.714635
-0.648285
-0.570491
-0.495413
-0.432329
-0.642888
-0.694291
-0.689516
-0.648665
-0.581242
-0.507031
-0.440895
-0.384306
-0.577939
-0.611982
-0.597469
-0.555565
-0.496389
-0.433947
-0.381239
-0.335266
-0.47055
-0.476963
-0.450497
-0.413961
-0.370159
-0.330312
-0.303921
-0.28827
-0.359274
-0.328261
-0.288849
-0.267054
-0.255959
-0.245948
-0.235449
-0.238195
-0.331128
-0.247783
-0.180955
-0.154749
-0.152624
-0.158446
-0.158252
-0.170799
-0.337917
-0.222758
-0.128335
-0.0902873
-0.0836663
-0.0930762
-0.0951178
-0.110731
-0.305657
-0.218528
-0.0629201
-0.0253919
-0.0297282
-0.041275
-0.0467879
-0.062135
-0.222521
-0.165026
-0.0931249
-0.0412798
-0.0167373
-0.0146811
-0.0178318
-0.0207637
-0.168121
-0.151061
-0.127842
-0.104582
-0.0961445
-0.079981
-0.0427409
-0.0224789
-0.155464
-0.158679
-0.15696
-0.144638
-0.132771
-0.113937
-0.0823035
-0.0417524
-0.158221
-0.179244
-0.192977
-0.186809
-0.163097
-0.130659
-0.0986129
-0.0642598
-0.1791
-0.216663
-0.245005
-0.252287
-0.235996
-0.201222
-0.17086
-0.131372
-0.178072
-0.215969
-0.253806
-0.267622
-0.263447
-0.235112
-0.232489
-0.187847
-0.165476
-0.184196
-0.201375
-0.213266
-0.21777
-0.207042
-0.200374
-0.172079
-0.155681
-0.158765
-0.160162
-0.160219
-0.158889
-0.153354
-0.150326
-0.140226
-0.148105
-0.148026
-0.145315
-0.140021
-0.133642
-0.125702
-0.119266
-0.112423
-0.118605
-0.125075
-0.130642
-0.132571
-0.130446
-0.123726
-0.113386
-0.0996948
-0.107878
-0.113001
-0.117181
-0.119043
-0.11879
-0.116235
-0.110134
-0.100196
-0.125231
-0.130469
-0.135503
-0.140008
-0.144115
-0.146357
-0.146532
-0.142249
-0.149957
-0.154322
-0.15743
-0.160119
-0.162203
-0.164504
-0.163834
-0.164804
-0.133774
-0.132043
-0.129671
-0.1283
-0.126444
-0.126648
-0.124214
-0.125222
-0.106702
-0.100474
-0.0935153
-0.0868046
-0.0806797
-0.076169
-0.0719101
-0.0701217
-0.100499
-0.0866482
-0.073859
-0.0629976
-0.0543261
-0.0478034
-0.0435831
-0.0417586
-0.129765
-0.111117
-0.0923621
-0.074574
-0.0586301
-0.0444669
-0.0336879
-0.0158903
-0.126747
-0.120252
-0.111375
-0.100402
-0.0884652
-0.0757904
-0.0625702
-0.0497217
-0.121011
-0.122948
-0.121877
-0.117225
-0.108891
-0.0976006
-0.0826976
-0.0651401
-0.170414
-0.185436
-0.197474
-0.205043
-0.207647
-0.204735
-0.197258
-0.186071
-0.203807
-0.224881
-0.239533
-0.247601
-0.249005
-0.244762
-0.23486
-0.223662
-0.143324
-0.128405
-0.11222
-0.0981155
-0.0869596
-0.0800662
-0.073599
-0.0722008
-0.117958
-0.0947821
-0.0701669
-0.0470054
-0.0256951
-0.00801754
0.00501
0.0158066
-0.092661
-0.0852877
-0.0759924
-0.0656375
-0.054841
-0.0441408
-0.0335145
-0.0228899
-0.0679338
-0.0691625
-0.0686416
-0.0663767
-0.062623
-0.0577772
-0.0522733
-0.0462769
-0.0439625
-0.0438235
-0.0430667
-0.0417465
-0.0398528
-0.0376097
-0.0348623
-0.0322327
-0.0148277
-0.0135007
-0.0122961
-0.0113029
-0.0105482
-0.0100838
-0.00984437
-0.00986715
-0.0113791
-0.0107673
-0.0101148
-0.00945552
-0.00881875
-0.00824166
-0.00774195
-0.00733609
-0.0111495
-0.0113357
-0.0114064
-0.0113446
-0.0111454
-0.0108174
-0.0103784
-0.00982871
-0.00694684
-0.00701592
-0.00702864
-0.00698931
-0.0069017
-0.00677858
-0.00661752
-0.00646166
-0.00367976
-0.00360345
-0.00353987
-0.00348903
-0.00344727
-0.00341165
-0.00336541
-0.003329
-0.00208975
-0.00203714
-0.00200029
-0.00197815
-0.00196752
-0.00196277
-0.00195584
-0.00194218
-0.000491647
-0.000471889
-0.000453404
-0.000438852
-0.000430607
-0.000431283
-0.000443127
-0.000469012
-0.25294
-0.190971
-0.149271
-0.115347
-0.0886339
-0.0683642
-0.0520926
-0.0391645
-0.0291704
-0.0212929
-0.0148205
-0.00967443
-0.00548289
-0.00212167
0.000605091
0.002811
0.00457521
0.00597882
0.00707722
0.00791686
0.00852775
0.00893333
0.00914229
-0.220064
-0.167205
-0.136506
-0.107409
-0.0841006
-0.0659992
-0.0511468
-0.0393065
-0.0297002
-0.0221804
-0.0157508
-0.0105262
-0.00624161
-0.00275984
9.12479e-05
0.00239882
0.00425563
0.00573381
0.00688878
0.00776982
0.00840984
0.00883306
0.00905056
-0.154103
-0.11508
-0.0993671
-0.0797592
-0.065461
-0.0536958
-0.04347
-0.034719
-0.0270308
-0.0206202
-0.0149942
-0.0101973
-0.00617708
-0.00281045
-1.89543e-05
0.00226603
0.00412387
0.00560934
0.00677485
0.00766553
0.00831223
0.00874009
0.00895996
-0.092469
-0.0643136
-0.0569125
-0.0456284
-0.0406144
-0.0360027
-0.0315005
-0.0267924
-0.0219137
-0.0172814
-0.0128691
-0.00886852
-0.00535304
-0.00230334
0.000268597
0.00241417
0.00418081
0.00560688
0.00673457
0.00760115
0.00823411
0.00865425
0.0088706
-0.0402905
-0.0204001
-0.0180058
-0.0135956
-0.0167972
-0.0184081
-0.0190526
-0.0181028
-0.0159816
-0.0132061
-0.0101093
-0.0070323
-0.00412793
-0.00150526
0.00077175
0.00271836
0.00434547
0.00567651
0.00674082
0.00756562
0.00817122
0.00857556
0.00878448
0.0110165
0.0308886
0.0267757
0.0186589
0.00643387
-0.00207829
-0.00750898
-0.00990776
-0.0101649
-0.00905914
-0.00722011
-0.00501547
-0.00273355
-0.000564481
0.00138882
0.00310434
0.00456608
0.00578315
0.00676857
0.0075407
0.00811411
0.00849983
0.00870027
0.0643332
0.0739091
0.065408
0.0450742
0.0256348
0.0115555
0.00225625
-0.00283512
-0.00494536
-0.00522846
-0.00443767
-0.00300315
-0.00133071
0.000406541
0.00203464
0.00351458
0.00480885
0.00590802
0.00681198
0.00752974
0.00806715
0.00843138
0.00862173
0.0487418
0.0692641
0.0671399
0.0523781
0.0338713
0.0190467
0.00872718
0.00256161
-0.000614346
-0.00182939
-0.0018134
-0.0010311
8.66145e-05
0.001436
0.00273494
0.00397404
0.00509318
0.00606553
0.00687852
0.00753269
0.00802866
0.0083679
0.00854644
-0.0156281
0.0137558
0.028974
0.0300647
0.0236034
0.0162781
0.00984922
0.0051204
0.00247618
0.000968925
0.00055787
0.000845372
0.00152859
0.00247505
0.00348109
0.00447958
0.00541755
0.00625483
0.00697097
0.00755728
0.00800629
0.00831548
0.00847902
-0.10477
-0.0586027
-0.0202375
-0.00206956
0.00612301
0.00772036
0.00732261
0.00541616
0.00408597
0.00306462
0.00257459
0.0025757
0.00290849
0.00351188
0.00423657
0.00500776
0.00576611
0.00646673
0.00708084
0.00759237
0.0079897
0.00826692
0.00841467
-0.162831
-0.0865269
-0.0491687
-0.0211743
-0.00677111
0.00114285
0.00451735
0.00509943
0.0053047
0.00478385
0.00436406
0.00418829
0.00424054
0.00454371
0.00499732
0.00554568
0.00612232
0.00668457
0.00719664
0.00763583
0.00798326
0.00822753
0.00835841
-0.140951
-0.0888508
-0.0542608
-0.0265254
-0.0114755
-0.00124225
0.00379278
0.00591585
0.00680626
0.00645893
0.006134
0.00575815
0.00553705
0.00554921
0.00574988
0.00608719
0.00649093
0.0069202
0.00732825
0.00768958
0.00798092
0.0081907
0.00830449
-0.11654
-0.082098
-0.055602
-0.0288873
-0.0135554
-0.000561924
0.00478406
0.00839198
0.0090738
0.00869404
0.00813304
0.00741831
0.00691295
0.00663508
0.00657716
0.00668221
0.00690103
0.00718397
0.00748009
0.00776017
0.00799402
0.00816487
0.00825846
-0.094525
-0.0668996
-0.0462426
-0.0209615
-0.0106658
0.00349112
0.007221
0.0114835
0.0113553
0.0111301
0.0101677
0.0090927
0.00825539
0.00769054
0.00739808
0.00730413
0.00735114
0.0074872
0.00766297
0.0078525
0.00801665
0.00814373
0.00821502
-0.0808056
-0.0549261
-0.0316847
-0.0065029
0.00652492
0.0166608
0.0181671
0.018787
0.016003
0.0142493
0.0122857
0.0107519
0.00956083
0.00872436
0.00820207
0.00790826
0.00778516
0.00777885
0.00784241
0.00794239
0.00804445
0.00812871
0.00817685
-0.0923748
-0.0733635
-0.0415304
-0.010934
0.0159002
0.0249358
0.0267743
0.0245335
0.0204292
0.0171853
0.014242
0.0121344
0.0106142
0.00960048
0.00893119
0.00848864
0.00822049
0.00808308
0.00803491
0.00804408
0.00807675
0.00811666
0.00814112
-0.128596
-0.115304
-0.0763864
-0.0338331
0.00935886
0.0247792
0.0279321
0.0243
0.0208125
0.0179419
0.0152441
0.0131206
0.0114877
0.0103652
0.00955968
0.0089923
0.00860561
0.00835877
0.00821252
0.00813796
0.00810849
0.00810357
0.00810465
-0.149254
-0.143648
-0.097666
-0.0472869
-0.00146691
0.0154439
0.0206077
0.020052
0.0183522
0.0164881
0.0146472
0.0131453
0.0119298
0.0109591
0.010146
0.00950701
0.00901712
0.00865871
0.0084079
0.00824619
0.00814889
0.00809531
0.00807065
-0.117312
-0.103989
-0.0753422
-0.0439694
-0.0163613
0.000272953
0.00968906
0.0133976
0.0143928
0.0143336
0.0136532
0.0128704
0.0120438
0.0112337
0.0104924
0.00985552
0.00932146
0.00889544
0.0085663
0.00832856
0.0081694
0.00807308
0.00802611
-0.0657529
-0.0524324
-0.0373016
-0.0291272
-0.0214839
-0.0106145
0.00106447
0.00813715
0.0114714
0.0128374
0.0130858
0.0127729
0.0121967
0.0114948
0.0108191
0.0101864
0.0096068
0.00910925
0.00870301
0.0083981
0.00818651
0.00804973
0.0079806
-0.0411556
-0.028623
-0.0189414
-0.0159626
-0.0127947
-0.00602611
0.00155244
0.00825341
0.0109537
0.0127918
0.0131621
0.0129645
0.0124186
0.0117516
0.0111215
0.0104816
0.00986107
0.00929891
0.00881982
0.00844572
0.0081755
0.00800067
0.00791148
-0.0472459
-0.0247185
-0.0191134
-0.0107733
-0.00713561
0.000947792
0.00564531
0.0106081
0.011844
0.0138364
0.0133599
0.0130991
0.0124399
0.0119207
0.011377
0.0107366
0.0100633
0.00942466
0.00888368
0.0084591
0.00814982
0.00794342
0.00783551
-0.0400487
-0.0242994
-0.0115368
0.00258991
0.0101982
0.0158353
0.0184649
0.0198299
0.0186167
0.0176354
0.0157717
0.0142979
0.0130697
0.0123279
0.0116403
0.0109361
0.0102013
0.00951018
0.00891366
0.00843759
0.00808292
0.00784851
0.00772542
-0.0561631
-0.0375023
-0.016393
0.00153627
0.014315
0.0171801
0.0203242
0.0198884
0.0197193
0.0181647
0.0163676
0.0148982
0.0136552
0.0127441
0.0118604
0.0110027
0.0101759
0.00944772
0.00883504
0.00834711
0.00798064
0.00772932
0.00759536
-0.166706
-0.136621
-0.0944981
-0.0493414
-0.00759194
0.0148681
0.0224572
0.0209427
0.0193963
0.0172714
0.0158865
0.0146553
0.0135776
0.0126275
0.0117372
0.0108817
0.0100746
0.00934567
0.0087141
0.00821066
0.00783008
0.00756422
0.00742157
-0.198662
-0.170199
-0.118572
-0.0614441
-0.0108814
0.0148809
0.0210003
0.0205536
0.0195398
0.0183762
0.0171928
0.0156327
0.0140648
0.0126781
0.0115497
0.0105804
0.00976185
0.00905528
0.00845932
0.00798122
0.00761105
0.00734794
0.00720455
-0.0691055
-0.0499243
-0.0202091
0.00854546
0.0286147
0.0332746
0.0266622
0.0204562
0.0171314
0.0166776
0.0151154
0.0137856
0.0126061
0.0117737
0.0110225
0.0102351
0.00945809
0.00874831
0.00815285
0.00769189
0.0073368
0.007082
0.00694008
0.0154488
0.0210165
0.0187672
0.0326298
0.0313517
0.0303694
0.0272977
0.0250035
0.022095
0.0196421
0.0169185
0.0145784
0.0126389
0.0113869
0.0104457
0.00966346
0.00892388
0.00828003
0.00773713
0.00731467
0.00698308
0.00674534
0.00661365
-0.0148043
-0.00516784
0.00388281
0.0128858
0.0184906
0.0196517
0.0172992
0.0136287
0.0119968
0.011879
0.0119174
0.0117474
0.0111163
0.010395
0.00963282
0.00890807
0.0082376
0.00766435
0.00720042
0.00684095
0.00656254
0.00635491
0.0062375
-0.0387625
-0.0303181
-0.0202177
-0.0109674
-0.0025137
0.0011794
0.00426797
0.00249267
0.00388472
0.00458093
0.00584648
0.0069432
0.00752962
0.00785644
0.00773738
0.00750103
0.00717699
0.00685258
0.00654463
0.006281
0.0060588
0.00588456
0.00578395
-0.0278426
-0.0225483
-0.0164442
-0.0104426
-0.00456242
-0.000133991
0.00287624
0.00403603
0.00468568
0.00496793
0.005279
0.00555605
0.00572926
0.00606893
0.0061877
0.00617382
0.00603691
0.00588951
0.00573686
0.00559671
0.00546479
0.00534544
0.00527364
-0.00995333
-0.00933736
-0.00892018
-0.00869584
-0.00811145
-0.00709745
-0.00555748
-0.00375497
-0.00195466
-0.000384468
0.000945321
0.00204557
0.00293988
0.00375371
0.00437518
0.00476536
0.00494706
0.00499247
0.00496243
0.00490271
0.00483093
0.00474828
0.00469758
-0.00710762
-0.0068276
-0.0067864
-0.00678542
-0.00653091
-0.00583728
-0.00470262
-0.00337862
-0.00205535
-0.000892504
0.00016493
0.00110045
0.0018586
0.00250964
0.00300343
0.00340475
0.00370794
0.0039217
0.00404148
0.00411076
0.00412389
0.00409311
0.00406684
-0.00904976
-0.0079712
-0.00673516
-0.00536303
-0.0039449
-0.00292316
-0.00183592
-0.0011213
-0.000479207
0.000103422
0.000678852
0.00118834
0.0016051
0.00197311
0.00228149
0.00256422
0.00281188
0.0030217
0.00319083
0.0033165
0.00337995
0.00338389
0.00338333
-0.00615401
-0.00571688
-0.00524459
-0.0047631
-0.00420846
-0.00379775
-0.00337571
-0.00297267
-0.00243662
-0.00178416
-0.00106843
-0.000354515
0.000306299
0.000900684
0.00136718
0.0017298
0.00202091
0.00225209
0.00243414
0.00256321
0.00263283
0.00265652
0.00266616
-0.00319884
-0.00295524
-0.00264846
-0.00227558
-0.0018407
-0.00148973
-0.00122063
-0.00107061
-0.000876804
-0.000628281
-0.000323191
2.83021e-05
0.000356156
0.000727832
0.00101426
0.00123989
0.00140828
0.00155513
0.00167351
0.0017823
0.00185448
0.00189689
0.00191977
-0.00189395
-0.00179529
-0.00163907
-0.00141263
-0.00112781
-0.000829651
-0.000552143
-0.000332504
-0.000128375
5.40615e-05
0.000211627
0.000337681
0.000411219
0.000536132
0.000660142
0.000805645
0.000915465
0.000993815
0.00104301
0.00108926
0.00112115
0.00113958
0.0011545
-0.000511918
-0.000577297
-0.00065983
-0.000748431
-0.000817566
-0.000843564
-0.000800626
-0.000696814
-0.00053185
-0.000371515
-0.000222611
-0.000105979
-2.28363e-05
5.64814e-05
0.000120329
0.000197169
0.000266103
0.00031995
0.000357628
0.000387686
0.000396587
0.000392513
0.000392667
-0.16329
-0.135012
-0.109041
-0.0884547
-0.0705026
-0.0558964
-0.0435787
-0.0335078
-0.0251982
-0.0183109
-0.0126586
-0.00800377
-0.00416614
-0.00101173
0.00157099
0.00365797
0.00534241
0.00668293
0.00773434
0.00853979
0.0091212
0.00950097
0.0096921
-0.174845
-0.141604
-0.112737
-0.0901668
-0.0713801
-0.0559969
-0.0432701
-0.0330353
-0.024662
-0.0177975
-0.0122386
-0.0076811
-0.00393765
-0.000870972
0.0016361
0.0036643
0.00530885
0.00662339
0.00765999
0.00845796
0.00903803
0.00942168
0.00961723
-0.187117
-0.148688
-0.115859
-0.0917121
-0.0721187
-0.0560094
-0.0430081
-0.0326456
-0.0241899
-0.017329
-0.011844
-0.00735373
-0.00369221
-0.000707098
0.00172691
0.0036963
0.00529885
0.00658328
0.00760102
0.00838762
0.00896292
0.00934704
0.00954481
-0.197032
-0.154482
-0.119563
-0.0949587
-0.0740623
-0.0568913
-0.0434496
-0.0327737
-0.0240755
-0.017136
-0.0116497
-0.00715457
-0.00353122
-0.000589434
0.00179648
0.0037239
0.00529376
0.00655194
0.0075516
0.00832605
0.00889504
0.0092771
0.00947509
-0.209451
-0.159937
-0.123285
-0.0977081
-0.0752834
-0.057591
-0.0439859
-0.0330661
-0.0241518
-0.0171734
-0.0116427
-0.00710188
-0.0034856
-0.000550818
0.00181204
0.00372073
0.00527296
0.00651476
0.00750208
0.00826734
0.00883087
0.00921027
0.00940761
-0.215372
-0.163436
-0.128316
-0.101122
-0.0770294
-0.0589172
-0.044933
-0.033627
-0.024474
-0.0174747
-0.0118341
-0.00722783
-0.0035789
-0.000615368
0.0017523
0.00366977
0.00522178
0.00646069
0.00744448
0.00820636
0.00876793
0.009146
0.00934282
-0.226373
-0.167962
-0.13218
-0.103082
-0.0784675
-0.0603262
-0.0459863
-0.0343487
-0.0251046
-0.018069
-0.0122526
-0.00757795
-0.0038505
-0.000831545
0.00157899
0.00353887
0.00511541
0.00637264
0.00736809
0.00813707
0.00870265
0.00908257
0.00928012
-0.232414
-0.17706
-0.139536
-0.10783
-0.0824873
-0.063604
-0.0484408
-0.0361796
-0.0267057
-0.0193413
-0.0132353
-0.00838968
-0.00447317
-0.00132241
0.00120881
0.00326477
0.00491073
0.00622217
0.0072547
0.00804865
0.00863006
0.00901834
0.00921928
0.00936563
-0.0175599
-0.0429709
-0.0692145
-0.0963493
-0.122291
-0.146495
-0.16871
0.011514
-0.0182748
-0.0472929
-0.0771019
-0.107452
-0.136454
-0.163224
-0.187069
0.0125787
-0.0218789
-0.0556211
-0.089088
-0.122022
-0.153111
-0.18157
-0.207103
0.0118713
-0.0275832
-0.0659682
-0.102935
-0.138315
-0.171426
-0.201761
-0.229375
0.00889968
-0.0351999
-0.0779234
-0.118501
-0.156706
-0.192268
-0.224836
-0.254515
0.00365876
-0.0450661
-0.092191
-0.136748
-0.178309
-0.216688
-0.251557
-0.28312
-0.00397661
-0.0578179
-0.109785
-0.158768
-0.204112
-0.245507
-0.282645
-0.315862
-0.0146375
-0.0743966
-0.13183
-0.185683
-0.235116
-0.279654
-0.319037
-0.353632
-0.029466
-0.0960926
-0.159704
-0.218917
-0.272676
-0.320362
-0.361979
-0.397593
-0.0500896
-0.124639
-0.195247
-0.26039
-0.318858
-0.369835
-0.413265
-0.44921
-0.0787573
-0.16241
-0.241028
-0.312768
-0.376142
-0.43053
-0.47519
-0.510352
-0.118627
-0.212573
-0.300273
-0.379683
-0.448425
-0.505472
-0.549843
-0.582208
-0.174785
-0.280389
-0.377285
-0.464015
-0.537394
-0.595048
-0.636579
-0.662624
-0.250772
-0.370004
-0.479176
-0.570312
-0.641863
-0.69388
-0.726048
-0.739
-0.322148
-0.447744
-0.555175
-0.642569
-0.708306
-0.751838
-0.774309
-0.778397
0.184575
0.176886
0.164995
0.1489
0.128749
0.104797
0.0778052
0.0460384
0.199051
0.189996
0.176003
0.157273
0.134263
0.106846
0.0770195
0.0443619
0.215357
0.205144
0.189418
0.168491
0.143217
0.113346
0.0811744
0.0477542
0.233883
0.222727
0.205509
0.182516
0.154969
0.122723
0.0874082
0.050942
0.25463
0.242523
0.223724
0.198422
0.168034
0.132752
0.0934181
0.052409
0.277462
0.264212
0.243496
0.215453
0.181493
0.14233
0.0983464
0.0520373
0.30228
0.287641
0.264579
0.233289
0.19506
0.151175
0.102001
0.0499061
0.32904
0.312772
0.2869
0.251802
0.208634
0.159169
0.104099
0.0455962
0.357661
0.339514
0.310323
0.270748
0.221895
0.165889
0.103927
0.0381151
0.387874
0.367545
0.334438
0.289551
0.234083
0.170396
0.100281
0.02598
0.419074
0.396164
0.35841
0.307158
0.243874
0.171132
0.0913441
0.00710964
0.450055
0.424048
0.380744
0.321828
0.249221
0.165752
0.0744727
-0.0214634
0.478778
0.448988
0.398951
0.330691
0.246834
0.150525
0.045546
-0.0643262
0.501175
0.466944
0.409097
0.329728
0.23242
0.120892
-3.09348e-05
-0.125752
0.519431
0.480828
0.415654
0.326535
0.216603
0.0903174
-0.0459002
-0.185928
0.0264761
0.0264275
0.0263887
0.0263587
0.0263379
0.0263205
0.0263127
0.0263013
0.0308862
0.0307983
0.0306851
0.0305484
0.0303919
0.0302187
0.0300309
0.029836
0.0272248
0.0271773
0.0271476
0.0271335
0.0271343
0.0271413
0.0271553
0.0271703
0.0311422
0.0310334
0.0308956
0.0307328
0.0305494
0.0303509
0.0301447
0.0299406
0.0287145
0.0286533
0.028618
0.0286038
0.0286078
0.0286229
0.0286463
0.0286727
0.033004
0.0328694
0.0327022
0.0325079
0.0322917
0.0320602
0.0318183
0.0315973
0.0312368
0.0311493
0.0310941
0.0310838
0.0310638
0.0310765
0.031079
0.0311309
0.0356368
0.0354475
0.0352237
0.0349736
0.0347001
0.0344397
0.0341502
0.0339531
0.0349801
0.0348386
0.0347307
0.0346459
0.0345793
0.0345313
0.0344753
0.0344621
0.039457
0.0392636
0.0389935
0.0387109
0.0383927
0.0381041
0.0377522
0.0375631
0.0402191
0.03997
0.0397517
0.0395568
0.0393735
0.0392436
0.0390541
0.0390365
0.04503
0.0446671
0.0442906
0.0439527
0.0435071
0.0432375
0.0427296
0.0426789
0.0475296
0.0471644
0.0467902
0.0464763
0.0460613
0.0458748
0.0454073
0.0453289
0.0531067
0.0527033
0.0520401
0.0516365
0.0508048
0.0505993
0.0496053
0.0495854
0.0578149
0.0572065
0.0565264
0.055933
0.0551645
0.054603
0.0536238
0.0532279
0.0650794
0.064359
0.0634985
0.062757
0.0615936
0.0607966
0.0590881
0.0584548
0.0723883
0.0713044
0.070036
0.0687116
0.0670238
0.0655391
0.0634369
0.0619753
0.0822796
0.0810042
0.0794947
0.0778827
0.0755956
0.0736029
0.0703448
0.0681937
0.0931766
0.0912992
0.0889453
0.0861762
0.0827508
0.0791279
0.074746
0.0702948
0.107062
0.104731
0.101734
0.0980827
0.0934331
0.0883665
0.0819198
0.0753905
0.12281
0.119445
0.114974
0.109202
0.102189
0.0937455
0.0845461
0.0729983
0.142214
0.137967
0.132035
0.12415
0.114276
0.102615
0.0884428
0.0733383
0.164435
0.158575
0.149833
0.138008
0.122913
0.105119
0.0844411
0.0601414
0.0262878
0.0262785
0.0262876
0.0263159
0.0263668
0.0264345
0.0264714
0.0264546
0.0263579
0.0261635
0.0258595
0.0254434
0.0249243
0.0243246
0.0236736
0.0230032
0.0223367
0.0216903
0.0210783
0.0205185
0.0200376
0.0196681
0.0194502
0.029577
0.0292225
0.0287907
0.0282716
0.0276573
0.0270214
0.0264074
0.0258327
0.0253189
0.0248764
0.0245032
0.0241843
0.0238898
0.0235499
0.0231172
0.0225984
0.0220217
0.0214232
0.020836
0.0202895
0.0198175
0.0194557
0.0192417
0.027197
0.0272343
0.0272891
0.0273634
0.02741
0.0273465
0.0271704
0.0268863
0.0264831
0.0259638
0.0253494
0.0246761
0.0240066
0.0233851
0.0228036
0.0222352
0.0216455
0.0210423
0.0204535
0.0199111
0.0194459
0.019095
0.018891
0.0296468
0.0292486
0.0287696
0.028228
0.0277314
0.0272802
0.0268652
0.0264706
0.0260821
0.02568
0.0252346
0.0246878
0.0240176
0.0232749
0.0225611
0.0218765
0.0212129
0.020571
0.019966
0.0194232
0.018966
0.0186277
0.0184381
0.0286935
0.0286916
0.0287049
0.0286773
0.0285354
0.0282989
0.027949
0.027478
0.0268942
0.0262179
0.0254936
0.0247484
0.0239753
0.0231591
0.0223239
0.0215044
0.0207342
0.0200312
0.0194018
0.0188586
0.0184112
0.018088
0.0179161
0.0312279
0.0306888
0.0300678
0.0294814
0.0289344
0.0283939
0.0278565
0.0273071
0.026739
0.0260998
0.0253805
0.0245875
0.0237417
0.0228476
0.0219263
0.0210234
0.020181
0.0194276
0.0187783
0.0182398
0.0178098
0.0175073
0.0173555
0.031089
0.03098
0.0308404
0.0305671
0.0301694
0.0296352
0.028961
0.0281617
0.0272728
0.0263306
0.0253572
0.0243652
0.0233654
0.0223647
0.0213761
0.0204247
0.0195449
0.0187673
0.0181123
0.0175871
0.017183
0.0169057
0.0167745
0.0334895
0.0328191
0.0320752
0.031365
0.030634
0.02989
0.0291031
0.0282496
0.0273021
0.0262545
0.0251272
0.0239609
0.0228013
0.0216876
0.0206401
0.019669
0.0187947
0.0180366
0.0174081
0.0169153
0.0165481
0.0162993
0.0161865
0.0343073
0.033945
0.0334702
0.032855
0.0320589
0.0310886
0.029964
0.028732
0.0274309
0.0260872
0.0247226
0.0233661
0.0220601
0.0208457
0.0197515
0.0187829
0.0179456
0.0172424
0.0166728
0.016236
0.0159218
0.0157082
0.0156121
0.0369755
0.0359411
0.0349251
0.0338481
0.0327267
0.0315146
0.030201
0.0287765
0.0272593
0.0256893
0.0241138
0.0225898
0.0211684
0.0198887
0.0187744
0.0178299
0.0170512
0.016424
0.0159324
0.0155653
0.0153161
0.0151438
0.0150653
0.038648
0.0377668
0.0367945
0.0356264
0.0342175
0.032608
0.030848
0.0289888
0.0270802
0.0251787
0.0233446
0.0216373
0.020108
0.0187873
0.0176854
0.0167987
0.0161102
0.0155872
0.0151925
0.0149061
0.014726
0.0145987
0.014542
0.0418138
0.0401636
0.0385721
0.0367815
0.0348812
0.0328394
0.0306695
0.0284233
0.0261785
0.0240174
0.0220139
0.0202295
0.0186977
0.0174325
0.016425
0.0156597
0.015108
0.0147226
0.0144475
0.0142557
0.0141475
0.0140683
0.0140362
0.0443374
0.0426079
0.0406703
0.0384321
0.0359109
0.0332306
0.0304863
0.0277623
0.0251456
0.022723
0.0205705
0.0187345
0.0172301
0.016048
0.0151599
0.0145329
0.0141254
0.0138796
0.0137263
0.0136314
0.0135929
0.0135622
0.0135534
0.0477643
0.0451492
0.04237
0.0394397
0.036367
0.0331611
0.0298988
0.0267193
0.0237546
0.0211154
0.01887
0.0170474
0.0156332
0.0145886
0.0138631
0.0134028
0.013153
0.0130511
0.0130248
0.0130322
0.0130657
0.0130876
0.013103
0.0512365
0.0480191
0.0444012
0.0404178
0.0362717
0.0321601
0.0282352
0.0246316
0.0214632
0.0187872
0.0166249
0.0149659
0.0137655
0.0129601
0.0124734
0.01223
0.0121652
0.0122213
0.0123333
0.0124518
0.0125642
0.0126467
0.0126898
0.0549239
0.0501645
0.0452653
0.0402761
0.0352511
0.0303696
0.0258872
0.0219717
0.0187047
0.0161038
0.0141403
0.0127472
0.0118394
0.0113258
0.0111097
0.0111006
0.0112253
0.0114337
0.0116765
0.0119016
0.0120921
0.0122373
0.0123096
0.0580404
0.0521777
0.0459382
0.0396015
0.0335123
0.0279043
0.0229995
0.0188965
0.0156365
0.0132032
0.0115174
0.0104597
0.00989954
0.00971298
0.00978649
0.0100206
0.0103373
0.0106935
0.0110579
0.0113825
0.0116474
0.0118538
0.011955
0.0615096
0.0530164
0.0448326
0.0370781
0.0299997
0.02389
0.0188743
0.0149258
0.0119873
0.00996277
0.00871635
0.00809419
0.00794053
0.00811441
0.00849534
0.00898162
0.009496
0.010002
0.0104818
0.0108988
0.0112331
0.0114943
0.0116221
0.0624777
0.0523845
0.0424607
0.0333526
0.025445
0.0189825
0.0139622
0.0102989
0.00784651
0.00639607
0.00572838
0.0056409
0.00595381
0.00652071
0.00722635
0.00797519
0.0086968
0.00935959
0.0099543
0.010459
0.0108582
0.0111651
0.0113164
0.0632346
0.048762
0.0368599
0.0268734
0.0187661
0.0125308
0.00798712
0.00496041
0.00323988
0.00254298
0.00258625
0.00312512
0.00396136
0.00495252
0.00599737
0.00701473
0.00794824
0.00877099
0.00948077
0.01007
0.0105304
0.0108759
0.0110485
0.0580252
0.0421342
0.0291466
0.0186345
0.010689
0.00503024
0.00131035
-0.000774079
-0.00155896
-0.00138968
-0.00057483
0.0006245
0.00200415
0.00342953
0.00481593
0.00610032
0.00724384
0.00822626
0.0090524
0.0097267
0.010247
0.0106301
0.0108252
0.0492419
0.0302567
0.0173302
0.00745041
0.000471201
-0.00406017
-0.00651138
-0.00728445
-0.00684813
-0.00561506
-0.00391031
-0.0019844
-2.20859e-05
0.00186285
0.00360826
0.00517089
0.00653183
0.00768298
0.00863561
0.00940389
0.00999085
0.0104191
0.0106423
0.0288283
0.0141946
0.00224791
-0.00633859
-0.0118529
-0.0147713
-0.0155392
-0.014704
-0.0128289
-0.0103635
-0.0076457
-0.0049058
-0.00229667
9.96069e-05
0.00224813
0.00412609
0.0057362
0.00708321
0.00818672
0.00906912
0.00973821
0.0102263
0.010486
0.00553372
-0.00354085
-0.0126614
-0.019698
-0.0238254
-0.0251938
-0.0243331
-0.0219477
-0.0186757
-0.0150071
-0.0112897
-0.00774003
-0.00448519
-0.00157851
0.000970624
0.00316398
0.00501993
0.00655739
0.00780619
0.0087965
0.00954141
0.0100795
0.0103694
-0.0196681
-0.0262319
-0.0308262
-0.0341988
-0.0351925
-0.033856
-0.0308064
-0.0267414
-0.0222078
-0.0176037
-0.0131961
-0.0091387
-0.0055119
-0.00232953
0.000421803
0.00276536
0.00473038
0.00634655
0.00765156
0.00867979
0.00944743
0.00999077
0.0102839
-0.044152
-0.0515515
-0.0512978
-0.0489045
-0.0449211
-0.0398721
-0.0342608
-0.0285241
-0.0229605
-0.0177625
-0.0130406
-0.00884121
-0.00517619
-0.00200887
0.000699221
0.00298767
0.00489422
0.00645485
0.00771089
0.00869683
0.00942803
0.00993131
0.0102005
-0.0664333
-0.0709158
-0.0659712
-0.0599013
-0.0522492
-0.0443445
-0.0367026
-0.0296004
-0.0231773
-0.0174796
-0.012504
-0.00821179
-0.00454408
-0.00142834
0.00119582
0.00338604
0.00519341
0.00666178
0.00783667
0.00875405
0.00942808
0.00987829
0.0101145
-0.0890541
-0.0866755
-0.0760966
-0.067296
-0.0573745
-0.0478575
-0.038971
-0.0309354
-0.0238429
-0.0176852
-0.0124154
-0.00795671
-0.00420572
-0.00106715
0.00153437
0.00367307
0.00541618
0.0068175
0.007928
0.00878782
0.00941213
0.00981832
0.0100261
-0.110829
-0.101456
-0.0859242
-0.0742041
-0.0619597
-0.0510083
-0.0410862
-0.0323255
-0.0247226
-0.0182004
-0.0126764
-0.00804917
-0.00419319
-0.000993245
0.00163618
0.00377331
0.00549706
0.00686936
0.0079464
0.00877297
0.00936713
0.00974762
0.00993797
-0.131303
-0.115151
-0.0952883
-0.0803167
-0.0656782
-0.0533885
-0.042574
-0.0332727
-0.0253344
-0.0185898
-0.0129215
-0.00819852
-0.00428214
-0.00104634
0.0016056
0.00374945
0.00547108
0.00683523
0.00790034
0.00871355
0.00929574
0.00966781
0.00985222
-0.148626
-0.126228
-0.103237
-0.0853956
-0.068784
-0.0551855
-0.0434802
-0.0336891
-0.0254973
-0.0186304
-0.0129255
-0.00820063
-0.00429453
-0.00107576
0.00156168
0.00369121
0.00540312
0.00676023
0.0078202
0.00862934
0.00920994
0.00958419
0.00977036
)
;

boundaryField
{
    outlet
    {
        type            fixedValue;
        value           uniform 0;
    }
    upperWall
    {
        type            symmetryPlane;
    }
    lowerWall
    {
        type            symmetryPlane;
    }
    inlet
    {
        type            zeroGradient;
    }
    cylinder
    {
        type            zeroGradient;
    }
    frontAndBack
    {
        type            empty;
    }
}


// ************************************************************************* //
