/*--------------------------------*- C++ -*----------------------------------*\
| =========                 |                                                 |
| \\      /  F ield         | OpenFOAM: The Open Source CFD Toolbox           |
|  \\    /   O peration     | Version:  2312                                  |
|   \\  /    A nd           | Website:  www.openfoam.com                      |
|    \\/     M anipulation  |                                                 |
\*---------------------------------------------------------------------------*/
FoamFile
{
    version     2.0;
    format      ascii;
    arch        "LSB;label=32;scalar=64";
    class       volScalarField;
    location    "61.25";
    object      p;
}
// * * * * * * * * * * * * * * * * * * * * * * * * * * * * * * * * * * * * * //

dimensions      [0 2 -2 0 0 0 0];

internalField   nonuniform List<scalar> 
5478
(
-0.553845
-0.549998
-0.54714
-0.546067
-0.54706
-0.547892
-0.544638
-0.533594
-0.512593
-0.481698
-0.443334
-0.399992
-0.355589
-0.309431
-0.26378
-0.561585
-0.556742
-0.55204
-0.54792
-0.543733
-0.536732
-0.524123
-0.50431
-0.477224
-0.444455
-0.408008
-0.370052
-0.331765
-0.293599
-0.257724
-0.573441
-0.567313
-0.5604
-0.552255
-0.540922
-0.524699
-0.503097
-0.476568
-0.446319
-0.413715
-0.380022
-0.346085
-0.312575
-0.279917
-0.248302
-0.590297
-0.58193
-0.571808
-0.557659
-0.537361
-0.511848
-0.482936
-0.452088
-0.420293
-0.388272
-0.356487
-0.32537
-0.295197
-0.266189
-0.238911
-0.612484
-0.599868
-0.585326
-0.562688
-0.532383
-0.498601
-0.464208
-0.430408
-0.397625
-0.365993
-0.335591
-0.306472
-0.278605
-0.252242
-0.226971
-0.639121
-0.620376
-0.598649
-0.565198
-0.524972
-0.484269
-0.445663
-0.409667
-0.376119
-0.344757
-0.315366
-0.28777
-0.261853
-0.237515
-0.214266
-0.665949
-0.641465
-0.608049
-0.562298
-0.513194
-0.466945
-0.425108
-0.387469
-0.3534
-0.322352
-0.293894
-0.267701
-0.243506
-0.221137
-0.199877
-0.686694
-0.657503
-0.609544
-0.55142
-0.494865
-0.44432
-0.400182
-0.361529
-0.327352
-0.296868
-0.269483
-0.244754
-0.222404
-0.20216
-0.183425
-0.419945
-0.423395
-0.426079
-0.429998
-0.435568
-0.442244
-0.4496
-0.456813
-0.462859
-0.466762
-0.467948
-0.466533
-0.463309
-0.459554
-0.45635
-0.444665
-0.448719
-0.453308
-0.460166
-0.469122
-0.479692
-0.491502
-0.502615
-0.510816
-0.51362
-0.508951
-0.495762
-0.473836
-0.44613
-0.413528
-0.470886
-0.474905
-0.480828
-0.490002
-0.502357
-0.517283
-0.532756
-0.547481
-0.557738
-0.559411
-0.548816
-0.524328
-0.483749
-0.434874
-0.371156
-0.495642
-0.498939
-0.505373
-0.515791
-0.529968
-0.54712
-0.565473
-0.58214
-0.592857
-0.592407
-0.574372
-0.540946
-0.485011
-0.420371
-0.340082
-0.516319
-0.518304
-0.524271
-0.534493
-0.548658
-0.565867
-0.584222
-0.599776
-0.607839
-0.602445
-0.578859
-0.536638
-0.474536
-0.402752
-0.323398
-0.531586
-0.53191
-0.536321
-0.544772
-0.556987
-0.571973
-0.587429
-0.599405
-0.602423
-0.590785
-0.561388
-0.51422
-0.452445
-0.384135
-0.311864
-0.541668
-0.54032
-0.54234
-0.547763
-0.5565
-0.567602
-0.578626
-0.584757
-0.580605
-0.561885
-0.527225
-0.478972
-0.4213
-0.362036
-0.29976
-0.548173
-0.545406
-0.54476
-0.546666
-0.551552
-0.55827
-0.56314
-0.561334
-0.548638
-0.522887
-0.485059
-0.437986
-0.386471
-0.334793
-0.283509
-0.470344
-0.503565
-0.458469
-0.359471
-0.258944
-0.205798
-0.20162
-0.222762
-0.229311
-0.183355
-0.144171
-0.1181
-0.097505
-0.0911861
-0.0973747
-0.115668
-0.117044
-0.0932355
-0.0742322
-0.0842253
-0.0970934
-0.0888604
-0.037191
-0.00236661
-0.00655488
-0.020658
-0.0448931
-0.0725482
-0.0779195
-0.0661864
-0.042996
-0.0194044
-0.00589433
0.000231543
0.0030208
0.0030935
0.00194655
0.000836603
-0.38528
-0.380253
-0.335116
-0.276812
-0.230712
-0.206856
-0.220513
-0.261099
-0.265893
-0.200632
-0.145725
-0.11483
-0.0905361
-0.0790652
-0.0862722
-0.108845
-0.111591
-0.087052
-0.0675669
-0.0751288
-0.0903063
-0.0877677
-0.0400186
-0.00288732
-0.00747852
-0.0241912
-0.0522147
-0.0813682
-0.0841494
-0.0692349
-0.0443394
-0.0199033
-0.00602078
0.000226217
0.00307238
0.0031669
0.0020035
0.000893994
-0.299216
-0.257121
-0.205398
-0.174695
-0.17801
-0.18744
-0.220712
-0.283905
-0.286783
-0.21081
-0.144391
-0.111419
-0.0873841
-0.0723401
-0.0772223
-0.101225
-0.105218
-0.0819713
-0.0623947
-0.0672544
-0.0844429
-0.0863679
-0.0438753
-0.00414135
-0.00832135
-0.0272533
-0.0591417
-0.0898124
-0.0903159
-0.0724556
-0.0459436
-0.0206804
-0.00633794
5.87127e-05
0.00297287
0.00314389
0.00203614
0.000942825
-0.231143
-0.162449
-0.0940748
-0.0500165
-0.0792356
-0.131112
-0.198266
-0.284289
-0.28805
-0.212765
-0.142082
-0.10809
-0.0858255
-0.0699687
-0.0714384
-0.0942062
-0.0994508
-0.0785536
-0.0587689
-0.0606214
-0.0796868
-0.0846707
-0.0482294
-0.00578732
-0.00909407
-0.0298383
-0.0651594
-0.0975155
-0.0962498
-0.0757613
-0.0477441
-0.0216827
-0.00681608
-0.000235374
0.00273973
0.00302705
0.00203967
0.000973895
-0.212294
-0.105531
-0.0272115
0.0488248
0.0435772
-0.0481774
-0.155309
-0.26121
-0.26897
-0.203064
-0.137153
-0.103767
-0.0842024
-0.070941
-0.0706607
-0.0904238
-0.0938124
-0.0769452
-0.0568969
-0.0556467
-0.0761615
-0.0830879
-0.0526659
-0.00799986
-0.00913131
-0.031502
-0.070691
-0.104634
-0.101969
-0.0790974
-0.0496836
-0.0228494
-0.00742618
-0.0006141
0.00240851
0.00283214
0.00200895
0.00098016
-0.216778
-0.112194
-0.0242778
0.0764625
0.125138
0.0214957
-0.109957
-0.218099
-0.232565
-0.182686
-0.129049
-0.0985133
-0.0804873
-0.0730277
-0.0725732
-0.0908098
-0.0911993
-0.078302
-0.0569436
-0.0520983
-0.0732424
-0.081791
-0.0571067
-0.010958
-0.00935253
-0.0328147
-0.0746655
-0.110338
-0.107025
-0.0822989
-0.0516922
-0.024139
-0.00814477
-0.00104979
0.00201953
0.00258263
0.00194034
0.00095942
-0.221227
-0.130321
-0.0514629
0.0502316
0.136815
0.0787326
-0.0585317
-0.171946
-0.199481
-0.165788
-0.123027
-0.0949454
-0.0756377
-0.0716471
-0.0776297
-0.0929132
-0.0878917
-0.0808097
-0.0602682
-0.0509298
-0.0715532
-0.0809015
-0.0615663
-0.0161762
-0.00830113
-0.0326082
-0.0783634
-0.115634
-0.111796
-0.085513
-0.0539266
-0.0256632
-0.00900849
-0.00154884
0.00159722
0.0022999
0.00183299
0.000914631
-0.230641
-0.162395
-0.0926165
-0.0145255
0.0803038
0.0822904
-0.00107931
-0.0991211
-0.142916
-0.130696
-0.107931
-0.0896694
-0.0697683
-0.0646414
-0.0800078
-0.108095
-0.0882302
-0.0871489
-0.0657223
-0.0507941
-0.0694849
-0.0796088
-0.0615539
-0.0224655
-0.00875573
-0.0323554
-0.079903
-0.118584
-0.115343
-0.0886107
-0.0560942
-0.027188
-0.00987603
-0.00205418
0.0011764
0.00200453
0.00169093
0.000851584
-0.207954
-0.163339
-0.0970767
-0.0268959
0.0487086
0.0759706
0.0136689
-0.0623471
-0.100552
-0.0984864
-0.0848573
-0.0735979
-0.0599708
-0.0550888
-0.0738176
-0.0673181
-0.0823817
-0.0944291
-0.0779778
-0.0543857
-0.0695093
-0.0830648
-0.0606599
-0.0244566
-0.00299992
-0.0298021
-0.0817717
-0.123143
-0.120107
-0.0904402
-0.0567381
-0.0278044
-0.0104061
-0.00248959
0.000736402
0.00165056
0.00148959
0.000758927
-0.168948
-0.135447
-0.0826909
-0.032005
0.0152807
0.0371403
0.0078779
-0.0374138
-0.0632435
-0.064715
-0.0586333
-0.0548323
-0.0456336
-0.0434186
-0.0746446
-0.106711
-0.0898394
-0.106636
-0.0952365
-0.060665
-0.0661401
-0.0783538
-0.0605412
-0.0274032
-0.0144634
-0.0351719
-0.0856588
-0.127225
-0.122312
-0.0908385
-0.0567519
-0.0283471
-0.0110523
-0.00305138
0.000196559
0.00119924
0.00120249
0.000616979
-0.138313
-0.11982
-0.0834325
-0.0452995
-0.0115185
0.00862155
-0.00040185
-0.0248364
-0.0417707
-0.0450551
-0.043936
-0.0420628
-0.0328217
-0.0252645
-0.0546432
-0.0842329
-0.0849908
-0.113921
-0.114277
-0.0683631
-0.0628207
-0.0730888
-0.0600435
-0.0336075
-0.0233758
-0.0425489
-0.0891679
-0.128309
-0.122656
-0.0898942
-0.0561179
-0.0286927
-0.011665
-0.00362181
-0.000327757
0.000757241
0.00089873
0.00046866
-0.11093
-0.100968
-0.0765731
-0.0488954
-0.0252392
-0.00978196
-0.0086976
-0.0198695
-0.0290544
-0.029088
-0.0261994
-0.0231574
-0.0158276
-0.00826709
-0.0267569
-0.0425697
-0.055447
-0.106829
-0.126601
-0.0739498
-0.0583469
-0.063593
-0.056087
-0.0422163
-0.0375234
-0.05115
-0.0896247
-0.124716
-0.118726
-0.0865212
-0.0542239
-0.0285194
-0.0121252
-0.00415904
-0.000826039
0.000332312
0.000574811
0.000323952
-0.0891132
-0.084964
-0.0701465
-0.0509047
-0.0338373
-0.0211673
-0.0157109
-0.0180274
-0.0217016
-0.0205872
-0.0181152
-0.0157696
-0.00469851
0.0087909
0.0104645
0.0188096
-0.000246977
-0.0767126
-0.114086
-0.0718631
-0.0543345
-0.0548126
-0.0503871
-0.0515918
-0.0552132
-0.0599738
-0.0853784
-0.115407
-0.110808
-0.0806874
-0.0510521
-0.0277773
-0.0123953
-0.00463116
-0.00128686
-6.56681e-05
0.00030675
0.000196141
-0.0715357
-0.0698662
-0.0606667
-0.0477348
-0.035325
-0.0255592
-0.0191202
-0.0174782
-0.0173157
-0.0138734
-0.00905495
-0.00387003
0.00697597
0.020428
0.0286175
0.0410622
0.0338541
-0.0352022
-0.0766081
-0.0578184
-0.0453327
-0.0409736
-0.0401721
-0.0590047
-0.0700887
-0.0654612
-0.0760289
-0.100277
-0.0975281
-0.0718633
-0.0463362
-0.0262905
-0.012389
-0.00499669
-0.00169431
-0.000428549
-2.22203e-05
7.98297e-05
-0.0563912
-0.0566082
-0.0514925
-0.0430775
-0.0340934
-0.0263301
-0.0202933
-0.0162396
-0.0136205
-0.00979338
-0.00496383
-0.000630618
0.00919768
0.022309
0.0321192
0.0401909
0.0395142
-0.00539221
-0.0397407
-0.0397247
-0.03617
-0.0309905
-0.0276888
-0.0596396
-0.0818505
-0.0657426
-0.0602898
-0.0782627
-0.0796485
-0.0607447
-0.0403942
-0.0241015
-0.0120704
-0.00522636
-0.0020351
-0.000748484
-0.000229151
-1.47652e-05
-0.0442153
-0.0453731
-0.042556
-0.0370201
-0.0305873
-0.0245742
-0.0192756
-0.0148506
-0.0115316
-0.00755438
-0.00242464
0.00294682
0.0112859
0.0215852
0.0279949
0.0321663
0.0315037
0.00745366
-0.0157669
-0.0234356
-0.0252433
-0.0182748
-0.0132736
-0.0473407
-0.0750508
-0.0544592
-0.0400822
-0.0549965
-0.0604456
-0.0488002
-0.0338763
-0.0213804
-0.0114218
-0.00528577
-0.0022874
-0.00101857
-0.000514182
-0.000101984
-0.0343445
-0.0357607
-0.034304
-0.030731
-0.0262238
-0.0216181
-0.0172445
-0.0131876
-0.00958077
-0.00571809
-0.00110584
0.00343174
0.0093642
0.0167796
0.0215068
0.0235552
0.0224773
0.0106765
-0.00367093
-0.0114988
-0.0150226
-0.00943012
-0.00346468
-0.0223959
-0.0381254
-0.027422
-0.0199678
-0.035443
-0.0444909
-0.0375177
-0.0272474
-0.0181376
-0.0103297
-0.00509408
-0.00240891
-0.00120889
-0.000647055
-0.000160402
-0.0262362
-0.0276644
-0.0270034
-0.0246898
-0.0215287
-0.0180812
-0.0146223
-0.0112279
-0.00797821
-0.00468572
-0.000933161
0.00301385
0.00752122
0.0125421
0.016004
0.017052
0.0158235
0.00999453
0.0017759
-0.00444592
-0.00700211
-0.00299901
0.00251116
-0.00210741
-0.00820046
-0.0034778
-0.00565037
-0.0210183
-0.0290221
-0.0265445
-0.0206227
-0.0147519
-0.00907068
-0.00479409
-0.00245887
-0.00134538
-0.000976776
-0.00021311
-0.0196208
-0.0209111
-0.0206675
-0.0191633
-0.016968
-0.0144985
-0.0118975
-0.0092255
-0.00654404
-0.00382052
-0.000839297
0.00228476
0.00549057
0.00877753
0.011203
0.0119973
0.0111625
0.00827599
0.00380114
1.60696e-07
-0.00174949
0.000715204
0.00503443
0.00619752
0.00399474
0.00676025
0.00107532
-0.0113889
-0.0183546
-0.0184668
-0.0152961
-0.0116642
-0.00768106
-0.00433093
-0.00240252
-0.00136695
-0.000288666
-0.00018606
-0.0142527
-0.0153416
-0.0153261
-0.0143938
-0.012935
-0.0111721
-0.00924445
-0.00722013
-0.00514751
-0.00304277
-0.000834752
0.00148306
0.00379158
0.00601497
0.00772211
0.0084651
0.00807423
0.0066475
0.00444411
0.00237492
0.00146833
0.00284647
0.00574049
0.00747069
0.00698738
0.00819533
0.0030729
-0.00587376
-0.0110357
-0.0118719
-0.0105132
-0.00857038
-0.00607334
-0.00367529
-0.00222976
-0.00138733
-0.000784572
-0.000245884
-0.00988486
-0.0107935
-0.0109061
-0.0103346
-0.00934672
-0.00813487
-0.00678676
-0.00534137
-0.0038366
-0.00229507
-0.000705999
0.000963011
0.00260691
0.00415286
0.00541247
0.00601527
0.00597349
0.00538492
0.00440779
0.00339172
0.00304101
0.0036712
0.00533214
0.00666504
0.0067392
0.00698388
0.00307575
-0.00289274
-0.00650111
-0.00798933
-0.00708135
-0.00613011
-0.00469285
-0.00304649
-0.00201682
-0.00133705
-0.000570614
-0.000202907
-0.00637983
-0.00710974
-0.00726578
-0.00693469
-0.00630975
-0.00552457
-0.00462341
-0.00362555
-0.00257511
-0.00149637
-0.000403749
0.000741196
0.00187481
0.00294125
0.00381088
0.00436787
0.00456533
0.0044175
0.00408312
0.00368641
0.00360998
0.00394602
0.00477498
0.00556593
0.00560413
0.00538851
0.0026487
-0.00114757
-0.0033208
-0.00397732
-0.00407817
-0.00379851
-0.00320709
-0.00230062
-0.00174173
-0.00129301
-0.000836791
-0.000272405
-0.00355462
-0.00412905
-0.00431024
-0.00415563
-0.00379247
-0.00330727
-0.00272922
-0.00207412
-0.00138052
-0.000667965
4.72087e-05
0.000805267
0.00156447
0.00229552
0.002902
0.00336941
0.00364831
0.00373269
0.00372795
0.00361936
0.00366789
0.00382313
0.00418885
0.00454688
0.00445671
0.00409877
0.00224861
-4.91039e-05
-0.00131236
-0.00190487
-0.00196969
-0.00202223
-0.0019528
-0.00152793
-0.00132929
-0.00108409
-0.000516099
-0.000164438
-0.0012834
-0.00174226
-0.00193448
-0.001895
-0.00171022
-0.00143852
-0.00109886
-0.000698352
-0.000271459
0.000169309
0.000602792
0.00107367
0.00155657
0.00204425
0.00246979
0.00281924
0.00309378
0.00324973
0.00337275
0.00338158
0.00347559
0.00354083
0.00365759
0.00381206
0.00361011
0.00327985
0.00203911
0.00069963
9.56982e-05
-0.00033693
-0.000318741
-0.000482017
-0.000865651
-0.000912505
-0.00102186
-0.000953464
-0.000663686
-0.000221513
0.000513002
0.000152503
-3.32428e-05
-6.87799e-05
-9.63568e-06
0.000110605
0.000282084
0.000501021
0.000738435
0.000985972
0.00122538
0.00149771
0.00178004
0.00208163
0.0023486
0.0026005
0.00282796
0.00298744
0.00314374
0.00319213
0.00328437
0.00328981
0.00329737
0.00332704
0.00310148
0.00284447
0.00205144
0.00130714
0.00102994
0.000686517
0.000832213
0.000756583
0.0002989
-8.64559e-06
-0.000386314
-0.000529353
-0.000220666
-4.8971e-05
0.00193937
0.0016513
0.00147221
0.00138967
0.00136916
0.00139124
0.00144967
0.0015445
0.00164778
0.00176009
0.00185988
0.00198936
0.00212611
0.0022918
0.00244549
0.00259292
0.00275286
0.00287513
0.00301817
0.00305868
0.00312233
0.00309835
0.0030433
0.00305904
0.00286306
0.00269919
0.00221108
0.00179447
0.00178032
0.00148571
0.00170564
0.00169142
0.00106932
0.000555879
7.22635e-05
-0.000174431
-0.0001885
-6.02735e-05
0.00305944
0.00282842
0.00266074
0.00255301
0.00248041
0.00243735
0.00241678
0.00242829
0.00244216
0.00246446
0.00247616
0.00251163
0.00255603
0.00261354
0.00269084
0.00276223
0.00286894
0.00294608
0.00304884
0.00307918
0.00309565
0.00306823
0.00297727
0.00297936
0.002841
0.00272521
0.00249246
0.00226463
0.00235585
0.00239337
0.00245191
0.00250723
0.00204776
0.00144933
0.00088914
0.000505113
0.000356361
0.000148393
0.00393864
0.00375739
0.0036048
0.0034849
0.00337957
0.00329868
0.00322881
0.00318379
0.00313877
0.00310269
0.00306618
0.00304319
0.00303996
0.00303343
0.00304896
0.00305524
0.00310689
0.00313155
0.00316281
0.00319723
0.00315115
0.00317449
0.00306016
0.00305969
0.00298186
0.0028368
0.00279744
0.00256021
0.00261435
0.00267289
0.00256756
0.00265765
0.00243966
0.00199044
0.00156395
0.00109987
0.000580291
0.000191243
0.00451935
0.00436362
0.00422233
0.00409883
0.00398137
0.00387544
0.0037745
0.00368825
0.00360571
0.00353105
0.00346096
0.0034006
0.00335042
0.00330532
0.00327094
0.00324773
0.00323304
0.00322121
0.00319813
0.00318833
0.00313628
0.00311378
0.00304153
0.00298088
0.00291559
0.00279338
0.0027579
0.00264062
0.00259314
0.00260495
0.00250518
0.00249293
0.00232161
0.00198341
0.0016407
0.00125427
0.000787822
0.000278208
0.00494958
0.00481395
0.0046816
0.00455609
0.00443242
0.00431468
0.004199
0.0040905
0.00398415
0.00388561
0.00379051
0.00370532
0.00362465
0.00355221
0.00348343
0.00342546
0.00337194
0.00332754
0.00327495
0.00323431
0.00318318
0.00314
0.00308429
0.00301905
0.00296617
0.00287109
0.00283299
0.00273949
0.00269669
0.00267633
0.00259286
0.00255296
0.00235636
0.00204598
0.00167294
0.00121031
0.000749518
0.000249145
0.00515351
0.00502391
0.00489429
0.00476839
0.00464277
0.00452003
0.00439661
0.0042782
0.00416157
0.00405365
0.00394768
0.00385149
0.00375529
0.00366986
0.00358353
0.0035106
0.00343773
0.00337599
0.00331082
0.00324993
0.00319186
0.00312854
0.00307534
0.00299941
0.00294996
0.00286156
0.00281328
0.00274551
0.0026679
0.00263738
0.00252839
0.00245689
0.00229201
0.00201268
0.00168042
0.0012415
0.000776905
0.000274037
-0.159415
-0.171075
-0.182072
-0.191338
-0.200015
-0.203327
-0.205906
-0.20445
-0.132523
-0.139531
-0.145663
-0.150757
-0.154014
-0.155839
-0.157788
-0.164179
-0.107989
-0.112068
-0.114903
-0.118156
-0.120565
-0.125031
-0.12827
-0.134591
-0.0882076
-0.0904703
-0.0920303
-0.0950701
-0.0975402
-0.101386
-0.103072
-0.106671
-0.0713977
-0.0729846
-0.0741641
-0.0764305
-0.0777914
-0.0794429
-0.0799673
-0.083393
-0.0577739
-0.0586156
-0.059128
-0.0600685
-0.0604514
-0.0614734
-0.0630108
-0.0667145
-0.0461275
-0.0463974
-0.0464764
-0.0469342
-0.0475084
-0.0487475
-0.0502281
-0.052696
-0.036518
-0.0365158
-0.0364994
-0.0368109
-0.037278
-0.0380081
-0.0389089
-0.04088
-0.0285793
-0.028442
-0.0283104
-0.0283923
-0.0286174
-0.0290773
-0.029867
-0.0315781
-0.0219329
-0.0217405
-0.0215493
-0.0215169
-0.0216418
-0.0219894
-0.0226451
-0.0240164
-0.0163898
-0.0162106
-0.0160214
-0.0159407
-0.0159978
-0.0162452
-0.0167611
-0.0178512
-0.0117691
-0.0116325
-0.0114717
-0.0113845
-0.0114176
-0.0116069
-0.0120151
-0.0128687
-0.00794811
-0.00786362
-0.00775842
-0.00770099
-0.00772384
-0.00785393
-0.00815574
-0.00880963
-0.00479715
-0.00476727
-0.00471477
-0.0046808
-0.00469429
-0.00479129
-0.00503336
-0.00554659
-0.00220444
-0.00221936
-0.00221532
-0.00221912
-0.00225421
-0.00234792
-0.00254377
-0.0029299
-0.000112867
-0.000163567
-0.000199888
-0.000236059
-0.000286032
-0.000369738
-0.000522708
-0.000811661
0.00157426
0.00150043
0.0014385
0.00137936
0.00131316
0.00122616
0.0010931
0.000869941
0.00290989
0.0028221
0.00274316
0.00266691
0.0025879
0.00249845
0.00238228
0.00220978
0.00397141
0.00387144
0.00378044
0.00369333
0.00360581
0.003514
0.00340767
0.00326931
0.00474982
0.00464677
0.00455512
0.00446927
0.00438358
0.00429689
0.00420358
0.00409659
0.00530295
0.00519986
0.00510953
0.00502514
0.00493908
0.00485022
0.00475577
0.00465593
0.00568683
0.00557433
0.00547803
0.00539364
0.00531324
0.0052334
0.00515026
0.00506463
0.00588478
0.00577124
0.00567087
0.00558388
0.00550398
0.00542634
0.00534574
0.00526273
0.0160851
0.0180111
0.0190962
0.0187949
0.0166013
0.0124601
0.0062221
-0.0027074
-0.0153751
-0.0332646
-0.0584152
-0.0936791
-0.14376
-0.212047
-0.27441
-0.0106561
-0.011479
-0.0147334
-0.0197344
-0.0263308
-0.0348684
-0.045954
-0.0604482
-0.0795129
-0.104723
-0.138257
-0.182914
-0.243319
-0.324206
-0.39136
-0.0367903
-0.0406471
-0.0481443
-0.0574097
-0.0680601
-0.0807527
-0.0963907
-0.115977
-0.14075
-0.172364
-0.213166
-0.266111
-0.334377
-0.425942
-0.490912
-0.0636853
-0.0708079
-0.0816542
-0.0940651
-0.107987
-0.124327
-0.144032
-0.168092
-0.197784
-0.234776
-0.28137
-0.341244
-0.416287
-0.509366
-0.57145
-0.0908353
-0.101172
-0.114458
-0.129153
-0.145718
-0.165154
-0.188281
-0.215981
-0.249576
-0.290834
-0.341495
-0.406041
-0.48458
-0.574849
-0.631741
-0.116727
-0.130217
-0.145436
-0.162011
-0.180859
-0.202881
-0.228738
-0.259171
-0.295542
-0.339525
-0.393289
-0.459405
-0.537779
-0.622279
-0.671637
-0.140845
-0.156909
-0.173583
-0.192019
-0.213029
-0.237204
-0.265136
-0.297605
-0.335733
-0.381081
-0.435593
-0.50082
-0.575828
-0.651167
-0.692466
-0.163791
-0.180606
-0.198943
-0.21938
-0.242364
-0.268313
-0.297767
-0.331454
-0.370322
-0.415677
-0.469029
-0.531131
-0.599466
-0.662318
-0.696691
0.184287
0.198835
0.215166
0.233644
0.254284
0.276972
0.301619
0.328178
0.356567
0.386525
0.417461
0.448203
0.476756
0.499151
0.517528
0.177197
0.190481
0.205734
0.223293
0.242987
0.264564
0.287896
0.312935
0.339585
0.36754
0.396136
0.424108
0.449326
0.467863
0.482453
0.165953
0.177241
0.190827
0.206927
0.225065
0.244779
0.265861
0.288237
0.311762
0.336048
0.360313
0.383141
0.402167
0.413602
0.421507
0.150536
0.159292
0.170779
0.184907
0.20083
0.217899
0.23585
0.254565
0.273812
0.293053
0.311309
0.326946
0.337255
0.338456
0.337393
0.131091
0.13706
0.146312
0.158205
0.171395
0.18507
0.198977
0.213011
0.226863
0.239828
0.250687
0.257535
0.257277
0.245935
0.233432
0.107858
0.110632
0.117509
0.127009
0.137183
0.147081
0.156454
0.165176
0.172833
0.178552
0.180888
0.177666
0.165399
0.139906
0.11394
0.081621
0.0815894
0.0861904
0.0927223
0.0990868
0.104541
0.108933
0.112005
0.1131
0.111106
0.104351
0.0903821
0.0653578
0.0250932
-0.0148088
0.0509529
0.0498185
0.0534206
0.0569608
0.0590265
0.0595117
0.0584723
0.0555059
0.0497057
0.0397254
0.0236687
-0.00118957
-0.0391127
-0.0939814
-0.146712
0.0235509
0.0284912
0.0246376
0.0284677
0.0262708
0.0304948
0.0288131
0.0332548
0.0327368
0.037273
0.0381661
0.0431087
0.0457739
0.0515026
0.0562842
0.0636656
0.0711606
0.0812184
0.0923085
0.106302
0.122199
0.141714
0.164043
0.0235061
0.0284085
0.0245835
0.0283775
0.0262048
0.0303705
0.0287382
0.033074
0.0326183
0.0370543
0.0379371
0.0427964
0.0454159
0.0510406
0.0557883
0.0630308
0.0703041
0.0801148
0.0906518
0.104256
0.119193
0.137899
0.158683
0.0234711
0.0283017
0.0245457
0.0282589
0.0261653
0.0302123
0.0286965
0.0328581
0.0325326
0.0368026
0.037742
0.0424794
0.0450514
0.0504787
0.0551163
0.0620958
0.069115
0.078654
0.0884155
0.101418
0.114945
0.132312
0.150405
0.0234444
0.0281727
0.0245229
0.0281163
0.0261404
0.0300254
0.0286788
0.0326207
0.0324749
0.0365309
0.037574
0.0421674
0.0447209
0.0500824
0.0546488
0.061551
0.0680156
0.0772692
0.0859613
0.0981364
0.109613
0.124956
0.139083
0.0234265
0.0280247
0.0245125
0.0279538
0.0261549
0.0298161
0.0286793
0.0323619
0.0324342
0.0362239
0.0374163
0.0417674
0.0443426
0.0493199
0.0538703
0.0603184
0.0663785
0.0750035
0.0826392
0.0936117
0.102768
0.115459
0.124537
0.0234107
0.0278603
0.0245118
0.0277753
0.026167
0.0295971
0.0286998
0.0321212
0.0324192
0.0359579
0.0373161
0.0415194
0.04414
0.0492227
0.053497
0.0597755
0.0651704
0.0733034
0.0794723
0.0889765
0.0949284
0.104295
0.107092
0.0234091
0.0276822
0.0245184
0.0275878
0.0261894
0.0293661
0.0287108
0.0318465
0.0323847
0.0356238
0.037152
0.0410521
0.0436353
0.0482648
0.052533
0.0580826
0.0630997
0.0700342
0.0751605
0.0825779
0.0857999
0.0906425
0.0868998
0.0234009
0.0274986
0.0245239
0.0274
0.026224
0.0291661
0.0287661
0.0316739
0.0324136
0.0354676
0.0371674
0.0410107
0.0436752
0.0483649
0.0522141
0.05773
0.0619665
0.0682343
0.0712792
0.0764707
0.0751621
0.0755983
0.0634687
0.0233879
0.0272532
0.0245428
0.0271246
0.0262395
0.0288081
0.0287332
0.0312474
0.0322802
0.0349235
0.0367999
0.0402148
0.0427583
0.0465804
0.0502143
0.0543263
0.0580456
0.0616396
0.0635502
0.0643817
0.0602915
0.0519901
0.0333706
0.0233778
0.026916
0.024571
0.0267393
0.0262309
0.0283049
0.0286239
0.0305653
0.0319245
0.0339191
0.0359176
0.0385514
0.0410153
0.0440137
0.047044
0.0496111
0.0521239
0.0532431
0.0532708
0.0501333
0.0442898
0.0331179
0.0183684
0.0233874
0.0264996
0.0246138
0.0262783
0.0262337
0.0277072
0.0284969
0.0298133
0.031467
0.032928
0.03494
0.0369877
0.0391593
0.0412586
0.0434855
0.0447479
0.0458327
0.0451004
0.0431442
0.0381294
0.0309576
0.0199861
0.00632262
0.0234176
0.0259948
0.0246723
0.0257439
0.026227
0.0270945
0.0282535
0.0291273
0.0308359
0.0318687
0.0337599
0.0351985
0.0369777
0.0382771
0.0395222
0.0397606
0.0393971
0.0372838
0.0338548
0.0278995
0.0201451
0.00984684
-0.00243536
0.023472
0.0253905
0.0247371
0.0252041
0.0261141
0.0265445
0.0278647
0.028397
0.0300231
0.030777
0.0323341
0.0332791
0.0345076
0.0351313
0.0353632
0.0347361
0.0331706
0.030077
0.0257627
0.0195254
0.0119228
0.00258174
-0.00828256
0.0235528
0.0247077
0.0247161
0.0247374
0.0258855
0.0259962
0.0273317
0.027654
0.0290428
0.0295801
0.0307021
0.0312052
0.0318519
0.0318367
0.0311922
0.029796
0.0274198
0.0237541
0.0190872
0.0130211
0.00594957
-0.00240022
-0.0120032
0.0236247
0.0240456
0.0245663
0.0243143
0.0255398
0.0254547
0.0266586
0.0268705
0.0279095
0.0282716
0.0289097
0.0289879
0.0290926
0.0284935
0.0271623
0.0251843
0.0223442
0.0184725
0.0138063
0.00817125
0.00180155
-0.00551044
-0.0138445
0.0236481
0.0234165
0.0243058
0.0239185
0.0250716
0.0249043
0.0258513
0.0260108
0.0266695
0.0268376
0.0270077
0.0266799
0.0263191
0.0252351
0.0234194
0.0210679
0.0180424
0.0142408
0.00980665
0.00473747
-0.000828404
-0.00703624
-0.0140387
0.0235964
0.0228427
0.0239259
0.0235307
0.0244812
0.0243301
0.0249486
0.0250545
0.0253581
0.0252901
0.0250431
0.024361
0.0236235
0.0221822
0.0200746
0.0175491
0.0145412
0.0109975
0.00696691
0.00254289
-0.00217956
-0.00730852
-0.0130423
0.0234494
0.0223355
0.0234255
0.0231324
0.0237908
0.023687
0.0239871
0.023993
0.0239973
0.023669
0.0230686
0.0221152
0.0210975
0.0194358
0.0172042
0.0146698
0.0118264
0.0086507
0.00512918
0.00137331
-0.00254484
-0.00670043
-0.0113098
0.0231917
0.0218959
0.0228231
0.0226934
0.0230421
0.0229558
0.0229923
0.0228483
0.0226012
0.0220224
0.0211476
0.0200191
0.0188207
0.0170622
0.0148339
0.0124154
0.00983731
0.00708489
0.0041048
0.0009874
-0.00221152
-0.00553663
-0.00919511
0.0228169
0.0215111
0.0221513
0.0221701
0.0222616
0.0221319
0.0219821
0.0216686
0.021194
0.0204006
0.0193383
0.0181281
0.0168536
0.0151002
0.0129602
0.0107326
0.00847652
0.00616356
0.00370609
0.00115904
-0.0014292
-0.00407216
-0.00694875
0.0223284
0.0211588
0.0214597
0.0215364
0.0214529
0.0212376
0.0209645
0.0205054
0.019822
0.0188529
0.0176876
0.0164783
0.015219
0.0135453
0.0115445
0.00954268
0.00762587
0.00574038
0.00376033
0.00169974
-0.000391624
-0.00249108
-0.00473731
0.0217416
0.020791
0.0207959
0.0208126
0.0206084
0.0202912
0.019945
0.019389
0.018537
0.0174277
0.0162227
0.0150776
0.0139081
0.0123673
0.0105353
0.00876
0.00716344
0.0056688
0.00411048
0.00245675
0.000759712
-0.000918467
-0.0026666
0.021086
0.0203518
0.0201743
0.0200891
0.0197412
0.0193047
0.0189208
0.018332
0.0173763
0.016169
0.0149648
0.0139196
0.012886
0.0115157
0.00987313
0.00830775
0.00698617
0.00582497
0.00462631
0.0033124
0.00192974
0.000572794
-0.000793971
0.020386
0.019836
0.0195861
0.0193848
0.0188795
0.0183286
0.0179175
0.0173394
0.016354
0.0151059
0.0139273
0.0129881
0.0121034
0.0109228
0.00948197
0.00811027
0.00701214
0.00611477
0.00520666
0.00417407
0.00305036
0.00194567
0.000867972
0.0196758
0.0192577
0.018992
0.0186902
0.0180654
0.0174235
0.0169756
0.0164155
0.0154577
0.0142378
0.0131087
0.0122661
0.0115196
0.0105247
0.00928639
0.00809911
0.00718118
0.00647984
0.00578922
0.00497782
0.00406677
0.00316661
0.00231304
0.0189894
0.0186632
0.0183825
0.0180038
0.0173158
0.0166136
0.0161287
0.0155771
0.0146812
0.0135516
0.0124895
0.0117269
0.0110968
0.0102679
0.00921773
0.00819863
0.00742766
0.00686912
0.00633727
0.00569607
0.00495545
0.00421745
0.00353562
0.018334
0.0180661
0.017784
0.0173559
0.0166517
0.0159173
0.0153873
0.0148388
0.0140349
0.013028
0.0120426
0.0113353
0.0107982
0.0101173
0.00923382
0.00835689
0.00769534
0.00723722
0.00682346
0.00632218
0.00572567
0.00511921
0.00456657
0.0177466
0.0175177
0.0172182
0.0167644
0.0160855
0.0153378
0.0147572
0.0142149
0.0135157
0.0126415
0.0117297
0.0110598
0.0105989
0.0100452
0.00930195
0.0085323
0.00794124
0.00755244
0.0072348
0.00685547
0.00637761
0.00586426
0.00538859
0.0172563
0.0170379
0.0167246
0.0162626
0.0156171
0.0148853
0.0142642
0.0137229
0.013105
0.0123355
0.0115032
0.0108729
0.0104602
0.0100042
0.00938169
0.00870117
0.00814556
0.00778604
0.00753979
0.00727516
0.00691966
0.00649899
0.00608674
0.0168853
0.0166684
0.0163518
0.0158869
0.0152639
0.0145622
0.0139262
0.0133858
0.0128154
0.0121188
0.0113741
0.0107842
0.0103854
0.00999777
0.00948004
0.00887396
0.00832683
0.0079442
0.00770452
0.00750679
0.00725939
0.00693856
0.00658767
0.0166843
0.0164717
0.0161406
0.0156632
0.015059
0.0143837
0.0137327
0.013176
0.012644
0.0120182
0.0113148
0.0107136
0.0103103
0.00997986
0.00955004
0.00900332
0.00845695
0.0080375
0.00778093
0.00762203
0.00746208
0.00724108
0.00696788
0.0125106
-0.0114731
-0.0380571
-0.0618797
-0.0846161
-0.106545
-0.127137
-0.144739
0.00195045
-0.0203488
-0.0459855
-0.067251
-0.0839167
-0.0987643
-0.112251
-0.123444
-0.00724932
-0.0249361
-0.0462603
-0.0628725
-0.0742967
-0.0843158
-0.0936833
-0.101968
-0.0142813
-0.0285735
-0.0454597
-0.0585613
-0.0670106
-0.0738451
-0.0798085
-0.0848995
-0.0188939
-0.030406
-0.0426356
-0.0519827
-0.0578981
-0.0623188
-0.0660295
-0.0692927
-0.0214006
-0.0303772
-0.0385902
-0.0448983
-0.0491762
-0.0522426
-0.0546393
-0.0566067
-0.0219535
-0.0287417
-0.0338721
-0.0377843
-0.0407637
-0.042942
-0.0444967
-0.0455954
-0.0208207
-0.0258725
-0.0288959
-0.031119
-0.0330864
-0.0346557
-0.0357208
-0.036331
-0.0185789
-0.0223149
-0.0239888
-0.0251017
-0.0263126
-0.0274251
-0.0281888
-0.0285521
-0.0157454
-0.0184979
-0.0193422
-0.019761
-0.0204323
-0.0211911
-0.0217447
-0.0219759
-0.0126923
-0.0147096
-0.0150637
-0.0150768
-0.0153835
-0.0158759
-0.0162775
-0.0164419
-0.00966666
-0.0111328
-0.0112106
-0.0110092
-0.0110853
-0.0113838
-0.0116708
-0.0117996
-0.00681842
-0.00786938
-0.00780299
-0.00751262
-0.00746163
-0.00763152
-0.00783926
-0.00795289
-0.00423276
-0.00496715
-0.00483174
-0.00452654
-0.00441973
-0.00451233
-0.00466606
-0.00476996
-0.00195724
-0.00245408
-0.00229023
-0.0020055
-0.00188418
-0.00193485
-0.00205365
-0.00215203
4.15502e-06
-0.000325162
-0.000156698
9.24063e-05
0.000204458
0.000168634
6.39889e-05
-3.79869e-05
0.0016739
0.00146121
0.00161843
0.00182368
0.00191248
0.00187562
0.00177397
0.00166591
0.00306119
0.00292595
0.00306162
0.00321972
0.00327749
0.00322956
0.00312478
0.00301125
0.00421014
0.00412529
0.00423785
0.00435481
0.00438324
0.0043208
0.00420754
0.00408462
0.00509624
0.00502815
0.00510993
0.00519105
0.00519596
0.00512136
0.00499991
0.00486931
0.0058197
0.00572702
0.00574837
0.00577998
0.00576013
0.00567831
0.00555583
0.00542396
0.00633008
0.00620752
0.00617563
0.00616865
0.00613677
0.00606047
0.00594602
0.00581487
0.00671996
0.00654493
0.00642589
0.00635041
0.00628916
0.0062164
0.00612028
0.00600554
-0.333439
-0.34158
-0.353558
-0.369373
-0.390174
-0.417077
-0.447212
-0.474112
-0.332894
-0.339762
-0.349543
-0.36254
-0.379579
-0.400776
-0.425227
-0.448193
-0.328812
-0.335487
-0.343995
-0.354809
-0.369143
-0.386121
-0.402032
-0.412484
-0.322147
-0.329113
-0.336698
-0.345138
-0.354728
-0.363995
-0.369634
-0.368482
-0.313805
-0.320721
-0.32667
-0.33134
-0.334789
-0.336189
-0.333658
-0.324996
-0.304686
-0.310455
-0.313554
-0.313793
-0.311788
-0.30744
-0.29952
-0.286238
-0.295868
-0.299064
-0.298411
-0.294469
-0.288428
-0.280263
-0.268917
-0.252799
-0.288198
-0.287485
-0.282601
-0.275123
-0.26617
-0.255457
-0.241907
-0.22408
-0.281941
-0.276188
-0.267054
-0.256711
-0.24556
-0.233071
-0.218092
-0.199297
-0.276561
-0.265147
-0.252174
-0.239555
-0.226609
-0.21292
-0.197006
-0.177806
-0.271302
-0.253918
-0.238085
-0.223428
-0.209197
-0.19467
-0.17826
-0.159059
-0.264259
-0.242443
-0.224466
-0.208115
-0.193095
-0.177974
-0.161529
-0.142626
-0.255787
-0.230561
-0.21084
-0.193382
-0.177915
-0.16263
-0.146466
-0.128232
-0.243823
-0.217547
-0.196819
-0.179135
-0.163654
-0.148451
-0.13284
-0.115491
-0.229645
-0.204033
-0.182628
-0.165737
-0.149861
-0.134989
-0.119933
-0.10396
-0.398744
-0.381948
-0.368825
-0.35775
-0.348
-0.339435
-0.332876
-0.330388
-0.400828
-0.382654
-0.368076
-0.356094
-0.346133
-0.338052
-0.332235
-0.330128
-0.401821
-0.382014
-0.366128
-0.353121
-0.342315
-0.333637
-0.327566
-0.325628
-0.403264
-0.381343
-0.363722
-0.349066
-0.336567
-0.326337
-0.319468
-0.317899
-0.405532
-0.381032
-0.361318
-0.344571
-0.329755
-0.317276
-0.30921
-0.30818
-0.408519
-0.38121
-0.359255
-0.340249
-0.322917
-0.308008
-0.29894
-0.298804
-0.412116
-0.382128
-0.358058
-0.336841
-0.317088
-0.30009
-0.290724
-0.290868
-0.416237
-0.384254
-0.358502
-0.335335
-0.313431
-0.295029
-0.285908
-0.285595
-0.42091
-0.388317
-0.361654
-0.336881
-0.31305
-0.29416
-0.285365
-0.283426
-0.426399
-0.395331
-0.368804
-0.342922
-0.317744
-0.298798
-0.289019
-0.283662
-0.433327
-0.406445
-0.381156
-0.353658
-0.327051
-0.308353
-0.296576
-0.285694
-0.442649
-0.422534
-0.400155
-0.37231
-0.344721
-0.323727
-0.306242
-0.286946
-0.45535
-0.44439
-0.423555
-0.393041
-0.364026
-0.340614
-0.315915
-0.286368
-0.471754
-0.473224
-0.456138
-0.423362
-0.389425
-0.358293
-0.323873
-0.282597
-0.490007
-0.501882
-0.486392
-0.450949
-0.411505
-0.372227
-0.325732
-0.275305
-0.534357
-0.558528
-0.537743
-0.493413
-0.430212
-0.375159
-0.314106
-0.265426
-0.592702
-0.624449
-0.608265
-0.558941
-0.487515
-0.40655
-0.333431
-0.277175
-0.55298
-0.589836
-0.574274
-0.529506
-0.465642
-0.390833
-0.327466
-0.273403
-0.424655
-0.450698
-0.442258
-0.411118
-0.368364
-0.321541
-0.284904
-0.250005
-0.286591
-0.298514
-0.293096
-0.278962
-0.259856
-0.240013
-0.226998
-0.213171
-0.203649
-0.198204
-0.189946
-0.183292
-0.178119
-0.17171
-0.168381
-0.166967
-0.176483
-0.158637
-0.148407
-0.142244
-0.136783
-0.131327
-0.126992
-0.12942
-0.179024
-0.141885
-0.119032
-0.111253
-0.109629
-0.106232
-0.101839
-0.101834
-0.178116
-0.12976
-0.0931721
-0.078651
-0.0812882
-0.090194
-0.0924237
-0.080329
-0.15941
-0.134393
-0.112069
-0.0970918
-0.0957044
-0.102258
-0.110334
-0.104228
-0.141145
-0.136719
-0.132647
-0.13087
-0.132557
-0.142067
-0.147735
-0.15319
-0.1229
-0.128775
-0.134955
-0.141498
-0.140962
-0.140716
-0.131918
-0.121866
-0.108166
-0.124351
-0.140004
-0.151145
-0.151648
-0.142156
-0.127142
-0.11363
-0.108235
-0.132954
-0.156745
-0.174712
-0.180754
-0.173795
-0.16377
-0.142393
-0.111303
-0.129151
-0.147134
-0.162446
-0.171403
-0.166902
-0.167573
-0.139166
-0.121769
-0.126934
-0.131883
-0.135229
-0.137227
-0.13515
-0.134864
-0.125378
-0.120595
-0.121812
-0.121427
-0.118891
-0.115546
-0.110251
-0.106311
-0.10107
-0.0990936
-0.103182
-0.104175
-0.101813
-0.0970615
-0.0905313
-0.083206
-0.0742835
-0.081698
-0.0888294
-0.0939469
-0.0959495
-0.0943547
-0.0894163
-0.0807753
-0.0691484
-0.0939287
-0.103343
-0.111192
-0.116263
-0.117583
-0.114922
-0.109151
-0.0989732
-0.104149
-0.112042
-0.118909
-0.124693
-0.12702
-0.127076
-0.12134
-0.11673
-0.0892613
-0.0894512
-0.0896063
-0.0901822
-0.0896315
-0.0893524
-0.0858999
-0.0831772
-0.0353776
-0.0348197
-0.0354253
-0.0372147
-0.0393316
-0.0418945
-0.0438639
-0.0461067
-0.00280751
-0.00434427
-0.00695079
-0.0105589
-0.0148551
-0.0194256
-0.0241377
-0.028305
-0.00629444
-0.00655279
-0.00746667
-0.00899092
-0.0110366
-0.0133399
-0.015937
-0.0179121
-0.0174267
-0.0145273
-0.0120709
-0.0101469
-0.00877275
-0.00803162
-0.00772724
-0.0073623
-0.0374477
-0.0302357
-0.0234527
-0.0174288
-0.01214
-0.00758094
-0.00382279
-0.000519046
-0.0635264
-0.0547496
-0.0465275
-0.0392065
-0.0327353
-0.0233589
-0.0166479
-0.0108983
-0.0716474
-0.0655481
-0.0598796
-0.0548066
-0.0503054
-0.0461774
-0.0422625
-0.0382524
-0.0633384
-0.0608003
-0.0587335
-0.0571075
-0.0558564
-0.0549405
-0.0543723
-0.0541176
-0.0419678
-0.041346
-0.0412642
-0.0416953
-0.0425522
-0.0438159
-0.0453953
-0.0473612
-0.0192229
-0.0193963
-0.0199981
-0.021022
-0.0224146
-0.0241668
-0.0261714
-0.0285176
-0.00599151
-0.00634106
-0.00695867
-0.00781779
-0.00886718
-0.010077
-0.0113808
-0.0128723
5.85472e-05
-0.000281799
-0.000759135
-0.00133792
-0.00199015
-0.00270839
-0.00347605
-0.00433075
0.00282203
0.00250321
0.00209572
0.001627
0.00111413
0.000562948
-1.74589e-05
-0.00062834
0.00293443
0.00271042
0.00244012
0.00213662
0.00180649
0.00145232
0.00107663
0.000679877
0.00186882
0.00177336
0.00166145
0.00153873
0.00139329
0.00122853
0.00104477
0.000841783
0.000778271
0.000723469
0.000672382
0.000622623
0.000570738
0.000513797
0.000449782
0.000376918
-0.238635
-0.180762
-0.142557
-0.111494
-0.0832465
-0.0616311
-0.0453359
-0.0314976
-0.0208356
-0.0128647
-0.00645856
-0.00151152
0.0022942
0.00528189
0.00760418
0.00935762
0.0107406
0.0117398
0.0125232
0.0131116
0.0134769
0.0137027
0.0138168
-0.251254
-0.194717
-0.156428
-0.121398
-0.0914667
-0.0688074
-0.050341
-0.0354869
-0.0241934
-0.0153103
-0.00828367
-0.00307016
0.00110485
0.00435802
0.0068802
0.00879633
0.0103038
0.0113998
0.0122548
0.0128946
0.0133021
0.0135512
0.0136763
-0.239227
-0.183929
-0.149685
-0.116379
-0.089186
-0.0676342
-0.0496635
-0.035626
-0.0245551
-0.0156772
-0.00872229
-0.00360802
0.000633902
0.00391847
0.00648655
0.00845686
0.0100069
0.0111489
0.0120369
0.0127027
0.0131344
0.0133975
0.0135291
-0.215226
-0.160476
-0.132237
-0.101118
-0.0781343
-0.0594317
-0.0438358
-0.0317535
-0.0218909
-0.0140123
-0.00777605
-0.00304497
0.000881557
0.00397362
0.00643242
0.00834393
0.00985864
0.0109916
0.0118759
0.0125404
0.0129759
0.0132416
0.0133739
-0.18072
-0.132603
-0.110875
-0.0810542
-0.0634611
-0.047718
-0.0351038
-0.0254075
-0.0173868
-0.0109912
-0.0057758
-0.00175773
0.00166006
0.00441236
0.00664851
0.00841715
0.00983842
0.0109165
0.0117668
0.0124077
0.0128316
0.0130882
0.013216
-0.140664
-0.102809
-0.0862635
-0.0594601
-0.0471692
-0.0342289
-0.0251841
-0.0181134
-0.0122023
-0.00741808
-0.00338394
-0.000102576
0.00270709
0.00505668
0.00701594
0.0085986
0.0098931
0.0108893
0.0116861
0.0122901
0.0126931
0.0129342
0.0130546
-0.107539
-0.076827
-0.0612689
-0.0383816
-0.0298711
-0.0196054
-0.0144254
-0.0100967
-0.00652584
-0.0034574
-0.000719377
0.0016918
0.00386894
0.0057868
0.00744405
0.00882447
0.009979
0.0108837
0.0116192
0.0121811
0.0125577
0.0127816
0.012894
-0.0821412
-0.055852
-0.0378183
-0.0167961
-0.0115665
-0.00434532
-0.00325595
-0.00178978
-0.000759012
0.000562813
0.00198098
0.00349904
0.00504924
0.00653014
0.00787922
0.00905341
0.0100632
0.0108747
0.011546
0.0120674
0.012418
0.0126252
0.0127299
-0.0529579
-0.029133
-0.00541771
0.0108457
0.0126006
0.0130447
0.00878525
0.00678344
0.00509582
0.00457887
0.00469736
0.00532861
0.00625928
0.00729898
0.0083396
0.00930405
0.010164
0.0108804
0.011487
0.0119643
0.0122802
0.0124696
0.0125652
-0.0628631
-0.0200183
0.0260963
0.0419483
0.0396118
0.0312364
0.0206472
0.0152863
0.0107855
0.00851185
0.0073837
0.00717629
0.0075023
0.00810764
0.00884349
0.00958637
0.0102878
0.0108991
0.0114297
0.0118621
0.012142
0.0123101
0.0123944
-0.0908831
-0.0258825
0.039587
0.0569867
0.0526307
0.0415144
0.0297035
0.0211136
0.0150885
0.0115715
0.00963992
0.00881893
0.00867036
0.00891342
0.00937388
0.00990222
0.0104459
0.0109449
0.0113932
0.0117772
0.012007
0.0121518
0.0122216
-0.0882381
-0.027734
0.032741
0.052028
0.0492439
0.0402084
0.0303183
0.0228019
0.0172017
0.0136004
0.0114026
0.0102341
0.00975343
0.00969496
0.00989906
0.0102241
0.0106128
0.010992
0.0113487
0.0116838
0.0118687
0.0119876
0.0120414
-0.0894135
-0.049229
-0.00728707
0.0175553
0.0266637
0.0265622
0.0232046
0.0195641
0.0164406
0.0141625
0.0124459
0.0113293
0.010693
0.0104235
0.0104213
0.0105665
0.0108066
0.0110623
0.0113235
0.0116003
0.0117331
0.0118232
0.0118587
-0.126226
-0.100487
-0.064195
-0.0277111
-0.00185795
0.0101006
0.0143352
0.0150059
0.0146179
0.0138199
0.0129449
0.0121681
0.0115292
0.0111253
0.0109458
0.0109217
0.0110147
0.0111422
0.0112957
0.011512
0.0115963
0.0116527
0.0116681
-0.151161
-0.11729
-0.0814745
-0.0435464
-0.0169978
-5.69807e-05
0.00850208
0.0124772
0.013867
0.0138465
0.0135027
0.0128159
0.0122516
0.0117922
0.0114745
0.0112965
0.0112443
0.0112401
0.011285
0.0114313
0.0114571
0.0114784
0.0114728
-0.115721
-0.0896005
-0.0644191
-0.0369806
-0.0181091
-0.0027434
0.00565539
0.0111177
0.0132156
0.0141054
0.0142508
0.0136397
0.0130136
0.0124059
0.0119492
0.0116423
0.0114595
0.0113357
0.0112701
0.0113438
0.0113065
0.0112934
0.0112653
-0.0864967
-0.0633988
-0.0448116
-0.0218355
-0.0115416
0.00319644
0.00613877
0.0118811
0.0118814
0.0135685
0.0141652
0.014092
0.0135549
0.0129004
0.0123612
0.0119363
0.0116394
0.0114247
0.0112383
0.0112357
0.0111439
0.0110938
0.0110456
-0.0606502
-0.0403654
-0.0233171
-0.00371338
0.00623772
0.0151376
0.0162297
0.0179783
0.0164372
0.016166
0.0153912
0.0147247
0.0139768
0.0132933
0.0127063
0.0122163
0.0118222
0.0115107
0.0112417
0.0111568
0.010978
0.0108825
0.010807
-0.0563659
-0.0346984
-0.0123776
0.00854137
0.0246355
0.0290797
0.0290027
0.0264493
0.0221131
0.0194965
0.0174271
0.0159607
0.0146955
0.0137629
0.013063
0.0124874
0.0120019
0.0115895
0.0112207
0.0110509
0.0108027
0.0106546
0.0105525
-0.0803843
-0.0574331
-0.0257406
-0.000484428
0.0243631
0.0233457
0.0246799
0.0206333
0.0178096
0.0170521
0.0166369
0.0158648
0.0148038
0.0139956
0.0133337
0.0127382
0.0121735
0.0116684
0.0111987
0.0109567
0.0106056
0.0104036
0.0102723
-0.0926011
-0.0738958
-0.04053
-0.0137256
0.00982985
0.0145008
0.0151782
0.0119418
0.0104724
0.0108317
0.012929
0.0137736
0.0140276
0.0138727
0.0134549
0.0129033
0.0122782
0.0116654
0.0110952
0.0107589
0.0103706
0.0101171
0.00996343
-0.0717418
-0.0546469
-0.0308159
-0.00921395
0.00761579
0.0145095
0.0139066
0.00872875
0.00492279
0.00462017
0.00808945
0.0112806
0.0130636
0.0135392
0.0134527
0.0129958
0.0123231
0.0116036
0.0109353
0.0105259
0.0100783
0.00978075
0.0096109
-0.0468358
-0.0399073
-0.0297636
-0.0191985
-0.00839466
0.000188581
0.00380827
0.00291091
0.00106119
0.00154526
0.00605099
0.0101471
0.012633
0.0134871
0.0135411
0.0130599
0.0123227
0.0114836
0.0107211
0.0102508
0.00974205
0.00940584
0.00921317
-0.0349566
-0.0378868
-0.0388939
-0.0361622
-0.0288163
-0.0185509
-0.01073
-0.00614542
-0.00484045
-0.00117094
0.00559821
0.0111077
0.0137963
0.0142729
0.0140161
0.0132467
0.0122858
0.0112677
0.0104164
0.00987139
0.00933419
0.00895439
0.00875805
-0.0229281
-0.0258971
-0.0276097
-0.0258018
-0.0213533
-0.0145734
-0.00951327
-0.00633301
-0.00605113
-0.00151937
0.0062993
0.0129046
0.015677
0.0157555
0.0148819
0.0135963
0.0122632
0.0110431
0.0100922
0.00946161
0.00882445
0.00843053
0.0082283
-0.0066606
-0.00467802
-0.00250853
0.00100418
0.00391598
0.00629609
0.00708611
0.00374045
-0.00549884
-0.0131464
-0.00813191
0.00756578
0.0171348
0.0174359
0.0158922
0.0137843
0.0119622
0.010486
0.00946532
0.00879722
0.00819246
0.00780625
0.00762378
0.00400495
0.0102324
0.0165207
0.0225937
0.0274148
0.028296
0.0276146
0.0215328
0.00392201
-0.0201955
-0.0190515
0.00306761
0.0157025
0.0178424
0.0161623
0.013572
0.0113513
0.00964242
0.00851096
0.00789071
0.00736654
0.00706041
0.00692444
-0.00157632
0.00348281
0.0114502
0.0178213
0.0221053
0.0221019
0.0183109
0.0104131
-0.00553674
-0.0232116
-0.0210051
0.00129795
0.0155241
0.0176141
0.0153429
0.0122807
0.00991367
0.00821873
0.00716931
0.00668328
0.00635098
0.00622098
0.00614452
-0.0331415
-0.0302374
-0.0286188
-0.0291521
-0.0325823
-0.0396921
-0.0496507
-0.060208
-0.0663756
-0.0628157
-0.0445174
-0.0193869
-0.00179585
0.00575609
0.00780832
0.00722106
0.00635227
0.00555804
0.00502049
0.00506117
0.00514208
0.00523019
0.00528561
-0.0542389
-0.0561175
-0.0597706
-0.0659809
-0.0750714
-0.086595
-0.0994239
-0.110214
-0.111231
-0.0983445
-0.073801
-0.0457088
-0.0235499
-0.0100527
-0.00289827
-0.00053692
0.00104538
0.00180959
0.00228234
0.00304543
0.00370483
0.00417209
0.00437972
-0.0501336
-0.053858
-0.0588531
-0.065622
-0.0740563
-0.0835965
-0.09299
-0.0995316
-0.0983324
-0.0870511
-0.0684006
-0.047687
-0.0308123
-0.019198
-0.0117083
-0.00724508
-0.00425078
-0.00226834
-0.000768045
0.000769184
0.00222561
0.00314241
0.00351964
-0.0315757
-0.0349207
-0.0390176
-0.0438563
-0.0492959
-0.0549195
-0.0597637
-0.0622959
-0.0608988
-0.0547683
-0.0454084
-0.0351311
-0.0262955
-0.019374
-0.0141165
-0.0103452
-0.00736813
-0.0049263
-0.00311285
-0.000865687
0.0011289
0.0022759
0.00277929
-0.0146835
-0.0165825
-0.0188485
-0.0213119
-0.0238849
-0.0263598
-0.0283506
-0.029423
-0.0291395
-0.02734
-0.0244645
-0.0210522
-0.0177688
-0.0146806
-0.0119031
-0.00946547
-0.00733333
-0.00523925
-0.00351367
-0.00123019
0.000676918
0.00178174
0.00223822
-0.00537009
-0.006535
-0.00791046
-0.00930446
-0.0107216
-0.0120688
-0.0131699
-0.0139273
-0.0142135
-0.013967
-0.0133366
-0.0124025
-0.0113176
-0.0101196
-0.00884298
-0.00754828
-0.00624641
-0.00464701
-0.00321837
-0.00099713
0.000558389
0.00144073
0.0017955
-0.00141032
-0.00234743
-0.00341425
-0.00452691
-0.00564523
-0.00671862
-0.00762573
-0.00832292
-0.00872464
-0.00880181
-0.00865188
-0.00832711
-0.0078879
-0.00739159
-0.00675354
-0.00612549
-0.00534641
-0.00424956
-0.0032071
-0.000986321
0.000311654
0.001038
0.0013225
0.000169497
-0.000479127
-0.00120765
-0.00198685
-0.0027895
-0.00358808
-0.00431161
-0.0049332
-0.00538568
-0.00564891
-0.00575479
-0.00572506
-0.00558552
-0.00541311
-0.00510219
-0.00485368
-0.00441289
-0.00384906
-0.00319226
-0.00111511
1.45887e-05
0.000593116
0.000825316
0.000572097
0.000216814
-0.000187334
-0.000629501
-0.0010978
-0.00157936
-0.00204004
-0.00247173
-0.00283249
-0.00310637
-0.00330124
-0.00340968
-0.00343043
-0.00343419
-0.00332902
-0.00327587
-0.00311177
-0.00280443
-0.00292391
-0.000763757
-0.000101926
0.000251332
0.000402577
0.00027862
0.000154906
1.69449e-05
-0.0001322
-0.000289827
-0.000454728
-0.00061082
-0.000769799
-0.000904041
-0.00101934
-0.00111426
-0.00117324
-0.00121711
-0.00122558
-0.0012378
-0.00120185
-0.00120967
-0.0010813
-0.00106925
-0.000342246
-6.91549e-05
8.45738e-05
0.0001262
-0.0900488
-0.0751411
-0.0603368
-0.0485062
-0.0379322
-0.0290755
-0.0214019
-0.0146514
-0.00895514
-0.0042533
-0.000199072
0.00310726
0.00580596
0.0080183
0.00976968
0.0111522
0.0122113
0.0130225
0.0136221
0.014087
0.014384
0.0145314
0.0145964
-0.103059
-0.0848996
-0.0671382
-0.053221
-0.0413219
-0.0314174
-0.0228601
-0.0154361
-0.00943495
-0.00452509
-0.000312696
0.00302079
0.00573069
0.00793365
0.00966224
0.0110265
0.0120748
0.0128805
0.0134833
0.0139556
0.0142612
0.0144333
0.0145121
-0.116832
-0.0951197
-0.0739431
-0.0579448
-0.0447634
-0.0338886
-0.0243373
-0.0162173
-0.00998546
-0.00479798
-0.000408899
0.00294556
0.00568638
0.00788481
0.00959129
0.0109355
0.0119676
0.0127627
0.0133617
0.0138335
0.0141383
0.0143272
0.0144202
-0.130641
-0.105746
-0.0813108
-0.0632034
-0.0488892
-0.0368334
-0.026031
-0.0173583
-0.0109057
-0.0052549
-0.00067265
0.00275227
0.005582
0.00780174
0.00951084
0.0108506
0.0118753
0.0126633
0.0132584
0.0137259
0.0140226
0.0142178
0.0143198
-0.146997
-0.117483
-0.0893393
-0.0693799
-0.0540022
-0.0401296
-0.0279541
-0.0190551
-0.0121305
-0.0058696
-0.00118001
0.00239477
0.00536203
0.00762858
0.00937629
0.0107348
0.0117717
0.0125625
0.0131612
0.0136289
0.0139176
0.0141117
0.0142163
-0.162815
-0.128716
-0.0971957
-0.0760755
-0.0593721
-0.0431725
-0.0301928
-0.0212912
-0.0133694
-0.00666587
-0.00193235
0.00190193
0.00500772
0.00734136
0.00916211
0.0105612
0.0116342
0.0124405
0.0130559
0.0135317
0.0138185
0.0140106
0.0141143
-0.183079
-0.140389
-0.106294
-0.0848152
-0.0649997
-0.0465597
-0.0335724
-0.0238048
-0.0147116
-0.00791148
-0.00294685
0.00122492
0.00445639
0.00690747
0.0088369
0.0103023
0.0114388
0.0122782
0.012927
0.0134236
0.0137209
0.0139154
0.0140183
-0.206462
-0.155197
-0.119259
-0.0953854
-0.0716344
-0.0519631
-0.0383495
-0.0267845
-0.0169381
-0.0098987
-0.00435987
0.000153062
0.00358109
0.00624381
0.00833489
0.00991468
0.0111536
0.012056
0.0127606
0.0132933
0.0136157
0.0138214
0.0139273
0.0683204
0.0465853
0.0243513
0.00154468
-0.0215271
-0.0438523
-0.0652106
-0.0858376
0.0722076
0.0483315
0.0239068
-0.00138828
-0.0271357
-0.052064
-0.0752776
-0.0963333
0.0758312
0.0484132
0.0205418
-0.00767337
-0.0355236
-0.0619554
-0.0861321
-0.108047
0.0787692
0.0471856
0.0155905
-0.0154388
-0.0451897
-0.0730172
-0.0983888
-0.121462
0.0801866
0.0445284
0.00933645
-0.0245431
-0.056456
-0.0859958
-0.112849
-0.137067
0.0798394
0.0400891
0.00122781
-0.0357625
-0.0702249
-0.101776
-0.13011
-0.155325
0.0775864
0.033368
-0.0095274
-0.0500053
-0.0872887
-0.120919
-0.150715
-0.1767
0.0729217
0.0235969
-0.0238542
-0.0682139
-0.108549
-0.144322
-0.175385
-0.201803
0.0648843
0.00967802
-0.0429176
-0.0915561
-0.135152
-0.17304
-0.20511
-0.231486
0.0520742
-0.00988215
-0.0682749
-0.121574
-0.168564
-0.208552
-0.241227
-0.266834
0.0325661
-0.0371261
-0.102102
-0.160546
-0.210998
-0.252886
-0.285384
-0.309054
0.00369045
-0.0746944
-0.147133
-0.21147
-0.265613
-0.308216
-0.338935
-0.358647
-0.0389234
-0.126836
-0.206482
-0.276592
-0.332994
-0.374465
-0.400903
-0.413146
-0.0986364
-0.197974
-0.286565
-0.357492
-0.410625
-0.445767
-0.462735
-0.462717
-0.152417
-0.256077
-0.342865
-0.410892
-0.458951
-0.487201
-0.497364
-0.492143
0.187144
0.185725
0.180244
0.170692
0.157125
0.139837
0.119111
0.0949204
0.202013
0.19991
0.192953
0.181339
0.165345
0.145249
0.122339
0.0969992
0.21856
0.215817
0.207608
0.194286
0.176424
0.154261
0.129554
0.103212
0.237222
0.233946
0.224668
0.209754
0.190108
0.165925
0.138671
0.109725
0.25807
0.254277
0.243885
0.227159
0.205259
0.178508
0.147848
0.115108
0.281
0.276579
0.26482
0.245889
0.221054
0.191004
0.15633
0.119081
0.305909
0.300684
0.287205
0.265626
0.237193
0.203098
0.163896
0.121653
0.332744
0.326534
0.310937
0.286232
0.253585
0.214671
0.170307
0.122497
0.361428
0.354055
0.335904
0.307502
0.269982
0.225388
0.174988
0.120808
0.391709
0.382973
0.36177
0.328954
0.285751
0.234468
0.176927
0.115336
0.423005
0.412653
0.387806
0.349677
0.299748
0.240566
0.174557
0.104295
0.454154
0.441861
0.412662
0.368124
0.310162
0.241626
0.16558
0.0851314
0.483178
0.468518
0.434066
0.381718
0.314044
0.234336
0.146357
0.0538375
0.506129
0.488719
0.448267
0.386828
0.307612
0.214718
0.112879
0.00664282
0.525049
0.504925
0.458746
0.389181
0.299879
0.194739
0.0799817
-0.0382033
0.0236048
0.0236678
0.0237402
0.0238203
0.0239081
0.0239974
0.0240995
0.0241929
0.0285486
0.0285806
0.0285876
0.0285716
0.0285357
0.0284825
0.0284145
0.0283386
0.0247075
0.0247939
0.0248963
0.025012
0.0251359
0.0252664
0.0254095
0.0255488
0.0285265
0.0285554
0.028555
0.0285296
0.0284833
0.0284214
0.0283479
0.0282788
0.0263603
0.0264719
0.026607
0.0267618
0.0269318
0.0271095
0.0272916
0.0274705
0.0305808
0.0306261
0.0306378
0.0306181
0.0305762
0.0305237
0.0304562
0.0304058
0.0289157
0.029046
0.0292057
0.0294053
0.0296003
0.0298269
0.0300261
0.0302862
0.0333964
0.0334902
0.0335477
0.0335796
0.0335851
0.0335767
0.0335446
0.0335907
0.0328761
0.0330385
0.0332297
0.0334158
0.0337109
0.0339914
0.0341832
0.0345506
0.0374575
0.0375942
0.0376888
0.0377698
0.0378078
0.0379021
0.0379014
0.0381233
0.0383935
0.0386339
0.0389046
0.0392014
0.0394703
0.0398505
0.0400728
0.0405327
0.0433675
0.0436204
0.0437268
0.0439171
0.0437883
0.0442508
0.0440704
0.0447053
0.0460962
0.0463903
0.0466943
0.0470266
0.0473035
0.0477025
0.0478497
0.0484244
0.0519018
0.052241
0.0524952
0.0528126
0.0528808
0.0533267
0.0531657
0.0538963
0.0567414
0.0570915
0.0573843
0.0576993
0.0578216
0.0581706
0.0580411
0.0586729
0.0642333
0.0646457
0.0648958
0.0652872
0.0652478
0.0657462
0.0651539
0.0660218
0.0718686
0.0722791
0.0724663
0.0726233
0.0723039
0.0723842
0.0715269
0.0718543
0.0820324
0.0824606
0.0826197
0.0828176
0.0821441
0.0822426
0.0804698
0.0808778
0.0933282
0.0937076
0.0935166
0.0930985
0.0917733
0.0907785
0.0882677
0.0869342
0.107508
0.107919
0.107508
0.106713
0.104599
0.102798
0.0986012
0.096158
0.123712
0.123847
0.122729
0.120623
0.116951
0.112617
0.106419
0.099785
0.14354
0.143514
0.141719
0.138257
0.132691
0.125634
0.116017
0.105002
0.166357
0.165757
0.162339
0.156014
0.14659
0.134309
0.119126
0.100345
0.0243055
0.0244513
0.0246297
0.0248417
0.0250885
0.0253729
0.0256874
0.0259785
0.0262188
0.0263786
0.026441
0.0263964
0.0262458
0.0260001
0.0256826
0.0253202
0.0249356
0.024556
0.0241832
0.0238246
0.0235128
0.0232622
0.0231094
0.0282249
0.0280486
0.0278129
0.0275096
0.0271322
0.026682
0.0262468
0.0258627
0.0255503
0.0253269
0.0251909
0.0251265
0.0251074
0.0250913
0.0250106
0.0248418
0.0245878
0.0242756
0.0239388
0.0236146
0.0233306
0.0230995
0.0229602
0.0257239
0.0259494
0.0261994
0.026471
0.02676
0.0269921
0.0271011
0.0270808
0.0269528
0.0267123
0.026378
0.0259821
0.0255708
0.0251924
0.0248579
0.024557
0.0242571
0.0239264
0.0235895
0.0232654
0.0229694
0.0227515
0.022628
0.0281438
0.0279465
0.027684
0.0273788
0.027092
0.0268985
0.0267814
0.0267192
0.0266796
0.0266296
0.0265332
0.0263446
0.0260255
0.0255735
0.0250836
0.0246032
0.0241525
0.0237356
0.0233444
0.0229748
0.0226518
0.0224155
0.0222808
0.0276825
0.0279039
0.0281511
0.0283781
0.0285077
0.0285299
0.0284478
0.0282622
0.0279762
0.0276113
0.0272025
0.0267842
0.0263576
0.0258934
0.0253755
0.0248153
0.0242501
0.023719
0.0232281
0.0227933
0.0224361
0.0221638
0.0220111
0.0302566
0.0299769
0.0296405
0.0293568
0.0291284
0.0289255
0.0287345
0.028542
0.0283257
0.0280418
0.02767
0.0272066
0.026685
0.0261314
0.0255459
0.0249274
0.0242872
0.0236593
0.0230793
0.0225804
0.0221686
0.0218658
0.0217056
0.0305041
0.0306864
0.0308702
0.0309163
0.0308578
0.0306867
0.0303842
0.0299648
0.0294503
0.0288745
0.0282561
0.0275906
0.0268756
0.0261261
0.0253725
0.0246286
0.023912
0.0232353
0.0226329
0.0221335
0.0217304
0.0214474
0.0213014
0.0334171
0.0330715
0.0326992
0.0323513
0.0320119
0.03165
0.0312482
0.0307748
0.0301956
0.0294877
0.0286699
0.0277738
0.0268334
0.0258789
0.0249473
0.0240717
0.023284
0.0225995
0.0220165
0.0215467
0.0211871
0.0209329
0.0208024
0.0346508
0.0346487
0.0345815
0.0344042
0.0340704
0.0335659
0.0328982
0.0320969
0.0311871
0.0301832
0.0291005
0.0279661
0.0268193
0.0256972
0.024636
0.0236645
0.0228083
0.0220851
0.0214806
0.0209954
0.0206427
0.0203946
0.0202708
0.0379254
0.0374432
0.0369114
0.0363209
0.0356766
0.0349336
0.0340667
0.0330536
0.0318979
0.030641
0.0293303
0.028013
0.0267299
0.0255192
0.0244025
0.0233927
0.0225039
0.0217397
0.0210976
0.0205724
0.0201903
0.0199363
0.0198087
0.040499
0.0401634
0.0396864
0.0390008
0.0380756
0.0369527
0.0356671
0.0342473
0.0327276
0.0311429
0.0295428
0.0279858
0.0265239
0.0251969
0.024021
0.0229945
0.0221136
0.0213708
0.0207529
0.0202461
0.0198638
0.0195918
0.0194532
0.0443037
0.0434443
0.0424501
0.0413373
0.0400837
0.0386478
0.0370058
0.0351933
0.0332762
0.0313268
0.0294107
0.0275991
0.0259447
0.0244836
0.0232339
0.0221948
0.021351
0.0206774
0.0201487
0.0197402
0.0194358
0.0191968
0.0190814
0.0481738
0.0471746
0.0459212
0.0443775
0.0424922
0.0403729
0.0380889
0.0357025
0.0332944
0.0309513
0.0287493
0.0267455
0.0249713
0.0234453
0.0221755
0.021158
0.0203702
0.0197752
0.0193329
0.0190143
0.0188005
0.0186404
0.0185788
0.0530323
0.0511598
0.0490918
0.0468277
0.0443157
0.0415775
0.0386848
0.0357722
0.0329453
0.0302936
0.0278902
0.0257768
0.0239709
0.0224685
0.0212515
0.0202961
0.0195699
0.0190369
0.018645
0.0183627
0.0181829
0.0180614
0.0180194
0.0578169
0.055505
0.0528941
0.0498687
0.0464838
0.0429138
0.0392923
0.0357693
0.0324737
0.0295058
0.0269239
0.0247485
0.0229754
0.0215705
0.0204794
0.0196447
0.0190164
0.0185567
0.0182165
0.0179596
0.0177822
0.0176503
0.0175786
0.0639778
0.0601513
0.0561988
0.0519963
0.0475859
0.0431447
0.0388521
0.0348614
0.0312724
0.0281553
0.0255403
0.0234229
0.0217721
0.0205322
0.019622
0.0189593
0.0184747
0.0181277
0.0178804
0.0176933
0.0175496
0.0174246
0.0173313
0.0694257
0.0646413
0.0595328
0.0540052
0.0483758
0.0429258
0.037881
0.0334055
0.0295582
0.0263617
0.0237961
0.0218084
0.0203258
0.0192684
0.018543
0.018061
0.0177396
0.0175307
0.0174119
0.0173442
0.0172904
0.0172347
0.0171792
0.0759727
0.0686635
0.0615854
0.0545669
0.0477778
0.0415126
0.0359559
0.0311849
0.027237
0.0240986
0.0216979
0.0199308
0.0186779
0.0178308
0.0172943
0.0169887
0.0168307
0.0167654
0.0167777
0.0168319
0.0168867
0.0169402
0.0169672
0.0810931
0.0719712
0.0628648
0.054074
0.0460621
0.0391099
0.0332338
0.0283892
0.0245363
0.0215962
0.0194549
0.0179735
0.017
0.0164001
0.0160704
0.0159387
0.0159344
0.0160006
0.0161202
0.0162609
0.0163943
0.0165376
0.0166332
0.0858671
0.0729303
0.0617271
0.0515911
0.0428353
0.035516
0.0295504
0.0248519
0.0213082
0.0187553
0.0170201
0.0159288
0.015312
0.0150233
0.0149521
0.015024
0.0151827
0.0153785
0.0155869
0.0157805
0.0159493
0.0161248
0.0162379
0.0870294
0.0718567
0.0585415
0.0471156
0.0379549
0.0306445
0.0249157
0.0206184
0.0175791
0.0155735
0.0143755
0.0137731
0.0135813
0.0136568
0.0138925
0.0142063
0.0145513
0.0148896
0.0151923
0.0154422
0.015635
0.0158041
0.0158888
0.0846965
0.0662794
0.0523778
0.0406746
0.0315697
0.0245774
0.0193554
0.0156874
0.0133272
0.0120014
0.011445
0.0114142
0.0117064
0.0121857
0.0127617
0.0133514
0.0139116
0.0144186
0.0148403
0.0151784
0.0154223
0.0156021
0.0156548
0.0748548
0.0581198
0.0443611
0.0330553
0.0241333
0.0175845
0.0129904
0.0100854
0.00853322
0.00799227
0.00815721
0.00876249
0.00958795
0.0105059
0.0114469
0.0123387
0.0131421
0.0138479
0.0144208
0.014887
0.0152258
0.0154686
0.0155233
0.0617647
0.0490718
0.0372735
0.0269958
0.0183341
0.0117471
0.00746768
0.00512126
0.00424449
0.00439406
0.00520519
0.00638946
0.007702
0.00901587
0.0102752
0.0114283
0.0124418
0.0133184
0.0140248
0.0146072
0.0150448
0.0153686
0.0154643
0.0432193
0.0317085
0.0236889
0.016391
0.0102559
0.00519525
0.0022146
0.00100839
0.00109435
0.00201807
0.00343255
0.00508272
0.00674133
0.00830678
0.00974401
0.0110253
0.0121291
0.0130691
0.0138222
0.0144445
0.0149223
0.0152779
0.0154153
0.02024
0.009022
0.00429086
0.000323276
-0.00192026
-0.0031519
-0.00321211
-0.00238692
-0.000921635
0.00090687
0.00289325
0.00489026
0.00674311
0.00840635
0.00987484
0.0111443
0.0122112
0.0131019
0.013808
0.0143878
0.0148366
0.015163
0.0153245
-0.000998001
-0.0107381
-0.0127664
-0.0141547
-0.0128755
-0.010657
-0.00804351
-0.00532385
-0.00257495
8.54856e-05
0.0025928
0.00489905
0.00693558
0.00869055
0.0101758
0.0114135
0.0124207
0.0132393
0.0138735
0.0143831
0.0147696
0.0150328
0.0151912
-0.020721
-0.0263632
-0.0243067
-0.0232358
-0.0197418
-0.0158261
-0.0117676
-0.007863
-0.00420769
-0.000900406
0.0020585
0.00466257
0.00690639
0.00879529
0.010341
0.0115887
0.0125721
0.013349
0.0139323
0.0143868
0.0147125
0.0149067
0.0150393
-0.0398445
-0.0398622
-0.0335841
-0.0298807
-0.0245688
-0.0196026
-0.014715
-0.0100706
-0.00579234
-0.00200725
0.00132644
0.0042007
0.00663808
0.00866816
0.0103028
0.0115991
0.0125983
0.0133713
0.0139369
0.0143673
0.0146547
0.0147974
0.0148957
-0.0585926
-0.0528914
-0.0430568
-0.0364448
-0.029179
-0.0229928
-0.0172691
-0.0119571
-0.00716551
-0.0030125
0.000619139
0.00370453
0.00628437
0.00842248
0.0101335
0.0114831
0.0125137
0.0133031
0.0138754
0.0143089
0.0145848
0.014705
0.0147763
-0.0752642
-0.0645518
-0.0523152
-0.0428826
-0.0338045
-0.0262225
-0.0195363
-0.0135051
-0.00823345
-0.00377927
9.09107e-05
0.00332163
0.00598603
0.00818353
0.0099339
0.0113146
0.0123686
0.0131742
0.0137619
0.014211
0.0144944
0.0146198
0.0146801
)
;

boundaryField
{
    outlet
    {
        type            fixedValue;
        value           uniform 0;
    }
    upperWall
    {
        type            symmetryPlane;
    }
    lowerWall
    {
        type            symmetryPlane;
    }
    inlet
    {
        type            zeroGradient;
    }
    cylinder
    {
        type            zeroGradient;
    }
    frontAndBack
    {
        type            empty;
    }
}


// ************************************************************************* //
