/*--------------------------------*- C++ -*----------------------------------*\
| =========                 |                                                 |
| \\      /  F ield         | OpenFOAM: The Open Source CFD Toolbox           |
|  \\    /   O peration     | Version:  2312                                  |
|   \\  /    A nd           | Website:  www.openfoam.com                      |
|    \\/     M anipulation  |                                                 |
\*---------------------------------------------------------------------------*/
FoamFile
{
    version     2.0;
    format      ascii;
    arch        "LSB;label=32;scalar=64";
    class       volScalarField;
    location    "105.05";
    object      p;
}
// * * * * * * * * * * * * * * * * * * * * * * * * * * * * * * * * * * * * * //

dimensions      [0 2 -2 0 0 0 0];

internalField   nonuniform List<scalar> 
5478
(
-0.487586
-0.484751
-0.477275
-0.468474
-0.46088
-0.455847
-0.452626
-0.448808
-0.441407
-0.428244
-0.40896
-0.38423
-0.356364
-0.322872
-0.286231
-0.50076
-0.49692
-0.490206
-0.481799
-0.472262
-0.461264
-0.44858
-0.433686
-0.41608
-0.395683
-0.372672
-0.347552
-0.320246
-0.290999
-0.262395
-0.519404
-0.513494
-0.50567
-0.495629
-0.481269
-0.462458
-0.44079
-0.417726
-0.393973
-0.369676
-0.344824
-0.319305
-0.293426
-0.267192
-0.240673
-0.543188
-0.534114
-0.523867
-0.509169
-0.4871
-0.459944
-0.431108
-0.402523
-0.374828
-0.348079
-0.322055
-0.296701
-0.271818
-0.247472
-0.224488
-0.57303
-0.558836
-0.544941
-0.521851
-0.489952
-0.454866
-0.420352
-0.387831
-0.357551
-0.329256
-0.302648
-0.27738
-0.253249
-0.230383
-0.208043
-0.609308
-0.587985
-0.566181
-0.531356
-0.489178
-0.447082
-0.408036
-0.37258
-0.340401
-0.311051
-0.284047
-0.259032
-0.235756
-0.213936
-0.193121
-0.64503
-0.618698
-0.583154
-0.534661
-0.483095
-0.435135
-0.39241
-0.354663
-0.321177
-0.291243
-0.264282
-0.239815
-0.217473
-0.196965
-0.177359
-0.673683
-0.643359
-0.591331
-0.529246
-0.469636
-0.416948
-0.371497
-0.33224
-0.298062
-0.268094
-0.2416
-0.218037
-0.19702
-0.178027
-0.1606
-0.486449
-0.485367
-0.487123
-0.49527
-0.510055
-0.531721
-0.560137
-0.594221
-0.631699
-0.669087
-0.702754
-0.727712
-0.739548
-0.732804
-0.701063
-0.499339
-0.495959
-0.497454
-0.505616
-0.521008
-0.543931
-0.574258
-0.610882
-0.651486
-0.692363
-0.729638
-0.758818
-0.77295
-0.767707
-0.732152
-0.504972
-0.499288
-0.499045
-0.504977
-0.517976
-0.538445
-0.566193
-0.600059
-0.63781
-0.676064
-0.711296
-0.739228
-0.752445
-0.745476
-0.706717
-0.503517
-0.496187
-0.492961
-0.49432
-0.502014
-0.516956
-0.539141
-0.567521
-0.600016
-0.634038
-0.665318
-0.690098
-0.698566
-0.684944
-0.638665
-0.497208
-0.489638
-0.483205
-0.478779
-0.479615
-0.487735
-0.503774
-0.527149
-0.55558
-0.586646
-0.61315
-0.630743
-0.629135
-0.605402
-0.551908
-0.489301
-0.482926
-0.47423
-0.464937
-0.459806
-0.462134
-0.473605
-0.493601
-0.518854
-0.543813
-0.561046
-0.566028
-0.551613
-0.519332
-0.467215
-0.482933
-0.478409
-0.468888
-0.457301
-0.449305
-0.448866
-0.457688
-0.473354
-0.491185
-0.504465
-0.508227
-0.498328
-0.473438
-0.439039
-0.3949
-0.481534
-0.478365
-0.469581
-0.458478
-0.450681
-0.448905
-0.453309
-0.460836
-0.466686
-0.465853
-0.455595
-0.434585
-0.405908
-0.372545
-0.335639
-0.604057
-0.439365
-0.310711
-0.254392
-0.254105
-0.253444
-0.200902
-0.155488
-0.13956
-0.133264
-0.136219
-0.138975
-0.143095
-0.14944
-0.143513
-0.114431
-0.100216
-0.116746
-0.138442
-0.128961
-0.112554
-0.115781
-0.135954
-0.121073
-0.129934
-0.137718
-0.176371
-0.144776
-0.119822
-0.0447194
-0.0299267
-0.0203509
-0.00654599
-0.0057039
-0.00628098
-0.00150448
-0.00118672
-0.000778101
-0.62837
-0.446272
-0.293077
-0.207497
-0.181593
-0.168645
-0.147568
-0.136219
-0.138668
-0.14325
-0.1603
-0.170834
-0.157909
-0.151895
-0.145468
-0.118673
-0.106921
-0.124606
-0.144379
-0.13111
-0.106838
-0.101398
-0.125616
-0.116069
-0.139223
-0.163292
-0.191697
-0.133637
-0.111268
-0.0486822
-0.0333596
-0.0200979
-0.00678559
-0.00600875
-0.00612409
-0.00187907
-0.0012391
-0.000695285
-0.602666
-0.432078
-0.274997
-0.178308
-0.134607
-0.0933349
-0.0921645
-0.116156
-0.138224
-0.153957
-0.183973
-0.203088
-0.173626
-0.153499
-0.144982
-0.12172
-0.112655
-0.131485
-0.148878
-0.131828
-0.100449
-0.087324
-0.114271
-0.109626
-0.144701
-0.185272
-0.201751
-0.119834
-0.0999912
-0.0518645
-0.0364537
-0.0198141
-0.00708671
-0.00633701
-0.00596296
-0.00225682
-0.00129333
-0.000626243
-0.533517
-0.393715
-0.258682
-0.166231
-0.115517
-0.0625526
-0.0498308
-0.0950325
-0.131479
-0.158208
-0.201256
-0.22729
-0.188047
-0.153439
-0.140895
-0.122502
-0.116885
-0.137224
-0.152504
-0.132232
-0.0940247
-0.0746463
-0.102038
-0.10183
-0.145388
-0.202211
-0.207001
-0.105657
-0.0870149
-0.0540476
-0.0390124
-0.0196004
-0.0074609
-0.00666727
-0.00582426
-0.00262901
-0.00134406
-0.00056908
-0.448839
-0.348024
-0.24425
-0.159443
-0.111273
-0.0673883
-0.0406694
-0.0885649
-0.125306
-0.148844
-0.20129
-0.232869
-0.198592
-0.152742
-0.135062
-0.120363
-0.119177
-0.141721
-0.154941
-0.131723
-0.0879088
-0.0641402
-0.0894028
-0.0929808
-0.141119
-0.214101
-0.208355
-0.0929134
-0.0730845
-0.0551952
-0.0407732
-0.0195308
-0.00792001
-0.00697489
-0.00574376
-0.00299484
-0.00138738
-0.000519419
-0.37853
-0.310224
-0.228166
-0.157379
-0.11252
-0.0752855
-0.0511033
-0.0932064
-0.122111
-0.132228
-0.180818
-0.221256
-0.195624
-0.14842
-0.127272
-0.114331
-0.118383
-0.143739
-0.156912
-0.132047
-0.0834258
-0.0560499
-0.0769255
-0.08285
-0.132285
-0.220972
-0.206057
-0.0829246
-0.0592895
-0.055488
-0.041678
-0.0196776
-0.00846464
-0.00722658
-0.00575103
-0.00336068
-0.00142083
-0.000471285
-0.330349
-0.286036
-0.217533
-0.153627
-0.108207
-0.0764561
-0.0625558
-0.0820332
-0.111583
-0.107777
-0.152632
-0.198961
-0.190478
-0.14547
-0.121258
-0.10538
-0.113375
-0.143623
-0.156096
-0.130083
-0.0788217
-0.0503251
-0.0658626
-0.0709343
-0.118115
-0.224282
-0.198991
-0.0764666
-0.0454341
-0.0549707
-0.0414835
-0.0201354
-0.00913543
-0.00739366
-0.00586304
-0.00374286
-0.00144092
-0.000417425
-0.299811
-0.26952
-0.217511
-0.160165
-0.115525
-0.0803977
-0.0580639
-0.0797764
-0.0983872
-0.0855787
-0.118883
-0.162292
-0.165122
-0.135926
-0.113687
-0.0946143
-0.103829
-0.140159
-0.155966
-0.130868
-0.0767752
-0.0465545
-0.0539799
-0.059366
-0.100346
-0.224489
-0.188678
-0.0742221
-0.0329237
-0.0534159
-0.0403114
-0.020828
-0.00985118
-0.00744721
-0.00608464
-0.00414877
-0.00145502
-0.000353357
-0.261725
-0.244828
-0.193004
-0.138991
-0.0945622
-0.0579367
-0.0204575
-0.00831212
-0.0207122
-0.0321405
-0.0871351
-0.145753
-0.147939
-0.118435
-0.0947741
-0.0800201
-0.0947644
-0.129151
-0.144632
-0.122704
-0.0721087
-0.0433992
-0.0497862
-0.0516986
-0.0901148
-0.213467
-0.173282
-0.0735467
-0.0278618
-0.0508381
-0.0377525
-0.0220745
-0.0108902
-0.00728827
-0.0064898
-0.00470059
-0.00143566
-0.000257389
-0.194537
-0.184895
-0.144275
-0.101296
-0.0646013
-0.0341697
0.00633179
0.03936
0.0444154
0.0197109
-0.044842
-0.10224
-0.10397
-0.0849689
-0.0672493
-0.0561103
-0.0759723
-0.120029
-0.140839
-0.108926
-0.0568797
-0.0298771
-0.0389203
-0.0367128
-0.0697471
-0.195242
-0.162799
-0.0594111
-0.0239148
-0.0460779
-0.0366249
-0.0230147
-0.0122884
-0.00716022
-0.00717219
-0.00539966
-0.00141233
-0.000120676
-0.15214
-0.149131
-0.122249
-0.0868044
-0.0523317
-0.0218044
0.0199244
0.0604038
0.0671098
0.0432604
-0.00775048
-0.0495986
-0.061743
-0.059032
-0.0454497
-0.0329761
-0.0469134
-0.0860544
-0.104607
-0.0805198
-0.0352196
-0.0173439
-0.028478
-0.022829
-0.045046
-0.162943
-0.132666
-0.0405515
-0.0233108
-0.041062
-0.0340288
-0.023805
-0.0141514
-0.00695158
-0.00805197
-0.00628926
-0.00141154
4.74672e-05
-0.116202
-0.114813
-0.0942439
-0.0648064
-0.0358285
-0.00925568
0.0230082
0.0515516
0.0619281
0.0462171
0.0131162
-0.00994525
-0.0275115
-0.0309737
-0.0200023
-0.00722976
-0.0166244
-0.0448486
-0.0593967
-0.0498781
-0.0208397
-0.0107013
-0.0181871
-0.00749503
-0.0216569
-0.118459
-0.0832007
-0.0214328
-0.0202307
-0.0339646
-0.0305526
-0.0249421
-0.0164066
-0.00658927
-0.00917163
-0.00741416
-0.00146036
0.00023378
-0.0871711
-0.0872325
-0.0736294
-0.0521662
-0.0296321
-0.00861942
0.0154797
0.0366745
0.0471608
0.0378154
0.0168577
-0.00631814
-0.0107917
-0.014713
-0.00921238
0.00688168
0.0117619
0.000891147
-0.0117847
-0.0238099
-0.0150303
-0.00785653
-0.0121645
0.00288959
-0.0043288
-0.0665018
-0.0225033
-8.4807e-05
-0.0123739
-0.0240147
-0.0260756
-0.0259466
-0.0190169
-0.00624532
-0.0105587
-0.00873052
-0.00156684
0.00040742
-0.0655786
-0.0661568
-0.0569864
-0.0414217
-0.0241564
-0.00775491
0.00914623
0.0238107
0.0322464
0.0284734
0.0170079
0.00640031
0.00144298
-0.000193197
0.00507197
0.0179188
0.0221164
0.0191696
0.0100924
-0.00782734
-0.00970027
-0.00384074
-0.00494629
0.00956099
-0.000116581
-0.0251888
0.0239479
0.0183043
-0.000695453
-0.0110229
-0.0199718
-0.0262737
-0.0212386
-0.00610225
-0.0122218
-0.0102356
-0.00172893
0.000563049
-0.0482425
-0.0491361
-0.0432915
-0.0325577
-0.0201107
-0.00813904
0.0035939
0.013738
0.0204352
0.0202997
0.0154144
0.0101006
0.00753526
0.00644908
0.00905676
0.0198565
0.0255872
0.0247696
0.0183412
0.00369058
-0.00116938
0.00180742
0.00101126
0.0130633
0.00387158
0.00141892
0.043098
0.0277411
0.00741061
0.00261744
-0.0113074
-0.0251725
-0.0214095
-0.00579389
-0.0139169
-0.0122521
-0.00207417
0.000651305
-0.0346828
-0.0359227
-0.0324492
-0.0252549
-0.016529
-0.00794385
0.00027349
0.00740415
0.0126649
0.0143252
0.0129671
0.0109012
0.0103388
0.0111067
0.0135569
0.020872
0.0245847
0.0220976
0.0188341
0.0100461
0.00566542
0.00692799
0.00672884
0.0153312
0.008397
0.0103582
0.0375939
0.0295368
0.0136049
0.0125106
-0.00283656
-0.0221141
-0.0181528
-0.00465014
-0.0145625
-0.0140443
-0.00255553
0.000478155
-0.0243152
-0.0256545
-0.0236367
-0.0188945
-0.0129442
-0.00694501
-0.00118769
0.00386987
0.00793876
0.0101774
0.0108173
0.0108922
0.0112991
0.012353
0.0136464
0.0183473
0.0214232
0.0198936
0.017783
0.0127228
0.00994774
0.0100671
0.00900993
0.0158538
0.0125655
0.0138504
0.0315723
0.0277907
0.0172387
0.0172125
0.00463769
-0.0159588
-0.0116356
-0.00239137
-0.0125667
-0.0131455
-0.00256129
8.27284e-05
-0.0162257
-0.0174479
-0.0163956
-0.0133905
-0.00941265
-0.00526908
-0.00121218
0.00239156
0.0055536
0.00776837
0.00912499
0.0100125
0.0108331
0.0123853
0.0138531
0.0167308
0.018858
0.0179456
0.0165218
0.0137915
0.012115
0.0122666
0.0115226
0.0161409
0.0149964
0.0149437
0.0258122
0.0248976
0.0187905
0.017885
0.00990704
-0.00779652
-0.00465034
0.000352315
-0.00796642
-0.00911978
-0.0017931
-3.19085e-05
-0.00975441
-0.0109188
-0.0104755
-0.00861558
-0.0059786
-0.00316773
-0.000359561
0.00220459
0.00460641
0.00656218
0.00803847
0.00929803
0.0104106
0.0119182
0.0131229
0.0147997
0.0163502
0.0161237
0.0153252
0.0139182
0.0130586
0.0130091
0.0122458
0.0155598
0.0157178
0.0155867
0.0216416
0.0217056
0.0182456
0.0172538
0.0122834
-0.00111954
0.000712443
0.00257369
-0.00344127
-0.00475211
-0.000641994
0.000173722
-0.00472057
-0.00576333
-0.00565172
-0.00452229
-0.00279975
-0.000912475
0.0010118
0.00283728
0.00460219
0.00618135
0.00752341
0.00876933
0.00984815
0.0111252
0.0122739
0.0134467
0.0145602
0.0147229
0.0144072
0.0137635
0.0133633
0.0135571
0.0133305
0.01514
0.0157433
0.0155745
0.0187542
0.0189309
0.0170902
0.0160301
0.0125741
0.003418
0.00386922
0.00408973
-0.000244944
-0.0016203
0.000229398
0.000322823
-0.000717501
-0.00160816
-0.00170175
-0.00105664
5.18354e-05
0.00131628
0.00261287
0.00387323
0.00513359
0.00633846
0.00743523
0.00847984
0.00946604
0.0105297
0.0115246
0.0123984
0.013196
0.0135766
0.0136007
0.0133774
0.013275
0.013452
0.0134138
0.0145169
0.0151681
0.0150715
0.0165761
0.0166285
0.0154355
0.0144946
0.0119992
0.00600997
0.00516288
0.00470695
0.00138448
-0.000102965
0.000754155
0.00040669
0.00246296
0.00171389
0.00152902
0.0018802
0.00257413
0.00339253
0.00423425
0.00507854
0.00596491
0.00685057
0.00769338
0.0084994
0.00930273
0.0101394
0.010944
0.0116341
0.0122528
0.0127037
0.012917
0.0129333
0.0130254
0.0132606
0.0133695
0.0139578
0.0144235
0.0143671
0.0149734
0.0148762
0.0140491
0.0130784
0.0111423
0.00727906
0.00573499
0.00519372
0.0022398
0.00086844
0.00104942
0.000449475
0.00498759
0.00438456
0.00416827
0.00432573
0.00473383
0.00524213
0.00577475
0.00632051
0.00691408
0.00752634
0.00813342
0.00871909
0.00932702
0.00996472
0.0105849
0.0111405
0.0116286
0.012041
0.0123378
0.0124792
0.0126513
0.0128599
0.01299
0.0133073
0.0135764
0.0135395
0.0136705
0.0134287
0.0127125
0.0118171
0.0101986
0.00760627
0.00582422
0.00410692
0.00255408
0.00129873
0.00112733
0.000463679
0.00700797
0.0065234
0.00630046
0.00633947
0.00656068
0.00685648
0.00717006
0.00749716
0.00786994
0.00826929
0.00867934
0.00907906
0.00950693
0.0099658
0.0104286
0.010848
0.0112292
0.0115744
0.0118663
0.0120445
0.0122227
0.0124064
0.0125228
0.0126839
0.0127921
0.0127049
0.0126151
0.0122783
0.0116227
0.0108185
0.00943464
0.00758432
0.00597217
0.00446875
0.00291664
0.00163307
0.0011789
0.000476218
0.00860028
0.00821894
0.00801143
0.00798048
0.00807471
0.00822131
0.00838123
0.0085558
0.00876897
0.00900907
0.00926204
0.00950833
0.00978617
0.0100928
0.0104154
0.0107074
0.0109886
0.0112482
0.0114852
0.0116482
0.0117968
0.0119348
0.012006
0.0120582
0.0120628
0.0119267
0.0117156
0.0113428
0.0106917
0.00998583
0.00883548
0.00736583
0.00600849
0.00464091
0.0031927
0.00190528
0.00121604
0.000470391
0.00985252
0.0095556
0.00936783
0.00929387
0.00930335
0.00934863
0.00940381
0.00947175
0.00956945
0.00968947
0.00982173
0.00995336
0.0101121
0.0102924
0.0104951
0.0106779
0.0108633
0.0110344
0.0111958
0.0113107
0.0114069
0.011483
0.011506
0.0114837
0.011415
0.0112381
0.01096
0.0105923
0.00996929
0.00931385
0.00834901
0.00713853
0.0059823
0.0047402
0.00342656
0.00217439
0.00129469
0.00047422
0.0108226
0.0105905
0.0104232
0.0103253
0.0102799
0.0102569
0.0102408
0.0102351
0.0102508
0.0102847
0.0103277
0.0103729
0.0104385
0.0105204
0.0106237
0.0107124
0.0108113
0.0108973
0.0109837
0.0110345
0.0110731
0.0110857
0.0110571
0.0109782
0.0108521
0.0106498
0.0103407
0.0099733
0.00939263
0.00877426
0.00795258
0.00692974
0.00590947
0.00478599
0.00362149
0.00245975
0.00142837
0.000486613
0.0115528
0.0113688
0.0112197
0.0111093
0.0110291
0.0109617
0.0108989
0.0108437
0.0108035
0.0107761
0.0107556
0.0107379
0.0107342
0.0107421
0.0107647
0.0107801
0.0108053
0.01082
0.0108365
0.0108254
0.0108069
0.0107625
0.0106833
0.0105606
0.0103887
0.010165
0.00983611
0.00946534
0.00892861
0.00833791
0.00761651
0.00673257
0.00580929
0.00480239
0.00375405
0.00267973
0.00157613
0.000527437
0.012082
0.0119318
0.0117969
0.0116803
0.0115784
0.0114829
0.0113908
0.0113035
0.0112264
0.0111564
0.0110927
0.0110304
0.0109779
0.0109316
0.0108947
0.0108548
0.0108204
0.0107799
0.0107384
0.0106762
0.0106077
0.0105153
0.0103934
0.010237
0.0100281
0.00978174
0.00944731
0.00906292
0.00856926
0.00799801
0.00732974
0.0065433
0.00568299
0.00474171
0.00375971
0.00273279
0.00162389
0.000536039
0.0124317
0.0123027
0.0121777
0.0120584
0.0119444
0.0118329
0.0117237
0.0116174
0.0115169
0.0114203
0.0113288
0.0112382
0.0111542
0.0110712
0.0109954
0.0109158
0.0108422
0.0107612
0.0106792
0.0105808
0.0104729
0.0103472
0.0101932
0.0100111
0.00977882
0.00951388
0.00917319
0.00878654
0.00830835
0.00775552
0.0071239
0.00638742
0.00558106
0.0046873
0.00373817
0.00274075
0.00166129
0.000555734
0.0126067
0.0124881
0.0123687
0.012249
0.0121302
0.0120115
0.0118948
0.0117795
0.0116682
0.0115586
0.0114534
0.0113489
0.0112489
0.011148
0.0110514
0.0109522
0.0108566
0.0107548
0.01065
0.010532
0.0104023
0.0102572
0.0100858
0.00988898
0.00964488
0.00936774
0.00902723
0.0086361
0.00816889
0.00762615
0.00700929
0.00630249
0.0055193
0.00465187
0.00372458
0.00274155
0.00167331
0.000560378
-0.138853
-0.150857
-0.164464
-0.175979
-0.191663
-0.202153
-0.218611
-0.233139
-0.114805
-0.122427
-0.131241
-0.139206
-0.148528
-0.154552
-0.162496
-0.173419
-0.0923953
-0.0971644
-0.101866
-0.106725
-0.111697
-0.117458
-0.124489
-0.135111
-0.0741751
-0.0767125
-0.0792255
-0.0830993
-0.0876448
-0.0928958
-0.0978845
-0.104868
-0.0583702
-0.0599568
-0.0616916
-0.0646508
-0.0675722
-0.0704238
-0.0732971
-0.0783279
-0.0454647
-0.0461908
-0.0469844
-0.0485157
-0.0500785
-0.0520223
-0.0545226
-0.0588501
-0.0344208
-0.0345591
-0.0347898
-0.0356988
-0.036916
-0.0385146
-0.040382
-0.0435071
-0.02531
-0.0251808
-0.0251622
-0.0256937
-0.0264837
-0.0275178
-0.0287587
-0.0310315
-0.0177718
-0.017499
-0.0172961
-0.0174904
-0.0179141
-0.0185817
-0.0195414
-0.0214051
-0.011499
-0.0111771
-0.0108963
-0.0109118
-0.0111761
-0.0116977
-0.0125234
-0.0139908
-0.00634732
-0.00606492
-0.00580548
-0.00575866
-0.00592752
-0.0062938
-0.00689538
-0.00800224
-0.00213144
-0.00191539
-0.0016949
-0.00160617
-0.00168205
-0.00192691
-0.00239977
-0.00330685
0.00132639
0.00147236
0.00163819
0.00172041
0.00167154
0.00147618
0.00109241
0.000379174
0.00413478
0.00420772
0.00430758
0.00436032
0.00432243
0.00417506
0.00387907
0.00332303
0.00640728
0.0064184
0.00645921
0.00647926
0.00643955
0.00631732
0.0060796
0.00564848
0.00822492
0.00818783
0.0081788
0.00816576
0.00811846
0.00801663
0.00783297
0.00750894
0.0096682
0.00960049
0.00955725
0.00951923
0.00946391
0.00937348
0.00922534
0.00897884
0.0108046
0.0107183
0.0106513
0.0105928
0.0105274
0.0104415
0.0103192
0.0101337
0.0116812
0.0115859
0.0115052
0.0114335
0.0113607
0.0112775
0.0111737
0.0110324
0.01234
0.0122427
0.0121561
0.012077
0.011999
0.0119168
0.0118245
0.0117127
0.0128173
0.0127205
0.0126319
0.0125491
0.0124684
0.0123869
0.0123019
0.0122087
0.0131296
0.0130343
0.0129456
0.0128618
0.0127807
0.0127005
0.0126203
0.0125382
0.0132822
0.0131908
0.013104
0.0130208
0.0129398
0.0128602
0.0127818
0.0127041
0.0275311
0.0302863
0.032158
0.0323504
0.0303078
0.0260172
0.0193636
0.00972707
-0.00402561
-0.0235115
-0.050945
-0.0894038
-0.143973
-0.218346
-0.287017
0.0022529
0.0023696
-0.000156045
-0.00471213
-0.0111834
-0.0198897
-0.0314355
-0.0467367
-0.06706
-0.0941185
-0.13026
-0.17849
-0.24388
-0.331695
-0.405408
-0.0215616
-0.024847
-0.0318994
-0.0408907
-0.0514542
-0.0642817
-0.080362
-0.100804
-0.126951
-0.160594
-0.204265
-0.261126
-0.334612
-0.43417
-0.505124
-0.0460906
-0.0527799
-0.0633402
-0.0756459
-0.0895856
-0.106108
-0.126283
-0.151226
-0.18235
-0.221475
-0.271116
-0.335192
-0.415754
-0.516949
-0.584496
-0.0716843
-0.0813491
-0.0942785
-0.108811
-0.125331
-0.144932
-0.168546
-0.197129
-0.232183
-0.275595
-0.329367
-0.398195
-0.482513
-0.580582
-0.642167
-0.0963321
-0.108864
-0.123584
-0.13984
-0.158491
-0.180572
-0.206877
-0.238048
-0.275855
-0.321953
-0.378729
-0.449132
-0.533191
-0.624917
-0.677912
-0.119564
-0.134417
-0.150431
-0.168228
-0.188761
-0.21276
-0.240916
-0.274072
-0.313452
-0.360748
-0.418108
-0.487365
-0.567703
-0.649482
-0.693204
-0.141243
-0.157146
-0.17457
-0.194082
-0.216285
-0.24175
-0.271119
-0.305207
-0.345064
-0.392103
-0.448003
-0.513693
-0.586814
-0.655112
-0.690912
0.187237
0.201754
0.218067
0.236585
0.257327
0.280158
0.304972
0.331724
0.36033
0.390524
0.421697
0.452647
0.481336
0.503712
0.521962
0.18134
0.194647
0.209899
0.227546
0.24741
0.269172
0.292662
0.317836
0.344607
0.372653
0.401274
0.429145
0.454059
0.472008
0.485903
0.171283
0.182623
0.196233
0.212467
0.230838
0.250775
0.272001
0.29443
0.317929
0.342098
0.366104
0.388456
0.406667
0.41684
0.423459
0.157044
0.165874
0.177375
0.191616
0.207754
0.225037
0.243114
0.261833
0.280948
0.299887
0.3176
0.332355
0.34129
0.340427
0.337392
0.138735
0.144823
0.154167
0.166255
0.179663
0.193466
0.207358
0.221231
0.234768
0.24721
0.257233
0.262791
0.260608
0.246443
0.230973
0.116664
0.119382
0.126374
0.136224
0.146745
0.156805
0.166102
0.174514
0.181631
0.186526
0.187645
0.182652
0.167832
0.138696
0.108781
0.0914662
0.091538
0.0963
0.103121
0.109761
0.115334
0.119613
0.122308
0.122718
0.119654
0.111313
0.0950686
0.0668245
0.0220803
-0.0226723
0.0617273
0.0609419
0.0650192
0.06894
0.0711999
0.0716385
0.0703086
0.0667963
0.060124
0.0488252
0.0308389
0.00323216
-0.0385711
-0.0987474
-0.157158
0.0286287
0.033057
0.0293848
0.0333029
0.0308679
0.035152
0.0333827
0.0377973
0.0371333
0.0416261
0.0423795
0.0471629
0.0497103
0.0553223
0.0599727
0.067234
0.0745965
0.0845097
0.0954869
0.10939
0.125227
0.144708
0.167012
0.0286048
0.0329993
0.0293659
0.033231
0.030846
0.0350689
0.033353
0.0376797
0.0370707
0.0414823
0.0422619
0.0469242
0.0495327
0.0550786
0.0596345
0.0668766
0.0739671
0.0837708
0.094297
0.107898
0.1229
0.141681
0.162666
0.0285907
0.0329161
0.0293699
0.03313
0.03085
0.0349494
0.033354
0.0375265
0.0370509
0.0413511
0.0421931
0.0468
0.0493657
0.0547385
0.0592406
0.066373
0.0731563
0.0827978
0.0926396
0.105724
0.119495
0.137023
0.155506
0.0285857
0.0328095
0.0293826
0.033003
0.0308748
0.0348016
0.0333816
0.0373481
0.0370525
0.0411658
0.0421331
0.0465572
0.0492492
0.0545451
0.0589122
0.0660142
0.0722649
0.0817255
0.0905684
0.102905
0.114797
0.130399
0.145276
0.0285888
0.0326828
0.0294087
0.0328542
0.0309171
0.034632
0.0334285
0.0371442
0.0370699
0.0409529
0.0420804
0.0462387
0.0490469
0.0539876
0.0584068
0.0651951
0.0709956
0.079953
0.087825
0.0990537
0.108842
0.121794
0.131763
0.0285965
0.0325384
0.029442
0.0326899
0.03097
0.0344492
0.0334953
0.0369491
0.0371078
0.0407798
0.042079
0.0461446
0.0490497
0.0539782
0.0581111
0.0648217
0.0699515
0.0785901
0.084934
0.0949008
0.101552
0.111427
0.115656
0.0286141
0.0323791
0.0294868
0.0325173
0.03103
0.0342541
0.0335557
0.0367223
0.0371259
0.0405208
0.0420054
0.0457036
0.0487786
0.0532036
0.0573767
0.0634287
0.0682142
0.0758021
0.0811406
0.0891717
0.0933224
0.0984532
0.0964307
0.0286278
0.0322125
0.0295303
0.0323451
0.0310955
0.0340821
0.0336544
0.0365917
0.0372094
0.0404493
0.0421188
0.0459563
0.0488739
0.0534138
0.0573011
0.0633057
0.0672598
0.0744698
0.0775268
0.0838144
0.0831078
0.0846386
0.073906
0.0286435
0.0319879
0.0295923
0.0320895
0.0311567
0.0337713
0.0336837
0.0361917
0.0371226
0.0400107
0.0418586
0.0451058
0.0480895
0.0518128
0.0556407
0.0601196
0.0636905
0.0682491
0.0702337
0.0723372
0.0688377
0.0618744
0.0441472
0.028671
0.0316768
0.029673
0.0317395
0.0312084
0.0333013
0.0336478
0.0356188
0.0368578
0.0390499
0.0411031
0.0437705
0.0465699
0.0494315
0.0527353
0.0556895
0.0582726
0.0601412
0.0605818
0.0583213
0.0531292
0.0429294
0.0287931
0.0287203
0.0312913
0.0297742
0.0313146
0.0312781
0.0327443
0.0335948
0.0349685
0.036495
0.038187
0.0402792
0.0423307
0.0448159
0.0468921
0.0494445
0.0510436
0.052417
0.0522235
0.0509656
0.0466146
0.0401057
0.0297535
0.0163434
0.0287925
0.0308222
0.0298973
0.0308272
0.031322
0.0322203
0.0334062
0.0343575
0.0360066
0.0371995
0.0392505
0.0407408
0.0427308
0.0441758
0.0457413
0.0462415
0.0463819
0.044687
0.0420153
0.0366829
0.0294535
0.0195079
0.00705675
0.0288904
0.0302621
0.0300046
0.0303809
0.0312511
0.0317467
0.0330955
0.0337318
0.0353423
0.036191
0.0379742
0.0390349
0.0403602
0.0412915
0.0418418
0.0413599
0.040472
0.0377429
0.0341004
0.0284154
0.0211523
0.0119262
0.000664658
0.0290099
0.0296717
0.0300078
0.0299917
0.0310903
0.0312855
0.0326496
0.0330842
0.0345038
0.0350977
0.0364997
0.0371754
0.0378139
0.0382306
0.0379127
0.0365836
0.0349121
0.0316357
0.0274889
0.0218346
0.0150001
0.00668163
-0.00320231
0.0291077
0.0291078
0.0298929
0.0296449
0.0308193
0.0308322
0.0320675
0.0324032
0.0335025
0.0339008
0.0348713
0.0351587
0.035187
0.0350725
0.0340916
0.0321527
0.0299442
0.0264802
0.0222117
0.0168443
0.0106912
0.00344328
-0.00498901
0.0291573
0.0285861
0.0296747
0.0293217
0.0304293
0.0303714
0.0313596
0.0316507
0.0323835
0.0325887
0.033131
0.0330285
0.0325595
0.031961
0.0305102
0.0282261
0.0256981
0.0222798
0.0181992
0.0133146
0.00795393
0.00183995
-0.00517218
0.0291293
0.0281288
0.0293412
0.0290078
0.0299275
0.0298879
0.0305616
0.0308017
0.0311814
0.0311717
0.0313222
0.0308604
0.0300115
0.0290258
0.0272934
0.0248763
0.0222322
0.019021
0.0153291
0.0110571
0.00650543
0.00146965
-0.00424255
0.0290067
0.027748
0.0288928
0.028682
0.0293334
0.0293351
0.0297073
0.0298463
0.0299231
0.0296877
0.0294958
0.0287371
0.0276231
0.0263745
0.0245117
0.0221266
0.0195487
0.0166417
0.0134266
0.00981347
0.00603701
0.00196001
-0.00262076
0.0287774
0.0274401
0.0283495
0.0283098
0.0286887
0.0286984
0.0288176
0.0288021
0.0286301
0.0281812
0.0277077
0.0267345
0.0254688
0.0240745
0.022202
0.0199651
0.0175858
0.0150318
0.0123054
0.00932752
0.00625868
0.00300203
-0.000632786
0.0284377
0.0271891
0.0277474
0.0278435
0.0280212
0.0279815
0.0279028
0.0277065
0.0273292
0.0267074
0.0260184
0.0249193
0.0235924
0.0221578
0.0203672
0.0183437
0.0162373
0.0140521
0.0117853
0.00937454
0.00692015
0.00434472
0.00147903
0.0279953
0.0269653
0.0271461
0.0272541
0.0273249
0.0272078
0.0269721
0.0266034
0.0260611
0.0253171
0.0244827
0.0233267
0.0220119
0.0206207
0.0189739
0.0171941
0.0153859
0.0135565
0.0116986
0.00976707
0.00782352
0.00580088
0.00355094
0.0274708
0.026704
0.0265924
0.0265786
0.0265787
0.0263819
0.0260306
0.0255307
0.0248682
0.0240499
0.0231337
0.0219778
0.0207259
0.0194336
0.0179686
0.0164401
0.0149211
0.013413
0.0119042
0.0103649
0.00883494
0.00725582
0.0054992
0.0268921
0.0263482
0.0260779
0.0259269
0.0258071
0.0255189
0.0250889
0.0245086
0.0237792
0.0229298
0.0219873
0.0208736
0.0197148
0.0185518
0.0172836
0.0159946
0.0147366
0.0135051
0.0122863
0.0110627
0.00986214
0.00863494
0.00727186
0.0262901
0.0259025
0.0255787
0.025302
0.0250405
0.0246622
0.0241708
0.0235474
0.0228001
0.0219624
0.0210432
0.0200048
0.0189553
0.0179288
0.016848
0.015772
0.0147371
0.0137352
0.0127523
0.0117786
0.0108357
0.00988355
0.00883193
0.0256874
0.0253926
0.0250555
0.0246948
0.0243144
0.0238553
0.0233128
0.0226702
0.0219378
0.0211436
0.0202857
0.0193481
0.0184161
0.0175192
0.0166015
0.0157035
0.0148508
0.014034
0.0132396
0.0124621
0.0117184
0.0109786
0.0101734
0.0251003
0.0248551
0.0245127
0.0241033
0.0236465
0.0231272
0.0225473
0.021901
0.0211996
0.0204625
0.0196831
0.0188562
0.0180437
0.0172656
0.0164847
0.0157306
0.0150232
0.0143535
0.0137083
0.0130833
0.0124917
0.0119148
0.0113014
0.0245417
0.0243193
0.0239749
0.023542
0.0230461
0.0224936
0.0218934
0.021254
0.020589
0.0199111
0.0192123
0.0184917
0.0177915
0.0171201
0.0164533
0.0158136
0.0152182
0.0146618
0.0141314
0.0136226
0.0131453
0.01269
0.0122225
0.0240305
0.0238191
0.0234748
0.0230311
0.0225198
0.0219578
0.0213555
0.0207343
0.0201072
0.0194813
0.018852
0.0182216
0.0176189
0.0170434
0.0164755
0.0159296
0.0154207
0.0149483
0.0145025
0.0140785
0.0136832
0.0133143
0.0129519
0.023593
0.0233876
0.023044
0.0225988
0.0220861
0.0215277
0.020935
0.0203349
0.019742
0.0191574
0.0185798
0.0180155
0.0174861
0.0169902
0.0165089
0.0160458
0.0156102
0.0152046
0.0148231
0.0144616
0.0141252
0.0138169
0.0135288
0.0232595
0.0230561
0.0227153
0.0222742
0.0217657
0.0212161
0.0206375
0.0200581
0.019496
0.0189492
0.0184128
0.0178928
0.01741
0.0169685
0.0165502
0.0161449
0.0157537
0.0153834
0.0150378
0.014718
0.014426
0.0141625
0.0139237
0.0230771
0.0228767
0.0225345
0.022091
0.0215816
0.0210351
0.0204642
0.019894
0.0193482
0.0188248
0.018314
0.0178201
0.0173636
0.0169524
0.0165713
0.0162028
0.0158436
0.0155018
0.0151854
0.0148968
0.0146354
0.0144008
0.0141927
0.0230446
-0.000490092
-0.0236303
-0.0445517
-0.0660713
-0.0870799
-0.107105
-0.124
0.0132502
-0.00766635
-0.0319009
-0.0506588
-0.0659588
-0.080397
-0.0940925
-0.105252
0.0035616
-0.0130445
-0.0331435
-0.0478935
-0.0579479
-0.0676529
-0.0772916
-0.0857937
-0.00462008
-0.0178811
-0.0324757
-0.0437066
-0.0512067
-0.0581932
-0.0646676
-0.0702881
-0.00995626
-0.0204461
-0.0302157
-0.0378894
-0.0432654
-0.0481077
-0.0522638
-0.0559036
-0.012594
-0.0207212
-0.0269099
-0.0317464
-0.0355299
-0.0389983
-0.0418078
-0.0441124
-0.013035
-0.0192005
-0.0228825
-0.0256594
-0.0281752
-0.0306015
-0.0324667
-0.0338149
-0.0118825
-0.0165001
-0.0185142
-0.0198874
-0.0214339
-0.0230891
-0.0243394
-0.0251169
-0.0097186
-0.0131482
-0.0141019
-0.0145688
-0.0154098
-0.0165009
-0.0173451
-0.0177923
-0.0070082
-0.00953867
-0.00985439
-0.00977369
-0.0101231
-0.0107984
-0.0113604
-0.0116132
-0.00409921
-0.00595652
-0.00591637
-0.00553427
-0.00556178
-0.00593866
-0.0063086
-0.00646381
-0.00123346
-0.00259339
-0.00237751
-0.00185432
-0.00168498
-0.00185906
-0.00210113
-0.00221311
0.00144182
0.000444849
0.00072627
0.00129268
0.00157777
0.00153876
0.00138169
0.00128726
0.00387097
0.00314187
0.00342878
0.00396681
0.00429231
0.00433474
0.00423464
0.00414305
0.00602514
0.00549112
0.0057456
0.00621132
0.00652355
0.00660493
0.00654294
0.00645372
0.00788933
0.00750081
0.00770648
0.00808045
0.00834695
0.0084334
0.00838978
0.00830017
0.00947058
0.00918934
0.0093411
0.00961919
0.00982308
0.00989142
0.00985093
0.0097603
0.010785
0.0105823
0.0106829
0.0108713
0.0110078
0.0110456
0.0109983
0.0109056
0.0118475
0.0117011
0.0117572
0.0118682
0.0119408
0.0119429
0.0118822
0.0117862
0.0126777
0.0125678
0.0125863
0.0126337
0.0126509
0.0126186
0.0125434
0.0124444
0.0133209
0.0132268
0.0132077
0.0132013
0.0131723
0.0131105
0.0130221
0.0129203
0.013756
0.0136681
0.0136203
0.0135752
0.0135135
0.0134313
0.0133341
0.013231
0.01404
0.0139362
0.0138477
0.0137623
0.0136727
0.0135772
0.0134779
0.0133784
-0.451841
-0.460315
-0.469176
-0.481065
-0.497457
-0.518347
-0.540644
-0.558478
-0.452815
-0.458687
-0.464702
-0.473954
-0.486499
-0.501803
-0.518359
-0.531604
-0.454037
-0.457002
-0.460124
-0.465621
-0.473858
-0.483195
-0.490188
-0.490946
-0.454874
-0.454438
-0.453448
-0.453571
-0.454614
-0.454849
-0.451292
-0.441044
-0.452663
-0.448028
-0.441649
-0.434972
-0.428034
-0.41994
-0.408668
-0.391814
-0.44393
-0.434554
-0.422645
-0.409899
-0.397046
-0.383652
-0.367894
-0.347474
-0.426043
-0.412515
-0.396619
-0.380292
-0.364487
-0.348561
-0.330617
-0.308547
-0.398386
-0.382803
-0.365578
-0.348456
-0.332121
-0.315531
-0.296896
-0.274385
-0.362895
-0.348104
-0.332093
-0.316315
-0.300916
-0.284777
-0.266382
-0.244216
-0.323162
-0.311457
-0.298462
-0.285122
-0.271379
-0.256309
-0.238728
-0.217431
-0.28269
-0.275397
-0.266148
-0.255581
-0.243751
-0.230062
-0.213651
-0.193562
-0.244071
-0.241507
-0.236009
-0.228053
-0.21811
-0.205925
-0.190908
-0.17227
-0.209059
-0.210746
-0.208294
-0.202626
-0.194378
-0.183777
-0.170276
-0.153284
-0.178115
-0.182803
-0.183075
-0.179276
-0.172675
-0.163476
-0.151582
-0.136313
-0.150589
-0.158047
-0.160124
-0.158
-0.152543
-0.144516
-0.134204
-0.12091
-0.468482
-0.449642
-0.433956
-0.424019
-0.420821
-0.424024
-0.432382
-0.442395
-0.469254
-0.451703
-0.43717
-0.428231
-0.425718
-0.429061
-0.437012
-0.445544
-0.470701
-0.452969
-0.438685
-0.430405
-0.428679
-0.43273
-0.440952
-0.44872
-0.477194
-0.457529
-0.442011
-0.433359
-0.431862
-0.436497
-0.444903
-0.451905
-0.488969
-0.465454
-0.446864
-0.43641
-0.434223
-0.438986
-0.447182
-0.452693
-0.505905
-0.476016
-0.451876
-0.437684
-0.43347
-0.437475
-0.44458
-0.447708
-0.527558
-0.4882
-0.455362
-0.434931
-0.426872
-0.428848
-0.434287
-0.433841
-0.552759
-0.500495
-0.455289
-0.425692
-0.411691
-0.410061
-0.412459
-0.409041
-0.579526
-0.510969
-0.449603
-0.407798
-0.386002
-0.379517
-0.378981
-0.37398
-0.605109
-0.517531
-0.436802
-0.380147
-0.3489
-0.337482
-0.33533
-0.331626
-0.626141
-0.517969
-0.415959
-0.343439
-0.301173
-0.286377
-0.28627
-0.286622
-0.638741
-0.509885
-0.386029
-0.29914
-0.253019
-0.234704
-0.236054
-0.242282
-0.63965
-0.491563
-0.346669
-0.242521
-0.1869
-0.176408
-0.187841
-0.201648
-0.627892
-0.463527
-0.30085
-0.190683
-0.136691
-0.125655
-0.145788
-0.166462
-0.600404
-0.427022
-0.249238
-0.124522
-0.0804661
-0.0827336
-0.110657
-0.136564
-0.51297
-0.362176
-0.187317
-0.0604909
-0.0159921
-0.0412192
-0.0787043
-0.105913
-0.401846
-0.317412
-0.182731
-0.0567877
0.00769055
0.0104066
-0.021392
-0.0695554
-0.313182
-0.280477
-0.212049
-0.13054
-0.0631524
-0.0255392
-0.021884
-0.0452004
-0.29859
-0.320326
-0.318608
-0.281773
-0.220319
-0.160401
-0.101284
-0.068428
-0.32329
-0.37284
-0.393133
-0.37484
-0.324934
-0.263296
-0.196289
-0.121631
-0.320447
-0.361311
-0.37549
-0.360119
-0.322377
-0.269936
-0.216057
-0.152768
-0.24286
-0.269433
-0.279271
-0.271347
-0.25011
-0.219976
-0.19268
-0.153927
-0.172055
-0.18299
-0.187229
-0.185732
-0.177985
-0.164244
-0.152116
-0.133595
-0.140026
-0.139962
-0.138313
-0.135168
-0.131178
-0.126149
-0.12263
-0.112194
-0.126161
-0.122567
-0.119694
-0.116029
-0.111879
-0.106806
-0.102836
-0.0988246
-0.118187
-0.108103
-0.10535
-0.106423
-0.104911
-0.0965458
-0.0872794
-0.0805651
-0.113295
-0.0958041
-0.0877323
-0.0883945
-0.0946365
-0.102512
-0.103678
-0.0918315
-0.1292
-0.117664
-0.109586
-0.108029
-0.113005
-0.118421
-0.122919
-0.12356
-0.144333
-0.138068
-0.132658
-0.129588
-0.131141
-0.135856
-0.141231
-0.148011
-0.138735
-0.132768
-0.127248
-0.122435
-0.118417
-0.118517
-0.116005
-0.118769
-0.109605
-0.104447
-0.099094
-0.0937803
-0.0893099
-0.0870571
-0.0842006
-0.0849717
-0.0930452
-0.0851283
-0.077415
-0.0708438
-0.066327
-0.0640487
-0.0631703
-0.063457
-0.108145
-0.098683
-0.0892938
-0.0805395
-0.0740404
-0.0687594
-0.0652189
-0.0603798
-0.131
-0.121987
-0.112187
-0.102156
-0.0927931
-0.0841794
-0.0771389
-0.0691895
-0.125304
-0.119897
-0.112986
-0.104444
-0.0945401
-0.0833812
-0.0717767
-0.0612117
-0.117256
-0.120358
-0.12148
-0.119792
-0.11504
-0.106816
-0.0938761
-0.0789295
-0.129912
-0.142717
-0.153297
-0.160768
-0.164612
-0.164403
-0.160241
-0.151522
-0.145067
-0.152882
-0.159384
-0.164617
-0.16747
-0.168491
-0.165153
-0.161556
-0.124245
-0.125612
-0.125328
-0.124378
-0.122525
-0.120625
-0.116739
-0.114367
-0.117749
-0.103803
-0.0895655
-0.0769242
-0.0668294
-0.0608434
-0.0558671
-0.0549959
-0.110141
-0.0829086
-0.0582529
-0.0377128
-0.0214873
-0.00991069
-0.00257042
0.000879422
-0.15729
-0.135907
-0.113404
-0.0905946
-0.0686899
-0.0480083
-0.0278445
-0.00988759
-0.15257
-0.156464
-0.156577
-0.152986
-0.146321
-0.137059
-0.125815
-0.11246
-0.125448
-0.128042
-0.127959
-0.125405
-0.119961
-0.112725
-0.10308
-0.0931416
-0.0402957
-0.0357275
-0.031484
-0.0279173
-0.0249413
-0.0228211
-0.0213377
-0.020643
-0.0263828
-0.0228589
-0.0194905
-0.0163962
-0.0136107
-0.01122
-0.00914724
-0.00734528
-0.020499
-0.0205069
-0.020338
-0.0199827
-0.0194314
-0.0187515
-0.0180546
-0.017141
-0.0063456
-0.00618331
-0.00606861
-0.00600578
-0.00599299
-0.00605123
-0.0061936
-0.00642041
-0.00543539
-0.00520067
-0.00499218
-0.00479672
-0.00459733
-0.0043773
-0.00412304
-0.0038115
-0.00640683
-0.00648796
-0.00651904
-0.00650149
-0.00644341
-0.00635501
-0.00624493
-0.00611624
-0.00114745
-0.000826294
-0.000595786
-0.000418182
-0.000341098
-0.000379345
-0.000540493
-0.000830655
-0.00114102
-0.0011038
-0.00107429
-0.0010459
-0.00100759
-0.000945168
-0.000843887
-0.000688064
-0.00087369
-0.000977584
-0.00108148
-0.00117425
-0.00125426
-0.0012877
-0.00127089
-0.0011915
-0.113095
-0.106869
-0.09046
-0.0742147
-0.0586286
-0.044507
-0.0324882
-0.0222687
-0.0137139
-0.00689694
-0.00134343
0.00317319
0.00668012
0.00947892
0.0116784
0.0133746
0.0146795
0.0156627
0.0163895
0.01691
0.0172653
0.017484
0.0175907
-0.0907196
-0.0919079
-0.0850696
-0.0743517
-0.0608501
-0.047786
-0.0358283
-0.0252057
-0.0162902
-0.00898842
-0.00295068
0.00187039
0.00567605
0.00872041
0.0110939
0.0129297
0.0143366
0.0153935
0.0161721
0.0167275
0.0171046
0.0173362
0.0174489
-0.064571
-0.0735167
-0.0742915
-0.0680054
-0.0574486
-0.046459
-0.0354369
-0.0253806
-0.016764
-0.00942302
-0.0033961
0.00143187
0.00531511
0.00839663
0.0108039
0.0126751
0.0141094
0.0151909
0.0159881
0.0165578
0.0169455
0.0171837
0.0172998
-0.0667504
-0.0675241
-0.066206
-0.0600037
-0.0513002
-0.0417294
-0.0320441
-0.0231222
-0.015227
-0.00838407
-0.00279146
0.00178219
0.0054736
0.00842606
0.010758
0.0125787
0.0139806
0.0150458
0.015835
0.0164022
0.0167896
0.0170295
0.0171468
-0.0972164
-0.0771724
-0.0647444
-0.0544633
-0.044875
-0.0358471
-0.0271526
-0.0193314
-0.0123496
-0.00633797
-0.00138198
0.0027367
0.00607895
0.00877179
0.0109249
0.0126196
0.01394
0.0149539
0.0157108
0.0162592
0.0166375
0.0168732
0.0169892
-0.11948
-0.0869873
-0.067377
-0.0516574
-0.0397521
-0.0304412
-0.0218605
-0.0148787
-0.00877576
-0.00367931
0.000534085
0.00406406
0.00695821
0.00931404
0.0112403
0.0127682
0.0139745
0.0149114
0.0156181
0.016135
0.0164937
0.0167192
0.0168307
-0.12264
-0.0870585
-0.0663047
-0.0468537
-0.0347983
-0.0247144
-0.0163579
-0.0101337
-0.00488619
-0.000703513
0.00273455
0.00562077
0.00801991
0.00999238
0.0116573
0.0129959
0.0140657
0.0149077
0.0155488
0.016022
0.0163539
0.0165635
0.0166679
-0.109238
-0.0771071
-0.0606313
-0.0391828
-0.0286966
-0.0175137
-0.0102487
-0.00497532
-0.000683505
0.00250941
0.00510162
0.00729451
0.00916684
0.0107673
0.0121314
0.0132621
0.0141816
0.0149199
0.0154904
0.015917
0.0162178
0.016409
0.0165046
-0.0900624
-0.0659011
-0.051919
-0.031373
-0.0219278
-0.00985821
-0.00386268
0.000643049
0.00384459
0.00589648
0.00757775
0.00902163
0.010332
0.011524
0.0125907
0.0135159
0.0142919
0.0149267
0.0154257
0.0158039
0.0160742
0.0162475
0.016335
-0.0807241
-0.060059
-0.043908
-0.0212758
-0.0117624
0.0007623
0.0041929
0.00754537
0.00894083
0.00963311
0.0102427
0.0108715
0.0115883
0.0123416
0.0130903
0.0137881
0.0144077
0.0149352
0.0153625
0.0156934
0.0159324
0.0160869
0.016165
-0.0705985
-0.0502394
-0.0326137
-0.0103645
0.00164098
0.0127378
0.0141508
0.0156995
0.0146533
0.013768
0.013131
0.0128437
0.0128846
0.0131889
0.0136218
0.0140955
0.0145527
0.0149646
0.0153097
0.0155833
0.0157861
0.0159191
0.015987
-0.0749975
-0.0540952
-0.022466
0.00198213
0.019959
0.0267184
0.0262967
0.0242953
0.0206435
0.0179531
0.0159945
0.0148331
0.0142714
0.0141262
0.014224
0.0144557
0.0147367
0.0150222
0.0152774
0.0154889
0.0156491
0.0157548
0.015809
-0.11061
-0.0955689
-0.038292
0.00786412
0.0404596
0.0445338
0.0392397
0.03213
0.0259325
0.0215574
0.0185221
0.0166102
0.0155292
0.0150009
0.0148102
0.0148291
0.014939
0.0150921
0.0152485
0.0153894
0.0155027
0.0155804
0.0156209
-0.126626
-0.124954
-0.0559766
0.00604072
0.0429156
0.0489944
0.0441916
0.0360706
0.0288973
0.0236707
0.0201549
0.0179499
0.0165742
0.0157765
0.0153413
0.0151548
0.0151147
0.0151496
0.0152173
0.0152933
0.0153599
0.0154072
0.0154323
-0.109137
-0.0983954
-0.0595734
-0.0116293
0.019647
0.0320802
0.0340482
0.0311861
0.0273703
0.0237187
0.0207503
0.0187098
0.0173209
0.0164408
0.015855
0.0154955
0.015303
0.0152125
0.0151833
0.0151876
0.0152048
0.015222
0.0152319
-0.0813857
-0.0706981
-0.0506986
-0.028347
-0.0069956
0.00904767
0.0181029
0.0215638
0.0223764
0.021625
0.0203375
0.0189951
0.0178345
0.016935
0.0162518
0.0157754
0.0154695
0.0152727
0.0151552
0.0150889
0.0150537
0.0150358
0.0150277
-0.0647586
-0.0599641
-0.0512724
-0.0373398
-0.0171229
-0.000903396
0.0103412
0.0159222
0.0189015
0.0196252
0.019461
0.018863
0.0181365
0.0173484
0.0166359
0.0160569
0.0156283
0.0153206
0.0151107
0.0149724
0.0148848
0.0148335
0.0148075
-0.0614242
-0.0544612
-0.0509314
-0.03249
-0.0143889
0.00148165
0.0105687
0.0166892
0.0187146
0.0198598
0.0195212
0.01903
0.0183009
0.0175162
0.0168252
0.0162171
0.0157182
0.0153291
0.0150427
0.0148406
0.0147051
0.0146199
0.0145768
-0.0639185
-0.051072
-0.0382342
-0.0191445
-0.00570202
0.00935256
0.0149335
0.02035
0.0204926
0.0212283
0.0202343
0.0195924
0.0186647
0.0177973
0.0170224
0.0163264
0.0157473
0.01529
0.0149398
0.0146835
0.0145029
0.0143874
0.0143276
-0.0510491
-0.0328373
-0.0182962
-0.0004075
0.0093255
0.0184139
0.021138
0.0236204
0.0225482
0.0223136
0.0208792
0.0198809
0.0188918
0.0180249
0.017211
0.0164446
0.0157796
0.0152364
0.0148161
0.0145044
0.0142836
0.014137
0.0140611
-0.0689561
-0.0461537
-0.0201531
0.00552526
0.0249359
0.0290589
0.029984
0.027418
0.0246785
0.0228005
0.0208892
0.0197565
0.018756
0.0179362
0.0171147
0.0163443
0.0156682
0.0150972
0.014638
0.0142887
0.0140315
0.0138607
0.0137708
-0.135518
-0.113111
-0.0735339
-0.0309756
0.0111251
0.0259544
0.0324969
0.0276007
0.0261293
0.0228961
0.0210992
0.0197941
0.0187611
0.0178981
0.0170244
0.0162151
0.015498
0.0148914
0.0144001
0.0140192
0.0137392
0.0135469
0.013446
-0.147065
-0.132312
-0.0965089
-0.0565063
-0.0195984
-0.00209089
0.0097666
0.0159955
0.0192664
0.0199644
0.0198194
0.0191588
0.0183476
0.0174989
0.0166839
0.0159201
0.0152348
0.0146241
0.0141138
0.0137133
0.0134102
0.0132022
0.013092
-0.103037
-0.0832002
-0.0539632
-0.0282349
-0.011009
-0.00455375
0.00253303
0.0100046
0.014838
0.0173715
0.0181926
0.0181236
0.0176457
0.0169658
0.0162374
0.0155096
0.0148508
0.0142612
0.0137565
0.0133429
0.0130266
0.0128061
0.0126889
-0.051175
-0.0323276
-0.00962216
0.00801915
0.0174398
0.0182724
0.0180558
0.0186455
0.019207
0.0196278
0.0188363
0.0182638
0.0173855
0.0166386
0.015852
0.0150977
0.0144234
0.0138197
0.0133217
0.0129098
0.0125965
0.0123742
0.0122547
0.000836132
0.0134556
0.0196859
0.0271855
0.028282
0.0311785
0.0271917
0.0254947
0.0233664
0.0220241
0.0196125
0.0182704
0.016792
0.0159001
0.0150811
0.0144527
0.0138556
0.0133083
0.0128172
0.0124066
0.0120875
0.0118674
0.0117503
-0.000995935
0.0111345
0.0243089
0.0395214
0.0484915
0.0521846
0.0483009
0.0404313
0.0328636
0.0268572
0.0222283
0.0188244
0.0164939
0.0152508
0.0143938
0.0137502
0.0131559
0.0126337
0.0121917
0.011824
0.0115337
0.0113216
0.011207
-0.0930705
-0.0680715
-0.0399942
-0.0124663
0.0122186
0.0259959
0.0301478
0.026698
0.0250656
0.0228152
0.0194992
0.016421
0.0145825
0.0138214
0.0133864
0.0129163
0.0123997
0.0119136
0.0114841
0.0111387
0.010874
0.0106845
0.0105826
-0.0787817
-0.0640797
-0.0449318
-0.0255264
-0.0076374
0.00340084
0.00685074
0.0075306
0.00944033
0.0109692
0.0113493
0.0113327
0.0114764
0.0117389
0.011711
0.0115147
0.0112346
0.010936
0.0106392
0.0103767
0.0101608
0.00999606
0.00989993
-0.0197429
-0.0150176
-0.0106587
-0.00777533
-0.00560358
-0.00455394
-0.00463147
-0.00310951
-0.000156612
0.00313582
0.0056048
0.00729036
0.00832244
0.00952853
0.00979521
0.0100803
0.0100242
0.00986289
0.00965884
0.00948004
0.00933748
0.00922105
0.00914418
-0.00613172
-0.00444684
-0.0028458
-0.000744761
0.00193382
0.00482584
0.00687926
0.00677277
0.0067313
0.00689053
0.00621964
0.00560517
0.00572423
0.00680939
0.00795102
0.00867829
0.00889017
0.00883319
0.0086764
0.00854407
0.0084352
0.00835023
0.00829151
-0.0159063
-0.0145355
-0.013188
-0.0119303
-0.0108023
-0.00992618
-0.00896647
-0.00784005
-0.00600568
-0.00369134
-0.00168911
6.04382e-05
0.0021993
0.00470768
0.00650443
0.00735201
0.00758785
0.00761935
0.0075908
0.00755506
0.00751151
0.00745294
0.00740362
-0.00671544
-0.00703822
-0.00767531
-0.00873815
-0.0101888
-0.0119703
-0.0135383
-0.0139068
-0.0122811
-0.00913643
-0.00567747
-0.00253834
0.000237178
0.00326413
0.00491349
0.00577748
0.00614414
0.0063182
0.00638312
0.00643673
0.00646837
0.00644166
0.00640768
-0.00331165
-0.00246234
-0.00138407
-5.4971e-05
0.00139998
0.00268615
0.00331484
0.00298372
0.00211599
0.00170054
0.00132114
0.000460071
-0.000333386
0.0049551
0.00456409
0.00462623
0.00478275
0.00497516
0.00514009
0.00529746
0.0053927
0.005389
0.00537761
-0.00592145
-0.00577081
-0.00565617
-0.00556525
-0.0054764
-0.00536361
-0.00519275
-0.00497085
-0.00462019
-0.0039963
-0.00309196
-0.00196835
-0.000427107
0.00178161
0.00303479
0.00357134
0.00378298
0.00389964
0.00402972
0.00416656
0.00425341
0.00426916
0.00427287
-0.00134376
-0.00208097
-0.00299342
-0.00392404
-0.00468442
-0.00506076
-0.00491918
-0.00451132
-0.00399406
-0.00337406
-0.00247544
-0.00140554
-0.000342219
0.000684945
0.00144129
0.00200298
0.00237456
0.00262257
0.00280002
0.00300901
0.00310328
0.00310432
0.00310356
-0.000407079
0.000115372
0.000828497
0.00175102
0.00280997
0.00384007
0.00464227
0.00492138
0.00454617
0.00394613
0.00327384
0.00235534
0.00172991
0.00130982
0.00110252
0.00108055
0.00117068
0.00132517
0.00146206
0.00176553
0.0018881
0.00190986
0.00192549
-0.00101184
-0.000676276
-0.000183862
0.000449376
0.00113891
0.00176275
0.00220329
0.00232755
0.0021853
0.00192418
0.0016333
0.00128654
0.000983536
0.00077163
0.000626041
0.000518186
0.000462039
0.000453032
0.000480883
0.000588793
0.000642354
0.000651346
0.000661201
-0.101686
-0.080895
-0.0622816
-0.0479619
-0.0358782
-0.0261453
-0.0179937
-0.0111999
-0.00547111
-0.000712585
0.00329043
0.00664031
0.00938332
0.0116385
0.0134398
0.0148542
0.0159477
0.0167734
0.0173862
0.017827
0.0181202
0.0182918
0.0183697
-0.111288
-0.0870192
-0.0663524
-0.0508147
-0.0379966
-0.0275747
-0.0188851
-0.0117175
-0.00575032
-0.000882137
0.0032023
0.00656809
0.00929423
0.0115339
0.0133162
0.0147205
0.0158099
0.0166365
0.0172528
0.017698
0.0179983
0.0181801
0.0182658
-0.119064
-0.0915854
-0.0692039
-0.0530202
-0.0396705
-0.0287442
-0.0196212
-0.0121283
-0.00598919
-0.00101953
0.00316276
0.00652598
0.00924265
0.0114675
0.0132236
0.0146118
0.015691
0.016514
0.0171306
0.0175779
0.0178833
0.0180726
0.0181644
-0.125073
-0.0952155
-0.0722596
-0.0557068
-0.0416008
-0.0300565
-0.020456
-0.0126455
-0.00637061
-0.00122585
0.00307261
0.00643506
0.00917808
0.0113981
0.0131368
0.0145149
0.0155852
0.0164045
0.0170203
0.0174685
0.017777
0.017971
0.0180666
-0.129047
-0.0971721
-0.0747251
-0.0581803
-0.0435039
-0.0315069
-0.0215149
-0.0134696
-0.00700853
-0.00157993
0.00281387
0.00622368
0.00905168
0.0112857
0.0130322
0.0144144
0.0154835
0.0163028
0.0169189
0.017368
0.0176786
0.017875
0.0179725
-0.129
-0.0981283
-0.0784453
-0.0613185
-0.0458066
-0.0332629
-0.0228932
-0.0146167
-0.00781173
-0.00208918
0.00235212
0.00589106
0.00881972
0.0110863
0.0128755
0.0142823
0.015366
0.0161953
0.0168178
0.017271
0.0175846
0.0177829
0.0178815
-0.125815
-0.0989116
-0.0816774
-0.0637495
-0.0481972
-0.0353755
-0.0247678
-0.016164
-0.00890239
-0.00295951
0.00160977
0.00538564
0.00842422
0.0107714
0.0126404
0.0140951
0.0152151
0.0160691
0.0167077
0.0171712
0.0174914
0.0176925
0.0177922
-0.120001
-0.10424
-0.0870618
-0.0680342
-0.0523416
-0.0389016
-0.0277632
-0.0185099
-0.0107017
-0.00447325
0.000438683
0.00452217
0.00772504
0.0102464
0.0122524
0.0138031
0.0149972
0.0159023
0.0165755
0.0170608
0.0173941
0.0176017
0.0177037
0.0564907
0.0332222
0.00950669
-0.0152557
-0.0398369
-0.0629277
-0.0842894
-0.104368
0.0593715
0.0335453
0.00728001
-0.020123
-0.0475466
-0.0735885
-0.0972666
-0.118086
0.0617278
0.0320187
0.0020915
-0.0282827
-0.0580348
-0.0859762
-0.111081
-0.133318
0.063387
0.0292756
-0.00456941
-0.037886
-0.069863
-0.0996308
-0.126519
-0.150564
0.0637115
0.0253123
-0.0124151
-0.0488492
-0.0833615
-0.115327
-0.144282
-0.170206
0.0624684
0.0197345
-0.0220263
-0.0619376
-0.0993912
-0.133851
-0.164909
-0.19261
0.059475
0.012005
-0.0341693
-0.0779782
-0.118697
-0.155804
-0.188927
-0.218224
0.0542254
0.00137873
-0.0497214
-0.0978444
-0.142086
-0.181876
-0.217031
-0.247651
0.0458113
-0.0131843
-0.0697998
-0.122679
-0.170712
-0.21323
-0.250183
-0.281696
0.0329081
-0.0331134
-0.0959074
-0.153983
-0.206146
-0.251343
-0.289722
-0.321448
0.0136684
-0.0603861
-0.130172
-0.193859
-0.249962
-0.298151
-0.337332
-0.368149
-0.0145064
-0.0975563
-0.175272
-0.245591
-0.306162
-0.355904
-0.394353
-0.422368
-0.0558804
-0.148835
-0.234129
-0.310891
-0.374842
-0.42451
-0.459849
-0.481643
-0.113669
-0.218424
-0.313882
-0.392279
-0.453769
-0.498203
-0.525171
-0.535603
-0.166369
-0.276362
-0.370257
-0.446431
-0.503644
-0.541745
-0.56202
-0.566814
0.188787
0.185977
0.179045
0.167983
0.152809
0.133832
0.111505
0.0853885
0.203611
0.20004
0.191527
0.178267
0.160512
0.138626
0.113831
0.0863957
0.220128
0.215886
0.20603
0.190952
0.17115
0.147026
0.120216
0.0915513
0.238768
0.233925
0.222895
0.206125
0.184352
0.157982
0.128478
0.0970137
0.259616
0.254153
0.241892
0.223218
0.199055
0.169905
0.136862
0.101456
0.282599
0.276425
0.262693
0.24172
0.214541
0.181923
0.144706
0.104675
0.307635
0.30062
0.285102
0.261387
0.230559
0.193766
0.15184
0.106677
0.334672
0.326678
0.309024
0.282099
0.24701
0.205305
0.158034
0.107133
0.36363
0.354516
0.334331
0.303657
0.263648
0.216199
0.162734
0.105278
0.394258
0.383863
0.360694
0.3256
0.279873
0.225698
0.164972
0.0999278
0.425978
0.414107
0.387411
0.347056
0.294603
0.232517
0.163244
0.0893718
0.457616
0.444022
0.413158
0.36652
0.306087
0.234672
0.155321
0.0711331
0.48717
0.471537
0.435702
0.381478
0.311455
0.228944
0.137668
0.0413121
0.510606
0.492654
0.451205
0.388265
0.306953
0.211407
0.106324
-0.00380596
0.52991
0.50968
0.462841
0.392011
0.300924
0.193339
0.07533
-0.0469998
0.0286628
0.0287062
0.0287597
0.028822
0.0288919
0.0289671
0.0290474
0.0291303
0.0330881
0.033093
0.0330722
0.0330278
0.0329635
0.0328825
0.0327868
0.0326829
0.0294209
0.0294746
0.0295462
0.0296343
0.0297286
0.0298349
0.0299459
0.0300601
0.033343
0.0333516
0.0333308
0.0332849
0.0332184
0.0331337
0.0330389
0.0329432
0.0309146
0.0309846
0.0310838
0.031196
0.0313428
0.0314828
0.0316315
0.0317899
0.0352025
0.0352146
0.0351925
0.0351398
0.035062
0.0349736
0.0348723
0.0348025
0.0334339
0.0335791
0.033693
0.0338344
0.033992
0.0341643
0.0343297
0.0345229
0.0378681
0.0378961
0.0378906
0.0378578
0.0378079
0.0377535
0.0376684
0.0376571
0.0372222
0.0373325
0.0374859
0.0376821
0.0378346
0.0380559
0.0382179
0.038505
0.0417096
0.0417444
0.0417526
0.04174
0.0416881
0.0416823
0.0416139
0.0417392
0.0425
0.0426139
0.0428005
0.0429878
0.0431687
0.0434316
0.0435582
0.0439386
0.0473168
0.0474145
0.0474711
0.0475301
0.0475104
0.0476136
0.0475053
0.0478243
0.0498443
0.0499378
0.0500581
0.0502477
0.0503212
0.0506193
0.0505623
0.0511138
0.0555013
0.0556315
0.0556449
0.0558468
0.0556733
0.0560777
0.0556724
0.0564184
0.060184
0.06038
0.0603634
0.060617
0.0604342
0.0607015
0.0603155
0.0607209
0.0674154
0.0675514
0.0673352
0.0676584
0.0671122
0.0675077
0.0665907
0.0673228
0.0748903
0.0750391
0.0748683
0.0748182
0.0741359
0.0741096
0.0729205
0.0730851
0.0848427
0.0849397
0.0845867
0.0844542
0.0832889
0.0830749
0.0808421
0.0807856
0.095901
0.0958985
0.0950738
0.094297
0.0923882
0.0911209
0.0881054
0.0864795
0.109843
0.109795
0.108602
0.107346
0.104509
0.102169
0.0973084
0.093921
0.125848
0.12533
0.123267
0.120491
0.115868
0.110851
0.103782
0.0963767
0.145474
0.144583
0.141736
0.137426
0.130783
0.122739
0.112143
0.0997991
0.168114
0.166349
0.161645
0.154053
0.143218
0.12949
0.112914
0.0927644
0.0292247
0.0293504
0.0295066
0.029694
0.0299167
0.03017
0.0304061
0.0306025
0.0307317
0.0307756
0.030721
0.0305634
0.030309
0.0299771
0.0295923
0.0291827
0.028768
0.0283596
0.0279654
0.0275959
0.0272717
0.0270186
0.0268646
0.0325359
0.0323219
0.0320426
0.0316887
0.0312539
0.0308081
0.0303962
0.0300364
0.0297502
0.0295477
0.029426
0.0293683
0.02934
0.0292824
0.0291244
0.028872
0.0285491
0.0281847
0.0278094
0.027445
0.0271229
0.0268707
0.0267168
0.0302085
0.030398
0.0306177
0.0308718
0.031111
0.031252
0.0312912
0.0312353
0.0310726
0.0308051
0.0304524
0.0300515
0.029652
0.029301
0.0289866
0.0286808
0.0283405
0.0279649
0.0275782
0.0272067
0.0268779
0.0266243
0.0264725
0.0327832
0.0325476
0.0322474
0.0318991
0.031609
0.0313804
0.031202
0.0310563
0.0309261
0.0307897
0.0306081
0.0303838
0.0299793
0.0294948
0.029033
0.0285888
0.0281504
0.0277147
0.0272899
0.0268984
0.0265576
0.0263021
0.0261562
0.0319587
0.0321398
0.0323514
0.032534
0.0326119
0.0326126
0.0325166
0.0323129
0.0320074
0.0316172
0.0311842
0.0307349
0.0302498
0.0297077
0.0291283
0.0285386
0.027971
0.0274418
0.0269579
0.0265329
0.0261766
0.0259161
0.0257766
0.0346049
0.0343038
0.0339204
0.0335808
0.0332859
0.0330149
0.0327613
0.0325079
0.0322352
0.0319004
0.0314801
0.0309763
0.0304083
0.029779
0.0290995
0.0284078
0.0277439
0.0271335
0.0265928
0.0261346
0.0257614
0.0254943
0.0253566
0.0346817
0.0348179
0.0349448
0.0349678
0.0348808
0.0346696
0.0343191
0.0338449
0.0332744
0.032645
0.0319744
0.0312686
0.0305313
0.0297657
0.0289783
0.0281948
0.027452
0.0267781
0.0261955
0.025715
0.0253346
0.0250662
0.0249314
0.0374632
0.0369847
0.0365375
0.0361374
0.0357504
0.0353414
0.0349002
0.034388
0.0337807
0.0330674
0.032259
0.0313861
0.0304855
0.0295864
0.0287047
0.0278545
0.0270627
0.0263544
0.0257513
0.025264
0.0248897
0.0246285
0.0245022
0.0386109
0.038551
0.0384298
0.0381614
0.0377295
0.0371362
0.0364034
0.0355593
0.0346296
0.033627
0.0325641
0.0314664
0.0303705
0.0293139
0.0283254
0.0274138
0.0265923
0.0258726
0.0252661
0.0247821
0.0244204
0.0241689
0.0240501
0.0414983
0.0409446
0.0403701
0.0397503
0.0390784
0.0383259
0.0374529
0.0364355
0.0352798
0.0340206
0.0327
0.0313708
0.0300892
0.0288952
0.0278178
0.0268669
0.026043
0.0253402
0.0247535
0.0242865
0.023945
0.0237025
0.0235848
0.0438962
0.0434469
0.0429065
0.0421683
0.0411778
0.0399926
0.0386574
0.0372079
0.035678
0.0341063
0.0325365
0.0310166
0.0295948
0.0283107
0.0271848
0.0262282
0.0254341
0.0247776
0.0242339
0.0238001
0.0234868
0.0232563
0.0231399
0.0474128
0.0464063
0.0453374
0.0441185
0.0427949
0.0413063
0.0396446
0.0378391
0.0359561
0.0340707
0.0322495
0.0305453
0.0290035
0.0276488
0.0264939
0.0255447
0.0247895
0.0241903
0.0237042
0.0233191
0.0230437
0.0228367
0.022731
0.0507133
0.0496254
0.0483993
0.0468759
0.0450487
0.0429837
0.0407523
0.0384283
0.0360935
0.033834
0.0317279
0.0298398
0.0281965
0.026805
0.0256595
0.0247478
0.0240507
0.0235271
0.0231202
0.0228039
0.0225818
0.0224164
0.022335
0.0554109
0.053464
0.0513543
0.0490044
0.0464606
0.0437223
0.0408864
0.0380756
0.0353822
0.0328853
0.030651
0.0287146
0.0270831
0.0257489
0.0246851
0.0238603
0.0232471
0.0228121
0.0224967
0.0222587
0.0220948
0.0219787
0.0219254
0.0595874
0.0572286
0.0545707
0.0515244
0.0481534
0.0446362
0.0411213
0.0377516
0.0346386
0.0318764
0.0295072
0.0275352
0.0259422
0.0246937
0.0237371
0.0230184
0.022494
0.0221357
0.0218983
0.0217288
0.0216137
0.0215403
0.0215064
0.0650958
0.0612724
0.0573586
0.0532517
0.0490045
0.044738
0.040616
0.0367889
0.0333838
0.0304731
0.0280687
0.0261493
0.0246679
0.0235618
0.0227587
0.0221845
0.0217762
0.0215034
0.0213389
0.0212326
0.0211629
0.021127
0.0211047
0.0703355
0.065373
0.0601084
0.0545339
0.0489831
0.0437561
0.0390295
0.0349089
0.0314165
0.0285451
0.0262634
0.0245169
0.0232317
0.0223272
0.0217201
0.0213247
0.0210636
0.0208992
0.0208158
0.0207754
0.0207558
0.0207575
0.0207467
0.0756006
0.0683133
0.0613647
0.0545082
0.0479378
0.0419535
0.0367672
0.0324461
0.0289578
0.026232
0.0241798
0.0226982
0.0216794
0.0210241
0.0206422
0.0204457
0.0203528
0.020318
0.0203283
0.020359
0.0203949
0.0204374
0.0204427
0.0802248
0.070904
0.0617518
0.0531572
0.0455132
0.039047
0.0337103
0.0294244
0.026102
0.0236419
0.0219122
0.0207671
0.0200683
0.0196975
0.0195586
0.0195685
0.0196513
0.0197584
0.0198735
0.0199814
0.0200744
0.0201594
0.020186
0.0832923
0.0705104
0.0595356
0.0497741
0.0415551
0.0349487
0.0297833
0.0258244
0.0228975
0.0208605
0.0195529
0.0188048
0.0184604
0.01839
0.0184991
0.0187126
0.0189669
0.019217
0.0194426
0.0196316
0.0197821
0.0199097
0.0199608
0.0833008
0.0682914
0.0553632
0.0446656
0.0362491
0.0298455
0.0250834
0.0216373
0.0192838
0.0178182
0.0170388
0.0167591
0.0168134
0.0170687
0.0174396
0.0178608
0.0182847
0.0186765
0.0190159
0.0192911
0.0195021
0.0196732
0.0197519
0.0790387
0.0611243
0.0481099
0.0376017
0.0296146
0.0237858
0.019691
0.0169385
0.015291
0.0145015
0.014335
0.0145879
0.0150872
0.0156993
0.0163536
0.016996
0.0175946
0.0181268
0.0185804
0.0189459
0.0192223
0.0194402
0.0195497
0.0666204
0.0510023
0.0387695
0.0292874
0.0222132
0.0170864
0.0137258
0.0117328
0.0108648
0.0108221
0.0113344
0.0121831
0.0131842
0.0142001
0.0151762
0.0160707
0.0168651
0.0175496
0.0181244
0.0185874
0.0189362
0.0192079
0.0193521
0.0512771
0.0396165
0.029745
0.0216558
0.0157998
0.0114086
0.00851388
0.00712818
0.00694403
0.00756501
0.00868087
0.010066
0.01153
0.0129238
0.0141986
0.0153254
0.0162964
0.0171112
0.0177817
0.0183179
0.0187194
0.0190248
0.0191914
0.0313438
0.0209851
0.0154684
0.0103478
0.00715892
0.00488449
0.00339178
0.00319886
0.00398649
0.00536634
0.00706071
0.00888671
0.0106864
0.0123285
0.0137816
0.0150346
0.016091
0.0169577
0.0176558
0.0182064
0.0186134
0.0189102
0.0190727
0.00747389
-0.00206183
-0.00371779
-0.00534277
-0.00494869
-0.00390604
-0.00242674
-0.000465151
0.00176812
0.00409521
0.00639003
0.00858278
0.010598
0.0123604
0.013872
0.0151438
0.0161937
0.0170364
0.0176987
0.01821
0.0185796
0.0188315
0.018967
-0.0152043
-0.0220695
-0.0204705
-0.0193249
-0.0159364
-0.012016
-0.00778874
-0.00381048
-0.000215066
0.00300648
0.00586724
0.00839945
0.0106076
0.0124831
0.0140419
0.015316
0.0163439
0.0171511
0.0177702
0.0182355
0.0185608
0.0187647
0.0188689
-0.0361977
-0.0379113
-0.0320954
-0.0284537
-0.0228607
-0.0172827
-0.0116099
-0.00646865
-0.00197974
0.00188814
0.0051961
0.00802475
0.0104246
0.0124371
0.0140728
0.0153757
0.0164041
0.0171964
0.017792
0.0182287
0.018523
0.018693
0.0187734
-0.0557285
-0.0513262
-0.041114
-0.0345686
-0.0269082
-0.0202079
-0.0138911
-0.00826813
-0.00333829
0.000898509
0.00449924
0.00755008
0.0101123
0.0122461
0.0139608
0.0153088
0.0163574
0.0171544
0.0177463
0.0181734
0.0184542
0.0186088
0.0186767
-0.0736669
-0.0631158
-0.0494097
-0.0398873
-0.0302643
-0.0224317
-0.015507
-0.0095214
-0.00431543
0.000137355
0.00391774
0.00711721
0.00979127
0.0120066
0.01378
0.0151685
0.0162411
0.0170505
0.0176488
0.0180778
0.0183577
0.0185112
0.0185769
-0.0891622
-0.0729945
-0.0567344
-0.0444435
-0.0333105
-0.0244184
-0.0168481
-0.0104594
-0.00499412
-0.000378718
0.00352528
0.00681905
0.00954773
0.0117978
0.0135976
0.015008
0.0160961
0.0169161
0.0175225
0.0179573
0.0182428
0.0184038
0.0184741
)
;

boundaryField
{
    outlet
    {
        type            fixedValue;
        value           uniform 0;
    }
    upperWall
    {
        type            symmetryPlane;
    }
    lowerWall
    {
        type            symmetryPlane;
    }
    inlet
    {
        type            zeroGradient;
    }
    cylinder
    {
        type            zeroGradient;
    }
    frontAndBack
    {
        type            empty;
    }
}


// ************************************************************************* //
