/*--------------------------------*- C++ -*----------------------------------*\
| =========                 |                                                 |
| \\      /  F ield         | OpenFOAM: The Open Source CFD Toolbox           |
|  \\    /   O peration     | Version:  2512                                  |
|   \\  /    A nd           | Website:  www.openfoam.com                      |
|    \\/     M anipulation  |                                                 |
\*---------------------------------------------------------------------------*/
FoamFile
{
    version     2.0;
    format      ascii;
    arch        "LSB;label=32;scalar=64";
    class       volScalarField;
    location    "44.5";
    object      p;
}
// * * * * * * * * * * * * * * * * * * * * * * * * * * * * * * * * * * * * * //

dimensions      [0 2 -2 0 0 0 0];

internalField   nonuniform List<scalar> 
9200
(
-0.335525
-0.335836
-0.333362
-0.32882
-0.322602
-0.31541
-0.308028
-0.301624
-0.296806
-0.293659
-0.291706
-0.29004
-0.287632
-0.283626
-0.277602
-0.269776
-0.259766
-0.248499
-0.233409
-0.215631
-0.343417
-0.342688
-0.339984
-0.335909
-0.330632
-0.324371
-0.317467
-0.310329
-0.303264
-0.29637
-0.289481
-0.282281
-0.274481
-0.265937
-0.25661
-0.246299
-0.234895
-0.222172
-0.207816
-0.193512
-0.354324
-0.351989
-0.348562
-0.344305
-0.339244
-0.333054
-0.325407
-0.316315
-0.306137
-0.295318
-0.284218
-0.27306
-0.261919
-0.25074
-0.239302
-0.227546
-0.215227
-0.202529
-0.189182
-0.175457
-0.367832
-0.363632
-0.359042
-0.354165
-0.348516
-0.341122
-0.331294
-0.319192
-0.305594
-0.291393
-0.277251
-0.263495
-0.25018
-0.237193
-0.224453
-0.211792
-0.199144
-0.186519
-0.173631
-0.161484
-0.384497
-0.378327
-0.372478
-0.366417
-0.358961
-0.348699
-0.335292
-0.319556
-0.302731
-0.285848
-0.269503
-0.253924
-0.239106
-0.224965
-0.211341
-0.198134
-0.185271
-0.172677
-0.160378
-0.148605
-0.405004
-0.396824
-0.389455
-0.381354
-0.370395
-0.355582
-0.337661
-0.318167
-0.298458
-0.279383
-0.261328
-0.244375
-0.228455
-0.21343
-0.199185
-0.185607
-0.172601
-0.160113
-0.148099
-0.136727
-0.429555
-0.419244
-0.409858
-0.398255
-0.381925
-0.361342
-0.33857
-0.315472
-0.293179
-0.272209
-0.252701
-0.234605
-0.217792
-0.202125
-0.187454
-0.173653
-0.160615
-0.148236
-0.13651
-0.125302
-0.457527
-0.444826
-0.432548
-0.415473
-0.392165
-0.365263
-0.337728
-0.311278
-0.286619
-0.26392
-0.243113
-0.224038
-0.206514
-0.190355
-0.175403
-0.161507
-0.148529
-0.136375
-0.124943
-0.114001
-0.4872
-0.471906
-0.45516
-0.430602
-0.399343
-0.366139
-0.334158
-0.304635
-0.277815
-0.253562
-0.231628
-0.211754
-0.193696
-0.177235
-0.162175
-0.148339
-0.135588
-0.123798
-0.112801
-0.102344
-0.515872
-0.497901
-0.474573
-0.440903
-0.401492
-0.362416
-0.326459
-0.29424
-0.265567
-0.240033
-0.217239
-0.196829
-0.178493
-0.161958
-0.146993
-0.133404
-0.121043
-0.109787
-0.0994308
-0.0898094
-0.404092
-0.404967
-0.404936
-0.405413
-0.407119
-0.410322
-0.415238
-0.42215
-0.431376
-0.443228
-0.45795
-0.475666
-0.496297
-0.519485
-0.54455
-0.570475
-0.595888
-0.618875
-0.638093
-0.650581
-0.393901
-0.3929
-0.391769
-0.391071
-0.391499
-0.393455
-0.397313
-0.403562
-0.412774
-0.425501
-0.442167
-0.462952
-0.487705
-0.515786
-0.546057
-0.576983
-0.606878
-0.633045
-0.655122
-0.667728
-0.384536
-0.382208
-0.380101
-0.378356
-0.377558
-0.378218
-0.380803
-0.385894
-0.394182
-0.406333
-0.422834
-0.443863
-0.469164
-0.497941
-0.528897
-0.559874
-0.589611
-0.614653
-0.634168
-0.646968
-0.375223
-0.372032
-0.369154
-0.366343
-0.364073
-0.363001
-0.363712
-0.36684
-0.373098
-0.383178
-0.397593
-0.416528
-0.439702
-0.466257
-0.495078
-0.523752
-0.551734
-0.575018
-0.594011
-0.603575
-0.365636
-0.362286
-0.358895
-0.354948
-0.350837
-0.347411
-0.34548
-0.345804
-0.349139
-0.356188
-0.367484
-0.383243
-0.403262
-0.426705
-0.452716
-0.479241
-0.505418
-0.527219
-0.543698
-0.548933
-0.356014
-0.353209
-0.349629
-0.344625
-0.338503
-0.332299
-0.327165
-0.32415
-0.324176
-0.328028
-0.336293
-0.349208
-0.366716
-0.387923
-0.412136
-0.437117
-0.460698
-0.478894
-0.489888
-0.487469
-0.346856
-0.345086
-0.341619
-0.335852
-0.32802
-0.319273
-0.311108
-0.304962
-0.302064
-0.303406
-0.309684
-0.321113
-0.337471
-0.357635
-0.379887
-0.401177
-0.419398
-0.430472
-0.432336
-0.420305
-0.338767
-0.33827
-0.335061
-0.328932
-0.320122
-0.309821
-0.299798
-0.291855
-0.287536
-0.288016
-0.293836
-0.3047
-0.319591
-0.336615
-0.353751
-0.367872
-0.377591
-0.379386
-0.373209
-0.355806
-0.333222
-0.333615
-0.330657
-0.324636
-0.31589
-0.305532
-0.295521
-0.287702
-0.283611
-0.284034
-0.288984
-0.297705
-0.308551
-0.319629
-0.328597
-0.333576
-0.333712
-0.32788
-0.31853
-0.302715
-0.331894
-0.332573
-0.329877
-0.324455
-0.316732
-0.307617
-0.29906
-0.292269
-0.288342
-0.287778
-0.290201
-0.294506
-0.299048
-0.30229
-0.302497
-0.299405
-0.292406
-0.2827
-0.271713
-0.258382
-0.657669
-0.649819
-0.613914
-0.543957
-0.44931
-0.354814
-0.279195
-0.231323
-0.211944
-0.214323
-0.235845
-0.281634
-0.338364
-0.370796
-0.350231
-0.28949
-0.220302
-0.1665
-0.137962
-0.12966
-0.138239
-0.171603
-0.225782
-0.268494
-0.2636
-0.218742
-0.161648
-0.114267
-0.0854385
-0.0766613
-0.0860492
-0.0922326
-0.0811135
-0.0679179
-0.06165
-0.0596654
-0.0645249
-0.0778154
-0.0848162
-0.0731974
-0.053685
-0.0398789
-0.0380349
-0.0434468
-0.0525246
-0.0560241
-0.0548382
-0.0463696
-0.0288779
-0.00851993
-0.67356
-0.663241
-0.628291
-0.55863
-0.461798
-0.363824
-0.284714
-0.231383
-0.202462
-0.194995
-0.206086
-0.238744
-0.285264
-0.315837
-0.303318
-0.255747
-0.198184
-0.153751
-0.132914
-0.131459
-0.147824
-0.190425
-0.252489
-0.300583
-0.295816
-0.245203
-0.179914
-0.123125
-0.0858384
-0.07042
-0.0734808
-0.074021
-0.0609567
-0.0505096
-0.0496059
-0.054185
-0.0658607
-0.084919
-0.0944348
-0.0803962
-0.0553993
-0.0347524
-0.0273959
-0.0302965
-0.0423175
-0.0524419
-0.0583506
-0.0540751
-0.0355577
-0.0108665
-0.650003
-0.638738
-0.606889
-0.540589
-0.44807
-0.352899
-0.275668
-0.221914
-0.188507
-0.172248
-0.171774
-0.190324
-0.224283
-0.252347
-0.249396
-0.215183
-0.16945
-0.134293
-0.121261
-0.126445
-0.150199
-0.200404
-0.268572
-0.321684
-0.319746
-0.265849
-0.194259
-0.130132
-0.0856374
-0.0651757
-0.0634522
-0.0599628
-0.0444417
-0.0349013
-0.038197
-0.0484642
-0.0662886
-0.0904816
-0.102304
-0.0863983
-0.0567017
-0.0299817
-0.0176297
-0.0181028
-0.0329204
-0.0493821
-0.0622999
-0.0623495
-0.042683
-0.0133491
-0.600621
-0.588117
-0.559705
-0.49793
-0.413595
-0.328567
-0.257573
-0.205728
-0.170896
-0.149701
-0.14035
-0.144892
-0.165257
-0.187669
-0.192233
-0.169887
-0.135291
-0.108857
-0.103008
-0.114271
-0.143114
-0.19784
-0.271683
-0.330332
-0.334323
-0.279783
-0.204022
-0.135124
-0.0850944
-0.0607803
-0.0557239
-0.0498119
-0.0320414
-0.0216727
-0.0277672
-0.0424988
-0.0653955
-0.0941007
-0.108044
-0.0909468
-0.0575172
-0.0256635
-0.00883871
-0.00687334
-0.024162
-0.0467621
-0.0666159
-0.0710916
-0.0501781
-0.0159317
-0.537458
-0.521261
-0.496056
-0.441696
-0.369963
-0.299123
-0.237794
-0.188943
-0.153222
-0.128528
-0.113136
-0.107675
-0.114416
-0.127329
-0.135223
-0.122473
-0.0984214
-0.0796802
-0.0796847
-0.0959506
-0.127851
-0.183613
-0.260298
-0.324187
-0.337141
-0.286055
-0.208919
-0.138038
-0.0846494
-0.0571957
-0.0498688
-0.0428364
-0.0238342
-0.0117716
-0.0187436
-0.0361236
-0.0629851
-0.0956137
-0.111416
-0.0939501
-0.0578193
-0.0218776
-0.00109169
0.00333768
-0.0159349
-0.0445033
-0.07123
-0.0801705
-0.057943
-0.0185717
-0.464772
-0.444465
-0.424226
-0.380938
-0.325065
-0.269427
-0.218824
-0.174919
-0.13931
-0.111987
-0.0918015
-0.0788408
-0.0743623
-0.0770176
-0.0821967
-0.0777636
-0.062607
-0.0500994
-0.0543375
-0.0739247
-0.106827
-0.160124
-0.234713
-0.30448
-0.329515
-0.282825
-0.208818
-0.138698
-0.0842849
-0.0541579
-0.0453082
-0.037943
-0.0193518
-0.00505773
-0.0115799
-0.0299656
-0.0591604
-0.0948024
-0.112215
-0.0951876
-0.0575343
-0.0186927
0.00554609
0.0124128
-0.0082048
-0.0424646
-0.0760167
-0.0894234
-0.0658462
-0.0212188
-0.388544
-0.368789
-0.355828
-0.325321
-0.285332
-0.24332
-0.201989
-0.163362
-0.129294
-0.100873
-0.0776396
-0.0596816
-0.0472194
-0.0404829
-0.0394777
-0.0375164
-0.0297098
-0.0227587
-0.0293673
-0.0511728
-0.0836077
-0.130857
-0.199543
-0.27051
-0.302176
-0.27116
-0.204392
-0.13711
-0.0837039
-0.0514816
-0.0414836
-0.0340665
-0.0175317
-0.00146972
-0.00646505
-0.0235532
-0.0538812
-0.0920435
-0.110621
-0.0949045
-0.0566016
-0.0160866
0.0110259
0.0204602
-0.000939643
-0.0406444
-0.0808894
-0.0986782
-0.0737378
-0.0238259
-0.322749
-0.308226
-0.301209
-0.280622
-0.252676
-0.221325
-0.187864
-0.154507
-0.12293
-0.0945118
-0.0696933
-0.0488279
-0.0320344
-0.0186413
-0.0104109
-0.00822889
-0.00347105
-0.000915983
-0.00788361
-0.0291266
-0.0596855
-0.100984
-0.159261
-0.225009
-0.264773
-0.247497
-0.193343
-0.132383
-0.0823296
-0.0491961
-0.0379383
-0.0306251
-0.017168
-0.000528467
-0.00356881
-0.0180007
-0.0477836
-0.0867958
-0.106516
-0.0924896
-0.0549189
-0.0140294
0.0153464
0.0272635
0.00581078
-0.0388341
-0.0856243
-0.107703
-0.0814606
-0.0263554
-0.278339
-0.269836
-0.264453
-0.249022
-0.228296
-0.204102
-0.176842
-0.14804
-0.119299
-0.0918727
-0.0664938
-0.0438782
-0.0246564
-0.00753346
0.00647164
0.0137679
0.0162315
0.0150381
0.00883495
-0.0102096
-0.0374253
-0.0704673
-0.119068
-0.18232
-0.2279
-0.228206
-0.18392
-0.128365
-0.08153
-0.0483142
-0.0350486
-0.0274694
-0.0167128
-0.0019919
-0.00227609
-0.0117957
-0.0404767
-0.0803453
-0.100865
-0.0895296
-0.052877
-0.0127651
0.0183403
0.0331702
0.0121857
-0.0371533
-0.0902653
-0.116309
-0.0888709
-0.0287415
-0.247321
-0.244259
-0.237764
-0.224431
-0.208459
-0.190239
-0.169357
-0.145926
-0.120884
-0.0955112
-0.0707329
-0.0474319
-0.0266405
-0.0079033
0.00936483
0.0208037
0.0211692
0.0242702
0.0196461
0.00312538
-0.0212638
-0.0470937
-0.0838179
-0.136009
-0.17819
-0.186843
-0.162678
-0.119334
-0.0776829
-0.0466049
-0.0323102
-0.0245565
-0.0139033
-0.00295565
-0.00468397
-0.00723279
-0.0333344
-0.0718203
-0.0927541
-0.0835689
-0.0495475
-0.0114098
0.0201962
0.0374857
0.0179346
-0.0352467
-0.0942515
-0.124197
-0.0955833
-0.0307958
-0.218057
-0.227134
-0.219192
-0.203386
-0.185702
-0.167475
-0.148263
-0.127315
-0.104711
-0.081502
-0.0587044
-0.0369945
-0.0172946
0.0007066
0.0181381
0.0319934
0.039959
0.0334065
0.0278295
0.0181046
0.00116973
-0.0192959
-0.0504693
-0.100934
-0.148189
-0.167116
-0.141827
-0.102956
-0.0662478
-0.039731
-0.0265968
-0.020493
-0.0104368
-0.000836314
0.014167
0.000538477
-0.0248028
-0.0634895
-0.0856948
-0.0806283
-0.0447912
-0.00839876
0.0229318
0.0420248
0.0233973
-0.0331386
-0.0978516
-0.131157
-0.10108
-0.0323388
-0.185977
-0.197832
-0.192147
-0.176598
-0.159177
-0.142398
-0.125822
-0.108116
-0.0888022
-0.0683928
-0.0479534
-0.028344
-0.0103182
0.00609252
0.0216479
0.0343438
0.038578
0.0356693
0.0307766
0.0239979
0.012143
-0.00261808
-0.0270563
-0.0734577
-0.120822
-0.137369
-0.117145
-0.0848012
-0.0542816
-0.0329399
-0.0219358
-0.0158911
-0.00639056
0.0011416
0.00898374
0.00349328
-0.0187373
-0.0558552
-0.0775556
-0.0688988
-0.0387416
-0.00526342
0.025208
0.0445284
0.0270761
-0.0321167
-0.101481
-0.137161
-0.10555
-0.033549
-0.1584
-0.170706
-0.167647
-0.154644
-0.139139
-0.124047
-0.109397
-0.0939587
-0.0770243
-0.0588602
-0.0402539
-0.0220669
-0.00520672
0.0102605
0.0246946
0.0362684
0.0410343
0.0383273
0.0350453
0.031759
0.0224146
0.00949606
-0.0100759
-0.0483027
-0.0909885
-0.10756
-0.0931526
-0.0681363
-0.0435506
-0.0259815
-0.0166549
-0.0111756
-0.00244144
0.00303046
0.00986656
0.00484611
-0.0147707
-0.0478964
-0.0672521
-0.0599368
-0.032345
-0.00234624
0.0268239
0.0465019
0.0295564
-0.0322366
-0.105106
-0.14223
-0.109148
-0.0344952
-0.135742
-0.146362
-0.144829
-0.134171
-0.120421
-0.106603
-0.0932086
-0.0794638
-0.0646734
-0.0488206
-0.0323562
-0.0160504
-0.00085434
0.0130452
0.0260764
0.0365809
0.0416111
0.0405879
0.0391325
0.0399512
0.0362291
0.0268219
0.0101061
-0.0235084
-0.0630543
-0.0787977
-0.0692226
-0.0509256
-0.0322181
-0.0186762
-0.0113983
-0.00635205
0.00203811
0.00546052
0.0102556
0.00614796
-0.0101744
-0.0381687
-0.0555734
-0.0496361
-0.0254091
0.000642229
0.027775
0.047664
0.0312714
-0.0325945
-0.107947
-0.145895
-0.111427
-0.0350228
-0.114611
-0.124045
-0.123536
-0.11489
-0.102981
-0.0907525
-0.0789604
-0.0671314
-0.054524
-0.0408956
-0.0264943
-0.011943
0.00186768
0.0145164
0.0263572
0.0361121
0.0416127
0.0425771
0.0430285
0.0469465
0.049754
0.0454518
0.0296776
-0.00245683
-0.0367084
-0.0510257
-0.0467968
-0.0353515
-0.0220506
-0.0115837
-0.00594086
-0.00127775
0.0066603
0.00865824
0.0113444
0.00837476
-0.00380793
-0.0270288
-0.0428943
-0.0389135
-0.0185137
0.00339882
0.0279124
0.0478105
0.0322316
-0.0326961
-0.109454
-0.147451
-0.111873
-0.0350042
-0.0952505
-0.10405
-0.104256
-0.0973263
-0.0872824
-0.076739
-0.0664841
-0.0562335
-0.0453499
-0.0335577
-0.0209851
-0.00814873
0.00420446
0.0155693
0.0261599
0.0351437
0.0409273
0.0436697
0.0459904
0.051648
0.0575774
0.0562736
0.0423018
0.0147116
-0.0127299
-0.02668
-0.0273898
-0.0211319
-0.0123044
-0.00465223
-0.00058685
0.00371812
0.0113494
0.0128711
0.0134478
0.0120057
0.00356692
-0.0152765
-0.0298799
-0.0282998
-0.0119986
0.00585656
0.0271546
0.04674
0.0322143
-0.0324598
-0.109056
-0.146125
-0.10995
-0.03428
-0.0788834
-0.0864851
-0.087015
-0.0815054
-0.0731291
-0.0641289
-0.055269
-0.0464216
-0.0370942
-0.0270162
-0.0162251
-0.0050994
0.00579026
0.0159448
0.025385
0.03369
0.0396992
0.0436561
0.0473176
0.0531429
0.0589791
0.0591346
0.0485159
0.027345
0.00613144
-0.00720947
-0.0113738
-0.00898569
-0.00381734
0.00156434
0.00470017
0.00852839
0.0156777
0.0181215
0.0168543
0.0166178
0.0111621
-0.00328039
-0.0168516
-0.0182577
-0.00630899
0.00783886
0.0254668
0.0442322
0.0308913
-0.0317279
-0.105991
-0.14109
-0.105151
-0.0327154
-0.0642572
-0.07071
-0.0715464
-0.0672645
-0.0603555
-0.05276
-0.045209
-0.0376769
-0.029778
-0.0212429
-0.0120543
-0.00248954
0.00700603
0.0160192
0.0244145
0.0320038
0.0380249
0.0426103
0.0469274
0.052181
0.0569927
0.0577753
0.0500946
0.0345738
0.0187064
0.00675452
0.000951486
0.00108053
0.00372722
0.00717948
0.00976036
0.0130417
0.0193436
0.0234002
0.0213998
0.0218122
0.0185497
0.00828557
-0.00477007
-0.00939241
-0.00173012
0.00927924
0.0229545
0.0396255
0.0280426
-0.0300839
-0.099419
-0.131626
-0.0971171
-0.0302077
-0.0508987
-0.0567367
-0.0578596
-0.0545725
-0.0489219
-0.0425803
-0.0362244
-0.0298835
-0.0232548
-0.016083
-0.0083292
-0.000182474
0.00800273
0.0159084
0.0233288
0.0301628
0.0359688
0.0407161
0.0451197
0.0496199
0.0533092
0.0541172
0.0487238
0.0376843
0.0261526
0.0163912
0.0102867
0.00916488
0.0101389
0.0120619
0.0143606
0.0172236
0.022574
0.0274153
0.0265623
0.027969
0.0258818
0.0176397
0.00457736
-0.00219776
0.00180324
0.0102148
0.0199383
0.0338352
0.0238216
-0.0269571
-0.0886967
-0.117383
-0.0857982
-0.0267444
-0.0394922
-0.0446052
-0.0457845
-0.0432803
-0.0387133
-0.0334781
-0.0281883
-0.0229039
-0.0173964
-0.0114308
-0.00495538
0.00191163
0.00888628
0.0157219
0.0222226
0.0282858
0.0336795
0.0382536
0.0423864
0.0461771
0.048936
0.0495955
0.0460078
0.0383709
0.0301627
0.0226177
0.0170245
0.0153553
0.0154818
0.0163446
0.0183611
0.021047
0.0255126
0.0300165
0.0315955
0.0350299
0.0330691
0.0239118
0.0107367
0.00342335
0.00467114
0.0109693
0.0171645
0.0268039
0.018717
-0.0218113
-0.0736225
-0.0986011
-0.0716034
-0.0224378
-0.0296099
-0.0338936
-0.0350903
-0.0332624
-0.0296315
-0.0253556
-0.0209967
-0.0166399
-0.0121164
-0.0072131
-0.001865
0.0038565
0.00973203
0.0155577
0.0211794
0.0264742
0.0313232
0.0355309
0.0392288
0.0424148
0.0445375
0.0450906
0.0428495
0.0377202
0.0319735
0.0264611
0.0218133
0.0199956
0.019777
0.0199886
0.0216441
0.0243442
0.0280461
0.0317662
0.0354967
0.0404403
0.0389238
0.0284845
0.0155071
0.00803926
0.00743883
0.0120225
0.0159537
0.0200121
0.0138558
-0.0145469
-0.0550755
-0.076567
-0.0556232
-0.0175873
-0.0207461
-0.0244796
-0.0257274
-0.0244378
-0.0215762
-0.0181179
-0.0145689
-0.0110229
-0.0073507
-0.00336618
0.00100187
0.00570837
0.0105939
0.0154875
0.0202691
0.0248163
0.0290511
0.0327988
0.0360283
0.0387212
0.0404565
0.0409802
0.0396987
0.0363999
0.0324844
0.0286157
0.025028
0.0233165
0.0230448
0.0229801
0.0242578
0.0269434
0.0300309
0.0329267
0.0375237
0.0426735
0.0421499
0.0319877
0.0198931
0.0121185
0.0105696
0.0140808
0.0167713
0.0157686
0.011301
-0.00529747
-0.0351406
-0.0536768
-0.0395924
-0.0126779
-0.0131026
-0.0163536
-0.0175634
-0.0166723
-0.0144463
-0.0116863
-0.00883232
-0.00598014
-0.00303265
0.000164102
0.00368318
0.00750186
0.0115084
0.0155597
0.0195556
0.0233902
0.0269988
0.0302544
0.0330435
0.0353351
0.0368413
0.0374054
0.036795
0.0348099
0.0322411
0.0296305
0.0270576
0.0256162
0.0253981
0.0253087
0.0262533
0.0287481
0.0313493
0.0336405
0.0377887
0.0422277
0.0426084
0.0341627
0.0235841
0.0159486
0.0140606
0.0165241
0.0191227
0.0152456
0.0124717
0.00443644
-0.0170908
-0.0331229
-0.0255569
-0.00832375
-0.00655142
-0.00929142
-0.0104214
-0.00985098
-0.00815558
-0.00598224
-0.00371353
-0.00144915
0.000881575
0.00340703
0.00620159
0.00925693
0.0124932
0.0157956
0.0190788
0.0222586
0.0252811
0.0280497
0.0304379
0.0323983
0.033755
0.0343895
0.0342402
0.0331779
0.0316018
0.0299249
0.0282044
0.0271053
0.0269587
0.0269743
0.0276778
0.0297993
0.0320067
0.0338347
0.036981
0.0404717
0.0410243
0.0347138
0.0260228
0.0191457
0.017174
0.0187164
0.0211939
0.0171329
0.015006
0.0116858
-0.00410687
-0.0176675
-0.0148969
-0.00495029
-0.000811221
-0.00313761
-0.00420496
-0.0038895
-0.0026249
-0.000938647
0.000838375
0.00260845
0.00442329
0.00638831
0.00857377
0.0109814
0.0135547
0.0162059
0.0188602
0.0214489
0.0239472
0.0262605
0.0282872
0.0299695
0.0312024
0.0318989
0.032061
0.0316338
0.030801
0.0297726
0.028705
0.0279568
0.0278863
0.0280259
0.028581
0.0302399
0.0320768
0.0335178
0.0356676
0.0381195
0.0384328
0.0339666
0.0271932
0.0214885
0.0194645
0.0202224
0.022032
0.0191053
0.0170806
0.0149508
0.00304583
-0.0077893
-0.00781388
-0.0025754
0.00414249
0.00216009
0.00117371
0.00130466
0.00222172
0.00350447
0.0048754
0.00623969
0.00762955
0.00913078
0.0108087
0.0126737
0.014687
0.016783
0.0189009
0.0209953
0.0230101
0.0249075
0.0266041
0.0280415
0.0291539
0.0298799
0.0302357
0.0302296
0.0300347
0.0293501
0.0287491
0.0283182
0.0283248
0.0285491
0.029018
0.0302372
0.031689
0.032807
0.0341542
0.0356695
0.0356759
0.0325257
0.027445
0.0229023
0.020893
0.0210082
0.021911
0.0200651
0.0180149
0.0159714
0.00686127
-0.00175083
-0.00321019
-0.000975759
0.00837984
0.00672142
0.00582904
0.00582324
0.00646367
0.00741965
0.00845609
0.00948364
0.0105224
0.0116432
0.0129051
0.0143227
0.0158693
0.0174963
0.0191541
0.0208113
0.022422
0.0239586
0.0253598
0.026576
0.0275616
0.0282713
0.0287033
0.0288388
0.0286217
0.0286309
0.0284611
0.0283078
0.0283923
0.0286537
0.0290618
0.02992
0.0309905
0.031856
0.0325928
0.0333872
0.0331541
0.0308687
0.0271528
0.0236101
0.0216762
0.0212185
0.0213247
0.0200615
0.0180383
0.0158401
0.00881216
0.00194698
-0.000198073
7.31007e-05
0.0119955
0.0106082
0.00982006
0.00973257
0.0101608
0.010851
0.0116116
0.0123652
0.0131224
0.0139379
0.0148628
0.0159148
0.0170765
0.0183126
0.019582
0.0208701
0.0221381
0.023365
0.0245052
0.0255198
0.0263761
0.0270437
0.0275213
0.0278082
0.0279206
0.0280083
0.0280314
0.0280527
0.0281925
0.0284505
0.028798
0.0293769
0.0300833
0.0305828
0.0310443
0.0313563
0.0309735
0.0292544
0.0265448
0.0237932
0.0219796
0.0210659
0.0206328
0.0194652
0.0174765
0.0151768
0.00971015
0.00424339
0.00177929
0.000743158
0.0150883
0.0139338
0.0132279
0.0130716
0.013341
0.0138281
0.0143766
0.0149164
0.0154509
0.0160216
0.0166749
0.0174319
0.018282
0.0191998
0.0201582
0.0211341
0.0221088
0.0230679
0.0239785
0.0248094
0.0255356
0.0261379
0.0266172
0.0269724
0.027213
0.0273938
0.0275228
0.0276409
0.0278081
0.0280372
0.0283177
0.0286952
0.0291288
0.0294487
0.0296151
0.0296003
0.0291197
0.0277709
0.0257574
0.0235928
0.0219153
0.0207115
0.0198849
0.0185934
0.0166787
0.0143819
0.0100132
0.00560006
0.00302994
0.00115192
0.0177264
0.0167656
0.0161388
0.0159387
0.0160755
0.0163933
0.0167643
0.0171287
0.017486
0.0178716
0.0183208
0.0188518
0.0194587
0.0201223
0.0208211
0.0215431
0.0222733
0.0230041
0.023713
0.0243769
0.0249747
0.0254929
0.0259334
0.0262943
0.0265767
0.0268037
0.02698
0.0271384
0.027307
0.0274935
0.0277012
0.0279311
0.0281585
0.0283082
0.0282904
0.0280764
0.0275398
0.026432
0.0248757
0.0231232
0.0215885
0.0202396
0.0191441
0.0177218
0.0158345
0.0136072
0.00998588
0.00634724
0.00375653
0.00137486
0.0199435
0.0191512
0.0186051
0.018384
0.0184248
0.0186115
0.0188441
0.0190727
0.0192933
0.0195313
0.0198162
0.0201654
0.0205774
0.0210381
0.0215298
0.022045
0.0225743
0.0231133
0.0236457
0.024157
0.0246302
0.0250544
0.0254298
0.0257551
0.0260273
0.0262575
0.0264393
0.0265972
0.0267443
0.0268809
0.0270141
0.0271299
0.0272051
0.027214
0.0270729
0.0267414
0.026177
0.0252231
0.0239596
0.0224882
0.021085
0.0196783
0.0184173
0.0169058
0.0150377
0.0129017
0.0097734
0.00669412
0.00413383
0.00147355
0.0218068
0.0211597
0.020687
0.0204557
0.0204252
0.0205109
0.0206352
0.0207571
0.0208706
0.0209947
0.0211533
0.0213618
0.0216207
0.0219199
0.0222463
0.0225948
0.0229592
0.0233389
0.0237205
0.0240944
0.0244483
0.0247743
0.0250714
0.0253371
0.0255692
0.0257675
0.0259244
0.0260554
0.0261639
0.0262428
0.0263056
0.0263302
0.0262929
0.0261922
0.0259624
0.0255629
0.0249849
0.0241277
0.0230486
0.0217644
0.0204693
0.0190583
0.0177112
0.0161504
0.0143143
0.0122614
0.00946484
0.00671368
0.00426315
0.00149925
0.0233625
0.0228338
0.0224256
0.0221938
0.0221129
0.0221221
0.0221625
0.0222014
0.0222327
0.0222702
0.0223327
0.0224332
0.0225728
0.0227453
0.0229405
0.0231554
0.0233855
0.0236327
0.0238864
0.0241409
0.024385
0.0246136
0.0248266
0.0250215
0.0251925
0.0253395
0.0254504
0.0255363
0.0255918
0.0256179
0.0256124
0.0255597
0.0254404
0.0252552
0.02496
0.0245172
0.0239339
0.0231341
0.0221696
0.0210061
0.0197959
0.0184133
0.0170344
0.015455
0.0136605
0.0116767
0.00912214
0.00663092
0.00423415
0.00146363
0.0246448
0.0242145
0.0238641
0.0236384
0.0235222
0.0234737
0.0234496
0.023425
0.0233939
0.0233664
0.0233565
0.0233749
0.023423
0.0234964
0.0235881
0.0236968
0.0238186
0.023957
0.024103
0.0242544
0.0244012
0.02454
0.0246708
0.0247897
0.0248923
0.0249774
0.0250318
0.0250635
0.0250643
0.0250319
0.0249622
0.024843
0.0246596
0.0244103
0.0240633
0.0235918
0.0230014
0.0222362
0.0213413
0.0202572
0.0191123
0.0177682
0.0163885
0.0148157
0.013067
0.0111518
0.00877308
0.0064706
0.00414344
0.00141431
0.0256907
0.0253402
0.0250394
0.0248229
0.0246828
0.0245916
0.0245186
0.0244458
0.0243679
0.0242921
0.0242284
0.0241851
0.0241634
0.0241605
0.0241715
0.0241962
0.024232
0.0242821
0.0243391
0.0244031
0.0244647
0.0245236
0.0245778
0.0246239
0.0246589
0.0246791
0.0246733
0.0246476
0.0245907
0.0245027
0.0243763
0.0241987
0.0239624
0.0236607
0.0232738
0.0227786
0.0221825
0.021434
0.0205806
0.0195482
0.0184515
0.0171499
0.015786
0.0142307
0.0125326
0.0106673
0.00844368
0.00626466
0.00398045
0.00134888
0.026529
0.0262414
0.0259821
0.0257764
0.0256207
0.0254984
0.0253887
0.0252799
0.0251673
0.0250561
0.0249529
0.0248638
0.0247896
0.0247289
0.0246781
0.0246376
0.0246054
0.0245851
0.0245701
0.024562
0.024552
0.0245421
0.0245279
0.0245085
0.0244801
0.0244389
0.0243758
0.0242951
0.024183
0.0240434
0.023865
0.0236379
0.0233566
0.0230122
0.0225923
0.0220772
0.0214727
0.0207337
0.0199034
0.0189046
0.0178436
0.0165745
0.0152356
0.0137116
0.0120552
0.0102413
0.00810165
0.00605108
0.0038274
0.00127834
0.0271827
0.0269434
0.0267177
0.0265226
0.0263573
0.0262128
0.0260764
0.025941
0.0258032
0.0256667
0.0255349
0.0254125
0.0252997
0.0251958
0.0250989
0.025009
0.0249251
0.02485
0.0247782
0.0247127
0.0246445
0.0245777
0.0245063
0.0244309
0.0243473
0.0242521
0.0241376
0.0240075
0.0238459
0.0236613
0.0234369
0.0231683
0.0228498
0.02247
0.0220238
0.0214909
0.0208789
0.0201435
0.0193258
0.0183466
0.0173118
0.0160723
0.0147577
0.0132566
0.0116482
0.00987247
0.00783686
0.00585689
0.00366256
0.00122034
0.0276688
0.0274647
0.0272646
0.0270788
0.0269079
0.0267483
0.026593
0.0264389
0.0262834
0.0261293
0.0259777
0.025832
0.0256918
0.0255572
0.025427
0.0253015
0.0251799
0.025064
0.0249499
0.0248406
0.0247279
0.0246173
0.0245005
0.0243811
0.0242522
0.0241136
0.0239568
0.0237856
0.0235839
0.023362
0.0230994
0.022799
0.0224491
0.0220424
0.0215754
0.0210265
0.0204076
0.0196737
0.0188625
0.0178956
0.0168793
0.0156572
0.0143693
0.0128948
0.0113157
0.00959355
0.00760009
0.0056745
0.00353578
0.00117281
0.0279982
0.0278174
0.0276349
0.0274561
0.0272822
0.0271129
0.0269453
0.0267791
0.0266121
0.0264468
0.0262823
0.0261217
0.0259634
0.0258088
0.0256567
0.0255073
0.0253609
0.0252173
0.0250749
0.0249353
0.0247921
0.024651
0.0245019
0.0243517
0.0241905
0.0240204
0.0238336
0.0236319
0.0234016
0.023153
0.0228613
0.0225394
0.022168
0.0217399
0.0212579
0.0206971
0.0200712
0.0193387
0.018532
0.0175742
0.0165673
0.0153568
0.0140935
0.0126316
0.0110762
0.00938632
0.0074501
0.00556786
0.00344028
0.00113247
0.0281704
0.0280016
0.0278282
0.0276532
0.027478
0.0273037
0.0271299
0.0269572
0.0267846
0.0266135
0.0264426
0.0262744
0.0261067
0.0259423
0.0257783
0.0256174
0.0254578
0.0252998
0.0251432
0.0249866
0.0248286
0.0246702
0.0245045
0.0243384
0.0241578
0.0239731
0.0237682
0.0235503
0.0233059
0.0230404
0.0227345
0.0224009
0.0220125
0.0215795
0.0210874
0.0205198
0.019891
0.0191576
0.0183524
0.0174065
0.0164028
0.0151913
0.0139511
0.0124995
0.0109551
0.00927596
0.00738037
0.00551954
0.00339416
0.00112865
-0.0803832
-0.0915914
-0.102474
-0.113097
-0.124525
-0.135616
-0.148613
-0.160695
-0.176929
-0.194617
-0.0708101
-0.0804122
-0.0900256
-0.0991776
-0.109644
-0.119111
-0.130277
-0.139838
-0.150888
-0.16425
-0.0614698
-0.069457
-0.0775478
-0.0851482
-0.0937987
-0.10145
-0.109682
-0.116988
-0.125466
-0.138022
-0.0527811
-0.0593583
-0.0659646
-0.0722437
-0.0791355
-0.0853811
-0.0918251
-0.0986503
-0.107641
-0.119477
-0.0445739
-0.0499649
-0.055316
-0.0606384
-0.0663579
-0.0720174
-0.0782749
-0.0854353
-0.0933597
-0.101677
-0.0370034
-0.04144
-0.0458102
-0.0504355
-0.05548
-0.060859
-0.0664898
-0.0718184
-0.0768784
-0.0834577
-0.0299761
-0.0336391
-0.0372532
-0.0412198
-0.0454873
-0.049787
-0.0537105
-0.0572785
-0.0618078
-0.0686469
-0.0234545
-0.0264564
-0.0293771
-0.0325431
-0.0358153
-0.0389684
-0.0420866
-0.0457387
-0.0505694
-0.056259
-0.0173896
-0.019798
-0.0220934
-0.0245624
-0.0271886
-0.0299996
-0.0331828
-0.0366176
-0.040082
-0.0441175
-0.0117779
-0.0137024
-0.015548
-0.0176069
-0.0199466
-0.02249
-0.0250113
-0.0272697
-0.029759
-0.0334878
-0.00664374
-0.00820407
-0.00972956
-0.0114482
-0.0133409
-0.0152198
-0.0169965
-0.0188769
-0.0213776
-0.0247479
-0.00197304
-0.00322511
-0.00444123
-0.00577437
-0.00721207
-0.00870402
-0.0103214
-0.0121435
-0.0142209
-0.0167815
0.00228291
0.0012992
0.000347052
-0.000712779
-0.00191593
-0.00323596
-0.00462417
-0.00601263
-0.00754951
-0.00969245
0.00613862
0.00535863
0.0045916
0.00371748
0.0027216
0.00166967
0.000614461
-0.000482004
-0.00182962
-0.00371601
0.00960664
0.00898036
0.00836373
0.00766396
0.00687558
0.00603575
0.00515164
0.00418604
0.00303536
0.00150278
0.0126988
0.0122001
0.0117051
0.0111416
0.0104967
0.00979219
0.0090461
0.00825328
0.00732981
0.00607096
0.0154719
0.0150543
0.0146442
0.01418
0.0136478
0.0130669
0.0124558
0.0118053
0.0110345
0.00997448
0.017929
0.0175682
0.017219
0.0168307
0.0163892
0.0159085
0.0154001
0.0148525
0.0141996
0.0133111
0.0200945
0.0197712
0.0194644
0.0191335
0.0187632
0.018359
0.0179255
0.0174544
0.0169
0.0161638
0.0219909
0.0216922
0.0214133
0.0211211
0.0207987
0.0204477
0.020073
0.019673
0.0192116
0.018606
0.0236356
0.0233516
0.0230888
0.0228221
0.022537
0.0222334
0.0219129
0.0215708
0.0211757
0.0206656
0.0250486
0.0247759
0.024525
0.0242779
0.024021
0.0237507
0.0234655
0.0231617
0.0228182
0.0223919
0.0262508
0.0259877
0.0257445
0.0255088
0.0252689
0.0250207
0.0247625
0.0244923
0.0241948
0.0238381
0.0272595
0.0270049
0.0267672
0.026539
0.0263113
0.0260801
0.0258433
0.0255991
0.0253363
0.0250329
0.0280934
0.027847
0.0276144
0.0273916
0.0271722
0.0269527
0.026731
0.0265059
0.0262701
0.0260091
0.0287697
0.0285308
0.0283029
0.028084
0.0278702
0.0276589
0.0274485
0.0272381
0.0270229
0.0267939
0.0293026
0.0290704
0.0288467
0.0286313
0.0284216
0.0282162
0.0280138
0.0278139
0.0276136
0.0274076
0.0297031
0.0294764
0.0292565
0.0290439
0.0288372
0.0286359
0.0284389
0.0282463
0.0280561
0.0278657
0.0299756
0.0297533
0.0295368
0.0293267
0.0291225
0.0289241
0.0287308
0.0285426
0.0283585
0.0281773
0.0301147
0.0298956
0.0296819
0.0294741
0.0292721
0.0290759
0.0288851
0.0286996
0.0285183
0.028341
0.0796459
0.0833524
0.0864365
0.0886672
0.0897616
0.0898356
0.0890825
0.0874611
0.084699
0.080411
0.0741484
0.0653666
0.0533657
0.0372272
0.0157426
-0.0126829
-0.0500879
-0.0979216
-0.153834
-0.185549
0.0630877
0.0655594
0.0657681
0.0648443
0.0632672
0.0610136
0.0578987
0.0536545
0.0479402
0.0403603
0.0304495
0.0176253
0.00113335
-0.0200108
-0.0470942
-0.0817834
-0.12599
-0.180604
-0.24373
-0.277623
0.0466377
0.0471718
0.044619
0.0410514
0.0371527
0.032715
0.0273069
0.0205458
0.0120676
0.00146518
-0.011757
-0.0282247
-0.0487393
-0.0743345
-0.10636
-0.146578
-0.196845
-0.257006
-0.325091
-0.359367
0.0284201
0.027004
0.0225838
0.0172819
0.0116365
0.00529888
-0.00222577
-0.011311
-0.0223015
-0.0356106
-0.0517631
-0.0714208
-0.0954197
-0.124829
-0.161036
-0.205865
-0.261142
-0.326539
-0.393646
-0.428644
0.0089217
0.00591086
0.000242963
-0.00621112
-0.0131811
-0.0211121
-0.0304693
-0.0415715
-0.0547329
-0.0703648
-0.0890062
-0.111339
-0.138206
-0.170668
-0.210157
-0.258481
-0.317239
-0.384631
-0.449583
-0.484048
-0.0101648
-0.0146671
-0.0214231
-0.0288614
-0.0369899
-0.0463053
-0.0572111
-0.0699837
-0.0849254
-0.10244
-0.123054
-0.147459
-0.176496
-0.21113
-0.252831
-0.303355
-0.363466
-0.4305
-0.491932
-0.52449
-0.0281732
-0.0341678
-0.041879
-0.0502001
-0.059391
-0.0699308
-0.082136
-0.0962495
-0.112576
-0.13152
-0.153546
-0.179366
-0.209775
-0.24576
-0.288578
-0.339611
-0.39919
-0.463672
-0.519634
-0.549442
-0.0449668
-0.0523885
-0.0608822
-0.0700075
-0.0801774
-0.0917802
-0.105042
-0.120179
-0.137502
-0.157414
-0.180389
-0.207015
-0.238031
-0.274358
-0.317072
-0.367167
-0.424386
-0.483942
-0.532604
-0.559314
-0.0610002
-0.0692829
-0.0783513
-0.0882392
-0.0992928
-0.111764
-0.125831
-0.141707
-0.15969
-0.180152
-0.203529
-0.230335
-0.261211
-0.296943
-0.338404
-0.386155
-0.439119
-0.4915
-0.53175
-0.555405
-0.0760757
-0.0848714
-0.0945327
-0.105139
-0.116923
-0.130052
-0.144678
-0.161012
-0.179326
-0.199941
-0.223234
-0.249647
-0.279713
-0.314054
-0.353257
-0.397344
-0.444305
-0.487766
-0.519286
-0.539973
0.205485
0.216693
0.228968
0.242384
0.25693
0.272581
0.289339
0.307237
0.326321
0.346613
0.368097
0.390695
0.414254
0.438505
0.463012
0.487083
0.509661
0.52893
0.543557
0.557554
0.204382
0.215065
0.226902
0.240021
0.254326
0.269696
0.286092
0.303548
0.322119
0.341828
0.362648
0.384488
0.407178
0.43043
0.453785
0.476519
0.49754
0.514999
0.527714
0.540199
0.200668
0.210322
0.221384
0.233954
0.247749
0.262509
0.278153
0.294722
0.31228
0.330839
0.350349
0.370689
0.391658
0.412936
0.434021
0.454139
0.472132
0.486103
0.495146
0.504774
0.194251
0.202514
0.212559
0.224364
0.23738
0.251191
0.265685
0.280924
0.296981
0.313855
0.331461
0.349632
0.368119
0.386547
0.404352
0.420685
0.434294
0.443227
0.446955
0.452564
0.185179
0.191797
0.200664
0.21153
0.223539
0.236122
0.249141
0.262669
0.27678
0.291454
0.306569
0.321917
0.337193
0.351959
0.36557
0.377083
0.385127
0.387683
0.384645
0.385342
0.173547
0.178384
0.185965
0.195697
0.206415
0.217457
0.228694
0.240212
0.252064
0.264179
0.276376
0.288387
0.29985
0.310257
0.31888
0.324668
0.326121
0.321161
0.310085
0.305286
0.15948
0.16254
0.168914
0.1775
0.186758
0.195959
0.205039
0.214155
0.223362
0.232539
0.241432
0.249701
0.256905
0.262448
0.265501
0.264901
0.259013
0.245736
0.225682
0.215076
0.14314
0.144342
0.149514
0.156945
0.164698
0.171986
0.178812
0.185377
0.191718
0.197662
0.202905
0.207055
0.209602
0.209867
0.206912
0.199445
0.185697
0.163605
0.134089
0.11742
0.124837
0.124657
0.128908
0.134927
0.140703
0.145694
0.150069
0.154006
0.157427
0.16006
0.161536
0.16141
0.159114
0.153891
0.144704
0.130146
0.108327
0.0773026
0.0383325
0.0157575
0.103573
0.103461
0.10774
0.112393
0.11593
0.118356
0.120065
0.12118
0.121507
0.120688
0.118294
0.113822
0.106635
0.095889
0.0804565
0.0588161
0.0289783
-0.0108018
-0.0587939
-0.0865857
0.0534217
0.0531421
0.0538885
0.054457
0.0554843
0.0563758
0.0577167
0.0590595
0.0607991
0.0626299
0.0648312
0.0672181
0.0700035
0.0730387
0.0765149
0.0803178
0.0846073
0.0893017
0.0945031
0.100164
0.10645
0.113322
0.120942
0.129149
0.138096
0.147718
0.158113
0.169185
0.181032
0.193551
0.0534888
0.053219
0.0539634
0.0545395
0.0555722
0.0564706
0.0578232
0.0591797
0.0609377
0.0627893
0.065042
0.0674001
0.0702104
0.0732621
0.0767566
0.0805671
0.0848666
0.0895545
0.0947682
0.100441
0.106734
0.113587
0.121138
0.129284
0.138161
0.147681
0.157971
0.168905
0.180609
0.1929
0.0535448
0.0532912
0.0540305
0.054616
0.0556541
0.0565629
0.0579315
0.0592994
0.0610593
0.0629286
0.0651815
0.0675737
0.0704068
0.0734666
0.0769739
0.080779
0.0850771
0.0897429
0.0949413
0.100577
0.10682
0.113576
0.121001
0.128977
0.13766
0.146917
0.156909
0.167448
0.17869
0.190279
0.0535896
0.0533583
0.0540889
0.0546841
0.0557243
0.056644
0.0580198
0.0593988
0.0611705
0.0630505
0.0653255
0.0677406
0.0705891
0.0736364
0.0771476
0.0809313
0.0852135
0.0898312
0.0949826
0.10053
0.106666
0.11325
0.120466
0.128148
0.136485
0.145273
0.154726
0.164561
0.17499
0.18544
0.0536237
0.0534199
0.0541384
0.0547466
0.0557868
0.0567135
0.0581015
0.059491
0.0612697
0.0631762
0.0654519
0.0678804
0.0707279
0.0737608
0.0772656
0.0810139
0.0852606
0.0898028
0.0948707
0.100279
0.106247
0.11258
0.119495
0.126759
0.134606
0.14274
0.151438
0.160276
0.169549
0.178392
0.0536477
0.0534756
0.0541797
0.0548014
0.0558381
0.0567812
0.0581762
0.0595778
0.0613654
0.063251
0.0655783
0.0680231
0.0708727
0.0738818
0.07738
0.0810827
0.0852913
0.0897386
0.094711
0.0999426
0.105712
0.111726
0.118269
0.124989
0.132197
0.139446
0.147117
0.154593
0.162327
0.169111
0.0536623
0.053525
0.0542135
0.054848
0.0558804
0.0568246
0.0582373
0.0596392
0.0614525
0.0633918
0.0656154
0.068087
0.0709291
0.0739214
0.077386
0.0810258
0.0851571
0.0894739
0.0942916
0.0992859
0.104771
0.110378
0.116437
0.122495
0.12893
0.135142
0.141624
0.147484
0.15338
0.157637
0.0536683
0.0535672
0.0542419
0.0548807
0.0559205
0.0569001
0.0582959
0.0597305
0.061528
0.0634882
0.0657876
0.068209
0.0710656
0.0740405
0.0774991
0.0810784
0.0851673
0.0893513
0.0940505
0.0987855
0.104007
0.109137
0.114678
0.119896
0.125397
0.130211
0.135147
0.138891
0.142608
0.144032
0.0536668
0.0536018
0.0542624
0.0549284
0.0559332
0.0569294
0.058333
0.0597641
0.0615769
0.0635078
0.0657709
0.0681916
0.0710058
0.0739431
0.0773212
0.0808018
0.0847452
0.0887359
0.0931793
0.0975757
0.102366
0.106941
0.111791
0.116144
0.120587
0.124092
0.127437
0.129087
0.130245
0.128371
0.0536585
0.0536307
0.054276
0.0549554
0.0559737
0.0569807
0.0584017
0.0598511
0.0616975
0.0636494
0.0659704
0.0684025
0.071262
0.0741974
0.0776112
0.0810394
0.0849823
0.0888204
0.0931743
0.0972295
0.101744
0.105639
0.109874
0.112966
0.116219
0.117518
0.118772
0.117185
0.115843
0.109911
0.0536427
0.0536487
0.0542687
0.0549468
0.0559385
0.0569518
0.0583455
0.059781
0.0615906
0.0635045
0.0657565
0.0681281
0.07087
0.0737007
0.0769277
0.08017
0.083815
0.0873445
0.0912276
0.0948023
0.0985878
0.101788
0.104939
0.107104
0.108837
0.109056
0.108332
0.105129
0.0995688
0.0892619
0.0536206
0.0536614
0.0542536
0.054928
0.0558887
0.0568987
0.0582496
0.0596594
0.0614108
0.0632696
0.0654317
0.0677149
0.0703101
0.0729966
0.0759954
0.0790075
0.0823035
0.0854846
0.0888507
0.0919228
0.0949678
0.0974824
0.0996222
0.100929
0.101383
0.10061
0.0982531
0.0940284
0.0874247
0.0793185
0.0535899
0.0536684
0.0542285
0.0548972
0.0558201
0.0568245
0.0581237
0.0595049
0.0611846
0.0629849
0.065036
0.0672231
0.0696427
0.0721732
0.0749044
0.0776743
0.0805709
0.0833951
0.0861931
0.088761
0.0910462
0.0928898
0.0940911
0.0945775
0.0939693
0.0922828
0.0889834
0.0843597
0.0781104
0.0709712
0.053549
0.0536679
0.0541921
0.0548543
0.0557329
0.0567321
0.05797
0.0593206
0.0609168
0.0626531
0.0645781
0.0666576
0.0688854
0.071242
0.073688
0.0761938
0.0786781
0.0811187
0.0833573
0.0853924
0.0869732
0.0881303
0.0885227
0.0882113
0.0867975
0.0843879
0.0806677
0.0758853
0.0699653
0.0633548
0.0534961
0.0536584
0.054144
0.0547974
0.0556263
0.0566179
0.0577865
0.0591011
0.0606051
0.0622652
0.0640557
0.0660072
0.0680364
0.0701921
0.0723474
0.0745574
0.0766349
0.0786573
0.0803685
0.0818464
0.0827955
0.0832786
0.0829916
0.0819829
0.0799942
0.0771017
0.0731797
0.0683551
0.0626825
0.0564965
0.0534297
0.0536377
0.0540835
0.0547233
0.0554987
0.0564766
0.0575715
0.0588397
0.060247
0.0618129
0.0634659
0.0652642
0.0670916
0.0690183
0.0708809
0.0727667
0.0744478
0.0760302
0.0772462
0.0781726
0.0785538
0.0784246
0.0775722
0.0760174
0.0736282
0.0704456
0.066429
0.0616655
0.0562457
0.0504387
0.0533489
0.0536025
0.0540094
0.0546284
0.0553489
0.0563033
0.0573233
0.0585302
0.0598399
0.0612907
0.062804
0.0644258
0.0660462
0.0677231
0.06929
0.0708345
0.0721293
0.0732708
0.0740209
0.0744317
0.0743059
0.073656
0.0723493
0.0703994
0.0677392
0.0644055
0.0603909
0.0557795
0.0506444
0.0451868
0.053253
0.0535485
0.0539203
0.0545092
0.0551754
0.0560936
0.0570389
0.0581685
0.0593792
0.0606964
0.0620643
0.0634939
0.0648978
0.0663131
0.0675817
0.0687795
0.0696996
0.0704175
0.0707346
0.0706836
0.0701187
0.0690498
0.0673957
0.0651754
0.0623538
0.0589772
0.0550523
0.0506566
0.0458335
0.0407147
0.0531419
0.0534714
0.0538137
0.0543628
0.054976
0.0558442
0.0567144
0.0577518
0.05886
0.0600301
0.0612421
0.0624712
0.0636483
0.0647966
0.0657685
0.0666241
0.0671862
0.0675103
0.0674354
0.0669862
0.0660581
0.0646683
0.0627646
0.0603771
0.0574898
0.0541557
0.0503867
0.0462472
0.0417532
0.0369751
0.0530152
0.0533665
0.0536863
0.0541869
0.0547472
0.0555529
0.0563455
0.0572789
0.0582774
0.0592927
0.0603359
0.061361
0.0623053
0.0631851
0.0638678
0.064395
0.0646221
0.0645911
0.0641737
0.0633957
0.0621826
0.0605602
0.058495
0.0560276
0.0531539
0.0499282
0.046362
0.0425063
0.0383549
0.0339308
0.0528723
0.0532302
0.0535337
0.05398
0.0544856
0.0552183
0.0559281
0.0567486
0.0576283
0.0584853
0.0593485
0.0601681
0.0608803
0.0614947
0.0619006
0.0621219
0.0620441
0.0617029
0.0609997
0.0599633
0.0585396
0.0567629
0.0546143
0.0521399
0.0493433
0.0462759
0.0429466
0.0393949
0.0355975
0.0315431
0.0527117
0.0530602
0.0533507
0.0537404
0.0541875
0.0548389
0.0554597
0.0561604
0.0569117
0.0576101
0.0582867
0.0589003
0.0593872
0.059746
0.0598918
0.0598362
0.0594908
0.0588897
0.05796
0.0567312
0.0551659
0.0533041
0.0511388
0.0487171
0.0460469
0.043175
0.0401067
0.0368714
0.0334341
0.0297594
0.0525312
0.0528558
0.0531323
0.0534662
0.0538501
0.0544135
0.0549393
0.0555151
0.0561295
0.0566706
0.05716
0.0575694
0.0578419
0.0579624
0.0578697
0.0575707
0.0570009
0.0561927
0.0550935
0.0537332
0.0520884
0.0502015
0.0480744
0.0457527
0.0432458
0.0405949
0.0378018
0.0348871
0.0318087
0.0285155
0.052328
0.0526169
0.0528742
0.0531547
0.0534715
0.0539411
0.0543672
0.0548151
0.0552862
0.0556722
0.05598
0.0561912
0.0562631
0.0561685
0.0558644
0.0553597
0.0546107
0.0536467
0.0524313
0.0509945
0.0493241
0.0474622
0.0454169
0.0432304
0.0409123
0.0384974
0.0359844
0.0333866
0.0306582
0.0277393
0.0520986
0.0523442
0.0525742
0.0528032
0.0530506
0.0534215
0.0537448
0.0540647
0.0543894
0.0546234
0.0547593
0.0547842
0.0546718
0.0543893
0.053907
0.0532361
0.0523511
0.0512791
0.0499965
0.0485315
0.0468805
0.0450834
0.0431524
0.0411254
0.039011
0.0368377
0.0346015
0.0323096
0.0299154
0.0273556
0.0518397
0.0520382
0.0522319
0.0524095
0.0525869
0.0528564
0.053075
0.0532698
0.0534493
0.0535356
0.0535122
0.0533678
0.0530911
0.0526512
0.0520262
0.051228
0.0502474
0.0491107
0.0478038
0.0463514
0.0447555
0.0430529
0.0412584
0.0394053
0.0375006
0.0355664
0.0335965
0.0315935
0.029512
0.0272894
0.051547
0.051699
0.0518488
0.0519732
0.0520811
0.0522489
0.0523623
0.0524373
0.0524781
0.0524234
0.0522548
0.0519621
0.0515457
0.0509795
0.0502462
0.049358
0.0483185
0.0471548
0.0458594
0.0444522
0.0429382
0.0413507
0.0397059
0.0380324
0.0363355
0.0346311
0.0329116
0.0311759
0.0293817
0.0274697
0.0512203
0.0513272
0.0514274
0.0514959
0.0515353
0.0516037
0.0516137
0.0515759
0.0514882
0.051303
0.0510052
0.0505879
0.0500584
0.0493956
0.0485864
0.0476426
0.0465772
0.0454176
0.0441615
0.042824
0.0414107
0.0399507
0.0384608
0.0369654
0.0354679
0.0339791
0.03249
0.0309971
0.0294623
0.0278318
0.0508583
0.0509233
0.0509713
0.0509816
0.0509536
0.0509277
0.0508382
0.0506954
0.0504928
0.0501918
0.049783
0.049265
0.0486485
0.0479173
0.0470616
0.0460926
0.0450287
0.0438979
0.0427016
0.0414506
0.040149
0.0388222
0.037486
0.0361614
0.0348503
0.0335591
0.0322781
0.0310022
0.029698
0.0283182
0.0504618
0.0504889
0.050485
0.0504361
0.0503423
0.0502289
0.0500467
0.0498082
0.0495054
0.0491066
0.0486071
0.048011
0.0473322
0.0465583
0.0456816
0.0447123
0.0436722
0.0425888
0.0414661
0.0403108
0.0391257
0.0379313
0.0367428
0.0355777
0.0344369
0.0333232
0.0322269
0.0311417
0.0300395
0.0288799
0.0500341
0.0500273
0.0499741
0.0498672
0.04971
0.0495171
0.0492515
0.0489282
0.0485413
0.0480638
0.0474938
0.0468409
0.0461218
0.0453273
0.0444506
0.0435008
0.0425011
0.041478
0.0404367
0.0393806
0.0383107
0.0372436
0.0361931
0.0351736
0.0341852
0.0332282
0.0322929
0.031373
0.0304451
0.0294762
0.0495802
0.0495438
0.0494455
0.0492842
0.0490674
0.0488038
0.0484658
0.0480703
0.0476153
0.0470774
0.0464564
0.0457665
0.0450263
0.044229
0.0433682
0.0424524
0.0415046
0.0405494
0.0395922
0.0386337
0.0376737
0.0367253
0.0358007
0.0349115
0.0340569
0.0332356
0.0324385
0.0316596
0.0308803
0.0300741
0.0491081
0.049046
0.0489079
0.0486977
0.0484268
0.0481019
0.0477039
0.0472503
0.0467415
0.0461595
0.0455056
0.0447965
0.0440508
0.043264
0.0424304
0.041558
0.0406688
0.0397845
0.0389099
0.0380438
0.0371853
0.0363447
0.0355323
0.0347573
0.0340183
0.0333126
0.0326321
0.0319717
0.0313169
0.0306474
0.048628
0.0485442
0.0483722
0.0481203
0.0478021
0.0474258
0.0469805
0.0464823
0.0459336
0.0453216
0.04465
0.0439361
0.0431972
0.0424302
0.0416305
0.0408063
0.0399778
0.0391636
0.038367
0.0375856
0.0368182
0.0360729
0.0353585
0.0346817
0.0340404
0.0334313
0.0328477
0.0322852
0.031733
0.0311762
0.0481529
0.0480513
0.0478517
0.0475658
0.047209
0.0467916
0.0463102
0.0457793
0.045203
0.0445737
0.0438968
0.0431889
0.0424647
0.0417224
0.0409596
0.040185
0.0394162
0.0386678
0.0379418
0.0372354
0.0365477
0.0358849
0.035254
0.0346594
0.034099
0.0335692
0.0330645
0.0325815
0.0321123
0.0316465
0.0476987
0.0475834
0.0473623
0.0470498
0.0466629
0.0462154
0.0457089
0.0451551
0.0445603
0.0439234
0.0432514
0.0425569
0.0418507
0.0411337
0.0404079
0.0396821
0.0389694
0.0382798
0.0376146
0.0369721
0.0363522
0.0357593
0.0351979
0.0346704
0.0341749
0.0337084
0.0332667
0.0328469
0.0324436
0.0320496
0.0472845
0.0471589
0.0469228
0.0465912
0.0461817
0.0457132
0.0451913
0.0446231
0.044017
0.0433797
0.042719
0.042041
0.0413522
0.0406585
0.0399674
0.039287
0.0386245
0.0379846
0.0373689
0.0367784
0.0362142
0.0356785
0.035173
0.0346984
0.0342532
0.0338356
0.0334426
0.0330718
0.0327192
0.0323798
0.0469326
0.0467997
0.0465536
0.0462093
0.045785
0.0453035
0.0447727
0.044196
0.0435851
0.042953
0.0423051
0.041641
0.0409663
0.0402934
0.0396342
0.0389933
0.0383712
0.0377692
0.0371912
0.0366414
0.0361209
0.0356295
0.035166
0.0347304
0.0343223
0.033941
0.0335842
0.0332497
0.0329342
0.0326342
0.0466688
0.0465315
0.0462789
0.0459259
0.0454937
0.0450065
0.0444703
0.0438885
0.0432783
0.042655
0.0420171
0.0413601
0.0406941
0.0400392
0.0394078
0.0387976
0.0382028
0.037625
0.0370726
0.0365521
0.0360635
0.0356029
0.0351674
0.0347571
0.0343736
0.034017
0.0336853
0.0333754
0.0330843
0.0328097
0.0465219
0.0463829
0.0461267
0.045768
0.0453319
0.0448436
0.0443051
0.0437204
0.0431132
0.0424978
0.0418653
0.0412096
0.0405469
0.0399038
0.0392907
0.0386985
0.0381174
0.0375507
0.0370111
0.0365068
0.036036
0.035592
0.0351705
0.0347728
0.0344019
0.0340587
0.0337407
0.0334442
0.033166
0.0329046
0.0755459
0.0586998
0.0420814
0.0257631
0.00823911
-0.00914421
-0.0253812
-0.0403008
-0.0546258
-0.0680877
0.0700051
0.0537712
0.0359102
0.0204134
0.00536831
-0.00981108
-0.0242229
-0.037141
-0.049255
-0.0603119
0.0634394
0.049212
0.0317149
0.016875
0.00418717
-0.00845386
-0.0210424
-0.0323857
-0.0430044
-0.0525109
0.0568148
0.0445258
0.0281178
0.0137806
0.00269596
-0.00773966
-0.0184849
-0.0284655
-0.0375804
-0.0454083
0.0505805
0.039927
0.0251187
0.0117743
0.00205867
-0.006475
-0.0153344
-0.0239268
-0.0317404
-0.0384718
0.0449185
0.0355922
0.0225501
0.0105867
0.00204752
-0.00505739
-0.0123197
-0.019625
-0.0262833
-0.0319846
0.039911
0.0316341
0.0203887
0.0100659
0.00265594
-0.00333469
-0.00928379
-0.0153798
-0.0209775
-0.0258127
0.0356272
0.0281746
0.0186787
0.0100627
0.003748
-0.00134318
-0.0062653
-0.0113062
-0.015965
-0.0200134
0.0320944
0.0253576
0.0174535
0.0104491
0.005182
0.000859235
-0.00325261
-0.00740513
-0.0112414
-0.0145791
0.0293011
0.0232423
0.0167229
0.0111424
0.00684367
0.00320362
-0.000248263
-0.00366696
-0.00679871
-0.00950961
0.0272116
0.0218044
0.0164606
0.0120834
0.00864647
0.00562027
0.00272402
-9.40992e-05
-0.00263921
-0.00482106
0.0257652
0.0209784
0.0166142
0.0132226
0.0105278
0.00805031
0.00563169
0.00330417
0.00123455
-0.00051622
0.0248844
0.0206792
0.0171179
0.0145137
0.0124405
0.0104469
0.00844381
0.00652094
0.00483543
0.00343475
0.024483
0.0208145
0.0179019
0.0159126
0.014347
0.0127734
0.0111333
0.00954822
0.0081735
0.00705138
0.0244722
0.0212927
0.0188985
0.0173779
0.0162165
0.0149995
0.0136743
0.0123727
0.0112479
0.0103479
0.0247667
0.0220277
0.0200448
0.0188727
0.018023
0.0171008
0.0160433
0.0149721
0.0140332
0.0132798
0.0252875
0.022942
0.021285
0.0203653
0.0197483
0.0190654
0.0182373
0.0173661
0.0165877
0.0159634
0.0259639
0.0239676
0.0225698
0.0218277
0.021376
0.0208797
0.0202423
0.0195384
0.0188875
0.0183542
0.0267354
0.0250467
0.023857
0.0232361
0.0228936
0.0225351
0.0220507
0.0214855
0.0209382
0.0204736
0.0275511
0.0261317
0.0251119
0.0245719
0.0242938
0.0240291
0.023662
0.0232096
0.0227479
0.0223374
0.0283701
0.0271849
0.0263067
0.0258206
0.0255735
0.0253647
0.0250812
0.024717
0.0243251
0.0239584
0.0291601
0.0281769
0.0274195
0.0269711
0.0267321
0.0265488
0.0263182
0.0260187
0.0256824
0.0253519
0.0298963
0.0290855
0.0284329
0.0280141
0.0277704
0.0275903
0.0273871
0.0271308
0.0268368
0.0265366
0.0305606
0.0298949
0.0293338
0.0289415
0.028688
0.0284976
0.0283023
0.0280706
0.0278061
0.0275299
0.0311409
0.0305945
0.0301129
0.0297465
0.0294838
0.029277
0.0290767
0.028855
0.0286088
0.0283505
0.0316306
0.0311795
0.0307652
0.0304245
0.030156
0.0299321
0.0297203
0.0294989
0.029262
0.029016
0.0320265
0.0316488
0.0312893
0.030973
0.0307026
0.0304645
0.0302395
0.0300128
0.029779
0.0295406
0.0323277
0.0320033
0.031686
0.0313909
0.0311218
0.0308736
0.0306368
0.0304034
0.0301693
0.0299351
0.032533
0.032243
0.0319545
0.0316753
0.0314088
0.0311544
0.0309092
0.03067
0.0304347
0.0302031
0.0326424
0.0323686
0.0320943
0.0318231
0.0315576
0.0312994
0.0310489
0.0308057
0.0305694
0.0303392
-0.584634
-0.590206
-0.597776
-0.608276
-0.621946
-0.638568
-0.657609
-0.677938
-0.697619
-0.713932
-0.58194
-0.586914
-0.593726
-0.603156
-0.615275
-0.629937
-0.64663
-0.664244
-0.680943
-0.694091
-0.580395
-0.583952
-0.589594
-0.597663
-0.607984
-0.620172
-0.633543
-0.6467
-0.657404
-0.662969
-0.580051
-0.581579
-0.585252
-0.591009
-0.598248
-0.606232
-0.613982
-0.620014
-0.622282
-0.618568
-0.580997
-0.579727
-0.580281
-0.582127
-0.584374
-0.586219
-0.586813
-0.585088
-0.579564
-0.568484
-0.58245
-0.577389
-0.573344
-0.569609
-0.565521
-0.560645
-0.554561
-0.546583
-0.535468
-0.51958
-0.582613
-0.572553
-0.562609
-0.552467
-0.542076
-0.53143
-0.520317
-0.508076
-0.493386
-0.474587
-0.578931
-0.562931
-0.546691
-0.530608
-0.515178
-0.500464
-0.486111
-0.471256
-0.454426
-0.43397
-0.568823
-0.546854
-0.525155
-0.504714
-0.486107
-0.469067
-0.452942
-0.436654
-0.418665
-0.397379
-0.550537
-0.523785
-0.498553
-0.475887
-0.455952
-0.438013
-0.421189
-0.404298
-0.38583
-0.364288
-0.523691
-0.494414
-0.468104
-0.445281
-0.425503
-0.407709
-0.390946
-0.374046
-0.355596
-0.334228
-0.489363
-0.460302
-0.435249
-0.413868
-0.395293
-0.37836
-0.362198
-0.34573
-0.327674
-0.306804
-0.44963
-0.423336
-0.401269
-0.382378
-0.365673
-0.35008
-0.334905
-0.319192
-0.301818
-0.281692
-0.406923
-0.385206
-0.367159
-0.351338
-0.336894
-0.322951
-0.309025
-0.294303
-0.277825
-0.258626
-0.363342
-0.347223
-0.333622
-0.32114
-0.309154
-0.297038
-0.284529
-0.270953
-0.255526
-0.237381
-0.320574
-0.310257
-0.30117
-0.292086
-0.282605
-0.272406
-0.261379
-0.249048
-0.234769
-0.217771
-0.279422
-0.274832
-0.270154
-0.264384
-0.257396
-0.24909
-0.239546
-0.228495
-0.21543
-0.199658
-0.240681
-0.241417
-0.240837
-0.238244
-0.233583
-0.227106
-0.218992
-0.209229
-0.197408
-0.182933
-0.20375
-0.209766
-0.213115
-0.213507
-0.21114
-0.20646
-0.199707
-0.191164
-0.18055
-0.167425
-0.168306
-0.180473
-0.186827
-0.190301
-0.190079
-0.187075
-0.181484
-0.174008
-0.164594
-0.152953
-0.416841
-0.433207
-0.453681
-0.477371
-0.502311
-0.525965
-0.546136
-0.561579
-0.57229
-0.57935
-0.419462
-0.437218
-0.45856
-0.482579
-0.507074
-0.529689
-0.548395
-0.562224
-0.571467
-0.577403
-0.420805
-0.440042
-0.462838
-0.48799
-0.513188
-0.535762
-0.553699
-0.566127
-0.573537
-0.577539
-0.422766
-0.443772
-0.468478
-0.49532
-0.521857
-0.544825
-0.562138
-0.572992
-0.578133
-0.579549
-0.426074
-0.449051
-0.475963
-0.504895
-0.533017
-0.556643
-0.573274
-0.582283
-0.58479
-0.583244
-0.430836
-0.455797
-0.485042
-0.516294
-0.545975
-0.570492
-0.586366
-0.593076
-0.592736
-0.588023
-0.437028
-0.463703
-0.495116
-0.528631
-0.559983
-0.584877
-0.599837
-0.604284
-0.600656
-0.592304
-0.444601
-0.472314
-0.505301
-0.540619
-0.573245
-0.598161
-0.611653
-0.613498
-0.606283
-0.593688
-0.453476
-0.481042
-0.514453
-0.550574
-0.583621
-0.607859
-0.619297
-0.617969
-0.606709
-0.589252
-0.463546
-0.489211
-0.521241
-0.556497
-0.588539
-0.610962
-0.619518
-0.614465
-0.598833
-0.576333
-0.474693
-0.496147
-0.524304
-0.556305
-0.5853
-0.604379
-0.609128
-0.600034
-0.580211
-0.553387
-0.486808
-0.50131
-0.522485
-0.54819
-0.571607
-0.58568
-0.585734
-0.572771
-0.54978
-0.520466
-0.499806
-0.50442
-0.515083
-0.531032
-0.546041
-0.552738
-0.548257
-0.532466
-0.508334
-0.479218
-0.513612
-0.505517
-0.502036
-0.504636
-0.508532
-0.507097
-0.497816
-0.480962
-0.458347
-0.432376
-0.528088
-0.504936
-0.483971
-0.469749
-0.460031
-0.449882
-0.437007
-0.42145
-0.403222
-0.382865
-0.542931
-0.5032
-0.462129
-0.428022
-0.402691
-0.383901
-0.369445
-0.357993
-0.346418
-0.333273
-0.557571
-0.50077
-0.437919
-0.381728
-0.339869
-0.313574
-0.29958
-0.294203
-0.290849
-0.285389
-0.571138
-0.497596
-0.412178
-0.33293
-0.273626
-0.24042
-0.230135
-0.233101
-0.238416
-0.240329
-0.582291
-0.492916
-0.385478
-0.284278
-0.210225
-0.171536
-0.165912
-0.177141
-0.190694
-0.199219
-0.588688
-0.486685
-0.360722
-0.237364
-0.141455
-0.101737
-0.106371
-0.126983
-0.147358
-0.161438
-0.591849
-0.480973
-0.345897
-0.210959
-0.103056
-0.048251
-0.0538978
-0.0826657
-0.108979
-0.130362
-0.586345
-0.477067
-0.338645
-0.197722
-0.0750881
0.000723956
0.0040549
-0.0309242
-0.0644527
-0.0982162
-0.550469
-0.441715
-0.306299
-0.183491
-0.0581267
0.030135
0.0546855
0.0220745
-0.0154298
-0.0615179
-0.488109
-0.3952
-0.283128
-0.161206
-0.0426244
0.0431958
0.0859481
0.0652674
0.0316559
-0.0190566
-0.404341
-0.328025
-0.235959
-0.139736
-0.0404637
0.0467112
0.0990436
0.093322
0.0672168
0.0190518
-0.32134
-0.264616
-0.195515
-0.119388
-0.0369946
0.0413909
0.0970104
0.108028
0.0901673
0.04836
-0.257097
-0.219323
-0.169447
-0.110509
-0.042244
0.0283386
0.0858113
0.109324
0.102121
0.069695
-0.22167
-0.199668
-0.164369
-0.11625
-0.0567089
0.00670844
0.0612169
0.0919126
0.0988594
0.0784882
-0.213134
-0.201724
-0.174334
-0.130973
-0.0757209
-0.0187585
0.029727
0.0594826
0.0780593
0.072961
-0.223683
-0.219422
-0.195975
-0.154213
-0.101618
-0.0500628
-0.006629
0.0216622
0.0448499
0.055576
-0.254301
-0.256903
-0.235932
-0.195167
-0.144831
-0.0963149
-0.0539114
-0.0224966
0.00384563
0.0285255
-0.310732
-0.319124
-0.300756
-0.261412
-0.211724
-0.162193
-0.116141
-0.0775185
-0.0443969
-0.00643417
-0.375034
-0.386947
-0.372699
-0.336584
-0.287565
-0.23548
-0.184652
-0.13684
-0.0952196
-0.0461537
-0.408801
-0.421497
-0.411404
-0.380651
-0.336155
-0.285176
-0.232687
-0.179881
-0.133465
-0.0781282
-0.382044
-0.394038
-0.388359
-0.364247
-0.32772
-0.283727
-0.236807
-0.18763
-0.14568
-0.0947622
-0.312318
-0.320816
-0.316445
-0.298742
-0.271757
-0.238859
-0.20359
-0.166404
-0.135813
-0.0968017
-0.234614
-0.239143
-0.2344
-0.221547
-0.203258
-0.18143
-0.158115
-0.133561
-0.113808
-0.088145
-0.173075
-0.173941
-0.168892
-0.15868
-0.14542
-0.130722
-0.115731
-0.100341
-0.0882347
-0.0724352
-0.137326
-0.132888
-0.125366
-0.115213
-0.103648
-0.0918035
-0.0807932
-0.0704803
-0.0630619
-0.0539417
-0.122556
-0.111812
-0.0997646
-0.0873695
-0.0753544
-0.0642252
-0.0545207
-0.046324
-0.0409327
-0.0355893
-0.123811
-0.105876
-0.0870433
-0.0698871
-0.0553203
-0.0433682
-0.0340359
-0.0270061
-0.0227328
-0.0189674
-0.147645
-0.120039
-0.0917689
-0.065811
-0.0446472
-0.0284982
-0.0169433
-0.0096264
-0.00620388
-0.00376635
-0.192488
-0.155245
-0.117225
-0.0817435
-0.0513238
-0.0274473
-0.0100257
0.00128834
0.00703215
0.00997585
-0.229166
-0.186904
-0.144402
-0.104134
-0.0685826
-0.0393814
-0.0170719
-0.00128241
0.00870881
0.0149812
-0.225458
-0.184664
-0.145539
-0.106964
-0.072851
-0.0448679
-0.023654
-0.00809559
0.00253894
0.0100938
-0.187375
-0.153501
-0.119695
-0.0869846
-0.0571943
-0.0325059
-0.0165915
-0.00280876
0.00530998
0.00983295
-0.140039
-0.116759
-0.0925934
-0.0681543
-0.0444768
-0.023111
-0.00541504
0.00778447
0.0157423
0.0185807
-0.103848
-0.0918452
-0.0782094
-0.0627217
-0.0456716
-0.0281446
-0.0116808
0.00224487
0.0136561
0.0184311
-0.0843702
-0.0820388
-0.0781717
-0.0715706
-0.0618026
-0.0494704
-0.0357094
-0.0219577
-0.00810561
0.00108161
-0.083624
-0.0907949
-0.097193
-0.100768
-0.0995452
-0.0941233
-0.0828258
-0.0691294
-0.0521592
-0.0364879
-0.101115
-0.117812
-0.134258
-0.148208
-0.157296
-0.159613
-0.155103
-0.143096
-0.124824
-0.103536
-0.114233
-0.138719
-0.163329
-0.185581
-0.20283
-0.213026
-0.215876
-0.209101
-0.197555
-0.176392
-0.104163
-0.129012
-0.154342
-0.178256
-0.199126
-0.214225
-0.2234
-0.223382
-0.218852
-0.203418
-0.086554
-0.10538
-0.12379
-0.140799
-0.155926
-0.167965
-0.177604
-0.18156
-0.184121
-0.176282
-0.0739456
-0.0857989
-0.0967169
-0.106161
-0.113919
-0.11973
-0.123842
-0.125572
-0.126833
-0.125126
-0.0649708
-0.0698813
-0.0740932
-0.0772349
-0.079251
-0.080138
-0.0800631
-0.0790064
-0.078023
-0.0762019
-0.0625824
-0.0602928
-0.0579542
-0.0555191
-0.0529754
-0.050281
-0.0474421
-0.0446927
-0.0422491
-0.0383409
-0.0696195
-0.0608832
-0.0521647
-0.0439324
-0.0364802
-0.0299941
-0.024558
-0.0204095
-0.01781
-0.0143718
-0.0739132
-0.062414
-0.050857
-0.0396899
-0.0292573
-0.0197484
-0.0114337
-0.00437251
0.000983533
0.0048725
-0.0649653
-0.0561715
-0.0470804
-0.0379467
-0.0288442
-0.019957
-0.0113292
-0.0033539
0.00431438
0.0102743
-0.0516129
-0.0493031
-0.0466746
-0.0436853
-0.0400519
-0.0359349
-0.0309711
-0.0256677
-0.0193142
-0.0128985
-0.0452475
-0.0507093
-0.0560995
-0.0611139
-0.0655058
-0.068893
-0.0712266
-0.0721953
-0.0718049
-0.0698323
-0.0494374
-0.0614437
-0.0739046
-0.0864757
-0.0988743
-0.110464
-0.121189
-0.129966
-0.137673
-0.142251
-0.0576518
-0.072841
-0.0889024
-0.105568
-0.122523
-0.139265
-0.155351
-0.170068
-0.183299
-0.193859
-0.0636567
-0.0756777
-0.0885519
-0.102177
-0.116383
-0.130865
-0.145256
-0.159044
-0.172081
-0.183489
-0.0601685
-0.064882
-0.0701781
-0.0760426
-0.0824211
-0.0891767
-0.0961218
-0.103156
-0.110226
-0.116098
-0.0518221
-0.0493374
-0.0473921
-0.0459841
-0.0450964
-0.0446856
-0.0446879
-0.0451343
-0.0460637
-0.0466079
-0.039296
-0.0328924
-0.0271632
-0.0220952
-0.0176673
-0.013846
-0.0105477
-0.00774299
-0.00544081
-0.00332605
-0.0226786
-0.016984
-0.0118139
-0.00715717
-0.00301209
-0.000196112
0.00315021
0.00608087
0.00863729
0.0108946
-0.00633502
-0.00433109
-0.00251924
-0.000906212
0.000505785
0.00171839
0.00276297
0.00364511
0.00438795
0.00502064
-0.120845
-0.114365
-0.106423
-0.0958515
-0.0859042
-0.076575
-0.0669626
-0.0572425
-0.048362
-0.0405065
-0.0329506
-0.0260212
-0.019918
-0.0143735
-0.0094154
-0.00501076
-0.00109309
0.00236261
0.00539088
0.00804153
0.0103468
0.0123335
0.0140368
0.0154818
0.0166908
0.0176837
0.0184758
0.0190768
0.0194906
0.0197094
-0.0994517
-0.0959762
-0.0911053
-0.0851718
-0.0789421
-0.0719372
-0.0641942
-0.0562424
-0.0486186
-0.0412489
-0.0340838
-0.027483
-0.0214191
-0.0158395
-0.0108036
-0.00626805
-0.00220977
0.00138897
0.00455965
0.00734377
0.00976561
0.0118559
0.0136473
0.0151649
0.0164323
0.0174706
0.0182969
0.018922
0.0193514
0.019578
-0.0668238
-0.0662655
-0.0666296
-0.0659769
-0.0638687
-0.0603144
-0.0556498
-0.0503277
-0.0446149
-0.0385614
-0.0324892
-0.0266522
-0.0210657
-0.0158269
-0.0109977
-0.0065769
-0.00257791
0.00100265
0.0041846
0.00699362
0.00944599
0.0115713
0.0133963
0.014944
0.0162373
0.0172969
0.0181396
0.0187767
0.0192138
0.0194445
-0.0295583
-0.0338735
-0.0400385
-0.0433998
-0.0451872
-0.0452374
-0.0438256
-0.0412232
-0.0376479
-0.0333403
-0.0286855
-0.0238923
-0.0190972
-0.0144605
-0.0100653
-0.00596269
-0.00219517
0.001221
0.00429068
0.00701933
0.00941627
0.0115054
0.0133056
0.014837
0.0161197
0.0171724
0.0180107
0.0186451
0.0190805
0.0193102
0.00381152
-0.00532043
-0.0148371
-0.0220835
-0.0272462
-0.0303646
-0.0316831
-0.0314024
-0.0297882
-0.0271711
-0.0238958
-0.0201893
-0.0162747
-0.0123307
-0.00847081
-0.00478377
-0.00133846
0.00183185
0.00471422
0.00729748
0.00958454
0.0115905
0.0133274
0.0148111
0.0160581
0.0170847
0.017904
0.0185253
0.0189523
0.0191777
0.0314527
0.0181382
0.00585787
-0.00425046
-0.0119531
-0.0173807
-0.0207587
-0.022301
-0.0223066
-0.02111
-0.0190224
-0.0163082
-0.0132216
-0.00994801
-0.00662807
-0.00337674
-0.00027936
0.00261966
0.00528583
0.00769696
0.00985031
0.0117514
0.0134069
0.0148277
0.0160269
0.0170175
0.0178104
0.0184132
0.0188282
0.0190472
0.0513577
0.0361079
0.0217637
0.00966468
0.000271461
-0.00673159
-0.0115564
-0.0144402
-0.015681
-0.015593
-0.0144744
-0.0126087
-0.0102457
-0.00757518
-0.00475663
-0.00192346
0.000835746
0.00346276
0.00590768
0.0081431
0.0101557
0.0119455
0.0135133
0.0148658
0.0160123
0.0169627
0.017726
0.0183078
0.0187091
0.0189213
0.0634486
0.0476343
0.032179
0.0193771
0.00926301
0.00144469
-0.00421973
-0.00795454
-0.0100349
-0.0107507
-0.0103817
-0.00920424
-0.0074486
-0.00530256
-0.00293806
-0.000487392
0.00195786
0.00432219
0.00654908
0.00861069
0.0104816
0.0121588
0.0136369
0.0149186
0.0160099
0.0169178
0.0176492
0.018208
0.0185941
0.0187982
0.0643548
0.0498479
0.0357659
0.0241453
0.0145788
0.00689949
0.00111918
-0.00291034
-0.005406
-0.00661116
-0.00675929
-0.00610622
-0.00484317
-0.00313901
-0.00117858
0.000927021
0.00307794
0.00519409
0.00721357
0.00910222
0.010829
0.0123928
0.0137791
0.0149876
0.0160209
0.0168837
0.0175809
0.018115
0.0184846
0.0186804
0.0526954
0.0423977
0.0322897
0.0236244
0.0159428
0.00946298
0.00437158
0.000646366
-0.00182302
-0.00319007
-0.00360786
-0.00329879
-0.002402
-0.00107071
0.000544859
0.0023369
0.00420836
0.00608381
0.00790383
0.00962481
0.011202
0.0126503
0.0139414
0.0150731
0.016045
0.0168598
0.0175202
0.0180273
0.0183788
0.018565
0.0315498
0.0275058
0.0229861
0.0184149
0.0136616
0.00932106
0.00567955
0.00281212
0.000796483
-0.000413489
-0.000894798
-0.000755983
-0.000106865
0.000933621
0.00225536
0.00376317
0.0053692
0.00700786
0.00862625
0.0101814
0.0116041
0.012934
0.0141254
0.0151758
0.0160827
0.0168465
0.0174678
0.0179463
0.0182788
0.0184552
0.0032116
0.00723787
0.00950401
0.00978088
0.00867793
0.0070986
0.00542581
0.0037655
0.0025613
0.00178238
0.00145503
0.00157021
0.00207127
0.00289253
0.00396553
0.00521621
0.00657422
0.0079825
0.00939245
0.010765
0.0120491
0.0132476
0.0143325
0.0152962
0.0161337
0.0168429
0.0174223
0.0178701
0.018182
0.0183478
-0.0279983
-0.0153055
-0.00603644
-0.000488945
0.00234887
0.00369003
0.00406103
0.00397748
0.00375164
0.00355092
0.00352409
0.00372766
0.00416511
0.0048312
0.00569485
0.00671182
0.00783501
0.00901869
0.0102196
0.0114031
0.0125341
0.0135978
0.0145695
0.0154401
0.0162029
0.0168531
0.0173874
0.0178024
0.0180924
0.0182469
-0.0543448
-0.0350225
-0.0204213
-0.0107555
-0.0041786
-4.08582e-05
0.00239751
0.0038578
0.0046572
0.00510151
0.00544376
0.00578812
0.00621442
0.00676936
0.00745536
0.00825959
0.00915837
0.0101206
0.0111128
0.0121047
0.0130692
0.0139903
0.014841
0.0156114
0.0162928
0.0168783
0.0173628
0.0177413
0.0180071
0.0181491
-0.0690741
-0.0470407
-0.0300869
-0.0180116
-0.00906573
-0.00299035
0.00107951
0.00380924
0.00548527
0.00655427
0.00727217
0.00778394
0.0082364
0.00871076
0.0092442
0.00985463
0.0105399
0.011285
0.0120687
0.0128676
0.0136593
0.0144279
0.0151516
0.0158143
0.0164077
0.0169228
0.0173529
0.0176914
0.0179301
0.0180582
-0.0723586
-0.0504409
-0.0337837
-0.0211326
-0.0112409
-0.00426583
0.000824409
0.00433209
0.00660657
0.00813291
0.00911333
0.00975639
0.0102341
0.010641
0.0110416
0.0114761
0.0119606
0.0124957
0.0130731
0.0136782
0.0142938
0.0149048
0.0154945
0.016044
0.0165435
0.0169828
0.0173539
0.0176486
0.0178581
0.0179708
-0.0669534
-0.0472698
-0.0324963
-0.0203686
-0.0107551
-0.00370828
0.00174119
0.00552734
0.00815315
0.00994321
0.0110686
0.0117792
0.012241
0.012565
0.0128343
0.0131017
0.0133965
0.0137311
0.014108
0.0145216
0.0149605
0.0154127
0.0158636
0.0162969
0.0166984
0.0170582
0.017367
0.0176154
0.0177933
0.01789
-0.0549485
-0.0386603
-0.0266068
-0.0158724
-0.00755554
-0.00106901
0.00401677
0.00759282
0.0102079
0.0119888
0.0131296
0.0138435
0.0142602
0.0144916
0.0146274
0.0147302
0.0148398
0.0149791
0.0151601
0.0153848
0.0156477
0.0159403
0.0162506
0.0165644
0.0168651
0.0171429
0.0173872
0.0175872
0.0177326
0.0178114
-0.0399982
-0.0273497
-0.0176905
-0.00886036
-0.00215247
0.00338136
0.00762503
0.0107112
0.0130006
0.0145151
0.0154798
0.0160531
0.0163409
0.0164408
0.0164287
0.0163641
0.01629
0.0162369
0.0162249
0.0162627
0.0163507
0.0164838
0.0166526
0.0168447
0.0170428
0.017237
0.0174149
0.0175653
0.0176769
0.0177395
-0.0247703
-0.015445
-0.00796305
-0.00114444
0.0040812
0.00855869
0.0118366
0.0143082
0.0161241
0.0173102
0.0180483
0.0184258
0.0185323
0.0184562
0.0182665
0.0180176
0.0177525
0.0175049
0.0172997
0.0171513
0.0170648
0.0170386
0.017065
0.0171343
0.0172287
0.0173378
0.017448
0.0175469
0.0176234
0.0176659
-0.0104598
-0.00334607
0.00208279
0.00704742
0.0106921
0.0139723
0.0162814
0.0180798
0.0193181
0.0201104
0.0205834
0.0207693
0.0207181
0.0204845
0.0201235
0.0196892
0.0192301
0.018785
0.0183847
0.0180498
0.0177887
0.017603
0.0174874
0.0174313
0.0174215
0.0174446
0.0174857
0.0175329
0.0175742
0.0175999
0.00260335
0.00789385
0.0117453
0.0151956
0.0175572
0.0196037
0.0209464
0.0220464
0.0227368
0.0231325
0.0232793
0.0231998
0.0229336
0.0225116
0.0219683
0.0213472
0.0206948
0.0200532
0.0194602
0.0189418
0.0185089
0.018166
0.0179101
0.0177304
0.0176163
0.0175528
0.0175246
0.0175182
0.0175223
0.0175267
0.0145044
0.017412
0.0197861
0.0215861
0.0230743
0.0241701
0.0248463
0.0253692
0.0256619
0.0258292
0.0258225
0.0256044
0.0251776
0.0245689
0.023826
0.0230007
0.0221431
0.0213005
0.0205139
0.0198158
0.0192143
0.0187179
0.0183241
0.018024
0.0178077
0.0176591
0.0175623
0.0175042
0.017473
0.0174596
0.0202426
0.0221512
0.0241301
0.0249746
0.0257444
0.0262271
0.0267126
0.027147
0.0274293
0.0276398
0.0277124
0.0275707
0.0271599
0.0264889
0.0256122
0.024606
0.0235468
0.0225016
0.0215218
0.0206529
0.0198875
0.0192411
0.0187169
0.018302
0.0179869
0.0177552
0.0175913
0.017481
0.0174137
0.0173808
0.0160025
0.0184946
0.0208306
0.0222947
0.0237737
0.0249976
0.0261575
0.0272826
0.0282958
0.0290994
0.0295443
0.029547
0.0291233
0.0283589
0.0273358
0.0261466
0.0248846
0.0236345
0.0224597
0.0214396
0.0205138
0.0197262
0.0190782
0.018557
0.0181495
0.0178401
0.0176125
0.0174535
0.0173524
0.0173006
0.0134207
0.0155199
0.0170983
0.0184718
0.020172
0.0219942
0.0240556
0.0263714
0.028645
0.0304923
0.0316281
0.0319187
0.0314245
0.0304507
0.029155
0.0276873
0.0261706
0.0246924
0.0232967
0.0221733
0.0210789
0.0201596
0.0193982
0.018779
0.0182859
0.0179031
0.0176155
0.0174094
0.0172759
0.0172076
0.020757
0.0215812
0.0216386
0.0212275
0.0213499
0.0224803
0.0244458
0.0271044
0.0299588
0.032434
0.0340333
0.0345336
0.0337029
0.0325158
0.030925
0.02915
0.0273525
0.0256466
0.0240901
0.0227467
0.0215479
0.0205233
0.0196659
0.0189613
0.0183924
0.0179443
0.0176015
0.017352
0.0171866
0.0171006
0.0279916
0.0252125
0.0260434
0.0247552
0.0221866
0.0205452
0.0216175
0.0258613
0.0316712
0.0362911
0.0384009
0.0378631
0.0364778
0.0346226
0.0325367
0.0303881
0.0283184
0.0264074
0.0246953
0.0232041
0.0219065
0.0207969
0.0198624
0.0190873
0.018455
0.0179502
0.0175596
0.0172718
0.0170791
0.0169797
0.0142066
0.0170089
0.0168782
0.0154632
0.0128592
0.0105921
0.0120571
0.0211769
0.0328808
0.040758
0.0430234
0.0420337
0.0396015
0.0367558
0.0339389
0.0313207
0.0289679
0.0268865
0.0250662
0.02349
0.0221296
0.0209651
0.0199778
0.0191508
0.0184685
0.0179173
0.0174851
0.017163
0.0169453
0.0168313
-0.0185541
-0.00964931
-0.0072032
-0.00594176
-0.0032458
0.000645999
0.00710405
0.0190571
0.0331
0.042501
0.0454602
0.0443893
0.0414218
0.0379461
0.0346328
0.0316998
0.0291687
0.0270007
0.0251438
0.0235493
0.0221773
0.0209976
0.0199885
0.0191337
0.0184201
0.0178364
0.0173736
0.0170259
0.0167876
0.0166656
-0.0807197
-0.0642015
-0.0536251
-0.0416209
-0.0258643
-0.00971084
0.00561168
0.0201454
0.0316677
0.0382951
0.0407757
0.0405153
0.0386571
0.0361017
0.0334129
0.0308838
0.0286193
0.0266315
0.0248957
0.0233802
0.0220566
0.0209018
0.019899
0.0190367
0.0183063
0.0177007
0.0172145
0.0168455
0.0165912
0.0164553
-0.155443
-0.136476
-0.116111
-0.0909318
-0.0632003
-0.0359411
-0.0119433
0.00637266
0.018356
0.025618
0.029748
0.0316417
0.0319657
0.0313194
0.0301278
0.0286765
0.0271487
0.0256505
0.0242347
0.0229246
0.0217297
0.0206533
0.0196934
0.0188496
0.0181213
0.0175086
0.0170091
0.0166304
0.0163631
0.01623
-0.190826
-0.174897
-0.152345
-0.125336
-0.0955061
-0.0656054
-0.0387388
-0.0171337
-0.000997082
0.0103711
0.0178277
0.0224094
0.0250042
0.0262009
0.0264409
0.0260628
0.0253144
0.0243641
0.0233233
0.0222656
0.021238
0.020269
0.0193757
0.0185692
0.0178582
0.0172497
0.0167469
0.016356
0.0160821
0.0159332
-0.169276
-0.155351
-0.13776
-0.116482
-0.0926
-0.0679501
-0.0447752
-0.0247228
-0.00848189
0.00372121
0.0122169
0.0176752
0.0210066
0.022856
0.0236818
0.023859
0.0236029
0.0230569
0.0223292
0.021503
0.020639
0.0197816
0.0189625
0.0182031
0.0175182
0.016926
0.016427
0.0160392
0.0157666
0.0156296
-0.11736
-0.106498
-0.0943791
-0.0804126
-0.0653309
-0.0498012
-0.0345061
-0.0201858
-0.007449
0.00303656
0.0108454
0.0160745
0.0192641
0.02101
0.0218373
0.0222234
0.0221835
0.0218476
0.0213202
0.0206689
0.0199471
0.0191991
0.0184589
0.0177529
0.0171038
0.0165292
0.0160413
0.0156523
0.0153759
0.0152248
-0.0687837
-0.0599237
-0.0511242
-0.0416019
-0.0324126
-0.0235435
-0.0154843
-0.0082078
-0.00187859
0.00365123
0.00853341
0.0128567
0.0163533
0.0187516
0.0201398
0.0207886
0.0209424
0.020763
0.0203715
0.0198311
0.0192112
0.0185478
0.0178732
0.0172187
0.0166074
0.0160607
0.0155922
0.0152182
0.0149516
0.0148085
-0.0315742
-0.0244105
-0.0176507
-0.010709
-0.00472799
0.000277811
0.00373071
0.00594319
0.00724227
0.00855358
0.0103784
0.0126529
0.0150402
0.0170672
0.0185178
0.019384
0.0197709
0.0197783
0.0195134
0.0190573
0.018495
0.0178772
0.0172421
0.0166209
0.0160387
0.015513
0.0150615
0.014696
0.0144341
0.0142941
-0.00886045
-0.00366475
0.00106881
0.00566492
0.00972193
0.0130061
0.0151161
0.0158868
0.0154423
0.0145374
0.0142071
0.0148575
0.0165168
0.0177541
0.0186303
0.0190481
0.0191759
0.0190599
0.0187433
0.0182875
0.0177418
0.0171493
0.0165446
0.015955
0.0154013
0.0149018
0.0144702
0.0141222
0.0138736
0.0137371
0.0100826
0.0142619
0.0180614
0.0210918
0.0233848
0.0246209
0.0246706
0.0234413
0.0211427
0.0187447
0.0177426
0.0181827
0.0194381
0.0200613
0.0201285
0.0198208
0.0193652
0.0188074
0.0181953
0.0175629
0.0169371
0.0163241
0.0157343
0.0151753
0.0146577
0.0141907
0.0137881
0.0134607
0.0132239
0.0131005
0.0177439
0.0219164
0.0256219
0.028758
0.0311785
0.032658
0.0329635
0.0315494
0.0274228
0.0214437
0.0159041
0.0137968
0.0157809
0.0186132
0.0199816
0.0200316
0.0194373
0.0186107
0.0177519
0.0169182
0.0161695
0.0154951
0.014886
0.0143359
0.0138401
0.0134025
0.0130272
0.0127254
0.0125108
0.0123926
-0.00505163
0.000257608
0.00403699
0.00715571
0.0100708
0.0127963
0.0148223
0.0153564
0.0140743
0.0113401
0.00858826
0.00903136
0.0130484
0.016258
0.0175826
0.0183291
0.0181647
0.0175274
0.0167235
0.0159141
0.0151704
0.0145082
0.0139205
0.0133977
0.0129337
0.0125258
0.0121807
0.0119052
0.0117118
0.0116228
-0.065612
-0.0625645
-0.0612059
-0.0597824
-0.0569821
-0.0526635
-0.0471945
-0.0407871
-0.0332596
-0.0243622
-0.0143638
-0.00251807
0.00859661
0.0147497
0.0163515
0.0167175
0.0163651
0.0157033
0.014992
0.0143273
0.0137335
0.0132038
0.0127282
0.0122962
0.011903
0.0115534
0.0112538
0.0110109
0.0108413
0.0107513
-0.145497
-0.148462
-0.151201
-0.152097
-0.150171
-0.144973
-0.135999
-0.122538
-0.1041
-0.080861
-0.0547233
-0.028833
-0.00855552
0.00278674
0.00757965
0.0101493
0.0114484
0.0119879
0.0121174
0.012038
0.0118479
0.0115996
0.0113193
0.0110286
0.0107321
0.0104641
0.0102241
0.0100306
0.00989763
0.00983233
-0.203058
-0.210455
-0.21572
-0.218271
-0.217094
-0.211401
-0.200161
-0.182496
-0.157986
-0.127173
-0.0925656
-0.0583814
-0.0306654
-0.0130612
-0.00347463
0.00223228
0.005714
0.00779441
0.00897131
0.00958659
0.00985483
0.00990828
0.00983387
0.00968274
0.00949702
0.00930169
0.00911538
0.0089535
0.0088341
0.00877621
-0.192599
-0.199029
-0.203473
-0.205127
-0.203191
-0.196864
-0.185309
-0.167896
-0.144524
-0.115967
-0.0846893
-0.0544173
-0.0301345
-0.0142523
-0.00509435
0.000207752
0.00358873
0.00576944
0.00712506
0.00791327
0.00832185
0.00848118
0.00848474
0.00839552
0.00825655
0.00810252
0.00795013
0.00782449
0.00774532
0.00771189
-0.119271
-0.121205
-0.121981
-0.120871
-0.11752
-0.111409
-0.102252
-0.0899219
-0.0747502
-0.0575738
-0.0399526
-0.0238978
-0.0114253
-0.00347945
0.00104471
0.0033069
0.00497916
0.00600557
0.00663144
0.00699067
0.00716794
0.00722057
0.0071858
0.0070995
0.0069802
0.00685137
0.00672546
0.00661639
0.00654335
0.00651816
-0.0457662
-0.044634
-0.0430666
-0.0406893
-0.037373
-0.032942
-0.0274034
-0.0209042
-0.0138927
-0.00703474
-0.00104615
0.00346879
0.00617463
0.00740552
0.00771985
0.00753778
0.00724978
0.00690459
0.00659055
0.00632944
0.00611962
0.00595149
0.00581175
0.00568766
0.00557927
0.00547463
0.0053834
0.00529902
0.00523454
0.0051995
-0.000977113
0.00127726
0.00364431
0.00619991
0.00895996
0.0119056
0.0149179
0.0177919
0.020204
0.0217295
0.0219809
0.020826
0.0185491
0.0158292
0.0128097
0.0105781
0.00878383
0.00741248
0.0063949
0.00565861
0.00513452
0.00476628
0.00450397
0.00431345
0.00417184
0.00406193
0.00398069
0.0039238
0.00389006
0.00387497
0.0129688
0.0147789
0.0165623
0.0183155
0.0199744
0.021522
0.0228142
0.0237015
0.0240291
0.0236593
0.0224785
0.0205366
0.018084
0.0153854
0.0126211
0.0100778
0.00794226
0.00627843
0.00505417
0.00419795
0.00361695
0.00322771
0.00296683
0.00278787
0.00265974
0.00256709
0.00249712
0.00244938
0.00242083
0.00241939
0.00555842
0.00599976
0.00642177
0.00683508
0.00723005
0.00758288
0.00785844
0.00801391
0.00801233
0.00782346
0.00741289
0.00680817
0.00611983
0.00539871
0.00464315
0.00387636
0.00315208
0.00252173
0.00201312
0.00163122
0.00136243
0.00118013
0.0010615
0.000983166
0.000930025
0.000893682
0.0008652
0.000844774
0.00082992
0.00083254
-0.138319
-0.123009
-0.108308
-0.0947588
-0.0821958
-0.0707793
-0.0603536
-0.0508316
-0.0421532
-0.0343096
-0.0272593
-0.0209243
-0.0152561
-0.0102013
-0.00569394
-0.00168384
0.00187914
0.00503854
0.00782985
0.010286
0.0124355
0.014303
0.0159128
0.0172841
0.0184353
0.0193838
0.0201427
0.0207204
0.0211184
0.0213239
-0.147953
-0.130535
-0.113885
-0.0987875
-0.0851958
-0.0730919
-0.062138
-0.0521678
-0.0431461
-0.0350784
-0.0278611
-0.0213836
-0.015617
-0.0104909
-0.00593211
-0.00189142
0.00168855
0.00485399
0.00764414
0.0100965
0.0122411
0.0141042
0.0157127
0.0170832
0.0182348
0.0191846
0.019945
0.0205241
0.0209235
0.0211305
-0.155702
-0.136227
-0.117862
-0.101511
-0.0871581
-0.074518
-0.0631082
-0.0527734
-0.043556
-0.0354155
-0.0281184
-0.0215699
-0.0157764
-0.0106249
-0.0060495
-0.00200421
0.00157505
0.00473227
0.00751001
0.00994929
0.0120804
0.0139321
0.0155326
0.016897
0.0180455
0.0189943
0.019755
0.0203351
0.020736
0.0209448
-0.161666
-0.14015
-0.120319
-0.10337
-0.0889065
-0.0759907
-0.0641137
-0.0533867
-0.0440019
-0.0357643
-0.0283088
-0.0216837
-0.0158764
-0.0106973
-0.00611433
-0.00207004
0.0015045
0.00464894
0.00741172
0.00983536
0.0119497
0.013787
0.0153744
0.0167289
0.0178711
0.0188161
0.019575
0.0201547
0.0205564
0.0207668
-0.165767
-0.142269
-0.121563
-0.10484
-0.0902767
-0.0767593
-0.0643447
-0.0535112
-0.044261
-0.0359762
-0.0283764
-0.0217722
-0.0159744
-0.0107676
-0.00618639
-0.00213983
0.00143183
0.00456665
0.00732037
0.0097324
0.0118326
0.0136573
0.0152316
0.0165759
0.0177104
0.01865
0.0194055
0.0199836
0.0203851
0.0205964
-0.166638
-0.141358
-0.121511
-0.106122
-0.0916275
-0.0774663
-0.0647494
-0.0541171
-0.0449116
-0.0362882
-0.028531
-0.0220028
-0.01615
-0.0108996
-0.00631345
-0.00225024
0.0013243
0.00445903
0.00721362
0.00962025
0.0117128
0.01353
0.0150953
0.0164317
0.0175595
0.0184939
0.0192456
0.0198212
0.0202216
0.0204333
-0.164741
-0.138924
-0.121111
-0.106431
-0.0910407
-0.0763862
-0.0643106
-0.0543473
-0.0450926
-0.0361689
-0.0286241
-0.0222443
-0.0163027
-0.0110608
-0.00647606
-0.00239907
0.00117614
0.00431851
0.00707952
0.00948549
0.0115781
0.0133943
0.0149563
0.0162892
0.0174133
0.0183442
0.019093
0.0196665
0.0200653
0.0202771
-0.157911
-0.133055
-0.119288
-0.105745
-0.089986
-0.0759555
-0.0648843
-0.0550545
-0.0452272
-0.036217
-0.0290692
-0.0225996
-0.0165392
-0.0113303
-0.00671585
-0.00262233
0.00096465
0.00412743
0.00690101
0.00931475
0.0114177
0.0132403
0.0148057
0.016141
0.0172661
0.0181969
0.0189451
0.0195177
0.0199155
0.0201271
-0.149157
-0.12686
-0.116043
-0.102037
-0.0867845
-0.0747632
-0.0647547
-0.0548217
-0.044859
-0.0365203
-0.0296646
-0.022952
-0.0169335
-0.0117548
-0.00709369
-0.00298192
0.000640092
0.00383903
0.00663858
0.00907856
0.0112073
0.0130482
0.0146288
0.0159763
0.01711
0.0180466
0.0187984
0.0193728
0.019771
0.0199827
-0.133336
-0.120686
-0.113
-0.099543
-0.0862989
-0.0757074
-0.0657269
-0.0554645
-0.0458808
-0.0380773
-0.0308666
-0.0239399
-0.0179722
-0.0126703
-0.00790154
-0.00369968
2.50882e-05
0.00331056
0.00618423
0.00869531
0.0108839
0.0127722
0.014393
0.015772
0.0169294
0.017883
0.0186466
0.0192281
0.0196298
0.0198429
0.040479
0.020814
0.00110035
-0.0208094
-0.0436484
-0.0656903
-0.0862086
-0.105149
-0.122748
-0.139021
0.0432655
0.0219299
-0.000163359
-0.0242929
-0.049033
-0.0729255
-0.0953107
-0.11607
-0.135074
-0.152103
0.0450073
0.0202724
-0.004888
-0.0310572
-0.0573098
-0.0825935
-0.106289
-0.128211
-0.148177
-0.166293
0.0456454
0.0173991
-0.0106214
-0.0386876
-0.0663711
-0.0929777
-0.11796
-0.1411
-0.162295
-0.181705
0.0451503
0.0139867
-0.0165895
-0.0466286
-0.0759573
-0.104109
-0.130598
-0.155185
-0.177795
-0.198543
0.0437326
0.0100082
-0.0230495
-0.0552849
-0.0865562
-0.116502
-0.144679
-0.170842
-0.194893
-0.216938
0.0415711
0.005227
-0.0304642
-0.0651548
-0.0986236
-0.130542
-0.160507
-0.188277
-0.213739
-0.237036
0.0385969
-0.000642482
-0.0392013
-0.0765797
-0.112452
-0.146486
-0.178315
-0.2077
-0.234543
-0.259045
0.0345421
-0.00792414
-0.0495966
-0.0898743
-0.128338
-0.164631
-0.198396
-0.22941
-0.257615
-0.28324
0.0290507
-0.0169872
-0.062037
-0.105435
-0.146684
-0.185385
-0.221168
-0.253819
-0.283329
-0.309944
0.0217062
-0.0282743
-0.0770054
-0.123777
-0.16802
-0.20928
-0.247155
-0.281425
-0.312135
-0.339549
0.011991
-0.0423481
-0.0951166
-0.145554
-0.193017
-0.236973
-0.276983
-0.312839
-0.344591
-0.372538
-0.000771779
-0.0599424
-0.117157
-0.171593
-0.222527
-0.269315
-0.311433
-0.348825
-0.381386
-0.409507
-0.0174761
-0.0820195
-0.144143
-0.202948
-0.257616
-0.30741
-0.351677
-0.390365
-0.423368
-0.451168
-0.0393027
-0.109841
-0.177411
-0.241004
-0.29965
-0.352487
-0.398939
-0.43862
-0.471514
-0.498234
-0.0678204
-0.145048
-0.218699
-0.287594
-0.350529
-0.406536
-0.454697
-0.49468
-0.526529
-0.5509
-0.105056
-0.189592
-0.269868
-0.344548
-0.411921
-0.470536
-0.519452
-0.558483
-0.587561
-0.607357
-0.152508
-0.244503
-0.331066
-0.411333
-0.482369
-0.542058
-0.58981
-0.625426
-0.648832
-0.66095
-0.207734
-0.307432
-0.400212
-0.481969
-0.551645
-0.608664
-0.652013
-0.681317
-0.69698
-0.700578
-0.240031
-0.342772
-0.436355
-0.518768
-0.588375
-0.643995
-0.684891
-0.711114
-0.723478
-0.723688
0.203815
0.199335
0.192185
0.182297
0.16968
0.154452
0.136768
0.116741
0.0948833
0.0694439
0.214925
0.209689
0.201287
0.189801
0.175358
0.158169
0.138538
0.116493
0.0929669
0.06762
0.227143
0.221347
0.212042
0.199408
0.183655
0.165052
0.144047
0.12066
0.0960276
0.0706802
0.240504
0.234316
0.224368
0.210862
0.194044
0.174189
0.151861
0.127134
0.100925
0.0740233
0.254982
0.248434
0.237873
0.22348
0.20552
0.184255
0.160312
0.133874
0.105509
0.0761639
0.270561
0.263605
0.252322
0.236875
0.217555
0.194622
0.168715
0.140169
0.109309
0.0772353
0.287259
0.279832
0.267692
0.251001
0.230087
0.205237
0.177069
0.146103
0.112596
0.0776914
0.305113
0.297163
0.28405
0.265945
0.243222
0.216228
0.185554
0.151898
0.115565
0.0776471
0.324165
0.315646
0.301453
0.281775
0.25703
0.227652
0.19422
0.157572
0.118126
0.0769014
0.344436
0.335298
0.319908
0.298483
0.271481
0.239439
0.20295
0.162951
0.120011
0.0751134
0.365909
0.356093
0.339367
0.31599
0.286458
0.251417
0.211511
0.167748
0.120873
0.0718847
0.38851
0.377945
0.359721
0.33415
0.30177
0.26334
0.21959
0.171599
0.120291
0.0667401
0.412087
0.400692
0.38078
0.352732
0.317137
0.274866
0.226775
0.174024
0.117724
0.0590666
0.436376
0.424054
0.402235
0.371376
0.332141
0.285511
0.232498
0.174373
0.11244
0.0480448
0.460942
0.447579
0.423596
0.389537
0.346161
0.294571
0.235959
0.171742
0.103436
0.0325752
0.485095
0.470553
0.444103
0.406385
0.358281
0.301028
0.236027
0.164878
0.0893412
0.0111715
0.507782
0.491893
0.462615
0.420693
0.367163
0.303419
0.23111
0.152056
0.0683151
-0.0181206
0.527186
0.509757
0.477246
0.430521
0.370804
0.299678
0.219111
0.131207
0.038393
-0.0570742
0.541956
0.522899
0.486994
0.435218
0.36896
0.289969
0.200508
0.103113
0.000703693
-0.104042
0.556053
0.535677
0.497092
0.441444
0.370371
0.285923
0.190639
0.087089
-0.0214532
-0.131804
0.0533432
0.0532535
0.053153
0.0530422
0.0529219
0.052793
0.0526565
0.0525136
0.0523654
0.0522133
0.0530612
0.0529764
0.0528873
0.0527943
0.0526974
0.0525963
0.052491
0.0523814
0.0522676
0.052151
0.0538045
0.0537108
0.0536084
0.0534986
0.0533817
0.0532585
0.05313
0.0529966
0.0528599
0.0527211
0.0543656
0.0542654
0.0541589
0.0540465
0.0539285
0.0538054
0.0536776
0.0535457
0.0534111
0.0532776
0.0553834
0.0552707
0.0551502
0.0550225
0.0548882
0.0547483
0.0546045
0.0544556
0.0543036
0.0541633
0.056269
0.0561507
0.0560258
0.0558941
0.0557563
0.0556129
0.055465
0.0553177
0.0551522
0.0550313
0.0575946
0.0574584
0.0573152
0.0571647
0.0570078
0.0568466
0.05668
0.0565182
0.0563411
0.0562035
0.0589215
0.0587688
0.0586105
0.0584452
0.058275
0.0581009
0.0579236
0.057755
0.057563
0.0574482
0.0606511
0.0604834
0.0603108
0.0601289
0.0599407
0.059752
0.0595403
0.0593952
0.0591358
0.0590198
0.0624568
0.0622611
0.062062
0.0618547
0.0616313
0.061439
0.0611514
0.0610375
0.0607284
0.0605759
0.064641
0.064422
0.0641995
0.0639696
0.0637257
0.0635032
0.0632421
0.0630354
0.0626898
0.0625438
0.0670016
0.06675
0.0664971
0.0662277
0.0659447
0.0657035
0.0653629
0.0651025
0.0646973
0.0645056
0.0697536
0.0694607
0.0691611
0.0688605
0.0685382
0.0682313
0.0678786
0.0675419
0.0670708
0.0668791
0.0727571
0.0724204
0.0720696
0.0717034
0.0714053
0.0709755
0.0704822
0.0700902
0.0695049
0.0692491
0.0761995
0.075817
0.0753848
0.0750164
0.0745659
0.0740261
0.0734476
0.0730132
0.0722874
0.072012
0.079971
0.0795583
0.0790556
0.0785515
0.0778841
0.0773303
0.0765976
0.0760492
0.0751636
0.0747587
0.084219
0.0837321
0.083192
0.0824716
0.0816621
0.0810421
0.0801413
0.0794739
0.0783679
0.0778584
0.0888881
0.0882668
0.0875741
0.0866976
0.0858177
0.0849726
0.0838723
0.0829918
0.0816162
0.0808578
0.0940432
0.0933258
0.092489
0.091486
0.0904445
0.089372
0.0880171
0.0868924
0.0851543
0.0841462
0.0996212
0.0988663
0.0978461
0.0966718
0.0953429
0.0939816
0.0922767
0.0907785
0.0886033
0.0871302
0.105824
0.10501
0.103776
0.10238
0.100748
0.0990577
0.0969325
0.0950129
0.0922722
0.0903032
0.112581
0.111692
0.110137
0.108453
0.106424
0.104266
0.101587
0.0990404
0.0956192
0.0928172
0.120164
0.118878
0.117088
0.115109
0.112626
0.109941
0.106617
0.103359
0.0990857
0.0953878
0.128259
0.126731
0.124621
0.122159
0.119063
0.115644
0.111464
0.107172
0.101864
0.096726
0.137107
0.135303
0.132842
0.129841
0.126057
0.121803
0.116646
0.111192
0.104626
0.097966
0.146624
0.144502
0.141576
0.137877
0.133199
0.127816
0.121365
0.114265
0.106131
0.0971128
0.15691
0.154475
0.151037
0.146572
0.140903
0.134255
0.126359
0.117465
0.107455
0.0960813
0.167867
0.165067
0.160984
0.155539
0.148583
0.140265
0.130428
0.11911
0.10662
0.0919494
0.179609
0.176425
0.171644
0.16512
0.15674
0.146592
0.134628
0.120848
0.105483
0.0881601
0.192016
0.188315
0.182553
0.174556
0.164237
0.151653
0.136806
0.11978
0.100836
0.0789082
0.0520635
0.0519107
0.0517413
0.0515533
0.0513446
0.0511135
0.0508588
0.0505797
0.0502762
0.0499483
0.0495954
0.0492165
0.0488097
0.0483728
0.0479032
0.0473987
0.0468578
0.0462804
0.045668
0.045024
0.0443541
0.0436665
0.0429721
0.0422845
0.04162
0.0409982
0.0404416
0.039976
0.0396306
0.0394374
0.0520337
0.0519136
0.0517788
0.0516281
0.0514602
0.0512724
0.0510612
0.050822
0.0505503
0.0502416
0.0498924
0.0495006
0.0490661
0.0485903
0.0480748
0.0475216
0.0469324
0.0463093
0.045655
0.0449739
0.0442717
0.0435567
0.0428396
0.0421338
0.0414556
0.0408239
0.040261
0.0397918
0.0394443
0.0392494
0.0525793
0.0524217
0.0522447
0.052049
0.0518328
0.051595
0.0513346
0.0510502
0.0507396
0.0504
0.0500265
0.049615
0.0491616
0.0486633
0.0481193
0.047531
0.0469012
0.0462342
0.0455352
0.0448105
0.0440679
0.0433171
0.0425693
0.0418385
0.0411411
0.0404953
0.0399226
0.0394476
0.0390975
0.0389036
0.0531289
0.0529616
0.0527754
0.0525695
0.0523405
0.0520852
0.0518002
0.0514826
0.0511295
0.0507389
0.0503097
0.049841
0.0493309
0.0487772
0.0481782
0.0475339
0.0468464
0.0461202
0.0453617
0.0445791
0.0437824
0.0429833
0.0421945
0.0414303
0.0407077
0.0400447
0.0394608
0.0389803
0.0386303
0.038441
0.0539852
0.0537775
0.0535474
0.0532916
0.0530071
0.0526929
0.0523475
0.0519698
0.0515572
0.0511072
0.0506166
0.0500831
0.0495047
0.0488803
0.0482095
0.047493
0.0467334
0.0459359
0.045108
0.0442598
0.0434027
0.04255
0.0417165
0.0409176
0.0401694
0.0394912
0.0389009
0.0384191
0.0380706
0.0378831
0.0548283
0.0546022
0.0543487
0.0540665
0.0537516
0.0533999
0.0530067
0.0525681
0.0520816
0.0515469
0.0509642
0.0503342
0.0496578
0.0489362
0.0481711
0.0473648
0.046521
0.0456453
0.0447458
0.0438328
0.0429188
0.0420174
0.0411442
0.0403157
0.039547
0.0388561
0.038261
0.0377782
0.0374287
0.0372396
0.0559645
0.0556837
0.0553695
0.0550186
0.0546293
0.0542007
0.0537307
0.0532165
0.0526547
0.052041
0.0513723
0.0506472
0.0498668
0.0490347
0.0481563
0.0472384
0.0462885
0.0453152
0.0443284
0.04334
0.0423631
0.0414117
0.0405005
0.039645
0.03886
0.0381594
0.0375592
0.0370761
0.0367293
0.0365435
0.0571641
0.0568444
0.0564863
0.0560886
0.0556463
0.0551534
0.0546047
0.0539973
0.05333
0.052603
0.0518164
0.050971
0.0500682
0.0491119
0.0481085
0.0470672
0.0459993
0.0449172
0.0438338
0.042763
0.0417196
0.0407182
0.0397723
0.0388961
0.0381027
0.0374026
0.0368086
0.0363358
0.0360011
0.035824
0.0586634
0.0582657
0.0578126
0.0573063
0.0567468
0.0561327
0.0554619
0.0547316
0.0539386
0.0530809
0.0521588
0.0511752
0.050135
0.0490449
0.0479133
0.046751
0.0455711
0.0443881
0.0432172
0.0420736
0.040973
0.0399312
0.0389618
0.0380761
0.0372856
0.0365993
0.0360256
0.0355731
0.0352517
0.0350795
0.0601822
0.0597189
0.0591936
0.0586125
0.0579687
0.0572545
0.056465
0.0555992
0.0546579
0.053643
0.0525577
0.0514072
0.0501995
0.0489455
0.0476586
0.046354
0.0450481
0.0437579
0.0425003
0.0412909
0.0401451
0.039077
0.0380981
0.0372165
0.03644
0.0357751
0.0352255
0.0347928
0.0344803
0.0343077
0.0620633
0.0614773
0.0608112
0.0600735
0.0592631
0.0583785
0.0574184
0.0563814
0.0552671
0.0540774
0.0528175
0.051495
0.0501201
0.0487061
0.0472689
0.045827
0.0444006
0.0430101
0.0416747
0.0404124
0.0392374
0.0381601
0.037188
0.0363256
0.0355748
0.0349367
0.0344111
0.0339984
0.0337006
0.0335347
0.0639387
0.063238
0.0624545
0.0615932
0.0606438
0.0595981
0.0584548
0.0572171
0.0558908
0.0544844
0.0530091
0.051479
0.0499103
0.0483207
0.0467288
0.0451542
0.0436174
0.0421393
0.040741
0.0394405
0.0382501
0.037177
0.0362246
0.035393
0.0346786
0.0340766
0.0335838
0.0332023
0.0329363
0.0327937
0.0661729
0.0652938
0.0643058
0.0632212
0.0620399
0.0607629
0.0593911
0.0579256
0.0563707
0.0547349
0.0530323
0.051282
0.0495067
0.0477313
0.0459809
0.0442785
0.0426454
0.0411022
0.0396667
0.0383522
0.0371676
0.0361169
0.0351997
0.0344121
0.0337471
0.0331965
0.0327541
0.0324204
0.0321982
0.0320863
0.068388
0.0673313
0.0661593
0.064877
0.0634737
0.061947
0.0603042
0.0585584
0.0567251
0.0548224
0.0528699
0.0508901
0.0489079
0.046951
0.0450481
0.0432264
0.0415112
0.0399219
0.0384713
0.0371666
0.0360109
0.0350031
0.0341386
0.0334097
0.0328068
0.0323203
0.0319403
0.0316605
0.0314776
0.0313871
0.0709274
0.0696088
0.06814
0.0665469
0.0648338
0.0630047
0.0610642
0.0590218
0.0568942
0.0547063
0.0524876
0.0502691
0.048082
0.0459562
0.0439211
0.0420057
0.0402341
0.0386231
0.0371812
0.0359105
0.0348075
0.033865
0.0330725
0.0324176
0.0318876
0.0314703
0.0311524
0.0309204
0.0307645
0.030683
0.073433
0.0718442
0.0700947
0.0681978
0.0661507
0.0639643
0.0616615
0.0592683
0.0568121
0.054323
0.0518343
0.049382
0.0470019
0.0447277
0.0425906
0.0406163
0.0388233
0.0372224
0.0358174
0.0346054
0.0335774
0.0327197
0.0320154
0.0314473
0.0309975
0.0306499
0.0303889
0.0301982
0.0300657
0.0299922
0.0761749
0.0741992
0.0720295
0.0697118
0.0672578
0.0646788
0.0619936
0.0592311
0.0564289
0.0536284
0.0508711
0.0481976
0.0456464
0.0432539
0.0410494
0.0390527
0.0372749
0.0357191
0.0343821
0.0332548
0.0323223
0.0315651
0.0309612
0.0304883
0.0301241
0.0298488
0.0296451
0.0294988
0.0293988
0.029343
0.0788018
0.0764293
0.0738474
0.0710911
0.0681762
0.0651353
0.0620102
0.0588446
0.0556837
0.052574
0.049562
0.0466916
0.0440037
0.0415318
0.0392991
0.0373182
0.0355921
0.0341158
0.0328776
0.0318601
0.0310421
0.0303989
0.0299046
0.0295333
0.0292602
0.0290631
0.0289244
0.0288316
0.0287752
0.0287469
0.0815351
0.0786074
0.0754516
0.0721431
0.06871
0.0651829
0.0616056
0.0580313
0.0545163
0.0511157
0.0478802
0.0448555
0.0420786
0.0395752
0.0373597
0.035436
0.0337989
0.0324347
0.0313228
0.0304378
0.0297515
0.0292346
0.0288578
0.0285937
0.0284165
0.0283036
0.0282368
0.0282032
0.0281928
0.0281925
0.0839679
0.0804848
0.0767613
0.072869
0.0688567
0.0647863
0.0607247
0.0567373
0.0528859
0.0492281
0.0458157
0.0426897
0.0398785
0.0373973
0.0352498
0.0334293
0.0319209
0.0307017
0.0297427
0.029011
0.0284725
0.0280935
0.0278426
0.0276907
0.0276123
0.0275855
0.0275913
0.0276147
0.0276434
0.027664
0.0863187
0.082066
0.0775952
0.0730197
0.0683962
0.0637847
0.059258
0.0548907
0.0507505
0.046896
0.0433729
0.0402121
0.0374301
0.03503
0.0330037
0.0313331
0.0299923
0.028949
0.0281663
0.0276054
0.0272274
0.0269956
0.0268762
0.0268396
0.0268602
0.0269167
0.02699
0.0270633
0.027123
0.0271575
0.0880664
0.0830816
0.0778898
0.0726047
0.0673253
0.0621512
0.0571733
0.0524695
0.0481041
0.0441254
0.0405657
0.0374413
0.0347546
0.0324953
0.0306425
0.0291662
0.0280293
0.0271902
0.0266049
0.0262296
0.0260223
0.0259439
0.0259596
0.0260393
0.0261575
0.0262932
0.0264281
0.0265461
0.0266337
0.026681
0.0894755
0.0834632
0.0773608
0.0713066
0.065396
0.0597212
0.0543722
0.0494234
0.0449278
0.0409182
0.0374098
0.0344022
0.0318819
0.0298245
0.0281957
0.026954
0.0260521
0.0254401
0.0250684
0.0248892
0.0248584
0.024936
0.025087
0.0252818
0.0254952
0.0257069
0.0259004
0.026062
0.0261794
0.0262425
0.0898385
0.0829388
0.0759967
0.0691709
0.0626332
0.0565077
0.0508754
0.0457839
0.0412607
0.0373167
0.0339473
0.0311342
0.0288474
0.0270478
0.0256881
0.0247156
0.0240742
0.0237077
0.0235617
0.0235858
0.0237347
0.0239685
0.0242533
0.0245606
0.0248669
0.0251531
0.0254047
0.0256105
0.0257603
0.025842
0.0895217
0.081317
0.0733606
0.0658134
0.0588022
0.0523959
0.046634
0.0415383
0.0371135
0.0333476
0.0302143
0.0276772
0.0256908
0.0242022
0.0231524
0.022479
0.022119
0.0220113
0.0220987
0.0223293
0.0226581
0.0230463
0.0234617
0.023878
0.024274
0.0246328
0.0249417
0.0251914
0.0253727
0.0254725
0.087547
0.0783581
0.0695433
0.061376
0.0540165
0.0474731
0.0417288
0.0367684
0.0325657
0.0290828
0.0262731
0.0240833
0.0224543
0.0213209
0.0206141
0.0202637
0.0202011
0.0203619
0.0206874
0.021126
0.0216337
0.0221738
0.0227164
0.023238
0.0237202
0.0241487
0.0245125
0.0248031
0.0250121
0.0251267
0.084405
0.073551
0.0639297
0.0555147
0.0481295
0.041688
0.0361565
0.0314944
0.0276473
0.0245547
0.0221542
0.0203803
0.019162
0.0184241
0.0180895
0.0180822
0.0183298
0.0187661
0.0193326
0.0199792
0.0206639
0.0213528
0.0220192
0.0226424
0.0232069
0.0237012
0.0241159
0.0244433
0.0246757
0.0248018
0.0784517
0.0667541
0.0569494
0.0485534
0.0413366
0.035193
0.0300483
0.0258241
0.0224404
0.0198221
0.017897
0.0165905
0.015823
0.0155113
0.0155717
0.0159234
0.0164916
0.0172097
0.0180204
0.0188758
0.0197372
0.0205738
0.0213621
0.0220846
0.0227287
0.0232856
0.023748
0.0241092
0.0243626
0.0244988
0.069692
0.0572686
0.0481046
0.0402849
0.0335892
0.0279865
0.0234016
0.0197393
0.0169109
0.0148387
0.0134475
0.0126566
0.0123797
0.0125265
0.0130075
0.013738
0.0146418
0.0156529
0.016716
0.0177863
0.0188285
0.0198157
0.0207278
0.0215507
0.0222748
0.0228936
0.0234028
0.0237973
0.0240721
0.0242191
0.0555603
0.0461317
0.0381408
0.0310876
0.0251205
0.0202063
0.0162632
0.013211
0.0109744
0.00948296
0.0086615
0.00842479
0.00867777
0.00932119
0.0102585
0.0114007
0.01267
0.0140006
0.0153395
0.0166449
0.0178851
0.0190369
0.0200842
0.0210165
0.0218272
0.0225131
0.0230726
0.0235034
0.0238023
0.023962
0.0374838
0.0327888
0.026914
0.0212171
0.0161565
0.0119221
0.0085475
0.00602661
0.00433136
0.00340717
0.00317116
0.00352428
0.004357
0.00555599
0.0070133
0.00863215
0.0103302
0.0120406
0.0137108
0.0153013
0.0167835
0.0181377
0.019352
0.0204196
0.0213379
0.0221071
0.0227291
0.0232048
0.0235332
0.0237077
0.0171391
0.0126849
0.00919012
0.00576851
0.00261968
-3.57027e-05
-0.00208587
-0.00343572
-0.00404681
-0.00395201
-0.00323792
-0.00201445
-0.000397631
0.00149863
0.00356968
0.00572449
0.00788771
0.00999953
0.0120143
0.0138987
0.0156298
0.0171928
0.0185803
0.0197894
0.0208213
0.0216796
0.0223692
0.0228937
0.0232537
0.0234433
-0.00225695
-0.00775566
-0.0105553
-0.0125595
-0.0137164
-0.0142232
-0.0141459
-0.0135009
-0.0123347
-0.0107093
-0.00870849
-0.00642551
-0.00395316
-0.00137697
0.00122866
0.00380184
0.00629318
0.00866455
0.0108875
0.0129418
0.0148139
0.0164955
0.0179835
0.0192777
0.0203812
0.0212983
0.0220347
0.0225944
0.0229776
0.023178
-0.0218372
-0.025732
-0.0270925
-0.0280944
-0.027763
-0.0265404
-0.0246044
-0.0221327
-0.0192889
-0.0162008
-0.0129753
-0.00970057
-0.00644734
-0.00327205
-0.00021857
0.0026811
0.00540495
0.00793869
0.0102738
0.012406
0.0143338
0.0160577
0.0175803
0.0189049
0.0200359
0.0209782
0.0217367
0.0223143
0.0227098
0.0229153
-0.0423477
-0.0432179
-0.0416605
-0.0405845
-0.0384354
-0.0357225
-0.0324109
-0.028672
-0.0246696
-0.0205453
-0.0164176
-0.0123795
-0.00849946
-0.004824
-0.00138256
0.001809
0.00474481
0.00742614
0.009859
0.0120521
0.0140152
0.015758
0.0172904
0.0186207
0.0197565
0.0207041
0.0214686
0.0220522
0.0224524
0.0226591
-0.0621765
-0.0603303
-0.0559186
-0.0522781
-0.0478334
-0.0433517
-0.0386199
-0.0337611
-0.0288519
-0.0239771
-0.019217
-0.0146407
-0.0103041
-0.00624699
-0.00249227
0.000950692
0.00408272
0.00691204
0.00945166
0.0117174
0.0137265
0.0154952
0.0170398
0.0183743
0.0195103
0.0204569
0.0212209
0.0218049
0.0222059
0.0224123
-0.0803585
-0.0760398
-0.0693314
-0.0634554
-0.0568455
-0.0505479
-0.0442988
-0.0382533
-0.0324208
-0.0268327
-0.0215198
-0.0165091
-0.0118239
-0.00748175
-0.00349186
0.000144965
0.00343527
0.0063916
0.00903015
0.0113697
0.0134308
0.0152332
0.0167972
0.0181408
0.0192795
0.0202253
0.0209873
0.0215697
0.0219704
0.022176
-0.0970249
-0.0901876
-0.0813333
-0.0735384
-0.0651694
-0.0572984
-0.0496452
-0.0424318
-0.0356516
-0.0293227
-0.0234485
-0.0180218
-0.0130296
-0.00845791
-0.00429164
-0.000516141
0.00288537
0.00593193
0.00864319
0.0110401
0.0131446
0.0149778
0.0165614
0.017916
0.0190589
0.0200047
0.0207649
0.0213453
0.021745
0.0219501
-0.112598
-0.102716
-0.0917798
-0.0821441
-0.0722051
-0.0629864
-0.0541883
-0.0460123
-0.038425
-0.0314424
-0.0250595
-0.01925
-0.013978
-0.0092064
-0.00489744
-0.00101921
0.0024581
0.0055626
0.00831914
0.0107519
0.0128844
0.0147384
0.0163366
0.0177
0.0188467
0.0197929
0.0205517
0.0211301
0.0215286
0.0217333
-0.126507
-0.113576
-0.100844
-0.0891738
-0.077909
-0.0675162
-0.0578158
-0.0488716
-0.0406401
-0.0331333
-0.0263404
-0.0202152
-0.0147084
-0.00977082
-0.00534701
-0.00139177
0.00213673
0.00527588
0.00805627
0.0105063
0.012652
0.014516
0.0161226
0.017491
0.0186402
0.019587
0.0203451
0.0209224
0.0213201
0.0215248
)
;

boundaryField
{
    outlet
    {
        type            fixedValue;
        value           uniform 0;
    }
    upperWall
    {
        type            symmetryPlane;
    }
    lowerWall
    {
        type            symmetryPlane;
    }
    inlet
    {
        type            zeroGradient;
    }
    cylinder
    {
        type            zeroGradient;
    }
    frontAndBack
    {
        type            empty;
    }
}


// ************************************************************************* //
