/*--------------------------------*- C++ -*----------------------------------*\
| =========                 |                                                 |
| \\      /  F ield         | OpenFOAM: The Open Source CFD Toolbox           |
|  \\    /   O peration     | Version:  2312                                  |
|   \\  /    A nd           | Website:  www.openfoam.com                      |
|    \\/     M anipulation  |                                                 |
\*---------------------------------------------------------------------------*/
FoamFile
{
    version     2.0;
    format      ascii;
    arch        "LSB;label=32;scalar=64";
    class       volScalarField;
    location    "39.2";
    object      p;
}
// * * * * * * * * * * * * * * * * * * * * * * * * * * * * * * * * * * * * * //

dimensions      [0 2 -2 0 0 0 0];

internalField   nonuniform List<scalar> 
5478
(
-0.458366
-0.457207
-0.457344
-0.458373
-0.458986
-0.456658
-0.44858
-0.432884
-0.409121
-0.37866
-0.343786
-0.306654
-0.269696
-0.233032
-0.196778
-0.465925
-0.462903
-0.46057
-0.458412
-0.454726
-0.446905
-0.433016
-0.412457
-0.386082
-0.35565
-0.323123
-0.290146
-0.258042
-0.2267
-0.197537
-0.474976
-0.470087
-0.465186
-0.459102
-0.449798
-0.4355
-0.415773
-0.391347
-0.363626
-0.334226
-0.304427
-0.275215
-0.246953
-0.220011
-0.194367
-0.487382
-0.480264
-0.47209
-0.460848
-0.444545
-0.423312
-0.398416
-0.371283
-0.343186
-0.315059
-0.287533
-0.260991
-0.235675
-0.211749
-0.18936
-0.504007
-0.493407
-0.481126
-0.462983
-0.438637
-0.410799
-0.381765
-0.352802
-0.324555
-0.297368
-0.271414
-0.246794
-0.223489
-0.201629
-0.18095
-0.524515
-0.508753
-0.490733
-0.463834
-0.43115
-0.397497
-0.365126
-0.334668
-0.306183
-0.279576
-0.254739
-0.231556
-0.209933
-0.189866
-0.170771
-0.546108
-0.524787
-0.497771
-0.460658
-0.420194
-0.381677
-0.346603
-0.314927
-0.286221
-0.26009
-0.236217
-0.214362
-0.194344
-0.175929
-0.158634
-0.563385
-0.537406
-0.498525
-0.450679
-0.403516
-0.361163
-0.324092
-0.291615
-0.26294
-0.237423
-0.214578
-0.19406
-0.175611
-0.159026
-0.143826
-0.380249
-0.381452
-0.38182
-0.382934
-0.384941
-0.387603
-0.390748
-0.394309
-0.398323
-0.402954
-0.408503
-0.415363
-0.423919
-0.43447
-0.446296
-0.383645
-0.386151
-0.387508
-0.389541
-0.392312
-0.395351
-0.398182
-0.400339
-0.401409
-0.401134
-0.39952
-0.396794
-0.393162
-0.389291
-0.384903
-0.389865
-0.393411
-0.395816
-0.398945
-0.402769
-0.406547
-0.409426
-0.41044
-0.408588
-0.403069
-0.393579
-0.380205
-0.362802
-0.34301
-0.318907
-0.399526
-0.403681
-0.407075
-0.411346
-0.416533
-0.421469
-0.424867
-0.425173
-0.420723
-0.410084
-0.392563
-0.369159
-0.336977
-0.304198
-0.259082
-0.412219
-0.416466
-0.420532
-0.425408
-0.432313
-0.438537
-0.442536
-0.442174
-0.435174
-0.419564
-0.393116
-0.362975
-0.31648
-0.27534
-0.21633
-0.426253
-0.430007
-0.434742
-0.441469
-0.447866
-0.453996
-0.457393
-0.455281
-0.444774
-0.424224
-0.392105
-0.353862
-0.303078
-0.255693
-0.200335
-0.439288
-0.441765
-0.445752
-0.451387
-0.457512
-0.462322
-0.46338
-0.457654
-0.442785
-0.417446
-0.382319
-0.340417
-0.29325
-0.246045
-0.199359
-0.449962
-0.450689
-0.453069
-0.456785
-0.46065
-0.462547
-0.459616
-0.449127
-0.429519
-0.40063
-0.364718
-0.324068
-0.281988
-0.240702
-0.201307
-0.47217
-0.517986
-0.528988
-0.502182
-0.436005
-0.381351
-0.356301
-0.40127
-0.516891
-0.514491
-0.395947
-0.25832
-0.156527
-0.0890934
-0.0445113
-0.0223985
-0.0104135
-0.00542942
-0.0030087
0.00186872
0.00435703
0.00599218
0.00761352
0.00685777
0.00629969
0.00532285
0.00377658
0.00243229
0.00203109
0.00138537
0.000413645
0.000896738
0.000744712
0.000137452
0.000365104
0.000376489
0.000170032
3.57626e-05
-0.390595
-0.421339
-0.432649
-0.430679
-0.39163
-0.356271
-0.35215
-0.41587
-0.53959
-0.530051
-0.403837
-0.261249
-0.155284
-0.0858179
-0.0378741
-0.0133039
0.000697632
0.00335865
0.00203769
0.00427202
0.00448173
0.00608748
0.00782055
0.00695037
0.00687784
0.00567607
0.00404921
0.00265807
0.00222963
0.00146048
0.000472894
0.00099971
0.000780912
0.000154587
0.000432859
0.000387344
0.000168046
4.22026e-05
-0.301055
-0.310084
-0.310231
-0.322987
-0.31067
-0.294605
-0.31341
-0.406999
-0.539928
-0.534422
-0.406111
-0.261622
-0.15453
-0.0850598
-0.0356421
-0.0093094
0.00668831
0.00888224
0.00570419
0.00600623
0.00452061
0.00604682
0.00785814
0.00701729
0.00732637
0.00597307
0.00432706
0.00294786
0.00243893
0.00150802
0.000611425
0.00107439
0.000795933
0.000204488
0.000489902
0.000393335
0.000169402
4.88695e-05
-0.218896
-0.202692
-0.182116
-0.196498
-0.211264
-0.213377
-0.254138
-0.374895
-0.514001
-0.515177
-0.399227
-0.259906
-0.155125
-0.0859123
-0.0365938
-0.00844263
0.00822236
0.0113153
0.00786465
0.00702721
0.00475615
0.00597135
0.00771949
0.00703742
0.00753607
0.0061494
0.00455022
0.00326794
0.00262739
0.00154008
0.00082478
0.00111363
0.000786251
0.000289843
0.00053244
0.00039381
0.000174801
5.58262e-05
-0.158858
-0.121119
-0.0798578
-0.0821083
-0.115068
-0.133512
-0.190982
-0.32797
-0.472997
-0.489189
-0.387011
-0.256986
-0.156832
-0.0885583
-0.040175
-0.0100694
0.00741951
0.0119418
0.00908213
0.00757099
0.00513256
0.00583884
0.007338
0.00691352
0.00746045
0.00618777
0.00467748
0.00355577
0.00276279
0.00157423
0.00107303
0.00111866
0.000756068
0.000401872
0.000559079
0.000389289
0.000184306
6.29724e-05
-0.132609
-0.0797717
-0.0201492
-0.000754939
-0.0446767
-0.07351
-0.133138
-0.268088
-0.40968
-0.440878
-0.360936
-0.249124
-0.157191
-0.0915467
-0.0442964
-0.0136335
0.00505443
0.0114119
0.00961018
0.00777658
0.00542901
0.00557299
0.00676501
0.00662757
0.00714915
0.00613173
0.00470839
0.0037578
0.00283334
0.00162129
0.00130618
0.00109993
0.000715028
0.000524394
0.000571623
0.000381141
0.000197291
7.01939e-05
-0.138931
-0.072392
0.0072352
0.0529472
0.00806513
-0.0346528
-0.0905583
-0.218926
-0.357322
-0.404425
-0.343317
-0.245413
-0.159229
-0.0967242
-0.0502039
-0.0185579
0.00135202
0.00972814
0.00941806
0.00775988
0.00556064
0.0052298
0.00611927
0.00621593
0.00673888
0.00595703
0.0046606
0.00385801
0.00285256
0.00167172
0.00148859
0.00107335
0.000672774
0.00064034
0.000573496
0.000371716
0.000213068
7.73947e-05
-0.155521
-0.101562
-0.0310531
0.0372979
0.0274837
-0.0100493
-0.0539683
-0.161098
-0.286244
-0.340852
-0.307214
-0.236425
-0.163313
-0.104536
-0.0580149
-0.0252292
-0.00402725
0.00699138
0.00822555
0.00726791
0.00546835
0.00487631
0.00550402
0.00572772
0.00621338
0.00567244
0.00458238
0.00385866
0.00285255
0.00174104
0.00161387
0.00105093
0.000639832
0.000740712
0.000565283
0.000362182
0.000231793
8.47795e-05
-0.14438
-0.110149
-0.0516487
0.0115715
0.0220063
-0.0007013
-0.032383
-0.126681
-0.24129
-0.289721
-0.259079
-0.200338
-0.140784
-0.091465
-0.0524661
-0.0237945
-0.0050426
0.00538529
0.00713489
0.00663864
0.00519859
0.00450893
0.00503458
0.00525471
0.00580062
0.00534222
0.00436804
0.00384442
0.00280034
0.00174291
0.00175517
0.00101167
0.000590849
0.000855005
0.000543827
0.000342619
0.000255942
9.29546e-05
-0.126958
-0.100198
-0.0566326
-0.015363
-0.00622407
-0.023962
-0.0514116
-0.109147
-0.182452
-0.210763
-0.190717
-0.153657
-0.115064
-0.0797974
-0.049415
-0.0254714
-0.00852312
0.00171246
0.00468644
0.00496516
0.00424088
0.00375192
0.00410635
0.00442486
0.00453282
0.0046433
0.00397989
0.00351874
0.00261962
0.00172727
0.00172299
0.000967732
0.000593294
0.000881956
0.000512889
0.000338713
0.000274629
9.44736e-05
-0.108396
-0.0915184
-0.0642565
-0.0380873
-0.0273328
-0.0355557
-0.0525066
-0.0842545
-0.127193
-0.152062
-0.147874
-0.127106
-0.0996063
-0.0709613
-0.0453147
-0.0244524
-0.00972146
-0.000548803
0.00281056
0.0036091
0.00334999
0.00306405
0.00341254
0.00375063
0.0041849
0.00413485
0.00361207
0.00324793
0.00246989
0.00169115
0.00164695
0.000972199
0.000612021
0.000857637
0.000500488
0.000340621
0.000283607
9.48642e-05
-0.0900749
-0.082676
-0.0666491
-0.0493133
-0.0392321
-0.0411907
-0.0509914
-0.0697484
-0.0951939
-0.112249
-0.111062
-0.0968971
-0.0782128
-0.0588653
-0.0407461
-0.0249916
-0.0127375
-0.00414431
5.77278e-05
0.00172859
0.00215946
0.00221706
0.0025794
0.00298808
0.00338614
0.00350414
0.0031668
0.00290477
0.00228891
0.00160383
0.00154386
0.000973869
0.000628218
0.000815939
0.000488227
0.000341908
0.000291896
9.6504e-05
-0.0755327
-0.0734157
-0.0642573
-0.0533407
-0.0458644
-0.0450597
-0.0500141
-0.0600996
-0.073731
-0.0838382
-0.0852382
-0.0785229
-0.0673916
-0.0535399
-0.0385519
-0.0248838
-0.0140694
-0.00623967
-0.00190626
0.000148799
0.000961262
0.00127727
0.00172509
0.00222303
0.00272848
0.00293314
0.0027446
0.00257469
0.00209862
0.00151459
0.0014394
0.000969056
0.0006508
0.000771674
0.000470042
0.000348308
0.000301015
9.62887e-05
-0.063447
-0.0638023
-0.0593745
-0.0531047
-0.0479937
-0.0461136
-0.0478624
-0.0527983
-0.0598121
-0.0661628
-0.067328
-0.0627662
-0.0540682
-0.0437875
-0.0331342
-0.023125
-0.0146444
-0.0080019
-0.00380446
-0.00143491
-0.000192279
0.000441368
0.00100079
0.00152707
0.00202559
0.00232211
0.0022664
0.00218889
0.00186642
0.00138305
0.00131721
0.000936946
0.000654081
0.00072452
0.000447543
0.000354534
0.000307654
9.47867e-05
-0.0527184
-0.0547093
-0.0532599
-0.0499374
-0.0466083
-0.0446515
-0.0446301
-0.0465197
-0.0497807
-0.0527245
-0.0530918
-0.0501575
-0.0449544
-0.038522
-0.030889
-0.0228031
-0.0155271
-0.00960953
-0.00550318
-0.0029556
-0.00146649
-0.000582973
0.000110036
0.000752401
0.00132967
0.00173033
0.00180819
0.00181264
0.00162168
0.00125409
0.00120063
0.000888339
0.000650951
0.000688066
0.000421428
0.000356686
0.000314652
9.44648e-05
-0.0438464
-0.0464911
-0.046617
-0.0450803
-0.0430228
-0.0413528
-0.0406079
-0.0409353
-0.0421162
-0.0433079
-0.043264
-0.0413243
-0.0376575
-0.0326785
-0.0267698
-0.0206123
-0.0148893
-0.0100464
-0.00647952
-0.00405923
-0.00241028
-0.00133077
-0.000562972
9.88958e-05
0.000687498
0.00116155
0.00135231
0.00142415
0.00135587
0.00109768
0.00107082
0.000816977
0.000632816
0.000656078
0.000389341
0.00035538
0.000322712
9.1136e-05
-0.0362808
-0.0390207
-0.0399222
-0.0394541
-0.0382908
-0.0370242
-0.036087
-0.0356727
-0.0357726
-0.0359667
-0.0355461
-0.0339796
-0.0312112
-0.0276281
-0.0234982
-0.0190395
-0.0145408
-0.0104726
-0.00725213
-0.00496399
-0.00337045
-0.002216
-0.00133615
-0.000568994
5.62602e-05
0.000597606
0.000888958
0.00102867
0.00107425
0.000921386
0.000930701
0.000730594
0.000602135
0.000623527
0.000359973
0.000355796
0.000333236
9.85873e-05
-0.0297721
-0.0323656
-0.0335797
-0.0336836
-0.0330943
-0.0322027
-0.0313306
-0.0306639
-0.0302933
-0.029991
-0.0293706
-0.0280833
-0.0260798
-0.023538
-0.0205301
-0.0171312
-0.0135577
-0.010304
-0.00762257
-0.00559212
-0.00406519
-0.00285975
-0.00194293
-0.00115778
-0.000502856
8.51342e-05
0.000466026
0.000672647
0.000801957
0.000747106
0.000799073
0.000630137
0.000539789
0.000589943
0.000316916
0.000335366
0.000330871
8.16088e-05
-0.0241809
-0.0264954
-0.0277652
-0.0281451
-0.0279073
-0.027313
-0.0265999
-0.025928
-0.0254185
-0.0249461
-0.0243122
-0.0232685
-0.0217779
-0.0198834
-0.0176197
-0.0151397
-0.0125104
-0.00998877
-0.00772807
-0.00592175
-0.0045394
-0.00339608
-0.00247181
-0.00166302
-0.00100926
-0.000387283
5.46828e-05
0.000306668
0.000525747
0.000562155
0.000663685
0.000548689
0.00052507
0.000571278
0.000311513
0.000354185
0.000360015
0.000112979
-0.0193652
-0.0213601
-0.022552
-0.0230359
-0.0229988
-0.0226264
-0.0220957
-0.0215234
-0.0210384
-0.0205638
-0.0200013
-0.0191781
-0.0180584
-0.0166554
-0.0150138
-0.0132358
-0.01123
-0.00926377
-0.00748073
-0.00602429
-0.00487106
-0.00381946
-0.0029298
-0.00211932
-0.00145389
-0.000814595
-0.000325852
-2.94549e-05
0.000241038
0.00035452
0.000504106
0.000401252
0.000378593
0.000504646
0.000233445
0.000279564
0.000320441
6.67898e-05
-0.0152239
-0.0168977
-0.0179525
-0.0184513
-0.0185227
-0.0183046
-0.0179284
-0.0174837
-0.0170849
-0.0166738
-0.0162214
-0.0155865
-0.0147701
-0.0137828
-0.0126168
-0.0113448
-0.00990567
-0.0085049
-0.00714587
-0.00593772
-0.00490948
-0.00395846
-0.00311812
-0.00238877
-0.00173866
-0.00108405
-0.000560923
-0.00024522
8.19748e-05
0.000248231
0.00043542
0.000394591
0.000437911
0.000534334
0.000294466
0.000363863
0.000395859
0.000137457
-0.0116512
-0.0130259
-0.0139267
-0.0143944
-0.0145243
-0.0144157
-0.0141687
-0.0138469
-0.0135546
-0.0132393
-0.012908
-0.0124441
-0.0118512
-0.0111391
-0.010297
-0.00943928
-0.00845627
-0.0075268
-0.00659756
-0.00573095
-0.00496479
-0.0041034
-0.00325363
-0.00270625
-0.00209795
-0.00145875
-0.000913742
-0.000582094
-0.000231717
-1.11226e-05
0.000213971
0.000165178
0.000190198
0.00039581
0.000145864
0.000186232
0.000288601
5.25731e-05
-0.00859923
-0.00970977
-0.0104581
-0.0108723
-0.0110176
-0.010978
-0.0108274
-0.0106113
-0.0104159
-0.010195
-0.00997631
-0.00966563
-0.0092751
-0.00880248
-0.00824583
-0.00769233
-0.00703972
-0.00644918
-0.0058268
-0.00522838
-0.00461493
-0.00381093
-0.00253497
-0.00232886
-0.00200038
-0.00141922
-0.000876141
-0.000554364
-0.000179787
4.56365e-05
0.000293589
0.000319448
0.000352959
0.00052371
0.000318773
0.000384976
0.000435825
0.00016587
-0.00596549
-0.00685199
-0.00746792
-0.00783245
-0.00798863
-0.00799547
-0.00791533
-0.00777648
-0.00765394
-0.00750296
-0.00736517
-0.00714987
-0.00688208
-0.00657127
-0.00621066
-0.00593145
-0.00560602
-0.00541718
-0.00519319
-0.00494413
-0.0047202
-0.0044078
-0.00459668
-0.00328262
-0.00246333
-0.00176795
-0.00119303
-0.000878811
-0.000510694
-0.000256048
-1.39927e-05
-1.29127e-05
3.00757e-05
0.000296509
8.6404e-05
8.02676e-05
0.000243194
4.85747e-05
-0.00374209
-0.00442863
-0.00491836
-0.00522114
-0.00536641
-0.00540605
-0.00538038
-0.00531025
-0.00525496
-0.00516458
-0.00510775
-0.0049798
-0.00479973
-0.00456869
-0.00429993
-0.00413127
-0.00395951
-0.00396051
-0.00394058
-0.00391582
-0.00383934
-0.00355949
-0.00314586
-0.00250291
-0.00195401
-0.00133969
-0.000813979
-0.000529064
-0.00017086
1.95527e-05
0.00029768
0.000352323
0.000327793
0.000581802
0.000379853
0.000397331
0.000475023
0.000192558
-0.00184564
-0.00238003
-0.00277211
-0.00302634
-0.00315927
-0.00321112
-0.00322039
-0.00319287
-0.00317414
-0.00313278
-0.00311919
-0.00304342
-0.00291703
-0.00274603
-0.00254486
-0.0025143
-0.0025396
-0.00279023
-0.00300391
-0.00314755
-0.00320687
-0.00295491
-0.00275671
-0.00227821
-0.00183562
-0.00137111
-0.000969429
-0.000778873
-0.000466809
-0.000285751
-9.93864e-05
-3.0431e-05
2.47236e-05
0.00025649
9.75804e-05
3.74095e-06
0.000203407
6.35952e-05
-0.000225076
-0.000617637
-0.000921271
-0.0011343
-0.00126837
-0.00133506
-0.00136912
-0.00136847
-0.00138377
-0.0013531
-0.00133699
-0.00126396
-0.00112208
-0.00092204
-0.000679072
-0.000627752
-0.000677404
-0.000976584
-0.0012906
-0.00153663
-0.00170586
-0.00160839
-0.00142681
-0.00111894
-0.000867598
-0.00052772
-0.000249253
-8.9584e-05
0.000127068
0.000158041
0.000472544
0.000477155
0.000378136
0.000743055
0.000462052
0.000373585
0.000516484
0.000227672
0.00110479
0.000835857
0.000609355
0.000427498
0.000274982
0.00018067
0.000105706
7.6789e-05
5.90162e-05
6.36909e-05
9.41204e-05
0.000111417
0.000183746
0.000229724
0.000346343
0.000372785
0.0003904
0.000339048
0.000192109
0.000110279
-6.68105e-05
-0.000178023
-0.000244536
-0.00027255
-0.000325044
-0.000287466
-0.000224325
-0.000163812
-2.45407e-05
-0.000134621
0.000127064
0.000183898
1.41819e-05
0.000463381
0.000185797
-2.89661e-05
0.000262136
0.000119013
0.00182165
0.00161195
0.00142447
0.00126399
0.00112621
0.00101151
0.000920535
0.000840046
0.000761627
0.000686041
0.000641825
0.000595574
0.000581462
0.000562071
0.000563695
0.000543347
0.000522839
0.000488902
0.000429237
0.000402829
0.00035766
0.000305515
0.000250454
0.000263218
0.000255123
0.000284141
0.00038379
0.000415643
0.000552694
0.000525417
0.000616164
0.000793045
0.000655276
0.000785578
0.000707071
0.000457146
0.000460567
0.000227765
0.00254155
0.00237662
0.00221769
0.00206267
0.00191105
0.00177437
0.00165054
0.00154294
0.00144888
0.00135821
0.00128445
0.00121272
0.00116463
0.00111031
0.00107034
0.00102054
0.000961483
0.000890541
0.000788443
0.000699269
0.000565099
0.000476735
0.000370708
0.000309182
0.000252527
0.000180932
0.000216481
0.000202377
0.000252452
0.000273388
0.000270623
0.000408203
0.000306389
0.000392324
0.000389643
0.000159556
0.000187666
0.000106859
0.00277663
0.00262268
0.00247222
0.00232643
0.00218533
0.00204616
0.00191445
0.00178824
0.00167383
0.00156511
0.00147052
0.00138204
0.00130277
0.00122857
0.00115837
0.00109433
0.00102587
0.00096328
0.000886377
0.000817908
0.0007298
0.000656657
0.000583601
0.000523091
0.000521975
0.000474338
0.000482649
0.000491634
0.000517373
0.000580795
0.000541788
0.000668509
0.000612293
0.000594747
0.000633383
0.000401746
0.000292556
0.000161394
-0.12489
-0.135578
-0.144924
-0.15203
-0.158234
-0.158304
-0.156727
-0.150279
-0.103858
-0.110429
-0.116047
-0.119529
-0.122132
-0.122205
-0.122513
-0.127027
-0.0843201
-0.0885771
-0.0917288
-0.0944146
-0.0964568
-0.100184
-0.102991
-0.10827
-0.0692148
-0.0722238
-0.0745207
-0.077566
-0.0801036
-0.0837735
-0.0848986
-0.0874816
-0.0566978
-0.0591538
-0.0610447
-0.0633979
-0.0648002
-0.0665061
-0.0674241
-0.0707955
-0.0465984
-0.0483272
-0.0496228
-0.051105
-0.0522143
-0.0539376
-0.0559164
-0.0592844
-0.0381333
-0.0393523
-0.0404292
-0.0417134
-0.0429744
-0.0445706
-0.0462658
-0.048911
-0.0312267
-0.0321321
-0.0330418
-0.0340727
-0.0351075
-0.036338
-0.0378355
-0.0402632
-0.0254791
-0.0261499
-0.0268647
-0.0276675
-0.0285405
-0.0296198
-0.0310143
-0.0331512
-0.0207012
-0.0212019
-0.0217467
-0.0223747
-0.0231094
-0.0240335
-0.0252501
-0.0270766
-0.0166439
-0.0170261
-0.0174388
-0.0179301
-0.0185361
-0.0193129
-0.0203531
-0.0218983
-0.0131632
-0.013473
-0.0137908
-0.0141748
-0.0146648
-0.0153033
-0.016172
-0.0174599
-0.0101444
-0.0104082
-0.0106617
-0.0109642
-0.0113579
-0.0118793
-0.0125962
-0.0136557
-0.00752697
-0.00775764
-0.00796789
-0.00821189
-0.00852857
-0.00894906
-0.00952794
-0.0103823
-0.00525213
-0.00545662
-0.00563715
-0.00583968
-0.00609799
-0.00643795
-0.00690251
-0.00758401
-0.00328098
-0.00346235
-0.00361827
-0.00378785
-0.00399835
-0.00426992
-0.00463527
-0.00516739
-0.00157629
-0.00174029
-0.00188184
-0.00203157
-0.00221055
-0.00243251
-0.00272029
-0.00312916
-7.83825e-05
-0.000227847
-0.000358584
-0.000494733
-0.000651464
-0.000835713
-0.00106329
-0.00137547
0.00116639
0.00103495
0.000920073
0.000800051
0.000666779
0.000515681
0.000341097
0.000112155
0.00224601
0.00211574
0.00200383
0.00189155
0.00177452
0.00164424
0.00150383
0.00133539
0.00294894
0.00279798
0.00266715
0.00254493
0.00242232
0.00229167
0.00215507
0.00200787
0.00343036
0.00329558
0.00318044
0.00307905
0.00298294
0.00288542
0.00278466
0.00267922
0.00368666
0.00355643
0.00343432
0.0033219
0.00321646
0.00311383
0.00301101
0.00290701
0.0413325
0.0442051
0.0464584
0.0479274
0.0480331
0.0466037
0.0434702
0.0381132
0.0296226
0.0166995
-0.00245716
-0.0303812
-0.0712233
-0.128014
-0.178982
0.0173843
0.0176324
0.0160199
0.0132115
0.00921521
0.00364099
-0.00404102
-0.0145667
-0.0289607
-0.0486252
-0.0754932
-0.112054
-0.162372
-0.230472
-0.286327
-0.00691291
-0.00927478
-0.0145524
-0.0211904
-0.0289158
-0.038345
-0.0502548
-0.065507
-0.085189
-0.11077
-0.14434
-0.188512
-0.246069
-0.323754
-0.378047
-0.0323702
-0.0373551
-0.0455074
-0.0549778
-0.0657167
-0.0785071
-0.0941658
-0.113544
-0.137758
-0.168287
-0.207241
-0.257722
-0.321459
-0.40038
-0.452601
-0.0578985
-0.0656211
-0.0759598
-0.087523
-0.100683
-0.116293
-0.135067
-0.157803
-0.185617
-0.220018
-0.262757
-0.317426
-0.384217
-0.46062
-0.508752
-0.0820766
-0.0925719
-0.104691
-0.117988
-0.133254
-0.151236
-0.172495
-0.197753
-0.228111
-0.265028
-0.310439
-0.366483
-0.43304
-0.50423
-0.546316
-0.104378
-0.117339
-0.130815
-0.145819
-0.163024
-0.182956
-0.206125
-0.23321
-0.265167
-0.303317
-0.34932
-0.404493
-0.467848
-0.530743
-0.566465
-0.125913
-0.139385
-0.154268
-0.171006
-0.189978
-0.21153
-0.2361
-0.264285
-0.296907
-0.33506
-0.379978
-0.432232
-0.489342
-0.541089
-0.571392
0.184135
0.198509
0.214527
0.23253
0.252563
0.274546
0.298404
0.32409
0.351527
0.380473
0.410372
0.440117
0.467801
0.489689
0.507903
0.179476
0.192967
0.208267
0.225699
0.245159
0.26646
0.289498
0.314231
0.340575
0.368261
0.396691
0.4247
0.450298
0.469775
0.485606
0.170819
0.182681
0.196648
0.212951
0.231229
0.251109
0.272417
0.295087
0.319
0.343818
0.368847
0.392813
0.413553
0.4275
0.438042
0.158154
0.167858
0.180075
0.19476
0.211209
0.228872
0.247535
0.267111
0.287411
0.307975
0.327941
0.345848
0.359246
0.364705
0.367624
0.141587
0.1488
0.159055
0.171828
0.185948
0.200701
0.215865
0.231363
0.246946
0.262016
0.275507
0.28572
0.289855
0.284371
0.277862
0.121376
0.12581
0.133938
0.144529
0.155925
0.167299
0.178432
0.189213
0.199291
0.207913
0.213811
0.215053
0.208496
0.190428
0.17237
0.0980937
0.100091
0.106277
0.114253
0.122221
0.129559
0.136147
0.141779
0.145896
0.147534
0.145214
0.136764
0.118729
0.0873609
0.0569621
0.0711431
0.0719471
0.0769369
0.0821388
0.0862487
0.0891187
0.0907811
0.0909026
0.0887159
0.0830523
0.0722397
0.0538641
0.0241203
-0.0204981
-0.0624916
0.0212119
0.0257486
0.0221311
0.0262507
0.0238988
0.028422
0.0268795
0.0314821
0.0311466
0.0358466
0.036984
0.0420083
0.0449806
0.0509204
0.0559474
0.0635476
0.0712441
0.0814632
0.0926078
0.106674
0.122577
0.141985
0.164113
0.0212334
0.0256663
0.0221484
0.0261581
0.0239306
0.0283228
0.0268802
0.0314014
0.0311145
0.0357586
0.0368559
0.0418627
0.0448445
0.0506727
0.0556456
0.0631455
0.0706411
0.08073
0.0915597
0.105406
0.120672
0.139549
0.160631
0.0212642
0.0255603
0.0221833
0.0260365
0.023982
0.028195
0.0269148
0.0312921
0.0311185
0.0356464
0.0368433
0.0416984
0.0447283
0.0504018
0.0553162
0.0626523
0.0698737
0.0797157
0.08995
0.103346
0.117476
0.135414
0.154374
0.0213025
0.0254328
0.0222325
0.0258913
0.0240495
0.0280408
0.0269744
0.0311562
0.0311476
0.0355273
0.0368791
0.0415752
0.0446221
0.0501359
0.0549834
0.0621794
0.0690895
0.0787861
0.0881938
0.100998
0.113421
0.129717
0.14523
0.0213467
0.0252872
0.0222918
0.025729
0.0241288
0.0278679
0.0270568
0.0310073
0.0311876
0.0353687
0.0368547
0.0413475
0.044483
0.0497503
0.0545555
0.061458
0.0679463
0.077085
0.0855257
0.0973022
0.107726
0.121862
0.133014
0.0213959
0.0251271
0.022356
0.0255613
0.024215
0.0276836
0.0271493
0.0308478
0.0312745
0.0352674
0.0369554
0.0413258
0.0444429
0.0495925
0.0543066
0.0610566
0.0671324
0.0759189
0.0832275
0.0938379
0.101452
0.112561
0.117935
0.021445
0.024957
0.0224241
0.0253847
0.0243035
0.0274936
0.0272822
0.0306859
0.0312929
0.0350731
0.036858
0.0409967
0.044201
0.0490699
0.0537068
0.0599001
0.0655815
0.073276
0.0795886
0.0882779
0.0935279
0.100979
0.100393
0.0214897
0.0247803
0.0224933
0.0252268
0.0243839
0.0273248
0.0273365
0.0305839
0.0314539
0.0351011
0.0371102
0.0412716
0.0443547
0.0492497
0.0536719
0.0597322
0.0649267
0.0720989
0.0768628
0.0836768
0.0848519
0.0875571
0.0791267
0.0215407
0.0245407
0.022572
0.0249728
0.0244795
0.0270716
0.027415
0.030248
0.03132
0.0345723
0.0366354
0.0404634
0.043569
0.0479684
0.0522249
0.0571409
0.0617886
0.066519
0.0700305
0.0724622
0.0710777
0.0659437
0.0520854
0.021611
0.0242072
0.0226738
0.0246458
0.02456
0.026553
0.0272905
0.0296643
0.0310276
0.0338376
0.0359807
0.0392814
0.0421353
0.045603
0.0492017
0.0525557
0.0559589
0.0583149
0.0598671
0.05876
0.0554384
0.0474112
0.0362254
0.0217022
0.0237994
0.0227874
0.0242446
0.024631
0.0260349
0.0272413
0.0290943
0.0306527
0.032986
0.0351512
0.037786
0.0403931
0.0429491
0.0458129
0.0479261
0.0499663
0.0505633
0.0501081
0.0471452
0.0421603
0.0340913
0.0239005
0.0218158
0.0233059
0.0229131
0.0238252
0.0246423
0.0255609
0.0270192
0.0285087
0.030142
0.032035
0.0341111
0.0361655
0.0384106
0.0401349
0.0421389
0.0431592
0.0437717
0.04295
0.0409057
0.0368056
0.031073
0.0233555
0.0141924
0.0219513
0.0227472
0.0229881
0.0234678
0.024556
0.0250929
0.0267063
0.0278991
0.0294921
0.0309957
0.0328619
0.0343978
0.0360922
0.037097
0.0381313
0.0382139
0.0376067
0.0357201
0.0326539
0.0280753
0.0223205
0.0152711
0.00726158
0.0220912
0.0221929
0.0229647
0.0231291
0.0243805
0.0246261
0.0262675
0.0272405
0.0286633
0.0298377
0.0313957
0.0324428
0.033519
0.033878
0.0340278
0.0333121
0.0317959
0.0291829
0.0256148
0.0209805
0.0155424
0.00928007
0.00234883
0.0222079
0.0216553
0.0228402
0.0228311
0.0241006
0.0241434
0.0256988
0.0265232
0.0276705
0.0285507
0.0297298
0.0303329
0.0307959
0.0305464
0.0299799
0.0286322
0.0265039
0.023513
0.0197942
0.0153683
0.0104143
0.00499272
-0.000887903
0.0222758
0.0211537
0.0226049
0.0225386
0.0237052
0.0236301
0.0250051
0.0257261
0.0265385
0.0271207
0.0279126
0.0281029
0.0279915
0.027211
0.0261184
0.0243456
0.0218866
0.0187758
0.0151449
0.0110737
0.00665354
0.00195879
-0.00303202
0.0222719
0.0207033
0.0222479
0.0222553
0.0232002
0.0230647
0.0241944
0.024838
0.0252739
0.0255579
0.025999
0.0258074
0.0251903
0.023994
0.0225572
0.0205704
0.0179898
0.0149311
0.0115386
0.00791567
0.00405787
-2.89418e-05
-0.00439943
0.022176
0.020313
0.0217673
0.021963
0.0226058
0.0224089
0.0233066
0.0238566
0.0239185
0.0238793
0.024036
0.0235316
0.0224886
0.0209888
0.019379
0.0173537
0.0148036
0.0118927
0.00879975
0.00564027
0.00233092
-0.00118878
-0.00500155
0.02198
0.0199742
0.0211819
0.0216292
0.0219593
0.0216334
0.0223424
0.022791
0.0224929
0.0221256
0.0220601
0.0213434
0.0199829
0.0182776
0.0166225
0.0146914
0.0122786
0.00956355
0.00678477
0.00407871
0.00129953
-0.00167544
-0.00494389
0.0216693
0.0196816
0.0205162
0.0212097
0.0212916
0.0207562
0.0213061
0.021659
0.0210355
0.0203632
0.0201113
0.019282
0.0177366
0.0159168
0.0142948
0.0125379
0.0103405
0.00785904
0.00539185
0.00310444
0.000816472
-0.00165328
-0.00441849
0.0212614
0.0193941
0.0198356
0.0206781
0.0206068
0.019826
0.0201906
0.0204729
0.0196566
0.0186831
0.018248
0.0173893
0.0157888
0.0139423
0.012397
0.0108455
0.0089069
0.00668741
0.00452369
0.00260704
0.000747857
-0.001278
-0.00359641
0.0207525
0.0190942
0.0191633
0.0200413
0.0198823
0.0188856
0.0190426
0.019261
0.0183246
0.0171203
0.0165313
0.015685
0.0141312
0.012342
0.010902
0.00954928
0.0078681
0.00592038
0.00405302
0.00246519
0.000966291
-0.000688107
-0.00262188
0.0201701
0.0187462
0.0185209
0.0193361
0.0191075
0.0179526
0.017913
0.0180505
0.017049
0.0157093
0.0150075
0.0142049
0.012768
0.0111148
0.0098036
0.00861804
0.00716263
0.00548358
0.00390747
0.00261058
0.00140486
4.6272e-05
-0.00156935
0.0195405
0.0183206
0.0179122
0.0186069
0.0182942
0.017048
0.0168387
0.0168987
0.0158749
0.0144602
0.0136835
0.0129353
0.0116611
0.0101889
0.00900481
0.00794439
0.00667506
0.00525161
0.00396053
0.00292758
0.00195768
0.000827562
-0.000529491
0.0188605
0.0178527
0.0173306
0.0178723
0.0174702
0.0161939
0.015848
0.015817
0.0148041
0.0134079
0.0126005
0.011919
0.0108464
0.00958779
0.00851601
0.00753479
0.00641844
0.00523933
0.00421367
0.00339862
0.00260151
0.00164067
0.00049513
0.0181959
0.017323
0.0167863
0.0171518
0.0166475
0.0154111
0.0149796
0.0148666
0.0138896
0.0125422
0.011726
0.0110997
0.010226
0.00917307
0.00819284
0.00726652
0.00627893
0.00532633
0.00453763
0.00390015
0.00322908
0.0024076
0.00145894
0.0174935
0.0168125
0.0163116
0.0164689
0.0158893
0.0147333
0.0142221
0.0140428
0.0131611
0.0119102
0.0111071
0.0105566
0.009881
0.00900286
0.0080802
0.00720008
0.00635498
0.00560558
0.00498744
0.00444774
0.00384745
0.00312378
0.00233286
0.016873
0.0163503
0.0158176
0.0157699
0.0152674
0.0142055
0.0135331
0.0133414
0.0126816
0.0115404
0.0106447
0.0101219
0.00963726
0.00891458
0.00803109
0.00721014
0.00654087
0.00600885
0.00554531
0.00507594
0.00454436
0.00393441
0.00329228
0.0163346
0.0159222
0.0153847
0.0151929
0.0147544
0.0137552
0.0129322
0.0126798
0.0122291
0.0112451
0.0102695
0.00965375
0.00926145
0.00873104
0.00798541
0.00721256
0.00656423
0.00609304
0.00574827
0.00544173
0.00509239
0.00466278
0.00418196
0.0159362
0.0155673
0.0150574
0.0148029
0.0143507
0.0134291
0.0125503
0.0121817
0.011867
0.0111064
0.0101321
0.00938333
0.00896771
0.00860562
0.00805773
0.00735461
0.00668758
0.00620712
0.00591017
0.005691
0.00543443
0.00508713
0.00467551
0.0157146
0.0154007
0.0148686
0.0144958
0.0140993
0.0133271
0.012375
0.0118205
0.0115203
0.0110109
0.0101801
0.00933651
0.00877436
0.00841445
0.00801119
0.00745584
0.00684618
0.00632935
0.00597666
0.00574834
0.00555962
0.00534266
0.005083
0.0359804
0.0154287
-0.00880964
-0.0321502
-0.0541935
-0.0751487
-0.0945464
-0.111026
0.0238848
0.00428917
-0.01921
-0.0396409
-0.0563059
-0.0709687
-0.0839837
-0.0947919
0.0137982
-0.00148083
-0.0211478
-0.0382792
-0.0504319
-0.0605452
-0.0697993
-0.0779374
0.00544813
-0.0068662
-0.0230308
-0.0372981
-0.0468702
-0.0539496
-0.059976
-0.0652432
-0.000320638
-0.0101405
-0.0228215
-0.0340047
-0.0412811
-0.0461386
-0.0501096
-0.0537898
-0.00424988
-0.0121321
-0.0218792
-0.030424
-0.0360524
-0.0395712
-0.042251
-0.0446678
-0.00654903
-0.0128628
-0.0202295
-0.0265925
-0.0308686
-0.0334463
-0.0352668
-0.0368298
-0.00771892
-0.0126094
-0.0180436
-0.0227871
-0.0260932
-0.0280572
-0.0293308
-0.0303409
-0.00837443
-0.0120212
-0.0156821
-0.019003
-0.0215567
-0.0231659
-0.0241484
-0.0248461
-0.00841632
-0.0111388
-0.0134303
-0.0155435
-0.0173987
-0.0187493
-0.0196268
-0.0202148
-0.00783907
-0.00988015
-0.011257
-0.0125132
-0.0137898
-0.0148851
-0.0156865
-0.0162281
-0.00685496
-0.00840109
-0.00919584
-0.00988757
-0.0107292
-0.0115825
-0.0122857
-0.01279
-0.0056348
-0.0068184
-0.00725103
-0.00758272
-0.00811062
-0.00875434
-0.00935018
-0.00980678
-0.00431423
-0.00522325
-0.00543382
-0.00554496
-0.00585597
-0.00632997
-0.0068216
-0.00722431
-0.00296645
-0.00366422
-0.00374007
-0.00372106
-0.00388748
-0.00423207
-0.00463276
-0.00498249
-0.00167373
-0.00220169
-0.00219286
-0.00209883
-0.00216927
-0.00241553
-0.00273969
-0.00304165
-0.000434043
-0.000825853
-0.000765815
-0.000636555
-0.000653921
-0.000836826
-0.00110387
-0.00136414
0.000738445
0.000472841
0.000566673
0.000703839
0.000708452
0.000564715
0.000339331
0.000111848
0.00176701
0.00158224
0.00168499
0.00181565
0.00183082
0.00171572
0.00152687
0.00133136
0.00282645
0.00265551
0.00270766
0.00279732
0.00281245
0.00272575
0.002572
0.00239993
0.00378883
0.00358158
0.00352608
0.00352928
0.0035097
0.00342758
0.00328753
0.00311752
0.00433463
0.00413595
0.00404008
0.00399262
0.00394129
0.00385499
0.00372937
0.00358034
0.00482779
0.00461344
0.004425
0.00427807
0.004162
0.00405586
0.00394308
0.00381841
-0.353962
-0.361742
-0.373654
-0.389461
-0.409918
-0.435809
-0.465607
-0.493576
-0.352707
-0.359596
-0.369712
-0.383105
-0.400285
-0.421301
-0.445466
-0.469129
-0.348127
-0.355025
-0.364342
-0.375934
-0.390616
-0.407879
-0.424605
-0.436591
-0.341569
-0.348946
-0.357577
-0.367084
-0.377475
-0.387562
-0.394423
-0.394941
-0.334758
-0.341917
-0.348896
-0.354691
-0.359078
-0.361359
-0.359896
-0.352627
-0.328564
-0.334186
-0.337892
-0.338848
-0.33744
-0.333683
-0.326549
-0.314379
-0.323676
-0.325985
-0.325118
-0.321124
-0.315096
-0.307148
-0.296316
-0.281057
-0.320052
-0.317484
-0.311386
-0.302994
-0.293498
-0.282663
-0.269397
-0.252208
-0.317056
-0.30852
-0.297251
-0.285293
-0.273211
-0.260334
-0.245465
-0.227121
-0.313603
-0.298731
-0.282959
-0.26835
-0.254248
-0.239996
-0.224066
-0.205158
-0.3088
-0.287627
-0.268695
-0.251975
-0.236498
-0.221326
-0.204807
-0.185771
-0.300902
-0.275315
-0.254251
-0.236051
-0.219733
-0.204012
-0.187366
-0.168553
-0.290751
-0.261757
-0.239475
-0.220331
-0.203659
-0.187833
-0.171445
-0.153258
-0.275939
-0.246525
-0.223947
-0.204748
-0.18833
-0.172639
-0.156849
-0.13951
-0.258363
-0.230878
-0.207985
-0.189884
-0.173347
-0.15802
-0.142834
-0.126853
-0.378182
-0.376094
-0.372879
-0.368267
-0.36269
-0.357063
-0.352601
-0.351008
-0.377966
-0.374488
-0.370216
-0.365066
-0.359563
-0.354532
-0.350906
-0.349815
-0.37746
-0.373225
-0.368113
-0.362033
-0.355644
-0.349935
-0.345893
-0.344986
-0.377811
-0.372772
-0.366606
-0.359066
-0.350923
-0.343585
-0.338526
-0.337446
-0.379223
-0.373528
-0.366277
-0.357054
-0.346711
-0.337208
-0.330838
-0.329799
-0.381655
-0.375588
-0.367468
-0.356686
-0.344164
-0.332434
-0.324833
-0.323807
-0.385146
-0.379095
-0.370443
-0.35838
-0.343968
-0.330369
-0.321927
-0.320511
-0.389918
-0.384471
-0.375605
-0.362537
-0.346648
-0.331786
-0.322827
-0.320147
-0.396326
-0.392222
-0.383489
-0.369509
-0.352352
-0.336917
-0.327399
-0.32213
-0.404821
-0.402923
-0.394686
-0.380075
-0.362058
-0.345953
-0.334517
-0.324959
-0.415906
-0.417159
-0.409495
-0.39348
-0.374371
-0.357844
-0.343426
-0.327835
-0.430027
-0.435346
-0.428929
-0.412267
-0.392208
-0.372883
-0.352449
-0.328169
-0.447459
-0.457561
-0.451319
-0.431914
-0.410145
-0.387184
-0.359507
-0.325488
-0.468381
-0.483963
-0.479194
-0.457474
-0.431679
-0.401783
-0.364599
-0.319231
-0.491576
-0.512267
-0.507155
-0.481198
-0.449579
-0.410595
-0.362418
-0.30861
-0.53245
-0.560081
-0.552156
-0.515369
-0.466656
-0.40922
-0.347582
-0.296422
-0.588026
-0.615082
-0.607377
-0.567513
-0.504995
-0.432392
-0.361885
-0.304666
-0.59059
-0.614282
-0.602707
-0.557814
-0.492668
-0.41856
-0.351266
-0.2942
-0.538724
-0.543649
-0.523168
-0.476426
-0.417492
-0.35711
-0.309519
-0.268081
-0.446238
-0.432761
-0.402558
-0.360452
-0.314621
-0.272765
-0.243474
-0.224055
-0.371787
-0.341628
-0.302586
-0.263831
-0.229036
-0.200464
-0.180678
-0.173201
-0.329683
-0.284481
-0.235974
-0.191614
-0.156349
-0.131854
-0.113662
-0.112804
-0.364579
-0.311029
-0.247599
-0.18109
-0.125696
-0.0885791
-0.0647447
-0.0634077
-0.463531
-0.390435
-0.318994
-0.254757
-0.188346
-0.129141
-0.0785395
-0.0424975
-0.479314
-0.426581
-0.369236
-0.311607
-0.232063
-0.147061
-0.0841176
-0.0402021
-0.378305
-0.350848
-0.319455
-0.2881
-0.248431
-0.189425
-0.12264
-0.0677103
-0.252193
-0.24287
-0.231794
-0.219779
-0.200989
-0.177251
-0.146258
-0.116976
-0.1575
-0.158988
-0.162885
-0.16854
-0.169811
-0.171879
-0.166375
-0.15541
-0.095527
-0.106749
-0.121765
-0.138171
-0.156174
-0.17534
-0.189445
-0.197683
-0.0555991
-0.0720043
-0.0925394
-0.116602
-0.144275
-0.172384
-0.203917
-0.230365
-0.0368562
-0.0560661
-0.0782745
-0.103601
-0.13182
-0.161045
-0.19329
-0.222496
-0.0255229
-0.042739
-0.0615166
-0.082165
-0.104543
-0.128222
-0.154126
-0.177962
-0.0158442
-0.0265229
-0.038477
-0.051717
-0.065675
-0.0819484
-0.0972103
-0.117792
-0.00855697
-0.0142892
-0.0205897
-0.0277113
-0.0354134
-0.0446754
-0.0530111
-0.066617
-0.000976789
-0.00417601
-0.00791251
-0.012226
-0.017032
-0.0226221
-0.0278824
-0.0361159
0.00375276
0.00246713
0.000517462
-0.00193127
-0.00484512
-0.0082639
-0.0116326
-0.0166385
0.00560218
0.00473913
0.00348938
0.00191579
5.91296e-05
-0.0020298
-0.00421782
-0.00713976
0.00715767
0.00636827
0.00529447
0.00400898
0.0025698
0.00102112
-0.000633296
-0.0025522
0.00664001
0.00620659
0.0055646
0.00476247
0.00384008
0.00282136
0.00172419
0.000486966
0.00569693
0.00512759
0.00458785
0.00402034
0.00340494
0.0027418
0.00204992
0.00123218
0.00493251
0.00452066
0.00408763
0.00362734
0.00314551
0.00264245
0.00213414
0.00157516
0.00351307
0.00326462
0.00300859
0.00273201
0.00243632
0.00212234
0.00179997
0.00144082
0.00225683
0.00211267
0.00196993
0.00181918
0.00165885
0.00148496
0.00130267
0.00108685
0.00185306
0.00169078
0.00153261
0.00137343
0.00121315
0.00105308
0.000896903
0.000734944
0.00128432
0.00116734
0.00104773
0.000928049
0.000807473
0.00068744
0.000572156
0.000459917
0.000409827
0.000433643
0.000460916
0.000481517
0.000490691
0.00048588
0.000465871
0.000406872
0.000775825
0.000646256
0.000516361
0.000393128
0.000280863
0.000181801
9.97108e-05
3.98005e-05
0.000695815
0.000640163
0.000582608
0.00052367
0.000464339
0.000406455
0.000349657
0.000291719
0.00014328
0.000163834
0.000189682
0.000213889
0.00023115
0.000238978
0.000235024
0.000206542
0.000290756
0.000213857
0.000138922
6.99748e-05
9.61694e-06
-3.98299e-05
-7.43041e-05
-9.21293e-05
0.000362273
0.000345131
0.000326337
0.000306753
0.000287235
0.000267877
0.00024811
0.000229443
0.000174366
0.000180129
0.000186019
0.000190537
0.000192794
0.000192459
0.000188107
0.000176554
2.9485e-05
2.35614e-05
1.79409e-05
1.24989e-05
7.14732e-06
2.26527e-06
-1.79997e-06
-6.36424e-06
-0.264444
-0.200357
-0.157465
-0.121728
-0.08986
-0.0658896
-0.0481545
-0.0339391
-0.0232318
-0.0159139
-0.0104611
-0.00660764
-0.00395849
-0.00209917
-0.000721704
0.0002482
0.00110125
0.00172166
0.00233751
0.00317282
0.00353248
0.00387224
0.00406057
-0.274846
-0.211757
-0.16834
-0.128961
-0.095669
-0.0707645
-0.0512016
-0.0359959
-0.0251412
-0.0172882
-0.0115492
-0.00760743
-0.00484888
-0.00292548
-0.00149668
-0.00047306
0.000435915
0.0011195
0.00179459
0.00272639
0.00318927
0.00360055
0.00382432
-0.256637
-0.194963
-0.155991
-0.118594
-0.0886867
-0.0656308
-0.0472165
-0.0335734
-0.0236992
-0.0164128
-0.0112652
-0.00771811
-0.0052033
-0.00344193
-0.00209679
-0.00109178
-0.00016802
0.000552294
0.00127708
0.00228882
0.00284293
0.00331986
0.00357829
-0.225758
-0.164137
-0.131238
-0.0970463
-0.072372
-0.0528928
-0.0377184
-0.0269253
-0.0190774
-0.0135182
-0.00966797
-0.00699029
-0.00506086
-0.00365414
-0.00251192
-0.00160637
-0.000715231
4.68653e-05
0.000810637
0.00186955
0.00250364
0.00303871
0.00332577
-0.186912
-0.130559
-0.102807
-0.0702185
-0.0516428
-0.0361708
-0.0253206
-0.0178409
-0.012688
-0.00940472
-0.00722084
-0.00571894
-0.00458142
-0.00364631
-0.00279387
-0.00202289
-0.00119285
-0.000409885
0.000383428
0.00148374
0.00218301
0.00276535
0.00307027
-0.13576
-0.0896694
-0.0699375
-0.0408941
-0.028369
-0.0168134
-0.0110191
-0.00742837
-0.00552214
-0.00475006
-0.00442148
-0.00422672
-0.00395768
-0.00354477
-0.00300957
-0.00239976
-0.001641
-0.000848449
-2.88164e-05
0.00111409
0.00187778
0.00249722
0.00281591
-0.0866971
-0.0484405
-0.0311569
-0.00922411
-0.0029561
0.00370114
0.00426145
0.00373447
0.00205681
0.000100616
-0.00155095
-0.00272644
-0.00334412
-0.00345964
-0.00324227
-0.00278868
-0.00209645
-0.00129409
-0.000440219
0.000762831
0.00158014
0.00222977
0.00256253
-0.0390145
-0.00981278
0.00796515
0.0254847
0.02625
0.0266388
0.0200634
0.0151701
0.00960283
0.00483162
0.00115759
-0.00138176
-0.0028867
-0.00348424
-0.00357447
-0.00325398
-0.00260528
-0.00178667
-0.000894032
0.000385267
0.0012787
0.00196008
0.00231164
-0.000115683
0.0295298
0.0506311
0.0611472
0.0561403
0.050137
0.0377673
0.0268193
0.0168748
0.00908879
0.00341683
-0.000394068
-0.00267004
-0.00373663
-0.00405962
-0.00382158
-0.00318729
-0.00232999
-0.00138146
-1.85333e-05
0.000967787
0.00168897
0.00206408
0.0147726
0.0581225
0.0967833
0.090504
0.0821061
0.0680776
0.0509729
0.0356311
0.0223001
0.0120297
0.0047311
-7.2133e-05
-0.00290243
-0.00431337
-0.00472752
-0.00452506
-0.00386469
-0.0029537
-0.0019225
-0.000464433
0.000658503
0.00142936
0.0018247
0.000877566
0.0349529
0.120202
0.117401
0.103342
0.0796058
0.0572223
0.038756
0.0235679
0.0122519
0.00432594
-0.000814764
-0.00378956
-0.00525199
-0.00563185
-0.00537058
-0.00463543
-0.00365324
-0.00251394
-0.00092391
0.000355994
0.00118255
0.00159796
-0.0711754
-0.0151673
0.082584
0.110341
0.0962408
0.0734362
0.0533444
0.0349384
0.0199509
0.00909697
0.00174224
-0.00285742
-0.00541356
-0.00656758
-0.00671793
-0.00628939
-0.00540676
-0.00433375
-0.00313282
-0.00134543
8.29734e-05
0.00095826
0.00138597
-0.126839
-0.0860932
-0.0272222
0.00639936
0.0101042
0.0173912
0.0222523
0.0164962
0.00842769
0.00155865
-0.00327079
-0.00625155
-0.00775566
-0.00825081
-0.00796935
-0.00727589
-0.00617931
-0.00498731
-0.00368151
-0.0017356
-0.000164605
0.000751252
0.00119024
-0.19533
-0.197248
-0.200653
-0.19353
-0.152431
-0.0862302
-0.0399991
-0.0205855
-0.0131717
-0.0110654
-0.0107331
-0.0107986
-0.0105981
-0.0101152
-0.00923867
-0.00820165
-0.00685731
-0.00552137
-0.00411684
-0.00202906
-0.00036261
0.000577859
0.00101156
-0.259636
-0.297735
-0.332307
-0.331982
-0.265316
-0.166672
-0.0969984
-0.0576161
-0.0360807
-0.0249091
-0.0190011
-0.0157347
-0.0135894
-0.0119937
-0.0104703
-0.00907119
-0.00749241
-0.00598333
-0.00444201
-0.00222159
-0.000507454
0.000427328
0.000850395
-0.266994
-0.30662
-0.33296
-0.319549
-0.254586
-0.167073
-0.116714
-0.074375
-0.0491297
-0.034198
-0.0251623
-0.0196436
-0.0160504
-0.0135242
-0.0114628
-0.00972146
-0.00796908
-0.00627134
-0.00460101
-0.00227402
-0.000606123
0.000309713
0.000702216
-0.214076
-0.228973
-0.242519
-0.224559
-0.185563
-0.135304
-0.0987819
-0.0700751
-0.0504368
-0.0369697
-0.0277901
-0.0217179
-0.017545
-0.0145234
-0.012153
-0.0101903
-0.00833911
-0.00650336
-0.00471284
-0.00227213
-0.000666843
0.000197038
0.000555202
-0.136152
-0.14462
-0.147505
-0.136374
-0.118154
-0.0936966
-0.0752127
-0.0576722
-0.045108
-0.0349668
-0.0273907
-0.0220141
-0.0179945
-0.0149509
-0.0125482
-0.0105136
-0.00865501
-0.00670763
-0.00486403
-0.00226674
-0.000741563
8.00224e-05
0.000399755
-0.0744916
-0.0791392
-0.0811524
-0.0774897
-0.0723048
-0.0616921
-0.0543434
-0.0445432
-0.0376593
-0.0306469
-0.0252416
-0.0210013
-0.0175345
-0.0148053
-0.0125641
-0.0106226
-0.0088534
-0.00688865
-0.00507643
-0.00232946
-0.000874523
-7.97509e-05
0.00021855
-0.0404505
-0.043858
-0.0460305
-0.0459063
-0.0454744
-0.0413941
-0.0391233
-0.0339156
-0.0307068
-0.0261542
-0.0226708
-0.0195287
-0.0167512
-0.0144953
-0.0125061
-0.0107818
-0.00913853
-0.00724386
-0.00552868
-0.0025415
-0.00105805
-0.000281961
1.8189e-06
-0.0196212
-0.0229153
-0.025499
-0.0272804
-0.0286799
-0.0279954
-0.0280345
-0.0257125
-0.0244929
-0.0219885
-0.0199556
-0.0177161
-0.015646
-0.0138716
-0.0121836
-0.0107463
-0.00928744
-0.00755066
-0.00607445
-0.00284619
-0.00129563
-0.00052286
-0.000229421
-0.00940209
-0.0121916
-0.0145901
-0.0168478
-0.0186957
-0.0194581
-0.0204411
-0.0197575
-0.0196758
-0.0182452
-0.0174489
-0.0159434
-0.0144895
-0.0131521
-0.0117482
-0.0106227
-0.00932944
-0.00784486
-0.00655452
-0.0032488
-0.00161511
-0.000813531
-0.000491213
-0.0043842
-0.00661844
-0.00867626
-0.0107869
-0.0125336
-0.0138291
-0.0150517
-0.0153176
-0.0157468
-0.0153134
-0.014897
-0.0141234
-0.0131926
-0.0122751
-0.0111333
-0.0102896
-0.00920244
-0.00794082
-0.00680559
-0.00357017
-0.00187931
-0.00104621
-0.000726481
-0.0008856
-0.00266857
-0.00437684
-0.00625183
-0.00783779
-0.009267
-0.0106084
-0.0113419
-0.0121275
-0.0122302
-0.0122689
-0.0119924
-0.0114921
-0.0109297
-0.010156
-0.00952155
-0.00876379
-0.00755236
-0.00651237
-0.00372167
-0.00210125
-0.00125726
-0.000934978
0.000204464
-0.00108257
-0.00239076
-0.00383197
-0.00513647
-0.00641102
-0.00761617
-0.00849311
-0.00935987
-0.00976065
-0.0100639
-0.0100974
-0.00988418
-0.00958571
-0.00906443
-0.00854904
-0.00789638
-0.00687213
-0.00606856
-0.00343642
-0.00222693
-0.0013349
-0.00110164
0.000826143
-0.00011937
-0.00110136
-0.00219148
-0.00320982
-0.00426667
-0.00527137
-0.00610308
-0.00693283
-0.00745189
-0.00790055
-0.00812619
-0.00812947
-0.008023
-0.00773943
-0.00729972
-0.00685362
-0.00583997
-0.00525884
-0.00297945
-0.00219639
-0.00133413
-0.00116705
0.000957712
0.000298862
-0.00039046
-0.00118587
-0.00195048
-0.00278932
-0.00360259
-0.00432653
-0.00506734
-0.00559827
-0.00609304
-0.0064131
-0.006558
-0.00657209
-0.00645602
-0.00606026
-0.00576481
-0.00477522
-0.00438248
-0.00249807
-0.00207644
-0.0012396
-0.0011509
0.000711769
0.00025794
-0.000233693
-0.00079751
-0.00135453
-0.00198307
-0.00260586
-0.0031849
-0.00378938
-0.00425949
-0.00471127
-0.00502706
-0.00522473
-0.00526711
-0.00526304
-0.00488591
-0.00476661
-0.00380446
-0.00364771
-0.00205489
-0.00190073
-0.00108243
-0.00108398
0.000499511
0.000201535
-0.000140592
-0.000524578
-0.000917297
-0.00136651
-0.00181081
-0.00224839
-0.00270364
-0.00307909
-0.00345644
-0.00372545
-0.00394798
-0.0039824
-0.00409034
-0.00370722
-0.00375355
-0.00280154
-0.00283611
-0.00146762
-0.00166689
-0.000897931
-0.000988507
0.000323906
9.59002e-05
-0.00013605
-0.000416263
-0.000688825
-0.00101934
-0.0013382
-0.00166519
-0.00202417
-0.0023123
-0.00263707
-0.00284734
-0.00307294
-0.00308116
-0.00323055
-0.00286404
-0.0029801
-0.00213084
-0.00225393
-0.00108145
-0.0014508
-0.000655627
-0.000859067
0.000253619
9.64237e-05
-8.25917e-05
-0.000287599
-0.000497708
-0.000744892
-0.000984196
-0.00123421
-0.00149934
-0.00173211
-0.00197517
-0.00214657
-0.00234812
-0.00233513
-0.00254017
-0.00217229
-0.00242984
-0.00158008
-0.00188443
-0.000806998
-0.0012431
-0.000469905
-0.00069262
-1.14081e-05
-9.28994e-05
-0.000198327
-0.00031503
-0.000441506
-0.00059864
-0.00075001
-0.000926301
-0.00110374
-0.00126997
-0.0014476
-0.00156183
-0.00174086
-0.00168028
-0.00190963
-0.00151409
-0.0018226
-0.00100159
-0.00142237
-0.000390256
-0.00102808
-0.000269035
-0.000557423
0.000225545
0.00011219
1.07742e-05
-0.000105206
-0.000217948
-0.000350874
-0.000467995
-0.000603014
-0.000741653
-0.000853226
-0.00100692
-0.00105512
-0.00123792
-0.00113272
-0.00138737
-0.00102226
-0.00139936
-0.000714659
-0.0012004
-0.000241569
-0.000843099
-7.28196e-05
-0.000397251
0.000134551
7.46003e-05
4.01903e-06
-7.73016e-05
-0.000160591
-0.000260536
-0.000355786
-0.00045781
-0.000568018
-0.000670078
-0.000768562
-0.000841485
-0.000968973
-0.000894788
-0.00114285
-0.000766231
-0.00119345
-0.000416112
-0.000973666
2.44978e-05
-0.00064244
4.77782e-05
-0.000259541
-0.000104362
-0.000129783
-0.000167076
-0.000204858
-0.000245795
-0.000296055
-0.000348749
-0.000407986
-0.00046373
-0.000529764
-0.000594617
-0.00060999
-0.000732925
-0.000590056
-0.000834036
-0.000422751
-0.000813336
-8.24289e-05
-0.000614548
0.000307777
-0.00046939
0.000210664
-0.000150225
0.000209203
0.000168605
0.000132425
9.24374e-05
5.11099e-05
8.57267e-06
-3.24551e-05
-7.96385e-05
-0.000122461
-0.000158525
-0.000212013
-0.000208282
-0.000326518
-0.000187895
-0.000453393
-9.65813e-05
-0.0005467
4.81227e-05
-0.00050649
0.000256503
-0.00034821
0.0002613
-5.08068e-05
0.00015562
0.000133367
0.000111549
8.52582e-05
5.7765e-05
2.68681e-05
-3.32338e-06
-3.66491e-05
-7.52498e-05
-0.000109935
-0.000148025
-0.000159644
-0.000256619
-0.000152909
-0.000387087
-7.31357e-05
-0.000462978
9.73456e-05
-0.000360373
0.00025461
-0.000204551
0.000213228
-1.12584e-05
-1.37754e-05
-2.08667e-05
-2.92266e-05
-3.74931e-05
-4.58704e-05
-5.60206e-05
-6.61608e-05
-7.57529e-05
-8.65861e-05
-0.000100953
-0.000119036
-9.7232e-05
-0.000174674
-5.95692e-05
-0.000223439
9.50188e-06
-0.000220518
0.00010615
-0.000152756
0.000166492
-8.35166e-05
0.000123729
1.68991e-06
-0.111136
-0.0937262
-0.0764351
-0.0620014
-0.0492537
-0.0385118
-0.0293223
-0.0214901
-0.0150993
-0.0101424
-0.00613825
-0.00307672
-0.000814435
0.000838293
0.00204816
0.00287887
0.00355596
0.0040074
0.00451004
0.00495587
0.00512012
0.00524868
0.00531682
-0.124077
-0.103158
-0.0826445
-0.0660979
-0.0519949
-0.0402683
-0.0302872
-0.02183
-0.0152112
-0.0101816
-0.00611352
-0.00310779
-0.000913683
0.000688313
0.00185527
0.00266758
0.00333289
0.0037882
0.0042912
0.00475451
0.00495024
0.00508678
0.00516435
-0.137865
-0.113241
-0.0891307
-0.0704071
-0.0549371
-0.0422132
-0.0312867
-0.0221432
-0.01541
-0.0102422
-0.00606978
-0.00313227
-0.000989164
0.000561529
0.00168253
0.002467
0.00311605
0.00356677
0.00406439
0.00454771
0.00476971
0.00491994
0.0050143
-0.151971
-0.123816
-0.0962584
-0.0752126
-0.0584716
-0.0446149
-0.032494
-0.0227505
-0.0159915
-0.0104693
-0.00617009
-0.00326753
-0.00111423
0.000408632
0.0015026
0.00226578
0.00290573
0.00335138
0.00384348
0.00434965
0.00458334
0.00474911
0.00486241
-0.168599
-0.135356
-0.103923
-0.0808339
-0.062896
-0.0473523
-0.0337778
-0.0238084
-0.0168891
-0.0107994
-0.00647626
-0.00354189
-0.00133237
0.000184583
0.00127906
0.00203884
0.00268525
0.00313453
0.00362659
0.00415909
0.00439423
0.00457797
0.00470811
-0.185144
-0.146797
-0.111566
-0.0869002
-0.0676853
-0.0498642
-0.035215
-0.0254802
-0.0178256
-0.0112561
-0.00701275
-0.00394382
-0.00167453
-0.000142916
0.000979316
0.00175689
0.00242755
0.00289484
0.00340103
0.00397251
0.00420627
0.00441143
0.00455354
-0.205867
-0.158114
-0.120106
-0.0950994
-0.0727844
-0.0524359
-0.0376286
-0.0276161
-0.0187062
-0.0120598
-0.00777533
-0.00449682
-0.00218146
-0.000604312
0.000569952
0.00138639
0.00209929
0.00260134
0.00313458
0.00376614
0.0040133
0.00424869
0.00440081
-0.230667
-0.173726
-0.133234
-0.105528
-0.0788511
-0.056997
-0.0418679
-0.0301789
-0.0202972
-0.0136097
-0.00890171
-0.00536508
-0.0029374
-0.00124701
1.57946e-05
0.000900146
0.0016767
0.00223136
0.00280399
0.00352432
0.00380849
0.00408572
0.0042503
0.0480035
0.025016
0.00260282
-0.0202869
-0.0437832
-0.0667941
-0.0888714
-0.109008
0.0509054
0.0256373
0.000674802
-0.0250795
-0.0512447
-0.0764418
-0.0995924
-0.120478
0.0533989
0.0243836
-0.0043253
-0.0329839
-0.0610181
-0.0873949
-0.111403
-0.133175
0.054617
0.0214941
-0.0109323
-0.0422356
-0.0719493
-0.0995772
-0.124738
-0.147578
0.0539393
0.016968
-0.018887
-0.0528522
-0.084549
-0.113741
-0.140269
-0.164117
0.0513291
0.0105365
-0.0287785
-0.0656829
-0.0997372
-0.130718
-0.158514
-0.183172
0.0466812
0.00168109
-0.0414274
-0.0816117
-0.118262
-0.151081
-0.180009
-0.205194
0.039441
-0.0104013
-0.0577694
-0.101546
-0.140949
-0.175589
-0.205481
-0.230822
0.0286017
-0.026815
-0.0789596
-0.126613
-0.168884
-0.205327
-0.235907
-0.260897
0.0127426
-0.0490494
-0.106553
-0.158356
-0.203463
-0.241685
-0.272519
-0.296414
-0.010065
-0.0791398
-0.142715
-0.1992
-0.247305
-0.286703
-0.316854
-0.338444
-0.0424752
-0.119733
-0.190101
-0.25156
-0.302733
-0.342232
-0.370068
-0.387241
-0.088771
-0.174791
-0.251868
-0.318085
-0.370362
-0.407903
-0.430716
-0.439771
-0.152157
-0.248579
-0.332022
-0.398126
-0.446453
-0.476833
-0.48945
-0.485884
-0.20716
-0.305825
-0.387374
-0.449927
-0.492623
-0.516092
-0.522302
-0.513922
0.184592
0.180871
0.17314
0.161408
0.145711
0.126394
0.103963
0.0776354
0.198848
0.194115
0.184633
0.170621
0.152426
0.130104
0.105322
0.0781028
0.214745
0.209071
0.198092
0.18215
0.161974
0.137527
0.110752
0.0827293
0.232648
0.22617
0.21389
0.196122
0.173961
0.147453
0.117979
0.0872923
0.252586
0.245293
0.231635
0.211824
0.187149
0.15797
0.125041
0.0904492
0.274443
0.266168
0.250824
0.228577
0.20072
0.168094
0.131151
0.0920272
0.298123
0.288637
0.271199
0.246054
0.214395
0.177569
0.136104
0.0920511
0.323578
0.312652
0.292679
0.264113
0.228059
0.186282
0.139654
0.0901412
0.350726
0.338121
0.315141
0.282534
0.241412
0.193846
0.141188
0.0854333
0.379311
0.364746
0.338214
0.300802
0.253768
0.199415
0.139641
0.0766391
0.408764
0.391876
0.361131
0.317965
0.263937
0.201591
0.133406
0.0619485
0.437964
0.418295
0.382529
0.332449
0.270087
0.198289
0.120159
0.0387989
0.464988
0.441944
0.400108
0.341622
0.269223
0.186155
0.0962323
0.00319662
0.486115
0.45918
0.41037
0.34199
0.257669
0.161354
0.0578209
-0.0483857
0.503601
0.47288
0.417593
0.340675
0.245621
0.136961
0.0210042
-0.0960887
0.0211993
0.0211954
0.0211987
0.021206
0.0212216
0.0212579
0.0212942
0.0213328
0.0258055
0.0258367
0.0258418
0.0258226
0.0257815
0.0257211
0.0256452
0.0255573
0.0221305
0.0221461
0.02218
0.0222298
0.0222926
0.0223649
0.0224456
0.0225099
0.0263111
0.0263371
0.0263296
0.0262905
0.0262237
0.026134
0.0260344
0.0259216
0.0238851
0.0238905
0.0239207
0.0239724
0.0240421
0.0241287
0.0242108
0.0243263
0.028484
0.0285113
0.0284988
0.0284485
0.0283683
0.0282753
0.0281575
0.0282052
0.0268992
0.0269406
0.0270071
0.0270921
0.027189
0.0272975
0.0273977
0.0275351
0.0315187
0.0315153
0.0314861
0.0314365
0.0313701
0.0313073
0.0312202
0.0312055
0.0311958
0.0312631
0.0313592
0.0314734
0.0316044
0.0317487
0.0318885
0.0320658
0.0358923
0.0358887
0.0358627
0.0358075
0.0356586
0.0355166
0.0356266
0.0358499
0.0370973
0.0371859
0.0372957
0.0374213
0.037564
0.0377015
0.0378331
0.0380122
0.0420978
0.0421124
0.04211
0.0420847
0.0420296
0.042091
0.0419808
0.042361
0.0450838
0.0451456
0.04525
0.0453964
0.0454619
0.045776
0.0458119
0.0461385
0.0510817
0.0511374
0.0511619
0.0512133
0.0510703
0.0513411
0.0510242
0.0515719
0.0561352
0.0561919
0.0562103
0.0563382
0.0561519
0.0564091
0.0559294
0.056691
0.0637817
0.06383
0.0636994
0.0639638
0.0635072
0.0638689
0.0627654
0.0634725
0.0715532
0.0716832
0.0712645
0.0711327
0.070359
0.0704442
0.0690761
0.0691242
0.0818358
0.0820978
0.0815196
0.0809437
0.07967
0.0796224
0.0772045
0.077178
0.0929664
0.0930513
0.0921157
0.0910347
0.0890046
0.0874697
0.0843022
0.0822942
0.107144
0.10685
0.105651
0.104047
0.101103
0.0983597
0.0933736
0.0896905
0.123129
0.122176
0.120025
0.116848
0.112097
0.106607
0.0994025
0.0914236
0.142578
0.141123
0.138002
0.133161
0.12616
0.117717
0.106485
0.0943936
0.164663
0.16218
0.156942
0.148805
0.137413
0.123493
0.106554
0.0862278
0.0213742
0.0214321
0.021511
0.0216142
0.0217431
0.0218949
0.0220584
0.0221927
0.0222596
0.0222368
0.0221038
0.02186
0.0214998
0.0210667
0.0205872
0.0200796
0.0195897
0.0190633
0.0186418
0.0182284
0.0179073
0.0176085
0.0174509
0.0254371
0.0252452
0.0249842
0.024651
0.0242202
0.0237176
0.0231806
0.0226938
0.0222674
0.0219172
0.0216491
0.0214282
0.0212211
0.0209654
0.0206359
0.0202439
0.0197984
0.0193222
0.0188306
0.0183214
0.0178769
0.0175511
0.0173363
0.0227617
0.0228445
0.0230392
0.023236
0.0234562
0.0236505
0.0237443
0.023711
0.0235646
0.0233021
0.0229337
0.0224972
0.0220461
0.0216039
0.0211494
0.0206523
0.0200995
0.0195155
0.0189032
0.0183345
0.0178127
0.0174251
0.0172033
0.0257435
0.0254729
0.0251519
0.0247616
0.0243191
0.0239245
0.0235997
0.0233112
0.0230307
0.0227394
0.0224098
0.0220101
0.0215222
0.0209782
0.0203991
0.0198046
0.0192022
0.0186041
0.0180361
0.0176083
0.0171823
0.0168267
0.0166923
0.0243901
0.0245055
0.024629
0.0248001
0.0249365
0.0249247
0.0248158
0.0245883
0.0242363
0.0237662
0.02321
0.0225862
0.0218993
0.0211407
0.0203633
0.0196062
0.0188669
0.0182039
0.0175852
0.0170216
0.0165527
0.0162039
0.0160181
0.0279745
0.0277357
0.027345
0.0268638
0.0264201
0.0260278
0.0256194
0.0252134
0.0247889
0.0243243
0.0238004
0.0232001
0.0225139
0.0217435
0.0209169
0.0200656
0.0192131
0.018386
0.0176286
0.0169251
0.0163157
0.0159029
0.0155824
0.0275791
0.0276317
0.0276536
0.0276597
0.0275587
0.0273235
0.0269493
0.0264315
0.0257801
0.0250203
0.0241863
0.023307
0.0224082
0.0214924
0.0205648
0.0196414
0.0187358
0.0178691
0.0171207
0.0165293
0.0160077
0.0155989
0.0153307
0.0309677
0.0305092
0.0299474
0.0293476
0.0287486
0.0281405
0.0274964
0.0267943
0.026007
0.025113
0.0241054
0.0230009
0.0218499
0.0206956
0.0195778
0.0185093
0.0175388
0.0166583
0.0159336
0.0154033
0.0149968
0.0147084
0.0146336
0.0321782
0.0319343
0.031742
0.0314246
0.0309013
0.0302036
0.0293364
0.0283199
0.0271855
0.0259644
0.02468
0.0233454
0.0219838
0.0206232
0.0193267
0.0180909
0.0169917
0.0160212
0.0152141
0.0145357
0.0139863
0.0136371
0.0135826
0.0356944
0.0341424
0.0342469
0.0333375
0.0324591
0.0314834
0.0303939
0.0291668
0.027807
0.0263402
0.0248128
0.0232754
0.0217729
0.0203295
0.0190164
0.0177675
0.0166476
0.0156725
0.0148733
0.0142056
0.0135591
0.0130327
0.0127583
0.0379779
0.0372519
0.0366357
0.0356796
0.0345179
0.0331526
0.0316032
0.0299141
0.028129
0.0262786
0.024411
0.0225856
0.0208682
0.0193044
0.0180747
0.0168609
0.0157949
0.0148719
0.0141481
0.0136823
0.0131806
0.0127031
0.012334
0.0420404
0.0407102
0.0395818
0.0382068
0.0366574
0.0348486
0.0328276
0.0306281
0.0284034
0.0261676
0.0239892
0.0219141
0.0199864
0.018154
0.0171903
0.0158485
0.0147616
0.0139055
0.0131727
0.0127846
0.0124569
0.0122117
0.011992
0.045707
0.0443111
0.0428269
0.0408675
0.0387176
0.0363407
0.0338222
0.0312045
0.0285753
0.0260216
0.0236051
0.0213764
0.0194237
0.0176851
0.0163437
0.0150749
0.0139746
0.013107
0.0123399
0.011886
0.0115246
0.0114023
0.0113763
0.0505004
0.0482504
0.0460714
0.0435227
0.0407183
0.037617
0.0344509
0.0313081
0.0282816
0.025459
0.0228704
0.0205809
0.0186064
0.0169324
0.0155293
0.0143063
0.0132284
0.0123884
0.0116563
0.0112356
0.0107324
0.0105405
0.0105651
0.0552646
0.0525696
0.0495746
0.0460449
0.0423395
0.0384874
0.0346257
0.0308804
0.0273826
0.0242309
0.021459
0.0190914
0.0171401
0.015544
0.0142088
0.0131166
0.0121794
0.0114831
0.0109274
0.0107201
0.0102233
0.00992149
0.00983703
0.0606197
0.0566314
0.052346
0.0477457
0.0430167
0.038289
0.0337711
0.0295832
0.0257984
0.022475
0.0196389
0.0172837
0.0153638
0.013923
0.0126933
0.0117731
0.0110347
0.0105233
0.0101697
0.0101675
0.00982884
0.00955883
0.00935696
0.0657748
0.0608527
0.0553064
0.0493637
0.0434399
0.0377504
0.0325163
0.027875
0.0238769
0.020524
0.0177761
0.015572
0.0138348
0.0125209
0.0114829
0.0107421
0.0101624
0.00978563
0.009533
0.00956796
0.00939725
0.00928018
0.00905685
0.0714275
0.0639851
0.0564157
0.0490485
0.0421393
0.0358098
0.0302213
0.0254283
0.0214551
0.0182728
0.0157896
0.0138933
0.0124633
0.0113998
0.0105916
0.00999828
0.00954672
0.00922722
0.00898449
0.00895373
0.00887748
0.00891061
0.00877435
0.0754883
0.0663906
0.0568951
0.0479181
0.0398235
0.032841
0.0270262
0.0222791
0.0185205
0.0156527
0.0135386
0.0120254
0.0109587
0.0101993
0.00963941
0.00921361
0.00886147
0.00859235
0.00837572
0.00834504
0.00830036
0.00840955
0.00839714
0.0789084
0.0657887
0.0541758
0.0441613
0.0355773
0.0284852
0.0227723
0.0182948
0.0149315
0.012521
0.0108654
0.00977749
0.00908921
0.00864626
0.00834338
0.00811135
0.00789607
0.00772674
0.00763614
0.00772782
0.00772015
0.00785018
0.00792788
0.078015
0.0628555
0.049581
0.0385802
0.0297536
0.0228788
0.0175715
0.0136184
0.0108493
0.00903152
0.00792057
0.0073015
0.0070022
0.00687659
0.00683141
0.00681601
0.00678577
0.00677504
0.00687715
0.00713347
0.00718216
0.00733129
0.00744237
0.0734416
0.0550989
0.0416749
0.0308088
0.02237
0.0160551
0.0114144
0.00824131
0.00629469
0.00524724
0.00482172
0.00477612
0.00493324
0.00516301
0.00539625
0.00561027
0.00578905
0.0059477
0.00623078
0.00661238
0.00671883
0.00691843
0.00701832
0.0599783
0.0438829
0.0311551
0.0211166
0.0134735
0.00792399
0.00417397
0.00203135
0.00113569
0.00105868
0.00148397
0.00214642
0.00286896
0.00353204
0.00410197
0.00456264
0.00496129
0.00527325
0.00569755
0.0061544
0.00631708
0.00660565
0.00668731
0.0435707
0.0321455
0.0216215
0.0126545
0.00554873
0.000415703
-0.00260511
-0.0038112
-0.00371701
-0.0028399
-0.00156942
-0.000195636
0.00110793
0.00221793
0.00314007
0.00382725
0.00441994
0.00483457
0.0053441
0.00585274
0.00606514
0.00641595
0.00649357
0.0232265
0.0133517
0.00681466
0.000724713
-0.00402318
-0.00736804
-0.00873273
-0.00851002
-0.00725429
-0.00544899
-0.00346281
-0.00154824
0.000163025
0.00156935
0.00271526
0.00353353
0.00422971
0.0046757
0.00521275
0.00573821
0.00596702
0.00631021
0.00639038
-9.23401e-05
-0.00969439
-0.0128259
-0.0154259
-0.0161293
-0.015593
-0.0140302
-0.0117753
-0.00918194
-0.00652962
-0.00402751
-0.0018128
6.27306e-05
0.00155566
0.00274811
0.00358088
0.0042807
0.00469847
0.00521642
0.00572421
0.00593475
0.00621609
0.00629966
-0.0206739
-0.0292915
-0.029216
-0.0289321
-0.0260462
-0.0222886
-0.0182449
-0.0142475
-0.0104992
-0.00713206
-0.0042144
-0.00178273
0.000178419
0.00168371
0.00285557
0.00365919
0.00433153
0.00471537
0.00520701
0.00569255
0.00587646
0.00609237
0.00617888
-0.0406028
-0.0446541
-0.0401679
-0.037355
-0.0321913
-0.0268127
-0.0214087
-0.0163273
-0.0117646
-0.00784246
-0.00456337
-0.00191507
0.000151095
0.0016878
0.00285289
0.00363605
0.00429184
0.00466217
0.00513943
0.00560575
0.00576508
0.00593425
0.00602028
-0.0602871
-0.0585268
-0.0497688
-0.0441642
-0.0368877
-0.0302768
-0.0239626
-0.0181623
-0.0130228
-0.00868732
-0.00510785
-0.0022543
-6.78057e-05
0.00153005
0.00271882
0.00350715
0.00416592
0.00454601
0.00502348
0.00547432
0.00561498
0.00575749
0.00583836
-0.0793136
-0.0716767
-0.0594502
-0.0507908
-0.0414091
-0.0334156
-0.0261448
-0.0196704
-0.0140545
-0.00942716
-0.00563737
-0.0026405
-0.000368324
0.00128509
0.00250455
0.00331421
0.00398546
0.00439091
0.00487773
0.00531709
0.00544957
0.00557992
0.00565317
-0.0962595
-0.0832139
-0.0686394
-0.0568096
-0.045634
-0.0361981
-0.0279516
-0.0207948
-0.014754
-0.00992302
-0.0059986
-0.00293369
-0.000636414
0.00103835
0.00226864
0.00309769
0.0037771
0.00421044
0.00470729
0.0051449
0.00528459
0.00541094
0.00547828
)
;

boundaryField
{
    outlet
    {
        type            fixedValue;
        value           uniform 0;
    }
    upperWall
    {
        type            symmetryPlane;
    }
    lowerWall
    {
        type            symmetryPlane;
    }
    inlet
    {
        type            zeroGradient;
    }
    cylinder
    {
        type            zeroGradient;
    }
    frontAndBack
    {
        type            empty;
    }
}


// ************************************************************************* //
