/*--------------------------------*- C++ -*----------------------------------*\
| =========                 |                                                 |
| \\      /  F ield         | OpenFOAM: The Open Source CFD Toolbox           |
|  \\    /   O peration     | Version:  2312                                  |
|   \\  /    A nd           | Website:  www.openfoam.com                      |
|    \\/     M anipulation  |                                                 |
\*---------------------------------------------------------------------------*/
FoamFile
{
    version     2.0;
    format      ascii;
    arch        "LSB;label=32;scalar=64";
    class       volScalarField;
    location    "161.65";
    object      p;
}
// * * * * * * * * * * * * * * * * * * * * * * * * * * * * * * * * * * * * * //

dimensions      [0 2 -2 0 0 0 0];

internalField   nonuniform List<scalar> 
5478
(
-0.553299
-0.55148
-0.551358
-0.552657
-0.553244
-0.548881
-0.535193
-0.50969
-0.47287
-0.427817
-0.378722
-0.329004
-0.281381
-0.236281
-0.194042
-0.560753
-0.556827
-0.553768
-0.550781
-0.545224
-0.533129
-0.511931
-0.481363
-0.443399
-0.401194
-0.357697
-0.315044
-0.274585
-0.2363
-0.201232
-0.570552
-0.56473
-0.558468
-0.550273
-0.536977
-0.516376
-0.488341
-0.454394
-0.41686
-0.377996
-0.339418
-0.302245
-0.266963
-0.233926
-0.20316
-0.584612
-0.576262
-0.566032
-0.550961
-0.528543
-0.499572
-0.466165
-0.430377
-0.393841
-0.357691
-0.322698
-0.289325
-0.257885
-0.228531
-0.201371
-0.603616
-0.590951
-0.575694
-0.551702
-0.519509
-0.483253
-0.445918
-0.409006
-0.373227
-0.338972
-0.306446
-0.275808
-0.247047
-0.22035
-0.195377
-0.626629
-0.607865
-0.585083
-0.550369
-0.508823
-0.466587
-0.426235
-0.38838
-0.353024
-0.320042
-0.289341
-0.260796
-0.234325
-0.209823
-0.186721
-0.649417
-0.624877
-0.590585
-0.544084
-0.494377
-0.447433
-0.404749
-0.366164
-0.331133
-0.299211
-0.270034
-0.243331
-0.218859
-0.196448
-0.17545
-0.665903
-0.63658
-0.588287
-0.530206
-0.473808
-0.423303
-0.37904
-0.34013
-0.305622
-0.274813
-0.247159
-0.222246
-0.19982
-0.17962
-0.161134
-0.443416
-0.445886
-0.447742
-0.452076
-0.459408
-0.469725
-0.482876
-0.498468
-0.515865
-0.534349
-0.553071
-0.570861
-0.585885
-0.595716
-0.598064
-0.450334
-0.454612
-0.458012
-0.4636
-0.47157
-0.481193
-0.49137
-0.50062
-0.507379
-0.510487
-0.509272
-0.50328
-0.492416
-0.477447
-0.456339
-0.462461
-0.468029
-0.47307
-0.48032
-0.489575
-0.499406
-0.507705
-0.511739
-0.508747
-0.496817
-0.475075
-0.44343
-0.402975
-0.358099
-0.306369
-0.479392
-0.485421
-0.491829
-0.500826
-0.511684
-0.522404
-0.52991
-0.530202
-0.519372
-0.49495
-0.456141
-0.404069
-0.338235
-0.273413
-0.192367
-0.49886
-0.504859
-0.512223
-0.52227
-0.534118
-0.545392
-0.55205
-0.548909
-0.531655
-0.497777
-0.445318
-0.382508
-0.303005
-0.231121
-0.145532
-0.51785
-0.522668
-0.529704
-0.539839
-0.551573
-0.561774
-0.566613
-0.558964
-0.535474
-0.493969
-0.436657
-0.368869
-0.292478
-0.220845
-0.149869
-0.53372
-0.536745
-0.541732
-0.550412
-0.559815
-0.566915
-0.566721
-0.553779
-0.524843
-0.479586
-0.422275
-0.357792
-0.291562
-0.229289
-0.171347
-0.545123
-0.54565
-0.548596
-0.553649
-0.559172
-0.561232
-0.554745
-0.535517
-0.501846
-0.455642
-0.401539
-0.344158
-0.288229
-0.235777
-0.188388
-0.57655
-0.482777
-0.345975
-0.265949
-0.244042
-0.264455
-0.285984
-0.234997
-0.178925
-0.143039
-0.130554
-0.110281
-0.105844
-0.125846
-0.150267
-0.138195
-0.11578
-0.104973
-0.130696
-0.140566
-0.133028
-0.121255
-0.148711
-0.133875
-0.141551
-0.178835
-0.202252
-0.130373
-0.106068
-0.070931
-0.0438892
-0.0259379
-0.0127482
-0.00981926
-0.00738335
-0.00435184
-0.00227115
-0.000801849
-0.420894
-0.369874
-0.287794
-0.252722
-0.25786
-0.299815
-0.330639
-0.262807
-0.19037
-0.143968
-0.129072
-0.109866
-0.100023
-0.122249
-0.147087
-0.134254
-0.111947
-0.0957208
-0.118781
-0.131872
-0.127045
-0.130745
-0.16289
-0.140935
-0.141052
-0.154803
-0.168521
-0.136718
-0.11755
-0.0699814
-0.040543
-0.0255917
-0.0137523
-0.00990722
-0.00715219
-0.00432951
-0.0023064
-0.000803006
-0.259085
-0.221787
-0.190466
-0.20812
-0.247052
-0.320336
-0.350357
-0.277158
-0.195716
-0.142665
-0.126357
-0.113967
-0.098077
-0.120059
-0.143408
-0.130257
-0.107282
-0.0866193
-0.105653
-0.12222
-0.11909
-0.138172
-0.173207
-0.145887
-0.137927
-0.131735
-0.133954
-0.138663
-0.125728
-0.0680708
-0.0364792
-0.0249576
-0.0146541
-0.00994652
-0.00690007
-0.00429851
-0.00233951
-0.000804141
-0.126256
-0.0668634
-0.0513666
-0.122814
-0.213486
-0.31869
-0.345691
-0.276328
-0.195444
-0.140312
-0.122609
-0.118402
-0.0986761
-0.120708
-0.141423
-0.127205
-0.10223
-0.0784769
-0.0924518
-0.1121
-0.109368
-0.142602
-0.178936
-0.149194
-0.132928
-0.111399
-0.101054
-0.136472
-0.129928
-0.065793
-0.0320841
-0.0240646
-0.0153993
-0.00994467
-0.00664402
-0.00426295
-0.00236788
-0.000805317
-0.0598184
0.0235722
0.0740603
-0.0217791
-0.156283
-0.285656
-0.318482
-0.257901
-0.187445
-0.136638
-0.117976
-0.117579
-0.100013
-0.125637
-0.143003
-0.12364
-0.0968311
-0.0719518
-0.0807599
-0.102117
-0.0986247
-0.143648
-0.179933
-0.150726
-0.12705
-0.094606
-0.0717735
-0.131023
-0.129785
-0.0632844
-0.0276083
-0.0229376
-0.015914
-0.00990341
-0.00639651
-0.00421218
-0.0023895
-0.000806382
-0.0690803
0.0319149
0.124101
0.0543689
-0.0971363
-0.230781
-0.272055
-0.227995
-0.171838
-0.131575
-0.11199
-0.10915
-0.101978
-0.131034
-0.147594
-0.123393
-0.0929266
-0.0672933
-0.070379
-0.0923902
-0.086638
-0.14061
-0.176422
-0.151168
-0.121859
-0.0826899
-0.047683
-0.1229
-0.12611
-0.0608555
-0.0233752
-0.0216469
-0.0162135
-0.00984072
-0.00617154
-0.00415519
-0.00240372
-0.000807112
-0.101455
-0.0180738
0.104897
0.0901856
-0.0286054
-0.164804
-0.217212
-0.199833
-0.157592
-0.127793
-0.106365
-0.097022
-0.100638
-0.13629
-0.151452
-0.12071
-0.0886073
-0.0637848
-0.0627878
-0.0837003
-0.0730384
-0.132824
-0.169509
-0.148863
-0.115979
-0.0741117
-0.0275266
-0.11216
-0.119756
-0.0580059
-0.0197235
-0.0202572
-0.0162418
-0.00973881
-0.0059689
-0.00408319
-0.0024064
-0.000806477
-0.134042
-0.0752289
0.0111933
0.0592088
0.0138189
-0.0844437
-0.14353
-0.150851
-0.131842
-0.114969
-0.100193
-0.0855332
-0.0906926
-0.136679
-0.156685
-0.1232
-0.0873625
-0.0624533
-0.0550385
-0.075239
-0.0606471
-0.121223
-0.15947
-0.147812
-0.110776
-0.0717645
-0.0118535
-0.099606
-0.112899
-0.0558407
-0.016435
-0.0186593
-0.0160383
-0.00966118
-0.00580949
-0.00403786
-0.0024051
-0.000805277
-0.130943
-0.0887679
-0.020143
0.0307949
0.0121387
-0.0530562
-0.0980502
-0.114433
-0.104889
-0.0912143
-0.0825389
-0.0721562
-0.0812374
-0.122389
-0.138499
-0.114921
-0.0814364
-0.0615669
-0.0553415
-0.0697092
-0.0524554
-0.108861
-0.14504
-0.137203
-0.0994363
-0.0689586
-0.00976575
-0.0852891
-0.100076
-0.0516732
-0.0145056
-0.0169136
-0.0154293
-0.00938558
-0.00560993
-0.00392578
-0.00237026
-0.000794687
-0.119068
-0.0861828
-0.0388286
-0.00526532
-0.00645396
-0.0379975
-0.0653363
-0.0770994
-0.0723221
-0.0656401
-0.0609625
-0.0522585
-0.0628314
-0.109948
-0.140239
-0.105539
-0.0698115
-0.0523788
-0.0494891
-0.0571655
-0.0354933
-0.0851009
-0.128899
-0.120119
-0.0820861
-0.0469229
0.00163431
-0.0649046
-0.0974252
-0.0442133
-0.0111615
-0.0147435
-0.0145281
-0.00890838
-0.00530888
-0.00376418
-0.00230005
-0.000772264
-0.100518
-0.0819942
-0.0532456
-0.028721
-0.0202883
-0.0313209
-0.0462242
-0.0540033
-0.0547519
-0.0484436
-0.0453239
-0.0351984
-0.029605
-0.0609505
-0.0829715
-0.0752988
-0.0539493
-0.0437353
-0.0462881
-0.0451123
-0.0232891
-0.0562344
-0.0940854
-0.0924417
-0.055725
-0.0210889
0.0124336
-0.0420786
-0.072943
-0.0332928
-0.00866355
-0.0127298
-0.0131342
-0.00827679
-0.00505222
-0.00360738
-0.00220354
-0.000739886
-0.0827797
-0.0742694
-0.0562082
-0.0386189
-0.0287779
-0.0291819
-0.0346778
-0.0368915
-0.0348062
-0.0284794
-0.0215757
-0.0135229
-0.00346217
-0.012375
-0.0194205
-0.0337438
-0.03868
-0.0351671
-0.0347776
-0.0278751
-0.00923552
-0.023836
-0.0543349
-0.0631122
-0.0324938
0.00118036
0.025199
-0.0154835
-0.0511895
-0.0224285
-0.00745402
-0.0106687
-0.0115179
-0.00753751
-0.00484822
-0.00344541
-0.00207379
-0.000694395
-0.0673519
-0.0640836
-0.0533044
-0.041353
-0.0320474
-0.0276637
-0.0273349
-0.0264087
-0.0248963
-0.0191157
-0.0122339
-0.00152735
0.0170987
0.0276359
0.024256
-0.000100404
-0.0209563
-0.0218591
-0.0209929
-0.0140788
-0.000509893
0.00810472
-0.0106892
-0.0361198
-0.016446
0.0168047
0.0298762
0.0111697
-0.0215931
-0.0107636
-0.00657982
-0.00838681
-0.00822568
-0.00661579
-0.00466581
-0.00327913
-0.00191594
-0.000635711
-0.0536063
-0.0531662
-0.0473201
-0.0396977
-0.0311581
-0.025379
-0.022444
-0.0189816
-0.0150094
-0.00817677
0.000626065
0.00957297
0.0242837
0.0382014
0.0364074
0.0169622
-0.00440324
-0.00866199
-0.00667239
0.000637146
0.00839831
0.0195888
0.00235568
-0.0220463
-0.0110915
0.0215979
0.03154
0.0306275
0.00196931
-0.000819537
-0.00496276
-0.00583893
-0.00615924
-0.0056807
-0.00444382
-0.00308033
-0.00173688
-0.000571428
-0.0414278
-0.0424239
-0.0390302
-0.0328808
-0.0272039
-0.0218923
-0.0176729
-0.0133594
-0.00928982
-0.00370649
0.00302056
0.0114266
0.0238712
0.0354085
0.0352684
0.0222565
0.00717535
0.00245999
0.00194201
0.00719305
0.012287
0.023541
0.0146046
-0.00968254
-0.00482071
0.0195729
0.029119
0.0389536
0.0148711
0.0047148
-0.00305553
-0.00367507
-0.00457184
-0.00480645
-0.00406836
-0.00280556
-0.00154453
-0.000507589
-0.0313691
-0.0328875
-0.0311552
-0.0273816
-0.0227177
-0.0180828
-0.0138995
-0.00971123
-0.00562923
-0.000398233
0.00589335
0.0130797
0.021175
0.0282902
0.0296373
0.0217302
0.0121607
0.00851503
0.00836009
0.0125104
0.0153347
0.0200851
0.0154387
0.00103715
0.00224174
0.0169318
0.0264018
0.0346629
0.0167824
0.00621184
-0.000765233
-0.00206139
-0.0035113
-0.00395239
-0.00349439
-0.00244998
-0.0013535
-0.000449347
-0.0229615
-0.0246069
-0.0238878
-0.0213932
-0.0178725
-0.0140947
-0.0103703
-0.0065903
-0.0028516
0.00147206
0.00611585
0.0113845
0.017045
0.0217988
0.0236245
0.0196413
0.0140344
0.0118591
0.0108766
0.0128363
0.014954
0.0171795
0.0156604
0.00773214
0.00724265
0.0146081
0.0225609
0.0285852
0.0174567
0.00743716
0.0014421
-0.000795647
-0.0024923
-0.00303318
-0.00278978
-0.00202234
-0.0011414
-0.000382088
-0.0160554
-0.0175904
-0.0173186
-0.0156285
-0.0130945
-0.0102236
-0.00720931
-0.0041145
-0.00103814
0.00231402
0.00593822
0.00995744
0.0139399
0.0170332
0.0186182
0.0171752
0.0141573
0.0128828
0.0127211
0.0137525
0.0149069
0.0153523
0.0145629
0.0106654
0.0104417
0.015167
0.0194788
0.0224683
0.016416
0.00842753
0.00316886
0.000317005
-0.00150206
-0.0021342
-0.00209374
-0.00158999
-0.000927489
-0.000315053
-0.0104209
-0.0116718
-0.0116408
-0.0105756
-0.00881829
-0.0067
-0.00437102
-0.00196595
0.000468734
0.00302493
0.00576595
0.00862073
0.0114189
0.0135652
0.0148841
0.0148785
0.0136102
0.0130355
0.0128009
0.0131157
0.0137423
0.013909
0.013802
0.0119477
0.0116895
0.0136537
0.0164491
0.0182009
0.0149756
0.00908371
0.00448913
0.0014686
-0.000489144
-0.00127574
-0.00140762
-0.00112904
-0.00068462
-0.000233523
-0.00573974
-0.00678621
-0.0069173
-0.00623883
-0.0050284
-0.00351353
-0.00180167
-2.25801e-05
0.00180848
0.00366603
0.00566153
0.00770203
0.00969977
0.0113326
0.0124404
0.0129714
0.0126628
0.0124412
0.0125877
0.0128641
0.0131798
0.0131234
0.0131001
0.0122781
0.0121489
0.0132627
0.0145143
0.0151105
0.0132089
0.00920774
0.00545053
0.00252604
0.000467796
-0.000489651
-0.000781874
-0.000694352
-0.000444882
-0.000155633
-0.00198987
-0.00283397
-0.00300121
-0.00258434
-0.00178429
-0.000754682
0.000447129
0.00171486
0.0030381
0.00435852
0.00577375
0.00722777
0.0086567
0.00990255
0.0108126
0.0114762
0.0117107
0.011803
0.0119839
0.0121801
0.0123746
0.0123424
0.01241
0.0120341
0.0118815
0.0123764
0.0128122
0.0128613
0.0115641
0.00888961
0.00599416
0.00338176
0.00135553
0.000230313
-0.000220215
-0.000289689
-0.000208187
-7.63948e-05
0.0010332
0.00038083
0.000199438
0.000421195
0.000917289
0.0015985
0.00242314
0.00330485
0.00421226
0.00511357
0.00608432
0.00711293
0.00813196
0.00906101
0.00981094
0.0104413
0.0108521
0.0110843
0.0113335
0.0115666
0.0117314
0.0117264
0.0117543
0.0115832
0.0114469
0.0116248
0.0116303
0.011327
0.0102861
0.00844192
0.00627965
0.00406074
0.00217366
0.000925548
0.000307532
8.57978e-05
2.21497e-05
7.80542e-06
0.00348415
0.0029702
0.00278202
0.00287583
0.00316313
0.00358377
0.00411254
0.00469585
0.00529887
0.00589884
0.00654173
0.00724309
0.0079542
0.00862958
0.00921445
0.00973988
0.0101724
0.01048
0.010725
0.0109378
0.0110835
0.0110897
0.0111035
0.0110012
0.0108251
0.0107596
0.0105442
0.010126
0.00926707
0.00788767
0.00625943
0.00448122
0.00282448
0.00155556
0.00077817
0.00040148
0.000209259
7.42679e-05
0.00542745
0.0050289
0.00485048
0.0048609
0.00500037
0.0052343
0.00554992
0.00591523
0.00629439
0.00667125
0.00707695
0.00753583
0.00801967
0.00848009
0.0089047
0.00931049
0.00967302
0.00995187
0.0101673
0.0103533
0.0104815
0.0104945
0.0104803
0.0103823
0.010197
0.0100358
0.00973022
0.0092462
0.00850406
0.00742925
0.00616616
0.00474477
0.00332608
0.00211891
0.00123559
0.000705205
0.000384322
0.000139905
0.00696626
0.00665895
0.00649214
0.00644634
0.00648535
0.00659096
0.0067561
0.00696023
0.007173
0.00738644
0.00762149
0.00790134
0.00820513
0.00850293
0.00878475
0.00906485
0.00933327
0.00954608
0.00971084
0.00984937
0.00993969
0.00994174
0.00990045
0.00979751
0.0096005
0.00936223
0.00901447
0.00853406
0.00788614
0.00701425
0.00598547
0.0048343
0.00364519
0.00255103
0.00164104
0.000983575
0.000532174
0.000185293
0.00816772
0.00792792
0.00777401
0.0076939
0.00766733
0.0076848
0.00774416
0.00783242
0.00792739
0.00802448
0.00813713
0.00828448
0.00845172
0.00862041
0.00878438
0.00895447
0.00912227
0.00925748
0.0093593
0.00943783
0.00948054
0.00945612
0.00938747
0.00926179
0.00905603
0.00879519
0.00844471
0.00798207
0.00739742
0.0066648
0.00580868
0.00485669
0.00384993
0.00286919
0.0019826
0.00124693
0.000679478
0.000229783
0.00909122
0.00890072
0.00875918
0.00865833
0.00858978
0.00854837
0.00853581
0.00854326
0.00855568
0.00857071
0.00859608
0.00864738
0.0087119
0.00878259
0.00885074
0.0089291
0.00900672
0.00906563
0.00910188
0.00912009
0.00911171
0.00905145
0.00895425
0.00880606
0.00859415
0.00832121
0.00797257
0.00753828
0.00700631
0.00637124
0.00563599
0.00482051
0.00395098
0.00307247
0.002233
0.00147064
0.000817937
0.000269312
0.00978135
0.00962489
0.00949311
0.00938117
0.009287
0.00920831
0.00914791
0.0091004
0.00905641
0.00901521
0.00898048
0.00896362
0.00895429
0.00895126
0.00894662
0.00895132
0.00895513
0.00894774
0.00892552
0.00888834
0.00883159
0.00873509
0.00860882
0.00843826
0.00821583
0.0079397
0.00759845
0.00718912
0.00669875
0.00613134
0.00548313
0.00476582
0.0039977
0.00320078
0.00240807
0.0016459
0.000940942
0.00030771
0.0102756
0.0101418
0.0100169
0.00989985
0.00979053
0.00968943
0.00959841
0.00951501
0.00943413
0.0093553
0.00928092
0.00921645
0.00915692
0.00910066
0.00904435
0.00899295
0.00894087
0.00888138
0.00881091
0.00872907
0.00863022
0.0085032
0.00834901
0.00815959
0.00792706
0.00764809
0.00731445
0.00692314
0.00646638
0.0059446
0.00535595
0.00470645
0.0040072
0.00327034
0.00251716
0.00176652
0.00103557
0.000339559
0.0105968
0.0104765
0.0103566
0.0102378
0.0101211
0.0100078
0.00989895
0.00979395
0.00969069
0.00958913
0.00949011
0.00939588
0.00930404
0.00921395
0.00912355
0.00903488
0.00894446
0.00884891
0.00874447
0.00862999
0.00850086
0.00834997
0.00817503
0.00797043
0.00772912
0.00744756
0.00711883
0.00673976
0.00630478
0.00581236
0.0052624
0.0046556
0.00400048
0.00330473
0.00257904
0.00184037
0.00109834
0.000362621
0.0107558
0.010642
0.0105251
0.0104065
0.0102874
0.0101692
0.0100524
0.0099374
0.00982361
0.00971127
0.0096004
0.00949147
0.00938359
0.00927654
0.00916898
0.00906101
0.00895038
0.00883574
0.00871306
0.00858094
0.00843506
0.00827111
0.00808438
0.00787102
0.00762473
0.00734106
0.00701514
0.00664181
0.00621843
0.00574107
0.00521
0.00462542
0.00399203
0.00331754
0.00260689
0.00187479
0.00112895
0.000374585
-0.137705
-0.147268
-0.155197
-0.160723
-0.163705
-0.160338
-0.153822
-0.141993
-0.111621
-0.116888
-0.120634
-0.122872
-0.122839
-0.121956
-0.120441
-0.123112
-0.088358
-0.091358
-0.0928005
-0.0946035
-0.0954797
-0.0985045
-0.0995217
-0.103048
-0.0702671
-0.0719511
-0.0728934
-0.0749792
-0.0763555
-0.0788409
-0.0789617
-0.0808554
-0.0552012
-0.0564744
-0.0572462
-0.0585934
-0.0591067
-0.0599728
-0.0601862
-0.0631186
-0.0431136
-0.0437631
-0.0440479
-0.0445407
-0.0447872
-0.0456716
-0.0469173
-0.0498079
-0.0329867
-0.0332369
-0.0332987
-0.0335635
-0.0339429
-0.0347765
-0.0358482
-0.0380538
-0.0246907
-0.024712
-0.0246548
-0.0247478
-0.0250147
-0.0256057
-0.0264998
-0.0283712
-0.0178108
-0.0177037
-0.0175601
-0.0175642
-0.0177711
-0.0182084
-0.0189297
-0.0204488
-0.0121018
-0.0119692
-0.0118205
-0.0117711
-0.011861
-0.0121195
-0.0126985
-0.0139611
-0.00734886
-0.00721815
-0.00705656
-0.00695013
-0.00698957
-0.00722282
-0.0077555
-0.008778
-0.00337621
-0.00327803
-0.00316048
-0.00309291
-0.00315274
-0.00333816
-0.00372173
-0.00447511
-0.000107645
-6.65722e-05
-5.89896e-06
3.97627e-05
1.68405e-05
-9.3049e-05
-0.000382849
-0.000987144
0.00260006
0.0025938
0.00261256
0.00263093
0.00259984
0.00249283
0.00224908
0.00178299
0.00480192
0.00475267
0.004725
0.00470273
0.00465517
0.0045633
0.00438222
0.00404063
0.00656823
0.00648946
0.00643048
0.00638292
0.00632719
0.0062446
0.00610036
0.00584232
0.00797192
0.00787597
0.0077964
0.00772894
0.00766153
0.00758015
0.00746167
0.00726975
0.0090682
0.00896384
0.00887261
0.00879275
0.0087176
0.00863742
0.00853718
0.00839193
0.00991146
0.00980451
0.00970816
0.0096216
0.00954169
0.00946177
0.00937325
0.00925957
0.0105416
0.0104356
0.0103383
0.0102495
0.0101677
0.0100884
0.010007
0.00991346
0.0109891
0.0108872
0.0107922
0.0107043
0.0106225
0.0105444
0.0104671
0.0103857
0.0112728
0.0111775
0.0110872
0.0110022
0.0109217
0.0108447
0.0107696
0.0106945
0.0114048
0.0113182
0.0112336
0.0111516
0.0110724
0.0109958
0.0109213
0.0108483
0.0294045
0.0315253
0.0329429
0.0333509
0.0321946
0.0293241
0.0245684
0.0173791
0.00678609
-0.0086081
-0.0307538
-0.0623947
-0.107991
-0.170776
-0.228953
0.00389248
0.00328813
0.00047717
-0.00380865
-0.00945753
-0.0168455
-0.026555
-0.0393916
-0.0564574
-0.0792582
-0.109877
-0.15106
-0.20731
-0.282397
-0.346569
-0.0216357
-0.0250891
-0.0319356
-0.040431
-0.0502008
-0.0618597
-0.0762464
-0.0943037
-0.117216
-0.146586
-0.184667
-0.234298
-0.298903
-0.384852
-0.447811
-0.0480642
-0.054559
-0.0646753
-0.0763373
-0.0894534
-0.104856
-0.123433
-0.146121
-0.174127
-0.20908
-0.253264
-0.310045
-0.381349
-0.47077
-0.530936
-0.0743552
-0.0840246
-0.0966822
-0.110762
-0.126646
-0.145277
-0.167437
-0.193953
-0.226106
-0.265536
-0.314224
-0.375948
-0.451447
-0.538979
-0.594516
-0.0991077
-0.112092
-0.126802
-0.142892
-0.161211
-0.182605
-0.207731
-0.237278
-0.272526
-0.315072
-0.367034
-0.430995
-0.507055
-0.589469
-0.638196
-0.121657
-0.137618
-0.153887
-0.172039
-0.192717
-0.216494
-0.243967
-0.275876
-0.313268
-0.357623
-0.410834
-0.474516
-0.547878
-0.621924
-0.663113
-0.14321
-0.159752
-0.177933
-0.198286
-0.22118
-0.247033
-0.276377
-0.309906
-0.348483
-0.393363
-0.446018
-0.507229
-0.574672
-0.637086
-0.671584
0.183099
0.197773
0.214208
0.232798
0.253603
0.27654
0.301527
0.328521
0.35744
0.388033
0.419715
0.451309
0.480807
0.504155
0.523359
0.17787
0.191522
0.207095
0.224947
0.244995
0.267052
0.291007
0.316813
0.344381
0.37343
0.403328
0.43283
0.459837
0.480318
0.496695
0.168462
0.180307
0.194372
0.210912
0.229573
0.249982
0.271949
0.295398
0.320196
0.34599
0.372048
0.397007
0.418577
0.432882
0.443344
0.154854
0.164312
0.176408
0.191111
0.207711
0.225644
0.244675
0.264698
0.285502
0.306597
0.327068
0.345354
0.358856
0.36382
0.365883
0.137153
0.143872
0.153788
0.166364
0.180389
0.195108
0.210281
0.225814
0.241444
0.256528
0.269932
0.279834
0.283259
0.276312
0.267888
0.115592
0.119219
0.126776
0.136976
0.148052
0.159104
0.169883
0.180264
0.189881
0.197932
0.203067
0.203216
0.195032
0.174413
0.153155
0.0907969
0.0917303
0.0971241
0.104452
0.111785
0.118444
0.124288
0.129084
0.132229
0.132696
0.128904
0.118521
0.0978668
0.0627898
0.0278346
0.0618593
0.0615188
0.0657263
0.0700929
0.0732336
0.0750109
0.0754712
0.0742578
0.0705437
0.0630711
0.0500432
0.0288576
-0.00455234
-0.0540688
-0.101984
0.0250512
0.0294571
0.0257738
0.0296915
0.0272189
0.0315078
0.0297331
0.0340825
0.0334392
0.0378522
0.0385749
0.0433607
0.0457813
0.0513613
0.0559873
0.0631149
0.0704689
0.0802999
0.091253
0.105098
0.120894
0.140333
0.162698
0.0250441
0.0294112
0.0257711
0.0296378
0.0272148
0.0314398
0.0297157
0.0339954
0.0334148
0.0377227
0.038504
0.0432347
0.0456137
0.0511405
0.0557451
0.0627156
0.0700136
0.0797537
0.0902594
0.103805
0.118879
0.137718
0.158877
0.0250474
0.0293399
0.0257865
0.0295553
0.0272393
0.0313382
0.0297369
0.0338744
0.033411
0.0375621
0.0384691
0.0430736
0.0454594
0.0508179
0.0553998
0.0622522
0.0692195
0.0786049
0.0885477
0.101626
0.115517
0.133273
0.152106
0.0250598
0.0292452
0.0258185
0.0294485
0.0272741
0.0312069
0.0297862
0.0337292
0.03345
0.0373829
0.0384588
0.0429182
0.0453468
0.0506567
0.0551751
0.0618076
0.0685224
0.0777628
0.0867978
0.0991848
0.111249
0.127183
0.142326
0.0250801
0.029131
0.0258602
0.0293224
0.0274002
0.0310519
0.0298511
0.0335643
0.0335021
0.0371735
0.0384494
0.0426848
0.0451296
0.0501832
0.0546481
0.0609462
0.0673261
0.0759558
0.0840562
0.0953559
0.105314
0.118888
0.129348
0.0251062
0.0290005
0.025918
0.0291789
0.0274604
0.0308849
0.0299323
0.0334052
0.0335871
0.037005
0.0385149
0.0425745
0.0451278
0.0501812
0.0544744
0.0607125
0.0666189
0.0748473
0.0816955
0.0916555
0.0986591
0.108967
0.113353
0.0251389
0.028856
0.0259761
0.0290257
0.0275389
0.0307075
0.0300061
0.0332192
0.0336353
0.0367787
0.038474
0.0422566
0.0448279
0.0496243
0.0537623
0.0594016
0.0649627
0.072029
0.077961
0.0859318
0.0904189
0.0967272
0.0947424
0.0251728
0.0287039
0.0260363
0.0288719
0.0276269
0.0305601
0.0301144
0.0331072
0.033767
0.0367376
0.0386574
0.0423376
0.0450357
0.049898
0.0537075
0.0594456
0.0643612
0.0708738
0.0750294
0.0808489
0.0811256
0.0824893
0.0722809
0.0252087
0.0284979
0.0261194
0.0286423
0.0277159
0.0302683
0.0301584
0.0328104
0.0337555
0.0363136
0.0384282
0.0416577
0.0443249
0.0486109
0.0521572
0.0566738
0.0610339
0.0649724
0.0680467
0.069481
0.0670603
0.0601424
0.044048
0.0252621
0.0282104
0.026227
0.0283188
0.0277966
0.0298537
0.0301646
0.0321744
0.0335351
0.0355643
0.0377694
0.0403856
0.0429468
0.0463178
0.04937
0.0523937
0.055557
0.0571265
0.0582488
0.0560587
0.0517169
0.0420949
0.0292002
0.0253403
0.0278506
0.0263578
0.0279241
0.0279054
0.0293526
0.0301488
0.0315665
0.0332497
0.0347862
0.0370089
0.0390292
0.0414051
0.0438738
0.0462696
0.0480538
0.0497962
0.0497012
0.0487027
0.0447663
0.0387922
0.0293294
0.0174551
0.0254435
0.0274091
0.0265158
0.0274736
0.0279797
0.0288846
0.0300324
0.0309963
0.0327991
0.0339603
0.0360501
0.037552
0.0395966
0.0412075
0.0428159
0.0435879
0.0438446
0.0425068
0.0398984
0.0349693
0.0283082
0.0193841
0.00885471
0.0255759
0.0268791
0.0266522
0.0270748
0.0279419
0.0284586
0.0298021
0.0304311
0.0321762
0.0330805
0.0348422
0.0359587
0.0374983
0.0383822
0.0391178
0.0390493
0.0380579
0.0357769
0.0322273
0.0269526
0.0203513
0.0122239
0.00300742
0.0257317
0.0263338
0.026685
0.0267293
0.0278194
0.0280486
0.0294442
0.029847
0.0313858
0.0321214
0.0334352
0.0342176
0.035194
0.0354014
0.0353625
0.0345721
0.0327145
0.0298127
0.025911
0.0207289
0.0145639
0.00733735
-0.00078742
0.0258619
0.0258172
0.026613
0.0264258
0.0275924
0.0276491
0.0289427
0.0292357
0.0304583
0.031051
0.0318796
0.0323303
0.032763
0.0323574
0.0317007
0.0303571
0.0279905
0.0247988
0.0208738
0.0160597
0.0105122
0.00419987
-0.00289154
0.0259447
0.0253468
0.0264396
0.026149
0.0272512
0.0272449
0.0283136
0.0285622
0.0294262
0.0298538
0.0302253
0.0303299
0.0302863
0.0293877
0.0282678
0.0265546
0.0239826
0.0207574
0.0170065
0.0126976
0.00785314
0.00246601
-0.0035537
0.0259537
0.0249432
0.0261534
0.0258841
0.0268039
0.0268175
0.0275871
0.0277908
0.0283184
0.0285387
0.0285151
0.0282869
0.0278515
0.0266034
0.0251711
0.0232722
0.0207014
0.0176292
0.0141904
0.0104407
0.00633634
0.00186257
-0.00311865
0.0258713
0.0246166
0.0257561
0.0256112
0.0262692
0.0263295
0.0268024
0.0269185
0.0271522
0.0271412
0.0267962
0.0262841
0.0255461
0.0240894
0.0224949
0.0205591
0.0181225
0.0153225
0.012285
0.00910317
0.00571086
0.00207216
-0.00197346
0.0256851
0.0243645
0.0252681
0.0252974
0.0256905
0.0257562
0.0259799
0.0259612
0.0259436
0.0257053
0.0251175
0.0243915
0.0234445
0.0219067
0.0202716
0.0184069
0.0161889
0.0137266
0.0111257
0.00848338
0.00572878
0.00281371
-0.0004265
0.0253917
0.0241709
0.0247258
0.0248853
0.0250922
0.0251052
0.0251295
0.0249534
0.0247229
0.0242864
0.0235304
0.0226621
0.0216047
0.0200808
0.0184931
0.0167735
0.0148198
0.0127142
0.0105397
0.0083824
0.0061767
0.00386904
0.00130524
0.0249992
0.0240041
0.0241896
0.0243474
0.0244635
0.0243986
0.0242585
0.0239329
0.0235282
0.0229401
0.0220808
0.0211387
0.0200469
0.0186038
0.017128
0.0155952
0.0139181
0.0121545
0.0103681
0.00862891
0.00687959
0.00506756
0.00305995
0.024528
0.0238028
0.0237047
0.0237351
0.0237855
0.0236391
0.0233734
0.0229329
0.0223978
0.0217071
0.0208023
0.0198387
0.0187686
0.0174524
0.016128
0.0147943
0.0133818
0.0119276
0.0104784
0.00908644
0.00770376
0.00628334
0.00471709
0.0240062
0.0235002
0.0232581
0.0231459
0.0230774
0.0228458
0.0224879
0.0219713
0.0213578
0.0206133
0.0197064
0.0187637
0.0177555
0.0165885
0.015431
0.0142911
0.0131175
0.0119318
0.0107661
0.00965646
0.0085656
0.00745299
0.00623324
0.0234637
0.0231084
0.02282
0.0225802
0.0223715
0.0220552
0.0216277
0.0210661
0.0204177
0.0196645
0.0187941
0.0179058
0.0169838
0.0159687
0.0149761
0.0140137
0.0130444
0.0120809
0.011145
0.0102604
0.00939806
0.00852571
0.00757921
0.0229216
0.0226539
0.022353
0.0220282
0.0217004
0.0213056
0.0208237
0.0202397
0.0195884
0.0188609
0.0180555
0.0172459
0.0164239
0.0155537
0.0147122
0.0139035
0.0131004
0.0123121
0.0115549
0.0108444
0.010159
0.00947407
0.00874142
0.0223928
0.0221695
0.0218617
0.0214886
0.0210807
0.0206231
0.0201023
0.0195113
0.0188752
0.0181921
0.0174658
0.0167472
0.0160317
0.0152963
0.0145886
0.013909
0.0132378
0.0125833
0.0119595
0.0113788
0.0108273
0.0102855
0.00971874
0.0218881
0.0216849
0.0213716
0.0209733
0.0205212
0.0200248
0.0194825
0.0188971
0.0182875
0.0176569
0.0170111
0.016381
0.0157621
0.0151384
0.014538
0.0139607
0.0133959
0.0128491
0.0123306
0.0118501
0.0113992
0.0109652
0.0105248
0.0214229
0.0212283
0.0209119
0.0205031
0.0200315
0.0195181
0.0189718
0.0184024
0.0178258
0.0172479
0.0166731
0.0161181
0.0155778
0.015042
0.0145265
0.0140321
0.0135533
0.0130937
0.0126592
0.0122563
0.011881
0.0115261
0.0111777
0.0210212
0.0208321
0.0205157
0.020105
0.0196296
0.0191142
0.0185744
0.0180244
0.0174783
0.0169426
0.0164212
0.0159217
0.0154412
0.0149735
0.0145268
0.0141016
0.0136951
0.0133079
0.0129419
0.0125993
0.0122797
0.0119813
0.0116983
0.0207106
0.0205237
0.0202103
0.0198044
0.019334
0.0188257
0.0182985
0.0177691
0.0172493
0.0167454
0.0162603
0.0157986
0.0153593
0.014939
0.0145394
0.0141605
0.0138012
0.0134618
0.0131428
0.0128453
0.0125686
0.0123125
0.0120752
0.0205428
0.0203597
0.0200452
0.019637
0.0191658
0.0186582
0.0181351
0.0176131
0.0171043
0.0166164
0.0161539
0.015719
0.0153096
0.0149214
0.0145519
0.0142014
0.0138709
0.0135614
0.0132742
0.0130099
0.0127683
0.0125491
0.0123525
0.0253193
0.00298491
-0.0228825
-0.0465975
-0.0686027
-0.0893782
-0.108534
-0.124759
0.0145551
-0.00626797
-0.0308399
-0.0517092
-0.0678446
-0.081751
-0.0939543
-0.10404
0.00554597
-0.0106243
-0.0309173
-0.0475616
-0.0588899
-0.0680424
-0.0763233
-0.0835303
-0.00131657
-0.0142183
-0.0304387
-0.043796
-0.0523273
-0.0583686
-0.0634578
-0.0677277
-0.00572928
-0.0158574
-0.0280308
-0.0379338
-0.0440641
-0.0478874
-0.0509237
-0.0535448
-0.00850231
-0.016356
-0.0247429
-0.031661
-0.0361744
-0.0388126
-0.0406903
-0.0421932
-0.00964905
-0.015629
-0.0209584
-0.0253461
-0.0285286
-0.030459
-0.0316937
-0.0325271
-0.00926017
-0.0137193
-0.0169364
-0.0195277
-0.0216655
-0.0231189
-0.0240172
-0.0245001
-0.00781204
-0.0110971
-0.0129379
-0.0143494
-0.01571
-0.0167779
-0.0174571
-0.0177651
-0.0057587
-0.00816339
-0.00913732
-0.00979978
-0.0106052
-0.0113589
-0.0118753
-0.012094
-0.00343624
-0.0051879
-0.00563324
-0.00584051
-0.00626979
-0.00678421
-0.00717897
-0.00735138
-0.00105694
-0.0023261
-0.002465
-0.0024156
-0.00260228
-0.00293792
-0.00323309
-0.00337175
0.00123464
0.000325905
0.000352992
0.000528987
0.00048411
0.000270416
4.75709e-05
-7.64126e-05
0.00332226
0.00267974
0.00278945
0.00302452
0.00307072
0.00294738
0.00277897
0.00265988
0.00517239
0.00471976
0.00486069
0.005109
0.00520524
0.00514063
0.00500763
0.00488764
0.00677929
0.00646255
0.00660251
0.00682781
0.00693349
0.00689904
0.00678962
0.00667088
0.00814323
0.00792232
0.00804299
0.00822676
0.00831776
0.00829346
0.00819833
0.00808286
0.00927462
0.00911985
0.00921259
0.00934821
0.00941203
0.00938406
0.0092947
0.00918202
0.0101944
0.0100816
0.0101422
0.0102295
0.0102619
0.0102235
0.010135
0.0100248
0.0109255
0.0108337
0.0108587
0.0109
0.0109011
0.0108499
0.0107603
0.0106525
0.0114961
0.011407
0.0113908
0.0113853
0.0113545
0.0112898
0.011199
0.0110952
0.0119024
0.0118054
0.011748
0.0116982
0.0116373
0.0115598
0.0114689
0.0113712
0.0121973
0.0120767
0.0119639
0.0118605
0.0117643
0.0116724
0.0115822
0.011493
-0.402481
-0.413723
-0.429743
-0.450361
-0.476818
-0.510181
-0.545371
-0.575302
-0.400938
-0.41092
-0.424638
-0.442251
-0.464269
-0.491018
-0.52091
-0.54715
-0.394867
-0.405251
-0.417932
-0.43339
-0.452612
-0.473652
-0.492027
-0.503317
-0.3861
-0.39752
-0.409498
-0.42193
-0.434728
-0.445838
-0.451848
-0.450006
-0.377018
-0.388335
-0.397766
-0.404734
-0.409408
-0.411078
-0.407987
-0.398072
-0.369395
-0.37793
-0.382349
-0.38288
-0.380639
-0.37567
-0.366747
-0.35196
-0.364174
-0.366813
-0.364629
-0.359203
-0.351879
-0.342539
-0.329908
-0.312197
-0.360882
-0.35521
-0.346067
-0.335742
-0.324682
-0.312441
-0.297401
-0.277971
-0.357639
-0.342732
-0.32752
-0.313272
-0.2995
-0.285236
-0.268667
-0.248298
-0.352145
-0.328942
-0.30913
-0.291905
-0.276199
-0.260585
-0.243128
-0.222424
-0.342716
-0.313506
-0.290737
-0.271334
-0.254533
-0.238053
-0.220292
-0.199709
-0.328379
-0.296681
-0.271776
-0.251493
-0.234066
-0.217323
-0.199698
-0.179654
-0.311382
-0.277758
-0.252348
-0.232038
-0.214522
-0.198131
-0.180979
-0.161883
-0.288943
-0.256411
-0.232414
-0.212808
-0.196065
-0.180157
-0.163909
-0.145935
-0.262665
-0.235019
-0.21197
-0.19455
-0.178045
-0.16298
-0.147629
-0.1314
-0.440023
-0.43758
-0.433386
-0.426522
-0.417598
-0.408269
-0.40059
-0.39787
-0.440318
-0.435434
-0.429181
-0.421186
-0.41242
-0.40433
-0.398234
-0.396362
-0.440862
-0.434817
-0.427065
-0.417075
-0.40629
-0.396843
-0.390384
-0.389221
-0.444305
-0.437169
-0.427455
-0.414192
-0.399254
-0.38624
-0.378184
-0.378008
-0.451349
-0.44346
-0.43153
-0.414246
-0.39395
-0.376099
-0.366015
-0.367015
-0.462522
-0.454514
-0.440357
-0.418777
-0.392845
-0.370007
-0.358106
-0.35994
-0.478336
-0.470803
-0.454887
-0.42892
-0.397628
-0.370679
-0.357746
-0.358347
-0.49921
-0.493683
-0.475881
-0.445422
-0.409465
-0.379786
-0.365643
-0.362221
-0.524944
-0.522757
-0.503341
-0.468291
-0.428442
-0.39694
-0.379852
-0.36922
-0.554811
-0.557026
-0.536097
-0.496615
-0.453918
-0.420629
-0.396609
-0.375061
-0.587376
-0.594741
-0.571956
-0.527719
-0.482887
-0.444922
-0.411039
-0.376927
-0.620278
-0.632873
-0.609209
-0.560071
-0.51273
-0.46684
-0.419393
-0.370877
-0.651024
-0.667297
-0.640053
-0.589606
-0.535404
-0.477817
-0.416509
-0.357356
-0.675503
-0.69505
-0.664925
-0.611043
-0.547323
-0.476556
-0.404028
-0.338383
-0.691351
-0.710923
-0.676692
-0.61481
-0.538117
-0.454771
-0.378491
-0.315256
-0.682893
-0.705718
-0.661824
-0.582131
-0.49023
-0.398504
-0.332079
-0.292656
-0.560843
-0.584254
-0.551815
-0.490681
-0.423159
-0.357794
-0.310937
-0.278729
-0.388648
-0.406415
-0.390878
-0.356936
-0.321361
-0.288207
-0.264446
-0.244832
-0.266666
-0.261252
-0.250593
-0.237996
-0.225927
-0.21209
-0.204063
-0.200152
-0.216933
-0.19648
-0.181427
-0.169176
-0.160083
-0.153726
-0.149365
-0.151353
-0.219118
-0.175253
-0.144285
-0.130242
-0.125883
-0.123397
-0.118256
-0.121558
-0.224164
-0.157762
-0.106137
-0.084709
-0.0863835
-0.091112
-0.0911711
-0.0876282
-0.194431
-0.147318
-0.102318
-0.0739865
-0.0707415
-0.0816043
-0.0908907
-0.0819462
-0.161521
-0.141263
-0.121594
-0.105779
-0.101912
-0.112092
-0.114996
-0.114498
-0.141864
-0.139209
-0.137496
-0.135321
-0.132807
-0.137228
-0.136023
-0.138607
-0.133027
-0.136076
-0.140307
-0.145355
-0.143675
-0.139524
-0.124455
-0.110145
-0.115684
-0.12738
-0.142413
-0.158948
-0.167365
-0.163104
-0.149848
-0.130614
-0.11592
-0.13243
-0.152388
-0.173673
-0.184912
-0.183947
-0.175566
-0.145633
-0.130217
-0.135615
-0.143422
-0.151965
-0.160211
-0.160608
-0.161379
-0.142776
-0.151249
-0.149879
-0.147745
-0.144589
-0.141666
-0.136148
-0.132967
-0.12318
-0.141135
-0.142306
-0.141334
-0.137156
-0.130844
-0.122581
-0.115882
-0.106758
-0.119087
-0.121501
-0.122322
-0.120848
-0.116532
-0.108551
-0.097572
-0.0856607
-0.113916
-0.122533
-0.130114
-0.135932
-0.13906
-0.138251
-0.132766
-0.122242
-0.140838
-0.149535
-0.156418
-0.161504
-0.16401
-0.163167
-0.159343
-0.151996
-0.147786
-0.153689
-0.15837
-0.162166
-0.164434
-0.166035
-0.164314
-0.164471
-0.136784
-0.138504
-0.138379
-0.137927
-0.136504
-0.135823
-0.13259
-0.131571
-0.110309
-0.098861
-0.0877449
-0.0777145
-0.069181
-0.0634227
-0.058674
-0.0575873
-0.13207
-0.113926
-0.0950967
-0.0771136
-0.0606987
-0.0466296
-0.0354769
-0.0267636
-0.124881
-0.114365
-0.102701
-0.0901744
-0.0772633
-0.0645967
-0.0529047
-0.0422601
-0.138971
-0.13336
-0.124649
-0.112902
-0.0986672
-0.0825791
-0.0633881
-0.0432888
-0.201361
-0.220324
-0.23444
-0.242293
-0.24372
-0.238486
-0.227985
-0.213166
-0.231899
-0.254933
-0.269663
-0.276032
-0.273568
-0.263723
-0.247807
-0.229613
-0.120458
-0.108383
-0.0959832
-0.0855712
-0.0773059
-0.0716741
-0.0664012
-0.0649985
-0.0923501
-0.0772738
-0.0616214
-0.0468351
-0.0335965
-0.0231018
-0.0176111
0.0136344
-0.0704106
-0.0682922
-0.0646462
-0.0598131
-0.0541321
-0.0479302
-0.041145
-0.0334342
-0.0462702
-0.0547313
-0.056055
-0.0561765
-0.0548108
-0.0538336
-0.050346
-0.0457739
-0.026029
-0.0259307
-0.0256309
-0.0252048
-0.0246302
-0.0239995
-0.0231356
-0.0223668
-0.0117348
-0.0107618
-0.0098876
-0.0091512
-0.00857409
-0.00818774
-0.00797561
-0.00791019
-0.00968422
-0.00950618
-0.00929356
-0.00905344
-0.00879581
-0.00853267
-0.00827376
-0.00801481
-0.00757588
-0.00771813
-0.00779902
-0.00781332
-0.00775743
-0.0076419
-0.00746319
-0.00723981
-0.00436412
-0.0043661
-0.00436073
-0.00434854
-0.00432716
-0.0042996
-0.00425768
-0.00422345
-0.0022358
-0.00220212
-0.00217217
-0.00214531
-0.00212155
-0.00210736
-0.00209528
-0.00209314
-0.000800248
-0.000797765
-0.000793971
-0.000788894
-0.000781725
-0.000773797
-0.00076394
-0.00075421
-0.254671
-0.187498
-0.146836
-0.112728
-0.0831414
-0.0620355
-0.0449913
-0.0313981
-0.0211183
-0.013111
-0.00678938
-0.00195318
0.00182024
0.00478333
0.00707669
0.00886793
0.0102432
0.0112884
0.0120738
0.0126485
0.0130471
0.0133007
0.0134248
-0.251212
-0.190043
-0.152378
-0.116593
-0.0874133
-0.0656131
-0.0477587
-0.0339307
-0.0232647
-0.0148601
-0.00825892
-0.00314408
0.000854591
0.00400214
0.00646259
0.00838697
0.00986912
0.0109998
0.0118484
0.0124688
0.0128982
0.0131708
0.0133043
-0.216395
-0.162234
-0.134929
-0.10352
-0.0792746
-0.0601453
-0.0443313
-0.0319938
-0.0222166
-0.0143923
-0.00819285
-0.00325517
0.000632366
0.00373326
0.00619654
0.00813404
0.00964225
0.0108003
0.0116726
0.0123127
0.0127575
0.0130408
0.01318
-0.171367
-0.126559
-0.107738
-0.0800264
-0.0628272
-0.0479509
-0.035761
-0.0261665
-0.018321
-0.011915
-0.00668222
-0.00235933
0.00113668
0.00397588
0.00628009
0.00811956
0.00957392
0.0107011
0.0115576
0.0121899
0.0126317
0.0129143
0.0130538
-0.128512
-0.092792
-0.0782926
-0.0550466
-0.0437089
-0.0331385
-0.0249052
-0.0184579
-0.0129601
-0.00829937
-0.00427329
-0.000803801
0.00212783
0.00458222
0.00662548
0.0082934
0.00963357
0.0106852
0.011493
0.0120943
0.012518
0.0127908
0.0129262
-0.0985403
-0.068382
-0.052968
-0.0326244
-0.025515
-0.0181132
-0.0137046
-0.010272
-0.00718858
-0.0043172
-0.00156151
0.000995129
0.00331359
0.00534605
0.00708888
0.00855421
0.00975354
0.0107102
0.0114544
0.0120138
0.0124113
0.0126692
0.012798
-0.0673179
-0.0433751
-0.0263599
-0.00987439
-0.00655997
-0.00283363
-0.0024907
-0.00210247
-0.0014191
-0.000292052
0.00119488
0.00284327
0.00453696
0.0061337
0.00757742
0.00883364
0.00988607
0.0107432
0.01142
0.0119351
0.012305
0.0125469
0.0126686
-0.0421075
-0.0145862
0.0102004
0.0196736
0.0171632
0.0139339
0.00908569
0.00593921
0.00412659
0.00357524
0.00385258
0.00466887
0.0057559
0.00692098
0.00806749
0.00911261
0.0100198
0.0107778
0.0113872
0.0118574
0.0121991
0.0124246
0.0125389
-0.0593771
-0.00403675
0.0431669
0.0446065
0.03829
0.0287919
0.0197161
0.0133716
0.009324
0.00724092
0.00641777
0.00645505
0.00697218
0.00773852
0.00859206
0.00942343
0.01018
0.010832
0.0113681
0.011789
0.0120981
0.0123039
0.0124088
-0.0811271
0.00109265
0.0541587
0.0575781
0.0489381
0.0369629
0.0261889
0.0184602
0.01325
0.0102132
0.0087169
0.00814674
0.00818853
0.00858775
0.00915485
0.00977314
0.0103734
0.010911
0.0113656
0.0117296
0.0120015
0.0121844
0.0122782
-0.0715555
-0.00747482
0.0376493
0.0486965
0.0436836
0.034889
0.0264176
0.019981
0.0152809
0.0122594
0.0104612
0.0095848
0.00930026
0.0094047
0.00971934
0.0101391
0.0105841
0.0110043
0.0113741
0.0116782
0.0119087
0.0120656
0.0121466
-0.104969
-0.0620156
-0.0180007
0.0112586
0.0222113
0.0235274
0.0213711
0.0181596
0.0154114
0.013259
0.0117273
0.0107923
0.0102934
0.0101621
0.0102569
0.0104942
0.0107915
0.0110968
0.0113809
0.0116235
0.0118132
0.0119446
0.0120133
-0.136745
-0.11268
-0.068264
-0.0220178
-0.00139047
0.010679
0.0145612
0.0153392
0.0148703
0.0136086
0.0126097
0.0117725
0.01119
0.0108912
0.0107889
0.01085
0.0110044
0.011197
0.0113961
0.0115761
0.0117211
0.0118239
0.0118783
-0.13608
-0.103538
-0.0691391
-0.0345533
-0.0123142
0.00214596
0.00977217
0.0134626
0.0146135
0.0142084
0.0136413
0.012745
0.0120822
0.0116229
0.0113491
0.0112408
0.0112483
0.0113206
0.0114252
0.011535
0.011631
0.0117023
0.0117408
-0.108191
-0.0786902
-0.0544739
-0.0273452
-0.0125559
0.00256684
0.00834714
0.0134366
0.0144994
0.0148997
0.0144989
0.0136976
0.012963
0.01234
0.0119005
0.011634
0.0115002
0.0114549
0.0114654
0.011502
0.011544
0.0115799
0.0116002
-0.088263
-0.0612108
-0.038786
-0.0130975
-0.00152276
0.0118562
0.0148073
0.0183274
0.017264
0.0168515
0.0156188
0.0146073
0.013719
0.012969
0.0124017
0.0119944
0.0117335
0.0115773
0.0114954
0.0114604
0.0114503
0.0114517
0.0114544
-0.0736204
-0.0501693
-0.0275606
-0.00387377
0.010386
0.0199117
0.0220607
0.0229278
0.0205784
0.019103
0.0170789
0.0156338
0.0144172
0.0135004
0.0128076
0.0122924
0.011928
0.0116765
0.0115123
0.0114102
0.0113492
0.0113166
0.0113016
-0.109303
-0.0860652
-0.050361
-0.0152372
0.0170968
0.0252329
0.0269923
0.0247953
0.0217414
0.0195975
0.0176044
0.0161589
0.0149233
0.0139541
0.0131699
0.0125613
0.0121054
0.0117652
0.0115221
0.0113542
0.0112419
0.0111738
0.01114
-0.138652
-0.12597
-0.0863445
-0.0441624
0.0106209
0.0179024
0.0232159
0.0219997
0.0203399
0.0186389
0.0171625
0.016015
0.0150254
0.014175
0.0134194
0.0127789
0.012251
0.0118333
0.011515
0.0112826
0.0111209
0.0110186
0.0109667
-0.151341
-0.134841
-0.0961375
-0.0543286
-0.0161675
0.000793732
0.010716
0.0148564
0.0163144
0.0165178
0.0160941
0.0155433
0.0148635
0.0141735
0.0134991
0.0128706
0.0123119
0.0118441
0.0114695
0.0111854
0.0109801
0.0108467
0.0107781
-0.121526
-0.103322
-0.0696219
-0.0372025
-0.0150711
-0.00389845
0.00471411
0.0102331
0.0133743
0.0148633
0.0152981
0.0152363
0.0147922
0.014207
0.0135606
0.0129145
0.0123219
0.011807
0.0113827
0.011053
0.0108114
0.0106515
0.0105689
-0.0554051
-0.0374236
-0.0168166
-0.00490024
-0.00223299
-0.000195077
0.00489168
0.00941153
0.0124208
0.0141107
0.014841
0.0150723
0.0147087
0.0142237
0.013583
0.0129175
0.0122922
0.0117326
0.0112656
0.0108954
0.0106186
0.0104334
0.0103367
-0.0230728
-0.0151665
-0.00978751
0.00146295
-0.0017161
0.00276666
0.008031
0.0128494
0.0139478
0.0154927
0.0152267
0.0155026
0.0147918
0.0142597
0.0135262
0.0128336
0.0121719
0.0115818
0.0110846
0.0106851
0.010385
0.0101817
0.0100751
-0.0351004
-0.0214915
-0.0114584
0.000170613
0.00645946
0.0126665
0.0161103
0.0185374
0.018468
0.0184074
0.0169957
0.0166235
0.0153399
0.014459
0.013519
0.012718
0.0119902
0.0113685
0.0108454
0.0104261
0.0101089
0.00989267
0.00977894
-0.0348766
-0.0177481
-0.00117363
0.0138679
0.0233691
0.0264241
0.0269242
0.0246808
0.0223971
0.0205357
0.0185826
0.0170887
0.0155995
0.0144352
0.0133632
0.0124803
0.0117132
0.0110701
0.0105347
0.0101084
0.00978352
0.00956112
0.00944344
-0.188361
-0.149067
-0.0991306
-0.0472342
-0.000736103
0.0244182
0.032055
0.0254195
0.0229315
0.0203185
0.0183392
0.0166939
0.0152606
0.0140292
0.0129646
0.0120617
0.0113031
0.0106643
0.0101392
0.00971806
0.00939868
0.00917881
0.00906221
-0.201231
-0.174303
-0.122409
-0.0636624
-0.0115503
0.0169157
0.0234584
0.0221522
0.0208198
0.019007
0.0172539
0.0157406
0.014424
0.0133038
0.0123151
0.0114688
0.0107524
0.0101493
0.0096551
0.0092573
0.00895345
0.00874294
0.00863062
-0.0612547
-0.043033
-0.0186698
0.00387836
0.0200268
0.0268462
0.0248284
0.0216647
0.0193342
0.0180604
0.0160679
0.0147023
0.0133643
0.0123489
0.0114252
0.0106845
0.0100398
0.00950545
0.00906243
0.00870753
0.00843553
0.00824556
0.0081437
0.00814145
0.0115142
0.00533321
0.021999
0.0211875
0.0209665
0.018752
0.0184171
0.0167864
0.0158313
0.0145027
0.0133095
0.0121267
0.0112035
0.0103861
0.00974801
0.00919924
0.00875242
0.00838028
0.008081
0.00784866
0.00768547
0.00759726
-0.0264097
-0.0178073
-0.00922872
-0.00015413
0.00685885
0.0109102
0.0121173
0.0114402
0.010969
0.0107469
0.0105146
0.0102281
0.00978928
0.00936009
0.00890698
0.00851133
0.00815346
0.00784624
0.00758205
0.00736315
0.00718764
0.0070609
0.00699106
-0.0390621
-0.03374
-0.0216525
-0.0139527
-0.0062905
-0.0017781
0.000888721
0.00212401
0.00350598
0.00468403
0.00562991
0.00632731
0.00674693
0.00700413
0.00705322
0.00703276
0.00693371
0.00681395
0.0066835
0.00655966
0.00645211
0.00636922
0.00632214
-0.0206178
-0.0179663
-0.01483
-0.0118972
-0.00899395
-0.00666182
-0.00474603
-0.00301061
-0.0011924
0.000425216
0.00183795
0.00302679
0.00394864
0.00467063
0.00513668
0.00546101
0.00562099
0.00570222
0.00571579
0.00569551
0.00565763
0.00562023
0.00559615
-0.00805126
-0.00791826
-0.00796975
-0.00795572
-0.00759884
-0.00678658
-0.00554379
-0.00410383
-0.00263037
-0.00134478
-0.000164438
0.000919692
0.00188326
0.00274181
0.00341458
0.00394499
0.00430057
0.004547
0.00468993
0.0047703
0.0048051
0.00481562
0.00481606
-0.00771593
-0.00730466
-0.00690883
-0.00643647
-0.00583397
-0.00509986
-0.00425723
-0.00340909
-0.00250106
-0.00164341
-0.000801835
5.92204e-06
0.000754815
0.00147589
0.0021172
0.00268123
0.00312058
0.0034558
0.00368227
0.00383217
0.00392076
0.00396876
0.00398954
-0.00688649
-0.00639613
-0.00583143
-0.00522422
-0.00461045
-0.00407319
-0.00354574
-0.0030197
-0.00238263
-0.00173028
-0.00107071
-0.000434509
0.00014885
0.000709813
0.00121442
0.00169184
0.00210597
0.00245349
0.00271469
0.00290327
0.00302441
0.00309727
0.00313111
-0.00412501
-0.00396901
-0.00379295
-0.00359696
-0.00337719
-0.00313632
-0.00283222
-0.00245869
-0.00198722
-0.00150741
-0.00101625
-0.000542387
-0.000106534
0.000305977
0.00066121
0.00100138
0.0013066
0.00158393
0.00181608
0.00199841
0.00212657
0.00220867
0.00224821
-0.00207574
-0.00203957
-0.00200482
-0.0019527
-0.00187154
-0.00175084
-0.00157107
-0.00136047
-0.00110836
-0.000866641
-0.000601882
-0.000341138
-9.19686e-05
0.000153401
0.000359521
0.000555916
0.000724893
0.000886844
0.00103291
0.00115721
0.00125257
0.00131752
0.00135018
-0.00073499
-0.000706643
-0.000675936
-0.000639008
-0.000595198
-0.000544191
-0.000482167
-0.000420002
-0.000341907
-0.00027225
-0.000186928
-0.000103717
-2.4687e-05
6.1635e-05
0.000130134
0.000199781
0.000250758
0.000300895
0.000344022
0.000383109
0.000414817
0.000437886
0.000449912
-0.113464
-0.0939324
-0.075437
-0.0602275
-0.0469234
-0.0361651
-0.0267901
-0.0188877
-0.0123692
-0.00689917
-0.00238052
0.00130801
0.00432279
0.0067513
0.00868551
0.0102043
0.0113785
0.0122749
0.012949
0.0134453
0.0137872
0.0139984
0.0140975
-0.125778
-0.102356
-0.0809185
-0.0634843
-0.0490853
-0.0375348
-0.0274131
-0.0190976
-0.0123719
-0.00677553
-0.00223823
0.00142251
0.00439514
0.0067701
0.00865787
0.0101412
0.0112936
0.012178
0.0128465
0.0133415
0.0136857
0.0139021
0.0140062
-0.139463
-0.111878
-0.0867127
-0.0667896
-0.0515027
-0.0391517
-0.0281136
-0.0194387
-0.0124626
-0.00669131
-0.00211349
0.0015448
0.00449226
0.00682051
0.00866342
0.0101078
0.0112336
0.0121007
0.0127591
0.0132493
0.0135927
0.0138115
0.0139187
-0.152298
-0.121217
-0.0928406
-0.0709167
-0.0551298
-0.0413995
-0.0292974
-0.0202921
-0.0129091
-0.00687357
-0.0021868
0.00154252
0.00451315
0.00683084
0.0086554
0.0100761
0.0111834
0.0120355
0.0126841
0.0131681
0.0135084
0.0137269
0.0138351
-0.168595
-0.132111
-0.0990617
-0.0758359
-0.0595136
-0.0436643
-0.0308892
-0.0215479
-0.0136276
-0.00732651
-0.0024874
0.00137204
0.00440326
0.00675061
0.00858974
0.0100118
0.0111178
0.0119648
0.0126095
0.0130898
0.013428
0.0136459
0.0137544
-0.182616
-0.141687
-0.105019
-0.082083
-0.0638505
-0.0458249
-0.0329434
-0.0230067
-0.0145237
-0.00802022
-0.00298674
0.00103336
0.00414473
0.00655853
0.00844089
0.00989201
0.0110173
0.0118743
0.0125253
0.0130087
0.0133482
0.0135671
0.0136761
-0.201449
-0.15117
-0.112498
-0.089619
-0.0678333
-0.0487255
-0.0356326
-0.0246733
-0.0157419
-0.00903108
-0.00371636
0.000479632
0.0037012
0.0062227
0.00817849
0.00969107
0.0108599
0.011747
0.0124191
0.012916
0.013264
0.0134878
0.0135989
-0.222422
-0.163635
-0.124876
-0.0990642
-0.0730058
-0.0537078
-0.0393758
-0.0271833
-0.0178163
-0.0106527
-0.00492887
-0.000489482
0.00294256
0.00564409
0.00773359
0.0093595
0.0106113
0.0115611
0.0122782
0.0128053
0.0131723
0.0134069
0.0135224
0.0454344
0.0220734
-0.000380916
-0.0232511
-0.0471071
-0.070072
-0.0917406
-0.112973
0.0487203
0.0230449
-0.00230775
-0.028324
-0.0549933
-0.0808131
-0.105042
-0.126268
0.0514689
0.0218024
-0.00767582
-0.0370078
-0.0658866
-0.093295
-0.118404
-0.140922
0.0528947
0.0187605
-0.0148553
-0.0472911
-0.0782111
-0.10711
-0.13351
-0.157511
0.0523226
0.0139478
-0.023506
-0.059067
-0.092345
-0.123134
-0.151158
-0.176533
0.0496735
0.00705736
-0.0342643
-0.0732315
-0.109316
-0.142325
-0.17201
-0.198542
0.0448315
-0.00246658
-0.0480529
-0.0908038
-0.130014
-0.165362
-0.196671
-0.224126
0.0372163
-0.0154859
-0.0659137
-0.11284
-0.155388
-0.19309
-0.225919
-0.253997
0.0257518
-0.0332066
-0.0891235
-0.140658
-0.18677
-0.226851
-0.260905
-0.289113
0.00889316
-0.0572645
-0.119382
-0.175974
-0.22587
-0.268315
-0.303182
-0.330756
-0.0154741
-0.0899002
-0.159082
-0.221209
-0.274896
-0.319688
-0.354667
-0.380393
-0.0502702
-0.133993
-0.21124
-0.27987
-0.337742
-0.383576
-0.416933
-0.438694
-0.100321
-0.194243
-0.279218
-0.35423
-0.414919
-0.459881
-0.489025
-0.503172
-0.169266
-0.275718
-0.370709
-0.446845
-0.504127
-0.542477
-0.561606
-0.562517
-0.232001
-0.342799
-0.435497
-0.508207
-0.559665
-0.589941
-0.600754
-0.594993
0.183989
0.180539
0.172942
0.161189
0.145351
0.125771
0.102908
0.0759329
0.198639
0.194224
0.184874
0.170801
0.152369
0.129602
0.104335
0.0764297
0.215048
0.209744
0.19891
0.182879
0.162421
0.137419
0.110106
0.0814388
0.233645
0.227599
0.215488
0.197608
0.175156
0.148043
0.117888
0.0864731
0.254478
0.247693
0.23424
0.214283
0.189285
0.159446
0.125603
0.0900586
0.277425
0.269737
0.254636
0.232196
0.203913
0.170524
0.132394
0.0919731
0.302381
0.293557
0.27639
0.250991
0.218726
0.180959
0.138016
0.0922416
0.329298
0.319102
0.299406
0.270511
0.233618
0.190629
0.142197
0.090481
0.358098
0.346293
0.323561
0.290523
0.248299
0.199155
0.144283
0.0857775
0.388518
0.374826
0.34848
0.310487
0.262051
0.205662
0.143146
0.0767413
0.419959
0.404021
0.373368
0.329402
0.273608
0.208667
0.137064
0.0614055
0.451228
0.432579
0.396777
0.345594
0.281
0.205925
0.123521
0.0369718
0.480302
0.458331
0.416286
0.356292
0.281054
0.193855
0.0985744
-0.000940237
0.503132
0.477281
0.428034
0.357624
0.269676
0.168136
0.0578984
-0.0563707
0.521822
0.492153
0.43613
0.35661
0.257008
0.141806
0.0174939
-0.109641
0.0250679
0.0250944
0.0251309
0.0251763
0.0252296
0.0252853
0.0253574
0.0254195
0.0294769
0.0294703
0.0294381
0.0293823
0.0293065
0.0292121
0.0291025
0.0289852
0.0257946
0.0258331
0.0258928
0.0259621
0.0260519
0.0261424
0.026242
0.0263386
0.029714
0.0297048
0.0296662
0.029601
0.0295131
0.029409
0.0292953
0.0291806
0.0272474
0.027301
0.0273806
0.0274795
0.0275949
0.0277196
0.0278491
0.0279847
0.0315371
0.0315315
0.0314901
0.0314208
0.0313288
0.0312239
0.0311047
0.0310093
0.0297757
0.0298404
0.0299366
0.0300588
0.0302003
0.0303581
0.0305105
0.0306912
0.0341308
0.0341306
0.0340928
0.0340246
0.0339284
0.0338333
0.0337079
0.0336715
0.033478
0.0335464
0.0336574
0.0337886
0.033935
0.0341047
0.0342405
0.0344634
0.0379318
0.0379667
0.0379648
0.037941
0.0378797
0.0378605
0.0377511
0.0378298
0.0386567
0.0387414
0.0388651
0.0390014
0.0391381
0.0393274
0.0394214
0.0397223
0.0434374
0.0434693
0.0434493
0.0434598
0.0433392
0.0434674
0.0432292
0.0436863
0.0459234
0.0460422
0.0461488
0.046315
0.0463973
0.0466519
0.0466591
0.0470498
0.0515242
0.0516257
0.051608
0.0517209
0.0515497
0.0517293
0.0514237
0.0519501
0.0561567
0.0562094
0.0562144
0.0562867
0.0561507
0.0562686
0.0558741
0.0562336
0.0633903
0.0635132
0.0634695
0.0636175
0.0632497
0.0634602
0.0624919
0.0630284
0.0707789
0.0707878
0.0705811
0.0703042
0.0695965
0.0691897
0.0679447
0.0677084
0.0807317
0.0806728
0.0803915
0.0800532
0.0789435
0.0784245
0.0762435
0.075946
0.0917493
0.0914726
0.0907159
0.0895901
0.0877101
0.0858495
0.0828072
0.0803773
0.105678
0.105263
0.104154
0.102451
0.0996211
0.0967134
0.0918841
0.0880836
0.121572
0.120626
0.118584
0.115319
0.110688
0.104995
0.0979433
0.0895909
0.141112
0.139751
0.136743
0.131828
0.12488
0.116274
0.105024
0.092707
0.163558
0.16128
0.156194
0.148084
0.136707
0.122741
0.105685
0.0848731
0.0254951
0.025597
0.0257271
0.0258867
0.0260801
0.0263021
0.0265044
0.0266646
0.0267561
0.0267608
0.0266658
0.0264678
0.026174
0.0258031
0.0253835
0.0249425
0.0244987
0.0240625
0.0236417
0.0232487
0.0229033
0.0226317
0.0224634
0.0288212
0.0285856
0.0282821
0.0279015
0.0274359
0.0269591
0.0265164
0.0261251
0.0258059
0.0255684
0.0254099
0.0253112
0.0252426
0.0251361
0.0249307
0.024633
0.0242719
0.0238758
0.023473
0.023087
0.022745
0.022477
0.0223104
0.0264663
0.0266293
0.0268202
0.0270415
0.0272478
0.0273549
0.0273613
0.0272713
0.0270732
0.0267686
0.0263773
0.0259329
0.0254981
0.0251131
0.0247654
0.0244199
0.0240412
0.0236319
0.023217
0.0228233
0.0224783
0.0222131
0.0220546
0.0289957
0.0287354
0.028408
0.0280307
0.0277087
0.0274434
0.0272244
0.0270359
0.0268642
0.0266879
0.0264744
0.0261632
0.0257275
0.0252195
0.0247329
0.0242638
0.0238007
0.0233406
0.0228954
0.0224862
0.0221346
0.0218706
0.0217236
0.0281275
0.028284
0.0284646
0.028623
0.0286799
0.0286532
0.0285228
0.0282797
0.0279304
0.0274955
0.0270165
0.026517
0.0259854
0.0254031
0.0247868
0.0241681
0.0235767
0.0230296
0.022533
0.0220989
0.0217375
0.0214739
0.0213396
0.0307956
0.0304379
0.0300041
0.029615
0.0292764
0.0289625
0.0286672
0.0283732
0.02806
0.0276824
0.0272192
0.0266747
0.0260679
0.0253998
0.02469
0.0239766
0.0232955
0.0226743
0.0221286
0.0216696
0.0213007
0.0210393
0.0209169
0.0308368
0.0309358
0.0310308
0.0309883
0.0308344
0.0305529
0.0301402
0.029607
0.0289863
0.0283101
0.0275959
0.0268496
0.0260769
0.02528
0.0244728
0.0236807
0.0229337
0.022261
0.0216814
0.0212088
0.0208396
0.0205841
0.0204713
0.0333918
0.0329632
0.0324869
0.0320517
0.0316134
0.0311542
0.0306628
0.0301031
0.0294493
0.0286876
0.0278319
0.0269153
0.0259749
0.0250444
0.0241419
0.0232837
0.0224933
0.021792
0.0211983
0.0207253
0.0203663
0.0201222
0.0200157
0.0345072
0.0344106
0.0342328
0.0339491
0.033499
0.0328747
0.0320874
0.0311796
0.0301819
0.0291164
0.0280006
0.0268606
0.0257336
0.02466
0.0236654
0.0227596
0.0219539
0.0212557
0.0206751
0.0202209
0.0198866
0.0196611
0.0195592
0.0375828
0.0368303
0.0362006
0.0354476
0.0346793
0.0338236
0.0328595
0.0317681
0.0305561
0.0292586
0.0279159
0.0265804
0.0253033
0.0241227
0.0230624
0.0221324
0.0213364
0.0206678
0.020125
0.019707
0.0194103
0.0192074
0.0191096
0.0396473
0.0391196
0.0385328
0.0377404
0.036706
0.0354823
0.0341077
0.0326139
0.0310341
0.02941
0.0277916
0.0262377
0.0248026
0.0235185
0.0224029
0.0214607
0.0206876
0.020064
0.0195726
0.0191988
0.0189443
0.0187645
0.0186722
0.0431406
0.0420961
0.0409706
0.039704
0.0383115
0.036753
0.035011
0.0331211
0.0311543
0.0291911
0.0273079
0.0255734
0.0240265
0.0226922
0.0215763
0.0206719
0.019963
0.0194187
0.0190037
0.0186893
0.0184831
0.0183313
0.0182495
0.0465776
0.0453854
0.0439695
0.0422149
0.0401635
0.0379162
0.0355561
0.0331503
0.0307754
0.0285127
0.026439
0.0246001
0.0230191
0.0217036
0.0206428
0.0198177
0.0192022
0.0187579
0.0184324
0.0181869
0.0180304
0.0179111
0.0178439
0.0507083
0.0486912
0.0465176
0.0441483
0.0415794
0.0388023
0.0359007
0.0330116
0.0302482
0.0277088
0.0254597
0.0235385
0.0219538
0.0206876
0.0197081
0.0189796
0.0184651
0.0181213
0.0178811
0.0177034
0.017593
0.0175082
0.0174579
0.055031
0.052585
0.049779
0.0465301
0.0430253
0.0394137
0.0358205
0.0323837
0.0292384
0.0264675
0.0241121
0.0221845
0.0206649
0.0195112
0.0186695
0.0180819
0.0176978
0.0174701
0.0173258
0.0172245
0.0171649
0.0171213
0.0170915
0.0603999
0.0564586
0.0522735
0.0478807
0.0433538
0.0388685
0.0346367
0.0308062
0.027456
0.0246273
0.022328
0.02053
0.01918
0.0182143
0.0175611
0.0171482
0.0169152
0.0168128
0.0167722
0.0167532
0.0167487
0.0167519
0.016745
0.0647061
0.0598663
0.0545703
0.0489902
0.04341
0.0380618
0.0331886
0.0289466
0.0253964
0.0225491
0.020363
0.0187574
0.0176359
0.0169016
0.0164627
0.0162371
0.0161582
0.0161768
0.0162373
0.0162994
0.0163507
0.0164022
0.0164189
0.0704566
0.0629721
0.0555874
0.0484769
0.0418158
0.0358159
0.0306127
0.026254
0.0227597
0.0200947
0.0181665
0.0168531
0.0160271
0.0155685
0.0153717
0.0153478
0.0154277
0.0155655
0.0157233
0.0158652
0.0159735
0.0160732
0.0161139
0.0738634
0.0647815
0.0556441
0.0470239
0.0392688
0.0326624
0.0272393
0.0229441
0.0196942
0.0173657
0.0158082
0.0148639
0.0143802
0.0142248
0.0142869
0.0144744
0.0147183
0.0149772
0.0152309
0.0154512
0.0156186
0.0157644
0.0158301
0.0774278
0.0641828
0.0529202
0.0431845
0.0349032
0.0281174
0.0227775
0.0187927
0.0160062
0.0142032
0.0131681
0.0127017
0.0126324
0.012825
0.0131741
0.0135913
0.0140126
0.0144029
0.0147574
0.0150577
0.0152869
0.0154755
0.0155675
0.0762436
0.0609852
0.0480507
0.0373658
0.0288513
0.0222993
0.0174342
0.0140489
0.0119163
0.0107734
0.0103591
0.0104404
0.0108315
0.0114018
0.0120549
0.0127116
0.0133187
0.0138487
0.0143078
0.0146888
0.0149802
0.0152084
0.0153269
0.0715368
0.0529934
0.0397157
0.0291426
0.0210702
0.0151445
0.0110816
0.00858848
0.0073393
0.00701571
0.00732841
0.00802802
0.00892743
0.00990984
0.0108911
0.0118051
0.0126126
0.013297
0.0138706
0.0143383
0.0146948
0.0149634
0.0151092
0.0576184
0.0416657
0.0288199
0.0188061
0.0115606
0.00661475
0.00365548
0.00230326
0.00214035
0.00279067
0.00394295
0.00533974
0.0068052
0.00824679
0.00959542
0.0108009
0.0118404
0.0127071
0.0134176
0.0139879
0.0144199
0.0147373
0.0149138
0.0401635
0.0293034
0.0190051
0.00967584
0.00295244
-0.0012411
-0.00324591
-0.00357079
-0.00272958
-0.00115986
0.000795155
0.00286181
0.00486859
0.00674685
0.00844375
0.0099275
0.0111878
0.0122262
0.0130639
0.0137257
0.0142211
0.0145753
0.0147719
0.0190773
0.010512
0.00426871
-0.00182777
-0.00632937
-0.00858932
-0.00892426
-0.00787743
-0.00595092
-0.00354123
-0.000946311
0.00159511
0.0039473
0.00607969
0.00796089
0.0095802
0.0109398
0.0120497
0.0129358
0.0136266
0.0141367
0.0144894
0.0146812
-0.00357919
-0.0125691
-0.0153805
-0.0167628
-0.0165304
-0.0152374
-0.0130457
-0.0102761
-0.00722039
-0.00410057
-0.0010813
0.00169304
0.00415506
0.00632448
0.00819433
0.00977833
0.011093
0.0121581
0.013003
0.0136551
0.0141294
0.0144442
0.0146088
-0.0234453
-0.0311989
-0.0307206
-0.0287819
-0.0249339
-0.0207138
-0.0163574
-0.0120899
-0.00804435
-0.0043047
-0.000922907
0.00205581
0.00461474
0.00679344
0.00861657
0.0101271
0.0113593
0.0123453
0.0131209
0.0137132
0.0141363
0.0144055
0.0145387
-0.0435496
-0.0459528
-0.0407546
-0.036419
-0.0306005
-0.0248304
-0.0191769
-0.0138972
-0.0091054
-0.00483956
-0.00110624
0.00210798
0.00482289
0.00706909
0.00889716
0.0103752
0.0115546
0.0124816
0.0132006
0.0137423
0.0141214
0.0143536
0.0144623
-0.0633296
-0.0596177
-0.0499896
-0.0431375
-0.0354154
-0.0284248
-0.0217887
-0.015736
-0.0103541
-0.00564257
-0.00158486
0.00185453
0.00473143
0.00708001
0.00896163
0.0104539
0.0116211
0.0125222
0.01321
0.0137208
0.0140722
0.0142827
0.0143774
-0.0826704
-0.0729643
-0.0595213
-0.0496779
-0.0397831
-0.0315297
-0.023957
-0.0172433
-0.0114067
-0.00636289
-0.00206614
0.00153184
0.00451893
0.00694694
0.0088826
0.0104038
0.0115798
0.0124775
0.0131544
0.0136523
0.013992
0.0141952
0.014286
-0.0989282
-0.0840052
-0.0682296
-0.0556015
-0.0437727
-0.034232
-0.0256797
-0.0183229
-0.0120976
-0.00679961
-0.00234965
0.0013289
0.00435823
0.00681218
0.00876753
0.0103013
0.0114837
0.0123833
0.0130587
0.0135542
0.0138928
0.014098
0.0141916
)
;

boundaryField
{
    outlet
    {
        type            fixedValue;
        value           uniform 0;
    }
    upperWall
    {
        type            symmetryPlane;
    }
    lowerWall
    {
        type            symmetryPlane;
    }
    inlet
    {
        type            zeroGradient;
    }
    cylinder
    {
        type            zeroGradient;
    }
    frontAndBack
    {
        type            empty;
    }
}


// ************************************************************************* //
