/*--------------------------------*- C++ -*----------------------------------*\
| =========                 |                                                 |
| \\      /  F ield         | OpenFOAM: The Open Source CFD Toolbox           |
|  \\    /   O peration     | Version:  2312                                  |
|   \\  /    A nd           | Website:  www.openfoam.com                      |
|    \\/     M anipulation  |                                                 |
\*---------------------------------------------------------------------------*/
FoamFile
{
    version     2.0;
    format      ascii;
    arch        "LSB;label=32;scalar=64";
    class       volScalarField;
    location    "116.45";
    object      p;
}
// * * * * * * * * * * * * * * * * * * * * * * * * * * * * * * * * * * * * * //

dimensions      [0 2 -2 0 0 0 0];

internalField   nonuniform List<scalar> 
5478
(
-0.380508
-0.379373
-0.373712
-0.365037
-0.355551
-0.347031
-0.340726
-0.336741
-0.333647
-0.329282
-0.321824
-0.309757
-0.295135
-0.275428
-0.25187
-0.39115
-0.388669
-0.383334
-0.375802
-0.366596
-0.356037
-0.34483
-0.333447
-0.321671
-0.309035
-0.295074
-0.280007
-0.263098
-0.243705
-0.224147
-0.406356
-0.401522
-0.395135
-0.387061
-0.375832
-0.361004
-0.343916
-0.326084
-0.308425
-0.291141
-0.27409
-0.256601
-0.238654
-0.220259
-0.201375
-0.425985
-0.418168
-0.409666
-0.39892
-0.382806
-0.362095
-0.339471
-0.317011
-0.295579
-0.275325
-0.255923
-0.237306
-0.219135
-0.201153
-0.184089
-0.451371
-0.439282
-0.42812
-0.411449
-0.387707
-0.360415
-0.332943
-0.306906
-0.28282
-0.260603
-0.240045
-0.220696
-0.202238
-0.184849
-0.167904
-0.483554
-0.465127
-0.448792
-0.422718
-0.389818
-0.356049
-0.32432
-0.295457
-0.26939
-0.245819
-0.224321
-0.204596
-0.186383
-0.169353
-0.153094
-0.518337
-0.494428
-0.467315
-0.429285
-0.387395
-0.347837
-0.312441
-0.281193
-0.253593
-0.229095
-0.207242
-0.187584
-0.169743
-0.153514
-0.138077
-0.548441
-0.520848
-0.479254
-0.42829
-0.378347
-0.333913
-0.295566
-0.262576
-0.234014
-0.209138
-0.187336
-0.168138
-0.151172
-0.135997
-0.122201
-0.431454
-0.432167
-0.432618
-0.435261
-0.440755
-0.449558
-0.462169
-0.478952
-0.500026
-0.525215
-0.553832
-0.584364
-0.615329
-0.642291
-0.663379
-0.423971
-0.422275
-0.421137
-0.422307
-0.426446
-0.434412
-0.447199
-0.465634
-0.490137
-0.520309
-0.555128
-0.592294
-0.628428
-0.66009
-0.682357
-0.416481
-0.412746
-0.410219
-0.40935
-0.411237
-0.417009
-0.427858
-0.444758
-0.468211
-0.497694
-0.53134
-0.567384
-0.601044
-0.629475
-0.648844
-0.40771
-0.402942
-0.398669
-0.394843
-0.39303
-0.394829
-0.401585
-0.414373
-0.433726
-0.459556
-0.489676
-0.522508
-0.553095
-0.579084
-0.591074
-0.397776
-0.393222
-0.387251
-0.379738
-0.373007
-0.369524
-0.371134
-0.379302
-0.394544
-0.417165
-0.444727
-0.475934
-0.501791
-0.52011
-0.519758
-0.387856
-0.38451
-0.377435
-0.366724
-0.355483
-0.347223
-0.344828
-0.350374
-0.364346
-0.385765
-0.409744
-0.434058
-0.449609
-0.455013
-0.441039
-0.379623
-0.377832
-0.370501
-0.358341
-0.345223
-0.335267
-0.332178
-0.33718
-0.349117
-0.36507
-0.38064
-0.39221
-0.394174
-0.38702
-0.366597
-0.376399
-0.3754
-0.368698
-0.357654
-0.345829
-0.337306
-0.33361
-0.335583
-0.341646
-0.34796
-0.351833
-0.349025
-0.339143
-0.323572
-0.303736
-0.675089
-0.583149
-0.409745
-0.276418
-0.213208
-0.210274
-0.226351
-0.220739
-0.172038
-0.143681
-0.13491
-0.114667
-0.107151
-0.118398
-0.140215
-0.141186
-0.121587
-0.10209
-0.121713
-0.134619
-0.138996
-0.122339
-0.13234
-0.137055
-0.134331
-0.152271
-0.190336
-0.151303
-0.123847
-0.0633499
-0.024726
-0.0166312
-0.0148038
-0.0108089
-0.00507766
-0.00344492
-0.00172762
-0.000348586
-0.694077
-0.603718
-0.429138
-0.276601
-0.19844
-0.172334
-0.1676
-0.171605
-0.142026
-0.13676
-0.136295
-0.122025
-0.120799
-0.126273
-0.141706
-0.142289
-0.123525
-0.110035
-0.131227
-0.142914
-0.144363
-0.115009
-0.117119
-0.126434
-0.125604
-0.171239
-0.217527
-0.150266
-0.11531
-0.0641271
-0.0269394
-0.0173187
-0.0143103
-0.0102589
-0.00522513
-0.0035476
-0.00171027
-0.000353622
-0.650659
-0.566456
-0.411335
-0.267302
-0.184729
-0.14718
-0.120429
-0.0842125
-0.11011
-0.129751
-0.137645
-0.132454
-0.138132
-0.135662
-0.142608
-0.141706
-0.123689
-0.117161
-0.138615
-0.149692
-0.147377
-0.107495
-0.101013
-0.115212
-0.114899
-0.186796
-0.236566
-0.146886
-0.10431
-0.0635276
-0.0288524
-0.0177851
-0.0137276
-0.00967593
-0.00535182
-0.00364156
-0.00169525
-0.000355132
-0.57602
-0.504876
-0.375443
-0.253536
-0.173278
-0.13671
-0.100202
-0.0619773
-0.0874187
-0.123826
-0.140557
-0.145032
-0.158564
-0.146286
-0.142915
-0.138513
-0.121497
-0.122697
-0.143635
-0.154832
-0.149201
-0.100784
-0.0852352
-0.103915
-0.10276
-0.197175
-0.246147
-0.143048
-0.0910559
-0.0615274
-0.0303164
-0.0180465
-0.0131029
-0.00909874
-0.0054477
-0.0037148
-0.00168022
-0.000353346
-0.486722
-0.433448
-0.335691
-0.238089
-0.165693
-0.130656
-0.0982279
-0.0625832
-0.0804222
-0.12014
-0.139404
-0.153045
-0.172323
-0.161286
-0.14368
-0.133996
-0.116688
-0.125639
-0.145688
-0.157592
-0.149925
-0.0948961
-0.0703891
-0.0929213
-0.0899585
-0.201521
-0.24762
-0.13962
-0.0770352
-0.0583174
-0.0311418
-0.0181156
-0.0124755
-0.00855405
-0.00550953
-0.00375821
-0.0016613
-0.000349175
-0.394756
-0.362338
-0.297452
-0.222468
-0.160205
-0.126103
-0.0983757
-0.0733554
-0.0813153
-0.127453
-0.139454
-0.15203
-0.174022
-0.1617
-0.141003
-0.127536
-0.108987
-0.125045
-0.144497
-0.158697
-0.150842
-0.0911169
-0.0577409
-0.0824088
-0.0769573
-0.199505
-0.243025
-0.13756
-0.0635218
-0.054415
-0.0313387
-0.018046
-0.0118808
-0.00803814
-0.00554095
-0.00376738
-0.00163376
-0.000343967
-0.325248
-0.310809
-0.269135
-0.212562
-0.156985
-0.121223
-0.0957515
-0.0817787
-0.0973486
-0.13421
-0.131083
-0.140658
-0.170834
-0.168856
-0.141449
-0.12348
-0.0997572
-0.120165
-0.141207
-0.154719
-0.149302
-0.0869633
-0.0481529
-0.0727291
-0.0626591
-0.191667
-0.235026
-0.134432
-0.0518872
-0.0497339
-0.0308583
-0.0178085
-0.0113208
-0.00759064
-0.00556193
-0.00374002
-0.00159116
-0.000338991
-0.28371
-0.274888
-0.244957
-0.20479
-0.157884
-0.124104
-0.0964525
-0.0752091
-0.0993679
-0.145403
-0.121888
-0.127731
-0.149188
-0.137685
-0.131535
-0.116539
-0.0901364
-0.111089
-0.135653
-0.169618
-0.150731
-0.0856225
-0.0407849
-0.0626562
-0.0474666
-0.178916
-0.229277
-0.132408
-0.0409889
-0.0441526
-0.0296653
-0.0176057
-0.0108441
-0.00724892
-0.00559256
-0.00371309
-0.00153135
-0.000336285
-0.247611
-0.247297
-0.216315
-0.17531
-0.13352
-0.102734
-0.0777322
-0.0492045
-0.0599673
-0.0885507
-0.0856898
-0.102801
-0.136959
-0.16031
-0.122615
-0.100005
-0.0777497
-0.0995906
-0.126327
-0.147472
-0.141181
-0.0825779
-0.0373009
-0.0581782
-0.0402861
-0.161952
-0.213029
-0.129342
-0.0352101
-0.0388892
-0.0272333
-0.0168197
-0.0101926
-0.00691921
-0.0056261
-0.00357697
-0.00141207
-0.000329562
-0.181766
-0.186874
-0.162359
-0.129707
-0.0974489
-0.0732662
-0.053382
-0.026607
-0.0180529
-0.0188477
-0.0186294
-0.0575419
-0.112101
-0.122889
-0.0936718
-0.0737467
-0.0550215
-0.0771414
-0.116001
-0.151055
-0.126165
-0.0679207
-0.0279147
-0.0469809
-0.0251745
-0.134649
-0.225137
-0.120766
-0.0239931
-0.0330456
-0.0246585
-0.0158244
-0.00917449
-0.00648958
-0.00569551
-0.00337888
-0.0012035
-0.000310667
-0.141964
-0.149522
-0.134185
-0.109937
-0.0823702
-0.0579525
-0.0359546
-0.0039187
0.0252432
0.0424041
0.0407911
-0.00719979
-0.0683806
-0.0839365
-0.0679558
-0.0509768
-0.0347214
-0.0481471
-0.0795466
-0.108894
-0.0920879
-0.0422936
-0.0186546
-0.03711
-0.015494
-0.0991443
-0.130147
-0.0969918
-0.0149377
-0.0275009
-0.0212002
-0.0146092
-0.0081343
-0.00614452
-0.00594422
-0.00317291
-0.000908379
-0.000283425
-0.108937
-0.114114
-0.102801
-0.0816633
-0.0578779
-0.0365019
-0.0163532
0.0111461
0.0401753
0.0569339
0.0571362
0.0231522
-0.0260685
-0.0437393
-0.0391377
-0.0245307
-0.0117982
-0.0175009
-0.0357406
-0.0686651
-0.0546234
-0.0189762
-0.0145939
-0.0262829
-0.00808522
-0.0610372
-0.087843
-0.0667931
-0.00979877
-0.0213593
-0.0187363
-0.0137656
-0.00714866
-0.00581007
-0.0063628
-0.00296611
-0.00052462
-0.000246736
-0.0796788
-0.0849952
-0.0780473
-0.0633589
-0.0452279
-0.027639
-0.0103323
0.0125636
0.0370966
0.0514776
0.0512343
0.032021
0.00108858
-0.0167022
-0.0207931
-0.0109229
0.00118642
0.00901898
0.0161481
-0.0285663
-0.025006
-0.00511491
-0.0146506
-0.0184274
-0.00413465
-0.0230696
-0.0365109
-0.0280239
-0.00484379
-0.0141641
-0.0161551
-0.013319
-0.00621754
-0.00544313
-0.00697401
-0.00279934
-6.82257e-05
-0.000195048
-0.0588875
-0.0632976
-0.0586473
-0.0476866
-0.03347
-0.0189388
-0.00436408
0.0124038
0.0292088
0.0399923
0.0405677
0.0304636
0.0130324
0.000342488
-0.00439057
0.00440436
0.0123172
0.0150013
0.00396254
-0.0110309
-0.0122919
0.00070668
-0.00921464
-0.00974114
0.000767389
0.00391142
0.00508737
0.0126345
0.00151779
-0.00507884
-0.0141224
-0.0139251
-0.00557802
-0.00511592
-0.00774133
-0.002704
0.000409936
-0.000130382
-0.0421952
-0.0454776
-0.04258
-0.0348088
-0.0243465
-0.0134925
-0.0025997
0.00902679
0.0202876
0.0288296
0.0301637
0.0258146
0.0165842
0.00885389
0.00399486
0.00904474
0.0152409
0.0178997
0.0166868
0.00191131
-0.00303096
0.00457154
-0.00279916
-0.000489999
0.0075106
0.0186343
0.0303441
0.0391675
0.00438226
0.00349526
-0.012387
-0.0155857
-0.00498764
-0.00502795
-0.00850956
-0.00264322
0.000805998
-6.94214e-05
-0.0287943
-0.0316811
-0.0301121
-0.0247871
-0.0173462
-0.00941885
-0.00137283
0.0067869
0.0146191
0.020562
0.0224073
0.0208811
0.016496
0.0128272
0.0102777
0.0137073
0.017927
0.017914
0.0171611
0.00875931
0.00355341
0.00751602
0.00467103
0.00815144
0.0135781
0.0197818
0.0364042
0.0442868
0.00988856
0.0102865
-0.0101449
-0.017292
-0.0041171
-0.00517169
-0.00917025
-0.00244567
0.00101756
-4.24798e-05
-0.0187432
-0.0211067
-0.0203037
-0.0167324
-0.011565
-0.00597804
-0.00029805
0.00527984
0.0104919
0.0148153
0.0168151
0.0169689
0.0152834
0.0140128
0.0124377
0.0137466
0.0166865
0.0165786
0.0163574
0.0119296
0.00818498
0.00984932
0.00786121
0.0124509
0.0168406
0.0205401
0.0350388
0.0403641
0.0156237
0.0141615
-0.00552686
-0.0148749
-0.00263865
-0.00462793
-0.00928104
-0.00188943
0.00114654
-1.57443e-07
-0.010947
-0.0128308
-0.0125303
-0.0102708
-0.00680986
-0.00298773
0.000928783
0.00472403
0.0082661
0.0113608
0.0132341
0.0141241
0.0137781
0.0136453
0.0134106
0.0141764
0.0162241
0.0158374
0.0154237
0.0131273
0.0108761
0.0116005
0.01121
0.015075
0.0186603
0.0202074
0.029966
0.0345712
0.0193507
0.0156787
0.000878244
-0.0088027
-0.000873138
-0.00273307
-0.00459753
-0.000885714
0.00121424
7.52568e-05
-0.00482223
-0.00637033
-0.00642602
-0.00507968
-0.00280524
-0.00023513
0.00240474
0.00496741
0.00739267
0.00964447
0.0111895
0.0122757
0.0126499
0.0131234
0.0134305
0.0137201
0.0149322
0.0148645
0.0145913
0.013466
0.0124205
0.0128262
0.0124034
0.0155259
0.0186644
0.0197587
0.0260945
0.0291846
0.0201383
0.0160919
0.00608311
-0.00294914
0.000771578
-0.000375536
-0.00239559
2.74282e-05
0.00133138
0.000203583
-0.000174403
-0.00143824
-0.00162753
-0.000830902
0.000594735
0.00226719
0.00399676
0.0057052
0.00733837
0.00890609
0.0101278
0.0111409
0.0117795
0.0123468
0.0128681
0.0132695
0.0140624
0.0142396
0.0141779
0.013623
0.0132178
0.0136167
0.0138968
0.0158797
0.0183383
0.0190657
0.0223157
0.0243597
0.0191998
0.0159248
0.00916095
0.0016848
0.00225346
0.00145303
-0.000752545
0.000705667
0.00139944
0.000303605
0.00342178
0.00239627
0.00208829
0.00246877
0.0033823
0.00448131
0.00560785
0.0067149
0.00779157
0.00887213
0.00979956
0.0106146
0.01126
0.0118611
0.0124541
0.0128775
0.0133909
0.0136556
0.0137908
0.0135929
0.0135581
0.0139428
0.0141493
0.0154801
0.0171875
0.0179393
0.0197422
0.0204973
0.0172084
0.0148923
0.0101946
0.00395659
0.00344958
0.00251396
0.000556049
0.00118257
0.00138803
0.000360905
0.00624968
0.00542306
0.00508781
0.0052446
0.00576876
0.00644988
0.00715291
0.00784039
0.00853394
0.00925035
0.00991866
0.0105279
0.0110691
0.011598
0.0121201
0.0125386
0.0129366
0.0132395
0.0134804
0.0135041
0.0136148
0.0139882
0.014323
0.0151761
0.016258
0.0167068
0.0174495
0.0176133
0.015511
0.0137617
0.0103887
0.00589438
0.00446992
0.00318793
0.00151973
0.00153199
0.0013635
0.000406784
0.00843067
0.00777678
0.00745568
0.00747036
0.00774565
0.00814093
0.00855846
0.00896161
0.00938341
0.00983789
0.010291
0.0107148
0.0111135
0.0115316
0.0119492
0.0123184
0.0126432
0.0129249
0.0131901
0.0133311
0.0134902
0.0138079
0.0140622
0.0145316
0.0151238
0.0153951
0.0155799
0.0153952
0.0139377
0.0125188
0.0101314
0.00684628
0.00515815
0.00369186
0.00217549
0.00177755
0.00131532
0.000421315
0.0101326
0.00961756
0.00932038
0.0092508
0.00936851
0.00957588
0.00979979
0.0100118
0.0102434
0.0105092
0.0107907
0.0110628
0.0113269
0.0116238
0.0119284
0.0122169
0.0124646
0.0127024
0.012937
0.0131057
0.0132493
0.0134789
0.0136573
0.0139035
0.014177
0.0142447
0.0141299
0.0137797
0.0127091
0.0114794
0.00972967
0.00733078
0.00567012
0.00414531
0.00271803
0.00202895
0.00131651
0.000435334
0.0114439
0.0110398
0.0107775
0.0106665
0.0106843
0.0107647
0.0108562
0.0109403
0.0110421
0.0111746
0.0113243
0.0114737
0.0116242
0.0118082
0.0120074
0.0122038
0.0123723
0.0125481
0.0127172
0.0128556
0.0129552
0.0130991
0.0131884
0.0132713
0.0133225
0.0132393
0.0129882
0.0125355
0.0116833
0.0106066
0.00923467
0.0074567
0.00594616
0.00448518
0.00314
0.00225113
0.0013497
0.000440561
0.0124485
0.0121343
0.0119072
0.0117759
0.0117298
0.0117265
0.0117303
0.0117299
0.0117432
0.0117805
0.0118332
0.0118886
0.0119494
0.0120368
0.012141
0.0122488
0.0123382
0.0124418
0.0125327
0.0126163
0.012652
0.0127087
0.0127091
0.0126795
0.0126003
0.012403
0.0120878
0.0115792
0.0108681
0.00993969
0.00879612
0.00742442
0.00608868
0.00473368
0.00346298
0.0024647
0.0014424
0.000463199
0.0132091
0.0129629
0.0127672
0.0126286
0.0125437
0.0124858
0.0124316
0.0123752
0.0123285
0.0122997
0.012282
0.012267
0.012258
0.0122677
0.0122924
0.0123212
0.0123376
0.0123687
0.0123832
0.0123998
0.012368
0.0123486
0.012276
0.0121629
0.0120031
0.011727
0.0113782
0.0108494
0.0102158
0.00940977
0.00842183
0.00730755
0.0061274
0.00487775
0.00369967
0.00265094
0.00155415
0.000495493
0.0137644
0.0135695
0.0134005
0.0132618
0.0131541
0.0130612
0.0129702
0.0128781
0.0127922
0.0127183
0.0126504
0.0125855
0.0125235
0.0124758
0.0124355
0.0123996
0.0123536
0.0123183
0.012268
0.0122178
0.01213
0.0120404
0.0119084
0.0117324
0.0115164
0.0112025
0.0108331
0.010344
0.00972508
0.00899606
0.00812928
0.00716041
0.00610754
0.00497762
0.00385374
0.00278838
0.00168625
0.00054615
0.0141573
0.0139983
0.0138492
0.0137129
0.0135917
0.0134771
0.0133638
0.0132493
0.0131384
0.0130338
0.0129318
0.0128326
0.0127328
0.0126431
0.0125536
0.0124687
0.0123741
0.0122843
0.0121839
0.0120758
0.0119445
0.0117968
0.0116171
0.011397
0.0111357
0.0108032
0.01041
0.00992364
0.00934461
0.00866766
0.00787874
0.0070027
0.00603511
0.00499499
0.00392239
0.00284507
0.00173416
0.000572525
0.0144108
0.0142743
0.0141387
0.0140053
0.013877
0.0137502
0.0136238
0.0134965
0.0133704
0.0132467
0.0131232
0.0130014
0.0128779
0.0127592
0.0126377
0.0125191
0.0123909
0.0122646
0.0121254
0.0119801
0.0118132
0.0116278
0.011415
0.0111622
0.0108757
0.0105256
0.0101211
0.00964009
0.00907845
0.00843717
0.00769509
0.00687285
0.005964
0.00498377
0.00394553
0.00287173
0.00176221
0.000591869
0.014532
0.0144074
0.0142796
0.0141489
0.0140181
0.0138862
0.0137541
0.0136215
0.0134884
0.0133558
0.0132218
0.0130889
0.0129536
0.0128203
0.0126826
0.0125458
0.0124006
0.0122534
0.0120948
0.011928
0.0117429
0.0115374
0.0113057
0.0110381
0.0107354
0.0103793
0.0099683
0.00948907
0.00893786
0.00831123
0.00759401
0.00679909
0.005919
0.00496964
0.0039533
0.00288111
0.00177143
0.000599694
-0.10515
-0.117401
-0.130852
-0.143754
-0.159853
-0.174339
-0.193358
-0.215083
-0.0867266
-0.0952573
-0.104757
-0.114239
-0.125103
-0.135085
-0.144814
-0.157562
-0.069265
-0.0748428
-0.0806882
-0.0870241
-0.093519
-0.0997263
-0.107235
-0.119654
-0.0548927
-0.0583158
-0.0617507
-0.0659569
-0.0708865
-0.0771648
-0.0851341
-0.0949452
-0.0423041
-0.0445888
-0.0470966
-0.0507833
-0.0553684
-0.0599559
-0.0641734
-0.0694064
-0.0320787
-0.0335909
-0.0353666
-0.0377541
-0.0401938
-0.0423808
-0.0452611
-0.0502919
-0.0232384
-0.023975
-0.024782
-0.0259944
-0.0276097
-0.0296995
-0.0325529
-0.0364274
-0.0157204
-0.0160023
-0.0164119
-0.0173124
-0.0186608
-0.0202128
-0.021967
-0.0244969
-0.00955259
-0.00962123
-0.00978315
-0.0102845
-0.0110687
-0.0119979
-0.0132572
-0.0153549
-0.0043832
-0.00431207
-0.00428054
-0.00449771
-0.00499558
-0.00572273
-0.00678899
-0.00843562
-0.000119642
-2.02307e-05
6.06198e-05
-4.65656e-05
-0.000390303
-0.000926111
-0.00169781
-0.00292956
0.00334229
0.00341878
0.00350164
0.003466
0.00325916
0.00288958
0.00230496
0.00131604
0.00615991
0.00619973
0.00626387
0.00625546
0.00611591
0.00582805
0.0053544
0.00457057
0.00841951
0.00841117
0.00843401
0.00841819
0.0083121
0.00809308
0.00773138
0.00713099
0.0102102
0.0101608
0.0101443
0.0101148
0.0100285
0.00985777
0.00957394
0.00910826
0.0116132
0.0115333
0.0114829
0.0114338
0.0113529
0.0112145
0.0109948
0.0106435
0.0126968
0.0125985
0.0125252
0.0124611
0.0123829
0.0122678
0.0120954
0.0118293
0.0135273
0.0134195
0.0133319
0.013256
0.0131764
0.0130747
0.0129362
0.0127355
0.0141514
0.0140402
0.0139452
0.0138619
0.0137812
0.0136888
0.0135753
0.0134229
0.0146085
0.0144987
0.014401
0.0143135
0.014231
0.0141439
0.0140464
0.0139273
0.0149285
0.0148232
0.0147264
0.0146377
0.0145544
0.0144707
0.0143835
0.0142864
0.0151292
0.0150302
0.0149372
0.0148495
0.0147664
0.0146848
0.0146035
0.0145191
0.0152198
0.015128
0.0150394
0.0149535
0.0148706
0.0147894
0.0147102
0.0146309
0.0513435
0.0547269
0.0576651
0.0593791
0.059156
0.0568984
0.0524906
0.045362
0.03445
0.0182289
-0.00538964
-0.0392908
-0.0882207
-0.155778
-0.21701
0.0284719
0.0296209
0.0286786
0.0259994
0.0215831
0.0151273
0.00609134
-0.00637158
-0.0234531
-0.046769
-0.0785323
-0.121595
-0.180565
-0.260349
-0.325714
0.00634549
0.00473633
-0.000217575
-0.00695131
-0.0151368
-0.0253931
-0.0386219
-0.0558466
-0.0783249
-0.107735
-0.14643
-0.197383
-0.263978
-0.353276
-0.416439
-0.0160703
-0.0207596
-0.0289804
-0.0387643
-0.0500094
-0.0635969
-0.0805294
-0.101844
-0.128826
-0.163163
-0.207289
-0.264517
-0.337264
-0.427569
-0.487266
-0.0394565
-0.0468867
-0.0572654
-0.0690501
-0.0826036
-0.0989309
-0.118904
-0.143479
-0.173933
-0.211898
-0.259731
-0.320968
-0.396242
-0.483103
-0.536973
-0.0620253
-0.072156
-0.0840766
-0.0973156
-0.112711
-0.131202
-0.153419
-0.180288
-0.213039
-0.253296
-0.303263
-0.365408
-0.439636
-0.519782
-0.565729
-0.083666
-0.095663
-0.108586
-0.12309
-0.140066
-0.160161
-0.183958
-0.212241
-0.24613
-0.287116
-0.337049
-0.397457
-0.467339
-0.537406
-0.57534
-0.104225
-0.11677
-0.130709
-0.146559
-0.164811
-0.185985
-0.210636
-0.239456
-0.273395
-0.313673
-0.361679
-0.418032
-0.480182
-0.537063
-0.568697
0.184432
0.199119
0.215555
0.234176
0.255036
0.278018
0.303016
0.329981
0.358837
0.38932
0.420835
0.452186
0.481355
0.50429
0.523079
0.18161
0.195397
0.210989
0.228898
0.24905
0.271164
0.295067
0.320706
0.348001
0.376654
0.405989
0.43471
0.460657
0.479835
0.494927
0.174647
0.186734
0.20088
0.217544
0.236388
0.256896
0.278777
0.301933
0.326243
0.351339
0.376432
0.400085
0.419892
0.431998
0.440427
0.163532
0.173346
0.185571
0.200418
0.217219
0.235282
0.254248
0.273957
0.294178
0.31438
0.333571
0.350092
0.361194
0.363029
0.362468
0.148323
0.155576
0.165807
0.178698
0.192998
0.20782
0.222851
0.237983
0.252929
0.266984
0.278894
0.286707
0.287277
0.276543
0.264518
0.129369
0.133487
0.141511
0.15232
0.163931
0.175248
0.18595
0.195915
0.20477
0.211653
0.215096
0.212878
0.201451
0.176535
0.151046
0.107077
0.108856
0.114888
0.122904
0.130876
0.137957
0.143897
0.148426
0.150904
0.15022
0.144669
0.131766
0.107606
0.067907
0.0285475
0.0808494
0.0816683
0.0868916
0.0921855
0.0960861
0.0983536
0.0990042
0.0976611
0.0934267
0.0849303
0.0702284
0.0465571
0.00959198
-0.0446659
-0.0966656
0.0253652
0.0297705
0.0261014
0.0300066
0.0275541
0.0318346
0.0300564
0.0344272
0.0337436
0.0382099
0.0389543
0.0437135
0.046214
0.0517999
0.056439
0.0636728
0.0710473
0.0809425
0.0920189
0.105977
0.121893
0.141453
0.163944
0.0254038
0.029776
0.0261524
0.0300145
0.0276209
0.0318462
0.0301416
0.0344594
0.0338509
0.0382882
0.039093
0.0438224
0.046397
0.0520343
0.0566065
0.0639073
0.0712154
0.0810938
0.0919871
0.105843
0.121304
0.140524
0.162197
0.0254523
0.0297562
0.0262234
0.0299922
0.0277138
0.0318241
0.0302594
0.0344544
0.0339981
0.0383126
0.0392737
0.0438443
0.0465742
0.052102
0.0567038
0.0639754
0.0711659
0.081001
0.0914631
0.105009
0.119612
0.137944
0.157647
0.0255096
0.0297128
0.0263079
0.0299431
0.027826
0.0317749
0.0304022
0.0344179
0.0341639
0.0383243
0.039464
0.0439326
0.0468163
0.0523018
0.0568644
0.0642337
0.0710525
0.0808608
0.0905943
0.103604
0.116726
0.133478
0.150081
0.0255754
0.0296488
0.0264068
0.0298715
0.0279554
0.0317026
0.0305642
0.0343526
0.0343433
0.0382959
0.0396527
0.0438389
0.0469564
0.0522082
0.0568198
0.06399
0.0704968
0.0799258
0.0889437
0.101038
0.112432
0.126965
0.139258
0.0256417
0.0295662
0.0265123
0.0297828
0.0280943
0.0316178
0.0307402
0.0342854
0.0345491
0.0383118
0.0398964
0.0440743
0.047291
0.0525028
0.0570138
0.064336
0.0702617
0.079628
0.0873697
0.0984632
0.107161
0.11881
0.125808
0.025717
0.0294682
0.0266233
0.0296837
0.0282374
0.0315173
0.0309134
0.034189
0.0347121
0.038242
0.0400247
0.0438304
0.0473468
0.0522114
0.0567049
0.0634917
0.0691516
0.0776075
0.0845302
0.0938621
0.100415
0.108045
0.109326
0.0257899
0.0293628
0.026732
0.0295825
0.0283889
0.0314426
0.0311067
0.0341766
0.0349765
0.0383477
0.0403923
0.0443381
0.0477813
0.0528472
0.0571698
0.0642059
0.0691062
0.0775789
0.0824289
0.0904616
0.0925419
0.0960956
0.0889329
0.0258799
0.0292136
0.0268746
0.0294144
0.0285473
0.0312526
0.031279
0.0339316
0.0350521
0.0381819
0.0403449
0.0437917
0.0473926
0.0517049
0.0560767
0.0617405
0.0662409
0.0722884
0.0761227
0.0800058
0.0794725
0.0753306
0.0623711
0.0259989
0.0289967
0.0270564
0.0291744
0.0287245
0.0309299
0.0314067
0.0335298
0.0349921
0.0374409
0.0398813
0.0428626
0.0462922
0.0497853
0.0537496
0.0579196
0.0615483
0.0649662
0.0671758
0.0669746
0.0643363
0.0569016
0.0462888
0.0261477
0.028713
0.0272678
0.0288695
0.0289267
0.0305274
0.0315361
0.0330844
0.0348671
0.0368958
0.0393566
0.0418102
0.0449584
0.0477034
0.0510732
0.0538531
0.0563926
0.0577147
0.0581482
0.0558288
0.0514091
0.0436088
0.0333775
0.0263273
0.0283539
0.0275108
0.0285151
0.0291121
0.0301696
0.0315323
0.0326878
0.0346338
0.0361914
0.0386224
0.040632
0.0432901
0.0454203
0.04795
0.0495599
0.0509293
0.0507149
0.0496031
0.0461497
0.0407204
0.0329543
0.0231919
0.0265415
0.0279125
0.0277436
0.0282145
0.0291955
0.0298654
0.0314187
0.0322943
0.0342343
0.0354746
0.0376501
0.0393203
0.041315
0.0429259
0.0445574
0.0451215
0.0454329
0.0441359
0.0418851
0.0378687
0.0321564
0.0247614
0.0157464
0.0267863
0.0274557
0.0278808
0.0279771
0.0291989
0.0295853
0.0311804
0.0318803
0.033664
0.0346667
0.03648
0.0378426
0.0391384
0.0402125
0.0410374
0.0407062
0.0401326
0.0381692
0.0352795
0.0310341
0.0255047
0.0186724
0.0105395
0.0270163
0.0270343
0.027914
0.0277895
0.0291023
0.0293249
0.0308133
0.0314323
0.0329285
0.0337512
0.0351573
0.0361772
0.0368401
0.0373611
0.0375116
0.0365236
0.0352728
0.0329522
0.0298235
0.0256096
0.020494
0.0143981
0.00727673
0.0272068
0.0266651
0.0278527
0.0276339
0.0288955
0.0290664
0.0303247
0.0309151
0.0320705
0.0327113
0.0337123
0.0343527
0.034487
0.0345098
0.0341129
0.0327166
0.0310185
0.0285422
0.0254545
0.0215072
0.0169309
0.011662
0.00560564
0.0273296
0.0263697
0.0276851
0.027496
0.0285852
0.0287888
0.029747
0.0303031
0.0311198
0.03155
0.0321766
0.0324369
0.032155
0.0317721
0.0309755
0.0293608
0.0274337
0.0249672
0.0220941
0.0185758
0.0146063
0.010162
0.00512902
0.0273669
0.0261588
0.027412
0.0273535
0.0281884
0.0284464
0.0291141
0.0295812
0.0300965
0.0302994
0.0305912
0.0305093
0.0299205
0.0292436
0.0281875
0.0264981
0.0245313
0.0222042
0.0196297
0.0166066
0.013265
0.00959448
0.00548443
0.0273059
0.026029
0.0270523
0.0271767
0.0277461
0.02802
0.0284421
0.0287623
0.0290188
0.0289976
0.029003
0.0286473
0.0278595
0.0269913
0.0257982
0.024142
0.0222716
0.0201682
0.0179251
0.0153939
0.0126518
0.00967783
0.00636877
0.0271423
0.0259618
0.026639
0.0269026
0.0272827
0.0275108
0.0277366
0.0278782
0.0279114
0.0276953
0.0274673
0.0269204
0.0260196
0.0250512
0.0238239
0.0222729
0.0205776
0.0187415
0.0168336
0.0147514
0.0125399
0.0101647
0.00752588
0.026883
0.0259263
0.0262324
0.0265065
0.0267877
0.0269383
0.0270027
0.0269676
0.0268109
0.0264431
0.026039
0.0253692
0.0244258
0.0234345
0.0222476
0.0208441
0.0193598
0.0178006
0.0162093
0.0145162
0.0127493
0.0108688
0.00877717
0.0265461
0.02586
0.0258761
0.0260286
0.0262383
0.0263021
0.0262413
0.026064
0.0257578
0.0252799
0.0247532
0.0240196
0.0230882
0.0221288
0.0210301
0.0197957
0.0185289
0.0172315
0.0159239
0.0145579
0.0131537
0.0116744
0.0100293
0.0261586
0.025694
0.0255565
0.0255706
0.025655
0.0256176
0.0254621
0.0251847
0.0247786
0.0242308
0.0236314
0.0228813
0.0219974
0.0211046
0.0201202
0.0190576
0.0179948
0.0169305
0.0158683
0.0147726
0.0136601
0.0125007
0.0112145
0.0257477
0.0254346
0.025243
0.0251297
0.0250657
0.0249254
0.024689
0.0243416
0.0238806
0.0233057
0.0226816
0.0219531
0.0211391
0.0203298
0.0194645
0.0185593
0.0176745
0.0168068
0.0159489
0.0150731
0.0141918
0.0132833
0.012282
0.0253319
0.0251077
0.0248973
0.0246944
0.0245013
0.0242636
0.0239555
0.02356
0.0230755
0.0225064
0.0218979
0.0212207
0.0204899
0.0197684
0.0190137
0.0182431
0.0175039
0.0167929
0.0160986
0.0153984
0.0147004
0.0139886
0.0132136
0.0249226
0.0247429
0.0245188
0.0242603
0.0239786
0.0236601
0.0232925
0.022864
0.0223742
0.0218285
0.021258
0.0206477
0.020005
0.0193697
0.0187154
0.0180588
0.0174355
0.0168447
0.0162764
0.0157133
0.0151591
0.0146022
0.0140061
0.0245278
0.0243664
0.024131
0.023839
0.0235031
0.0231297
0.0227203
0.0222722
0.0217874
0.0212724
0.0207471
0.0202028
0.0196412
0.0190847
0.0185198
0.0179604
0.0174306
0.0169313
0.0164569
0.0159966
0.0155527
0.0151158
0.0146591
0.0241609
0.0240056
0.0237595
0.0234476
0.0230822
0.0226774
0.0222464
0.0217919
0.0213174
0.0208328
0.0203498
0.0198618
0.0193683
0.0188821
0.0183967
0.0179208
0.0174688
0.0170415
0.0166362
0.016249
0.0158826
0.0155316
0.0151779
0.0238417
0.0236892
0.0234357
0.0231112
0.022732
0.0223128
0.0218733
0.0214204
0.0209563
0.0204941
0.0200435
0.0195985
0.0191583
0.01873
0.0183113
0.0179082
0.0175271
0.0171653
0.0168182
0.0164838
0.0161677
0.015872
0.0155894
0.0235945
0.023442
0.0231847
0.0228546
0.0224715
0.0220484
0.0216079
0.0211621
0.0207121
0.0202701
0.019845
0.0194332
0.0190316
0.0186419
0.0182654
0.0179071
0.0175699
0.0172503
0.0169432
0.016647
0.0163672
0.0161096
0.0158738
0.0234603
0.0233097
0.0230478
0.0227094
0.0223201
0.0218932
0.0214505
0.0210067
0.0205643
0.0201329
0.0197232
0.0193345
0.0189591
0.0185939
0.0182427
0.017912
0.0176045
0.0173161
0.0170403
0.0167746
0.0165229
0.0162923
0.0160878
0.0458968
0.0254762
0.00292532
-0.0166667
-0.0363902
-0.0558213
-0.0748651
-0.0908808
0.0347575
0.0165273
-0.00624269
-0.0248041
-0.0393971
-0.0527885
-0.0659922
-0.0768735
0.0243087
0.0100557
-0.00935753
-0.0248101
-0.0348485
-0.0438958
-0.0533671
-0.0620254
0.0147584
0.00372018
-0.0112349
-0.0234424
-0.031121
-0.0377132
-0.0442378
-0.050156
0.00770186
-0.0012239
-0.0115106
-0.0200882
-0.0258228
-0.0305925
-0.0350068
-0.0390674
0.003128
-0.00397702
-0.0107282
-0.016356
-0.0205423
-0.0241186
-0.0272516
-0.0299766
0.000717092
-0.00480178
-0.00902932
-0.0124736
-0.0153587
-0.0179887
-0.0202142
-0.0220119
-1.10318e-05
-0.0042134
-0.00670885
-0.00863695
-0.010502
-0.0123698
-0.013929
-0.0150698
0.000451256
-0.00269961
-0.0040521
-0.00497384
-0.00608594
-0.00736529
-0.00846184
-0.00920804
0.00167515
-0.000655997
-0.00128313
-0.00156939
-0.00215098
-0.00298289
-0.0037402
-0.00422376
0.00332314
0.00161925
0.00143181
0.00152227
0.0012952
0.000789689
0.000278449
-4.18713e-05
0.00512087
0.00388285
0.00394239
0.00424992
0.00426186
0.00398306
0.00363512
0.00340167
0.00689084
0.00599022
0.00617061
0.00658731
0.00676114
0.00664631
0.00641255
0.00622663
0.00856354
0.00791131
0.0081375
0.00857406
0.00882166
0.00881159
0.00866052
0.0085052
0.0100851
0.00961301
0.00983473
0.0102333
0.0104915
0.0105375
0.0104432
0.0103114
0.0114222
0.0110827
0.0112746
0.0116073
0.0118385
0.0119023
0.0118399
0.0117245
0.0125664
0.0123229
0.012474
0.0127308
0.0129147
0.01297
0.0129192
0.0128129
0.0135235
0.0133472
0.013454
0.0136358
0.013765
0.013798
0.0137465
0.0136444
0.0143021
0.0141712
0.0142352
0.0143483
0.0144234
0.014428
0.0143686
0.0142673
0.0149122
0.01481
0.0148352
0.0148895
0.0149156
0.0148917
0.0148218
0.014721
0.0153851
0.0152953
0.0152826
0.0152851
0.0152675
0.0152169
0.0151364
0.0150361
0.0157083
0.0156235
0.0155813
0.0155438
0.0154917
0.0154192
0.01533
0.0152308
0.0159384
0.0158376
0.0157531
0.0156727
0.0155894
0.0155008
0.0154081
0.0153136
-0.580342
-0.587811
-0.598364
-0.613539
-0.633732
-0.657658
-0.680654
-0.696673
-0.577604
-0.583259
-0.592132
-0.604747
-0.620364
-0.638011
-0.655257
-0.666433
-0.576755
-0.579567
-0.585211
-0.593742
-0.604027
-0.613512
-0.618579
-0.615238
-0.577702
-0.576004
-0.576108
-0.577234
-0.578021
-0.576267
-0.569176
-0.554171
-0.578453
-0.569995
-0.561612
-0.552932
-0.54348
-0.532163
-0.516866
-0.495228
-0.574553
-0.557425
-0.539676
-0.522074
-0.505074
-0.487699
-0.467716
-0.442591
-0.561171
-0.535565
-0.51029
-0.486974
-0.46589
-0.445445
-0.423155
-0.396524
-0.535444
-0.504026
-0.474979
-0.44966
-0.427352
-0.405937
-0.382944
-0.356054
-0.497631
-0.464718
-0.436034
-0.411659
-0.390076
-0.369091
-0.34647
-0.320182
-0.450839
-0.420861
-0.395651
-0.374039
-0.354394
-0.334736
-0.313248
-0.288154
-0.399466
-0.375483
-0.35543
-0.337553
-0.320484
-0.302754
-0.282876
-0.259402
-0.347195
-0.330768
-0.316525
-0.302664
-0.288505
-0.273004
-0.255063
-0.233485
-0.296845
-0.288136
-0.279447
-0.269721
-0.258453
-0.245399
-0.229559
-0.210134
-0.248812
-0.247611
-0.244603
-0.238908
-0.230521
-0.219836
-0.206182
-0.189059
-0.203442
-0.210519
-0.212036
-0.210381
-0.204379
-0.195727
-0.184281
-0.169741
-0.441667
-0.45669
-0.477166
-0.501513
-0.525732
-0.546637
-0.562389
-0.572956
-0.444714
-0.461593
-0.482989
-0.508278
-0.53157
-0.550874
-0.564277
-0.572381
-0.447009
-0.466031
-0.489709
-0.516007
-0.540106
-0.558577
-0.569923
-0.574878
-0.451386
-0.472684
-0.498921
-0.527151
-0.552423
-0.570241
-0.579038
-0.579776
-0.458302
-0.481645
-0.510384
-0.540801
-0.567388
-0.584368
-0.589668
-0.585944
-0.467584
-0.492015
-0.522594
-0.554962
-0.582084
-0.597345
-0.598609
-0.58923
-0.478881
-0.502379
-0.53301
-0.565855
-0.592164
-0.604349
-0.600341
-0.584012
-0.491616
-0.510845
-0.538294
-0.568711
-0.591843
-0.599198
-0.588906
-0.565467
-0.505145
-0.515513
-0.535083
-0.558769
-0.575737
-0.576682
-0.560285
-0.531441
-0.519031
-0.515134
-0.521091
-0.532966
-0.539712
-0.533954
-0.513728
-0.483654
-0.533057
-0.509359
-0.495508
-0.490712
-0.485336
-0.473585
-0.453619
-0.426951
-0.546921
-0.498477
-0.45878
-0.433226
-0.416569
-0.401221
-0.385378
-0.366411
-0.559803
-0.483556
-0.412835
-0.360497
-0.33166
-0.320201
-0.315419
-0.307181
-0.570254
-0.466383
-0.363754
-0.290727
-0.252919
-0.243289
-0.24879
-0.251541
-0.575711
-0.445305
-0.308016
-0.201798
-0.1622
-0.168552
-0.187251
-0.201027
-0.570083
-0.421524
-0.264
-0.135429
-0.0685949
-0.0807402
-0.111321
-0.144531
-0.497551
-0.372354
-0.220988
-0.0744546
0.014321
0.0235128
-0.0260155
-0.0832542
-0.354178
-0.285112
-0.18902
-0.0582055
0.0691093
0.122829
0.101992
-0.00442281
-0.267809
-0.252519
-0.204507
-0.107576
0.0078748
0.0912872
0.119492
0.0814423
-0.232404
-0.242879
-0.226835
-0.180439
-0.108931
-0.0402538
0.0289556
0.0558797
-0.249678
-0.277092
-0.289746
-0.2859
-0.252382
-0.197892
-0.130279
-0.0498334
-0.282849
-0.323889
-0.343532
-0.342056
-0.318615
-0.274335
-0.221077
-0.126213
-0.265951
-0.294798
-0.307104
-0.304339
-0.283972
-0.249909
-0.217041
-0.155347
-0.197674
-0.214891
-0.223729
-0.222646
-0.211391
-0.191321
-0.174465
-0.141676
-0.148657
-0.152218
-0.152724
-0.151731
-0.148549
-0.142411
-0.136733
-0.119591
-0.133349
-0.132405
-0.129924
-0.126996
-0.12255
-0.115969
-0.110669
-0.10359
-0.11217
-0.112968
-0.115804
-0.116764
-0.112262
-0.103041
-0.094349
-0.0869071
-0.0994093
-0.094871
-0.0945063
-0.0971462
-0.101141
-0.103366
-0.0981432
-0.0843243
-0.112775
-0.108524
-0.106673
-0.108384
-0.113193
-0.117248
-0.120418
-0.11954
-0.13696
-0.132534
-0.128649
-0.127006
-0.128671
-0.131347
-0.130722
-0.138763
-0.138307
-0.134291
-0.130169
-0.126994
-0.123988
-0.124118
-0.121917
-0.125989
-0.118542
-0.114746
-0.110203
-0.105948
-0.101504
-0.0995447
-0.0958726
-0.0967673
-0.0939967
-0.0858613
-0.0780083
-0.0711256
-0.0654026
-0.0617335
-0.0594301
-0.0597821
-0.110757
-0.0987611
-0.086223
-0.0741734
-0.0638406
-0.0555016
-0.04965
-0.0446634
-0.125287
-0.115043
-0.104422
-0.0938061
-0.0839827
-0.0748039
-0.0676685
-0.0606522
-0.131535
-0.122147
-0.111413
-0.0997389
-0.0878184
-0.0752416
-0.0620417
-0.0502567
-0.128512
-0.132579
-0.134308
-0.133131
-0.128939
-0.121168
-0.108803
-0.0939519
-0.146007
-0.157005
-0.164433
-0.167792
-0.167027
-0.162513
-0.154807
-0.143555
-0.146616
-0.15465
-0.160967
-0.165219
-0.167023
-0.167025
-0.163006
-0.160706
-0.140512
-0.143651
-0.143492
-0.141466
-0.138044
-0.134561
-0.128762
-0.123712
-0.131082
-0.109246
-0.0887107
-0.0712579
-0.057582
-0.0491413
-0.0435436
-0.0443686
-0.158314
-0.124316
-0.0903648
-0.059213
-0.0321574
-0.010795
0.00661738
0.019576
-0.148504
-0.141531
-0.131517
-0.11935
-0.105889
-0.0915215
-0.0762534
-0.0610299
-0.130382
-0.134045
-0.134307
-0.130957
-0.124236
-0.115259
-0.104584
-0.0934126
-0.0614379
-0.0586316
-0.0554636
-0.0522119
-0.04878
-0.0454862
-0.0418773
-0.0389219
-0.0224022
-0.0201003
-0.0179495
-0.0160767
-0.01451
-0.0133408
-0.0125466
-0.01206
-0.0157451
-0.0146964
-0.0135441
-0.0123648
-0.0112311
-0.0102233
-0.00937373
-0.008712
-0.0151654
-0.0153667
-0.015381
-0.0151982
-0.0148192
-0.0142672
-0.0135757
-0.0127337
-0.0112756
-0.0116373
-0.0118768
-0.0119815
-0.0119422
-0.0117688
-0.0114597
-0.0110782
-0.00492127
-0.00476796
-0.00463508
-0.00453664
-0.00447771
-0.00446356
-0.00448178
-0.0045517
-0.00334526
-0.0032562
-0.0031863
-0.00313394
-0.00309445
-0.003064
-0.00303404
-0.00299351
-0.00174833
-0.00177282
-0.00180945
-0.00184298
-0.00188138
-0.00192637
-0.00197793
-0.00203488
-0.000340696
-0.000331794
-0.000325126
-0.000325294
-0.000337635
-0.000368027
-0.000420397
-0.00050071
-0.13686
-0.121514
-0.103462
-0.084659
-0.0689064
-0.0550585
-0.0428037
-0.0327334
-0.0242813
-0.0172743
-0.0115421
-0.00676256
-0.00291307
0.000205694
0.00274354
0.00477074
0.00638759
0.00765913
0.00864082
0.00938356
0.00991694
0.0102645
0.0104429
-0.0911459
-0.0848786
-0.0821426
-0.0739447
-0.0640504
-0.0533163
-0.0430557
-0.0337808
-0.0255957
-0.0186121
-0.0126834
-0.00774536
-0.00372604
-0.000424602
0.00224987
0.00439155
0.00609967
0.00743807
0.00846815
0.00924313
0.00979694
0.0101563
0.01034
-0.0189451
-0.0344568
-0.0490136
-0.0528772
-0.0510649
-0.0459192
-0.0390222
-0.0316337
-0.0245758
-0.0181639
-0.0125257
-0.00779382
-0.00383464
-0.000560265
0.00209799
0.00424365
0.00595944
0.00730721
0.00834658
0.00912838
0.00968681
0.0100496
0.0102346
0.0468334
0.00745444
-0.0193416
-0.0320908
-0.0369855
-0.0364282
-0.0326293
-0.0273974
-0.0217797
-0.0162708
-0.0113104
-0.00703263
-0.00334747
-0.000278037
0.00224152
0.00429558
0.00594774
0.00725506
0.00826916
0.00903561
0.00958606
0.00994515
0.0101286
0.0497594
0.0175343
-0.00534756
-0.0194473
-0.0264238
-0.0277465
-0.0259396
-0.0224326
-0.0181106
-0.0136169
-0.00946202
-0.0057489
-0.00248419
0.000271456
0.00257326
0.00447254
0.00601789
0.00725434
0.00822222
0.00895972
0.00949268
0.00984302
0.0100227
-0.0230966
-0.0169045
-0.0169869
-0.0196004
-0.021915
-0.0219612
-0.0203543
-0.0175767
-0.0141856
-0.0106296
-0.0072609
-0.00414319
-0.00137119
0.00102
0.0030524
0.00475471
0.0061615
0.00730184
0.00820467
0.00889995
0.00940803
0.00974458
0.00991822
-0.0843423
-0.0547724
-0.0368444
-0.0275553
-0.022425
-0.0193868
-0.0161342
-0.0133041
-0.0103827
-0.00755512
-0.00488509
-0.00238732
-0.000130624
0.00187198
0.00361131
0.00510141
0.00635652
0.00738842
0.00821655
0.00886116
0.00933531
0.00965228
0.00981673
-0.113084
-0.074221
-0.0494165
-0.0334735
-0.0234375
-0.0172628
-0.0124512
-0.00942937
-0.00673395
-0.00448349
-0.00244425
-0.000536009
0.00122479
0.0028338
0.00426545
0.00552481
0.0066067
0.00751343
0.00825299
0.0088362
0.00927124
0.00956441
0.00971738
-0.109963
-0.0734581
-0.0533196
-0.0336966
-0.0233893
-0.0143637
-0.00897081
-0.00569342
-0.00314655
-0.00143727
2.43477e-06
0.00132549
0.00257622
0.00378225
0.00491199
0.00594549
0.00686008
0.00764524
0.00829861
0.0088214
0.00921434
0.00948198
0.00962226
-0.0935176
-0.0656823
-0.0483269
-0.0286859
-0.0193054
-0.00897999
-0.00429536
-0.00112478
0.000858788
0.00177808
0.00254247
0.00324018
0.00398286
0.0047804
0.00559347
0.0063908
0.00712727
0.007785
0.00834654
0.00880534
0.00915753
0.00940006
0.00952805
-0.0842956
-0.0627513
-0.0463091
-0.0235889
-0.0138725
-0.00132399
0.00155453
0.00462804
0.00526612
0.00528623
0.00525478
0.00524914
0.00543111
0.00579204
0.00628514
0.00684402
0.00740607
0.00793727
0.00840747
0.00880263
0.00911016
0.00932492
0.009439
-0.0745886
-0.0545001
-0.0382318
-0.0159413
-0.00457006
0.00714209
0.00928664
0.0115905
0.0103428
0.00921491
0.00813544
0.00736808
0.00697306
0.00690348
0.00706422
0.00736572
0.00773758
0.00812829
0.00849315
0.00881218
0.00906864
0.00925141
0.00934969
-0.0728465
-0.0552041
-0.0290556
-0.00565049
0.011482
0.0197304
0.0203319
0.0192136
0.0158076
0.0132397
0.0110038
0.00944926
0.00849322
0.00801732
0.00786304
0.00791882
0.00810142
0.00834538
0.00860029
0.00884025
0.0090406
0.00918677
0.00926633
-0.107951
-0.102363
-0.0547082
-0.0108688
0.025703
0.0353363
0.032964
0.026874
0.0208723
0.0165623
0.0133566
0.0112288
0.00984688
0.00903967
0.00861265
0.00845163
0.00845995
0.0085647
0.00871231
0.00886893
0.00901008
0.00911935
0.00918042
-0.102673
-0.172787
-0.0798395
-0.022045
0.0219966
0.0352172
0.0345026
0.0293777
0.0235153
0.0186614
0.0149925
0.012591
0.0109583
0.00994952
0.00931695
0.00897005
0.00880883
0.00877923
0.00882293
0.00890195
0.00898772
0.0090588
0.0090999
-0.116719
-0.112068
-0.0760416
-0.0317923
0.002562
0.0184608
0.0230176
0.0224839
0.0202728
0.0177169
0.0152741
0.0132637
0.0117007
0.0106464
0.00990225
0.00943165
0.00914693
0.00900475
0.00894606
0.00894201
0.00896398
0.00899453
0.00901488
-0.0902513
-0.077485
-0.0556468
-0.0331229
-0.0132559
0.00131126
0.0106018
0.0143803
0.0156377
0.0154215
0.0145448
0.0133632
0.012224
0.0112512
0.0104609
0.00988598
0.00948116
0.00921918
0.00906239
0.00898034
0.00894591
0.00893484
0.00893263
-0.0607923
-0.0526121
-0.0429039
-0.0334724
-0.0197456
-0.00625872
0.00442947
0.00993927
0.0129185
0.0138256
0.0137893
0.0131149
0.0123473
0.0115497
0.0108471
0.0102546
0.00977782
0.00942355
0.00917553
0.0090143
0.00891823
0.00886656
0.00884327
-0.0462969
-0.0441496
-0.0409337
-0.0313696
-0.0181099
-0.00332284
0.00565501
0.0112948
0.0130688
0.0142907
0.0141243
0.0134343
0.0126406
0.0118563
0.0111566
0.010519
0.00998031
0.00955618
0.00924089
0.00901973
0.00887773
0.00879069
0.00874781
-0.0579962
-0.0452821
-0.0358983
-0.0209583
-0.00920307
0.00448773
0.00981482
0.0148583
0.014876
0.0155452
0.01455
0.013827
0.0129952
0.0122178
0.0114934
0.0108024
0.0101992
0.00969914
0.00930743
0.00902193
0.00882882
0.00870542
0.0086424
-0.0417666
-0.0259183
-0.0142093
0.000794755
0.00815211
0.0147465
0.01611
0.0177407
0.0167623
0.0166303
0.0149767
0.014175
0.0131766
0.0123846
0.011624
0.0109156
0.0102917
0.00975703
0.00932005
0.00898576
0.00875352
0.00859913
0.00851833
-0.0808607
-0.0551668
-0.0258674
0.00313981
0.0251376
0.0280766
0.0278194
0.0237403
0.0201049
0.0177568
0.0158033
0.0145898
0.0133546
0.0124978
0.0117034
0.0110031
0.0103584
0.00978153
0.00929503
0.00891818
0.00866031
0.00847924
0.00838229
-0.127521
-0.106032
-0.0696449
-0.032845
0.00251923
0.00812685
0.017585
0.0181334
0.0182289
0.0169986
0.0158677
0.0147468
0.0132493
0.0123945
0.0116406
0.0109752
0.0103322
0.00974178
0.00922118
0.00880571
0.00852638
0.00832098
0.00821107
-0.145741
-0.125487
-0.0895439
-0.0543124
-0.0236545
-0.0100988
0.000306816
0.00701648
0.0112806
0.0131478
0.0136922
0.0132313
0.012551
0.012019
0.0115318
0.0109341
0.010273
0.0096342
0.00907875
0.00863399
0.00837342
0.00814505
0.00802307
-0.109954
-0.0884611
-0.0556342
-0.0245288
-0.00177182
0.00593717
0.00953433
0.0120383
0.0137217
0.0143832
0.0140755
0.0130639
0.0122517
0.0117442
0.0113246
0.01076
0.0101164
0.00946851
0.00888819
0.00838775
0.00818273
0.00791241
0.00778224
-0.0444832
-0.0247032
-0.00203873
0.0159272
0.0263889
0.0268418
0.022905
0.0197441
0.0173962
0.0159561
0.0143217
0.0132481
0.0124019
0.0118424
0.0111901
0.0104683
0.0097591
0.00911399
0.00857192
0.00813705
0.00787263
0.00763931
0.00751166
0.0188618
0.0253185
0.0303228
0.0374584
0.0376895
0.0365575
0.032611
0.0287416
0.0237818
0.0197831
0.0164092
0.0142741
0.0125676
0.0115914
0.0107265
0.00999949
0.00931838
0.00871667
0.00820054
0.00779747
0.00751834
0.00730335
0.00718261
-0.0459407
-0.0249617
-0.00346139
0.0178547
0.0338032
0.0400811
0.0377282
0.0287864
0.0234841
0.0203811
0.0177752
0.0151143
0.0127084
0.0111248
0.0100471
0.00925562
0.00861878
0.0081049
0.00768115
0.00734931
0.0070997
0.00691265
0.00680558
-0.0778093
-0.0673496
-0.0450229
-0.0262463
-0.00810432
0.00156328
0.004806
0.00429134
0.00528678
0.00677104
0.00794688
0.00858278
0.00879723
0.00886779
0.00871985
0.00835772
0.0079008
0.00746335
0.00710519
0.00682655
0.00661782
0.00646287
0.00637253
-0.033278
-0.0253013
-0.0165159
-0.00941818
-0.00401775
-0.00123221
-0.000504426
0.000224883
0.00162645
0.0032053
0.00454605
0.00555478
0.00629998
0.00683659
0.00708169
0.00706276
0.00686417
0.00663213
0.00640555
0.00621701
0.00606437
0.00594325
0.00587147
-0.011878
-0.0102502
-0.00877119
-0.0072738
-0.00525161
-0.00307237
-0.00136706
-0.000351896
0.000362702
0.00129227
0.00247514
0.00360402
0.00445915
0.00511333
0.00555202
0.00574718
0.00574442
0.00567896
0.00559965
0.00552986
0.00546119
0.00538048
0.00533007
-0.00844355
-0.00820579
-0.00849336
-0.00887328
-0.00901511
-0.00869637
-0.00790991
-0.00671457
-0.00514338
-0.00334319
-0.00152742
0.000154481
0.00154705
0.00272007
0.00358375
0.00418037
0.00448863
0.00468057
0.00475349
0.00479356
0.00479493
0.00474892
0.00472073
-0.0115647
-0.00995876
-0.00821161
-0.00628373
-0.00427129
-0.00241894
-0.000909987
1.98506e-05
0.000491869
0.00073938
0.000959952
0.00123111
0.00160056
0.00210928
0.00260403
0.00303778
0.00334944
0.00362877
0.00382238
0.00398114
0.00406651
0.00407369
0.00407354
-0.0103255
-0.00928467
-0.00801705
-0.00665016
-0.00530197
-0.0041709
-0.00327858
-0.00264412
-0.00204733
-0.00140656
-0.000735006
-7.41703e-05
0.000571642
0.00128911
0.00181427
0.00222549
0.00254752
0.00280568
0.00302939
0.00324133
0.00335557
0.00337647
0.00338489
-0.00462278
-0.00461577
-0.00463585
-0.00467371
-0.00466554
-0.00471578
-0.00461848
-0.0044284
-0.00380061
-0.00303543
-0.00215347
-0.0013776
-0.000790284
0.000885682
0.00112025
0.00142584
0.0017065
0.00196773
0.00219445
0.00251774
0.00263115
0.00265381
0.0026695
-0.00288933
-0.00270309
-0.00245484
-0.00213404
-0.00176485
-0.00142334
-0.00114088
-0.000968891
-0.000801039
-0.000629231
-0.000417269
-0.000181265
8.93351e-05
0.000516129
0.000804661
0.0010241
0.00118048
0.00130193
0.00130521
0.00195047
0.00190256
0.00191022
0.00192868
-0.00210146
-0.00219068
-0.00228144
-0.00235061
-0.00236205
-0.00228805
-0.00210325
-0.00183213
-0.00147469
-0.00112779
-0.000801235
-0.00052162
-0.000285949
-2.6219e-05
0.000227385
0.000473212
0.000674551
0.000817884
0.000931704
0.00113084
0.0011739
0.00116787
0.00117066
-0.000619639
-0.000787046
-0.00100514
-0.00123492
-0.00141406
-0.00150139
-0.00145383
-0.00132711
-0.0011263
-0.00091691
-0.000696444
-0.000497834
-0.000329611
-0.000179145
-6.4217e-05
4.85609e-05
0.000150407
0.000236423
0.000310304
0.000386043
0.000409138
0.00040335
0.000400976
-0.14529
-0.118018
-0.0937069
-0.0748332
-0.0589776
-0.046288
-0.0356405
-0.0269707
-0.0197712
-0.0138129
-0.00885309
-0.00470286
-0.00127577
0.00157228
0.00389979
0.00577842
0.00728449
0.0084699
0.00938929
0.0100824
0.0105749
0.0108896
0.0110453
-0.154808
-0.123005
-0.0964263
-0.0762584
-0.0600075
-0.0467125
-0.0356955
-0.0268457
-0.0195633
-0.0136011
-0.00866533
-0.00456359
-0.00120464
0.00158868
0.00386937
0.00571541
0.0072011
0.00837566
0.00929137
0.00998512
0.0104816
0.010803
0.0109645
-0.162763
-0.126641
-0.0977132
-0.0770267
-0.060581
-0.0467886
-0.0355881
-0.0266874
-0.0193451
-0.0133899
-0.00845532
-0.00440117
-0.00110571
0.00163912
0.00386754
0.00567657
0.00713687
0.00829603
0.00920393
0.00989539
0.0103938
0.0107195
0.0108855
-0.168032
-0.128487
-0.0993775
-0.0789549
-0.061751
-0.0470483
-0.0357007
-0.0266892
-0.0192626
-0.0132818
-0.00830929
-0.00430263
-0.00104036
0.00167465
0.00386094
0.00564292
0.00708178
0.00822661
0.00912608
0.00981425
0.010313
0.0106407
0.0108092
-0.170817
-0.128472
-0.100454
-0.0801331
-0.0620012
-0.0470256
-0.0359837
-0.0268766
-0.0193933
-0.013328
-0.00830346
-0.00431862
-0.00102796
0.00167515
0.0038375
0.0056056
0.00702867
0.00816252
0.00905433
0.00973883
0.0102369
0.0105652
0.0107351
-0.16657
-0.127291
-0.103106
-0.0821292
-0.062456
-0.0476554
-0.0367188
-0.0273207
-0.0197321
-0.0135287
-0.00848992
-0.00448053
-0.00112207
0.00158291
0.00375807
0.0055352
0.0069585
0.00809228
0.00898279
0.00966696
0.0101651
0.0104937
0.0106643
-0.160318
-0.125653
-0.103619
-0.081763
-0.0623063
-0.0488106
-0.0377039
-0.0280953
-0.0204015
-0.0140567
-0.00897041
-0.00482407
-0.00137329
0.00136991
0.00359957
0.00540881
0.00685384
0.0080032
0.00890267
0.00959249
0.0100938
0.0104239
0.0105953
-0.147203
-0.127184
-0.106323
-0.0832558
-0.0649784
-0.0515654
-0.0396595
-0.0298153
-0.0218393
-0.0152553
-0.00996256
-0.00556501
-0.00196826
0.000911273
0.00326694
0.00516112
0.00667249
0.0078684
0.00879847
0.00950776
0.01002
0.0103555
0.0105287
0.023771
-0.00233329
-0.0282755
-0.0550758
-0.0817907
-0.107037
-0.130234
-0.151577
0.0257233
-0.00313365
-0.0320093
-0.0619659
-0.091902
-0.120375
-0.146198
-0.168877
0.0269062
-0.00625527
-0.0392727
-0.0725795
-0.105114
-0.135715
-0.163325
-0.187868
0.0270005
-0.010931
-0.0482455
-0.0847899
-0.119814
-0.152521
-0.182229
-0.209029
0.0254685
-0.0170156
-0.0585266
-0.0984924
-0.136366
-0.171594
-0.203733
-0.23282
0.0221772
-0.0248817
-0.0707413
-0.114537
-0.155726
-0.193819
-0.228438
-0.259677
0.0169584
-0.0351244
-0.0857516
-0.13384
-0.178717
-0.219869
-0.256932
-0.290138
0.00925327
-0.0485675
-0.104516
-0.157351
-0.206197
-0.250499
-0.289989
-0.324922
-0.00192705
-0.0663314
-0.128246
-0.186297
-0.239406
-0.286917
-0.328726
-0.364968
-0.0180025
-0.0899439
-0.158571
-0.222353
-0.280066
-0.330866
-0.374644
-0.411547
-0.0409547
-0.121521
-0.19777
-0.267868
-0.330327
-0.384522
-0.4297
-0.466201
-0.0735824
-0.163886
-0.248744
-0.326141
-0.393769
-0.450511
-0.495624
-0.529825
-0.1204
-0.221643
-0.315211
-0.399491
-0.471478
-0.529014
-0.571685
-0.600163
-0.184653
-0.298402
-0.403132
-0.491501
-0.561955
-0.61452
-0.648878
-0.665693
-0.244509
-0.364592
-0.46828
-0.553763
-0.619537
-0.665157
-0.691691
-0.701438
0.18291
0.177048
0.166995
0.152732
0.134382
0.112168
0.0867613
0.05716
0.197548
0.190598
0.178683
0.161985
0.14086
0.115514
0.087349
0.0564703
0.213966
0.206107
0.192644
0.17394
0.150602
0.122868
0.0924959
0.0604241
0.232551
0.223921
0.209115
0.18854
0.163034
0.132888
0.0995988
0.0645154
0.253354
0.243936
0.227708
0.205034
0.176906
0.143765
0.10668
0.0673338
0.276289
0.265955
0.248034
0.222843
0.191452
0.154588
0.113052
0.0687499
0.301276
0.289867
0.26991
0.241734
0.206431
0.165114
0.11858
0.0688193
0.328271
0.315627
0.293262
0.261605
0.221754
0.17522
0.12303
0.067178
0.357194
0.343147
0.317956
0.282244
0.237152
0.18453
0.125787
0.062982
0.387792
0.372143
0.343634
0.303152
0.251973
0.192231
0.125806
0.0549516
0.419481
0.401978
0.369554
0.323404
0.265066
0.196953
0.121484
0.0412618
0.451078
0.4314
0.394343
0.341422
0.27459
0.1966
0.110459
0.0192727
0.480573
0.458299
0.415696
0.354582
0.277541
0.18779
0.0890075
-0.015132
0.503903
0.478635
0.429717
0.359101
0.269978
0.166364
0.0529148
-0.0658936
0.52308
0.494857
0.439896
0.36075
0.260933
0.14425
0.0168556
-0.115185
0.0253363
0.0253172
0.0253085
0.025309
0.0253175
0.0253315
0.0253537
0.025375
0.0297388
0.0296808
0.0295976
0.0294909
0.0293647
0.0292228
0.0290668
0.0289034
0.0260674
0.0260515
0.0260537
0.0260731
0.0261012
0.0261456
0.0261908
0.0262391
0.0299668
0.0298958
0.0297959
0.0296717
0.0295277
0.0293674
0.0291984
0.0290302
0.0275137
0.0274987
0.0275144
0.0275458
0.0275879
0.0276405
0.0277099
0.027784
0.0317837
0.031693
0.0315701
0.031418
0.0312412
0.0310523
0.0308548
0.0306852
0.0299958
0.0299581
0.029946
0.0299874
0.0300309
0.0300934
0.0301468
0.0302412
0.0343494
0.0342304
0.0340767
0.0338994
0.0337028
0.0335146
0.033299
0.0331614
0.0336701
0.0336124
0.0335853
0.0335899
0.0336069
0.0336536
0.0336747
0.0337628
0.0380964
0.0379341
0.0377439
0.0375327
0.0372922
0.0370883
0.03683
0.0367488
0.0388185
0.0386964
0.0386031
0.0385368
0.038474
0.0384826
0.0383932
0.0385198
0.0435721
0.04338
0.0431608
0.0429455
0.0426544
0.0424858
0.0421186
0.0421404
0.0460071
0.0457702
0.0455548
0.0453658
0.0450906
0.0450217
0.0446554
0.0448048
0.0515433
0.0512472
0.0508274
0.0505779
0.0500098
0.0499273
0.0492553
0.0494603
0.056166
0.0558226
0.0553509
0.0550529
0.0544214
0.0541687
0.0533792
0.053224
0.0632789
0.0628046
0.0621636
0.0616213
0.0606364
0.0602861
0.0588466
0.0587274
0.0705903
0.0699923
0.0690556
0.0682004
0.0668466
0.0659696
0.0641714
0.0633735
0.0803147
0.0797551
0.0784203
0.0773648
0.0753715
0.0740328
0.0710562
0.0696157
0.0913042
0.0901004
0.0881683
0.0861561
0.0831857
0.0805239
0.0765869
0.0732934
0.105124
0.103553
0.101106
0.0983552
0.0942662
0.0902101
0.0842624
0.078757
0.120872
0.11849
0.114783
0.110123
0.103845
0.0967449
0.08819
0.0783828
0.140262
0.137215
0.132342
0.125789
0.117058
0.106659
0.0939648
0.0793247
0.162568
0.158216
0.1509
0.140556
0.127023
0.110445
0.0912898
0.0683028
0.0253969
0.0254326
0.0254913
0.0255732
0.0256825
0.0258136
0.0259187
0.0259756
0.0259576
0.0258467
0.025631
0.0253071
0.0248836
0.0243821
0.0238301
0.0232578
0.0226867
0.0221309
0.0216021
0.0211152
0.0206947
0.0203701
0.0201763
0.0286835
0.0283779
0.0279989
0.0275366
0.0269846
0.0264152
0.0258733
0.0253764
0.0249454
0.02459
0.0243077
0.0240826
0.0238829
0.0236481
0.0233147
0.0228928
0.0224094
0.021899
0.0213921
0.0209159
0.0205012
0.0201825
0.0199915
0.026307
0.0263969
0.0265089
0.0266468
0.0267618
0.0267706
0.0266709
0.0264683
0.0261515
0.0257229
0.0252034
0.0246276
0.024058
0.0235407
0.0230616
0.0225924
0.022096
0.021578
0.0210657
0.0205889
0.0201771
0.0198647
0.0196815
0.0287832
0.0284392
0.0280225
0.0275499
0.0271276
0.026756
0.0264245
0.0261177
0.0258212
0.0255157
0.0251691
0.0247256
0.0241581
0.0235173
0.0229044
0.0223167
0.021744
0.0211846
0.0206511
0.0201683
0.0197581
0.0194526
0.0192804
0.02786
0.0279218
0.0280075
0.0280518
0.0279844
0.0278306
0.0275722
0.0271993
0.026718
0.0261487
0.0255336
0.0248991
0.0242356
0.0235238
0.0227873
0.0220584
0.0213712
0.0207408
0.0201737
0.0196813
0.0192731
0.0189769
0.0188184
0.030371
0.0299244
0.0293946
0.0288999
0.0284453
0.0280047
0.0275737
0.0271377
0.0266804
0.026161
0.0255585
0.0248806
0.0241464
0.0233577
0.022532
0.0217126
0.0209424
0.0202483
0.0196471
0.0191464
0.0187452
0.0184624
0.0183198
0.0302604
0.0302405
0.0301957
0.0300433
0.029773
0.0293699
0.028822
0.0281484
0.0273804
0.0265565
0.0256989
0.0248194
0.023926
0.0230243
0.0221236
0.0212474
0.0204302
0.0197006
0.0190805
0.0185793
0.0181912
0.0179234
0.0177963
0.0328263
0.0321723
0.0315374
0.0309361
0.0303353
0.0297146
0.029064
0.0283424
0.0275287
0.0266149
0.0256174
0.0245727
0.0235239
0.0225064
0.0215378
0.0206302
0.0198042
0.0190803
0.0184734
0.017992
0.0176291
0.0173803
0.0172656
0.0337183
0.0334588
0.0331166
0.0326141
0.0319381
0.0310996
0.0301261
0.0290519
0.0279098
0.0267169
0.0254881
0.0242501
0.0230414
0.0219017
0.0208601
0.0199257
0.0191074
0.0184115
0.0178412
0.0173981
0.0170756
0.0168535
0.0167505
0.0362871
0.0354772
0.0346458
0.0337653
0.0328354
0.0318258
0.0307048
0.029456
0.0280925
0.026653
0.0251858
0.0237481
0.022392
0.0211571
0.0200687
0.019134
0.0183506
0.0177084
0.0171949
0.0168035
0.0165321
0.0163426
0.0162543
0.0382384
0.0375256
0.0367122
0.0357015
0.0344471
0.0329972
0.0314023
0.0297113
0.0279671
0.0262174
0.0245139
0.0229113
0.0214565
0.0201843
0.0191047
0.0182189
0.0175138
0.0169616
0.0165303
0.0162058
0.0159912
0.0158379
0.015768
0.0414106
0.0400519
0.0386187
0.0370593
0.0353782
0.0335529
0.0315925
0.0295408
0.0274724
0.0254657
0.0235825
0.021872
0.0203752
0.0191098
0.0180757
0.0172657
0.0166575
0.016209
0.0158703
0.0156196
0.0154614
0.0153451
0.0152928
0.0440284
0.0425766
0.0409651
0.0390865
0.036915
0.0345444
0.0320525
0.0295208
0.0270407
0.0247057
0.022592
0.0207581
0.0192224
0.0179798
0.0170128
0.0162962
0.0157956
0.0154584
0.0152203
0.0150507
0.0149504
0.0148744
0.01484
0.0480514
0.045689
0.043161
0.0404298
0.0375517
0.0345388
0.0314818
0.028506
0.025712
0.0231885
0.0210035
0.01919
0.0177403
0.016628
0.0158125
0.0152477
0.0148897
0.0146841
0.0145643
0.0144907
0.0144578
0.0144312
0.0144196
0.0515584
0.0486665
0.0454414
0.0418638
0.0380551
0.0342108
0.0304932
0.027043
0.0239626
0.0213274
0.0191609
0.0174491
0.0161553
0.0152284
0.014603
0.014214
0.0140063
0.0139298
0.0139273
0.0139506
0.0139878
0.0140166
0.0140315
0.0557868
0.0514061
0.0469656
0.0424251
0.0378268
0.033293
0.0290288
0.0251979
0.0219194
0.0192454
0.0171611
0.0156139
0.0145297
0.0138246
0.0134122
0.0132118
0.0131575
0.0132051
0.013313
0.0134289
0.0135357
0.0136225
0.0136655
0.0598903
0.0542838
0.048396
0.0423504
0.0365085
0.0311506
0.026444
0.0224707
0.0192374
0.016722
0.0148673
0.0135906
0.0127905
0.0123594
0.0121958
0.0122075
0.0123217
0.0125006
0.0127183
0.0129244
0.0131
0.013244
0.0133139
0.0635296
0.0555554
0.0480129
0.0407179
0.0339201
0.0279395
0.022967
0.0190093
0.0159896
0.0138017
0.0123254
0.0114307
0.0109865
0.0108724
0.0109831
0.0112237
0.0115204
0.0118389
0.0121638
0.0124548
0.0126949
0.012888
0.0129806
0.0661098
0.0561934
0.0465575
0.0377094
0.0300363
0.0237518
0.0187803
0.0150161
0.0123414
0.0106002
0.00960931
0.00918305
0.00915644
0.00939714
0.00980205
0.0102828
0.0107715
0.0112358
0.0116661
0.0120372
0.0123362
0.0125687
0.0126801
0.0671789
0.0535877
0.0422104
0.0323973
0.0244295
0.0183021
0.0137503
0.0105285
0.00843835
0.00728718
0.00686111
0.0069483
0.00736705
0.00797673
0.00868014
0.00940057
0.0100806
0.0106914
0.0112259
0.0116747
0.0120285
0.0122955
0.0124255
0.0640509
0.0486245
0.0357371
0.0253172
0.0174828
0.0118495
0.0079765
0.00552241
0.00422359
0.0038158
0.00404561
0.00469498
0.00558334
0.00657241
0.00757883
0.00853953
0.00941197
0.0101727
0.0108175
0.011348
0.0117597
0.0120648
0.0122179
0.0565099
0.0384192
0.0257118
0.015906
0.00895836
0.00429012
0.00139399
-6.20982e-05
-0.00037923
0.000100492
0.00108602
0.00235942
0.00375218
0.00513861
0.00645768
0.00766384
0.00873308
0.00964875
0.0104128
0.0110334
0.0115104
0.0118623
0.0120454
0.0393962
0.0248021
0.0131855
0.00478653
-0.000765133
-0.00425746
-0.00603273
-0.00632863
-0.00553024
-0.00405398
-0.00221861
-0.000241036
0.00172325
0.00355869
0.00522812
0.00670877
0.00799555
0.00908341
0.00998323
0.0107083
0.0112615
0.0116715
0.0118913
0.0198846
0.00935149
0.000527031
-0.00606565
-0.0101749
-0.0125539
-0.0132198
-0.0123472
-0.0104528
-0.00800426
-0.00534345
-0.00268086
-0.000152953
0.002131
0.00414535
0.00589155
0.0073815
0.00862484
0.00964315
0.0104566
0.0110715
0.011523
0.0117689
-0.0031004
-0.0120263
-0.0161794
-0.019426
-0.0207456
-0.020744
-0.0194073
-0.0169358
-0.0138245
-0.0104706
-0.00714069
-0.00398381
-0.00108597
0.00147195
0.00368214
0.00556661
0.00715075
0.00845695
0.00951617
0.0103547
0.0109815
0.0114301
0.0116743
-0.0294041
-0.036939
-0.0367211
-0.0357082
-0.0327786
-0.0288997
-0.024523
-0.0199743
-0.0155223
-0.0113382
-0.00751249
-0.00407436
-0.00102768
0.00160215
0.00383823
0.00571853
0.00727823
0.00854888
0.00956836
0.0103677
0.0109575
0.0113629
0.0115807
-0.0532841
-0.0579049
-0.0531763
-0.0487481
-0.0422854
-0.0354335
-0.0286146
-0.0223422
-0.0167597
-0.0118657
-0.00761746
-0.00395058
-0.000799861
0.00187261
0.00411147
0.00596367
0.00747781
0.00869432
0.00965769
0.0104038
0.0109453
0.0113012
0.0114869
-0.0754855
-0.0740371
-0.0643331
-0.0570421
-0.048152
-0.0397044
-0.0315966
-0.0243219
-0.0179973
-0.0125762
-0.00797226
-0.00407876
-0.00079964
0.00195233
0.00423208
0.00608862
0.00758557
0.00877213
0.00969908
0.010407
0.0109125
0.0112326
0.0113935
-0.0965087
-0.0880583
-0.0735606
-0.063132
-0.0519763
-0.0423192
-0.0334715
-0.0257079
-0.0189998
-0.0132747
-0.00844183
-0.0043786
-0.000985489
0.00185015
0.00418359
0.00606712
0.00757352
0.00875659
0.00967188
0.0103633
0.0108512
0.0111544
0.0113024
-0.11578
-0.100393
-0.081841
-0.0682019
-0.0549619
-0.0441398
-0.0346264
-0.0265288
-0.0196074
-0.0137353
-0.00879432
-0.00464093
-0.00118191
0.00170342
0.00406773
0.00597063
0.00748904
0.00867776
0.00959417
0.0102827
0.0107671
0.0110683
0.0112139
-0.132192
-0.110483
-0.0889693
-0.0724191
-0.0574881
-0.0455414
-0.035343
-0.0269161
-0.019819
-0.0138827
-0.00891565
-0.00474506
-0.00128193
0.00160259
0.00396244
0.00586355
0.00738283
0.00857386
0.00949356
0.0101846
0.0106723
0.010979
0.0111285
)
;

boundaryField
{
    outlet
    {
        type            fixedValue;
        value           uniform 0;
    }
    upperWall
    {
        type            symmetryPlane;
    }
    lowerWall
    {
        type            symmetryPlane;
    }
    inlet
    {
        type            zeroGradient;
    }
    cylinder
    {
        type            zeroGradient;
    }
    frontAndBack
    {
        type            empty;
    }
}


// ************************************************************************* //
