/*--------------------------------*- C++ -*----------------------------------*\
| =========                 |                                                 |
| \\      /  F ield         | OpenFOAM: The Open Source CFD Toolbox           |
|  \\    /   O peration     | Version:  2312                                  |
|   \\  /    A nd           | Website:  www.openfoam.com                      |
|    \\/     M anipulation  |                                                 |
\*---------------------------------------------------------------------------*/
FoamFile
{
    version     2.0;
    format      ascii;
    arch        "LSB;label=32;scalar=64";
    class       volScalarField;
    location    "176.3";
    object      p;
}
// * * * * * * * * * * * * * * * * * * * * * * * * * * * * * * * * * * * * * //

dimensions      [0 2 -2 0 0 0 0];

internalField   nonuniform List<scalar> 
5478
(
-0.443338
-0.441139
-0.434282
-0.425335
-0.416929
-0.410732
-0.406945
-0.404048
-0.399529
-0.390922
-0.377126
-0.358029
-0.335981
-0.308094
-0.276641
-0.455581
-0.452262
-0.446017
-0.437908
-0.428601
-0.418113
-0.406591
-0.393863
-0.379336
-0.362745
-0.343955
-0.323313
-0.300371
-0.275188
-0.250204
-0.47298
-0.467462
-0.460194
-0.451017
-0.43812
-0.421238
-0.401859
-0.381405
-0.360648
-0.339664
-0.318333
-0.296314
-0.273826
-0.25082
-0.227369
-0.49525
-0.486686
-0.477172
-0.464239
-0.444792
-0.420497
-0.394487
-0.368737
-0.343921
-0.320109
-0.297033
-0.274615
-0.252571
-0.230863
-0.210279
-0.523458
-0.51019
-0.497543
-0.477236
-0.448791
-0.417035
-0.385584
-0.355919
-0.328383
-0.302768
-0.278784
-0.256038
-0.234299
-0.213719
-0.193594
-0.558869
-0.538407
-0.518958
-0.487784
-0.449436
-0.410808
-0.374856
-0.342221
-0.312667
-0.285791
-0.261139
-0.238365
-0.217209
-0.197365
-0.178412
-0.594488
-0.569033
-0.536859
-0.492626
-0.445001
-0.400493
-0.360804
-0.325773
-0.294759
-0.267114
-0.242294
-0.219834
-0.199367
-0.180631
-0.162721
-0.623967
-0.594747
-0.546817
-0.489151
-0.433433
-0.384096
-0.341554
-0.304876
-0.273007
-0.245147
-0.220602
-0.198844
-0.179499
-0.162061
-0.146107
-0.460685
-0.460012
-0.461055
-0.466626
-0.477351
-0.493746
-0.51619
-0.5445
-0.57761
-0.613475
-0.649342
-0.681546
-0.7062
-0.718916
-0.713826
-0.466258
-0.463308
-0.463606
-0.468691
-0.479381
-0.496386
-0.520213
-0.550772
-0.586995
-0.626451
-0.666108
-0.702249
-0.730302
-0.745471
-0.741366
-0.46719
-0.46209
-0.460769
-0.46376
-0.47218
-0.486891
-0.50841
-0.536584
-0.570365
-0.607227
-0.644015
-0.678295
-0.703511
-0.717269
-0.70912
-0.463127
-0.456671
-0.452851
-0.451872
-0.455578
-0.4653
-0.481719
-0.504777
-0.533508
-0.566102
-0.598911
-0.630086
-0.651094
-0.65887
-0.640504
-0.455542
-0.449101
-0.442649
-0.436623
-0.434128
-0.437514
-0.448075
-0.466148
-0.49064
-0.520383
-0.550188
-0.576242
-0.589311
-0.585648
-0.555754
-0.446943
-0.441773
-0.433497
-0.423215
-0.415265
-0.413227
-0.419437
-0.434791
-0.457199
-0.482865
-0.505497
-0.52072
-0.520908
-0.504968
-0.467847
-0.439975
-0.436548
-0.427651
-0.415448
-0.405103
-0.40089
-0.405494
-0.417961
-0.435148
-0.451537
-0.462048
-0.462635
-0.449472
-0.426282
-0.39116
-0.437957
-0.435621
-0.427566
-0.416018
-0.406503
-0.402123
-0.403935
-0.410413
-0.417845
-0.421464
-0.41824
-0.405299
-0.384529
-0.358689
-0.328782
-0.657367
-0.499511
-0.341084
-0.244086
-0.232859
-0.230371
-0.223134
-0.172073
-0.145804
-0.13458
-0.128414
-0.119714
-0.129723
-0.144003
-0.154677
-0.128316
-0.108075
-0.112155
-0.145929
-0.137913
-0.126134
-0.117408
-0.146633
-0.125412
-0.134464
-0.161665
-0.205713
-0.151911
-0.135904
-0.0571221
-0.0351274
-0.0242261
-0.0160868
-0.00979088
-0.00621803
-0.00421501
-0.00234814
-0.000742153
-0.687122
-0.519897
-0.344605
-0.22764
-0.190381
-0.162212
-0.160884
-0.137742
-0.136682
-0.136596
-0.138994
-0.141969
-0.14712
-0.147966
-0.153278
-0.131269
-0.112881
-0.122546
-0.153997
-0.142036
-0.124559
-0.102632
-0.132097
-0.118525
-0.135109
-0.185882
-0.226941
-0.138189
-0.120292
-0.0595046
-0.0378596
-0.0237528
-0.0152944
-0.00985885
-0.00633925
-0.00418595
-0.00232751
-0.000742056
-0.652638
-0.499648
-0.336131
-0.21327
-0.162078
-0.118591
-0.0912953
-0.103549
-0.128392
-0.140082
-0.150821
-0.167131
-0.167947
-0.15211
-0.150134
-0.132602
-0.116116
-0.131997
-0.160127
-0.144772
-0.121188
-0.0886776
-0.116063
-0.110172
-0.13197
-0.206547
-0.240332
-0.122165
-0.102395
-0.0604915
-0.0400348
-0.0231175
-0.0144858
-0.00988674
-0.00644993
-0.00415174
-0.00230374
-0.000741007
-0.571597
-0.447172
-0.311819
-0.199372
-0.149054
-0.103493
-0.0548178
-0.0766826
-0.118286
-0.141569
-0.160822
-0.190134
-0.188208
-0.155743
-0.145028
-0.131246
-0.117258
-0.140231
-0.164745
-0.146807
-0.117084
-0.0765648
-0.0993462
-0.100535
-0.124877
-0.222129
-0.245917
-0.106515
-0.0838396
-0.0599127
-0.0415213
-0.022412
-0.0137112
-0.00986446
-0.00654063
-0.0041136
-0.00227728
-0.000738697
-0.478116
-0.389331
-0.284714
-0.19283
-0.141499
-0.101954
-0.0522187
-0.0690796
-0.115414
-0.137564
-0.159108
-0.198825
-0.19977
-0.158766
-0.139668
-0.127186
-0.115859
-0.146797
-0.167558
-0.147593
-0.112615
-0.0665295
-0.0833417
-0.0899212
-0.114398
-0.232306
-0.244934
-0.0931056
-0.0652532
-0.0578909
-0.0421457
-0.0216794
-0.0130577
-0.00978615
-0.00660228
-0.00407187
-0.00224851
-0.000734924
-0.393535
-0.338413
-0.260191
-0.185675
-0.136318
-0.103494
-0.0637512
-0.077838
-0.122646
-0.133479
-0.145539
-0.191592
-0.194794
-0.156715
-0.132452
-0.119989
-0.11078
-0.14994
-0.168463
-0.148389
-0.10957
-0.0589476
-0.0690947
-0.0784089
-0.101155
-0.236596
-0.238239
-0.0827592
-0.0477495
-0.0548037
-0.0419975
-0.0209974
-0.0122818
-0.00964485
-0.00663411
-0.00402919
-0.00221924
-0.00072985
-0.334981
-0.302208
-0.244852
-0.179487
-0.129927
-0.100647
-0.0720378
-0.0916502
-0.125804
-0.120806
-0.122808
-0.174897
-0.189
-0.15508
-0.127282
-0.111871
-0.101
-0.149742
-0.164917
-0.146618
-0.105034
-0.0531045
-0.058196
-0.0662921
-0.0838275
-0.236458
-0.226094
-0.0751987
-0.0311935
-0.0505512
-0.0409496
-0.0203242
-0.0115025
-0.0094622
-0.00662103
-0.00398121
-0.00218757
-0.000723033
-0.30004
-0.276943
-0.234912
-0.182147
-0.134019
-0.104732
-0.0671606
-0.0865336
-0.135031
-0.110274
-0.102395
-0.14527
-0.151171
-0.141319
-0.118683
-0.101078
-0.0884618
-0.144422
-0.171215
-0.148047
-0.102681
-0.0502757
-0.0342526
-0.0541909
-0.0642281
-0.232477
-0.211227
-0.0724821
-0.0165306
-0.0455064
-0.0394278
-0.0198153
-0.0107997
-0.00922647
-0.00660502
-0.0039438
-0.00216189
-0.000716284
-0.260593
-0.250599
-0.20746
-0.157182
-0.11339
-0.0808302
-0.0420118
-0.0302984
-0.0391555
-0.0544983
-0.0668765
-0.125058
-0.161722
-0.12925
-0.100378
-0.0832535
-0.0794239
-0.13085
-0.150794
-0.137715
-0.0945684
-0.0479107
-0.0339784
-0.0445882
-0.0559053
-0.216603
-0.189876
-0.0694562
-0.0115162
-0.0396753
-0.0361133
-0.0188659
-0.010259
-0.00885954
-0.00643508
-0.00385642
-0.0021125
-0.000700493
-0.192641
-0.18936
-0.155093
-0.115173
-0.0795938
-0.0530689
-0.0199673
0.00980525
0.0230374
0.0174934
-0.0185441
-0.0859232
-0.114806
-0.0941638
-0.0718076
-0.0574734
-0.0578306
-0.112659
-0.152397
-0.119986
-0.0777511
-0.0294204
-0.0173862
-0.0288676
-0.0383463
-0.187627
-0.175652
-0.0512543
-0.0041792
-0.0316456
-0.0329811
-0.0171038
-0.00928196
-0.00831067
-0.00613644
-0.00371291
-0.00203595
-0.000675888
-0.150827
-0.152185
-0.130143
-0.0983704
-0.0660183
-0.0384686
-0.00431835
0.0346217
0.0586299
0.0539226
0.0145531
-0.0399613
-0.0670642
-0.063588
-0.0496093
-0.0352686
-0.0325079
-0.0730456
-0.0902581
-0.0853035
-0.0495256
-0.011041
-0.0115857
-0.0169154
-0.0189831
-0.145203
-0.136476
-0.0269356
-0.000905576
-0.0233683
-0.0275497
-0.0149026
-0.00863192
-0.00770164
-0.00575147
-0.0035551
-0.00195876
-0.000649227
-0.11527
-0.11658
-0.0997396
-0.0728361
-0.0456212
-0.02117
0.00685988
0.0381765
0.0578031
0.0558573
0.0292819
-0.00727486
-0.0282105
-0.0331947
-0.0237404
-0.00980245
-0.00792
-0.0315599
-0.0489209
-0.0509912
-0.0255055
-0.0014939
-0.00566904
-0.00461721
-0.00154312
-0.0927909
-0.0802499
-0.00346779
0.00471295
-0.0136069
-0.0213332
-0.0128729
-0.00815195
-0.00697462
-0.00526881
-0.00338543
-0.00187634
-0.000618182
-0.0856818
-0.0878475
-0.0769597
-0.0576728
-0.0366095
-0.017036
0.00517598
0.0290867
0.0457389
0.0464034
0.0307232
0.00949127
-0.00679145
-0.0133264
-0.0116381
0.0031972
0.0111867
0.0102165
-0.00128238
-0.0213249
-0.0116189
0.000789698
-0.00349942
0.00342589
0.0107488
-0.0365417
-0.0197071
0.0170166
0.0116724
-0.00287951
-0.0133395
-0.0106002
-0.00793674
-0.00612754
-0.00469591
-0.00319616
-0.00178307
-0.000582484
-0.0640966
-0.0660966
-0.0587357
-0.0445834
-0.0283846
-0.0124854
0.00412915
0.0206921
0.0327191
0.0349474
0.0269783
0.0154328
0.00604819
0.00121254
0.00391583
0.0156308
0.0207886
0.0252793
0.0176919
-0.00450266
-0.00347689
0.00250416
0.00230435
0.0103946
0.0156755
0.00328674
0.0191525
0.0292443
0.017409
0.00629515
-0.00559927
-0.00832217
-0.0070443
-0.00512861
-0.00408668
-0.00298039
-0.00166621
-0.000539486
-0.0466589
-0.0484333
-0.0437464
-0.0338829
-0.0220982
-0.010326
0.00150356
0.0126669
0.0217391
0.024858
0.0220965
0.0167695
0.0116763
0.00884148
0.00896915
0.0183074
0.0243069
0.0287883
0.023915
0.00697199
0.0043976
0.00655862
0.0083676
0.0148597
0.0193762
0.0220987
0.0306876
0.030341
0.0188061
0.0115521
-0.000281926
-0.00630049
-0.0058665
-0.0041414
-0.0035083
-0.00270648
-0.00150947
-0.000486585
-0.0329409
-0.0347659
-0.0319898
-0.0253318
-0.0169916
-0.00843878
1.48905e-05
0.007901
0.0143602
0.0176848
0.0176448
0.0156964
0.0137361
0.0131651
0.0142151
0.0207687
0.0247448
0.0261749
0.0233536
0.0134652
0.0100453
0.0104023
0.013344
0.0179523
0.0202922
0.0224112
0.0282248
0.0272898
0.0194764
0.0128351
0.00208136
-0.00431871
-0.00440482
-0.00327735
-0.00295251
-0.0023431
-0.00130733
-0.00042302
-0.0224939
-0.0241982
-0.0225945
-0.0181649
-0.0124042
-0.00640494
-0.000497867
0.00491846
0.00971681
0.0128138
0.0141185
0.0142451
0.0140755
0.0144952
0.0149802
0.0190363
0.0222351
0.022958
0.0216276
0.0160647
0.0135237
0.0128629
0.014367
0.0185367
0.0202443
0.0213724
0.0252103
0.0240224
0.0189144
0.0127718
0.00389221
-0.00209807
-0.00284958
-0.00241088
-0.00233388
-0.00188947
-0.00106906
-0.000345498
-0.0143311
-0.0158006
-0.0149809
-0.0121724
-0.0082976
-0.00415785
-4.14808e-05
0.00377119
0.00726554
0.00991503
0.0116561
0.0126083
0.0132094
0.0143531
0.0154186
0.0180378
0.020292
0.0204764
0.0196294
0.016762
0.0152178
0.0145657
0.015813
0.0187318
0.0196692
0.019441
0.0218108
0.0210787
0.0179128
0.0123472
0.00519611
-8.03167e-05
-0.00147678
-0.00158395
-0.00168573
-0.00141538
-0.000827264
-0.000270695
-0.00790799
-0.00917977
-0.00886863
-0.00714543
-0.0045634
-0.00174109
0.00109673
0.00377972
0.00632304
0.00851357
0.0101445
0.0114405
0.0124828
0.0138223
0.0148773
0.0163875
0.0179947
0.0183191
0.017934
0.0165286
0.015716
0.015198
0.0155881
0.0175759
0.0184997
0.0181872
0.0190943
0.0184875
0.0163033
0.0119905
0.00626832
0.00168631
-0.000183564
-0.000735046
-0.00100802
-0.000919964
-0.000559192
-0.000180326
-0.00296681
-0.00408258
-0.00405293
-0.00296273
-0.00126047
0.000634107
0.00256631
0.00445185
0.00627532
0.00797473
0.00940186
0.0106727
0.0117429
0.0129159
0.014018
0.015132
0.016294
0.0167244
0.0166053
0.0160192
0.0157064
0.0156267
0.015857
0.0169187
0.0173502
0.0169598
0.0170174
0.0164254
0.0147826
0.011547
0.00702087
0.00312813
0.00099769
8.13168e-05
-0.000370365
-0.000454949
-0.000300309
-9.75201e-05
0.000957097
4.41358e-05
-8.63562e-05
0.000520306
0.00161108
0.00288229
0.00418226
0.00547178
0.00675195
0.00801823
0.00915755
0.0102202
0.0112021
0.0122261
0.0132154
0.0140741
0.0148824
0.0153753
0.0154952
0.0153095
0.0152358
0.0151447
0.0152144
0.0157699
0.0160441
0.0157124
0.0153643
0.0146023
0.0132485
0.0109141
0.00747261
0.00422074
0.00205759
0.00085746
0.0002206
-2.23976e-05
-4.71369e-05
-1.20325e-05
0.00404825
0.00329692
0.0030911
0.00341786
0.00410097
0.00492654
0.0057722
0.00662838
0.00751362
0.008422
0.00928189
0.0101011
0.0109046
0.0117271
0.012529
0.0132259
0.0138441
0.0143191
0.0145575
0.0145699
0.0146271
0.0146568
0.0146898
0.0149097
0.0149096
0.0145448
0.0140654
0.0132929
0.0121
0.0102906
0.00770441
0.0050401
0.00299022
0.00161864
0.000794287
0.00038257
0.000194368
7.51265e-05
0.00646564
0.00586949
0.00564425
0.00578835
0.00618932
0.00670293
0.007238
0.00778754
0.00837113
0.00899112
0.00960331
0.0101949
0.0107944
0.0114217
0.0120385
0.0125892
0.0130636
0.0134655
0.013741
0.0138463
0.0139392
0.0139751
0.0139389
0.0139594
0.0138425
0.0134752
0.0129379
0.0121596
0.0110953
0.00964975
0.00768826
0.0055491
0.00371136
0.00230582
0.00132383
0.000738372
0.000396839
0.000144601
0.00837128
0.00789886
0.00767298
0.00770347
0.0079194
0.00821921
0.00853483
0.00886156
0.00922293
0.00962246
0.01003
0.0104287
0.0108396
0.0112842
0.0117338
0.0121413
0.0124916
0.0128084
0.0130552
0.0131738
0.0132519
0.0132794
0.013221
0.0131307
0.0129242
0.012537
0.0120016
0.0112859
0.0103385
0.00912081
0.00759126
0.00587785
0.00426487
0.0029045
0.00183318
0.00108651
0.00058981
0.000212062
0.00984685
0.00947725
0.00926957
0.0092338
0.00932488
0.00947418
0.00963518
0.00980681
0.010008
0.0102428
0.010489
0.0107344
0.0109942
0.0112867
0.0115807
0.0118496
0.0120879
0.0123063
0.0124859
0.012576
0.0126215
0.0126182
0.0125234
0.0123656
0.0121157
0.0117294
0.0112052
0.010535
0.00969118
0.00865291
0.00740919
0.00601347
0.00462113
0.00335688
0.00227354
0.00140952
0.000762481
0.000261296
0.0109824
0.0106959
0.0105097
0.0104333
0.0104408
0.0104873
0.0105423
0.0106059
0.0106919
0.0108039
0.0109258
0.0110502
0.0111862
0.0113481
0.0115181
0.0116733
0.0118099
0.0119345
0.0120342
0.0120726
0.0120688
0.0120198
0.0118943
0.0117027
0.0114267
0.0110418
0.0105434
0.0099265
0.0091724
0.00826945
0.00722303
0.00605981
0.00485518
0.00369578
0.00263637
0.00170819
0.000938306
0.000312633
0.0118433
0.0116189
0.0114534
0.011354
0.011307
0.0112839
0.0112662
0.011255
0.01126
0.0112838
0.0113144
0.0113479
0.0113899
0.0114515
0.0115192
0.0115787
0.0116259
0.0116661
0.0116879
0.0116674
0.0116114
0.0115164
0.01136
0.0111404
0.0108501
0.0104724
0.00999866
0.00942431
0.00874203
0.00794463
0.00703688
0.00603426
0.00497656
0.0039167
0.00289825
0.00195306
0.00110155
0.000359841
0.0124771
0.0122984
0.0121504
0.0120385
0.0119562
0.0118872
0.0118214
0.0117603
0.0117096
0.0116711
0.0116365
0.0116041
0.0115766
0.0115623
0.011551
0.0115347
0.0115096
0.011479
0.0114336
0.0113577
0.0112534
0.011115
0.0109276
0.0106866
0.0103855
0.010012
0.00955915
0.00902255
0.00839673
0.00767718
0.00686844
0.00598049
0.00503259
0.00405761
0.0030841
0.0021401
0.0012415
0.000405625
0.0129248
0.0127776
0.0126428
0.0125245
0.0124201
0.0123221
0.0122256
0.012132
0.0120444
0.0119634
0.0118844
0.0118064
0.0117306
0.0116614
0.0115928
0.0115201
0.0114403
0.0113543
0.0112557
0.0111342
0.0109889
0.0108145
0.0106005
0.0103412
0.0100306
0.00966015
0.00922298
0.00871411
0.0081297
0.00746678
0.00672689
0.0059169
0.00504598
0.004135
0.00320164
0.00226648
0.00134328
0.000442091
0.0132103
0.0130832
0.0129579
0.0128372
0.0127205
0.0126058
0.0124915
0.0123788
0.0122686
0.0121613
0.0120543
0.0119475
0.0118408
0.0117359
0.0116295
0.0115191
0.0114021
0.0112779
0.011142
0.0109879
0.0108128
0.0106119
0.0103778
0.0101045
0.00978653
0.00941699
0.00898922
0.00849942
0.00794227
0.00731642
0.00662111
0.00586044
0.00504023
0.00417221
0.00326858
0.00234371
0.00140773
0.000467219
0.0133493
0.0132322
0.0131124
0.0129914
0.0128697
0.0127478
0.0126256
0.0125042
0.0123833
0.012263
0.0121424
0.0120215
0.0118994
0.0117763
0.0116506
0.0115208
0.0113845
0.01124
0.0110842
0.0109127
0.0107213
0.010506
0.0102605
0.00997947
0.00965699
0.00928761
0.00886454
0.0083842
0.00784129
0.00723433
0.00656178
0.00582613
0.00503168
0.00418561
0.00329826
0.00237999
0.00143836
0.000479586
-0.126337
-0.138567
-0.152413
-0.164734
-0.180996
-0.193468
-0.211482
-0.229748
-0.104611
-0.112687
-0.122016
-0.130812
-0.141334
-0.149446
-0.158267
-0.169874
-0.0841473
-0.0893382
-0.0947524
-0.10025
-0.105877
-0.111518
-0.118981
-0.130739
-0.0673754
-0.0702753
-0.0732328
-0.0771907
-0.0820678
-0.0879513
-0.0943257
-0.102583
-0.0527701
-0.0546465
-0.0567882
-0.0601302
-0.0638937
-0.0674786
-0.0709421
-0.0760529
-0.0408716
-0.0419308
-0.0431486
-0.0450142
-0.0469164
-0.0489838
-0.0517863
-0.0565064
-0.0305887
-0.030959
-0.0314209
-0.032473
-0.033919
-0.0357672
-0.0380492
-0.0414544
-0.022024
-0.0220566
-0.0222184
-0.0229073
-0.0239296
-0.0251538
-0.0266049
-0.0289887
-0.0149332
-0.0147838
-0.0147154
-0.0150215
-0.0155858
-0.0163585
-0.0174476
-0.0194007
-0.00900386
-0.00876526
-0.00856819
-0.00865357
-0.0089994
-0.00959141
-0.0104872
-0.0120135
-0.00412151
-0.00389394
-0.00368596
-0.00368553
-0.00390692
-0.00432803
-0.00497961
-0.00612866
-0.000131921
4.7262e-05
0.00023359
0.000289246
0.000177538
-0.000104147
-0.000606574
-0.0015378
0.00313612
0.00325857
0.00340458
0.00346915
0.00340145
0.00318507
0.00278117
0.00205375
0.00578028
0.00583788
0.00592628
0.00597036
0.00592218
0.00576266
0.00545572
0.00489721
0.00790198
0.00790374
0.00793848
0.00795589
0.00791335
0.00778741
0.00754521
0.00711478
0.00958046
0.00953875
0.00952726
0.00951477
0.00946801
0.00936582
0.00918036
0.00885913
0.0108916
0.0108221
0.0107786
0.0107429
0.0106903
0.0106023
0.0104554
0.0102131
0.0119043
0.0118178
0.0117522
0.0116973
0.0116362
0.0115544
0.0114348
0.0112535
0.0126733
0.0125775
0.0124981
0.0124301
0.0123621
0.0122836
0.0121831
0.0120452
0.0132438
0.0131442
0.0130572
0.0129802
0.0129064
0.0128286
0.0127398
0.0126311
0.013645
0.0135461
0.0134561
0.0133742
0.0132965
0.0132189
0.0131374
0.0130474
0.0138944
0.0138004
0.0137117
0.0136284
0.0135488
0.0134712
0.0133936
0.0133141
0.0140077
0.0139216
0.0138371
0.0137547
0.0136745
0.0135964
0.01352
0.0134446
0.0364871
0.0395237
0.0418408
0.0426518
0.041346
0.0378768
0.0321284
0.0235007
0.0108898
-0.00728667
-0.0331941
-0.0698323
-0.122178
-0.193923
-0.259641
0.0121896
0.0127539
0.0108778
0.00708448
0.00144822
-0.00634681
-0.0168829
-0.0310472
-0.0500737
-0.0756326
-0.110029
-0.156194
-0.219021
-0.303841
-0.374203
-0.0109026
-0.0134972
-0.0197036
-0.0277844
-0.0373855
-0.049175
-0.0641102
-0.0832694
-0.107959
-0.139907
-0.181569
-0.236095
-0.306813
-0.402552
-0.470397
-0.0345917
-0.0404547
-0.050065
-0.0613517
-0.074205
-0.0895461
-0.108421
-0.131924
-0.161431
-0.198677
-0.245951
-0.307387
-0.384927
-0.481908
-0.546393
-0.0593317
-0.0680694
-0.0799582
-0.093375
-0.108694
-0.126981
-0.149143
-0.176123
-0.209383
-0.250847
-0.301724
-0.367781
-0.448619
-0.542276
-0.600891
-0.0831957
-0.0947324
-0.108308
-0.123337
-0.140656
-0.161274
-0.185939
-0.215411
-0.251166
-0.294965
-0.349016
-0.416194
-0.496381
-0.583568
-0.633816
-0.105799
-0.119586
-0.134311
-0.150755
-0.169818
-0.19221
-0.218605
-0.249807
-0.286957
-0.331715
-0.386153
-0.451915
-0.528131
-0.605345
-0.646755
-0.12714
-0.141707
-0.157726
-0.175738
-0.196307
-0.219996
-0.247436
-0.279399
-0.316844
-0.361137
-0.413872
-0.475847
-0.544648
-0.608494
-0.642588
0.185511
0.200088
0.216444
0.234997
0.255781
0.278665
0.303545
0.330373
0.359071
0.389372
0.420675
0.45178
0.48066
0.503263
0.521737
0.18083
0.194319
0.2097
0.227448
0.247426
0.269327
0.292978
0.318333
0.345309
0.373594
0.402497
0.430706
0.456035
0.474481
0.488863
0.172
0.183629
0.197447
0.213853
0.232414
0.25258
0.274067
0.296786
0.320609
0.345148
0.369591
0.392465
0.411318
0.422272
0.429624
0.159005
0.168219
0.180006
0.194493
0.210902
0.2285
0.246934
0.266051
0.285611
0.305058
0.323367
0.338833
0.348639
0.34886
0.346833
0.141939
0.148489
0.158187
0.1706
0.184371
0.198587
0.212939
0.22732
0.241427
0.254521
0.265305
0.271771
0.270694
0.257904
0.243823
0.121134
0.124409
0.131815
0.142055
0.15302
0.163589
0.173455
0.182494
0.190313
0.196009
0.198065
0.194187
0.180725
0.153273
0.12513
0.0971444
0.0978904
0.103152
0.110455
0.117635
0.123819
0.128771
0.132208
0.133454
0.131348
0.124129
0.109222
0.0826038
0.039862
-0.00274469
0.0688304
0.0686755
0.0732171
0.0776952
0.0806195
0.0817974
0.0812671
0.0786301
0.0729403
0.0627686
0.0460992
0.0200649
-0.0198221
-0.0776736
-0.133546
0.0269377
0.0313343
0.0276625
0.0315931
0.0291265
0.033415
0.0316547
0.0360172
0.035348
0.0398373
0.0405505
0.0453148
0.0478357
0.0534162
0.0580516
0.0652887
0.072646
0.082539
0.0935257
0.107427
0.123317
0.142827
0.165192
0.0269407
0.0313034
0.0276737
0.0315534
0.0291426
0.0333738
0.0316731
0.0359591
0.0353514
0.0397841
0.0405324
0.0452174
0.0478139
0.0533751
0.0579203
0.0651823
0.0723366
0.0821618
0.0928092
0.106485
0.121673
0.140622
0.161871
0.0269537
0.0312469
0.0277061
0.0314844
0.0291847
0.0332976
0.031722
0.0358633
0.0353992
0.0397251
0.0405569
0.0451167
0.0477908
0.0531948
0.0577356
0.0649294
0.0718374
0.0815489
0.0916125
0.104859
0.118956
0.136791
0.155748
0.0269756
0.0311669
0.0277487
0.0313891
0.029247
0.033193
0.0317986
0.0357392
0.0354674
0.0396248
0.040593
0.0450104
0.0478294
0.0531481
0.0576077
0.0648225
0.0712517
0.0808521
0.0900173
0.102604
0.114974
0.131018
0.146578
0.0270056
0.0310669
0.0278166
0.0312717
0.0293264
0.0330659
0.0318946
0.0355883
0.035552
0.0394952
0.0406338
0.0448009
0.0477721
0.0527983
0.057306
0.0642564
0.070275
0.079431
0.0877176
0.0992799
0.109694
0.123245
0.134136
0.027039
0.0309487
0.0278802
0.0311383
0.0294157
0.0329252
0.0320101
0.0354431
0.0356565
0.0394031
0.0407265
0.0448142
0.0479207
0.0528717
0.0572111
0.0641612
0.0695445
0.0784933
0.0853329
0.0957515
0.103198
0.113768
0.119121
0.0270853
0.0308154
0.0279536
0.030996
0.0295111
0.0327718
0.0321175
0.0352653
0.0357369
0.0392239
0.040737
0.0444988
0.0477874
0.052305
0.0566639
0.063002
0.0680674
0.0760316
0.0819258
0.0904956
0.0955732
0.101638
0.100958
0.0271251
0.0306743
0.0280253
0.0308537
0.0296109
0.0326399
0.0322637
0.0351829
0.035888
0.039231
0.0409386
0.0448477
0.0480466
0.0526951
0.0568239
0.0632
0.067469
0.0752162
0.0788883
0.0859259
0.0863018
0.0886389
0.0794466
0.0271731
0.0304809
0.0281219
0.030635
0.0297141
0.0323812
0.0323522
0.0348391
0.0358682
0.0388906
0.0407774
0.0441759
0.0474152
0.0512589
0.055399
0.0602925
0.0641955
0.0693771
0.0719957
0.0748911
0.0724819
0.0667223
0.0509031
0.0272406
0.0302088
0.0282462
0.0303335
0.0298185
0.0319662
0.0323854
0.0343488
0.0356925
0.0380351
0.040133
0.0429831
0.046072
0.0490697
0.0527424
0.0561262
0.0590864
0.0616019
0.0626539
0.0612649
0.0570156
0.047953
0.0352262
0.0273333
0.0298655
0.0283955
0.0299607
0.0299443
0.0314713
0.0324114
0.0337911
0.0354241
0.0372848
0.0394318
0.0417099
0.0445009
0.0467218
0.0496979
0.0517228
0.0535231
0.0539606
0.0533039
0.0497844
0.0440705
0.0347376
0.0225857
0.0274523
0.0294416
0.0285722
0.0295339
0.0300455
0.0310134
0.0323032
0.0332722
0.0350434
0.0364275
0.0385277
0.0402756
0.0425913
0.044192
0.046221
0.0471477
0.0477255
0.0466447
0.0445498
0.0399617
0.0334286
0.0243571
0.0129587
0.0276015
0.028929
0.0287308
0.0291586
0.0300415
0.0306073
0.0320783
0.0327428
0.0344951
0.0355461
0.0373804
0.038731
0.0403936
0.0414833
0.0425129
0.0424688
0.041997
0.0398423
0.0367386
0.0317056
0.0250419
0.0165469
0.00614504
0.0277756
0.0284004
0.0287867
0.0288367
0.0299517
0.0302223
0.0317196
0.0321977
0.0337762
0.0345845
0.0360416
0.0370247
0.0380085
0.0385875
0.0387385
0.0378517
0.0365641
0.0337916
0.0301473
0.0250433
0.0187102
0.0109712
0.0017469
0.0279271
0.0279017
0.0287379
0.028557
0.0297553
0.0298535
0.031228
0.0316113
0.0328911
0.0335178
0.0345523
0.0351502
0.0355266
0.0355807
0.0350269
0.0335268
0.0316706
0.0286269
0.0248089
0.0198947
0.0141444
0.00733524
-0.000610717
0.0280331
0.0274504
0.028589
0.0283035
0.0294426
0.0294846
0.0306148
0.0309572
0.0318836
0.0323288
0.0329486
0.0331467
0.0330197
0.0326009
0.0315191
0.0296518
0.0274566
0.0243704
0.0206653
0.0161503
0.0111054
0.00530975
-0.00135647
0.028067
0.027068
0.0283282
0.028063
0.0290205
0.0290911
0.0299125
0.0302108
0.0307886
0.031026
0.0312693
0.0310848
0.0305637
0.0297739
0.0283487
0.0263026
0.0239739
0.0210224
0.0176207
0.0136406
0.00933578
0.00452774
-0.000943263
0.0280107
0.0267643
0.0279573
0.0278162
0.0285122
0.0286339
0.0291536
0.0293601
0.0296314
0.0296448
0.0295615
0.0290473
0.0282402
0.0272022
0.0255929
0.0235155
0.0212257
0.01853
0.0155279
0.0121334
0.00855041
0.00464043
0.000228
0.0278515
0.0265369
0.0274962
0.027531
0.0279565
0.0280878
0.0283586
0.0284199
0.028431
0.0282254
0.0278776
0.0271167
0.0261263
0.0249478
0.0232864
0.0212917
0.0191611
0.0167864
0.0142166
0.0113952
0.00847486
0.00534575
0.00183377
0.0275861
0.0263678
0.0269787
0.0271473
0.0273794
0.0274618
0.0275354
0.0274263
0.0272152
0.0268214
0.0262765
0.0253612
0.0242688
0.0230427
0.0214326
0.0195951
0.0176914
0.0156591
0.0135131
0.011213
0.00886902
0.00639255
0.0036203
0.0272221
0.0262312
0.0264671
0.0266419
0.0267725
0.0267733
0.0266891
0.0264192
0.0260241
0.0254859
0.0248098
0.023816
0.0226916
0.0214902
0.0200014
0.0183641
0.0167141
0.0150131
0.0132544
0.011405
0.0095423
0.0075952
0.00541743
0.0267788
0.0260528
0.0260036
0.0260603
0.0261197
0.0260263
0.0258224
0.025433
0.0249003
0.0242586
0.0235059
0.0224996
0.0213999
0.0202691
0.0189414
0.0175241
0.0161258
0.0147241
0.0133018
0.0118303
0.0103615
0.00883916
0.00713813
0.0262858
0.0257803
0.0255765
0.0254996
0.0254387
0.0252447
0.0249494
0.0244844
0.0238705
0.0231655
0.0223807
0.0214108
0.020378
0.0193455
0.0181923
0.0169926
0.0158271
0.0146841
0.013544
0.012382
0.0112303
0.0100443
0.00872157
0.0257715
0.0254159
0.0251564
0.0249569
0.0247601
0.0244693
0.0240974
0.0235873
0.022942
0.0222173
0.0214383
0.0205374
0.0195997
0.0186793
0.0176934
0.0166917
0.0157305
0.0148025
0.0138904
0.0129737
0.0120711
0.0111476
0.0101229
0.0252559
0.0249895
0.0247086
0.0244228
0.0241129
0.0237358
0.0232991
0.0227634
0.0221215
0.021415
0.0206735
0.0198604
0.0190322
0.0182285
0.0173938
0.0165615
0.0157693
0.0150118
0.0142755
0.013546
0.0128345
0.0121137
0.0113247
0.0247511
0.0245315
0.0242379
0.0238981
0.0235138
0.0230712
0.0225841
0.0220343
0.021413
0.0207469
0.0200631
0.0193455
0.0186306
0.0179435
0.0172441
0.0165529
0.0158943
0.0152654
0.0146585
0.0140664
0.0134964
0.0129304
0.0123254
0.0242678
0.0240705
0.0237682
0.0233962
0.0229696
0.0224887
0.021971
0.0214179
0.0208256
0.0202104
0.019593
0.0189671
0.0183534
0.0177649
0.0171747
0.0165951
0.0160414
0.0155129
0.0150063
0.0145186
0.0140562
0.013607
0.0131417
0.0238214
0.0236341
0.0233277
0.0229388
0.0224911
0.0219943
0.0214668
0.0209217
0.0203622
0.0197989
0.0192452
0.0186969
0.0181637
0.0176522
0.0171469
0.0166546
0.0161843
0.0157361
0.0153089
0.0149026
0.0145214
0.0141583
0.0137954
0.0234342
0.0232527
0.0229465
0.0225521
0.0220974
0.021599
0.0210751
0.0205434
0.0200128
0.019492
0.018988
0.018497
0.0180235
0.017571
0.017132
0.01671
0.0163094
0.0159296
0.0155691
0.0152263
0.0149041
0.0146013
0.014311
0.0231347
0.0229552
0.0226522
0.0222603
0.0218084
0.021317
0.0208049
0.0202906
0.0197845
0.0192937
0.0188222
0.018369
0.0179358
0.0175242
0.017131
0.0167566
0.0164024
0.0160681
0.0157531
0.0154566
0.0151796
0.0149227
0.0146838
0.0229725
0.0227967
0.0224934
0.0220985
0.0216436
0.0211526
0.020644
0.0201349
0.0196377
0.0191614
0.0187109
0.0182854
0.0178822
0.0174995
0.0171356
0.0167902
0.0164644
0.0161592
0.0158752
0.0156124
0.0153718
0.0151542
0.01496
0.031602
0.00926276
-0.0135741
-0.0339504
-0.0547748
-0.0752043
-0.0949081
-0.111519
0.021297
0.00146948
-0.0222109
-0.0409053
-0.0559457
-0.0700426
-0.0836147
-0.0947788
0.0113269
-0.00431748
-0.0242772
-0.0393443
-0.0493854
-0.0588895
-0.0685067
-0.0771775
0.00254226
-0.00986035
-0.0246468
-0.0362732
-0.0438447
-0.0507314
-0.0572708
-0.0630932
-0.0034884
-0.0134001
-0.0233916
-0.0314349
-0.0369643
-0.0418235
-0.0461126
-0.0499615
-0.00689615
-0.0146592
-0.0210777
-0.0262355
-0.0301828
-0.0337298
-0.0366936
-0.0392037
-0.00810285
-0.0140453
-0.0179415
-0.0209823
-0.0236439
-0.026173
-0.0281926
-0.02973
-0.00766589
-0.0121418
-0.0143404
-0.0159263
-0.0175961
-0.0193465
-0.020724
-0.0216494
-0.00613371
-0.00946782
-0.0105698
-0.0112025
-0.0121456
-0.013313
-0.0142573
-0.0148178
-0.00395768
-0.00641974
-0.00684639
-0.00689131
-0.00732404
-0.00805689
-0.00869185
-0.00902504
-0.00148772
-0.00329274
-0.00332947
-0.00304021
-0.00313368
-0.00355267
-0.00397097
-0.00417867
0.00101493
-0.00030355
-0.000137301
0.000324724
0.000449224
0.000245375
-2.89942e-05
-0.000175445
0.0033889
0.00242585
0.00267825
0.003209
0.00347109
0.00341707
0.00324033
0.0031225
0.00557175
0.00487138
0.00514406
0.00566264
0.00597818
0.00601664
0.00590902
0.00580489
0.0075219
0.00701284
0.00726292
0.00771918
0.00802869
0.00811271
0.00805126
0.00795753
0.00921453
0.00884689
0.00905447
0.00942602
0.00969421
0.0097863
0.00974764
0.00965912
0.010646
0.010382
0.0105402
0.0108214
0.0110303
0.0111056
0.0110715
0.0109841
0.0118245
0.0116355
0.0117459
0.0119427
0.012088
0.0121341
0.0120935
0.0120046
0.012773
0.0126348
0.0127017
0.0128253
0.0129109
0.0129238
0.0128708
0.012778
0.0135197
0.013411
0.0134369
0.0134978
0.0135307
0.013512
0.0134455
0.0133494
0.0140967
0.0139979
0.0139806
0.013984
0.0139697
0.0139227
0.013845
0.0137481
0.0145068
0.014405
0.0143446
0.0142961
0.0142405
0.01417
0.0140851
0.0139911
0.0148056
0.0146827
0.0145658
0.0144591
0.0143618
0.0142705
0.014182
0.0140946
-0.502842
-0.510791
-0.519901
-0.532575
-0.549964
-0.571648
-0.594021
-0.611089
-0.502577
-0.508033
-0.514814
-0.5249
-0.538268
-0.55414
-0.570742
-0.583122
-0.503459
-0.50588
-0.509508
-0.515757
-0.524494
-0.533703
-0.539844
-0.539044
-0.504891
-0.50341
-0.502338
-0.502491
-0.503201
-0.502529
-0.497523
-0.485412
-0.504428
-0.497774
-0.490156
-0.482358
-0.474174
-0.464632
-0.451663
-0.432879
-0.498182
-0.485327
-0.470715
-0.455671
-0.440846
-0.425629
-0.408037
-0.385671
-0.482598
-0.463982
-0.443955
-0.424396
-0.406103
-0.388094
-0.36823
-0.344239
-0.456094
-0.433976
-0.411595
-0.390703
-0.371589
-0.352778
-0.332201
-0.307823
-0.419896
-0.397645
-0.37609
-0.356403
-0.33816
-0.319801
-0.299513
-0.275572
-0.377358
-0.358101
-0.339771
-0.322712
-0.306284
-0.289117
-0.269776
-0.246831
-0.332345
-0.318134
-0.304209
-0.290395
-0.276196
-0.26065
-0.242672
-0.221097
-0.287842
-0.279642
-0.270426
-0.259876
-0.248024
-0.234291
-0.217951
-0.198003
-0.24618
-0.243813
-0.238794
-0.231372
-0.221725
-0.209946
-0.195375
-0.177291
-0.207798
-0.210475
-0.209541
-0.204943
-0.197454
-0.187489
-0.174777
-0.158678
-0.172661
-0.180246
-0.182585
-0.180621
-0.174815
-0.166389
-0.155534
-0.141684
-0.452736
-0.445995
-0.443608
-0.446915
-0.4556
-0.468194
-0.481617
-0.493449
-0.454185
-0.449116
-0.448058
-0.452264
-0.461272
-0.4736
-0.485794
-0.495697
-0.455681
-0.451286
-0.451205
-0.456498
-0.466475
-0.479269
-0.490989
-0.498983
-0.460836
-0.456074
-0.456205
-0.462187
-0.47305
-0.486391
-0.497672
-0.503699
-0.470118
-0.463665
-0.462853
-0.468733
-0.480011
-0.493633
-0.50398
-0.507292
-0.483585
-0.473439
-0.469836
-0.474242
-0.484991
-0.498108
-0.506648
-0.506187
-0.501123
-0.484518
-0.475413
-0.476168
-0.48468
-0.495917
-0.501202
-0.49609
-0.52217
-0.495639
-0.477419
-0.471495
-0.47537
-0.482879
-0.483943
-0.474103
-0.545632
-0.505302
-0.473675
-0.457369
-0.453931
-0.455827
-0.452737
-0.439651
-0.569915
-0.512062
-0.462662
-0.432184
-0.418722
-0.414252
-0.408216
-0.395247
-0.592885
-0.514533
-0.443574
-0.396016
-0.369858
-0.360593
-0.354965
-0.345439
-0.611854
-0.511068
-0.415673
-0.349863
-0.315719
-0.300443
-0.297147
-0.294236
-0.6237
-0.500007
-0.378921
-0.290807
-0.243084
-0.232644
-0.239044
-0.245382
-0.625244
-0.480835
-0.336211
-0.232744
-0.181432
-0.170373
-0.186366
-0.201009
-0.616649
-0.452156
-0.285679
-0.162257
-0.108588
-0.110379
-0.138068
-0.162015
-0.555183
-0.402531
-0.229574
-0.0931434
-0.0318123
-0.0453899
-0.0862653
-0.118726
-0.44308
-0.347042
-0.195407
-0.0398335
0.0505752
0.0466291
-0.0100294
-0.0728935
-0.325887
-0.276715
-0.178913
-0.056415
0.0390268
0.0770324
0.0593171
0.00457475
-0.264234
-0.267552
-0.241158
-0.181523
-0.104401
-0.0416534
0.00531527
0.00278825
-0.276541
-0.305402
-0.316398
-0.300061
-0.251298
-0.192131
-0.122238
-0.0623561
-0.29932
-0.348424
-0.368689
-0.358371
-0.320523
-0.264455
-0.199036
-0.124291
-0.274575
-0.307801
-0.321088
-0.313739
-0.286313
-0.246007
-0.204312
-0.145694
-0.200854
-0.219612
-0.227664
-0.224324
-0.210057
-0.188504
-0.16939
-0.139203
-0.153257
-0.157683
-0.158511
-0.156957
-0.152465
-0.144029
-0.135195
-0.117425
-0.132324
-0.130709
-0.128059
-0.124609
-0.120099
-0.114171
-0.110114
-0.103128
-0.121124
-0.117633
-0.115952
-0.113094
-0.106695
-0.0991877
-0.0936395
-0.0881337
-0.105247
-0.0977515
-0.0976638
-0.102963
-0.109103
-0.110054
-0.100856
-0.0838819
-0.116499
-0.107271
-0.102336
-0.102208
-0.104335
-0.105114
-0.105286
-0.100862
-0.139025
-0.134013
-0.129981
-0.126643
-0.129881
-0.138214
-0.145314
-0.147958
-0.152374
-0.147125
-0.141086
-0.135997
-0.133208
-0.135613
-0.135888
-0.139967
-0.12399
-0.118899
-0.113673
-0.10892
-0.104214
-0.102647
-0.0988135
-0.100395
-0.102388
-0.0959071
-0.0889165
-0.0820899
-0.0759611
-0.0716155
-0.0684654
-0.0672406
-0.101316
-0.0901097
-0.079483
-0.0702863
-0.0637057
-0.0590626
-0.0564142
-0.0549226
-0.135998
-0.12413
-0.110992
-0.0974145
-0.0853545
-0.0749488
-0.0673103
-0.0586328
-0.132222
-0.124784
-0.116051
-0.106239
-0.0957461
-0.084724
-0.0744332
-0.064914
-0.125736
-0.123073
-0.118131
-0.110653
-0.101066
-0.0890444
-0.0733873
-0.0579178
-0.131659
-0.144156
-0.154381
-0.161407
-0.164634
-0.163377
-0.157429
-0.146599
-0.159436
-0.170042
-0.177755
-0.182383
-0.182666
-0.17955
-0.170728
-0.166027
-0.130484
-0.133727
-0.135409
-0.13614
-0.135651
-0.134698
-0.13164
-0.130647
-0.13043
-0.123504
-0.11443
-0.104626
-0.0954615
-0.0888966
-0.0822411
-0.0777527
-0.135327
-0.108947
-0.0846654
-0.0638693
-0.0469396
-0.0346476
-0.0267396
-0.0243177
-0.179176
-0.149708
-0.118887
-0.0884703
-0.0603388
-0.0355675
-0.0135093
0.00409751
-0.161524
-0.166197
-0.166691
-0.16338
-0.156759
-0.147043
-0.134883
-0.120666
-0.148507
-0.157376
-0.162121
-0.162423
-0.157839
-0.149516
-0.137649
-0.124306
-0.0536901
-0.049645
-0.0456688
-0.0422986
-0.0394943
-0.0375355
-0.0360303
-0.0355838
-0.0320073
-0.0286121
-0.0251022
-0.0217052
-0.0184805
-0.0157135
-0.0133955
-0.0113969
-0.0244636
-0.0244433
-0.0241511
-0.0236041
-0.0228097
-0.0218428
-0.0207229
-0.019426
-0.0167753
-0.0173355
-0.0177326
-0.0179403
-0.0179215
-0.0177276
-0.0173044
-0.0168284
-0.00969294
-0.00957605
-0.00945936
-0.00935315
-0.00925633
-0.00917926
-0.00909517
-0.00906791
-0.00609405
-0.00597186
-0.00586943
-0.00579581
-0.00582074
-0.00575055
-0.00568641
-0.00564174
-0.00423654
-0.00425002
-0.00425617
-0.00425331
-0.00423835
-0.00421556
-0.00417852
-0.00414398
-0.00236403
-0.00237429
-0.00237958
-0.0023832
-0.00238011
-0.00237336
-0.00235786
-0.00234723
-0.00074141
-0.00073973
-0.000737251
-0.000736898
-0.000734617
-0.000733287
-0.00073085
-0.000730797
-0.120199
-0.112587
-0.095564
-0.0784129
-0.0629191
-0.0489488
-0.0369091
-0.0267566
-0.0182408
-0.0113552
-0.00577266
-0.00116846
0.00245695
0.00535481
0.00766267
0.0094619
0.0108601
0.0119246
0.0127234
0.0133066
0.0137092
0.0139639
0.0140879
-0.0881148
-0.088037
-0.0829512
-0.0740271
-0.062229
-0.0502957
-0.0390842
-0.028971
-0.0203237
-0.0131404
-0.00717838
-0.00231706
0.00155672
0.00466868
0.00712749
0.00904955
0.0105412
0.0116739
0.0125211
0.0131367
0.0135598
0.0138264
0.013956
-0.0343213
-0.0534439
-0.0626298
-0.0616394
-0.0551782
-0.046657
-0.0372573
-0.0282094
-0.0201938
-0.0132105
-0.00738968
-0.0025982
0.00129401
0.00442135
0.00689408
0.00883757
0.010347
0.0114965
0.0123574
0.0129833
0.0134144
0.0136863
0.0138187
-0.0140937
-0.0348003
-0.0466845
-0.0493519
-0.0461237
-0.0402053
-0.032765
-0.0252115
-0.0181779
-0.0118363
-0.00651684
-0.00207052
0.00160571
0.00456258
0.00692713
0.00879987
0.0102623
0.0113844
0.0122292
0.0128465
0.0132739
0.0135449
0.0136776
-0.0479732
-0.0441304
-0.0440061
-0.0423502
-0.0386143
-0.0332847
-0.0271593
-0.0208969
-0.0149391
-0.00952637
-0.00492317
-0.00097297
0.0023108
0.00498962
0.00715768
0.00889161
0.010261
0.011323
0.0121291
0.0127233
0.0131381
0.0134032
0.0135338
-0.0898916
-0.0649566
-0.0511179
-0.0414143
-0.033961
-0.027908
-0.0217748
-0.0162985
-0.0112114
-0.00671307
-0.00285522
0.000485471
0.00329117
0.00561755
0.00753363
0.00908569
0.0103309
0.0113082
0.0120582
0.0126163
0.0130095
0.0132629
0.0133886
-0.110266
-0.0769475
-0.0565306
-0.0412417
-0.0309032
-0.0233894
-0.0166946
-0.0116942
-0.00731801
-0.00366385
-0.000552394
0.00214529
0.00443834
0.00638994
0.00801707
0.00936201
0.0104602
0.0113341
0.0120138
0.012525
0.0128884
0.0131243
0.0132422
-0.110649
-0.0757804
-0.05678
-0.0374142
-0.0270548
-0.0177513
-0.0113319
-0.00694502
-0.00326797
-0.00046222
0.00187563
0.00390435
0.00566566
0.00722085
0.00855142
0.00968081
0.0106204
0.0113819
0.0119836
0.0124415
0.0127705
0.0129861
0.0130944
-0.0930948
-0.0661182
-0.051613
-0.0316159
-0.0224202
-0.0116132
-0.00592527
-0.00198121
0.000935107
0.00281018
0.0043587
0.00570926
0.00693158
0.00806595
0.00909219
0.010002
0.0107809
0.0114293
0.0119524
0.0123571
0.0126514
0.012846
0.0129445
-0.0831643
-0.061044
-0.0443592
-0.0231175
-0.0141753
-0.00257205
0.00100882
0.00419795
0.00571563
0.00640599
0.00701184
0.00758764
0.00823276
0.00892986
0.0096431
0.0103259
0.0109419
0.0114761
0.0119195
0.0122702
0.0125298
0.0127037
0.0127924
-0.0747501
-0.0532691
-0.0370731
-0.01383
-0.00411305
0.00767669
0.00922337
0.0113966
0.0108573
0.0102887
0.0098445
0.00960422
0.00962903
0.0098652
0.0102422
0.0106841
0.0111288
0.0115414
0.0118991
0.012191
0.0124114
0.0125612
0.0126382
-0.0667497
-0.046247
-0.0237237
-0.00178439
0.0115905
0.01963
0.0198593
0.0194351
0.0165879
0.0144536
0.0127516
0.0116521
0.0110641
0.0108611
0.0109024
0.0110958
0.0113569
0.0116359
0.0118973
0.0121215
0.0122967
0.0124183
0.0124816
-0.0923515
-0.0765304
-0.0292651
0.00528524
0.0311492
0.0354654
0.0323099
0.0272077
0.0220163
0.0182415
0.0154514
0.0135928
0.0124394
0.0118239
0.0115579
0.0115187
0.0116002
0.0117445
0.0119058
0.0120579
0.0121835
0.0122738
0.0123216
-0.12874
-0.115611
-0.0576981
-0.000550207
0.0393155
0.043973
0.0397681
0.0324252
0.0257334
0.0208549
0.0174059
0.0150834
0.013586
0.0126801
0.0121628
0.0119097
0.0118276
0.0118446
0.0119083
0.011989
0.0120654
0.0121246
0.0121571
-0.126689
-0.117201
-0.069328
-0.0126923
0.024912
0.03596
0.0357419
0.0311548
0.0261503
0.0218215
0.0184641
0.0160825
0.0144405
0.0133813
0.0126935
0.0122727
0.0120438
0.0119406
0.0119098
0.0119193
0.0119447
0.0119711
0.0119871
-0.0950368
-0.0832701
-0.0566074
-0.0259529
-0.00147393
0.0136721
0.0206313
0.0221722
0.0215548
0.0199926
0.0182009
0.0164845
0.0150376
0.0139474
0.013156
0.0126076
0.0122528
0.0120366
0.0119121
0.011849
0.0118213
0.0118127
0.0118107
-0.065448
-0.0590913
-0.0495484
-0.0375884
-0.0187639
-0.00023628
0.0110689
0.0159356
0.0177919
0.0178569
0.0173217
0.0163334
0.0153185
0.0143449
0.0135345
0.0129016
0.0124395
0.0121202
0.0119068
0.0117721
0.0116907
0.0116463
0.0116257
-0.0556969
-0.0497008
-0.043914
-0.0359689
-0.0242844
0.00340365
0.00986114
0.0154483
0.0166403
0.0174018
0.0169833
0.0162956
0.0154412
0.0145424
0.013764
0.01309
0.0125576
0.0121592
0.0118715
0.0116743
0.0115449
0.0114677
0.0114299
-0.05798
-0.0491336
-0.0393302
-0.0249486
-0.0116034
0.00462462
0.0110598
0.0165222
0.0170255
0.0179365
0.0172318
0.016613
0.0156707
0.0147624
0.0139376
0.0132105
0.0126189
0.0121553
0.0118048
0.0115527
0.0113801
0.0112727
0.0112191
-0.0559568
-0.0397204
-0.0263764
-0.00927255
0.000935402
0.0121564
0.0159844
0.0193439
0.0186258
0.0187791
0.017518
0.016817
0.0157893
0.0149077
0.0140477
0.0132873
0.0126439
0.0121207
0.0117134
0.0114112
0.0111976
0.0110611
0.0109917
-0.0500262
-0.0314849
-0.0134481
0.00495096
0.0160322
0.0206536
0.0223838
0.0221974
0.0206278
0.0195323
0.0178581
0.0168428
0.0157506
0.0148492
0.014001
0.0132455
0.0125793
0.0120219
0.0115737
0.0112317
0.0109853
0.0108248
0.0107425
-0.131522
-0.107877
-0.068508
-0.0275249
0.0117462
0.0232947
0.0269027
0.0229892
0.0218898
0.0191885
0.0177174
0.0166124
0.0155718
0.0146782
0.0138451
0.0130935
0.0124204
0.0118479
0.0113765
0.0110093
0.0107389
0.01056
0.0104676
-0.140181
-0.169699
-0.104605
-0.0602729
-0.0146868
0.00234782
0.0130881
0.0159795
0.0174117
0.0168859
0.0164865
0.0158559
0.0151261
0.0143585
0.0135913
0.0128571
0.0121905
0.0116095
0.0111239
0.01074
0.0104537
0.010262
0.0101621
-0.120065
-0.102512
-0.0721321
-0.0437706
-0.0216284
-0.0113115
-0.00201479
0.00656934
0.0117092
0.0139434
0.0147751
0.0148804
0.0144684
0.0138826
0.013206
0.0125114
0.0118692
0.0112939
0.0108092
0.010419
0.0101252
0.0099262
0.00982194
-0.0689099
-0.0499623
-0.0250377
-0.005529
0.00487663
0.00497933
0.00632625
0.0096407
0.0123142
0.0139885
0.0145467
0.0145691
0.0140439
0.0134645
0.0127527
0.0120759
0.0114452
0.0108867
0.010415
0.0100334
0.00974381
0.0095459
0.00944167
-0.0218244
-0.00361495
0.0106518
0.0210703
0.0254038
0.0250693
0.0208981
0.0193029
0.0176058
0.0171333
0.0159393
0.0151751
0.014057
0.0132162
0.012318
0.0116014
0.0109485
0.0104053
0.00994992
0.0095852
0.00930775
0.00911747
0.00901683
0.0109869
0.0202769
0.0291291
0.0395321
0.0429239
0.0423552
0.0365572
0.0306129
0.024887
0.0208684
0.0176143
0.0156106
0.0139205
0.0127519
0.0117337
0.0109795
0.0103367
0.00982244
0.00940076
0.00906678
0.00881256
0.00863764
0.00854453
-0.101062
-0.0725077
-0.0414923
-0.0107639
0.0155885
0.0296543
0.033373
0.027194
0.0234134
0.0197143
0.016807
0.0146119
0.0129488
0.0117644
0.0108269
0.0101308
0.0095668
0.00911768
0.0087561
0.00846945
0.00825176
0.00810069
0.00802004
-0.106018
-0.0888326
-0.0626599
-0.0349118
-0.00813344
0.00874035
0.0149437
0.0147908
0.0146103
0.0138788
0.0129793
0.0119674
0.0109953
0.0102142
0.00955865
0.00905233
0.00863283
0.00829387
0.00801847
0.00779736
0.00762682
0.00750688
0.00744212
-0.0336592
-0.027022
-0.0192992
-0.0126802
-0.00643709
-0.00170577
0.00105981
0.0031919
0.0052619
0.00681122
0.00770646
0.00818869
0.00823564
0.00815726
0.00794137
0.00773948
0.00753339
0.00734886
0.00718567
0.00704774
0.00693627
0.0068552
0.00681028
-0.0123767
-0.0110638
-0.0109576
-0.0102249
-0.00840634
-0.00599417
-0.00369044
-0.0014114
0.000597152
0.00228375
0.00363112
0.00470903
0.00540961
0.00590661
0.00614216
0.00628021
0.00631413
0.00630984
0.00627655
0.00623245
0.00618679
0.00614812
0.00612508
-0.0178832
-0.0157403
-0.0135238
-0.0110634
-0.00847988
-0.00617668
-0.00437832
-0.00316158
-0.00181704
-0.000491985
0.00079339
0.00197431
0.00294242
0.00375536
0.00432826
0.00476088
0.00502858
0.00520737
0.00530791
0.00536255
0.00538596
0.00539256
0.00539248
-0.0156863
-0.0141406
-0.01231
-0.0104212
-0.00855161
-0.00706571
-0.00586404
-0.0048313
-0.00361209
-0.00237887
-0.00117551
-2.75946e-05
0.00101447
0.00195758
0.00271215
0.00332888
0.00377143
0.0040994
0.00431614
0.00445968
0.00454619
0.00459454
0.00461606
-0.008883
-0.00850605
-0.00809526
-0.00766346
-0.00711588
-0.00648412
-0.00570693
-0.00479669
-0.00375303
-0.00276268
-0.00181277
-0.000906468
-5.95921e-05
0.000758189
0.00148994
0.00213651
0.00264929
0.00305439
0.00334602
0.00355301
0.00368784
0.00376891
0.00380747
-0.00563194
-0.00549277
-0.00543721
-0.00531535
-0.00509986
-0.00475711
-0.00425746
-0.00366346
-0.00298786
-0.00233157
-0.00167327
-0.0010306
-0.000426344
0.000170138
0.000726116
0.00125913
0.00172736
0.00212555
0.00243395
0.0026653
0.00282455
0.00292542
0.00297474
-0.00406327
-0.0039352
-0.00379241
-0.00360535
-0.00339666
-0.00316008
-0.00287281
-0.00254847
-0.00214961
-0.00173818
-0.00129862
-0.0008603
-0.000445191
-3.79347e-05
0.000331366
0.00069727
0.00103763
0.00135112
0.0016167
0.00182779
0.00197952
0.0020785
0.00212784
-0.00230717
-0.00223697
-0.00215684
-0.00205934
-0.00194774
-0.00182518
-0.00167803
-0.00150889
-0.00129205
-0.00106725
-0.000815794
-0.00056037
-0.000315004
-7.00517e-05
0.000141568
0.000351033
0.000542278
0.000730228
0.000902918
0.00105085
0.0011633
0.00123859
0.00127654
-0.000724009
-0.000709822
-0.000694867
-0.000674856
-0.000648891
-0.000615965
-0.000567969
-0.000510929
-0.000432973
-0.000359828
-0.000273294
-0.000187294
-0.000105975
-1.76341e-05
5.31348e-05
0.000126145
0.000183378
0.000241592
0.00029422
0.000342522
0.000381888
0.000409944
0.000424461
-0.120236
-0.0966865
-0.0756344
-0.0593164
-0.0457209
-0.0347625
-0.0255976
-0.0180149
-0.0116694
-0.00640347
-0.00200276
0.00167555
0.00468981
0.00717399
0.0091724
0.0107547
0.0119884
0.0129297
0.0136375
0.014154
0.014507
0.0147221
0.0148217
-0.129884
-0.102412
-0.0791658
-0.0615666
-0.0474147
-0.0357971
-0.0261695
-0.0182829
-0.0117529
-0.00642098
-0.00198127
0.00168939
0.00466595
0.00711883
0.00908606
0.010648
0.0118711
0.012809
0.0135175
0.0140368
0.0143948
0.014617
0.0147229
-0.137773
-0.106534
-0.0812517
-0.0631158
-0.0486262
-0.0365224
-0.0265732
-0.0184527
-0.0117904
-0.00640733
-0.00191031
0.00173529
0.00467575
0.00709822
0.00902707
0.0105639
0.011771
0.0127013
0.0134072
0.0139275
0.0142892
0.0145168
0.0146275
-0.143574
-0.109398
-0.0835139
-0.065448
-0.0502029
-0.037404
-0.0270994
-0.0187275
-0.0119686
-0.0064804
-0.00189553
0.00172747
0.00467063
0.00707639
0.00897443
0.010492
0.0116839
0.0126055
0.0133074
0.0138272
0.0141908
0.0144219
0.0145359
-0.14712
-0.110216
-0.0848308
-0.0673745
-0.0513727
-0.0382666
-0.0277923
-0.0192492
-0.0123769
-0.00668542
-0.00202762
0.00160178
0.00460425
0.00700944
0.00890076
0.0104146
0.0115987
0.0125155
0.0132146
0.0137338
0.0140984
0.0143315
0.0144473
-0.145384
-0.109919
-0.0881828
-0.07029
-0.0529246
-0.0395686
-0.0288351
-0.0200944
-0.0129869
-0.00705676
-0.00236809
0.00134864
0.0044419
0.00686284
0.00878118
0.0103099
0.0115006
0.0124215
0.0131229
0.013644
0.0140101
0.0142447
0.0143614
-0.139822
-0.109372
-0.090584
-0.0715318
-0.0542181
-0.0411888
-0.0302691
-0.0213053
-0.0138717
-0.00775642
-0.00299205
0.000915473
0.00410782
0.00658876
0.00857667
0.0101465
0.011367
0.012308
0.0130223
0.0135515
0.0139221
0.0141595
0.0142771
-0.130437
-0.113541
-0.0953385
-0.0744716
-0.0577207
-0.0442914
-0.0328487
-0.0234025
-0.0155185
-0.00913438
-0.00408563
0.00011722
0.0034668
0.00610246
0.00821912
0.00987678
0.0111659
0.012154
0.0129002
0.0134493
0.0138313
0.0140745
0.0141939
0.0426605
0.0182482
-0.00642736
-0.0320796
-0.0575806
-0.0815778
-0.103608
-0.12441
0.0451433
0.0180704
-0.00930427
-0.0377862
-0.0662844
-0.0933736
-0.117978
-0.13957
0.0470148
0.0158822
-0.0153356
-0.0469337
-0.0778572
-0.106932
-0.133093
-0.156297
0.0480358
0.0123593
-0.0229171
-0.0575671
-0.0908103
-0.121813
-0.149889
-0.175093
0.047615
0.00755232
-0.031721
-0.0696003
-0.105493
-0.138812
-0.169099
-0.196352
0.045562
0.0010765
-0.0423438
-0.0838296
-0.122802
-0.158747
-0.191272
-0.220452
0.0416992
-0.0076269
-0.0555858
-0.101108
-0.143496
-0.182252
-0.216961
-0.247874
0.0354997
-0.0193318
-0.0723564
-0.122336
-0.168381
-0.209947
-0.246878
-0.279264
0.0260268
-0.0351061
-0.0938024
-0.148701
-0.198684
-0.24315
-0.282032
-0.315457
0.0119223
-0.0564119
-0.121467
-0.181754
-0.236026
-0.283384
-0.323853
-0.357625
-0.00870784
-0.0852767
-0.15754
-0.223644
-0.282165
-0.33266
-0.374132
-0.40712
-0.038528
-0.124349
-0.20477
-0.277752
-0.340951
-0.393313
-0.434251
-0.46458
-0.0818868
-0.177962
-0.266368
-0.34582
-0.412771
-0.465327
-0.503346
-0.527599
-0.142002
-0.250049
-0.348815
-0.430876
-0.495602
-0.542965
-0.572612
-0.585372
-0.197244
-0.310876
-0.408274
-0.487781
-0.548057
-0.588858
-0.611413
-0.618051
0.185847
0.181829
0.173656
0.161314
0.144859
0.12456
0.10096
0.073368
0.200593
0.195684
0.185817
0.171179
0.152062
0.128761
0.102576
0.0736954
0.217063
0.21139
0.200096
0.183563
0.162328
0.136728
0.108455
0.0783676
0.235672
0.229327
0.216789
0.19849
0.175204
0.147291
0.116237
0.0832705
0.25649
0.249455
0.235606
0.215324
0.189555
0.158776
0.124084
0.0870548
0.279443
0.27161
0.2562
0.23353
0.204647
0.170301
0.131329
0.0895523
0.304448
0.295678
0.27838
0.252872
0.220236
0.181607
0.137816
0.0907891
0.331456
0.321603
0.302058
0.273233
0.236225
0.192568
0.143315
0.0904223
0.360389
0.3493
0.327106
0.294411
0.252359
0.202829
0.147249
0.0876577
0.390994
0.378494
0.353181
0.315929
0.268019
0.211616
0.148621
0.0812772
0.422691
0.408562
0.37957
0.336897
0.282096
0.217614
0.145893
0.069531
0.454305
0.438271
0.404928
0.355783
0.292809
0.218798
0.136789
0.0498859
0.483832
0.465537
0.426997
0.370034
0.297238
0.211891
0.117704
0.0183668
0.507231
0.486349
0.441923
0.375946
0.291564
0.192885
0.0845926
-0.0288209
0.526494
0.503067
0.452996
0.378883
0.284396
0.173307
0.0517319
-0.0742234
0.0269447
0.0269613
0.0269881
0.027024
0.0270676
0.027117
0.0271716
0.0272295
0.0313387
0.031317
0.0312699
0.0311993
0.031109
0.0310024
0.0308816
0.0307529
0.0276689
0.0276931
0.0277353
0.027794
0.0278617
0.0279462
0.0280298
0.028115
0.0316008
0.0315768
0.0315235
0.031445
0.0313458
0.0312298
0.0311041
0.0309772
0.0291349
0.029167
0.0292266
0.0293059
0.0294057
0.0295153
0.0296271
0.0297531
0.0334218
0.0333898
0.0333246
0.0332302
0.0331119
0.0329828
0.0328415
0.0327328
0.0316608
0.0317019
0.0317723
0.031866
0.0319759
0.0321007
0.0322197
0.032366
0.0360268
0.0359936
0.0359282
0.0358383
0.0357284
0.0356169
0.0354789
0.0354145
0.0353725
0.0354276
0.0355068
0.035596
0.0356773
0.0358485
0.0359481
0.0361655
0.0398346
0.0397838
0.039703
0.0395999
0.0394629
0.0393765
0.0392267
0.0392705
0.0405702
0.0405888
0.0406648
0.0407509
0.0408348
0.0409952
0.0410366
0.0413128
0.0453482
0.0453294
0.0452728
0.0452185
0.0450867
0.0450753
0.0448538
0.0450436
0.047824
0.0477811
0.0477666
0.0477951
0.0477191
0.0478654
0.0476751
0.0480592
0.0534197
0.0533782
0.0532191
0.0532552
0.0529151
0.053136
0.0526467
0.0531297
0.0580674
0.0580289
0.0578278
0.0578669
0.057499
0.0575475
0.0569935
0.0571595
0.0652214
0.0651085
0.064613
0.0647963
0.0639633
0.064081
0.0629465
0.0633461
0.0726402
0.0724689
0.0719892
0.0716536
0.0706848
0.0703317
0.0688964
0.0686818
0.0825128
0.0822978
0.0815597
0.0810749
0.0795622
0.0789133
0.0763702
0.0757781
0.0934839
0.0930626
0.0917724
0.0905052
0.0881669
0.0863601
0.0829748
0.0807044
0.107262
0.106893
0.105065
0.103229
0.0998713
0.0968512
0.0915417
0.0872965
0.123275
0.122053
0.119316
0.115806
0.110515
0.104678
0.097012
0.0886547
0.142815
0.141072
0.13742
0.132226
0.124749
0.115754
0.104331
0.0909839
0.165312
0.162525
0.156782
0.148091
0.136172
0.121282
0.103681
0.082298
0.0272929
0.0273807
0.027496
0.0276393
0.0278145
0.0280161
0.0281955
0.0283309
0.0283961
0.0283731
0.028249
0.02802
0.0276933
0.027289
0.0268343
0.026357
0.0258771
0.0254058
0.0249526
0.0245305
0.0241607
0.0238712
0.0236907
0.0305757
0.0303241
0.0300031
0.0296034
0.0291184
0.0286218
0.0281567
0.0277409
0.0273952
0.0271292
0.02694
0.0268106
0.0267092
0.0265764
0.026342
0.0260175
0.025628
0.0252029
0.0247709
0.0243575
0.0239912
0.0237054
0.0235269
0.0282292
0.0283751
0.0285483
0.0287528
0.028938
0.0290228
0.0290055
0.0288902
0.0286648
0.0283307
0.0279084
0.0274332
0.0269626
0.0265413
0.026156
0.0257769
0.0253671
0.0249307
0.0244905
0.0240738
0.0237071
0.0234251
0.023256
0.03078
0.0304976
0.0301479
0.0297478
0.0294052
0.0291189
0.0288777
0.0286648
0.028465
0.0282583
0.0280098
0.0276684
0.0271992
0.0266552
0.0261325
0.025624
0.0251214
0.0246252
0.0241478
0.0237128
0.0233403
0.023061
0.0229058
0.0298805
0.030012
0.0301704
0.0302968
0.0303154
0.0302528
0.0300899
0.0298154
0.0294355
0.0289715
0.0284627
0.0279335
0.0273735
0.0267648
0.0261235
0.0254802
0.0248638
0.024288
0.0237616
0.0232996
0.0229163
0.0226372
0.0224962
0.0324875
0.0321299
0.0316857
0.0312792
0.0309127
0.0305658
0.0302338
0.0299034
0.0295541
0.029143
0.0286448
0.0280657
0.0274228
0.0267192
0.0259776
0.0252361
0.0245318
0.0238884
0.0233206
0.02284
0.0224519
0.0221758
0.0220476
0.0324701
0.0325421
0.0326022
0.0325581
0.0323994
0.0321123
0.0316813
0.0311245
0.0304726
0.0297611
0.0290108
0.0282301
0.0274226
0.0265911
0.025748
0.0249209
0.0241436
0.0234433
0.0228406
0.0223481
0.0219624
0.0216945
0.021577
0.0351604
0.0346049
0.0340741
0.0335877
0.0331155
0.032623
0.0320975
0.0315022
0.0308097
0.0300115
0.0291242
0.0281812
0.0272196
0.0262715
0.0253508
0.0244735
0.0236624
0.0229394
0.0223248
0.0218335
0.0214596
0.0212061
0.0210955
0.0362095
0.0360665
0.0358582
0.0354947
0.0349631
0.034269
0.0334369
0.0324988
0.0314802
0.0303959
0.0292606
0.0281006
0.0269531
0.0258584
0.0248432
0.0239183
0.0230936
0.0223752
0.0217744
0.0213026
0.0209533
0.0207196
0.0206129
0.038935
0.0382878
0.0376134
0.0368904
0.0361138
0.0352561
0.0342826
0.0331752
0.0319381
0.0306073
0.0292261
0.027849
0.0265302
0.0253105
0.024217
0.0232599
0.0224414
0.0217529
0.0211923
0.0207598
0.0204501
0.0202406
0.0201375
0.0411768
0.0406241
0.0399798
0.0391326
0.0380328
0.0367321
0.0352835
0.0337296
0.032108
0.0304623
0.0288382
0.0272859
0.0258512
0.0245683
0.0234511
0.0225051
0.021726
0.0210945
0.0205957
0.0202157
0.0199549
0.019772
0.0196754
0.0444924
0.0433303
0.0421931
0.0408309
0.039355
0.0377284
0.0359481
0.0340433
0.0320833
0.0301457
0.0282962
0.0265875
0.0250636
0.0237426
0.0226295
0.0217199
0.0209998
0.0204409
0.0200132
0.0196886
0.019475
0.019318
0.0192308
0.0475132
0.0462753
0.0449105
0.0432505
0.0412873
0.0391016
0.0367677
0.034364
0.0319768
0.0296924
0.027586
0.0257203
0.0241196
0.0227863
0.0217102
0.0208686
0.0202345
0.0197708
0.0194297
0.019171
0.0190057
0.0188789
0.0188056
0.0519922
0.0498824
0.0476121
0.0451065
0.0424276
0.0395744
0.0366406
0.0337554
0.0310186
0.0285124
0.0263024
0.0244186
0.0228615
0.0216162
0.0206527
0.0199332
0.0194214
0.0190769
0.0188371
0.0186563
0.0185438
0.0184547
0.0184002
0.0558087
0.0532395
0.0503675
0.0471166
0.0435856
0.0399536
0.0363715
0.0329791
0.0298839
0.0271749
0.0248889
0.0230229
0.0215517
0.0204317
0.0196076
0.0190261
0.0186417
0.0184126
0.0182679
0.018162
0.0180993
0.0180501
0.0180159
0.0608451
0.0568031
0.0526832
0.048392
0.0440013
0.039629
0.0354579
0.0316416
0.0283002
0.0254947
0.0232243
0.0214561
0.0201348
0.0191878
0.0185393
0.0181209
0.017877
0.017765
0.0177145
0.017684
0.0176718
0.0176658
0.0176537
0.0656336
0.0604147
0.0549044
0.0491382
0.0434788
0.0382044
0.0334908
0.0294358
0.0260549
0.0233328
0.0212265
0.0196694
0.0185772
0.0178575
0.0174224
0.0171925
0.0171046
0.0171158
0.0171661
0.0172161
0.0172596
0.017301
0.0173131
0.0702172
0.0626572
0.0554729
0.0484483
0.0418075
0.0358451
0.030761
0.0265965
0.0233017
0.0207931
0.0189716
0.0177242
0.0169329
0.016488
0.016294
0.0162673
0.0163424
0.0164779
0.0166304
0.0167631
0.0168658
0.0169562
0.0169937
0.0740657
0.0645038
0.0551472
0.0464515
0.0388069
0.0324288
0.0272574
0.023198
0.0201453
0.0179764
0.0165418
0.0156816
0.0152479
0.0151154
0.0151836
0.0153695
0.0156101
0.0158686
0.0161189
0.016332
0.0164948
0.0166324
0.016696
0.0762878
0.063184
0.052041
0.0422709
0.0341723
0.027778
0.0228837
0.0192426
0.016665
0.0149894
0.0140352
0.0136183
0.0135752
0.0137718
0.01411
0.0145108
0.0149168
0.0152974
0.0156407
0.01593
0.016151
0.0163309
0.0164208
0.0750574
0.0598788
0.0469422
0.0363657
0.0282004
0.0221354
0.0177606
0.0147302
0.0128092
0.0117732
0.011399
0.0114879
0.0118715
0.0124165
0.0130366
0.0136602
0.0142388
0.0147481
0.0151878
0.0155532
0.0158329
0.016052
0.0161684
0.0694254
0.051449
0.0385594
0.0283552
0.0208129
0.0155005
0.0119208
0.00969964
0.0085882
0.00830674
0.0085985
0.00925447
0.0101047
0.0110214
0.0119373
0.0127945
0.0135568
0.0142051
0.01475
0.0151959
0.0155369
0.0157955
0.0159391
0.0551615
0.0399002
0.0279275
0.0189285
0.0125141
0.00810715
0.00540769
0.00409876
0.00389551
0.00445637
0.0054908
0.00678251
0.00816034
0.0094965
0.0107436
0.0118633
0.0128325
0.0136414
0.0143083
0.0148461
0.0152553
0.0155592
0.0157322
0.0380544
0.0268388
0.0174377
0.0100117
0.00494828
0.00142695
-0.000569944
-0.00105268
-0.000405349
0.000944165
0.00267105
0.00455689
0.00643561
0.00817444
0.00973421
0.0110979
0.0122566
0.0132105
0.0139831
0.014596
0.0150567
0.0153899
0.0155791
0.0169336
0.00710365
0.0022358
-0.00207313
-0.00440426
-0.00575791
-0.00613546
-0.00525984
-0.00353449
-0.00136142
0.000984489
0.00333475
0.0055644
0.00756214
0.00930522
0.0107981
0.0120469
0.0130622
0.0138723
0.0145042
0.0149713
0.0152966
0.0154766
-0.0079697
-0.0167183
-0.0174954
-0.018027
-0.0165948
-0.0144115
-0.0117535
-0.00873219
-0.00558741
-0.00250066
0.000414834
0.00310538
0.00552889
0.00763109
0.0094208
0.0109223
0.0121571
0.0131476
0.0139266
0.0145236
0.0149554
0.0152408
0.0153908
-0.0312772
-0.0372421
-0.0342845
-0.0317885
-0.0271168
-0.021986
-0.0166714
-0.0117301
-0.00730621
-0.0033922
3.74865e-05
0.00302839
0.00561292
0.00780357
0.00962614
0.0111183
0.0123205
0.0132689
0.0140034
0.0145561
0.0149456
0.0151889
0.0153078
-0.0528359
-0.0532869
-0.0458192
-0.0406689
-0.0336868
-0.0269091
-0.0201993
-0.0141487
-0.00888334
-0.004363
-0.000517551
0.00274524
0.00549583
0.00780027
0.00968631
0.0111976
0.012392
0.0133182
0.0140249
0.0145478
0.0149076
0.0151224
0.0152199
-0.0730143
-0.0669475
-0.0548933
-0.0467264
-0.0376087
-0.0296798
-0.0222998
-0.015776
-0.0100977
-0.00523721
-0.00112581
0.00233834
0.00523137
0.00764194
0.00959617
0.0111446
0.0123536
0.0132791
0.0139774
0.0144883
0.0148346
0.0150371
0.0151252
-0.091548
-0.0789619
-0.0632073
-0.0519412
-0.0408098
-0.0317227
-0.0237197
-0.01685
-0.0109215
-0.00587229
-0.00160967
0.0019794
0.00496502
0.00744231
0.00944136
0.0110203
0.0122472
0.0131807
0.0138812
0.014391
0.0147352
0.0149372
0.0150252
-0.107463
-0.0889562
-0.070478
-0.056332
-0.0436257
-0.0334463
-0.024793
-0.0175498
-0.011407
-0.00623644
-0.00189138
0.00176185
0.00478352
0.0072808
0.00929225
0.010882
0.0121177
0.0130575
0.0137622
0.0142751
0.0146227
0.0148302
0.0149231
)
;

boundaryField
{
    outlet
    {
        type            fixedValue;
        value           uniform 0;
    }
    upperWall
    {
        type            symmetryPlane;
    }
    lowerWall
    {
        type            symmetryPlane;
    }
    inlet
    {
        type            zeroGradient;
    }
    cylinder
    {
        type            zeroGradient;
    }
    frontAndBack
    {
        type            empty;
    }
}


// ************************************************************************* //
