/*--------------------------------*- C++ -*----------------------------------*\
| =========                 |                                                 |
| \\      /  F ield         | OpenFOAM: The Open Source CFD Toolbox           |
|  \\    /   O peration     | Version:  2312                                  |
|   \\  /    A nd           | Website:  www.openfoam.com                      |
|    \\/     M anipulation  |                                                 |
\*---------------------------------------------------------------------------*/
FoamFile
{
    version     2.0;
    format      ascii;
    arch        "LSB;label=32;scalar=64";
    class       volScalarField;
    location    "97.5";
    object      p;
}
// * * * * * * * * * * * * * * * * * * * * * * * * * * * * * * * * * * * * * //

dimensions      [0 2 -2 0 0 0 0];

internalField   nonuniform List<scalar> 
5478
(
-0.319939
-0.320334
-0.317008
-0.310563
-0.301067
-0.28909
-0.276132
-0.263738
-0.25302
-0.244182
-0.23682
-0.228997
-0.220726
-0.210024
-0.197941
-0.327594
-0.32642
-0.322814
-0.316691
-0.307552
-0.29526
-0.280813
-0.265782
-0.251296
-0.237803
-0.225058
-0.212916
-0.201198
-0.188976
-0.176455
-0.338615
-0.334984
-0.32989
-0.322879
-0.312522
-0.298164
-0.280985
-0.262821
-0.245096
-0.228515
-0.213329
-0.199231
-0.185591
-0.17192
-0.158528
-0.353107
-0.346533
-0.339164
-0.329904
-0.316193
-0.298044
-0.277488
-0.256644
-0.236813
-0.218529
-0.201651
-0.185936
-0.17118
-0.157234
-0.14425
-0.372531
-0.362286
-0.352217
-0.338441
-0.318925
-0.295763
-0.271755
-0.248636
-0.227183
-0.20754
-0.189654
-0.173336
-0.158131
-0.143986
-0.130547
-0.398042
-0.382378
-0.36837
-0.347159
-0.319987
-0.291373
-0.263967
-0.238755
-0.215934
-0.195414
-0.176906
-0.160069
-0.14473
-0.130698
-0.117465
-0.427478
-0.406033
-0.384019
-0.352787
-0.317548
-0.283729
-0.253167
-0.226045
-0.202069
-0.180828
-0.161983
-0.14524
-0.130213
-0.116672
-0.103944
-0.454387
-0.428926
-0.394737
-0.352049
-0.309353
-0.271029
-0.237791
-0.209143
-0.184369
-0.162861
-0.144104
-0.127691
-0.113373
-0.10075
-0.0893298
-0.442253
-0.445002
-0.44701
-0.450418
-0.454585
-0.461029
-0.466196
-0.469318
-0.469324
-0.465687
-0.459051
-0.451579
-0.446571
-0.446861
-0.448883
-0.409431
-0.410539
-0.409616
-0.408711
-0.407862
-0.406879
-0.404882
-0.401762
-0.397779
-0.393979
-0.392173
-0.394515
-0.403748
-0.424145
-0.442053
-0.383226
-0.382905
-0.380049
-0.376124
-0.371393
-0.365711
-0.358759
-0.351855
-0.345844
-0.342241
-0.343559
-0.351935
-0.367065
-0.395501
-0.420269
-0.362545
-0.361484
-0.357597
-0.351727
-0.344309
-0.335884
-0.323997
-0.314921
-0.307447
-0.303716
-0.305471
-0.316126
-0.331233
-0.35979
-0.385843
-0.345864
-0.344932
-0.340581
-0.333215
-0.323174
-0.311314
-0.298385
-0.286585
-0.277319
-0.272921
-0.274188
-0.2854
-0.300935
-0.325861
-0.350362
-0.332315
-0.332064
-0.327606
-0.319216
-0.307037
-0.292729
-0.277966
-0.26486
-0.255411
-0.251966
-0.254876
-0.265836
-0.280914
-0.299497
-0.316672
-0.322224
-0.322699
-0.318339
-0.309568
-0.296921
-0.281915
-0.267476
-0.2554
-0.24747
-0.244742
-0.247514
-0.25472
-0.263983
-0.273152
-0.277924
-0.317598
-0.318491
-0.31457
-0.306649
-0.29518
-0.282112
-0.268998
-0.257709
-0.249656
-0.245115
-0.244035
-0.243977
-0.243647
-0.241137
-0.235567
-0.48835
-0.552729
-0.512111
-0.388436
-0.259696
-0.188646
-0.168485
-0.183693
-0.191733
-0.169478
-0.148755
-0.142365
-0.124868
-0.101263
-0.103398
-0.128736
-0.14286
-0.126157
-0.101637
-0.106559
-0.128265
-0.127813
-0.109606
-0.132269
-0.146858
-0.14898
-0.120218
-0.130289
-0.0899489
-0.06969
-0.0240806
-0.0120936
-0.0101646
-0.00771455
0.00111001
-0.00229092
-0.00332633
0.000266067
-0.499223
-0.582526
-0.54043
-0.405253
-0.270047
-0.186369
-0.155168
-0.148062
-0.140694
-0.131798
-0.135572
-0.139746
-0.12311
-0.101715
-0.104298
-0.127059
-0.140433
-0.12712
-0.106603
-0.116312
-0.138142
-0.13112
-0.102018
-0.115064
-0.125347
-0.144274
-0.13697
-0.145737
-0.0887081
-0.067904
-0.0266227
-0.0138605
-0.010229
-0.00844693
0.000451971
-0.00238583
-0.0032138
0.000144617
-0.473406
-0.56517
-0.533171
-0.404101
-0.269011
-0.18211
-0.146732
-0.125602
-0.10396
-0.0994317
-0.123011
-0.135679
-0.121539
-0.103856
-0.106845
-0.125525
-0.136405
-0.12642
-0.110286
-0.124765
-0.147007
-0.133036
-0.0935821
-0.0981322
-0.103981
-0.135156
-0.150001
-0.157597
-0.0860163
-0.0648397
-0.0289917
-0.0156564
-0.0105029
-0.00923844
-0.000117372
-0.00249709
-0.00314592
8.35738e-06
-0.42685
-0.51169
-0.487126
-0.375706
-0.257637
-0.175297
-0.140084
-0.115954
-0.0876434
-0.0801071
-0.113791
-0.133104
-0.121636
-0.108601
-0.112317
-0.124093
-0.131008
-0.123591
-0.11227
-0.131613
-0.154993
-0.134968
-0.0854058
-0.0828241
-0.0845041
-0.122504
-0.159194
-0.165757
-0.0826871
-0.0608902
-0.0310748
-0.0174104
-0.0110736
-0.0100777
-0.000577891
-0.00261306
-0.00312636
-0.000139107
-0.375602
-0.438789
-0.421406
-0.335343
-0.242561
-0.170662
-0.134206
-0.111841
-0.0882822
-0.0800847
-0.112926
-0.132943
-0.122767
-0.116926
-0.119553
-0.124162
-0.125405
-0.118388
-0.112094
-0.136162
-0.161783
-0.13634
-0.0783069
-0.0698338
-0.0677857
-0.107547
-0.165011
-0.169355
-0.0793587
-0.0560784
-0.0327344
-0.0189914
-0.0119911
-0.0109608
-0.000883203
-0.00271643
-0.00315912
-0.000287418
-0.325341
-0.362132
-0.352171
-0.293195
-0.225421
-0.166136
-0.129441
-0.10805
-0.0918437
-0.0893844
-0.121974
-0.13588
-0.124917
-0.122062
-0.123827
-0.121502
-0.118297
-0.110936
-0.109297
-0.137793
-0.167774
-0.138325
-0.0734193
-0.0595309
-0.0539707
-0.0909563
-0.167543
-0.168171
-0.07666
-0.051117
-0.0340387
-0.0203375
-0.0132807
-0.0119028
-0.00106193
-0.00278934
-0.00323801
-0.000434928
-0.270639
-0.292375
-0.291679
-0.258377
-0.211061
-0.162118
-0.125932
-0.104773
-0.0889416
-0.0993295
-0.130476
-0.139922
-0.122162
-0.123911
-0.126937
-0.122802
-0.113634
-0.102189
-0.102921
-0.136025
-0.168661
-0.137235
-0.0694606
-0.0522743
-0.0434779
-0.0721205
-0.167811
-0.161727
-0.0752271
-0.0460353
-0.0350056
-0.0212942
-0.0149101
-0.012916
-0.00117218
-0.00280898
-0.00336996
-0.000583887
-0.227768
-0.241208
-0.241003
-0.224129
-0.195135
-0.157572
-0.12563
-0.106161
-0.0805995
-0.0965682
-0.140237
-0.143032
-0.119384
-0.122245
-0.120238
-0.114891
-0.10632
-0.0919371
-0.0944925
-0.12953
-0.168182
-0.137832
-0.0678816
-0.0470209
-0.0340598
-0.0530451
-0.165348
-0.151948
-0.0756632
-0.0400351
-0.0352273
-0.0220023
-0.0168394
-0.0139279
-0.00126445
-0.00276967
-0.00355755
-0.000731537
-0.207534
-0.22013
-0.211116
-0.192437
-0.164785
-0.131362
-0.104541
-0.0879827
-0.0653823
-0.073163
-0.111934
-0.122729
-0.107111
-0.113875
-0.120675
-0.113519
-0.0961824
-0.0787295
-0.0873101
-0.120911
-0.155307
-0.130257
-0.0649831
-0.0421349
-0.0340737
-0.0431432
-0.153964
-0.136947
-0.0766229
-0.0389876
-0.0349579
-0.0217796
-0.0194009
-0.015627
-0.00119215
-0.00263594
-0.00387287
-0.000913779
-0.155276
-0.169277
-0.161229
-0.142566
-0.120584
-0.0962008
-0.0769642
-0.0643537
-0.0445532
-0.0475924
-0.0756331
-0.078233
-0.0794777
-0.0967633
-0.110946
-0.0933346
-0.0735949
-0.0574698
-0.0683364
-0.11016
-0.151872
-0.119744
-0.0535598
-0.0291854
-0.0181892
-0.0273316
-0.134894
-0.127911
-0.0693486
-0.0356113
-0.0337385
-0.022227
-0.0224587
-0.0180088
-0.0010594
-0.00257444
-0.0043153
-0.00113701
-0.121676
-0.135394
-0.130926
-0.117069
-0.100209
-0.0805043
-0.0618799
-0.046262
-0.020268
-0.000460756
0.000296945
0.00916078
-0.0241361
-0.0679063
-0.0869772
-0.071303
-0.0529481
-0.0372118
-0.0431742
-0.0814195
-0.121546
-0.0947089
-0.0345585
-0.0174207
-0.0115856
-0.011387
-0.111796
-0.106587
-0.0570248
-0.0333995
-0.0323234
-0.0217539
-0.0253829
-0.0210268
-0.00114774
-0.00251912
-0.00478269
-0.00139454
-0.0938639
-0.103851
-0.100602
-0.0884139
-0.0719497
-0.0543117
-0.0382195
-0.0229788
-0.000650657
0.0213423
0.0415006
0.0560264
0.0213576
-0.0305793
-0.046568
-0.0414105
-0.0266512
-0.0132679
-0.0143553
-0.0456417
-0.0804638
-0.0585634
-0.0187769
-0.0114834
-0.0016639
0.00463709
-0.0821628
-0.0742577
-0.0434739
-0.0312437
-0.029889
-0.0206031
-0.0282925
-0.0243642
-0.00157961
-0.00257971
-0.00525353
-0.00166686
-0.0680004
-0.0764222
-0.0753818
-0.0665583
-0.0546417
-0.0413334
-0.0276157
-0.0139448
0.00721605
0.0308686
0.052519
0.0616594
0.0407898
0.000458613
-0.0192973
-0.0191008
-0.0111504
-7.39442e-06
0.0104962
-0.00376796
-0.0230501
-0.0211266
-0.0102178
-0.0112507
0.00166323
0.0136777
-0.044361
-0.0316173
-0.0265624
-0.0268854
-0.025544
-0.0189862
-0.030536
-0.0276911
-0.00247851
-0.00295532
-0.00569827
-0.00193907
-0.0482965
-0.0555849
-0.0553296
-0.0489091
-0.0392635
-0.0279521
-0.0156549
-0.00322455
0.0129814
0.0304535
0.0434318
0.0522464
0.0422562
0.0175163
1.09859e-05
-0.00209587
0.00621567
0.012568
0.0222746
0.0139753
-0.000776255
0.000607479
-0.00591305
-0.0106914
0.00609154
0.0164706
-0.00996356
0.00973025
-0.00711656
-0.0194167
-0.0181909
-0.0152823
-0.0310777
-0.031362
-0.00405087
-0.00369698
-0.00607447
-0.00222933
-0.0333651
-0.0384684
-0.0385123
-0.0339129
-0.0265605
-0.0180111
-0.0086383
0.000841623
0.0123744
0.0251296
0.0350158
0.0408782
0.0364966
0.0234334
0.0116542
0.00786537
0.0123236
0.0165423
0.0260484
0.0227139
0.0114793
0.0106404
0.00058432
-0.00449806
0.00924979
0.0166574
0.0149544
0.0338711
0.00863542
-0.0119172
-0.00861059
-0.00910891
-0.0287016
-0.0341185
-0.00638646
-0.00490141
-0.00622462
-0.00238661
-0.0205837
-0.0246937
-0.0252726
-0.0221942
-0.0168182
-0.0104521
-0.003361
0.00395904
0.0122869
0.0212358
0.027936
0.0318528
0.030078
0.0241559
0.0172085
0.014156
0.0183014
0.0208563
0.0254263
0.0232925
0.0149123
0.0139795
0.00769651
0.00511342
0.0130244
0.017756
0.0224979
0.0354866
0.0173589
-0.00323835
9.39947e-05
-0.00311274
-0.0227265
-0.0307979
-0.0082897
-0.00642105
-0.00604296
-0.002369
-0.0109691
-0.0142546
-0.0148614
-0.0127923
-0.0089561
-0.00435492
0.000787478
0.00603947
0.0116914
0.0174635
0.0222084
0.0252021
0.0250229
0.0229046
0.0196072
0.0170426
0.019069
0.0206464
0.0230372
0.0225015
0.0172723
0.0156776
0.0120337
0.0101906
0.0154717
0.0187154
0.0226755
0.0320492
0.020661
0.00493849
0.00640614
0.00222477
-0.0131485
-0.020292
-0.00709711
-0.00611
-0.00548707
-0.00241117
-0.00366384
-0.00605354
-0.0066308
-0.005361
-0.00275816
0.000426574
0.00401963
0.00766842
0.0115198
0.0154837
0.0186168
0.0209334
0.021361
0.0207421
0.0196355
0.0183372
0.019747
0.0209102
0.0217348
0.0211707
0.0179043
0.0166691
0.014422
0.0137781
0.0174827
0.0190522
0.020528
0.0273238
0.0210137
0.0105717
0.0100516
0.00599642
-0.00399311
-0.0092922
-0.00273731
-0.0029216
-0.00415238
-0.00222267
0.00222437
0.000362791
-0.000256536
0.000431714
0.00212905
0.00429262
0.00671803
0.00917003
0.0116822
0.0142379
0.0164406
0.0181951
0.0189481
0.0191596
0.0191652
0.0185876
0.0192153
0.0198551
0.0202775
0.0198246
0.01791
0.0171545
0.0156881
0.0148437
0.0176863
0.0188195
0.0192846
0.0233105
0.0200294
0.0131402
0.0121063
0.00825799
0.00220999
-0.00162292
0.00170414
0.00156441
-0.00193887
-0.00147006
0.00666895
0.00519718
0.00463948
0.00499607
0.00605609
0.00745785
0.0090226
0.0106062
0.0122093
0.013829
0.0153594
0.0166524
0.017461
0.0179023
0.0182184
0.0182277
0.018649
0.0191258
0.0192752
0.0189102
0.0177703
0.0172319
0.0164443
0.0159992
0.017632
0.0183759
0.0182451
0.0201662
0.0184402
0.0138658
0.0113992
0.00919395
0.00532995
0.0024393
0.00439246
0.00428517
3.90019e-05
-0.000644838
0.0100658
0.00893725
0.00842227
0.00854006
0.00915488
0.0100314
0.0110193
0.0120117
0.0130211
0.014082
0.0150595
0.0159491
0.0166066
0.0170969
0.0175267
0.017775
0.0180486
0.0182915
0.0184072
0.0181546
0.0174951
0.0171149
0.0166522
0.0163255
0.0170781
0.0174919
0.0173513
0.0179939
0.0167566
0.0136685
0.0117089
0.00956075
0.00658883
0.00405137
0.00526571
0.00503313
0.00129483
-7.30222e-05
0.0126871
0.0118072
0.0113314
0.0112871
0.0115984
0.0121189
0.0127106
0.0132891
0.0138728
0.0145034
0.0151389
0.015723
0.016203
0.0166163
0.0169892
0.0172624
0.0174775
0.0176295
0.0177285
0.0175675
0.0171688
0.0169049
0.0165999
0.0164105
0.0167059
0.0167203
0.0164769
0.0165068
0.0153931
0.0132237
0.0116089
0.00971491
0.00721268
0.0051613
0.00527496
0.00477774
0.0019142
0.000267987
0.0146612
0.0139727
0.0135529
0.0134239
0.0135382
0.0138038
0.0141186
0.0144247
0.0147302
0.0150688
0.0154338
0.0157896
0.0160949
0.0163751
0.0166534
0.0168694
0.0170297
0.0171083
0.0171649
0.0170727
0.0168155
0.0166177
0.0163835
0.0161341
0.0161398
0.0159482
0.0155882
0.0152947
0.0143241
0.0126037
0.0112091
0.00964092
0.00747994
0.00565412
0.00501663
0.00421043
0.0021214
0.000469322
0.0161478
0.0156117
0.0152444
0.0150655
0.0150523
0.01515
0.0152822
0.0154033
0.0155188
0.0156611
0.0158376
0.0160148
0.0161713
0.0163207
0.0164804
0.0166085
0.016692
0.0167159
0.0167259
0.0166495
0.0164615
0.0162629
0.0160459
0.015772
0.0156054
0.0153076
0.0148308
0.0143546
0.01351
0.0120963
0.0108043
0.00948421
0.0076344
0.00594853
0.00489162
0.00381104
0.00218849
0.000608206
0.0172537
0.0168309
0.0165108
0.0163115
0.0162219
0.016209
0.0162172
0.016215
0.0162067
0.0162191
0.0162603
0.016305
0.0163422
0.0163784
0.0164318
0.016468
0.0164725
0.0164369
0.0163896
0.0162885
0.0161158
0.015903
0.0156816
0.0153757
0.0150872
0.0147119
0.0141901
0.0135963
0.0128259
0.0116484
0.010426
0.00926194
0.00767487
0.00611942
0.00483127
0.00356406
0.00215099
0.000676152
0.0180606
0.0177261
0.0174494
0.0172451
0.0171087
0.0170232
0.0169501
0.016869
0.0167812
0.0167069
0.0166525
0.0166012
0.0165483
0.0164956
0.0164588
0.0164102
0.0163405
0.0162443
0.0161409
0.0159962
0.015804
0.0155655
0.0153101
0.014977
0.0146207
0.014188
0.0136506
0.0130039
0.0122648
0.011268
0.0101338
0.00904
0.00766402
0.00625345
0.00488596
0.00348923
0.00212837
0.000710484
0.018637
0.0183678
0.0181268
0.0179252
0.0177629
0.0176317
0.0175065
0.0173751
0.0172366
0.017106
0.0169864
0.0168676
0.0167483
0.0166279
0.0165194
0.0164001
0.0162662
0.0161136
0.0159529
0.0157636
0.0155338
0.0152666
0.0149738
0.0146125
0.0142196
0.0137415
0.0132016
0.0125401
0.0118075
0.010928
0.00988913
0.00885625
0.00763256
0.0063742
0.00499882
0.00352391
0.00214608
0.00074023
0.0190358
0.0188134
0.0186012
0.018406
0.0182311
0.018071
0.0179142
0.0177502
0.0175823
0.0174146
0.017253
0.0170871
0.0169205
0.0167512
0.0165878
0.0164149
0.0162274
0.0160276
0.0158153
0.0155846
0.0153167
0.0150178
0.0146903
0.014302
0.0138822
0.0133801
0.0128321
0.0121761
0.01145
0.0106356
0.00966999
0.00869603
0.00756352
0.00640814
0.00509427
0.0036439
0.00222792
0.000771223
0.0192992
0.0191082
0.0189168
0.0187292
0.0185488
0.0183725
0.0181965
0.0180134
0.0178274
0.0176376
0.0174486
0.017253
0.0170539
0.0168514
0.0166474
0.0164356
0.016209
0.0159706
0.0157197
0.0154495
0.0151518
0.0148223
0.014465
0.0140565
0.0136147
0.0130996
0.0125413
0.0118951
0.0111733
0.0103883
0.00947384
0.00851072
0.00743347
0.0062921
0.00499982
0.0036038
0.00220277
0.000754715
0.0194547
0.0192836
0.0191066
0.0189263
0.0187441
0.0185598
0.0183725
0.0181799
0.0179835
0.017782
0.0175767
0.0173635
0.017145
0.0169204
0.0166915
0.0164531
0.0162016
0.015936
0.0156568
0.0153586
0.0150392
0.0146855
0.0143084
0.0138811
0.0134238
0.0129044
0.0123348
0.011698
0.0109813
0.0102071
0.00931927
0.00837353
0.00732031
0.00618735
0.00495958
0.00361347
0.00221615
0.00075988
0.0195257
0.0193645
0.0191952
0.0190192
0.0188374
0.0186502
0.0184584
0.0182614
0.0180606
0.0178536
0.0176408
0.0174193
0.0171913
0.0169556
0.0167137
0.0164615
0.0161976
0.0159175
0.0156237
0.01531
0.0149779
0.0146133
0.014223
0.013788
0.0133199
0.0127981
0.0122235
0.0115882
0.0108752
0.0101048
0.00923459
0.00829278
0.00725799
0.00613593
0.00492047
0.00359778
0.00220789
0.00075208
-0.0754593
-0.0873296
-0.0996809
-0.111981
-0.126268
-0.14012
-0.157723
-0.178726
-0.06094
-0.0698476
-0.079114
-0.0886934
-0.0992862
-0.109301
-0.119741
-0.132766
-0.0469249
-0.0531107
-0.0592544
-0.0658624
-0.0731936
-0.0801674
-0.0884462
-0.100259
-0.0356438
-0.0399322
-0.0441872
-0.0488666
-0.054602
-0.0607402
-0.0690042
-0.0788457
-0.0257651
-0.0288566
-0.0320003
-0.0357698
-0.0406599
-0.0456608
-0.0509542
-0.0571001
-0.0176028
-0.0197758
-0.0221043
-0.0248033
-0.0279214
-0.0306812
-0.0339226
-0.0390783
-0.0106251
-0.0119944
-0.0133623
-0.0148708
-0.0167328
-0.0189379
-0.0222614
-0.026765
-0.00451298
-0.00525841
-0.00603186
-0.00714537
-0.00885056
-0.0109295
-0.0132416
-0.0160331
0.000551
6.78309e-05
-0.000490254
-0.00133734
-0.00247049
-0.00361615
-0.0050043
-0.00722813
0.00475483
0.00447805
0.00419954
0.00376507
0.00310285
0.00224397
0.000971042
-0.000891753
0.00832752
0.00817611
0.00803269
0.00774604
0.00722129
0.00650741
0.00556234
0.00423258
0.0112206
0.0110984
0.0109923
0.0107957
0.0104436
0.00996085
0.00927894
0.00823664
0.0135695
0.0134549
0.0133735
0.0132449
0.0130029
0.0126332
0.0120832
0.0112574
0.0154435
0.0153174
0.0152263
0.015113
0.014922
0.0146324
0.0142095
0.0135837
0.0168932
0.0167519
0.0166433
0.0165332
0.016379
0.0161554
0.0158286
0.0153472
0.0179972
0.0178467
0.017723
0.0176082
0.0174711
0.0172887
0.0170323
0.0166662
0.0188144
0.01866
0.0185262
0.0184064
0.01828
0.018128
0.0179258
0.0176478
0.0194058
0.0192538
0.0191167
0.0189944
0.0188738
0.0187401
0.018575
0.0183611
0.0198219
0.0196756
0.0195396
0.0194164
0.0192989
0.0191769
0.0190377
0.0188697
0.0201006
0.0199628
0.0198314
0.0197102
0.0195954
0.019481
0.0193588
0.0192221
0.0202721
0.0201452
0.0200214
0.0199046
0.0197927
0.0196835
0.0195719
0.0194552
0.0203646
0.0202475
0.0201319
0.0200198
0.0199106
0.0198043
0.0196986
0.0195926
0.0203972
0.0202883
0.0201792
0.0200712
0.0199644
0.0198598
0.0197568
0.0196553
0.0758407
0.0796194
0.08318
0.0860506
0.0874108
0.0870275
0.0847554
0.0800822
0.0720458
0.0592505
0.0397761
0.01096
-0.0315349
-0.0910624
-0.144382
0.0546259
0.0563086
0.0563863
0.0551443
0.0524513
0.0479765
0.0412364
0.0314705
0.017583
-0.00191824
-0.0290685
-0.0665122
-0.118426
-0.189129
-0.246337
0.033014
0.0325244
0.0291809
0.0242564
0.0180096
0.00990241
-0.000840627
-0.0151322
-0.0341235
-0.0593646
-0.0930199
-0.137803
-0.196886
-0.275866
-0.331344
0.0111447
0.00807284
0.00177311
-0.00596445
-0.0150367
-0.0262206
-0.0404126
-0.0585453
-0.0817597
-0.111568
-0.15031
-0.200784
-0.265411
-0.345081
-0.397489
-0.010934
-0.0166848
-0.0250895
-0.0347389
-0.0459776
-0.0597012
-0.0766994
-0.0978538
-0.124291
-0.157369
-0.199543
-0.253579
-0.320161
-0.396485
-0.443686
-0.0324359
-0.040633
-0.0504633
-0.0615058
-0.0744656
-0.0901829
-0.10926
-0.132534
-0.161065
-0.196274
-0.240179
-0.294827
-0.360093
-0.429916
-0.470278
-0.053021
-0.0627947
-0.0735775
-0.0857943
-0.10023
-0.117446
-0.137963
-0.162502
-0.192038
-0.227851
-0.271517
-0.324312
-0.385147
-0.445347
-0.479129
-0.0724456
-0.0827785
-0.0944076
-0.107759
-0.123319
-0.14154
-0.16286
-0.187867
-0.217389
-0.252455
-0.294189
-0.342985
-0.396221
-0.444116
-0.472967
0.189617
0.204522
0.221113
0.239845
0.260803
0.283894
0.309017
0.336119
0.365124
0.395778
0.427494
0.459095
0.488579
0.511917
0.531113
0.188975
0.203253
0.219215
0.237389
0.257795
0.280221
0.304502
0.330573
0.358362
0.387594
0.41763
0.44722
0.474264
0.494788
0.511215
0.184207
0.197027
0.211723
0.228799
0.248061
0.269092
0.291613
0.315514
0.34068
0.366779
0.393081
0.418221
0.439908
0.454334
0.464944
0.175309
0.186066
0.199027
0.214467
0.231875
0.250661
0.270496
0.291223
0.312631
0.334241
0.35514
0.37377
0.387536
0.392762
0.395151
0.162323
0.170639
0.18171
0.195343
0.210467
0.226275
0.242461
0.258918
0.275393
0.291253
0.30535
0.315863
0.319826
0.313423
0.305645
0.145608
0.151079
0.160047
0.171644
0.184185
0.196666
0.208765
0.220356
0.231101
0.240217
0.246355
0.247452
0.240182
0.220547
0.200487
0.125393
0.128682
0.13582
0.144853
0.153984
0.162445
0.169995
0.176393
0.181069
0.18301
0.180648
0.171679
0.152458
0.11897
0.0860394
0.101782
0.103891
0.109997
0.11641
0.12174
0.125691
0.128245
0.129069
0.127364
0.121887
0.11085
0.0917021
0.0604432
0.0133112
-0.0313937
0.0285677
0.0330117
0.0293388
0.033262
0.0308112
0.0351225
0.0333783
0.0377646
0.0371242
0.0416207
0.0424097
0.0472197
0.0497566
0.0554264
0.0601395
0.0674249
0.074937
0.0849245
0.0960913
0.110152
0.12625
0.146
0.168789
0.0286428
0.0330557
0.029433
0.0333194
0.0309343
0.0351931
0.0335356
0.0378858
0.0373243
0.0418022
0.0427104
0.0474875
0.0501346
0.0559322
0.0606478
0.0680112
0.0756085
0.0856493
0.0968454
0.110984
0.126895
0.146558
0.168869
0.0287278
0.0330743
0.0295409
0.0333461
0.0310815
0.0352293
0.0337251
0.0379736
0.0375381
0.0419415
0.0430444
0.0476933
0.0505262
0.0562522
0.0610561
0.068404
0.0760252
0.0860488
0.0970007
0.110965
0.126264
0.14533
0.166095
0.0288213
0.0330694
0.0296609
0.0333451
0.0312464
0.0352374
0.0339382
0.0380311
0.0378669
0.0420677
0.0433996
0.04795
0.0509818
0.056716
0.0615377
0.0690196
0.0764573
0.086538
0.0969747
0.110587
0.124663
0.142417
0.160372
0.0289225
0.0330436
0.0298054
0.0333208
0.0314277
0.0352228
0.0341694
0.0380581
0.0381353
0.0421551
0.043744
0.0480382
0.0513224
0.0568999
0.0617767
0.0690954
0.0763396
0.0860777
0.0959651
0.10881
0.1214
0.137336
0.151475
0.0290274
0.0329995
0.0299499
0.0332782
0.0316183
0.0351973
0.0344113
0.038075
0.0384655
0.0422917
0.0441512
0.0484066
0.0518931
0.0574568
0.0622876
0.0699014
0.0767214
0.0865293
0.0954128
0.107453
0.117614
0.130791
0.139776
0.0291383
0.0329401
0.0300997
0.0332239
0.0318106
0.035154
0.0346508
0.0380644
0.0387151
0.0423406
0.0444228
0.0482681
0.052122
0.0574271
0.0622303
0.0694099
0.0760111
0.0849452
0.093151
0.103515
0.111756
0.121597
0.125004
0.0292507
0.0328724
0.0302471
0.0331663
0.0320151
0.0351414
0.0349015
0.0381258
0.039117
0.0425956
0.044977
0.0491698
0.0528132
0.0583959
0.0630635
0.0706803
0.0766653
0.0858058
0.0923171
0.101583
0.105742
0.111088
0.106899
0.0293823
0.0327693
0.0304371
0.0330514
0.032232
0.0350209
0.0351579
0.037987
0.0392948
0.0425039
0.0450579
0.0487797
0.0526934
0.0576237
0.0623084
0.0688128
0.0743484
0.0811738
0.0867331
0.0916798
0.0935226
0.0915756
0.0823021
0.0295531
0.0326093
0.0306787
0.0328771
0.0324803
0.0347954
0.0353821
0.0376654
0.0393619
0.0420571
0.0447941
0.048055
0.0518387
0.0559468
0.0603002
0.0653054
0.0699686
0.0743119
0.0780129
0.07929
0.0786853
0.0734567
0.0656958
0.0297583
0.0323868
0.030955
0.0326452
0.0327583
0.034486
0.0356194
0.0373271
0.0393768
0.0416267
0.0444229
0.0472163
0.0507769
0.0541138
0.0579854
0.061615
0.0651931
0.0675431
0.0692255
0.0684477
0.065638
0.0599017
0.0523511
0.029999
0.0320932
0.0312682
0.0323658
0.033031
0.034222
0.0357346
0.0370513
0.039275
0.0411041
0.0438501
0.0462602
0.0493895
0.0520501
0.0552374
0.0576469
0.0599927
0.0608688
0.0607848
0.0587311
0.0546835
0.0486407
0.0413054
0.030279
0.0317235
0.0315825
0.0321417
0.0332008
0.0340139
0.0357445
0.036792
0.0390123
0.0405725
0.0430415
0.0451647
0.0476714
0.049737
0.0521323
0.0534763
0.0546473
0.0544362
0.0530656
0.0502627
0.0457871
0.0397844
0.0327465
0.0305954
0.0313351
0.0318063
0.0319889
0.0332971
0.0338369
0.035633
0.0365122
0.0385867
0.039942
0.0420259
0.0438898
0.0457189
0.0471734
0.0488191
0.0492622
0.0494285
0.0484354
0.0463431
0.043137
0.038655
0.0329885
0.0264156
0.0309067
0.030988
0.0319215
0.031892
0.0333006
0.0336843
0.0353902
0.0361975
0.0380016
0.0391919
0.0408526
0.0424068
0.0435999
0.0444474
0.0454175
0.0451736
0.0445568
0.0430426
0.0406393
0.0373082
0.0330244
0.0278494
0.021895
0.0311849
0.0306967
0.0319486
0.0318317
0.0331981
0.0335383
0.0350267
0.0358114
0.0372874
0.0382998
0.0395476
0.0407302
0.0413766
0.0416963
0.0420625
0.0413434
0.040203
0.0383724
0.035898
0.0326781
0.0287404
0.0241477
0.0189273
0.0313991
0.0304836
0.0318741
0.0317916
0.032995
0.0333734
0.0345678
0.0353252
0.0364698
0.0372644
0.0381368
0.038923
0.0391215
0.0390177
0.0388885
0.0378714
0.0364321
0.0344662
0.0320729
0.029125
0.025639
0.0216674
0.0172088
0.031532
0.0303595
0.0316972
0.0317504
0.0327076
0.0331446
0.0340472
0.0347243
0.0355634
0.0361144
0.0366555
0.0370631
0.0369086
0.0364941
0.0360008
0.0348204
0.033264
0.0313158
0.0290989
0.0264982
0.0235107
0.0201626
0.0164351
0.03157
0.0303199
0.0314355
0.031673
0.0323733
0.0328287
0.0334808
0.034017
0.0345828
0.0348875
0.0351432
0.0352272
0.0348151
0.0341916
0.0334606
0.0322218
0.0306813
0.0288585
0.026873
0.0246388
0.0221442
0.0193878
0.0163336
0.0315073
0.0303479
0.0311208
0.0315036
0.0320157
0.0324244
0.0328722
0.0332315
0.0335528
0.0336306
0.0336476
0.033483
0.0328994
0.0321507
0.0312943
0.0300749
0.028633
0.0269976
0.025269
0.0233882
0.0213417
0.0191118
0.0166501
0.0313491
0.0304076
0.0308092
0.03121
0.0316236
0.0319494
0.0322239
0.0324043
0.0325094
0.0323973
0.0322218
0.0318764
0.0311924
0.0303911
0.0294988
0.0283509
0.0270504
0.025627
0.0241559
0.0225958
0.0209346
0.0191468
0.0171777
0.0311134
0.0304397
0.0305449
0.030823
0.0311694
0.0314029
0.0315366
0.0315655
0.0314921
0.0312297
0.0309046
0.0304376
0.0297137
0.0289159
0.0280495
0.0270047
0.0258606
0.0246459
0.0234142
0.022135
0.020797
0.019373
0.0178091
0.0308228
0.030375
0.0303159
0.0304526
0.0306725
0.030792
0.0308149
0.0307323
0.0305299
0.0301574
0.0297243
0.0291845
0.0284639
0.0277061
0.0269037
0.0259769
0.0249852
0.0239595
0.0229402
0.021904
0.0208374
0.0197122
0.0184775
0.0305045
0.0302161
0.0300951
0.0300948
0.0301578
0.0301581
0.0300811
0.029913
0.0296284
0.0291943
0.0287
0.0281283
0.0274366
0.0267365
0.0260139
0.0252041
0.0243494
0.0234842
0.0226442
0.0218128
0.0209716
0.0200891
0.0191182
0.030176
0.0299795
0.0298361
0.0297363
0.0296576
0.0295424
0.0293741
0.0291368
0.0287998
0.0283422
0.027832
0.0272631
0.0266155
0.0259768
0.0253338
0.0246315
0.0238957
0.023162
0.0224664
0.0218003
0.0211418
0.0204555
0.0196981
0.0298486
0.0296981
0.0295355
0.0293691
0.0291888
0.0289738
0.0287242
0.0284294
0.0280583
0.0276
0.0271038
0.0265624
0.0259665
0.0253869
0.0248165
0.0242101
0.0235785
0.0229524
0.0223688
0.0218287
0.0213116
0.0207803
0.0201955
0.0295274
0.0293942
0.0292145
0.0290028
0.0287553
0.0284691
0.0281566
0.0278149
0.0274192
0.0269695
0.0265012
0.0260007
0.025459
0.0249337
0.0244266
0.0239028
0.0233603
0.0228207
0.0223213
0.0218722
0.0214593
0.0210476
0.0206013
0.0292241
0.0290956
0.028899
0.0286545
0.028364
0.0280318
0.0276798
0.0273061
0.0268929
0.0264518
0.0260106
0.0255549
0.0250694
0.0245956
0.0241436
0.0236897
0.0232228
0.0227543
0.0223176
0.0219308
0.0215883
0.021262
0.0209197
0.0289578
0.0288283
0.0286193
0.0283517
0.0280323
0.0276717
0.0272969
0.0269073
0.0264842
0.0260444
0.0256174
0.0251976
0.0247662
0.0243421
0.0239374
0.0235396
0.0231377
0.0227339
0.0223494
0.022005
0.0217057
0.0214356
0.0211699
0.0287486
0.0286158
0.0283981
0.0281176
0.0277826
0.0274054
0.0270163
0.0266237
0.0262071
0.025773
0.0253512
0.0249551
0.0245692
0.0241876
0.0238137
0.023446
0.0230811
0.0227189
0.0223716
0.0220554
0.0217798
0.0215392
0.0213174
0.028636
0.0285023
0.0282762
0.0279835
0.0276365
0.027247
0.0268478
0.0264544
0.0260444
0.0256153
0.0251973
0.024814
0.0244544
0.0240994
0.0237454
0.0233978
0.0230597
0.0227313
0.0224169
0.0221255
0.0218663
0.0216418
0.0214458
0.0695441
0.0514682
0.0290873
0.00894669
-0.00975842
-0.0280546
-0.0459284
-0.0618012
0.0571012
0.040511
0.0185597
-0.000389694
-0.0150975
-0.027824
-0.0402703
-0.0511632
0.0459139
0.0331
0.0143571
-0.00211799
-0.0130203
-0.021673
-0.030671
-0.0394275
0.0357882
0.0259867
0.0106374
-0.00328962
-0.0118995
-0.018097
-0.0243078
-0.0303663
0.0273457
0.0198838
0.00844942
-0.00194799
-0.00851888
-0.0131053
-0.017505
-0.0218718
0.0210449
0.0149982
0.00714793
-4.1984e-08
-0.00496451
-0.00857949
-0.0118365
-0.0148922
0.016844
0.0119982
0.00684929
0.0022125
-0.0013538
-0.00416421
-0.00662001
-0.00878834
0.0144065
0.0106161
0.00736477
0.00450791
0.00207249
-4.11126e-05
-0.00187182
-0.00337959
0.013313
0.0104151
0.00846089
0.00681521
0.00523713
0.00371038
0.0023644
0.00130093
0.0131716
0.0109951
0.00989954
0.00904625
0.00807909
0.00701053
0.00602497
0.00525756
0.0136661
0.0120573
0.0115116
0.0111568
0.0106099
0.00989493
0.00919659
0.008658
0.0145181
0.0133496
0.013144
0.013096
0.0128331
0.0123728
0.0118745
0.0114734
0.0154913
0.0146448
0.0146317
0.0147759
0.0147258
0.0144582
0.0141022
0.0137856
0.0164895
0.0158813
0.0159703
0.0162057
0.0162797
0.0161455
0.0158963
0.0156414
0.0174483
0.0170078
0.0171348
0.0173886
0.0175149
0.0174617
0.0172886
0.01708
0.0183189
0.017995
0.0181187
0.0183486
0.0184826
0.0184703
0.0183467
0.0181731
0.0190806
0.0188356
0.0189317
0.0191137
0.0192272
0.0192267
0.0191303
0.0189802
0.0197216
0.01953
0.0195862
0.0197088
0.0197857
0.0197787
0.0196945
0.0195607
0.0202418
0.0200873
0.020102
0.020164
0.0201972
0.0201724
0.0200899
0.0199663
0.0206469
0.020518
0.0204956
0.0205026
0.0204914
0.0204424
0.0203539
0.0202357
0.0209613
0.0208451
0.0207852
0.0207398
0.0206842
0.0206086
0.0205112
0.0203969
0.02115
0.0210452
0.0209646
0.0208856
0.0207981
0.0207004
0.0205938
0.0204811
0.0212961
0.0211821
0.0210697
0.0209559
0.0208413
0.0207277
0.020616
0.0205062
-0.631062
-0.641232
-0.656919
-0.678076
-0.704733
-0.734559
-0.761684
-0.780196
-0.625561
-0.635377
-0.649891
-0.668113
-0.689155
-0.712288
-0.73389
-0.747379
-0.620496
-0.628869
-0.640866
-0.655179
-0.670339
-0.6834
-0.69069
-0.687814
-0.617101
-0.621979
-0.628618
-0.634852
-0.639263
-0.639586
-0.633337
-0.618091
-0.615855
-0.613467
-0.610491
-0.605716
-0.598862
-0.588912
-0.573975
-0.551787
-0.61363
-0.600302
-0.585868
-0.570829
-0.555561
-0.539021
-0.519037
-0.493128
-0.605449
-0.580106
-0.555584
-0.533255
-0.51282
-0.492518
-0.469805
-0.442161
-0.587293
-0.551926
-0.520934
-0.49474
-0.471763
-0.449695
-0.42579
-0.39763
-0.557406
-0.516552
-0.483359
-0.456143
-0.432605
-0.410163
-0.386175
-0.358372
-0.517139
-0.476133
-0.444107
-0.418002
-0.395288
-0.373513
-0.350257
-0.323463
-0.469958
-0.432796
-0.404315
-0.380652
-0.359777
-0.339423
-0.317467
-0.292186
-0.418999
-0.388589
-0.364739
-0.344462
-0.326063
-0.307621
-0.28742
-0.264012
-0.36793
-0.344436
-0.326087
-0.309682
-0.294093
-0.277975
-0.259814
-0.238606
-0.315617
-0.301122
-0.288734
-0.276575
-0.264075
-0.250319
-0.234399
-0.21552
-0.264561
-0.261003
-0.252802
-0.2457
-0.23547
-0.224086
-0.210349
-0.194196
-0.480909
-0.521356
-0.558205
-0.58702
-0.606249
-0.61698
-0.622134
-0.625543
-0.484977
-0.525664
-0.56154
-0.588374
-0.605188
-0.613701
-0.617406
-0.620204
-0.490615
-0.533998
-0.571
-0.597152
-0.611534
-0.616497
-0.616608
-0.616673
-0.499987
-0.547839
-0.587288
-0.613164
-0.624789
-0.625091
-0.620227
-0.616245
-0.513202
-0.56655
-0.609356
-0.635294
-0.644077
-0.63911
-0.628781
-0.620224
-0.52622
-0.588089
-0.635467
-0.661738
-0.667923
-0.656756
-0.641568
-0.626617
-0.539375
-0.610155
-0.662928
-0.689222
-0.69163
-0.676455
-0.654214
-0.63007
-0.550596
-0.629486
-0.686545
-0.712415
-0.71133
-0.690504
-0.659548
-0.624
-0.556353
-0.640977
-0.700822
-0.724759
-0.719068
-0.691134
-0.650261
-0.603681
-0.553825
-0.639716
-0.699258
-0.718503
-0.706707
-0.671305
-0.62178
-0.567551
-0.541792
-0.62242
-0.676723
-0.687471
-0.668749
-0.627744
-0.573797
-0.518413
-0.52127
-0.588325
-0.635467
-0.631024
-0.605559
-0.563363
-0.511488
-0.460771
-0.494921
-0.535752
-0.544876
-0.546807
-0.52197
-0.485276
-0.441767
-0.400493
-0.467399
-0.480517
-0.476504
-0.457047
-0.431107
-0.404316
-0.373627
-0.341507
-0.440517
-0.418685
-0.378997
-0.358463
-0.340218
-0.323347
-0.305851
-0.284106
-0.44004
-0.368189
-0.294576
-0.234473
-0.218913
-0.220046
-0.223462
-0.227879
-0.463809
-0.33599
-0.217998
-0.136446
-0.101156
-0.115889
-0.129783
-0.159088
-0.427336
-0.287671
-0.158666
-0.0699884
-0.0202059
-0.0254416
-0.0477981
-0.0836107
-0.329734
-0.228506
-0.124652
-0.0388249
0.0256345
0.056361
0.0437388
-0.00939107
-0.229758
-0.184227
-0.142466
-0.0971846
-0.0200773
0.0706295
0.119529
0.0516219
-0.187299
-0.181232
-0.170491
-0.146563
-0.0941498
-0.0191795
0.0696397
0.0996761
-0.186659
-0.201454
-0.20158
-0.181846
-0.146976
-0.102696
-0.0508647
0.00986436
-0.222995
-0.253017
-0.263228
-0.252483
-0.231378
-0.198559
-0.166734
-0.0992232
-0.245896
-0.286995
-0.305069
-0.298909
-0.289045
-0.254551
-0.236144
-0.160792
-0.206272
-0.236212
-0.255689
-0.259926
-0.25177
-0.226848
-0.210051
-0.165421
-0.160994
-0.171083
-0.177436
-0.180985
-0.179124
-0.169241
-0.161647
-0.137422
-0.144526
-0.145525
-0.14389
-0.141313
-0.136467
-0.129211
-0.124689
-0.115414
-0.127511
-0.129547
-0.129548
-0.125362
-0.11805
-0.109449
-0.102191
-0.0950535
-0.10261
-0.10522
-0.110232
-0.114554
-0.115925
-0.112347
-0.102315
-0.0872343
-0.10402
-0.105545
-0.109138
-0.113513
-0.116907
-0.117517
-0.11537
-0.108625
-0.128983
-0.128999
-0.130192
-0.132852
-0.136916
-0.140351
-0.142002
-0.139027
-0.143348
-0.142486
-0.141151
-0.140635
-0.140269
-0.142021
-0.140914
-0.142936
-0.124047
-0.121367
-0.118
-0.115273
-0.111937
-0.110988
-0.10739
-0.108082
-0.0956764
-0.0891494
-0.0821776
-0.0755413
-0.0695295
-0.0652108
-0.0615366
-0.0601211
-0.0959447
-0.0849656
-0.0740084
-0.064009
-0.0555656
-0.0489529
-0.0442852
-0.040898
-0.117546
-0.106075
-0.0941333
-0.0821445
-0.0709491
-0.0605937
-0.0525241
-0.0429514
-0.122943
-0.116261
-0.107936
-0.0980755
-0.0874089
-0.0757457
-0.0631877
-0.0511424
-0.115469
-0.118745
-0.119078
-0.116012
-0.109681
-0.100274
-0.0867934
-0.0711887
-0.148554
-0.162608
-0.17341
-0.179896
-0.181647
-0.178541
-0.170853
-0.159054
-0.166954
-0.184275
-0.197678
-0.206815
-0.211256
-0.211664
-0.206982
-0.203008
-0.148275
-0.142911
-0.134108
-0.125293
-0.116843
-0.110681
-0.103317
-0.0987225
-0.100124
-0.0782105
-0.0565461
-0.0374361
-0.0214708
-0.0098978
-0.00287983
0.000185844
-0.112061
-0.0920766
-0.071452
-0.0514621
-0.0328147
-0.0163788
-0.00181607
0.0103314
-0.0893895
-0.0869586
-0.0829011
-0.0773883
-0.0707358
-0.0632364
-0.0550627
-0.0461013
-0.0701543
-0.0692606
-0.0672277
-0.0641538
-0.0600169
-0.0552687
-0.0496867
-0.044149
-0.0215108
-0.0190324
-0.0168451
-0.0150638
-0.0136691
-0.0127382
-0.0121784
-0.0119877
-0.0104332
-0.00890799
-0.00755279
-0.0063813
-0.00540299
-0.00462457
-0.00400651
-0.00354039
-0.0102199
-0.0103059
-0.0103324
-0.0102251
-0.00993043
-0.00942571
-0.00870751
-0.00774386
-0.0070504
-0.00647595
-0.00600904
-0.00566304
-0.00543106
-0.00530878
-0.00527103
-0.00534202
0.00180661
0.00250178
0.00313932
0.00367759
0.00408864
0.00435826
0.00448601
0.00447419
-0.00221557
-0.00214877
-0.00207158
-0.00195275
-0.00175662
-0.00144928
-0.0010046
-0.000407449
-0.00348057
-0.00367532
-0.00390805
-0.00417596
-0.00447237
-0.00478512
-0.00509781
-0.00539059
0.000364563
0.000428796
0.00044601
0.000401989
0.000282449
7.50817e-05
-0.00022848
-0.00063004
-0.202699
-0.158495
-0.125108
-0.0989268
-0.0779928
-0.0614279
-0.0471333
-0.0357252
-0.0266435
-0.0190597
-0.0129206
-0.00788187
-0.00375318
-0.000415903
0.00232564
0.00454335
0.00632535
0.00774326
0.00885252
0.00969972
0.0103151
0.0107226
0.0109317
-0.15187
-0.119448
-0.101979
-0.0849803
-0.0702543
-0.0572239
-0.045501
-0.0356014
-0.0271175
-0.0198696
-0.0138074
-0.00870674
-0.00448889
-0.00100814
0.00185562
0.0041734
0.00604239
0.00752585
0.0086841
0.00956574
0.010204
0.0106255
0.0108411
-0.0778331
-0.0589635
-0.0588977
-0.0544087
-0.0503487
-0.0447352
-0.0382778
-0.0312618
-0.0246447
-0.0185537
-0.0131167
-0.00840192
-0.00439419
-0.00100826
0.00179436
0.00408758
0.00594842
0.00742942
0.00858899
0.00947193
0.0101121
0.0105352
0.0107515
-0.00110606
0.000710759
-0.0140123
-0.0214863
-0.0278382
-0.0292198
-0.0280562
-0.0243955
-0.0202003
-0.0156654
-0.011243
-0.007211
-0.00361919
-0.000517972
0.00208328
0.00424545
0.00601558
0.007436
0.00855545
0.00941235
0.0100366
0.0104506
0.0106629
0.0945481
0.0576134
0.0278034
0.00725263
-0.00767011
-0.0150435
-0.0181632
-0.0170922
-0.0151341
-0.0121368
-0.00880689
-0.00552946
-0.00246519
0.000243658
0.00257377
0.00454594
0.00618021
0.00750725
0.00856302
0.00937716
0.0099741
0.0103726
0.0105779
0.132207
0.0866057
0.0528215
0.026187
0.00704816
-0.00384609
-0.00951064
-0.0108187
-0.0103054
-0.00851841
-0.00618333
-0.0036253
-0.00111789
0.00116143
0.00318171
0.00492565
0.00639845
0.00761379
0.00859263
0.00935588
0.00992042
0.0103001
0.0104966
0.0530101
0.050406
0.039246
0.0237854
0.0105826
0.00153686
-0.00380771
-0.00582743
-0.00605027
-0.00512246
-0.00357532
-0.00168211
0.000275186
0.00214148
0.00385258
0.00536206
0.00666495
0.00775675
0.00864915
0.00935295
0.00987822
0.0102349
0.0104202
-0.0569594
-0.0198438
-0.000314274
0.00399446
0.00361259
0.000518138
-0.00130423
-0.00237575
-0.00254136
-0.00200226
-0.000988101
0.000342328
0.0017875
0.00323241
0.00461302
0.00586662
0.00698304
0.00793778
0.00873197
0.00936744
0.00984763
0.0101766
0.0103484
-0.121582
-0.0665957
-0.0333877
-0.0163051
-0.00635886
-0.00277179
-0.000628298
-0.000168869
0.000321781
0.000788721
0.00143045
0.00228231
0.003264
0.00432754
0.00539784
0.00640741
0.00733508
0.00814633
0.00883644
0.0093973
0.00982675
0.010124
0.0102805
-0.124683
-0.0748552
-0.0457299
-0.0244548
-0.0121666
-0.00437843
-1.16209e-05
0.00179107
0.00294842
0.00335937
0.00372442
0.00418805
0.00475317
0.00544142
0.00619287
0.0069595
0.00769674
0.00836499
0.00894948
0.00943459
0.00981236
0.0100771
0.0102174
-0.104874
-0.067832
-0.0443101
-0.0230442
-0.0116023
-0.00212297
0.00243709
0.00480546
0.00603728
0.00609742
0.00609488
0.00608745
0.00623528
0.0065594
0.00700529
0.0075258
0.00807071
0.00859421
0.00907242
0.00948069
0.00980546
0.0100356
0.010159
-0.0927507
-0.0663267
-0.0453181
-0.0217297
-0.00971918
0.00269407
0.00628026
0.00936259
0.00960683
0.00910465
0.00858502
0.0080557
0.00777142
0.00771776
0.00785286
0.00812309
0.00847438
0.00885067
0.00921738
0.00954365
0.00981012
0.0100036
0.0101079
-0.0797988
-0.0563615
-0.0377932
-0.0139085
-0.0032341
0.00928118
0.011912
0.0149877
0.0138071
0.0126419
0.0112678
0.0101428
0.00940828
0.00897277
0.00878516
0.00878596
0.00892652
0.00914169
0.00938696
0.00962292
0.00982678
0.00997778
0.0100609
-0.0721911
-0.0492419
-0.0251415
-0.00159235
0.0127679
0.0216829
0.0225058
0.0219589
0.0185849
0.0161809
0.0138269
0.0121206
0.0109105
0.0101196
0.00966151
0.00943687
0.00938568
0.0094456
0.0095708
0.00971403
0.00984997
0.00995816
0.010019
-0.0980768
-0.0810722
-0.0426266
-0.00635212
0.0259227
0.0353923
0.0345343
0.0293847
0.0236323
0.0193312
0.0160296
0.0138381
0.0122896
0.0112171
0.0104957
0.0100631
0.00983099
0.00974554
0.00975092
0.00980246
0.00987458
0.00993747
0.00997603
-0.123006
-0.112604
-0.0720959
-0.024752
0.0205986
0.0325667
0.0334189
0.0300934
0.0253083
0.0210869
0.0175611
0.0150632
0.0132967
0.012087
0.0112232
0.010638
0.0102598
0.0100423
0.0099369
0.0098999
0.00990395
0.00992219
0.00993717
-0.129602
-0.115086
-0.0778295
-0.0352684
0.00143741
0.0177803
0.0227917
0.0230989
0.0215196
0.0194322
0.0173359
0.0155261
0.0139996
0.0128174
0.011879
0.0111807
0.0106797
0.0103405
0.0101247
0.00999767
0.00993454
0.00990488
0.00989518
-0.0996576
-0.0835299
-0.056739
-0.030942
-0.0102697
0.00325737
0.0118475
0.015582
0.0169435
0.0168301
0.0161445
0.0151945
0.014267
0.0133436
0.0124481
0.0116796
0.0110674
0.0106183
0.0103048
0.0100966
0.00996691
0.009892
0.00985727
-0.0574227
-0.0456391
-0.0328584
-0.0248095
-0.0153996
-0.00369081
0.00635719
0.0116003
0.0144189
0.0153244
0.0154013
0.0149754
0.0143854
0.0136141
0.0128066
0.0120437
0.01138
0.0108499
0.0104494
0.0101656
0.00997821
0.00986246
0.00980629
-0.039411
-0.031712
-0.0259762
-0.0219249
-0.0140901
-0.00085585
0.0070731
0.0128714
0.0147639
0.0158173
0.0156287
0.0153914
0.0148059
0.0140418
0.0131797
0.0123433
0.0116225
0.0110307
0.0105674
0.0102246
0.00998471
0.0098293
0.00975166
-0.0429704
-0.0313725
-0.023842
-0.0134419
-0.00532862
0.00590242
0.0110415
0.0162704
0.0166809
0.0174607
0.016532
0.0158751
0.0150553
0.0144071
0.0135142
0.0126424
0.0118517
0.0111831
0.0106487
0.0102476
0.00995818
0.00976865
0.00967194
-0.0413643
-0.0255562
-0.0121857
0.00355165
0.0121146
0.0184635
0.0202316
0.0214073
0.0198434
0.0193401
0.0175879
0.0165181
0.0154195
0.0145538
0.0136252
0.0127378
0.011945
0.0112549
0.0106859
0.0102493
0.00991876
0.00969731
0.00958322
-0.0615865
-0.0408627
-0.0169206
0.00542616
0.0225927
0.0261546
0.0276024
0.0255823
0.0229188
0.0205734
0.0183819
0.016989
0.0158267
0.0148729
0.0138167
0.0128364
0.0119686
0.0112442
0.0106485
0.0101804
0.00982516
0.00958568
0.00945902
-0.143028
-0.119117
-0.0812346
-0.0412911
-0.00323147
0.0132693
0.0199368
0.0196035
0.0200032
0.0189011
0.0176278
0.0165014
0.0154695
0.0145462
0.0136144
0.012732
0.0119058
0.0111773
0.0105667
0.0100798
0.00970814
0.0094513
0.00931535
-0.183811
-0.16142
-0.115187
-0.0655711
-0.0188194
0.00443082
0.0125055
0.0155992
0.0172375
0.017373
0.016851
0.0159064
0.0149954
0.0141018
0.0132526
0.0124239
0.0116585
0.0109787
0.0103899
0.00990541
0.009526
0.00926467
0.00912286
-0.0908101
-0.0735186
-0.0422802
-0.00944215
0.0164158
0.0260061
0.0245864
0.0226022
0.0210931
0.0195036
0.0176923
0.016048
0.0149029
0.0140225
0.0131374
0.0122203
0.0114019
0.0107105
0.0101374
0.00966933
0.00930355
0.00903771
0.00889289
0.000356813
0.0108436
0.018879
0.0247746
0.0271337
0.0252166
0.0199049
0.0217365
0.0202909
0.018889
0.0165484
0.0150841
0.0140314
0.0133545
0.0125148
0.0117111
0.0109864
0.0103643
0.00980882
0.00936244
0.00900633
0.00875072
0.00860872
0.0155261
0.0197286
0.0237595
0.0299997
0.033282
0.0342581
0.0324833
0.0293402
0.0250137
0.0212538
0.0178789
0.0151262
0.013428
0.0124165
0.0116051
0.0109547
0.0103725
0.00985301
0.0093849
0.00898318
0.00865431
0.00840455
0.00826561
-0.0346046
-0.0206136
-0.00635998
0.00656208
0.0170948
0.0194312
0.0208456
0.0189533
0.0184013
0.0179451
0.0166676
0.012115
0.0113818
0.0109379
0.0105718
0.0101698
0.00971062
0.00926213
0.00885288
0.00850092
0.00821528
0.00799599
0.00786791
-0.0364532
-0.0289274
-0.0201267
-0.0122633
-0.00576969
-0.00235322
-0.000727928
0.000695193
0.0034534
0.00583853
0.00695804
0.00719991
0.00777049
0.00838097
0.00880427
0.00896647
0.00887597
0.00862072
0.0082844
0.0079584
0.00769046
0.00749076
0.00737156
-0.0118773
-0.0107152
-0.00997253
-0.0099767
-0.0102143
-0.0102525
-0.00948689
-0.00707227
-0.00321312
0.000396976
0.00240995
0.00381973
0.00505184
0.00634959
0.00730762
0.00779015
0.00787763
0.00775933
0.00756765
0.00734143
0.00712872
0.00694723
0.00683226
-0.00334978
-0.00286755
-0.00226121
-0.00116083
0.00043474
0.0024381
0.00416944
0.00518726
0.00548026
0.00481335
0.00332212
0.00250546
0.00332139
0.00528659
0.00666935
0.00718768
0.0071377
0.00696921
0.00675822
0.00657371
0.00641706
0.00627782
0.00617571
-0.00626441
-0.00424232
-0.00193769
0.000553708
0.00278449
0.00417966
0.00427305
0.00297155
0.00197799
0.00180372
0.00178793
0.00200669
0.00306207
0.00463584
0.00569074
0.00600357
0.00611033
0.00607072
0.00593943
0.0058171
0.00569757
0.00556976
0.00547205
-0.0053757
-0.00559622
-0.00604049
-0.00691407
-0.00829804
-0.0101551
-0.0120431
-0.0132048
-0.012307
-0.00934995
-0.00582263
-0.00241975
0.000674755
0.0032582
0.00500168
0.00461447
0.00493473
0.00495163
0.0048936
0.00488302
0.00484405
0.00474691
0.00466594
0.00431798
0.00415917
0.00399668
0.00398632
0.00426067
0.00484992
0.00565212
0.00600896
0.00539643
0.00357148
0.00122631
-0.000255943
3.57075e-05
0.00200211
0.00368355
0.00429382
0.0042988
0.00413487
0.00396979
0.00394665
0.00390202
0.00380847
0.00374847
0.000596759
0.00187894
0.00372543
0.0059251
0.00826793
0.0104
0.0117982
0.0116827
0.00989373
0.00725137
0.00458768
0.00248533
0.00155439
0.00192291
0.00242031
0.00270028
0.00278928
0.00279174
0.00282147
0.00299501
0.003031
0.00290585
0.00283683
-0.00571312
-0.00611456
-0.00645419
-0.00675907
-0.0071137
-0.00761621
-0.00828251
-0.00891924
-0.00862269
-0.00694564
-0.00448925
-0.0021697
-0.000244893
0.00111705
0.00171711
0.00178898
0.00172117
0.00164291
0.00165354
0.00178992
0.00183219
0.00178146
0.00175104
-0.00123946
-0.00209283
-0.00305473
-0.00407045
-0.00506717
-0.00596557
-0.00674626
-0.00717252
-0.00674686
-0.00540732
-0.0036386
-0.0019916
-0.000695817
0.000182751
0.000582729
0.000681295
0.000672764
0.000642747
0.000579625
0.000624281
0.000611664
0.000594187
0.000587255
-0.167245
-0.136987
-0.109667
-0.0882832
-0.0697512
-0.0548455
-0.0423639
-0.0322429
-0.0239333
-0.0170294
-0.0113443
-0.00663676
-0.00275155
0.000467362
0.00311262
0.0052575
0.00699131
0.00837295
0.00945653
0.0102816
0.0108812
0.0112727
0.0114699
-0.177823
-0.142477
-0.112417
-0.089475
-0.0702791
-0.054729
-0.0419236
-0.0317132
-0.0233816
-0.0165174
-0.0109294
-0.00632201
-0.00253629
0.00059777
0.00317055
0.00526093
0.00695784
0.00831427
0.00938205
0.0101996
0.0107972
0.0111908
0.0113913
-0.187852
-0.147356
-0.114155
-0.0901502
-0.0703575
-0.0543309
-0.0414102
-0.0312454
-0.0228688
-0.0160326
-0.0105242
-0.00599525
-0.00230306
0.000751933
0.00325167
0.00528649
0.00694462
0.00827337
0.00932312
0.0101307
0.0107236
0.0111165
0.0113186
-0.195195
-0.150419
-0.116564
-0.092237
-0.0713973
-0.0545289
-0.0414147
-0.0311618
-0.0225896
-0.0157405
-0.0102551
-0.00576648
-0.00213552
0.000872761
0.00331653
0.00530955
0.00693556
0.00823962
0.00927229
0.0100697
0.0106572
0.0110479
0.0112505
-0.201968
-0.152573
-0.118588
-0.0932355
-0.0713687
-0.05432
-0.0415066
-0.0311793
-0.0224503
-0.0156368
-0.0101334
-0.00565964
-0.00204437
0.000943915
0.00334832
0.00531677
0.0069197
0.00820522
0.00922453
0.0100135
0.0105958
0.0109841
0.0111863
-0.201906
-0.153188
-0.121443
-0.094825
-0.0719339
-0.054894
-0.0421637
-0.0314067
-0.0225458
-0.015756
-0.0102021
-0.00572821
-0.00207599
0.000915423
0.00331406
0.00528481
0.00687971
0.00815816
0.00917133
0.00995624
0.0105356
0.0109225
0.0111243
-0.203526
-0.153437
-0.121624
-0.0941355
-0.0718861
-0.0556208
-0.0428763
-0.0317315
-0.0230021
-0.0161684
-0.0105272
-0.00599594
-0.00226353
0.000751007
0.00318637
0.00518593
0.00679552
0.00808548
0.00910541
0.00989418
0.010475
0.0108627
0.0110644
-0.199097
-0.157291
-0.124635
-0.0965007
-0.0746647
-0.0583474
-0.0446197
-0.0331458
-0.0243917
-0.0172608
-0.0114367
-0.0067194
-0.00282645
0.000305282
0.00286273
0.00494672
0.00661908
0.00795545
0.00900648
0.00981533
0.0104074
0.0108012
0.0110049
0.00799961
-0.0196991
-0.0463041
-0.0736921
-0.101434
-0.127856
-0.152287
-0.174583
0.00963833
-0.0209266
-0.0509183
-0.0818595
-0.113011
-0.142653
-0.169811
-0.193805
0.0102752
-0.024924
-0.0595108
-0.0940932
-0.127947
-0.159812
-0.18881
-0.214745
0.00934646
-0.0308691
-0.0700587
-0.108106
-0.144519
-0.178588
-0.209658
-0.237931
0.00637647
-0.0385331
-0.0821078
-0.123766
-0.163129
-0.199824
-0.233378
-0.263973
0.00133483
-0.0482537
-0.0963271
-0.142009
-0.184843
-0.224511
-0.260623
-0.293391
-0.00591567
-0.0606662
-0.113681
-0.163863
-0.210591
-0.253435
-0.292065
-0.326794
-0.0159846
-0.0766803
-0.135232
-0.19038
-0.241309
-0.287502
-0.328601
-0.365044
-0.0299612
-0.0975241
-0.1623
-0.222906
-0.278285
-0.327802
-0.371445
-0.409249
-0.0493934
-0.124851
-0.196657
-0.263286
-0.323518
-0.376557
-0.422307
-0.460822
-0.0764289
-0.160937
-0.240764
-0.314091
-0.379438
-0.436092
-0.4834
-0.521567
-0.1141
-0.20885
-0.297742
-0.378772
-0.449669
-0.509315
-0.556747
-0.592639
-0.167282
-0.273634
-0.371819
-0.46022
-0.535932
-0.596594
-0.641709
-0.671888
-0.239376
-0.359079
-0.469307
-0.562616
-0.637041
-0.692639
-0.729087
-0.746943
-0.30708
-0.433423
-0.542574
-0.632515
-0.701659
-0.749443
-0.776861
-0.786323
0.185932
0.177927
0.165686
0.149217
0.128682
0.104316
0.0769767
0.0448533
0.200443
0.19108
0.176749
0.157647
0.134223
0.106482
0.0761896
0.0429779
0.216788
0.206294
0.19024
0.168961
0.143221
0.113001
0.0802964
0.0461312
0.235336
0.22391
0.206363
0.183048
0.154991
0.122296
0.0864654
0.0492038
0.2561
0.243725
0.224593
0.198998
0.168112
0.132301
0.0924761
0.0507044
0.278961
0.265468
0.244437
0.216125
0.181732
0.142014
0.09754
0.0505319
0.303832
0.289013
0.26569
0.234163
0.195594
0.151183
0.101509
0.0487739
0.330673
0.314323
0.288288
0.253009
0.209604
0.159689
0.104127
0.0450291
0.359404
0.341306
0.312094
0.272433
0.223458
0.167118
0.104715
0.0383553
0.389763
0.369654
0.336711
0.291886
0.236437
0.172574
0.102121
0.0273449
0.421153
0.398694
0.361342
0.310366
0.247288
0.174571
0.09461
0.0100162
0.452381
0.427132
0.38454
0.326192
0.254046
0.170862
0.0796435
-0.0164773
0.481423
0.452803
0.403889
0.336593
0.253536
0.157852
0.053253
-0.0565429
0.504212
0.47166
0.415472
0.33763
0.241589
0.131128
0.0109773
-0.114336
0.522859
0.48643
0.423368
0.33624
0.228219
0.103536
-0.0315184
-0.170882
0.028502
0.0284464
0.028401
0.0283647
0.0283372
0.0283129
0.0283044
0.0282871
0.0329417
0.0328452
0.0327234
0.0325784
0.0324141
0.032234
0.03204
0.0318393
0.0292656
0.029211
0.0291749
0.0291561
0.029147
0.029148
0.029154
0.029163
0.0331733
0.0330537
0.0329058
0.0327333
0.0325403
0.0323314
0.0321153
0.0319009
0.0307188
0.0306527
0.0306027
0.0305718
0.0305669
0.0305757
0.0305915
0.0306124
0.0350124
0.0348619
0.0346793
0.0344702
0.034238
0.0339933
0.0337402
0.0335108
0.0332475
0.0331471
0.0330593
0.0330028
0.0329633
0.032967
0.0329531
0.0329929
0.0375976
0.0373878
0.0371423
0.0368726
0.0365846
0.0363142
0.0360136
0.0358017
0.0369422
0.0367813
0.0366524
0.0365502
0.0364662
0.0364021
0.0363326
0.036299
0.0413908
0.0411185
0.0408196
0.0404962
0.0401433
0.0398213
0.0394464
0.0392326
0.042119
0.0418343
0.0415802
0.0413563
0.0411421
0.0409845
0.0407708
0.0407233
0.0468904
0.0465088
0.0461179
0.0457298
0.0452681
0.0449372
0.0444132
0.0442757
0.0493504
0.0489395
0.0484839
0.0480826
0.0476091
0.047321
0.0467631
0.046707
0.0549085
0.0543556
0.0536629
0.053153
0.0523136
0.0519924
0.0510443
0.0509857
0.059545
0.0588745
0.0580948
0.0574912
0.0565914
0.0560532
0.0550172
0.0545098
0.0667025
0.0658644
0.0649366
0.0640342
0.0627341
0.0619221
0.0601172
0.0594411
0.074003
0.0728727
0.0714764
0.0700977
0.0683027
0.0668253
0.0646154
0.0631515
0.0838628
0.082472
0.0807712
0.0790703
0.076601
0.0745228
0.0710847
0.0687877
0.0947291
0.0926959
0.090122
0.0872584
0.0836274
0.0799841
0.0754349
0.0709787
0.108537
0.106043
0.102802
0.0990244
0.0941344
0.0889295
0.0822488
0.0754475
0.124221
0.120668
0.115888
0.109938
0.102596
0.0940411
0.0845034
0.072943
0.14358
0.139119
0.132875
0.124789
0.114614
0.102709
0.0883206
0.0727426
0.165775
0.159639
0.150536
0.138352
0.122908
0.104621
0.0835751
0.0589898
0.0282656
0.0282469
0.0282462
0.0282639
0.0283036
0.0283604
0.0283887
0.0283645
0.0282599
0.0280572
0.0277446
0.027319
0.0267892
0.0261776
0.0255127
0.0248264
0.0241442
0.0234838
0.0228601
0.0222909
0.0218044
0.0214324
0.0212146
0.0315734
0.0312099
0.0307671
0.0302353
0.0296086
0.0289545
0.0283236
0.0277325
0.0272022
0.0267431
0.0263531
0.0260173
0.0257056
0.0253649
0.0249257
0.0244
0.0238159
0.0232098
0.0226147
0.022062
0.0215864
0.0212221
0.021008
0.0291839
0.0292135
0.029259
0.0293222
0.0293583
0.0292866
0.0290983
0.0288024
0.0283871
0.0278539
0.0272228
0.0265314
0.0258393
0.025196
0.0245952
0.0240154
0.0234189
0.0228123
0.0222214
0.0216775
0.0212112
0.0208593
0.0206564
0.0315972
0.0311843
0.030694
0.0301417
0.0296309
0.0291681
0.0287396
0.0283305
0.027928
0.0275146
0.0270624
0.0265086
0.0258356
0.0250796
0.0243499
0.0236516
0.0229776
0.0223286
0.0217196
0.0211742
0.0207151
0.0203764
0.0201871
0.0306268
0.0306129
0.0306179
0.0305796
0.0304236
0.0301725
0.0298075
0.0293213
0.0287218
0.0280331
0.0272965
0.0265393
0.0257604
0.0249413
0.0241037
0.023279
0.0225036
0.0217924
0.0211557
0.0206071
0.0201556
0.0198296
0.0196516
0.0331262
0.0325827
0.0319543
0.0313556
0.0307971
0.0302465
0.0296987
0.0291409
0.0285547
0.0279096
0.027179
0.0263732
0.0255164
0.0246172
0.0236921
0.0227854
0.021942
0.0211877
0.0205368
0.0199973
0.0195661
0.0192614
0.0191019
0.0329295
0.0328061
0.0326458
0.0323672
0.0319643
0.0314255
0.0307445
0.0299368
0.029038
0.0280856
0.0271033
0.026105
0.0251002
0.0240954
0.0231024
0.0221475
0.0212691
0.0204983
0.0198509
0.0193328
0.0189352
0.0186624
0.0185309
0.0353562
0.0346216
0.0338689
0.0331413
0.0323907
0.0316448
0.0308393
0.0299692
0.0290079
0.0279486
0.0268134
0.0256447
0.0244884
0.0233789
0.0223338
0.0213644
0.0204922
0.0197411
0.0191212
0.018636
0.0182767
0.0180346
0.0179242
0.0361427
0.0357571
0.0352627
0.034608
0.0337737
0.032777
0.0316364
0.0303976
0.0290958
0.0277547
0.0263939
0.0250427
0.0237451
0.0225416
0.0214606
0.020504
0.0196735
0.0189727
0.0184023
0.0179624
0.0176465
0.0174282
0.0173272
0.03863
0.0376095
0.0365915
0.0355159
0.0343928
0.0331856
0.0318753
0.0304521
0.0289331
0.0273609
0.0257832
0.0242574
0.0228386
0.0215687
0.0204754
0.0195585
0.0188034
0.0181873
0.017693
0.0173188
0.0170618
0.0168772
0.0167885
0.0403102
0.0394159
0.0384117
0.0372145
0.0357781
0.0341399
0.0323566
0.0304836
0.0285723
0.0266787
0.0248595
0.0231718
0.0216632
0.0203675
0.0192976
0.0184519
0.0178074
0.017317
0.0169379
0.0166593
0.016483
0.0163558
0.0162964
0.0433625
0.0417244
0.0400583
0.038245
0.0363123
0.0342446
0.0320619
0.0298162
0.0275857
0.0254517
0.0234829
0.0217319
0.0202306
0.0189902
0.0180043
0.0172633
0.0167451
0.016396
0.0161512
0.0159829
0.0158908
0.0158276
0.0158059
0.0456941
0.0439378
0.0420356
0.0398403
0.0373626
0.0347206
0.0320007
0.0292901
0.0266801
0.0242633
0.0221163
0.0202917
0.0188024
0.0176335
0.0167532
0.0161279
0.0157272
0.0155029
0.015384
0.0153216
0.0153036
0.0152933
0.015303
0.0491825
0.0465428
0.0437265
0.040741
0.0376247
0.0343971
0.0311409
0.0279898
0.0250646
0.0224688
0.0202696
0.0184945
0.0171254
0.0161212
0.0154259
0.0149766
0.0147253
0.0146304
0.0146337
0.0146762
0.0147333
0.0147741
0.014809
0.052436
0.0491774
0.0455253
0.0415334
0.0373757
0.033262
0.0293524
0.0257838
0.0226608
0.0200442
0.0179511
0.0163616
0.0152265
0.0144798
0.0140412
0.0138237
0.0137592
0.0138061
0.0139261
0.0140671
0.0141999
0.0142961
0.0143541
0.0559122
0.0511293
0.046257
0.0413238
0.0363753
0.0315574
0.0271184
0.0232267
0.019985
0.0174193
0.0155
0.0141583
0.0133075
0.0128527
0.0126935
0.0127271
0.0128673
0.0130657
0.0132983
0.0135277
0.0137297
0.0138809
0.0139597
0.0591279
0.0531308
0.0468078
0.0404139
0.0343217
0.0287793
0.0239715
0.0199786
0.016823
0.0144778
0.0128645
0.0118686
0.0113656
0.011236
0.0113706
0.0116646
0.0120239
0.0123912
0.0127466
0.0130647
0.0133303
0.0135327
0.0136302
0.0620286
0.0535463
0.045446
0.0377372
0.0307018
0.0246411
0.0197106
0.015887
0.0130802
0.0111756
0.0100329
0.00949675
0.00941332
0.00964683
0.010087
0.0106385
0.0112157
0.0117598
0.0122488
0.0126611
0.012989
0.0132386
0.0133539
0.0630711
0.0527959
0.0427872
0.0336932
0.0258889
0.0195766
0.0147117
0.0111871
0.00886346
0.00754075
0.0069956
0.00701784
0.00742252
0.00806181
0.00882782
0.00963775
0.0104265
0.0111448
0.0117701
0.0122817
0.0126762
0.0129735
0.0131104
0.0631233
0.0487868
0.0369678
0.0270505
0.019107
0.0131072
0.0087896
0.00593722
0.00434561
0.00375897
0.00390576
0.00454138
0.00546412
0.00652368
0.00761914
0.00868092
0.00966612
0.0105429
0.0112945
0.0119031
0.0123681
0.0127161
0.0128819
0.0578274
0.0419596
0.0290263
0.0186498
0.0109815
0.00561476
0.00213563
0.000242566
-0.000390274
-0.000100902
0.000809201
0.00208987
0.00354216
0.00502256
0.00644609
0.00775664
0.00892977
0.00995259
0.0108186
0.0115186
0.0120564
0.0124583
0.0126599
0.0482889
0.0296705
0.0170202
0.00744479
0.000885099
-0.00332759
-0.00555759
-0.00616207
-0.00557899
-0.00422707
-0.00243639
-0.000444629
0.00157272
0.0034925
0.00525767
0.00682883
0.00819801
0.00936927
0.0103485
0.0111381
0.0117487
0.0122062
0.0124463
0.0275509
0.0135416
0.00199578
-0.00603599
-0.0110241
-0.0137099
-0.0143606
-0.0134106
-0.0114155
-0.00885182
-0.00606367
-0.00327137
-0.000618646
0.00179633
0.00394833
0.00582025
0.0074205
0.00876657
0.00987696
0.0107663
0.0114535
0.0119703
0.0122488
0.00483057
-0.00455882
-0.0131734
-0.0193681
-0.0229821
-0.0240802
-0.023082
-0.0205631
-0.017168
-0.0134052
-0.00962262
-0.00602642
-0.00272835
0.000195177
0.00274086
0.00492209
0.0067591
0.00828157
0.00952008
0.0104996
0.0112472
0.0118024
0.0121039
-0.020627
-0.0278806
-0.0317797
-0.0343115
-0.0348107
-0.0330982
-0.0297744
-0.0254784
-0.0207679
-0.0160374
-0.0115424
-0.00742313
-0.00373778
-0.000528247
0.00222683
0.00456488
0.00651536
0.00811595
0.00940449
0.0104113
0.0111684
0.0117156
0.0120113
-0.0470734
-0.0538918
-0.0528305
-0.0501002
-0.0455226
-0.0398922
-0.03378
-0.0276457
-0.0217979
-0.0164053
-0.0115494
-0.00725201
-0.00349515
-0.000273062
0.00246607
0.00477379
0.0066875
0.0082491
0.00949787
0.0104634
0.0111786
0.0116757
0.0119401
-0.0707052
-0.0743149
-0.0681792
-0.0617464
-0.0533904
-0.0448255
-0.0365899
-0.0290205
-0.0222584
-0.016324
-0.0111813
-0.00676482
-0.0029908
0.000201776
0.00288512
0.00512033
0.00695837
0.0084488
0.0096331
0.0105403
0.0112026
0.011645
0.0118743
-0.0935859
-0.0903975
-0.0786506
-0.0692536
-0.0585156
-0.0483634
-0.0389029
-0.0304193
-0.023003
-0.0166218
-0.0111938
-0.00661358
-0.00276432
0.000458247
0.00313891
0.00534144
0.00713302
0.00857355
0.00970989
0.0105733
0.0111962
0.0116001
0.0118038
-0.115526
-0.105051
-0.0883708
-0.0758066
-0.0626525
-0.0511364
-0.0407532
-0.0316497
-0.0238044
-0.0171126
-0.0114655
-0.00673712
-0.00279927
0.000476615
0.00318622
0.00539162
0.00717065
0.00859018
0.00970284
0.0105439
0.0111475
0.0115336
0.0117249
-0.135945
-0.118277
-0.0971959
-0.081316
-0.0658609
-0.0530971
-0.0419164
-0.0323709
-0.0242719
-0.0174211
-0.011673
-0.00687471
-0.00289298
0.000411351
0.00313654
0.00534499
0.00712101
0.00853261
0.00963574
0.0104689
0.0110673
0.0114507
0.0116401
-0.153141
-0.128934
-0.104634
-0.0858367
-0.0684885
-0.0544853
-0.0425075
-0.0325619
-0.0242965
-0.0173777
-0.0116264
-0.00684465
-0.00288686
0.000395683
0.00309795
0.00528633
0.00704864
0.00844938
0.00954462
0.0103744
0.0109735
0.0113607
0.0115535
)
;

boundaryField
{
    outlet
    {
        type            fixedValue;
        value           uniform 0;
    }
    upperWall
    {
        type            symmetryPlane;
    }
    lowerWall
    {
        type            symmetryPlane;
    }
    inlet
    {
        type            zeroGradient;
    }
    cylinder
    {
        type            zeroGradient;
    }
    frontAndBack
    {
        type            empty;
    }
}


// ************************************************************************* //
