/*--------------------------------*- C++ -*----------------------------------*\
| =========                 |                                                 |
| \\      /  F ield         | OpenFOAM: The Open Source CFD Toolbox           |
|  \\    /   O peration     | Version:  2312                                  |
|   \\  /    A nd           | Website:  www.openfoam.com                      |
|    \\/     M anipulation  |                                                 |
\*---------------------------------------------------------------------------*/
FoamFile
{
    version     2.0;
    format      ascii;
    arch        "LSB;label=32;scalar=64";
    class       volScalarField;
    location    "43.7";
    object      p;
}
// * * * * * * * * * * * * * * * * * * * * * * * * * * * * * * * * * * * * * //

dimensions      [0 2 -2 0 0 0 0];

internalField   nonuniform List<scalar> 
5478
(
-0.416894
-0.414518
-0.408645
-0.401775
-0.395714
-0.391387
-0.388638
-0.386402
-0.383092
-0.37703
-0.367218
-0.352718
-0.335499
-0.313246
-0.287889
-0.426846
-0.423579
-0.417916
-0.411239
-0.404193
-0.396583
-0.388104
-0.378396
-0.366962
-0.353563
-0.338099
-0.321105
-0.302386
-0.281459
-0.260299
-0.441714
-0.436592
-0.430075
-0.422302
-0.412241
-0.399318
-0.384166
-0.367648
-0.350398
-0.332705
-0.314704
-0.296109
-0.276929
-0.257126
-0.236904
-0.461232
-0.453555
-0.445014
-0.434192
-0.418627
-0.399069
-0.377688
-0.356099
-0.335009
-0.314591
-0.294647
-0.275154
-0.255967
-0.236963
-0.218859
-0.486071
-0.474497
-0.463179
-0.446398
-0.423012
-0.396453
-0.369741
-0.344251
-0.32037
-0.298008
-0.276991
-0.257033
-0.237823
-0.219529
-0.201683
-0.517078
-0.499491
-0.483018
-0.45706
-0.424569
-0.391312
-0.360041
-0.33147
-0.305488
-0.281772
-0.25993
-0.239655
-0.220737
-0.202958
-0.185923
-0.550132
-0.527248
-0.500547
-0.462971
-0.421556
-0.382408
-0.347309
-0.31622
-0.288616
-0.26393
-0.241709
-0.221552
-0.203101
-0.186194
-0.170004
-0.578891
-0.552042
-0.511529
-0.461372
-0.411972
-0.367901
-0.329759
-0.296823
-0.268175
-0.243059
-0.220868
-0.201151
-0.183609
-0.167853
-0.153327
-0.409557
-0.409848
-0.409998
-0.411825
-0.415724
-0.421921
-0.430726
-0.442464
-0.45732
-0.475174
-0.495383
-0.516557
-0.536195
-0.551567
-0.558184
-0.415274
-0.414285
-0.414033
-0.415813
-0.420109
-0.427292
-0.437897
-0.452489
-0.471433
-0.494722
-0.521666
-0.550721
-0.578187
-0.602238
-0.614054
-0.41888
-0.41654
-0.4156
-0.416639
-0.42034
-0.427213
-0.437849
-0.452873
-0.4727
-0.497289
-0.525665
-0.557174
-0.585882
-0.61117
-0.622992
-0.419705
-0.416299
-0.41416
-0.413557
-0.41547
-0.420605
-0.429548
-0.442847
-0.46078
-0.483455
-0.509286
-0.538288
-0.563731
-0.584909
-0.591208
-0.418054
-0.414143
-0.410512
-0.407507
-0.406618
-0.408903
-0.415054
-0.425629
-0.440838
-0.460631
-0.483319
-0.508298
-0.527913
-0.539845
-0.535053
-0.415077
-0.411345
-0.406327
-0.40079
-0.396868
-0.396156
-0.399731
-0.40823
-0.421561
-0.438954
-0.457159
-0.474115
-0.483729
-0.483737
-0.467214
-0.412445
-0.409373
-0.403408
-0.396092
-0.390128
-0.387639
-0.389939
-0.397
-0.407648
-0.419447
-0.429638
-0.435192
-0.432477
-0.421822
-0.399138
-0.412311
-0.40989
-0.403674
-0.395997
-0.38962
-0.386547
-0.387354
-0.391156
-0.396131
-0.399462
-0.399253
-0.392566
-0.379538
-0.36124
-0.338449
-0.550725
-0.480814
-0.376998
-0.296357
-0.241576
-0.251007
-0.30684
-0.308479
-0.221407
-0.17865
-0.184715
-0.220105
-0.297734
-0.362839
-0.334457
-0.245061
-0.161124
-0.0961108
-0.0561981
-0.0300129
-0.0140357
-0.00875675
-0.00328068
0.000120064
0.00122648
0.00241997
0.00359562
0.00213964
0.00145511
0.00157455
0.000246908
-0.000393314
0.000215606
-0.000201011
-0.000394263
2.30856e-06
7.13677e-05
-5.0267e-06
-0.609576
-0.525793
-0.400193
-0.29661
-0.22498
-0.211813
-0.259354
-0.265062
-0.197107
-0.176753
-0.196478
-0.244643
-0.331168
-0.397626
-0.360921
-0.259616
-0.166396
-0.0964151
-0.0534044
-0.0251686
-0.0089304
-0.00449541
-0.000424334
0.00154961
0.0017379
0.00290874
0.00411399
0.00232256
0.00193357
0.00188173
0.000310187
-0.000200779
0.000335164
-0.00016871
-0.000347453
5.19325e-05
8.73405e-05
-4.47686e-06
-0.614479
-0.533883
-0.402788
-0.284563
-0.202582
-0.160138
-0.198037
-0.200506
-0.161413
-0.168482
-0.201613
-0.256482
-0.349719
-0.417672
-0.380124
-0.272043
-0.171295
-0.0975486
-0.0525895
-0.0232359
-0.0065271
-0.00180487
0.00146095
0.00259648
0.00214101
0.00329478
0.00442595
0.00251447
0.00242424
0.00213174
0.000387754
6.95728e-05
0.000415541
-0.000132702
-0.000280027
9.38181e-05
9.94127e-05
-2.37722e-06
-0.570887
-0.502686
-0.383247
-0.271341
-0.185706
-0.12627
-0.144814
-0.121206
-0.119044
-0.150313
-0.194317
-0.255671
-0.35112
-0.424763
-0.390884
-0.281875
-0.176712
-0.100101
-0.0534576
-0.0234581
-0.00617529
-0.00064986
0.00228468
0.00316151
0.00241641
0.0035125
0.00447645
0.00272859
0.00343924
0.0023068
0.000515956
0.000389495
0.000452406
-9.07955e-05
-0.000190199
0.000125978
0.000106398
1.66797e-06
-0.498495
-0.447426
-0.349485
-0.255121
-0.178283
-0.111607
-0.107038
-0.0841868
-0.0780992
-0.128917
-0.180885
-0.240106
-0.34169
-0.421626
-0.399237
-0.291555
-0.182445
-0.103759
-0.0555088
-0.0251601
-0.00694661
-0.000501013
0.0023519
0.00326391
0.00250464
0.00348047
0.0042635
0.00289112
0.00382914
0.00239328
0.000700616
0.000704936
0.000451878
-4.347e-05
-8.33359e-05
0.000147716
0.000107853
7.7577e-06
-0.420223
-0.386796
-0.31377
-0.238434
-0.176008
-0.110402
-0.0881528
-0.0782554
-0.0587319
-0.110622
-0.166654
-0.221764
-0.313663
-0.398528
-0.38434
-0.292905
-0.186278
-0.107596
-0.0579876
-0.0275819
-0.00844274
-0.00100523
0.00200217
0.00303269
0.00240829
0.00321904
0.00387199
0.00294474
0.00380684
0.00240125
0.000926808
0.000966968
0.000428371
5.01063e-06
2.97647e-05
0.00016015
0.000104341
1.56475e-05
-0.35538
-0.338066
-0.287064
-0.224682
-0.171803
-0.112499
-0.0785652
-0.0681295
-0.0644408
-0.0967309
-0.150352
-0.193431
-0.283892
-0.379995
-0.387213
-0.298756
-0.192234
-0.112999
-0.0619694
-0.0309302
-0.0106156
-0.00207635
0.00138669
0.00261276
0.002203
0.00281921
0.00346106
0.00289391
0.00365859
0.00236011
0.00109716
0.00115068
0.000399287
5.0182e-05
0.000136715
0.000165248
9.74551e-05
2.51085e-05
-0.315253
-0.303904
-0.26867
-0.219958
-0.176983
-0.12425
-0.0846776
-0.0674382
-0.0671509
-0.0916284
-0.139789
-0.169802
-0.249479
-0.335744
-0.344885
-0.289099
-0.197465
-0.120342
-0.0676182
-0.0350821
-0.0137217
-0.00371169
0.00054763
0.00209219
0.00194738
0.00238294
0.0030051
0.00275281
0.00341008
0.00229998
0.00122307
0.00126117
0.000374479
9.12247e-05
0.000230276
0.000164151
8.82371e-05
3.60956e-05
-0.280134
-0.277857
-0.240219
-0.19484
-0.15275
-0.108312
-0.0697251
-0.0556601
-0.0468325
-0.0631938
-0.0930204
-0.1264
-0.201532
-0.292569
-0.342655
-0.269031
-0.180096
-0.110157
-0.0629499
-0.0334924
-0.0139575
-0.00437925
-9.63536e-05
0.0016155
0.00167607
0.00203427
0.00278898
0.00253212
0.00321255
0.00217008
0.00131215
0.0013636
0.000336767
0.000126588
0.000332766
0.000158482
7.38709e-05
4.87729e-05
-0.213657
-0.216391
-0.187652
-0.151196
-0.11892
-0.087615
-0.0580716
-0.0439506
-0.0321313
-0.0298166
-0.0391975
-0.0731071
-0.15511
-0.256949
-0.287677
-0.224608
-0.151661
-0.0959474
-0.0577099
-0.0324858
-0.0151562
-0.00562789
-0.00109028
0.000830778
0.00116763
0.00149779
0.00207828
0.00219797
0.00268054
0.00193915
0.0013017
0.00129668
0.000301262
0.000169522
0.000391032
0.000148471
6.69504e-05
5.76752e-05
-0.172423
-0.178142
-0.160142
-0.131559
-0.104636
-0.0772242
-0.0474823
-0.029398
-0.0125732
0.0146502
0.0254257
-0.0146479
-0.109877
-0.206111
-0.227323
-0.181941
-0.127222
-0.0831328
-0.0518689
-0.030504
-0.0155774
-0.00664323
-0.00205304
6.32703e-05
0.000681527
0.0010697
0.00173596
0.0018688
0.00229523
0.00174098
0.00124727
0.00119685
0.000320757
0.000204724
0.00040688
0.000150185
6.83201e-05
6.08348e-05
-0.137524
-0.141793
-0.128763
-0.105296
-0.0817986
-0.0597988
-0.0352616
-0.0163261
-0.000779761
0.0285508
0.0553332
0.0280446
-0.0555129
-0.137207
-0.154907
-0.128298
-0.0945932
-0.0673685
-0.0456189
-0.0291406
-0.0163848
-0.00787487
-0.00313108
-0.00080298
8.58766e-05
0.000588579
0.0011881
0.00149286
0.00189814
0.0015185
0.00111444
0.00108952
0.000350035
0.000226527
0.000398349
0.000155388
7.39838e-05
6.16142e-05
-0.106527
-0.111264
-0.103395
-0.0865844
-0.0683164
-0.0505615
-0.0298224
-0.0118988
0.00617594
0.0346713
0.0576334
0.0462128
-0.0131303
-0.0732459
-0.0953186
-0.0902421
-0.0746419
-0.0560148
-0.0393734
-0.0259585
-0.0154383
-0.00811989
-0.00374159
-0.00143686
-0.000410425
0.000169944
0.000872628
0.00116422
0.00153557
0.0012904
0.000996879
0.000986677
0.000381517
0.000252433
0.000379248
0.000161888
8.63879e-05
6.20684e-05
-0.083523
-0.0878461
-0.08246
-0.0701135
-0.0553968
-0.0404954
-0.0239426
-0.00712862
0.00834001
0.0284811
0.0456894
0.0428273
0.00641131
-0.0344158
-0.0553796
-0.0582696
-0.0511521
-0.0414816
-0.0320132
-0.0230293
-0.015071
-0.00875183
-0.00454436
-0.00213798
-0.000932032
-0.000227528
0.000517424
0.00081293
0.00116212
0.00104558
0.000846856
0.000867957
0.000392088
0.0002691
0.000351036
0.000166032
0.000100769
6.14108e-05
-0.064902
-0.0681264
-0.0647255
-0.0559951
-0.0448206
-0.0331326
-0.0206005
-0.00711416
0.00577785
0.0192529
0.0305847
0.0302739
0.0100463
-0.0148193
-0.0301608
-0.0380364
-0.037826
-0.0332985
-0.0269642
-0.0202128
-0.013919
-0.00860411
-0.00485913
-0.00260909
-0.00140072
-0.000636861
0.000302746
0.000487777
0.000812462
0.000807571
0.000718928
0.000753711
0.000389839
0.000291598
0.000329732
0.000168711
0.000116018
6.28179e-05
-0.0494459
-0.0524288
-0.0505401
-0.0444081
-0.0361197
-0.0271259
-0.0175121
-0.00765433
0.00193177
0.0107468
0.0176926
0.0180036
0.0074476
-0.00773045
-0.0210234
-0.0250977
-0.0257548
-0.023593
-0.0202823
-0.0163529
-0.0121405
-0.00811299
-0.00496562
-0.00290255
-0.00172415
-0.000979696
0.000347232
0.000167215
0.000466127
0.000569144
0.000578111
0.000633342
0.000366517
0.000310322
0.000310739
0.000165162
0.000131015
6.32244e-05
-0.0376976
-0.0402108
-0.0390417
-0.0347916
-0.0289488
-0.0224896
-0.0157238
-0.00869197
-0.00186981
0.00399186
0.00820524
0.00880684
0.00376026
-0.00446726
-0.0118776
-0.0157744
-0.0176941
-0.0175849
-0.0161422
-0.0136741
-0.0106713
-0.00755253
-0.00495451
-0.00315939
-0.00208923
-0.00152451
-0.00163217
-0.000497376
0.00012117
0.000338131
0.000438174
0.000514772
0.000331157
0.000326029
0.00029562
0.000162797
0.00015067
7.47535e-05
-0.0285103
-0.0303973
-0.0298262
-0.0270881
-0.0231421
-0.0186883
-0.0140233
-0.00922042
-0.00456742
-0.000637059
0.00206468
0.00269325
0.000513573
-0.00357356
-0.00765513
-0.0107178
-0.0123197
-0.0126079
-0.0118901
-0.010464
-0.00862483
-0.00651272
-0.00456
-0.00310426
-0.00220026
-0.00173308
-0.001429
-0.000695831
-0.000139686
0.000135741
0.000321261
0.000420323
0.000286192
0.000332817
0.000285077
0.000149678
0.000152944
6.43162e-05
-0.0210863
-0.022732
-0.0226207
-0.0209253
-0.0183319
-0.0153685
-0.0122689
-0.00910024
-0.00602312
-0.0034113
-0.00160724
-0.000980625
-0.0016903
-0.00345941
-0.00548133
-0.00713786
-0.00825054
-0.00869022
-0.00862796
-0.00800345
-0.00693596
-0.0055292
-0.00413166
-0.00302317
-0.00226822
-0.00184114
-0.00139553
-0.000838544
-0.000347776
-3.08194e-05
0.000216843
0.000339715
0.000260246
0.000355924
0.000295109
0.000167166
0.000192982
9.81152e-05
-0.0153646
-0.0167398
-0.0168732
-0.0158956
-0.0142858
-0.0124047
-0.0104293
-0.00839586
-0.0064097
-0.00469525
-0.00345012
-0.00286067
-0.00289295
-0.00349018
-0.0043131
-0.00510882
-0.00578157
-0.0061355
-0.00619918
-0.00582797
-0.00520993
-0.00438447
-0.00351314
-0.00278012
-0.00222281
-0.00186268
-0.00148386
-0.000968919
-0.000500398
-0.000186885
0.000105478
0.000260853
0.000187819
0.000322247
0.000275703
0.000122685
0.000151859
6.07097e-05
-0.0108818
-0.0120162
-0.0122963
-0.0118099
-0.0108687
-0.00971755
-0.0084876
-0.00724777
-0.00600554
-0.00490447
-0.00404527
-0.00353542
-0.00330303
-0.00333558
-0.00349357
-0.00375141
-0.00401222
-0.0041398
-0.00420448
-0.00408546
-0.0038402
-0.0034017
-0.00289516
-0.00243749
-0.00202496
-0.00175998
-0.00131051
-0.000887745
-0.000498798
-0.000191066
0.000126895
0.000279768
0.00023983
0.000401195
0.00034234
0.000205364
0.000245179
0.000129463
-0.00730435
-0.00826012
-0.00863005
-0.00846143
-0.00796548
-0.00730904
-0.00659739
-0.00586208
-0.00509779
-0.004406
-0.00382155
-0.0034228
-0.00311159
-0.00291079
-0.00276877
-0.00267609
-0.00266825
-0.0026383
-0.00267549
-0.00260072
-0.0025115
-0.00238178
-0.00224041
-0.00212677
-0.00191368
-0.00169708
-0.00141128
-0.000976628
-0.000607753
-0.000325748
-6.66736e-06
0.000193796
0.000129255
0.000295718
0.000283421
9.72686e-05
0.000128929
5.34326e-05
-0.00448685
-0.00527666
-0.00567278
-0.00569191
-0.00547374
-0.00512788
-0.00473571
-0.00431717
-0.00388029
-0.00347478
-0.00309444
-0.00280119
-0.00250641
-0.00225357
-0.00199379
-0.00178038
-0.00164286
-0.00151758
-0.00149859
-0.00143496
-0.00145188
-0.00146587
-0.00150141
-0.00156392
-0.00148045
-0.0014028
-0.00103965
-0.000665883
-0.00034702
-9.07719e-05
0.000210641
0.000375709
0.000330473
0.000497329
0.000450773
0.000288736
0.000304409
0.000161469
-0.00221349
-0.00286483
-0.00325153
-0.00337505
-0.00333022
-0.00318553
-0.0030028
-0.00280254
-0.00256893
-0.0023478
-0.00210681
-0.00190826
-0.00166037
-0.00141636
-0.00113297
-0.000864292
-0.000669136
-0.000453056
-0.000393322
-0.000337515
-0.000460957
-0.000708217
-0.000973521
-0.00127414
-0.00132059
-0.00121715
-0.00102519
-0.000666939
-0.000412183
-0.000205574
6.14836e-05
0.000272879
0.000175781
0.000294215
0.000327779
0.000101884
0.00010011
4.82311e-05
-0.000358054
-0.000893307
-0.00125153
-0.00142477
-0.00147927
-0.00145729
-0.00140363
-0.00133266
-0.00122951
-0.00112701
-0.000981814
-0.000857321
-0.000674306
-0.000494417
-0.000255157
-1.01847e-07
0.000202274
0.000442399
0.000567513
0.000708702
0.000619161
0.000361224
2.66766e-06
-0.000410895
-0.000580104
-0.000636115
-0.000371904
-7.74096e-05
0.000168422
0.000322721
0.00049981
0.000656356
0.000559339
0.000666388
0.000629542
0.000409538
0.00036282
0.000188681
0.00114309
0.000717785
0.000407479
0.000223163
0.000117165
6.80909e-05
4.35123e-05
3.42371e-05
6.12638e-05
8.27473e-05
0.000160225
0.000226872
0.000362066
0.000495308
0.000688981
0.000892383
0.00106729
0.0013316
0.00147494
0.00163984
0.00151251
0.00109822
0.000632004
0.000113474
-9.89116e-05
-0.000103254
-3.77523e-05
0.000138312
0.000208959
0.000294744
0.000381266
0.000552954
0.000394843
0.000374069
0.000442792
0.000173197
8.99962e-05
5.14101e-05
0.00245062
0.00210995
0.00184062
0.0016544
0.0015186
0.00141974
0.00134077
0.00126846
0.00124447
0.00122715
0.00126609
0.00129716
0.00139275
0.0014805
0.00160722
0.0018123
0.00199933
0.00229397
0.0025424
0.00278604
0.00273805
0.00240765
0.00190945
0.00139989
0.00109045
0.000926162
0.00100352
0.00100621
0.00111216
0.00106257
0.000975207
0.00112917
0.00089673
0.000882531
0.000887265
0.000548027
0.000400271
0.000208846
0.00357216
0.00330675
0.00308046
0.00290124
0.00276113
0.002635
0.00253247
0.00243247
0.00237264
0.00230989
0.00228552
0.00226567
0.00228675
0.00234447
0.00242923
0.00258591
0.00272323
0.00291624
0.00306641
0.00316451
0.00319827
0.00313074
0.00291284
0.00268029
0.00238629
0.0020536
0.0018779
0.00147884
0.0013611
0.00124008
0.000916324
0.00106668
0.00073165
0.000577509
0.000685797
0.000300414
0.00012318
8.02605e-05
0.00405039
0.0038495
0.0036772
0.00352947
0.00340238
0.00327993
0.00317099
0.00306722
0.00298148
0.00290269
0.00283984
0.00279295
0.00276597
0.0027697
0.00277937
0.00281898
0.00284889
0.0029108
0.00297074
0.00300298
0.00298057
0.00294761
0.0028272
0.00269912
0.00261259
0.00245216
0.00244897
0.00210583
0.00190336
0.00183629
0.00153691
0.00148888
0.00131287
0.00109603
0.00104236
0.000741352
0.000455758
0.000210521
0.00464461
0.00448437
0.00432877
0.00418259
0.0040496
0.00391963
0.00379581
0.00367393
0.00356926
0.00347449
0.00339098
0.00331404
0.00325284
0.00321228
0.00318153
0.00317955
0.00317337
0.00319612
0.00319788
0.00319592
0.00315645
0.00306535
0.00294178
0.0027417
0.00253515
0.00224146
0.00187982
0.00180508
0.00163341
0.00156434
0.00131944
0.00122664
0.00107316
0.000814574
0.000771956
0.000514101
0.000232727
9.78153e-05
0.00481952
0.00467786
0.00453682
0.00439783
0.00426436
0.00413474
0.00401006
0.00388902
0.00377408
0.0036681
0.0035721
0.00348762
0.00340958
0.00334719
0.00329048
0.00325139
0.00321558
0.00319457
0.00316978
0.00313679
0.00309136
0.0030037
0.00290553
0.00274749
0.00258521
0.00241015
0.00218873
0.00205326
0.00186805
0.00179797
0.00159918
0.00144464
0.0013441
0.0010712
0.000961999
0.000738655
0.000389871
0.000153743
-0.135038
-0.148108
-0.162387
-0.176072
-0.193033
-0.207732
-0.227362
-0.248504
-0.114924
-0.124145
-0.134322
-0.144313
-0.15582
-0.166133
-0.176475
-0.189804
-0.0957122
-0.101871
-0.108223
-0.115218
-0.122355
-0.129214
-0.137047
-0.150157
-0.0797322
-0.0837649
-0.0876935
-0.0924962
-0.0977574
-0.104518
-0.112857
-0.123286
-0.0656301
-0.0684151
-0.0712626
-0.0753886
-0.0802471
-0.0853661
-0.0899067
-0.0957251
-0.0538777
-0.055778
-0.0578702
-0.0606762
-0.0633898
-0.0658442
-0.0688236
-0.074339
-0.0436413
-0.0447013
-0.0457493
-0.047136
-0.0487406
-0.0510255
-0.0543285
-0.0586817
-0.0346678
-0.0351207
-0.0356533
-0.0367102
-0.0382913
-0.0402759
-0.0422427
-0.0448891
-0.0272201
-0.0274541
-0.0278002
-0.0285411
-0.0294858
-0.0304464
-0.0316083
-0.0338889
-0.0209619
-0.0210099
-0.0210761
-0.0213655
-0.0218475
-0.0226151
-0.0238161
-0.0257312
-0.0156247
-0.0155876
-0.0155564
-0.0157401
-0.0161745
-0.0168432
-0.0176962
-0.0190253
-0.0112651
-0.0112484
-0.0112213
-0.0113279
-0.0115865
-0.011992
-0.0126015
-0.0136857
-0.00765816
-0.00766468
-0.00763485
-0.00767728
-0.00784164
-0.00816334
-0.00868787
-0.00957012
-0.00470144
-0.00474315
-0.00474496
-0.00478609
-0.00491747
-0.00517163
-0.00558605
-0.00627596
-0.00228933
-0.00237117
-0.00240964
-0.00245701
-0.00256091
-0.00276086
-0.00309864
-0.00365729
-0.000348016
-0.000455108
-0.000522917
-0.000582453
-0.000674744
-0.000839366
-0.00111399
-0.00155781
0.00127086
0.00113906
0.00104567
0.000971647
0.000882476
0.000741277
0.00051545
0.000162069
0.00253766
0.00239778
0.00229354
0.00221335
0.00212996
0.0020092
0.00182619
0.00154828
0.00368025
0.00352854
0.00341147
0.00332261
0.00323881
0.00313329
0.00298359
0.00276804
0.00459087
0.00444249
0.00432078
0.00422884
0.00414697
0.00406162
0.00394904
0.0038017
0.0051001
0.00496022
0.00482664
0.00470734
0.00459568
0.00448598
0.00436555
0.0042322
0.00547273
0.00534408
0.00522151
0.0051138
0.00502096
0.00493837
0.00485702
0.00476918
0.00564323
0.00553593
0.00542478
0.0053163
0.00521409
0.00511831
0.00502635
0.00493529
0.0298604
0.032548
0.0345434
0.0351114
0.0336915
0.0302486
0.0246555
0.0163237
0.00419781
-0.0132169
-0.0379613
-0.072857
-0.122511
-0.190287
-0.250662
0.00540182
0.00569185
0.00373315
-1.08137e-05
-0.0054718
-0.0129481
-0.0230034
-0.0364891
-0.0545729
-0.0788301
-0.11142
-0.155148
-0.214416
-0.293804
-0.3575
-0.0180832
-0.0206327
-0.0265931
-0.0342729
-0.0433767
-0.0545497
-0.0686802
-0.0867641
-0.110031
-0.140129
-0.17936
-0.230623
-0.297269
-0.38504
-0.4467
-0.0419555
-0.0475804
-0.0566623
-0.0672229
-0.0792463
-0.0936298
-0.11134
-0.133367
-0.160944
-0.195704
-0.240143
-0.297268
-0.369647
-0.458201
-0.516367
-0.0665314
-0.074987
-0.0861111
-0.0985392
-0.112768
-0.129776
-0.150373
-0.175508
-0.206398
-0.244508
-0.292512
-0.353394
-0.427861
-0.512987
-0.565389
-0.0903057
-0.101314
-0.113874
-0.12773
-0.14374
-0.162795
-0.185517
-0.212809
-0.245835
-0.286166
-0.336012
-0.397639
-0.470883
-0.549263
-0.594028
-0.11317
-0.125697
-0.139258
-0.154374
-0.171919
-0.192516
-0.216716
-0.245282
-0.279312
-0.320265
-0.369925
-0.429746
-0.49859
-0.566919
-0.604037
-0.134442
-0.147706
-0.162261
-0.178674
-0.197462
-0.219089
-0.24407
-0.273067
-0.307035
-0.347181
-0.394856
-0.450624
-0.511775
-0.567118
-0.598133
0.183012
0.19736
0.213437
0.231602
0.251868
0.274115
0.29825
0.324223
0.351954
0.381181
0.41132
0.441217
0.468901
0.490512
0.50828
0.177249
0.190414
0.205438
0.222722
0.2421
0.26328
0.286107
0.310536
0.336478
0.363622
0.391299
0.418248
0.442351
0.459813
0.473522
0.167382
0.178642
0.19207
0.207978
0.225892
0.245284
0.265903
0.287674
0.310468
0.3339
0.357174
0.378872
0.396621
0.406759
0.413642
0.153474
0.162322
0.173728
0.187722
0.203493
0.220332
0.23792
0.256121
0.274704
0.293131
0.31041
0.324905
0.333888
0.33367
0.331567
0.135663
0.141918
0.15126
0.163162
0.17629
0.189802
0.203422
0.217038
0.230338
0.242604
0.252597
0.258403
0.256917
0.244237
0.230719
0.114289
0.117437
0.124578
0.134319
0.144649
0.154563
0.163803
0.172251
0.179505
0.184681
0.18632
0.182242
0.168952
0.142362
0.115682
0.0900585
0.0906954
0.0957011
0.102585
0.109284
0.114995
0.119514
0.122574
0.123522
0.121246
0.114062
0.0995305
0.0738135
0.0328468
-0.00718003
0.0618854
0.0616339
0.0658121
0.0698767
0.0724553
0.0733933
0.0727197
0.0700296
0.0644084
0.0544975
0.0383919
0.0133855
-0.0247438
-0.0797612
-0.131723
0.0223898
0.0270065
0.0231608
0.0274197
0.0247594
0.0293404
0.0275615
0.0320497
0.0315704
0.0360807
0.0372191
0.0420666
0.0448297
0.050701
0.0554273
0.0628543
0.0704272
0.0805066
0.0916542
0.105676
0.12154
0.140931
0.163018
0.0223916
0.0269187
0.0231688
0.0273211
0.0247533
0.0292551
0.0275154
0.0319597
0.0317417
0.0359636
0.0371274
0.0419034
0.0446962
0.050562
0.0552568
0.0625796
0.0699362
0.0798635
0.09058
0.104274
0.119288
0.137997
0.158769
0.0224035
0.0268046
0.0231933
0.027194
0.0247726
0.0291393
0.0274993
0.0318203
0.0316621
0.0358133
0.0370781
0.0417158
0.044563
0.0503433
0.0549569
0.0621545
0.0692507
0.0789874
0.0890119
0.102149
0.115922
0.133391
0.151694
0.0224242
0.0266669
0.0232323
0.0270429
0.0248122
0.0290036
0.0275092
0.0316441
0.0316003
0.0356324
0.0370459
0.0415138
0.044556
0.0501996
0.0547357
0.0618806
0.0684863
0.0779968
0.0870703
0.0994398
0.111374
0.126935
0.141654
0.0224523
0.0265101
0.0232764
0.0268722
0.0248705
0.0288389
0.0275348
0.0315132
0.0315827
0.0354401
0.0370374
0.0412513
0.0443114
0.049784
0.0542725
0.0611415
0.0673232
0.076311
0.0844083
0.0956394
0.105473
0.118479
0.128419
0.0224844
0.0263386
0.0233253
0.0266875
0.0249422
0.0286616
0.0275709
0.0313712
0.0315789
0.035268
0.0370623
0.0411408
0.0443727
0.049878
0.0541034
0.0608858
0.0664197
0.0750203
0.0817069
0.0916227
0.0984689
0.108371
0.11265
0.0225197
0.0261557
0.0233766
0.0264989
0.0250167
0.0284381
0.027611
0.0311968
0.0315924
0.0350737
0.0370309
0.0408401
0.043979
0.0490242
0.05333
0.0595472
0.0647053
0.0722865
0.0779464
0.0859068
0.0902947
0.0957277
0.0940309
0.022552
0.0259669
0.0234268
0.0263126
0.025111
0.0283265
0.0276752
0.0310553
0.0316032
0.0350272
0.0371909
0.0409822
0.0444617
0.0491955
0.0533335
0.0596181
0.0639399
0.0710478
0.0745977
0.0807306
0.0806647
0.0821731
0.0724816
0.0225923
0.0257145
0.0234984
0.0260367
0.0251637
0.0279937
0.027698
0.0309703
0.0315767
0.0347108
0.0369193
0.0402209
0.043499
0.0474869
0.0513741
0.0564025
0.0602035
0.0649556
0.0673544
0.0695381
0.0666994
0.0604719
0.0443337
0.022648
0.0253668
0.0235827
0.0256659
0.025223
0.0275618
0.0276358
0.0300943
0.0312482
0.0337847
0.0360168
0.0388647
0.0419754
0.0452361
0.0485899
0.0520712
0.0548277
0.0569266
0.0576175
0.0556246
0.0508642
0.0412552
0.0281615
0.0227222
0.0249449
0.0236869
0.0252258
0.0252841
0.0269986
0.0275251
0.0295623
0.0309103
0.0328709
0.0352454
0.0374103
0.0402275
0.042663
0.0452557
0.047323
0.0488529
0.0488779
0.047775
0.0436562
0.0374752
0.0278645
0.0156521
0.022819
0.0244388
0.0238072
0.0247534
0.0253019
0.0265327
0.0273242
0.0288924
0.0304027
0.0318995
0.0341039
0.0357773
0.0381326
0.0398492
0.0415549
0.0424032
0.0427057
0.0412081
0.0386163
0.0335456
0.0265278
0.0171847
0.00581853
0.0229404
0.0238595
0.0238702
0.0243467
0.0252284
0.0260266
0.027011
0.0281914
0.0297363
0.0308511
0.0327667
0.0340336
0.0357574
0.0368367
0.0376033
0.0374055
0.0366131
0.0340644
0.0304394
0.0249676
0.0178761
0.00912528
-0.00133519
0.0230653
0.0232929
0.0238284
0.0239654
0.0250674
0.0255355
0.0265805
0.0274553
0.028909
0.0297068
0.0312061
0.0321253
0.0331629
0.0336252
0.0335441
0.0324618
0.0308064
0.02763
0.0235017
0.0180166
0.0112874
0.00325894
-0.00621009
0.0231626
0.0227481
0.0236893
0.0236052
0.0248128
0.0250349
0.0260104
0.0266699
0.0279181
0.0284488
0.0294831
0.0300506
0.0304464
0.0303104
0.0295214
0.0277977
0.0255436
0.0220938
0.0178451
0.0125814
0.00643151
-0.000726188
-0.00904697
0.0232034
0.0222464
0.0234436
0.0232584
0.0244516
0.0245122
0.0253065
0.0258214
0.0267952
0.0270704
0.0276259
0.0278405
0.0276942
0.0270181
0.0256831
0.0235712
0.0209876
0.0175014
0.0133837
0.00852097
0.00307998
-0.00309849
-0.0101788
0.0231669
0.0218058
0.0230788
0.0229135
0.0239861
0.0239538
0.0244844
0.0248921
0.0255717
0.0255713
0.025684
0.025559
0.0249855
0.0238782
0.0221623
0.0198756
0.0171977
0.0138558
0.0100406
0.00570073
0.00101229
-0.004182
-0.0100573
0.0230348
0.0214349
0.0225926
0.0225533
0.0234371
0.0233324
0.0235652
0.0238736
0.0242787
0.023984
0.02371
0.0232933
0.0224126
0.0210027
0.0190611
0.0167527
0.0141658
0.011101
0.00768313
0.00391234
-3.27932e-05
-0.00428889
-0.00906168
0.0227993
0.0211268
0.0219973
0.0221505
0.0228393
0.0226328
0.0225684
0.0227733
0.0229517
0.022352
0.021747
0.0211123
0.0200586
0.018481
0.0164306
0.0142059
0.0118421
0.00914667
0.00616868
0.00295517
-0.000305505
-0.0037225
-0.00753053
0.0224497
0.0208748
0.0213203
0.0216652
0.0222254
0.0218561
0.0215086
0.0216045
0.0216263
0.020773
0.0198685
0.0190916
0.0179842
0.0163488
0.0142816
0.0122045
0.0101398
0.00786152
0.00532759
0.00262065
-4.82582e-05
-0.00275365
-0.00574872
0.0220047
0.0206239
0.0206313
0.0210342
0.0215908
0.0210458
0.0204156
0.020395
0.0203227
0.0192879
0.0181285
0.0172562
0.016192
0.0146099
0.012612
0.0107137
0.00896429
0.00710016
0.00499082
0.00273084
0.000555104
-0.00157142
-0.00390201
0.021468
0.0203475
0.019965
0.0203252
0.0208925
0.0202186
0.0193327
0.0191863
0.0190643
0.0179436
0.0165907
0.015639
0.0146704
0.0132216
0.0113692
0.00966432
0.0082007
0.00670182
0.00497689
0.00311214
0.00134791
-0.000317758
-0.00212205
0.020868
0.0200114
0.0193466
0.0195991
0.0201325
0.019374
0.0182944
0.018029
0.0178658
0.0167191
0.0152659
0.0142773
0.0134247
0.0121587
0.010509
0.00900592
0.00778329
0.00657834
0.00517962
0.0036604
0.00224207
0.000938618
-0.000456255
0.0202322
0.0195677
0.0187607
0.0188819
0.0193219
0.0185222
0.0173266
0.0169574
0.0167634
0.0156477
0.0141771
0.013185
0.0124256
0.0113524
0.0099289
0.00862145
0.00758757
0.00660625
0.0054825
0.00427278
0.00315521
0.00213808
0.00104632
0.0195642
0.0190602
0.0182078
0.0181913
0.0185019
0.0176856
0.0164563
0.0160033
0.0157708
0.0147124
0.0133049
0.0123507
0.0116898
0.010807
0.00961709
0.00849042
0.0075891
0.00676162
0.00586164
0.00492407
0.0040644
0.00327288
0.00241332
0.0189265
0.0185
0.0176733
0.0175485
0.0176872
0.0168777
0.0156912
0.0151829
0.0149118
0.0139378
0.0126448
0.011757
0.0111658
0.0104233
0.00944105
0.00847706
0.00768328
0.00697807
0.00626763
0.00555483
0.00489772
0.00426564
0.00356332
0.0182796
0.0179375
0.0171882
0.0169764
0.0169318
0.0161567
0.0150513
0.0144951
0.0142056
0.013338
0.0121571
0.0113152
0.0107683
0.0101976
0.00942317
0.00859781
0.00788291
0.00728862
0.00675812
0.00624523
0.00574509
0.00522446
0.004636
0.0176889
0.0174156
0.0167633
0.0164017
0.0162294
0.0155732
0.0145273
0.0138861
0.0136287
0.0129534
0.0118964
0.011029
0.0105248
0.0101218
0.00954465
0.00881015
0.00811932
0.00758175
0.00718217
0.00682281
0.00643789
0.00599537
0.00548943
0.017187
0.0169562
0.0163811
0.0159294
0.0156738
0.0151
0.0141031
0.0133831
0.0131148
0.0126177
0.0117045
0.0108046
0.0102385
0.00991446
0.00951833
0.00892393
0.00827529
0.00773058
0.00735734
0.00709243
0.00684715
0.0065535
0.00619414
0.0168166
0.0165984
0.016069
0.0156012
0.0152769
0.0147177
0.0138087
0.0130513
0.0127135
0.012368
0.0116647
0.0107922
0.0101223
0.0097556
0.009478
0.00906456
0.0085048
0.00794035
0.00751318
0.00724604
0.00706684
0.00688256
0.00663722
0.0166047
0.0164066
0.0159166
0.0153842
0.0149901
0.0145227
0.0137188
0.0128754
0.0124138
0.0121298
0.0116413
0.01088
0.0101242
0.00962438
0.00934094
0.00905358
0.00862977
0.00812425
0.00767112
0.00735922
0.0071775
0.00705188
0.00691142
0.0253729
0.00326729
-0.0207284
-0.0417969
-0.0625234
-0.0829291
-0.102549
-0.119834
0.0145367
-0.0054421
-0.0293743
-0.0491858
-0.0648326
-0.0791217
-0.0928449
-0.104361
0.00442816
-0.0115106
-0.0319816
-0.048113
-0.0589574
-0.0687621
-0.0787761
-0.0879808
-0.00422651
-0.0169842
-0.0333159
-0.0462922
-0.0544905
-0.0615111
-0.0684272
-0.0746684
-0.0109054
-0.0213034
-0.0327282
-0.0418987
-0.0479363
-0.0529539
-0.0576806
-0.0620913
-0.015041
-0.0233757
-0.0309218
-0.0369732
-0.0414108
-0.0451952
-0.0485438
-0.0515358
-0.0168799
-0.0233941
-0.0281509
-0.0318766
-0.0349693
-0.0377832
-0.0401766
-0.0421889
-0.0168815
-0.0218802
-0.0247381
-0.0268493
-0.0288812
-0.030905
-0.0325923
-0.0338788
-0.0156273
-0.0194051
-0.0210137
-0.0220571
-0.0233001
-0.0247112
-0.0259101
-0.0267597
-0.0135961
-0.0164293
-0.0172477
-0.0176137
-0.0182983
-0.0192548
-0.0201164
-0.0207025
-0.0111619
-0.0132826
-0.013629
-0.0135874
-0.0138793
-0.0144839
-0.0150847
-0.0154849
-0.00861482
-0.0101999
-0.010286
-0.0100275
-0.0100652
-0.0104188
-0.0108416
-0.0111466
-0.00613263
-0.00731362
-0.00727477
-0.00693019
-0.006821
-0.00700224
-0.00729662
-0.00754096
-0.00384374
-0.00472139
-0.0046324
-0.00428164
-0.00410502
-0.00417647
-0.00437787
-0.0045778
-0.00177254
-0.00242333
-0.00232952
-0.002017
-0.00182443
-0.00183382
-0.00197496
-0.0021498
1.85403e-05
-0.000480704
-0.000404109
-0.000147432
2.92368e-05
4.73736e-05
-5.418e-05
-0.000204714
0.00161405
0.0012292
0.00127995
0.00147652
0.00162292
0.00164785
0.00156657
0.00142674
0.00291617
0.00260512
0.00263163
0.00277683
0.00288988
0.0029068
0.00283016
0.00269166
0.0041163
0.00387448
0.00389261
0.00400006
0.00407988
0.00407807
0.0039917
0.00384602
0.00506804
0.00487183
0.00486933
0.00493647
0.00498448
0.00496976
0.00488526
0.00474956
0.00585445
0.00563055
0.00551342
0.00546779
0.00544657
0.00541102
0.00534027
0.00523295
0.00637432
0.00616825
0.00601105
0.00590568
0.00583476
0.00577197
0.00569497
0.00559406
0.00673848
0.00655192
0.00634609
0.00616481
0.00602469
0.00591912
0.00583023
0.00574126
-0.431112
-0.439187
-0.44855
-0.46109
-0.477958
-0.49923
-0.522108
-0.540907
-0.430852
-0.43694
-0.444075
-0.454164
-0.467443
-0.483369
-0.500557
-0.514775
-0.430814
-0.434663
-0.439328
-0.4462
-0.455561
-0.465994
-0.474219
-0.47636
-0.430724
-0.43192
-0.433125
-0.435289
-0.438098
-0.439932
-0.437898
-0.429095
-0.429307
-0.427002
-0.423392
-0.419226
-0.414377
-0.407971
-0.39809
-0.382446
-0.424479
-0.417673
-0.408525
-0.398111
-0.387025
-0.37492
-0.360147
-0.340571
-0.41416
-0.402562
-0.388442
-0.373427
-0.358487
-0.343137
-0.325631
-0.303976
-0.397231
-0.381652
-0.364255
-0.346834
-0.330184
-0.313335
-0.294548
-0.272006
-0.373887
-0.356152
-0.337538
-0.319724
-0.302823
-0.285618
-0.266498
-0.243874
-0.345654
-0.327801
-0.309893
-0.29301
-0.276746
-0.259905
-0.241087
-0.218948
-0.314604
-0.298348
-0.282448
-0.267227
-0.25208
-0.236069
-0.217995
-0.19674
-0.282471
-0.269148
-0.255997
-0.242622
-0.228876
-0.213946
-0.196964
-0.176891
-0.251257
-0.241274
-0.230708
-0.219341
-0.207008
-0.193429
-0.177762
-0.159137
-0.22102
-0.214492
-0.206818
-0.197387
-0.186628
-0.174411
-0.160193
-0.143232
-0.191964
-0.189933
-0.184204
-0.176918
-0.167358
-0.156349
-0.143717
-0.128675
-0.403289
-0.398094
-0.395391
-0.395857
-0.399539
-0.406046
-0.414243
-0.422878
-0.404659
-0.400302
-0.398224
-0.399107
-0.402952
-0.409305
-0.416869
-0.424305
-0.405079
-0.401065
-0.399425
-0.400802
-0.405108
-0.411778
-0.419228
-0.425806
-0.406663
-0.402499
-0.400935
-0.402617
-0.407371
-0.41446
-0.421881
-0.427595
-0.409721
-0.404792
-0.402786
-0.404421
-0.409461
-0.416876
-0.424161
-0.428573
-0.414231
-0.407642
-0.404428
-0.405452
-0.410444
-0.417993
-0.424759
-0.42704
-0.420158
-0.410648
-0.405131
-0.404692
-0.409005
-0.416085
-0.421331
-0.42078
-0.427419
-0.413282
-0.403975
-0.400873
-0.40353
-0.409226
-0.412067
-0.407995
-0.435802
-0.414865
-0.399869
-0.392583
-0.392397
-0.395517
-0.395394
-0.387863
-0.444894
-0.414614
-0.391709
-0.378388
-0.374102
-0.373831
-0.370559
-0.360793
-0.454008
-0.411755
-0.378728
-0.35747
-0.345795
-0.343096
-0.338971
-0.329
-0.462079
-0.405437
-0.360263
-0.331162
-0.318416
-0.309447
-0.302887
-0.294278
-0.467648
-0.394676
-0.335267
-0.293166
-0.269811
-0.264636
-0.263897
-0.259357
-0.469055
-0.378983
-0.306435
-0.259676
-0.234524
-0.223985
-0.225453
-0.226075
-0.464223
-0.357684
-0.268129
-0.206628
-0.182309
-0.183088
-0.189776
-0.195056
-0.449469
-0.329732
-0.226503
-0.153002
-0.120152
-0.128613
-0.146886
-0.159577
-0.398319
-0.291385
-0.19056
-0.130595
-0.103702
-0.087138
-0.106993
-0.124682
-0.320539
-0.230623
-0.137091
-0.0730235
-0.0522498
-0.0562939
-0.0718423
-0.0940366
-0.264932
-0.196433
-0.112603
-0.0464642
-0.011698
-0.00457876
-0.0180837
-0.0536628
-0.235722
-0.201728
-0.153833
-0.104645
-0.0603632
-0.0311118
-0.01932
-0.0325166
-0.262368
-0.253554
-0.239002
-0.211705
-0.17328
-0.136043
-0.096808
-0.067382
-0.331344
-0.331244
-0.318969
-0.290801
-0.25112
-0.206078
-0.156457
-0.107244
-0.326357
-0.321856
-0.303788
-0.273465
-0.237007
-0.197999
-0.162476
-0.118964
-0.234535
-0.234362
-0.22267
-0.200274
-0.174044
-0.146881
-0.125978
-0.102089
-0.175088
-0.167205
-0.155495
-0.140818
-0.124409
-0.106972
-0.0934991
-0.0776385
-0.167591
-0.147473
-0.127943
-0.109979
-0.0933079
-0.0781213
-0.0661294
-0.0564851
-0.191811
-0.159892
-0.12688
-0.0948728
-0.0701391
-0.0514643
-0.0389911
-0.0295565
-0.257048
-0.212538
-0.170081
-0.127455
-0.0882543
-0.0572249
-0.0349872
-0.0169187
-0.320731
-0.275932
-0.231173
-0.1835
-0.134461
-0.0889742
-0.0539249
-0.0271065
-0.302568
-0.267085
-0.233064
-0.19795
-0.15954
-0.118587
-0.0797487
-0.0506541
-0.228157
-0.209867
-0.191899
-0.174003
-0.152365
-0.130039
-0.105058
-0.0799331
-0.155412
-0.149843
-0.145143
-0.141197
-0.135243
-0.129927
-0.121932
-0.111676
-0.0974411
-0.100699
-0.106536
-0.113608
-0.121641
-0.130106
-0.137951
-0.143422
-0.0616092
-0.0697916
-0.0808098
-0.0936444
-0.108717
-0.124533
-0.142036
-0.159196
-0.0378963
-0.0482702
-0.0605831
-0.0744653
-0.0901242
-0.106656
-0.124918
-0.142906
-0.0217037
-0.0308489
-0.0411217
-0.0524611
-0.0647727
-0.0779575
-0.0921567
-0.106309
-0.0141009
-0.0198048
-0.0256129
-0.0316574
-0.0405805
-0.049023
-0.0567813
-0.0676416
-0.00670076
-0.0103023
-0.0141744
-0.0184267
-0.0229438
-0.0281612
-0.0329963
-0.0399435
-0.00155803
-0.00351285
-0.00566355
-0.00813443
-0.0108499
-0.0139996
-0.0170062
-0.0212541
0.000545288
-0.000399017
-0.00163275
-0.00313253
-0.00483889
-0.00677245
-0.00871115
-0.0112585
0.00183182
0.00111441
0.00024414
-0.000793759
-0.00195113
-0.00323443
-0.0045422
-0.00615821
0.00293069
0.00218436
0.00137582
0.000508142
-0.000415278
-0.00138695
-0.00240398
-0.00352215
0.00191006
0.00159048
0.00117342
0.000683429
0.000127995
-0.000472886
-0.00111363
-0.0018166
0.00104218
0.000713488
0.000430342
0.000149718
-0.000151984
-0.000482567
-0.000845529
-0.0012888
0.00123783
0.000890274
0.000538188
0.000186091
-0.000163496
-0.000507602
-0.000843782
-0.0011744
0.000174721
8.12303e-05
-3.50172e-05
-0.000170887
-0.000323651
-0.000490127
-0.000668204
-0.000866555
-0.00051525
-0.000589048
-0.000641468
-0.000689003
-0.000741091
-0.000802906
-0.00087954
-0.000990071
6.80535e-05
-9.54536e-05
-0.000263539
-0.000427539
-0.000582077
-0.000723744
-0.000847641
-0.000947615
-0.00023128
-0.000262285
-0.000296482
-0.000336195
-0.000382053
-0.000434122
-0.000494295
-0.000561859
-0.000426637
-0.000449603
-0.000468385
-0.000486979
-0.000508198
-0.000533131
-0.000563624
-0.000605354
-5.28206e-05
-0.000111031
-0.000169768
-0.000226713
-0.000280417
-0.000329642
-0.000372299
-0.000406876
5.2955e-05
3.29043e-05
1.20744e-05
-8.82099e-06
-2.91737e-05
-4.88135e-05
-6.77195e-05
-8.4728e-05
-4.5168e-06
-3.43099e-06
-2.393e-06
-2.09013e-06
-3.00823e-06
-5.52185e-06
-1.03965e-05
-1.84234e-05
-0.16023
-0.136884
-0.112616
-0.0900242
-0.0705762
-0.0537774
-0.039817
-0.0283284
-0.0190174
-0.0116717
-0.00600808
-0.00168264
0.00157784
0.0038061
0.00540437
0.00642279
0.00713236
0.00754448
0.00790616
0.00822853
0.00837382
0.00843341
0.00846938
-0.137323
-0.120978
-0.105738
-0.0888843
-0.0718775
-0.0560685
-0.0423481
-0.030575
-0.020893
-0.0131293
-0.00705973
-0.0023847
0.00105198
0.0034363
0.00512762
0.00617657
0.00688958
0.00730194
0.00765581
0.00798772
0.00813765
0.00820008
0.00823808
-0.105867
-0.0944243
-0.0886462
-0.0774951
-0.0646781
-0.0519877
-0.040033
-0.0292627
-0.0201671
-0.0127057
-0.00675437
-0.0021848
0.00113161
0.00345833
0.00506406
0.00604254
0.00669566
0.00707463
0.00740667
0.00774041
0.00788162
0.00795178
0.00799372
-0.0695702
-0.0688788
-0.0695135
-0.0624926
-0.0537637
-0.0440572
-0.0342506
-0.0251134
-0.0171976
-0.0105772
-0.00523493
-0.00118897
0.00175279
0.00380316
0.00517163
0.00599096
0.00653349
0.00684957
0.00714119
0.00747121
0.00760429
0.00768588
0.00773594
-0.0444942
-0.0497822
-0.0519733
-0.0480881
-0.0419508
-0.0344481
-0.0266514
-0.0193881
-0.0128797
-0.00734107
-0.00291489
0.000376336
0.00276175
0.00436658
0.0053981
0.00599523
0.00639242
0.00662736
0.0068699
0.00718482
0.00730919
0.00740421
0.00746482
-0.0588282
-0.0507239
-0.0458257
-0.0386373
-0.0319985
-0.0251361
-0.0186477
-0.0128121
-0.00767423
-0.00338212
-6.13089e-05
0.00236285
0.00405593
0.00511003
0.00574269
0.00607209
0.0062929
0.00642414
0.00660496
0.00689327
0.00701054
0.00711477
0.00718181
-0.079773
-0.0568848
-0.0436204
-0.0321138
-0.0239436
-0.01705
-0.0110781
-0.00627228
-0.00217092
0.000921678
0.0031555
0.0046541
0.00555615
0.00599934
0.00618728
0.0062101
0.00622831
0.00623195
0.00634435
0.00660493
0.00671231
0.00682016
0.00688863
-0.0893479
-0.0564166
-0.038947
-0.0240867
-0.0152196
-0.00839185
-0.00297261
0.000713896
0.00366216
0.00549513
0.00664605
0.00715392
0.00720699
0.0069989
0.00670536
0.00638959
0.00618552
0.00603939
0.00606847
0.00631123
0.00640778
0.00652015
0.00658598
-0.0787707
-0.0460885
-0.031527
-0.0140283
-0.00659514
0.00160065
0.00557243
0.00829356
0.00999843
0.0105184
0.010438
0.00981335
0.00894462
0.00802433
0.00721481
0.00653136
0.00609446
0.00579407
0.00574497
0.00598482
0.00608296
0.00620011
0.00627226
-0.0509991
-0.0244501
-0.0151152
0.0019996
0.00485745
0.0131151
0.014734
0.01666
0.0167512
0.0159862
0.0145433
0.0126553
0.010758
0.00903776
0.00766789
0.00660567
0.00593046
0.00548637
0.00536709
0.00562317
0.00572297
0.00586099
0.0059465
-0.0330698
-0.00804412
0.000132598
0.0164778
0.018573
0.026399
0.0253303
0.0265483
0.0245841
0.0221351
0.0189665
0.0156224
0.0125646
0.00996698
0.00799723
0.00655865
0.00565349
0.00508646
0.00490382
0.00520545
0.00532613
0.00549904
0.00560754
-0.0118011
0.00813526
0.0177898
0.0287582
0.0334894
0.0400598
0.0379234
0.0373293
0.033529
0.0290444
0.0237114
0.0186302
0.0142532
0.0107275
0.008131
0.00635478
0.00525295
0.00460855
0.0044038
0.0047286
0.00490113
0.0051273
0.00525819
0.00159102
0.015929
0.0337055
0.0368632
0.0449666
0.0489362
0.0477901
0.0460287
0.041359
0.0353657
0.0281406
0.0213091
0.0155989
0.0111678
0.00803369
0.00593451
0.00468409
0.00400551
0.00380548
0.00419463
0.00445599
0.00474182
0.00490056
-0.00122444
0.0101387
0.0354454
0.0360903
0.0521085
0.0550025
0.0554502
0.0533292
0.0485249
0.0406512
0.0315344
0.0230672
0.0162075
0.0110419
0.0075449
0.0052253
0.00391299
0.0032705
0.00312794
0.00362827
0.00399247
0.0043472
0.00453744
0.00712112
-0.0136563
0.0404732
0.0151604
0.0639263
0.0720426
0.0743125
0.0693052
0.0601523
0.0467924
0.0340291
0.0235903
0.0157541
0.0101716
0.00653096
0.00420034
0.00295062
0.00241512
0.00237014
0.00299919
0.00350641
0.00394331
0.00417028
-0.0414467
-0.0234453
-0.00458827
0.00121027
0.038923
0.0661916
0.0747837
0.0726051
0.0647628
0.048824
0.033681
0.02196
0.0137239
0.00821307
0.004793
0.00270733
0.00169885
0.00135495
0.00149622
0.0023023
0.00301606
0.00353512
0.00380432
-0.0880682
-0.0702618
-0.0618698
-0.0630608
-0.0510372
-0.0324873
-0.00793296
0.0228224
0.0386717
0.0333548
0.023716
0.0151757
0.00897205
0.00478743
0.00225499
0.00078737
0.000226905
0.000176799
0.000557229
0.00158089
0.00252869
0.00314635
0.00345327
-0.144002
-0.153565
-0.172375
-0.196146
-0.212831
-0.203798
-0.149476
-0.0737542
-0.0233207
-0.00431959
0.00168583
0.00210568
0.00100729
-0.000303843
-0.0010869
-0.00155573
-0.00144733
-0.00108308
-0.000459181
0.000877073
0.00207002
0.00277321
0.00311262
-0.179576
-0.209043
-0.243192
-0.279354
-0.307364
-0.296272
-0.227886
-0.137526
-0.0726838
-0.0383192
-0.0203851
-0.0119206
-0.00786407
-0.0059611
-0.00477034
-0.00404131
-0.00316514
-0.00230938
-0.00139768
0.000251036
0.00167559
0.00245399
0.00280338
-0.169983
-0.197708
-0.226242
-0.246152
-0.278979
-0.2512
-0.194451
-0.130696
-0.0824099
-0.0519072
-0.0327252
-0.0215215
-0.0147338
-0.0106917
-0.00802177
-0.00625248
-0.00470541
-0.00336365
-0.00212127
-0.000230685
0.00132449
0.00215018
0.00250959
-0.127623
-0.142153
-0.163372
-0.175986
-0.179267
-0.162738
-0.13264
-0.0983681
-0.0705448
-0.0497572
-0.0352384
-0.0252641
-0.0183189
-0.0136646
-0.0103529
-0.00796629
-0.00599294
-0.00424415
-0.00271048
-0.000542182
0.0010568
0.00189755
0.00223068
-0.0783998
-0.0865669
-0.0950598
-0.100058
-0.100281
-0.0931342
-0.0814145
-0.0666178
-0.0535907
-0.0416729
-0.032342
-0.0248873
-0.0190957
-0.0148332
-0.0115589
-0.00900336
-0.00689424
-0.00489255
-0.00315682
-0.000746119
0.000817827
0.00163868
0.00195124
-0.0452957
-0.0498628
-0.054111
-0.0569857
-0.0577974
-0.0554
-0.0515954
-0.0453534
-0.0397162
-0.0330486
-0.0277279
-0.0226884
-0.0183842
-0.0149287
-0.012032
-0.00962681
-0.00756014
-0.00545615
-0.00361503
-0.000962969
0.000552881
0.00134368
0.00163332
-0.0245126
-0.0277286
-0.0308145
-0.0334302
-0.0350455
-0.0350765
-0.0345145
-0.032118
-0.0298243
-0.0264298
-0.0234013
-0.020078
-0.0170697
-0.0144473
-0.0120503
-0.00999175
-0.00811933
-0.00604539
-0.00430851
-0.00135595
0.000181336
0.000977722
0.00126758
-0.013347
-0.015759
-0.0181619
-0.0204587
-0.0222321
-0.0232956
-0.0239669
-0.0234553
-0.0228825
-0.021215
-0.0195965
-0.0175338
-0.0155466
-0.0136456
-0.0117513
-0.0101057
-0.00845686
-0.00659113
-0.00505339
-0.00188927
-0.000282499
0.000528004
0.000851689
-0.00778621
-0.00969825
-0.0116258
-0.0135622
-0.0152041
-0.0165235
-0.0175747
-0.0178864
-0.01808
-0.0174362
-0.016729
-0.0154255
-0.0141641
-0.0128293
-0.0113632
-0.0101265
-0.00870185
-0.00717673
-0.00582322
-0.00252915
-0.000787379
7.17338e-05
0.000410221
-0.00476439
-0.0062289
-0.00774621
-0.00927747
-0.0106639
-0.0119197
-0.0129665
-0.0136225
-0.0141053
-0.0140597
-0.0138407
-0.0132483
-0.0124736
-0.0116066
-0.0105593
-0.00963127
-0.00857302
-0.00714846
-0.00596622
-0.00289022
-0.00121385
-0.000337712
1.45804e-05
-0.00261592
-0.00365959
-0.00476244
-0.00594338
-0.0070601
-0.00817905
-0.00917607
-0.00995483
-0.0106334
-0.010931
-0.0111065
-0.0109592
-0.0105939
-0.0101133
-0.00939187
-0.00868785
-0.00780356
-0.00659574
-0.00571533
-0.00281548
-0.00153776
-0.000617696
-0.000292549
-0.00192031
-0.00265651
-0.00345298
-0.004308
-0.00515467
-0.00602622
-0.00683618
-0.00753764
-0.00816764
-0.00856861
-0.00886426
-0.00893053
-0.00879697
-0.00854752
-0.00808563
-0.00752152
-0.00688663
-0.00579862
-0.00507135
-0.00265896
-0.00168187
-0.000765159
-0.000509492
-0.00156697
-0.00205579
-0.00260081
-0.00317983
-0.0037687
-0.0043913
-0.0049814
-0.00553538
-0.00605005
-0.00643429
-0.00674969
-0.00690314
-0.00691488
-0.00677466
-0.00652885
-0.00599758
-0.00559276
-0.00450559
-0.00405022
-0.00207005
-0.00160339
-0.000759822
-0.000636058
-0.00111703
-0.00146239
-0.0018269
-0.00223892
-0.00265462
-0.00311357
-0.00355323
-0.00398051
-0.00440701
-0.00473467
-0.00504865
-0.00521898
-0.00531998
-0.00524778
-0.00514435
-0.0047009
-0.00446596
-0.00350133
-0.00320673
-0.00164341
-0.00150095
-0.000647608
-0.000651438
-0.00118255
-0.00139618
-0.0016423
-0.00191606
-0.00220539
-0.00252576
-0.00284223
-0.00316048
-0.00347483
-0.00374341
-0.00398058
-0.00413958
-0.00424607
-0.00417994
-0.0041798
-0.00371478
-0.00366306
-0.00263237
-0.00257395
-0.00119026
-0.00133372
-0.000533775
-0.000604612
-0.00105283
-0.00120124
-0.00136991
-0.00154582
-0.00173023
-0.00193439
-0.00212844
-0.00233973
-0.00253765
-0.00271129
-0.0028823
-0.00296695
-0.0030779
-0.00296316
-0.00303119
-0.0025732
-0.00263297
-0.00172518
-0.00184825
-0.000716093
-0.00114154
-0.00033885
-0.000525244
-0.000646602
-0.000765234
-0.000885002
-0.00101856
-0.0011571
-0.00131286
-0.00145616
-0.0016145
-0.0017677
-0.0018933
-0.00202912
-0.00209367
-0.00220187
-0.00211116
-0.00223222
-0.00184849
-0.00203783
-0.00127463
-0.00154143
-0.000548181
-0.000968842
-0.00019863
-0.000412268
-0.000671753
-0.000738634
-0.000814921
-0.000899949
-0.000988313
-0.00109169
-0.00119108
-0.00129902
-0.00140729
-0.00150818
-0.00159649
-0.00165178
-0.00173901
-0.00163142
-0.00178082
-0.00135959
-0.00162425
-0.000816264
-0.00120692
-0.000241503
-0.000735754
-5.53611e-05
-0.000297149
-0.000443855
-0.000487119
-0.000538381
-0.000590742
-0.000644094
-0.000702776
-0.000758257
-0.000819367
-0.000870921
-0.000924042
-0.000971299
-0.000973871
-0.0010593
-0.000906004
-0.00109679
-0.000691201
-0.00101969
-0.000332469
-0.000779454
3.95888e-05
-0.000510621
9.93584e-05
-0.000170388
-0.000103272
-0.00013127
-0.000159754
-0.00019053
-0.00022283
-0.000257787
-0.000289749
-0.000327446
-0.000360355
-0.00039037
-0.000428422
-0.000417503
-0.000509798
-0.000384332
-0.000592789
-0.000285233
-0.00062466
-0.000114187
-0.000507315
9.68119e-05
-0.000315432
0.000120434
-7.50509e-05
-3.05596e-05
-4.33852e-05
-5.50961e-05
-6.77205e-05
-7.99162e-05
-9.41853e-05
-0.000106299
-0.000120506
-0.000134784
-0.000148316
-0.000172155
-0.000151497
-0.000224777
-0.000127608
-0.000274009
-7.64981e-05
-0.000284626
2.36862e-06
-0.000225563
7.8344e-05
-0.000129175
6.89799e-05
-2.51526e-05
-0.110544
-0.0905982
-0.0720002
-0.0574292
-0.0448816
-0.0345286
-0.0257319
-0.0183473
-0.0121091
-0.00718242
-0.00293604
0.000500985
0.00316812
0.0051711
0.00665085
0.00766633
0.0083756
0.00882092
0.00912648
0.0095034
0.00963318
0.00966286
0.00966559
-0.121813
-0.0981403
-0.0771118
-0.0609304
-0.0473697
-0.0361241
-0.026669
-0.0188229
-0.0123394
-0.00720461
-0.00294027
0.000498656
0.00312113
0.00508872
0.00653837
0.00752958
0.00822485
0.00866326
0.00897444
0.00934425
0.00946666
0.00950498
0.00950806
-0.132019
-0.104686
-0.0811057
-0.0637138
-0.0493844
-0.0374313
-0.0274331
-0.0191918
-0.0124897
-0.0071984
-0.00289525
0.000544488
0.00310276
0.00503592
0.00645024
0.00741166
0.00809281
0.00851997
0.00883573
0.00919615
0.00931367
0.00935773
0.00936231
-0.140624
-0.110278
-0.0853578
-0.0671551
-0.0517864
-0.0388946
-0.0282802
-0.0196465
-0.0127422
-0.00728492
-0.00288374
0.000563402
0.00306827
0.00498817
0.00636485
0.0072936
0.00796356
0.00837513
0.0086975
0.00904785
0.00916547
0.00921377
0.00922289
-0.148662
-0.115035
-0.0890115
-0.0703817
-0.0540567
-0.0404166
-0.0292809
-0.0203031
-0.0131881
-0.00750052
-0.00294873
0.000490286
0.00299558
0.00492535
0.00626536
0.00716688
0.00782799
0.00822196
0.00855273
0.00889571
0.0090171
0.00906819
0.00908423
-0.152706
-0.117998
-0.0933856
-0.0742288
-0.0565109
-0.0421625
-0.0305328
-0.0212466
-0.0138202
-0.00784178
-0.00315279
0.000286068
0.0028759
0.00481788
0.00613639
0.00702702
0.00768223
0.00806512
0.00840511
0.00873783
0.00886513
0.00891911
0.00894326
-0.156165
-0.121309
-0.098161
-0.0776333
-0.0590658
-0.0443147
-0.032233
-0.0225545
-0.0146903
-0.00841866
-0.00360429
-6.64477e-05
0.0026744
0.00462992
0.00596843
0.00686975
0.00752632
0.00790749
0.0082568
0.00858086
0.00871297
0.00876898
0.00879955
-0.156268
-0.128355
-0.105304
-0.0825605
-0.0634657
-0.0479661
-0.0351456
-0.0247632
-0.0163071
-0.00963833
-0.00453641
-0.000703121
0.00225786
0.00429665
0.00573292
0.00667891
0.00735513
0.00774865
0.00810516
0.00842323
0.00856199
0.00861997
0.00865424
0.0531448
0.0299566
0.00618662
-0.0187105
-0.0436624
-0.0673713
-0.089573
-0.110744
0.0563741
0.0306696
0.00443528
-0.0230322
-0.0507705
-0.0773675
-0.101891
-0.12367
0.0591582
0.0296194
-0.00022097
-0.0306116
-0.0606122
-0.0890148
-0.114837
-0.137979
0.0612273
0.0273639
-0.00633959
-0.0396049
-0.0717244
-0.101831
-0.129293
-0.154138
0.0619134
0.0238764
-0.0136166
-0.0499062
-0.0844326
-0.116603
-0.145973
-0.172533
0.0610102
0.0187752
-0.0226177
-0.0622699
-0.0996011
-0.134117
-0.165411
-0.193538
0.0583627
0.0115366
-0.0341147
-0.0775286
-0.117974
-0.154959
-0.188123
-0.2176
0.053469
0.00142118
-0.0489919
-0.0965569
-0.140361
-0.179843
-0.214805
-0.245324
0.0454137
-0.0126093
-0.0683608
-0.120491
-0.167898
-0.209904
-0.246414
-0.277529
0.0328744
-0.0319785
-0.0937125
-0.150826
-0.202114
-0.246597
-0.284275
-0.315302
0.0140194
-0.0586484
-0.127159
-0.18969
-0.244743
-0.291865
-0.330047
-0.359869
-0.0137218
-0.0951436
-0.171347
-0.240233
-0.299465
-0.347881
-0.385053
-0.411784
-0.0545611
-0.145603
-0.229131
-0.304223
-0.366484
-0.414544
-0.44833
-0.468579
-0.111644
-0.214158
-0.307447
-0.383777
-0.44338
-0.486037
-0.511302
-0.520141
-0.163211
-0.270771
-0.362387
-0.436495
-0.491828
-0.52824
-0.547011
-0.550452
0.184663
0.182128
0.175197
0.164112
0.149073
0.130222
0.108018
0.0819785
0.199269
0.195966
0.187492
0.174325
0.1568
0.135127
0.110524
0.0832767
0.215524
0.211514
0.201794
0.186925
0.167451
0.143638
0.117119
0.0887491
0.233822
0.22921
0.218433
0.201985
0.180635
0.154681
0.125572
0.0945047
0.254227
0.24904
0.237139
0.218894
0.195251
0.166631
0.1341
0.0991978
0.276663
0.270823
0.257553
0.23712
0.210574
0.178611
0.142042
0.102636
0.301046
0.294429
0.279471
0.25642
0.226356
0.19036
0.149235
0.104844
0.327327
0.319799
0.302808
0.276683
0.242509
0.201759
0.155455
0.105495
0.355426
0.346849
0.327439
0.297712
0.258784
0.212466
0.160149
0.103817
0.385098
0.375311
0.353034
0.319045
0.274581
0.221731
0.162349
0.0986309
0.415776
0.404575
0.378895
0.339814
0.28882
0.228274
0.160563
0.0882369
0.446326
0.433451
0.403725
0.358539
0.299774
0.230133
0.152585
0.0701863
0.4748
0.459914
0.425329
0.372739
0.304609
0.224121
0.134914
0.0406193
0.497345
0.480136
0.440031
0.378887
0.299688
0.20643
0.103698
-0.00408129
0.516024
0.496526
0.451132
0.382281
0.293533
0.188532
0.0732094
-0.0464347
0.0223972
0.0224139
0.0224403
0.0224759
0.0225197
0.0225704
0.022625
0.022682
0.0270673
0.0270987
0.0271072
0.0270922
0.0270556
0.0270019
0.0269356
0.0268646
0.0231692
0.0231948
0.0232387
0.023298
0.0233694
0.0234511
0.0235397
0.023632
0.0274866
0.0275208
0.0275236
0.0275038
0.0274581
0.0273917
0.0273129
0.0272202
0.0247867
0.0248331
0.0249033
0.024993
0.0250991
0.0252146
0.0253423
0.0254563
0.0293887
0.0293985
0.029376
0.0293261
0.0292569
0.029173
0.0290897
0.0290299
0.0276307
0.0277212
0.0278395
0.027976
0.0281254
0.0282908
0.028424
0.0285982
0.0320963
0.0321026
0.0320806
0.0320417
0.0319818
0.031941
0.0318592
0.0318849
0.0316623
0.0317778
0.0319227
0.0320884
0.0322499
0.032444
0.0325663
0.0328162
0.0361466
0.036169
0.0361702
0.0361698
0.0361303
0.0361614
0.036081
0.0362536
0.0373118
0.03741
0.0375434
0.0376944
0.0378519
0.0380476
0.0381697
0.0384568
0.0421605
0.0421944
0.0422039
0.0422038
0.0421532
0.0421825
0.042072
0.0422872
0.0449362
0.0450099
0.0451031
0.0452078
0.0452831
0.0454694
0.0454878
0.0458451
0.0507839
0.050799
0.0507732
0.050791
0.0506529
0.0507751
0.0504848
0.0509036
0.0556228
0.0556634
0.055649
0.0557014
0.0555008
0.0556348
0.0552769
0.0556879
0.0629934
0.0630194
0.0628117
0.0631376
0.0625591
0.0629581
0.0619933
0.062261
0.0706456
0.0706343
0.0704849
0.0703103
0.0694074
0.0696267
0.0682461
0.0682564
0.0807861
0.0807485
0.0801682
0.0803001
0.0785189
0.079333
0.0764325
0.0764065
0.0920322
0.0918379
0.0910583
0.0903315
0.0883261
0.0870921
0.0837739
0.081985
0.106137
0.1058
0.104871
0.10367
0.100678
0.0982609
0.0931905
0.0897386
0.122202
0.121264
0.120011
0.116894
0.112131
0.106914
0.0997362
0.0922094
0.141842
0.1407
0.138449
0.133758
0.127112
0.118994
0.108305
0.0960655
0.164274
0.162664
0.158056
0.150247
0.139493
0.125728
0.109263
0.0889367
0.0227549
0.0228266
0.0229397
0.023078
0.0232498
0.0234536
0.0236852
0.0238994
0.0240567
0.0241316
0.024101
0.0239586
0.0236989
0.0233476
0.0229432
0.0225045
0.0220745
0.0216188
0.0212108
0.0208319
0.0205317
0.0202637
0.0201176
0.0267527
0.0265896
0.0263467
0.0260246
0.0256094
0.0251053
0.0245758
0.0240902
0.0236647
0.0233226
0.0230659
0.0228821
0.022741
0.0225887
0.0223788
0.0220976
0.0217718
0.0214011
0.0210343
0.0206442
0.0203101
0.0200546
0.0198961
0.0237555
0.0239253
0.0241284
0.0243761
0.0246659
0.024948
0.0251177
0.0251462
0.0250661
0.0248702
0.0245716
0.024198
0.0237994
0.0234018
0.0230108
0.0226031
0.0221624
0.0217094
0.0212229
0.020718
0.0202789
0.0199619
0.0197563
0.0271048
0.0268553
0.0265632
0.0262191
0.0258062
0.0254557
0.0251892
0.0249804
0.0247903
0.0246088
0.0244154
0.0241582
0.0238318
0.023438
0.0229851
0.0224845
0.0219552
0.0214002
0.0208661
0.0204036
0.019976
0.019652
0.0194812
0.02566
0.0257404
0.0259302
0.0261231
0.0262631
0.0262744
0.0262083
0.026036
0.0257483
0.0253515
0.0248662
0.0243139
0.0237143
0.0230809
0.0224304
0.0217868
0.0211713
0.020605
0.020103
0.0197012
0.0193458
0.0190632
0.0189421
0.0288492
0.0285483
0.028197
0.0277768
0.0273791
0.0270454
0.0267177
0.026379
0.0260218
0.025622
0.0251547
0.024602
0.0239566
0.0232393
0.0224855
0.0217378
0.0210156
0.0203601
0.0197615
0.0192365
0.0188126
0.0185194
0.0183436
0.0286833
0.0287622
0.0288548
0.0289342
0.0288793
0.0286915
0.0283718
0.0279226
0.027362
0.0267163
0.0260133
0.0252746
0.0245138
0.0237269
0.0229083
0.0220812
0.021255
0.0204788
0.0197617
0.0191499
0.018617
0.0182548
0.0179926
0.0316096
0.0312724
0.0308291
0.0303658
0.0299389
0.0294907
0.0290008
0.0284445
0.0278084
0.027056
0.0261938
0.0252507
0.0242837
0.0233271
0.0223873
0.0214935
0.0206421
0.019866
0.0191938
0.0187012
0.0182691
0.0179321
0.0177376
0.0327673
0.0326698
0.0324939
0.0321855
0.0317038
0.0310735
0.0303066
0.0294219
0.0284391
0.0273702
0.0262289
0.0250315
0.0238105
0.0226169
0.0214858
0.0204577
0.0195595
0.0187764
0.018143
0.0176963
0.0173543
0.01712
0.0170747
0.0359552
0.0354124
0.034759
0.0341402
0.0334121
0.0325609
0.0315801
0.0304625
0.0292218
0.0278896
0.0265078
0.0251071
0.0237138
0.0223689
0.0211175
0.0199824
0.0190203
0.0182103
0.0175488
0.0169796
0.0165406
0.0162435
0.0161841
0.0383905
0.0379205
0.0372857
0.0364443
0.0353832
0.0341751
0.0328275
0.0313463
0.0297599
0.0281119
0.0264583
0.024861
0.0233628
0.0219811
0.020746
0.0196445
0.0187165
0.0179351
0.0173069
0.0167231
0.0162063
0.0157601
0.0155201
0.0419074
0.0407968
0.0396443
0.0384045
0.0369803
0.0353697
0.0335905
0.0316969
0.0297477
0.0277903
0.0258811
0.0240904
0.0224792
0.0210636
0.0198653
0.0188504
0.0180159
0.0173025
0.0167674
0.0163443
0.0159348
0.0155173
0.0152129
0.045621
0.0443525
0.0429982
0.0412744
0.0392529
0.0370394
0.0346555
0.0321807
0.0297162
0.027345
0.025141
0.023151
0.0214147
0.0199416
0.0187381
0.0177656
0.0169996
0.0163597
0.0158908
0.0156056
0.0153695
0.0151413
0.0149702
0.0500694
0.0478966
0.0457029
0.0432696
0.040634
0.0378433
0.0349422
0.0320363
0.0292142
0.0265809
0.0242244
0.0221755
0.0204372
0.018995
0.0178212
0.016871
0.0161251
0.0155119
0.0150473
0.0147747
0.0145848
0.014494
0.0144916
0.0546627
0.0519597
0.0492107
0.0459328
0.0423851
0.0386927
0.0350399
0.0315719
0.0283861
0.0255648
0.0231401
0.0211171
0.0194633
0.0181315
0.0170576
0.0161799
0.0154745
0.0148939
0.0144508
0.014171
0.0138924
0.0137747
0.013816
0.0601396
0.0561521
0.0520582
0.0477142
0.043268
0.038802
0.0344952
0.0305235
0.0270175
0.024046
0.0216012
0.0196509
0.0181279
0.0169567
0.0160532
0.0153332
0.0147554
0.0142847
0.0139593
0.013787
0.0134591
0.0132412
0.0131831
0.0653741
0.0601629
0.0547624
0.0489948
0.0433076
0.03792
0.0330248
0.0287311
0.0250723
0.0220586
0.0196624
0.0178262
0.0164574
0.0154704
0.0147727
0.0142521
0.0138654
0.0135695
0.0134115
0.013411
0.0131662
0.0129421
0.0127686
0.0708833
0.0634194
0.056245
0.0490735
0.0422683
0.0360836
0.030745
0.026273
0.0226341
0.0197603
0.0175673
0.0159584
0.0148086
0.0140325
0.0135542
0.013219
0.0130141
0.0128907
0.0128387
0.0129473
0.012853
0.0127439
0.0125388
0.0754773
0.0660191
0.0567188
0.0478838
0.0400372
0.0333358
0.0277869
0.0233057
0.0198302
0.0172487
0.0154088
0.0141613
0.0133363
0.0128201
0.0126035
0.0124299
0.0123589
0.0123411
0.0123194
0.012408
0.0124317
0.0124808
0.0123482
0.0788068
0.0657622
0.054555
0.0444746
0.0360385
0.0292182
0.0238546
0.0197143
0.0166571
0.0145353
0.013167
0.0123732
0.0119542
0.0117828
0.0117778
0.0117951
0.0118279
0.0118738
0.0118456
0.0118834
0.0119425
0.0120942
0.0120771
0.0787381
0.0636628
0.0505891
0.0395538
0.0308486
0.0241307
0.0191411
0.0155164
0.0130465
0.0115149
0.010703
0.0104122
0.01043
0.0106221
0.0108683
0.0110805
0.0112186
0.0113353
0.0113384
0.0113996
0.0114594
0.0116331
0.011705
0.0745508
0.0566649
0.0432978
0.0324699
0.0242098
0.0180102
0.0136693
0.0107263
0.00897722
0.00814187
0.0079607
0.00820996
0.00867619
0.00923738
0.00975435
0.010179
0.010455
0.0106844
0.0107813
0.0109517
0.0110353
0.0111862
0.0112922
0.0624309
0.0467242
0.0338311
0.0239016
0.0165561
0.0110933
0.00748171
0.00532345
0.00440034
0.00435681
0.00488857
0.0057433
0.00670927
0.00766341
0.00848717
0.00916066
0.00961789
0.00999527
0.0102152
0.0105228
0.0106716
0.0108171
0.010916
0.047578
0.0353606
0.0247353
0.016062
0.00977786
0.00511707
0.00193725
0.000414384
0.000232201
0.000927121
0.00213956
0.00358384
0.0050383
0.00638142
0.00750057
0.00841881
0.00904747
0.00955709
0.00986105
0.0102417
0.0104535
0.0106085
0.0106792
0.0277542
0.0164712
0.010145
0.00441545
0.000629579
-0.00189877
-0.00356817
-0.00380771
-0.00293535
-0.00141261
0.000443294
0.00237658
0.00419437
0.00580258
0.00710354
0.00816052
0.00887942
0.00944875
0.00977464
0.0101545
0.0103901
0.0105287
0.0105658
0.00371508
-0.00693782
-0.00943299
-0.0116664
-0.0119302
-0.0111464
-0.00968405
-0.00762953
-0.00522256
-0.00271768
-0.000236377
0.00207974
0.00412033
0.00585014
0.00720858
0.00828385
0.00900758
0.0095608
0.00985669
0.0101882
0.010404
0.0104995
0.0105053
-0.0193123
-0.0272899
-0.0265055
-0.0259444
-0.0230953
-0.0194208
-0.0151616
-0.0110009
-0.00717158
-0.00376706
-0.000716089
0.00193898
0.00416524
0.00598236
0.00737599
0.00843651
0.00914744
0.00965922
0.00992185
0.0102169
0.0103965
0.0104492
0.0104379
-0.0407465
-0.0436971
-0.0385594
-0.035398
-0.0301467
-0.0247229
-0.0189986
-0.0136444
-0.0088865
-0.00484224
-0.00133053
0.00162399
0.00402995
0.00593809
0.00737951
0.00843525
0.00914776
0.0096256
0.00987664
0.0101728
0.0103241
0.0103472
0.0103329
-0.0610348
-0.0578049
-0.0481906
-0.042069
-0.0345878
-0.027863
-0.0213637
-0.0154538
-0.0102014
-0.00580927
-0.00197856
0.00120165
0.00375365
0.00573697
0.00722162
0.00828031
0.00900222
0.00946368
0.00972493
0.0100477
0.0101863
0.0101965
0.0101871
-0.0798584
-0.0705031
-0.0572909
-0.0480287
-0.0384059
-0.0303466
-0.0230773
-0.0167142
-0.011103
-0.00654549
-0.00249491
0.000831612
0.00347445
0.00549735
0.00700155
0.00805628
0.00878147
0.00923728
0.00951672
0.00987033
0.0100072
0.0100181
0.0100152
-0.0965145
-0.0814693
-0.0656003
-0.0533906
-0.0420148
-0.0326512
-0.0245432
-0.0176519
-0.0116509
-0.00704165
-0.00280489
0.00060078
0.00327781
0.00530311
0.0068025
0.0078412
0.00856078
0.00901298
0.00930847
0.00968035
0.00981565
0.0098352
0.00983656
)
;

boundaryField
{
    outlet
    {
        type            fixedValue;
        value           uniform 0;
    }
    upperWall
    {
        type            symmetryPlane;
    }
    lowerWall
    {
        type            symmetryPlane;
    }
    inlet
    {
        type            zeroGradient;
    }
    cylinder
    {
        type            zeroGradient;
    }
    frontAndBack
    {
        type            empty;
    }
}


// ************************************************************************* //
