/*--------------------------------*- C++ -*----------------------------------*\
| =========                 |                                                 |
| \\      /  F ield         | OpenFOAM: The Open Source CFD Toolbox           |
|  \\    /   O peration     | Version:  2312                                  |
|   \\  /    A nd           | Website:  www.openfoam.com                      |
|    \\/     M anipulation  |                                                 |
\*---------------------------------------------------------------------------*/
FoamFile
{
    version     2.0;
    format      ascii;
    arch        "LSB;label=32;scalar=64";
    class       volScalarField;
    location    "86.45";
    object      p;
}
// * * * * * * * * * * * * * * * * * * * * * * * * * * * * * * * * * * * * * //

dimensions      [0 2 -2 0 0 0 0];

internalField   nonuniform List<scalar> 
5478
(
-0.345152
-0.344513
-0.339622
-0.331566
-0.322065
-0.312545
-0.304537
-0.298752
-0.294691
-0.290848
-0.285643
-0.27688
-0.265801
-0.250417
-0.231824
-0.354395
-0.352394
-0.347624
-0.340567
-0.33154
-0.320888
-0.309489
-0.298152
-0.286993
-0.275674
-0.263584
-0.25086
-0.237063
-0.221081
-0.20455
-0.367875
-0.363532
-0.357654
-0.350078
-0.339584
-0.325715
-0.30967
-0.292951
-0.276537
-0.260737
-0.245559
-0.230349
-0.214732
-0.198707
-0.182374
-0.385463
-0.378204
-0.370229
-0.360368
-0.345822
-0.326969
-0.306129
-0.285323
-0.26553
-0.247004
-0.229409
-0.21262
-0.196428
-0.180489
-0.16535
-0.408479
-0.397259
-0.386706
-0.371718
-0.350417
-0.325597
-0.300345
-0.276293
-0.254034
-0.233555
-0.214725
-0.197172
-0.180451
-0.164725
-0.149489
-0.437989
-0.420883
-0.405899
-0.382475
-0.352645
-0.321688
-0.292399
-0.265667
-0.241532
-0.219767
-0.199972
-0.181843
-0.165182
-0.149669
-0.13488
-0.470977
-0.448161
-0.423757
-0.389232
-0.35073
-0.314129
-0.281273
-0.252236
-0.226601
-0.203872
-0.183648
-0.165531
-0.14912
-0.134234
-0.120115
-0.50031
-0.473696
-0.435817
-0.388921
-0.34253
-0.301114
-0.26532
-0.234529
-0.20791
-0.184771
-0.164525
-0.146741
-0.131112
-0.117199
-0.104526
-0.415409
-0.417133
-0.417813
-0.419599
-0.422973
-0.428023
-0.434852
-0.443613
-0.4546
-0.468339
-0.48544
-0.50633
-0.530701
-0.556394
-0.580441
-0.39982
-0.399373
-0.398151
-0.397669
-0.398582
-0.401396
-0.406841
-0.415815
-0.429223
-0.447852
-0.472382
-0.502151
-0.535744
-0.569968
-0.59959
-0.387187
-0.384841
-0.382146
-0.379658
-0.37827
-0.378794
-0.382317
-0.39008
-0.403289
-0.422657
-0.448239
-0.479519
-0.512924
-0.547412
-0.575453
-0.37563
-0.372308
-0.368251
-0.363511
-0.359246
-0.356723
-0.357235
-0.362137
-0.372597
-0.389616
-0.412424
-0.441422
-0.471832
-0.503784
-0.527408
-0.364537
-0.361306
-0.356077
-0.348706
-0.340808
-0.334317
-0.330927
-0.332249
-0.339527
-0.353965
-0.37468
-0.401946
-0.429216
-0.455891
-0.470384
-0.354143
-0.351975
-0.345985
-0.336191
-0.324822
-0.314532
-0.307826
-0.306916
-0.313208
-0.327315
-0.346424
-0.369842
-0.38996
-0.405388
-0.406789
-0.345723
-0.344753
-0.338742
-0.32751
-0.31471
-0.303157
-0.296021
-0.295303
-0.301161
-0.312457
-0.326371
-0.340107
-0.348709
-0.350798
-0.340992
-0.342015
-0.341616
-0.3359
-0.325928
-0.313992
-0.303839
-0.297186
-0.295225
-0.297788
-0.302502
-0.307426
-0.308593
-0.304546
-0.295086
-0.28112
-0.618621
-0.604361
-0.457082
-0.309182
-0.214736
-0.181947
-0.197863
-0.203318
-0.178077
-0.140886
-0.130523
-0.119126
-0.0991903
-0.0993119
-0.120152
-0.134952
-0.125097
-0.0983971
-0.0958337
-0.119692
-0.130196
-0.114674
-0.127152
-0.148775
-0.134567
-0.103856
-0.108623
-0.0875939
-0.0614758
-0.0444952
-0.00857761
-0.00225521
-0.00911729
-0.014244
-0.0047993
0.017425
0.0148912
0.000259293
-0.640119
-0.623655
-0.480537
-0.320766
-0.208013
-0.162821
-0.155769
-0.145819
-0.134108
-0.124425
-0.128443
-0.121314
-0.107612
-0.110488
-0.125038
-0.135526
-0.127059
-0.103366
-0.105217
-0.129524
-0.138098
-0.111523
-0.112605
-0.129862
-0.121873
-0.114106
-0.12317
-0.092104
-0.0576287
-0.0441317
-0.0112714
-0.00512534
-0.0102128
-0.0151317
-0.00537066
0.017961
0.0147136
-3.31095e-05
-0.608006
-0.589351
-0.463905
-0.311717
-0.19935
-0.150381
-0.126806
-0.0991984
-0.0924369
-0.108621
-0.125664
-0.123614
-0.119253
-0.124357
-0.131086
-0.135035
-0.127145
-0.107234
-0.113182
-0.138827
-0.143827
-0.106899
-0.0972876
-0.111162
-0.106884
-0.121132
-0.134469
-0.0955218
-0.0534744
-0.0431349
-0.0140022
-0.00801366
-0.0112868
-0.015921
-0.00607422
0.0183003
0.0144966
-0.00026231
-0.545066
-0.531444
-0.42324
-0.292356
-0.191331
-0.142246
-0.113485
-0.0760784
-0.0599284
-0.0951173
-0.123698
-0.127946
-0.133377
-0.141085
-0.137521
-0.133063
-0.124621
-0.109531
-0.119369
-0.147087
-0.148363
-0.10204
-0.0826636
-0.0935333
-0.0908137
-0.124493
-0.141767
-0.0983515
-0.0496014
-0.0416071
-0.0166713
-0.0107108
-0.0123262
-0.0166644
-0.00686884
0.0184338
0.0142671
-0.000426793
-0.466348
-0.455211
-0.372328
-0.26897
-0.184268
-0.134787
-0.108482
-0.0752415
-0.0555338
-0.0898589
-0.120946
-0.130072
-0.145778
-0.155503
-0.144666
-0.131168
-0.119751
-0.109579
-0.122971
-0.153688
-0.151556
-0.0976268
-0.0695411
-0.0776235
-0.0748706
-0.124021
-0.145027
-0.10016
-0.0463503
-0.0395821
-0.0192018
-0.0130085
-0.0133238
-0.0173783
-0.00773565
0.0183528
0.0140369
-0.000532585
-0.382704
-0.374914
-0.320083
-0.246382
-0.177135
-0.129583
-0.105293
-0.0800196
-0.0651799
-0.0977314
-0.124515
-0.130168
-0.148194
-0.161419
-0.145501
-0.126838
-0.112912
-0.106516
-0.123461
-0.157749
-0.154196
-0.0951108
-0.058788
-0.0639268
-0.0596526
-0.119619
-0.145305
-0.101257
-0.0441868
-0.037346
-0.0216134
-0.0147342
-0.0142852
-0.0180662
-0.0086395
0.0180525
0.0138089
-0.000588701
-0.310936
-0.311595
-0.279875
-0.229571
-0.172837
-0.126762
-0.101422
-0.0801696
-0.0771213
-0.10498
-0.12584
-0.12082
-0.145389
-0.163741
-0.149884
-0.125144
-0.106319
-0.100021
-0.12004
-0.159365
-0.153518
-0.0920361
-0.0508432
-0.0534504
-0.0450539
-0.11137
-0.141396
-0.10002
-0.0436557
-0.0346984
-0.0239623
-0.0157561
-0.0152056
-0.0187523
-0.00962702
0.0175432
0.0135962
-0.000609129
-0.265344
-0.267054
-0.245809
-0.213084
-0.170506
-0.128752
-0.104417
-0.074259
-0.0747603
-0.112819
-0.126645
-0.111515
-0.134846
-0.147777
-0.13788
-0.119307
-0.0975941
-0.0912517
-0.11198
-0.156978
-0.154609
-0.0914037
-0.0453683
-0.0445884
-0.0313248
-0.0996967
-0.136385
-0.0979112
-0.0444625
-0.0320121
-0.0258228
-0.0160574
-0.0160977
-0.0193916
-0.0106088
0.0167751
0.0133905
-0.000605997
-0.234204
-0.23997
-0.216141
-0.18257
-0.143386
-0.107535
-0.0850186
-0.0571121
-0.0457948
-0.07738
-0.0964848
-0.0871357
-0.11506
-0.141265
-0.134529
-0.10778
-0.083577
-0.0810994
-0.104163
-0.144666
-0.144981
-0.0868563
-0.0407557
-0.0382861
-0.0235341
-0.0867331
-0.124427
-0.0928299
-0.0471085
-0.0324791
-0.0271988
-0.0153859
-0.0170474
-0.0204255
-0.0116682
0.0159507
0.0131471
-0.000599162
-0.171287
-0.180622
-0.161739
-0.133814
-0.104324
-0.0772894
-0.0598616
-0.0359281
-0.0205795
-0.0317429
-0.0343512
-0.0446482
-0.083272
-0.121177
-0.108469
-0.0817992
-0.0604756
-0.0594951
-0.0898599
-0.135175
-0.134889
-0.0758257
-0.0279384
-0.0252386
-0.0112669
-0.0667513
-0.11333
-0.0864979
-0.044694
-0.0342232
-0.0279228
-0.0159258
-0.0184503
-0.0215476
-0.0128432
0.0148102
0.0124429
-0.000607837
-0.13253
-0.143486
-0.131936
-0.11159
-0.0879157
-0.062523
-0.0434676
-0.0166073
0.0136182
0.0355081
0.0427099
0.0130683
-0.0440864
-0.083172
-0.0774317
-0.0592164
-0.0401835
-0.0346359
-0.0594497
-0.105041
-0.104743
-0.0529885
-0.0138884
-0.0170737
-0.00139912
-0.0440767
-0.0913305
-0.0720632
-0.0406635
-0.0376709
-0.0291417
-0.0158281
-0.0195641
-0.0225236
-0.0141691
0.0132289
0.0114214
-0.000563782
-0.101155
-0.108607
-0.100229
-0.0823724
-0.0610589
-0.0396828
-0.022092
0.000651939
0.0269214
0.0448565
0.0652487
0.0458918
-0.00732636
-0.0413179
-0.0425302
-0.0304935
-0.0156661
-0.00686371
-0.0239041
-0.0652744
-0.0602346
-0.0274014
-0.00658742
-0.00392846
0.00887922
-0.019725
-0.0622816
-0.0502757
-0.0369221
-0.0410358
-0.0298533
-0.0157883
-0.0206673
-0.023353
-0.0154415
0.0112264
0.0101996
-0.000422909
-0.0723882
-0.0793559
-0.074682
-0.0621438
-0.0465348
-0.0293071
-0.0141502
0.00554618
0.0294769
0.0494532
0.061859
0.0515379
0.0168824
-0.0099743
-0.0171438
-0.0124116
-0.00314999
0.0124978
0.014526
-0.00851327
-0.0156625
-0.00614531
-0.00729929
-0.00550951
0.0128322
0.00199328
-0.0263933
-0.0209026
-0.0302208
-0.0422657
-0.0295706
-0.0157995
-0.0215602
-0.0240723
-0.0167266
0.00884009
0.00887928
-0.000180819
-0.0517089
-0.0576634
-0.0546433
-0.0452687
-0.032855
-0.0187204
-0.00535735
0.0100119
0.027951
0.0417072
0.0506081
0.045629
0.0266061
0.00828923
0.000451188
0.00534347
0.0113871
0.0239715
0.0288864
0.00569543
0.00487878
0.00590795
-0.00633096
-0.00242943
0.0158723
0.0133291
0.00135629
0.00912054
-0.0191532
-0.0362072
-0.027231
-0.0162477
-0.021983
-0.0241489
-0.0174959
0.00621652
0.00756714
0.000162738
-0.0354696
-0.0397065
-0.037928
-0.0312119
-0.0220074
-0.0115137
-0.00137402
0.00968363
0.0215599
0.0324207
0.0389582
0.0369869
0.0280649
0.0172632
0.0107178
0.0130607
0.0163735
0.0267261
0.0342637
0.0161391
0.0126384
0.012669
0.000738224
0.00285576
0.0168642
0.0179741
0.0181744
0.027739
-0.00577254
-0.0219059
-0.0211933
-0.0170652
-0.0211997
-0.0229589
-0.0172066
0.00368106
0.00640308
0.000597165
-0.02204
-0.0256361
-0.0248957
-0.0203084
-0.0136586
-0.00600799
0.00163722
0.00973532
0.0181537
0.0254436
0.0301943
0.0298825
0.0261238
0.0207572
0.0164965
0.0191774
0.0219353
0.0270194
0.0318311
0.0201709
0.0149156
0.0158363
0.00846249
0.00993275
0.0179672
0.0163958
0.0222686
0.0308243
0.00560709
-0.00697892
-0.0106988
-0.0120717
-0.016999
-0.0207252
-0.0155691
0.00180429
0.00567047
0.00111693
-0.0120244
-0.0148925
-0.0146372
-0.0115446
-0.00685758
-0.00143315
0.00403789
0.00971453
0.0153704
0.0203419
0.0239453
0.024698
0.0236333
0.0216469
0.0191295
0.0204445
0.0222676
0.0249379
0.0276649
0.0222359
0.0175171
0.0170149
0.0130369
0.0144984
0.0185074
0.0174917
0.0227166
0.0275913
0.0131355
0.00408952
0.00241193
0.000401177
-0.00836623
-0.0163099
-0.0114966
0.00128344
0.00539688
0.00165315
-0.00429892
-0.0064687
-0.00652461
-0.00456623
-0.00140702
0.00232071
0.00612564
0.0100373
0.0138746
0.0172876
0.0200179
0.0211749
0.0212198
0.02088
0.0200462
0.0210877
0.0227357
0.0238507
0.0247271
0.0223801
0.0192274
0.017737
0.0155567
0.0176099
0.0195049
0.0178729
0.0207176
0.0240893
0.0169092
0.0111325
0.0118233
0.00987396
0.00185379
-0.00864835
-0.00482534
0.00241741
0.0055757
0.00212295
0.00179486
9.09436e-05
-0.000182999
0.000961266
0.00302886
0.00554296
0.00812706
0.0107458
0.0133234
0.0156836
0.0177078
0.0189272
0.019549
0.0199603
0.020027
0.0206256
0.0215142
0.0222741
0.0224592
0.0214032
0.0197858
0.018391
0.0167503
0.018104
0.0195115
0.0182776
0.0197658
0.0215327
0.0181088
0.0145313
0.0162636
0.014504
0.00861597
-0.00105818
0.000865679
0.00476615
0.00628255
0.00248207
0.00643881
0.00507186
0.00472342
0.00537851
0.00669037
0.00832244
0.0100109
0.0117276
0.0134435
0.0150649
0.0165137
0.0175855
0.0183527
0.0189676
0.0193525
0.0199496
0.0206049
0.0211267
0.0212924
0.0204821
0.0196101
0.018719
0.0174458
0.0183202
0.019499
0.0184154
0.0181312
0.0194267
0.0179963
0.0160534
0.0172001
0.0156638
0.0114775
0.00390838
0.00387423
0.00648451
0.00667042
0.00264054
0.00998453
0.00891602
0.00853515
0.00884235
0.00964613
0.0106837
0.0117706
0.0128603
0.0139579
0.015046
0.016076
0.016919
0.0176056
0.0182212
0.0187468
0.0192563
0.0196678
0.0199996
0.0201382
0.0196714
0.0191367
0.0186862
0.0177883
0.0179486
0.0186824
0.0181592
0.017563
0.0179382
0.0172868
0.0163044
0.0165537
0.0152832
0.0118525
0.00620977
0.00539986
0.00692401
0.00617633
0.00249938
0.0127417
0.0118964
0.0115119
0.0116042
0.0120527
0.0126818
0.0133474
0.0140077
0.0146816
0.0153826
0.0160788
0.0166841
0.0172207
0.0177207
0.0181838
0.0185907
0.0188994
0.0191374
0.0192492
0.0190257
0.0186672
0.0184137
0.0178857
0.0177311
0.0180662
0.0177844
0.0171492
0.016902
0.0164816
0.0159119
0.0156337
0.0143302
0.0114888
0.00730608
0.00605542
0.00648075
0.00516028
0.00214556
0.0148326
0.0141672
0.0138116
0.0137775
0.0139911
0.0143358
0.0147106
0.0150799
0.0154689
0.0158889
0.0163264
0.0167201
0.0170868
0.0174433
0.0177919
0.0180986
0.0183074
0.0184711
0.0185391
0.0184478
0.0182033
0.0180073
0.0176952
0.0173925
0.0173921
0.017186
0.0166613
0.0161177
0.0156445
0.0151251
0.0145129
0.0132107
0.0108329
0.00767461
0.00621801
0.00583358
0.00425828
0.00174809
0.0164277
0.0159064
0.015584
0.0154733
0.0155358
0.0156918
0.0158709
0.0160417
0.0162296
0.0164484
0.0166908
0.0169139
0.0171256
0.0173439
0.0175637
0.0177616
0.0178816
0.0179797
0.018006
0.0179458
0.0177715
0.0175883
0.0173541
0.017066
0.016865
0.0165882
0.0161361
0.0154993
0.0148966
0.0143365
0.0136214
0.0122875
0.0102323
0.00779031
0.00628014
0.00537881
0.00360601
0.00142489
0.0176297
0.017218
0.0169328
0.0167847
0.0167526
0.0167821
0.0168266
0.0168627
0.0169137
0.0169907
0.0170901
0.0171799
0.017263
0.0173596
0.0174626
0.0175562
0.0175934
0.0176203
0.0175962
0.0175238
0.0173658
0.0171839
0.0169587
0.016664
0.0163741
0.0160178
0.0155819
0.0149532
0.014264
0.0135913
0.0127909
0.0115104
0.00975908
0.0077841
0.00627721
0.00503054
0.00317469
0.00118583
0.0185227
0.0181974
0.0179484
0.0177822
0.0176902
0.0176358
0.0175909
0.0175389
0.0174981
0.0174773
0.0174713
0.0174614
0.0174454
0.0174446
0.0174487
0.0174501
0.0174116
0.0173679
0.0172893
0.0171808
0.0170086
0.0168078
0.0165682
0.016257
0.0159275
0.0155163
0.0150551
0.0144472
0.0137233
0.012967
0.0121397
0.010931
0.00938993
0.00769999
0.0062565
0.00480723
0.00296389
0.00106479
0.0191777
0.0189153
0.018696
0.0185233
0.0183962
0.0182887
0.0181856
0.0180757
0.0179732
0.017886
0.0178057
0.0177258
0.0176347
0.0175596
0.0174829
0.0174093
0.0173058
0.0171965
0.0170635
0.016906
0.0167068
0.0164741
0.0162097
0.0158766
0.0155195
0.0150836
0.0145925
0.014004
0.0132717
0.0124778
0.0116188
0.0104835
0.00913674
0.00767611
0.00627254
0.00474088
0.00285889
0.000988473
0.0196398
0.0194222
0.0192267
0.0190547
0.0189075
0.0187686
0.0186284
0.0184832
0.0183395
0.0182088
0.0180769
0.0179483
0.0178036
0.0176737
0.0175351
0.0174034
0.017247
0.0170831
0.0169056
0.0166959
0.0164719
0.0161952
0.0159098
0.0155486
0.0151628
0.0147126
0.0141829
0.0136075
0.0128896
0.0121031
0.0112546
0.0101783
0.00900119
0.00764351
0.00624547
0.00476906
0.00283517
0.000947802
0.0199545
0.019769
0.0195899
0.0194207
0.0192608
0.0191041
0.0189424
0.0187767
0.0186088
0.018447
0.018283
0.0181184
0.0179423
0.0177703
0.0175899
0.0174104
0.0172138
0.0170082
0.01679
0.0165426
0.0162837
0.0159793
0.0156602
0.0152849
0.0148668
0.0144007
0.013857
0.0132572
0.0125513
0.0117547
0.0108789
0.0098332
0.00869539
0.00741001
0.00600081
0.00442048
0.00270059
0.000908007
0.0201524
0.019986
0.0198177
0.0196505
0.0194846
0.0193174
0.0191447
0.0189674
0.0187854
0.0186045
0.0184195
0.0182334
0.0180375
0.0178396
0.0176326
0.0174208
0.0171982
0.016963
0.0167163
0.0164434
0.0161542
0.0158299
0.0154827
0.0150901
0.0146533
0.0141678
0.0136142
0.0129979
0.0123002
0.0114967
0.0106205
0.00960637
0.00848597
0.00724023
0.00584247
0.00433838
0.00266896
0.00090374
0.0202451
0.0200891
0.0199266
0.019761
0.0195924
0.0194213
0.0192443
0.0190628
0.0188748
0.0186848
0.0184895
0.0182923
0.0180872
0.0178768
0.0176561
0.0174273
0.0171894
0.0169383
0.016676
0.0163886
0.0160837
0.0157468
0.0153847
0.0149825
0.0145355
0.0140383
0.0134806
0.012855
0.012155
0.011354
0.0104752
0.00947497
0.00836202
0.00713192
0.0057529
0.00426314
0.00263403
0.000895843
-0.0889461
-0.101375
-0.114699
-0.127934
-0.143912
-0.159156
-0.178691
-0.201398
-0.0723064
-0.0812854
-0.0909207
-0.100913
-0.111879
-0.122513
-0.132965
-0.146507
-0.0563651
-0.0623916
-0.0684713
-0.0753132
-0.082411
-0.0893305
-0.097245
-0.10975
-0.0433377
-0.047288
-0.0511333
-0.0557157
-0.0609584
-0.0673089
-0.0758906
-0.0862796
-0.0318883
-0.0345917
-0.0373883
-0.0412486
-0.0461671
-0.0512786
-0.0561171
-0.0617461
-0.0225134
-0.024361
-0.0264567
-0.0291463
-0.0319917
-0.0343821
-0.0372949
-0.0424754
-0.0144
-0.0154505
-0.016543
-0.0178766
-0.0195736
-0.0217275
-0.0249419
-0.0292285
-0.00737123
-0.00785555
-0.00844643
-0.00946892
-0.0110418
-0.0128883
-0.014912
-0.0175764
-0.0016358
-0.0018905
-0.00224812
-0.00292189
-0.00387928
-0.00491456
-0.00622851
-0.00844341
0.00317947
0.00310245
0.00299864
0.0026771
0.00209621
0.00127873
0.000106947
-0.00167377
0.00719025
0.00718035
0.00716132
0.0069632
0.00653291
0.00590058
0.00504897
0.00374924
0.0104356
0.0104244
0.010424
0.0103126
0.0100412
0.00961657
0.00899192
0.00797025
0.0130732
0.0130462
0.0130475
0.0129853
0.0128012
0.0124752
0.0119663
0.011158
0.0151777
0.0151174
0.0150898
0.0150295
0.0148842
0.0146318
0.0142418
0.0136303
0.0168195
0.0167283
0.0166701
0.0166037
0.0164856
0.0162902
0.0159862
0.0155148
0.0180841
0.0179713
0.0178868
0.0178068
0.0176979
0.0175376
0.0172993
0.0169425
0.019036
0.0189101
0.0188082
0.0187179
0.0186155
0.0184815
0.0182928
0.0180213
0.0197453
0.0196136
0.0195023
0.0194051
0.0193045
0.0191851
0.0190296
0.0188205
0.0202621
0.020128
0.0200115
0.0199096
0.0198102
0.0197011
0.0195706
0.0194071
0.0206288
0.0204945
0.0203756
0.0202706
0.0201718
0.0200691
0.0199551
0.0198219
0.0208724
0.020742
0.0206239
0.0205181
0.0204197
0.0203217
0.0202186
0.0201059
0.0210195
0.020896
0.0207813
0.0206767
0.0205791
0.020484
0.0203872
0.0202862
0.0210847
0.020968
0.0208564
0.0207523
0.0206543
0.0205599
0.0204657
0.02037
0.0659759
0.0695034
0.0727138
0.0749268
0.0753654
0.0738791
0.070344
0.0642125
0.0544592
0.0396083
0.0176384
-0.0142469
-0.0606216
-0.124982
-0.182947
0.0437195
0.0451192
0.0446562
0.0426139
0.0389347
0.033314
0.0252387
0.0138957
-0.00186959
-0.0236247
-0.0535098
-0.094297
-0.150406
-0.226477
-0.288339
0.0217438
0.0206865
0.0164651
0.0105342
0.0032018
-0.00611466
-0.0182697
-0.0342419
-0.0552465
-0.0829087
-0.119503
-0.167891
-0.231403
-0.316271
-0.376118
-0.000360268
-0.00431792
-0.011693
-0.02057
-0.0308464
-0.0433613
-0.0590774
-0.0789989
-0.104348
-0.136733
-0.178567
-0.232896
-0.302216
-0.387883
-0.444348
-0.0231882
-0.0298665
-0.0393542
-0.0501698
-0.0626783
-0.0778262
-0.0964231
-0.119472
-0.148149
-0.183942
-0.22932
-0.287395
-0.358867
-0.441067
-0.491879
-0.0453148
-0.05457
-0.065547
-0.077776
-0.0920468
-0.109285
-0.129928
-0.155196
-0.186033
-0.224002
-0.271247
-0.330023
-0.400227
-0.475696
-0.519
-0.0664371
-0.0775598
-0.0894977
-0.102908
-0.118664
-0.137394
-0.159631
-0.186147
-0.217987
-0.256561
-0.30359
-0.360488
-0.426203
-0.491674
-0.527587
-0.0868558
-0.0983697
-0.111167
-0.125782
-0.142707
-0.162423
-0.185439
-0.212391
-0.244182
-0.281948
-0.32696
-0.37973
-0.437651
-0.490213
-0.520483
0.191301
0.206085
0.222594
0.241269
0.262174
0.285198
0.310236
0.33724
0.366131
0.396651
0.428206
0.459613
0.488862
0.511922
0.530847
0.1893
0.203287
0.219033
0.237056
0.257314
0.279549
0.303588
0.329374
0.35683
0.385667
0.415223
0.44422
0.470526
0.490165
0.505726
0.183177
0.195555
0.209926
0.226762
0.245778
0.266488
0.288604
0.312025
0.336631
0.362068
0.38757
0.411728
0.432181
0.445106
0.454317
0.172916
0.183107
0.19563
0.210723
0.227772
0.246118
0.265411
0.285493
0.306139
0.326838
0.346628
0.363889
0.375933
0.378988
0.379514
0.158578
0.166262
0.176841
0.190044
0.204677
0.219885
0.235355
0.250982
0.266491
0.281203
0.293903
0.302691
0.304491
0.295343
0.284904
0.140503
0.145174
0.153598
0.164748
0.176745
0.188525
0.199768
0.210352
0.219918
0.227634
0.232076
0.231085
0.221199
0.198257
0.174829
0.119003
0.121431
0.127959
0.136417
0.144871
0.152511
0.159089
0.164346
0.167669
0.167985
0.163643
0.15223
0.129943
0.0926128
0.0557496
0.0939167
0.095294
0.100898
0.106665
0.111159
0.114114
0.115533
0.115054
0.111817
0.104501
0.0912221
0.0693026
0.0345512
-0.0169298
-0.0660176
0.0310292
0.0355296
0.0317852
0.035744
0.0332881
0.0375838
0.0358366
0.0402222
0.0395442
0.0440526
0.0448318
0.0496014
0.052143
0.0578013
0.0624471
0.0697397
0.077208
0.0871758
0.0983093
0.112354
0.128375
0.148039
0.170669
0.0310782
0.0355489
0.0318523
0.0357667
0.0333725
0.0376183
0.0359456
0.0402939
0.0397212
0.044161
0.0450328
0.0497555
0.0523908
0.0581146
0.0627523
0.0701163
0.0775555
0.0875333
0.0985586
0.112551
0.128218
0.147644
0.169597
0.0311371
0.0355425
0.0319371
0.0357596
0.0334855
0.0376176
0.0360854
0.0403272
0.0398939
0.0442298
0.0452671
0.0498499
0.0526483
0.0582345
0.0629787
0.0703117
0.077687
0.0876343
0.0982961
0.112039
0.12694
0.145587
0.165732
0.0312048
0.0355122
0.0320371
0.0357258
0.0336176
0.037587
0.0362495
0.0403273
0.0400965
0.0442869
0.0455204
0.0499953
0.0529763
0.0585463
0.063255
0.0706977
0.0777747
0.0877232
0.0977402
0.111015
0.124535
0.141707
0.158867
0.0312804
0.0354611
0.0321476
0.0356691
0.033766
0.0375347
0.0364332
0.040298
0.0403114
0.0443024
0.0457642
0.0499691
0.0531948
0.0583565
0.063312
0.0705911
0.0773983
0.0869848
0.0963434
0.108764
0.120647
0.135758
0.148808
0.0313571
0.0353923
0.0322694
0.0355943
0.0339244
0.0374716
0.0366283
0.0402635
0.0405567
0.0443647
0.0460762
0.050246
0.0536617
0.0592379
0.063642
0.0710969
0.0773925
0.0869596
0.0951476
0.106648
0.115937
0.128209
0.136008
0.0314562
0.0353079
0.0323925
0.035509
0.0340851
0.037389
0.036823
0.0402
0.0407541
0.0443409
0.0462493
0.0500031
0.0537905
0.0588235
0.0634296
0.0704063
0.0764477
0.0851231
0.0925416
0.102324
0.109555
0.118113
0.120253
0.03154
0.0352147
0.0325143
0.0354218
0.0342591
0.0373384
0.0370299
0.0402137
0.0410619
0.0445127
0.0467153
0.0508415
0.0543185
0.0596327
0.0640471
0.071315
0.0766635
0.0854227
0.0909077
0.0994974
0.102378
0.106668
0.100673
0.0316421
0.0350811
0.0326733
0.0352687
0.0344347
0.0371705
0.0372293
0.0400166
0.0411787
0.0443559
0.0466988
0.0503142
0.0540273
0.0586076
0.0630811
0.0690895
0.074022
0.0803875
0.0848921
0.0892567
0.0896224
0.0864043
0.0750059
0.0317767
0.0348834
0.0328747
0.0350479
0.0346353
0.0368865
0.0373873
0.0396325
0.0411654
0.04376
0.0463097
0.0494398
0.0530186
0.0567594
0.0608716
0.0653735
0.0694308
0.073217
0.0760123
0.0764447
0.0745691
0.0680408
0.0585962
0.0319423
0.0346204
0.0331075
0.0347654
0.0348592
0.0365125
0.037549
0.0392168
0.0410923
0.0432188
0.0458334
0.0484582
0.0517686
0.0547436
0.0583156
0.0614222
0.0644037
0.0661235
0.0670473
0.0653779
0.0615427
0.0545591
0.0454282
0.0321404
0.034284
0.0333726
0.0344296
0.0350776
0.0361837
0.037585
0.0388576
0.040904
0.0425859
0.0451488
0.0473507
0.0501908
0.0525212
0.0553208
0.0572289
0.0590177
0.0592173
0.058503
0.0556374
0.050703
0.0435921
0.0347701
0.0323744
0.0338666
0.0336401
0.0341439
0.0351911
0.0359098
0.0375099
0.0385027
0.0405537
0.0419236
0.0442244
0.0461056
0.0482903
0.0500689
0.0520141
0.0528645
0.0535444
0.0526571
0.0507387
0.0472304
0.0419678
0.0351024
0.0268486
0.0326415
0.03342
0.0338142
0.0339299
0.0352267
0.035661
0.0373131
0.0381282
0.0400324
0.0411703
0.0430953
0.0446895
0.0461814
0.0473854
0.0485466
0.0484989
0.0482339
0.046634
0.0440382
0.0402193
0.0350737
0.0286672
0.0210997
0.032902
0.0330131
0.0338718
0.0337709
0.0351662
0.035433
0.0369858
0.0377216
0.0393477
0.0403011
0.0418091
0.0430768
0.0439312
0.0445494
0.0450354
0.0443248
0.0433268
0.0413025
0.0384361
0.0345721
0.0297598
0.0239844
0.0172631
0.0331265
0.0326572
0.0338385
0.0336453
0.0349961
0.0352109
0.0365351
0.0372409
0.0385363
0.0392991
0.040396
0.0412857
0.0416049
0.0417073
0.0416157
0.0404803
0.0389962
0.0367443
0.0338735
0.0302039
0.0258582
0.020814
0.0150278
0.0332835
0.0323762
0.0337005
0.0335361
0.0347184
0.0349657
0.0359927
0.0366633
0.0376268
0.0381667
0.0388846
0.0393844
0.0392792
0.0389679
0.0384251
0.0370444
0.0353025
0.0329971
0.0302858
0.0269786
0.0231818
0.0188871
0.0140254
0.0333563
0.0321813
0.0334566
0.0334232
0.0343534
0.0346596
0.0353914
0.0359737
0.0366365
0.0369344
0.0373123
0.0374515
0.0370269
0.0364185
0.0355626
0.034069
0.032259
0.0300459
0.0275817
0.02471
0.0214936
0.0179193
0.0139114
0.0333314
0.0320679
0.0331246
0.0332739
0.0339399
0.0342673
0.0347474
0.0351814
0.035581
0.0356435
0.0357256
0.0355647
0.0349244
0.0341248
0.0330845
0.0315794
0.0298323
0.027812
0.0256418
0.023212
0.0205551
0.0176409
0.0143904
0.0332037
0.0320185
0.0327374
0.0330329
0.0335003
0.0337886
0.0340699
0.0343175
0.034482
0.0343399
0.0341794
0.0337969
0.0330249
0.0321222
0.0310077
0.0295642
0.0279577
0.0261834
0.0243263
0.0223091
0.0201495
0.0178078
0.0152031
0.0329786
0.0320026
0.0323518
0.0326698
0.0330263
0.0332424
0.0333646
0.0334232
0.0333743
0.0330688
0.0327271
0.032195
0.0313575
0.0304233
0.0293176
0.0279854
0.0265587
0.0250447
0.0234923
0.0218402
0.0200982
0.0182285
0.0161542
0.0326722
0.0319628
0.0320137
0.0322097
0.0324907
0.0326307
0.0326336
0.0325336
0.0323019
0.0318704
0.0314045
0.0307889
0.0299407
0.0290233
0.0279771
0.0267847
0.0255538
0.0242913
0.0230165
0.0216747
0.0202723
0.0187822
0.0171402
0.0323097
0.0318292
0.0317127
0.0317664
0.0319174
0.0319579
0.0318755
0.0316646
0.0312991
0.0307759
0.0302332
0.0295888
0.0287707
0.0278975
0.0269321
0.025887
0.0248509
0.0238229
0.0227944
0.0217122
0.0205815
0.0193913
0.0180949
0.0319179
0.0316003
0.0314254
0.0313419
0.0313333
0.0312669
0.0311073
0.0308204
0.0303776
0.0298045
0.0292257
0.0285937
0.0278346
0.0270198
0.026136
0.0252249
0.0243655
0.0235456
0.022731
0.0218649
0.0209494
0.0199897
0.0189615
0.0315178
0.0312964
0.031104
0.0309234
0.0307743
0.0306025
0.0303651
0.0300242
0.0295477
0.0289608
0.0283788
0.027784
0.0270999
0.026354
0.0255495
0.0247521
0.0240369
0.0233859
0.0227479
0.0220612
0.0213217
0.0205439
0.0197256
0.0311242
0.0309523
0.0307453
0.0305036
0.0302574
0.0299948
0.0296821
0.0292994
0.028816
0.0282407
0.0276765
0.0271292
0.0265232
0.0258543
0.0251332
0.0244329
0.0238261
0.0232977
0.0227935
0.0222517
0.0216603
0.0210336
0.0203815
0.0307433
0.0305888
0.0303692
0.0300937
0.0297898
0.0294571
0.029081
0.0286687
0.0281928
0.0276425
0.0271057
0.0266071
0.0260763
0.0254854
0.0248454
0.0242271
0.0236991
0.0232526
0.0228402
0.0224073
0.0219384
0.0214404
0.020925
0.0303894
0.0302421
0.0300077
0.0297064
0.0293714
0.0290009
0.0285797
0.0281431
0.0276792
0.0271602
0.0266517
0.0261948
0.0257335
0.0252189
0.0246562
0.0241081
0.0236378
0.023245
0.0228936
0.0225397
0.0221651
0.0217694
0.0213607
0.0300808
0.0299373
0.0296922
0.0293696
0.0290152
0.0286287
0.0281878
0.0277307
0.0272697
0.02678
0.0263005
0.0258721
0.0254599
0.0250133
0.0245267
0.0240464
0.0236233
0.0232678
0.0229585
0.0226623
0.0223578
0.0220394
0.021713
0.0298409
0.0296967
0.029449
0.0291135
0.0287404
0.0283494
0.027914
0.0274467
0.0269808
0.0265199
0.0260746
0.0256647
0.0252792
0.0248833
0.0244597
0.0240298
0.0236314
0.0232868
0.022992
0.0227257
0.0224662
0.0222018
0.0219335
0.029711
0.0295674
0.029314
0.0289671
0.0285797
0.0281826
0.0277496
0.0272792
0.026814
0.02637
0.0259447
0.0255453
0.0251716
0.0248031
0.0244192
0.0240266
0.0236534
0.0233245
0.0230434
0.0227956
0.0225618
0.0223303
0.0221014
0.0601587
0.0407649
0.017961
-0.00177896
-0.0210691
-0.0401137
-0.0588904
-0.0748272
0.0483476
0.0308258
0.00830299
-0.0105999
-0.0252707
-0.0383676
-0.0513894
-0.062353
0.0375058
0.0238294
0.00459917
-0.0114472
-0.0218518
-0.0307094
-0.0401331
-0.0489245
0.0275914
0.0171116
0.00180199
-0.0112127
-0.019248
-0.0256942
-0.0322228
-0.0382953
0.0197864
0.0113864
0.000573182
-0.00871776
-0.0147851
-0.0195302
-0.0240488
-0.0283257
0.0144206
0.00765044
0.000440639
-0.00576214
-0.0102587
-0.0138946
-0.0171543
-0.0201002
0.0112269
0.00590272
0.00129429
-0.00260224
-0.00576027
-0.00850173
-0.0108848
-0.0128687
0.00977416
0.00567878
0.00287278
0.000594929
-0.00150033
-0.00348431
-0.00519267
-0.00649557
0.00959362
0.0064995
0.00490016
0.00370662
0.00240389
0.00101408
-0.000215373
-0.00110433
0.010263
0.00795814
0.00713925
0.0066403
0.00590184
0.0049671
0.00409638
0.00348843
0.0114474
0.00975185
0.00941825
0.00934209
0.00898848
0.00839404
0.00779424
0.00737723
0.0128677
0.0116331
0.0115841
0.0117572
0.0116609
0.011306
0.0108887
0.0105797
0.0143169
0.0134189
0.0135184
0.0138309
0.0139168
0.0137387
0.0134496
0.0132051
0.0157123
0.0150666
0.0152353
0.0155933
0.0157715
0.0157097
0.0155143
0.0153137
0.0169943
0.0165331
0.0167178
0.0170584
0.0172604
0.0172621
0.0171298
0.0169611
0.0181206
0.0177956
0.0179686
0.0182612
0.0184468
0.0184711
0.0183745
0.0182279
0.0190841
0.0188541
0.0190003
0.0192333
0.0193816
0.019401
0.0193168
0.0191809
0.0198882
0.0197178
0.0198265
0.0199977
0.0201025
0.020105
0.0200211
0.0198897
0.0205422
0.0204055
0.02047
0.0205803
0.0206414
0.0206234
0.0205351
0.0204052
0.0210576
0.0209366
0.0209553
0.0210083
0.0210284
0.0209903
0.0208974
0.0207693
0.0214655
0.0213442
0.0213124
0.0213078
0.0212863
0.0212277
0.0211306
0.0210067
0.0217268
0.021609
0.0215444
0.0214975
0.0214423
0.0213655
0.0212645
0.0211457
0.0219162
0.0217858
0.0216812
0.0215922
0.0215068
0.0214157
0.0213139
0.0212021
-0.593034
-0.600853
-0.612728
-0.629606
-0.651652
-0.67729
-0.701521
-0.718302
-0.589126
-0.595697
-0.606154
-0.620471
-0.637701
-0.656929
-0.675454
-0.687358
-0.586873
-0.591029
-0.598549
-0.608891
-0.620691
-0.631294
-0.637064
-0.6339
-0.586647
-0.586566
-0.588652
-0.591425
-0.593397
-0.592333
-0.58552
-0.570446
-0.587369
-0.580345
-0.573555
-0.566088
-0.557448
-0.54654
-0.531317
-0.509469
-0.585027
-0.568551
-0.551567
-0.534573
-0.517971
-0.500731
-0.480638
-0.455176
-0.574609
-0.548338
-0.522744
-0.499303
-0.478109
-0.457465
-0.434859
-0.407768
-0.552644
-0.518903
-0.488363
-0.462128
-0.439149
-0.417187
-0.393661
-0.366187
-0.51845
-0.481574
-0.450357
-0.424316
-0.401556
-0.379708
-0.356362
-0.329379
-0.474303
-0.439156
-0.410614
-0.386754
-0.365539
-0.344772
-0.322409
-0.296533
-0.4243
-0.394446
-0.370593
-0.350087
-0.331209
-0.312211
-0.291347
-0.267042
-0.372025
-0.34964
-0.331392
-0.314749
-0.29869
-0.281844
-0.262859
-0.240437
-0.320784
-0.30613
-0.293583
-0.281104
-0.267971
-0.253573
-0.23668
-0.216429
-0.270454
-0.264183
-0.257626
-0.249382
-0.239258
-0.227293
-0.212614
-0.194701
-0.222271
-0.225584
-0.223618
-0.219891
-0.212197
-0.202418
-0.189982
-0.174699
-0.435928
-0.461757
-0.491365
-0.520876
-0.546568
-0.56599
-0.578899
-0.586857
-0.439727
-0.466952
-0.497338
-0.526365
-0.550619
-0.567976
-0.578586
-0.58448
-0.442759
-0.47221
-0.505394
-0.53534
-0.559215
-0.5749
-0.582643
-0.585143
-0.447512
-0.480495
-0.516366
-0.548788
-0.572705
-0.586498
-0.59072
-0.588685
-0.454211
-0.491174
-0.530251
-0.566216
-0.590019
-0.601643
-0.601422
-0.594861
-0.462376
-0.503345
-0.546543
-0.584543
-0.608675
-0.617623
-0.612767
-0.600201
-0.471216
-0.515217
-0.561702
-0.601499
-0.625667
-0.630248
-0.619443
-0.599154
-0.479699
-0.524373
-0.571898
-0.611523
-0.632741
-0.632666
-0.614881
-0.586095
-0.486827
-0.528168
-0.572773
-0.608974
-0.62493
-0.618681
-0.593819
-0.557806
-0.492119
-0.52453
-0.560704
-0.589221
-0.59713
-0.583979
-0.553876
-0.51459
-0.495889
-0.512672
-0.534001
-0.549746
-0.547444
-0.529104
-0.497939
-0.460395
-0.498978
-0.49327
-0.493347
-0.49357
-0.480258
-0.458722
-0.431289
-0.400407
-0.502436
-0.468461
-0.439229
-0.411463
-0.39513
-0.378335
-0.36098
-0.339856
-0.507056
-0.44163
-0.383528
-0.355492
-0.312555
-0.298054
-0.292171
-0.282319
-0.510657
-0.411432
-0.312092
-0.222916
-0.216536
-0.220786
-0.226758
-0.227879
-0.529252
-0.399475
-0.265091
-0.160967
-0.109411
-0.125468
-0.144682
-0.170048
-0.510552
-0.36771
-0.21447
-0.0901025
-0.0191607
-0.0223526
-0.057357
-0.0991716
-0.381644
-0.278418
-0.169924
-0.0486601
0.0506122
0.0793841
0.0433803
-0.0220638
-0.274994
-0.237996
-0.181662
-0.0797634
0.0487328
0.134441
0.1438
0.0703895
-0.216442
-0.213109
-0.189377
-0.130278
-0.0381642
0.0478949
0.114618
0.10405
-0.207395
-0.226021
-0.224418
-0.201883
-0.155373
-0.0991256
-0.0313827
0.0296024
-0.240196
-0.2732
-0.288527
-0.288323
-0.267973
-0.224715
-0.171285
-0.0857351
-0.255295
-0.309644
-0.322982
-0.319214
-0.29943
-0.261025
-0.220334
-0.148726
-0.217167
-0.246007
-0.260567
-0.259911
-0.245417
-0.218308
-0.1958
-0.149069
-0.156185
-0.167908
-0.175074
-0.177604
-0.173561
-0.161545
-0.150518
-0.124719
-0.131741
-0.13273
-0.13135
-0.129153
-0.124597
-0.117981
-0.114027
-0.103839
-0.11821
-0.11799
-0.11671
-0.113035
-0.10715
-0.100367
-0.0950378
-0.0901287
-0.0953336
-0.0943062
-0.0973099
-0.101408
-0.102593
-0.0976479
-0.087047
-0.0741393
-0.0922998
-0.0878936
-0.0871009
-0.0893636
-0.0928193
-0.0955925
-0.0959748
-0.0904232
-0.11476
-0.110178
-0.107675
-0.10809
-0.112097
-0.116488
-0.120017
-0.119222
-0.132526
-0.128863
-0.125406
-0.12343
-0.123086
-0.125478
-0.126162
-0.129879
-0.121882
-0.117962
-0.113761
-0.1108
-0.107413
-0.107365
-0.104597
-0.106546
-0.0926761
-0.0865184
-0.0800933
-0.0744189
-0.0696911
-0.0672871
-0.0654352
-0.0667275
-0.0855584
-0.0748213
-0.0639099
-0.0538246
-0.0465362
-0.0417624
-0.0392663
-0.0379764
-0.110534
-0.100981
-0.0873044
-0.0567298
-0.0523018
-0.0473503
-0.04566
-0.0409276
-0.120508
-0.109329
-0.0970101
-0.083937
-0.0722398
-0.061135
-0.0514803
-0.0430412
-0.115611
-0.113762
-0.109091
-0.101414
-0.0913251
-0.0788027
-0.0631446
-0.0475405
-0.139938
-0.149801
-0.155914
-0.157411
-0.15383
-0.145388
-0.132366
-0.1153
-0.166073
-0.182129
-0.194443
-0.204761
-0.205563
-0.201268
-0.192728
-0.180771
-0.14366
-0.1488
-0.150187
-0.149584
-0.146097
-0.141734
-0.133593
-0.126067
-0.0909918
-0.0769341
-0.0628507
-0.0506784
-0.040972
-0.0345997
-0.030328
-0.0305295
-0.0918582
-0.0737717
-0.0552309
-0.0379008
-0.0222156
-0.00936145
0.000888748
0.0114539
-0.0816249
-0.0741042
-0.0655064
-0.0564198
-0.0472353
-0.0382381
-0.0292298
-0.0205168
-0.0646319
-0.0666768
-0.0673457
-0.0664718
-0.064132
-0.0604589
-0.0557197
-0.0498165
-0.0442798
-0.0435738
-0.0425662
-0.0413686
-0.039797
-0.0381322
-0.0358215
-0.0338004
-0.00603916
-0.00375397
-0.00188497
-0.000567745
0.000222062
0.000413086
0.000142685
-0.000650275
0.000403711
0.0027623
0.00473923
0.0062982
0.00745299
0.00821099
0.00864717
0.00881186
-0.0080257
-0.0069409
-0.00586847
-0.00480576
-0.00373298
-0.00263801
-0.00152926
-0.000371727
-0.0134115
-0.012611
-0.011855
-0.0111536
-0.0105169
-0.00995213
-0.00946373
-0.00904664
-0.00439923
-0.00421998
-0.00431682
-0.00471371
-0.00540206
-0.00635433
-0.00751499
-0.00881743
0.0166866
0.0157554
0.0146248
0.0132921
0.0117712
0.0100974
0.00831463
0.00646931
0.0149972
0.0150139
0.0149281
0.0147469
0.014498
0.0142286
0.0139891
0.0138241
0.000608065
0.00100407
0.0014399
0.00190978
0.00241176
0.0029487
0.00353021
0.00416785
-0.155383
-0.130121
-0.106737
-0.0853091
-0.0680232
-0.0531448
-0.040045
-0.0294459
-0.0207181
-0.0134622
-0.00753998
-0.00261706
0.00138647
0.00461266
0.00724908
0.00935508
0.0110299
0.0123459
0.0133589
0.0141226
0.0146707
0.0150229
0.0152046
-0.107436
-0.091362
-0.0836422
-0.072958
-0.0620028
-0.0504032
-0.0396058
-0.030082
-0.0217248
-0.0145894
-0.00856254
-0.00350483
0.00062988
0.00402129
0.00678407
0.0089937
0.0107553
0.0121352
0.0131952
0.0139895
0.0145561
0.0149197
0.0151056
-0.0350119
-0.0370048
-0.0464521
-0.0479711
-0.046336
-0.0410089
-0.0343648
-0.02715
-0.0201907
-0.0138382
-0.00819075
-0.00338923
0.000625503
0.00396407
0.00668733
0.0088853
0.0106442
0.0120245
0.0130875
0.0138847
0.0144539
0.0148195
0.015006
0.0430631
0.0149966
-0.0100545
-0.022799
-0.0290703
-0.0294413
-0.0266335
-0.0220561
-0.0168745
-0.0116355
-0.0067464
-0.00246584
0.00122944
0.00433835
0.00689773
0.00898805
0.0106706
0.0119997
0.0130293
0.0138043
0.0143603
0.01472
0.0149037
0.0926756
0.0461928
0.0147371
-0.00419131
-0.0150965
-0.0190411
-0.0187943
-0.0163434
-0.0127282
-0.008638
-0.00464621
-0.000991337
0.00224261
0.00499742
0.00731146
0.00922796
0.0107864
0.0120306
0.0130025
0.0137405
0.0142747
0.0146223
0.0148013
0.0444073
0.0281797
0.0133433
0.000903659
-0.007566
-0.011566
-0.0123673
-0.0110076
-0.0084852
-0.0054215
-0.00230039
0.000713312
0.00344258
0.00580862
0.00784315
0.00955336
0.0109642
0.0121053
0.0130057
0.0136953
0.0141973
0.0145278
0.0146988
-0.0448064
-0.020825
-0.0103139
-0.00790798
-0.00811855
-0.00859277
-0.00791592
-0.00649167
-0.00448654
-0.00213824
0.000268918
0.00263753
0.00481628
0.00677117
0.00849018
0.00996231
0.0112043
0.0122235
0.0130385
0.0136701
0.014134
0.0144412
0.0146009
-0.0975848
-0.057277
-0.0327298
-0.0195024
-0.01172
-0.00792678
-0.00472843
-0.00275064
-0.000803427
0.00101819
0.00280997
0.00457636
0.00624481
0.00780244
0.00920094
0.0104296
0.0114924
0.0123795
0.0131002
0.0136649
0.0140819
0.0143614
0.0145065
-0.110386
-0.0686256
-0.0440012
-0.0253375
-0.0142669
-0.00682888
-0.00203149
0.000516763
0.00257967
0.00402269
0.0052969
0.00652814
0.00771168
0.00886646
0.0099446
0.0109297
0.0118038
0.0125509
0.0131719
0.0136668
0.0140374
0.0142873
0.0144175
-0.0946115
-0.061621
-0.0424516
-0.0228535
-0.012911
-0.00346634
0.00150202
0.00442262
0.00631739
0.0071783
0.00787481
0.00853712
0.00921899
0.00994543
0.0106899
0.0114307
0.0121189
0.0127273
0.0132472
0.0136706
0.0139929
0.0142137
0.0143294
-0.0823119
-0.0580364
-0.0393099
-0.0186263
-0.00836943
0.00277195
0.00662576
0.00952528
0.0104816
0.0105254
0.0105535
0.0105822
0.0107522
0.0110568
0.0114683
0.0119505
0.0124481
0.0129147
0.0133313
0.0136812
0.0139535
0.014143
0.0142437
-0.0743533
-0.0527649
-0.03637
-0.013222
-0.00279318
0.0104058
0.0130263
0.0158981
0.0151698
0.0142971
0.0134731
0.0128096
0.0124043
0.0122481
0.0123119
0.0125258
0.0128199
0.0131345
0.0134374
0.0137051
0.0139204
0.0140739
0.014157
-0.0616673
-0.042144
-0.0228031
-0.00166966
0.0108547
0.0209001
0.0222193
0.0231534
0.0205506
0.0184701
0.0164931
0.0150115
0.0140243
0.0134548
0.0131873
0.0131361
0.0132243
0.0133823
0.0135682
0.0137483
0.0138988
0.0140114
0.0140732
-0.08069
-0.0643195
-0.0290375
0.00281931
0.0293299
0.0368842
0.0357786
0.0314739
0.0261412
0.0222811
0.0191899
0.0170232
0.0155295
0.0145898
0.0140304
0.0137439
0.0136359
0.0136341
0.0136983
0.0137902
0.0138782
0.013949
0.0139894
-0.105901
-0.0974375
-0.0574251
-0.0108904
0.0334158
0.0413049
0.0419698
0.0368402
0.030314
0.0251981
0.0212555
0.0186174
0.0168188
0.0156005
0.0148011
0.0143045
0.0140224
0.0138826
0.0138346
0.0138382
0.0138608
0.0138898
0.0139078
-0.116361
-0.108837
-0.0713474
-0.0208014
0.0204867
0.0347704
0.036443
0.0336893
0.0294342
0.0253639
0.0220148
0.0195567
0.0177335
0.0164376
0.0154917
0.014833
0.0143956
0.0141206
0.0139592
0.0138774
0.0138399
0.0138261
0.0138233
-0.0980747
-0.0859224
-0.0596813
-0.0246573
0.00528768
0.0202759
0.0256649
0.0261956
0.0249175
0.023096
0.021385
0.0197874
0.0183257
0.0170792
0.0160694
0.0153139
0.0147574
0.0143655
0.014098
0.0139265
0.0138203
0.0137616
0.0137351
-0.0668335
-0.0600928
-0.0478878
-0.0332927
-0.0144856
0.00223281
0.0135867
0.0184167
0.0201797
0.0204513
0.0201209
0.0193673
0.0184758
0.0174651
0.0165203
0.0157059
0.0150554
0.0145617
0.0142013
0.0139528
0.0137877
0.0136856
0.0136374
-0.0406425
-0.0406349
-0.0407588
-0.0362665
-0.0224353
-0.00272478
0.00871886
0.0158178
0.0182759
0.0195804
0.0196135
0.0191243
0.0184634
0.0176512
0.0168074
0.0160014
0.0152988
0.0147265
0.0142866
0.0139646
0.0137408
0.0135995
0.013529
-0.0428917
-0.0297642
-0.0301213
-0.0206231
-0.0105261
0.00415598
0.011244
0.0176336
0.0190955
0.0202183
0.0199972
0.0196084
0.0189823
0.0180805
0.0171299
0.0162348
0.0154675
0.0148305
0.0143264
0.0139454
0.0136749
0.0134974
0.0134067
-0.035931
-0.0229155
-0.0146202
-0.00125451
0.00479042
0.0133795
0.0164358
0.020062
0.019569
0.0203501
0.019701
0.0196225
0.0190921
0.0182996
0.0173623
0.0164291
0.0155988
0.0148942
0.0143316
0.0138976
0.0135818
0.0133731
0.0132656
-0.0373975
-0.017892
0.000188682
0.0173714
0.0267727
0.0291623
0.0288476
0.0266461
0.0243567
0.0227003
0.0210297
0.0202505
0.0191958
0.0182924
0.0173403
0.0164454
0.0156107
0.0148825
0.0142801
0.0138057
0.0134555
0.0132228
0.0131004
-0.0989546
-0.0727236
-0.0355041
-0.000790106
0.0282845
0.0327626
0.0355093
0.0277568
0.028547
0.0252521
0.0226583
0.0209624
0.019643
0.0185477
0.0173811
0.0163875
0.0155114
0.0147672
0.0141503
0.0136578
0.0132869
0.013033
0.0129004
-0.15676
-0.128563
-0.08261
-0.0346912
0.0083464
0.0151651
0.0226009
0.0227825
0.023468
0.0221736
0.0209259
0.0200207
0.0192627
0.0183638
0.0173035
0.0162869
0.015375
0.0146031
0.0139664
0.0134619
0.0130703
0.0128097
0.0126669
-0.110105
-0.0882671
-0.0531955
-0.0160769
0.012399
0.0218637
0.0229411
0.0224438
0.0218988
0.0208249
0.0197818
0.0191155
0.0183701
0.0175162
0.0166636
0.0158219
0.015031
0.0143051
0.013684
0.0131856
0.0128007
0.012533
0.0123872
-0.0302074
-0.0159961
-0.000188864
0.0121015
0.0200501
0.0226211
0.0232439
0.0233825
0.0225362
0.0212617
0.0195792
0.0184892
0.0177377
0.0170156
0.0161787
0.0153229
0.0145492
0.0138782
0.013307
0.0128431
0.0124647
0.0122094
0.0120625
0.00487444
0.0111492
0.0113971
0.01495
0.017442
0.0200968
0.0218083
0.0229457
0.0218691
0.019818
0.0171282
0.0163161
0.0163559
0.0162637
0.0156648
0.0148655
0.0140627
0.0133845
0.0128314
0.0123978
0.0120573
0.0118144
0.0116741
-0.0143892
-0.00560352
0.00345786
0.0138868
0.0230911
0.0297795
0.0324858
0.0304538
0.0263881
0.0216265
0.0177037
0.0155208
0.0149474
0.0146371
0.014217
0.0137511
0.0132255
0.0127154
0.0122592
0.0118869
0.0115847
0.0113597
0.0112283
-0.041304
-0.0313963
-0.0186456
-0.00628308
0.00833922
0.0164014
0.0211967
0.0221079
0.0219281
0.0198506
0.0156917
0.0133494
0.0127065
0.0127975
0.0127157
0.012466
0.0121354
0.0118268
0.0115287
0.0112729
0.0110241
0.0108221
0.0106974
-0.0297425
-0.0251999
-0.0193417
-0.0140534
-0.00942881
-0.00691652
-0.00621723
-0.00451572
-0.00021311
0.00325338
0.00515014
0.00722532
0.00949635
0.0109429
0.0113485
0.0113216
0.0111556
0.0109396
0.010745
0.0106142
0.0104215
0.0102346
0.0101186
-0.00186299
-0.00228799
-0.00363663
-0.00621266
-0.00953656
-0.0135163
-0.0173814
-0.0165628
-0.0107173
-0.00440092
0.000310247
0.00399542
0.00685122
0.00880613
0.00985734
0.0102433
0.0102985
0.0101978
0.0100418
0.00989901
0.00971113
0.00954251
0.00943273
0.0084001
0.00792443
0.00731112
0.00707453
0.00723711
0.00770321
0.00794276
0.00765383
0.00662929
0.00472792
0.00304457
0.00323051
0.00543276
0.00765622
0.00884908
0.00921415
0.00933369
0.0093232
0.00926583
0.00916902
0.00899854
0.00881721
0.00869746
0.00121109
0.00147316
0.00338187
0.00509282
0.006659
0.00786951
0.00846418
0.00791087
0.00646058
0.00425558
0.00180444
0.0012813
0.00318586
0.00546876
0.007078
0.00792223
0.00827218
0.00834639
0.00830237
0.00826429
0.00812086
0.00797114
0.00783938
-0.00862275
-0.00856321
-0.00874399
-0.0093193
-0.0101322
-0.0110465
-0.0116371
-0.0113252
-0.00961466
-0.00752196
-0.00567432
-0.00318465
0.000521957
0.00419426
0.00654067
0.00748285
0.00771774
0.00761701
0.00744604
0.00738545
0.0072437
0.00704318
0.00687401
-0.0105265
-0.0127121
-0.0150442
-0.0174254
-0.0195783
-0.0211328
-0.0219546
-0.0210334
-0.0176802
-0.0133069
-0.0092736
-0.0051336
-0.000598857
0.00320176
0.0055103
0.00661016
0.00690098
0.00677261
0.00652091
0.00649139
0.0063078
0.00601088
0.00579238
0.0042297
0.00186748
-0.000251921
-0.00184733
-0.00276382
-0.00294042
-0.00280282
-0.00286434
-0.00327172
-0.00415268
-0.00554705
-0.00637288
-0.0042886
0.000703404
0.00502041
0.00706253
0.00712401
0.00650059
0.00568257
0.00548768
0.00507645
0.00469052
0.00447499
0.0138131
0.0142994
0.0152913
0.0167804
0.0184238
0.0197059
0.0199858
0.0185646
0.015158
0.010346
0.00503613
-0.00016455
-0.00220695
0.000276484
0.00316473
0.00477292
0.00504235
0.00479097
0.00427504
0.00405509
0.00369981
0.00325379
0.00301118
0.00499085
0.00601695
0.00716159
0.00836928
0.00943858
0.0101065
0.0101639
0.00934694
0.00758335
0.00529458
0.00291872
0.00074774
-0.000192051
0.000575076
0.00157498
0.00197146
0.00194945
0.00182579
0.00165377
0.00156735
0.00139967
0.00121058
0.00110921
-0.149381
-0.121003
-0.0955547
-0.0756602
-0.0587401
-0.0451914
-0.0337866
-0.0245433
-0.0169026
-0.01056
-0.00529199
-0.000895031
0.00273509
0.00574806
0.00821703
0.0102097
0.0118086
0.0130652
0.0140375
0.0147682
0.0152878
0.015618
0.0157822
-0.159421
-0.126268
-0.0983589
-0.0770379
-0.059627
-0.045455
-0.0336713
-0.0242807
-0.0165796
-0.0102447
-0.00501884
-0.000682209
0.00286997
0.00581587
0.008226
0.0101755
0.0117473
0.0129884
0.013954
0.0146832
0.0152052
0.0155403
0.0157085
-0.168236
-0.130447
-0.0998553
-0.0777793
-0.0600633
-0.0453772
-0.0334002
-0.0240142
-0.0162586
-0.00993061
-0.00473519
-0.000457051
0.00301767
0.00590521
0.00825553
0.0101605
0.0117015
0.0129227
0.0138779
0.0146036
0.0151271
0.0154657
0.0156375
-0.174367
-0.132804
-0.101779
-0.0798029
-0.0612547
-0.0455679
-0.0334409
-0.0239959
-0.0161129
-0.00975433
-0.00453286
-0.000291992
0.00313582
0.00598619
0.00828357
0.0101519
0.0116643
0.0128649
0.0138074
0.0145274
0.0150509
0.0153914
0.0155659
-0.178641
-0.133532
-0.103251
-0.0809421
-0.0613961
-0.045349
-0.033649
-0.0241174
-0.0161241
-0.00973285
-0.00447413
-0.000260687
0.00317663
0.00601634
0.00828323
0.0101343
0.0116264
0.012811
0.013742
0.0144556
0.0149773
0.0153177
0.015494
-0.175865
-0.133044
-0.105992
-0.08285
-0.0617934
-0.0458986
-0.0344306
-0.0244954
-0.0163791
-0.00989372
-0.00458955
-0.000364833
0.00313171
0.00596776
0.00823377
0.0100882
0.011573
0.012752
0.0136767
0.0143859
0.0149056
0.0152449
0.0154219
-0.172185
-0.131937
-0.106259
-0.082243
-0.0614919
-0.0469328
-0.0353618
-0.0250699
-0.0169516
-0.0103622
-0.00501082
-0.000688108
0.0029058
0.00577441
0.00809218
0.00997909
0.0114816
0.0126735
0.013604
0.0143161
0.0148364
0.0151751
0.0153524
-0.162016
-0.13413
-0.108963
-0.0839586
-0.064237
-0.0498416
-0.0372374
-0.0267071
-0.0183818
-0.0115133
-0.00595692
-0.00139851
0.0023486
0.00533705
0.00777783
0.00974602
0.0113109
0.012548
0.0135068
0.0142358
0.0147648
0.015107
0.0152852
0.0228705
-0.00389838
-0.0302126
-0.0573248
-0.0845016
-0.110279
-0.134028
-0.155891
0.0246846
-0.00486703
-0.0342352
-0.0646508
-0.0951272
-0.124128
-0.15056
-0.173843
0.025665
-0.00828887
-0.0419439
-0.0758076
-0.108911
-0.140064
-0.168279
-0.193465
0.0254056
-0.0133919
-0.0514387
-0.088602
-0.124211
-0.157499
-0.187801
-0.215258
0.0233871
-0.0199996
-0.0622949
-0.102927
-0.141412
-0.177247
-0.209989
-0.239737
0.0195142
-0.0284699
-0.075152
-0.119664
-0.161503
-0.200227
-0.235467
-0.267357
0.0136303
-0.0394109
-0.0909044
-0.139763
-0.185338
-0.227143
-0.264837
-0.298672
0.00515903
-0.053675
-0.110544
-0.164202
-0.2138
-0.258794
-0.298908
-0.334444
-0.00692155
-0.0724143
-0.135313
-0.194246
-0.248149
-0.296373
-0.338835
-0.375666
-0.0240712
-0.0971942
-0.166884
-0.231618
-0.290178
-0.341732
-0.38618
-0.423655
-0.0483204
-0.13018
-0.207592
-0.278729
-0.342114
-0.39711
-0.442977
-0.480029
-0.0825369
-0.174264
-0.260404
-0.338946
-0.407585
-0.465211
-0.511033
-0.545756
-0.131343
-0.234177
-0.32916
-0.414707
-0.487805
-0.546255
-0.589638
-0.618603
-0.19802
-0.313589
-0.419979
-0.509758
-0.581336
-0.634756
-0.669689
-0.686763
-0.260265
-0.382203
-0.487447
-0.574186
-0.640898
-0.687106
-0.713861
-0.723494
0.188972
0.182315
0.171446
0.156353
0.137178
0.114145
0.0879869
0.0575125
0.203582
0.195736
0.182923
0.165326
0.143336
0.117107
0.0881149
0.0563976
0.21999
0.211153
0.196729
0.177069
0.152829
0.124184
0.0929205
0.0600636
0.238572
0.228906
0.213084
0.191499
0.165039
0.133954
0.0997131
0.0638017
0.259366
0.248852
0.23155
0.207805
0.178652
0.144524
0.106429
0.0661705
0.282273
0.27077
0.251702
0.22537
0.192876
0.154959
0.112353
0.0670517
0.307212
0.294544
0.27335
0.243956
0.207466
0.165017
0.11735
0.066513
0.334138
0.320133
0.296426
0.26346
0.222332
0.174576
0.121183
0.0641775
0.362973
0.347446
0.320796
0.283665
0.237194
0.183248
0.123215
0.0591687
0.393462
0.376192
0.346087
0.304057
0.251378
0.19019
0.122368
0.0501674
0.425017
0.405724
0.371541
0.323686
0.263699
0.193997
0.116996
0.0353011
0.456456
0.434778
0.395762
0.340942
0.272281
0.192526
0.104684
0.0118678
0.485767
0.461231
0.416415
0.353159
0.274069
0.182331
0.0816338
-0.0243361
0.508897
0.481051
0.429606
0.356516
0.265059
0.159183
0.043564
-0.0773092
0.527895
0.496779
0.439016
0.35716
0.254616
0.135321
0.00547707
-0.12885
0.0309898
0.0309601
0.0309407
0.0309305
0.0309283
0.0309313
0.0309438
0.0309533
0.0354836
0.0354119
0.0353148
0.0351948
0.0350556
0.0348993
0.0347294
0.0345531
0.0317362
0.0317055
0.0316936
0.0316951
0.0317136
0.0317384
0.0317711
0.0318041
0.0356896
0.0356038
0.0354896
0.0353507
0.035192
0.0350197
0.0348391
0.0346578
0.0332291
0.0331949
0.0331878
0.0332033
0.0332563
0.0332862
0.0333299
0.0333817
0.0375116
0.0373993
0.0372532
0.0370796
0.0368865
0.036678
0.0364609
0.0362699
0.0357539
0.0356982
0.0356791
0.0356702
0.0356803
0.0357314
0.0357652
0.0358491
0.0401107
0.0399578
0.0397726
0.0395607
0.039326
0.0391034
0.0388546
0.0386929
0.0394355
0.039344
0.0392854
0.0392536
0.0392358
0.0392482
0.0392351
0.0392931
0.0438998
0.0436996
0.04347
0.0432228
0.0429435
0.0427046
0.0424028
0.0422811
0.0446396
0.0444565
0.0443017
0.0441746
0.0440523
0.0439907
0.0438551
0.0439035
0.0493912
0.0491325
0.0488541
0.0485778
0.0482247
0.0480007
0.0475731
0.0475401
0.0518652
0.0516001
0.051275
0.0509969
0.0506505
0.0504845
0.0500415
0.0500907
0.0574368
0.0570402
0.0565267
0.0561896
0.0554823
0.0554072
0.0545533
0.0546462
0.0620347
0.0617012
0.0610554
0.0606076
0.0598817
0.059555
0.058642
0.058384
0.0692343
0.0686449
0.0678423
0.0672764
0.0660579
0.0655158
0.0639665
0.0636608
0.0765685
0.0757413
0.0746457
0.0736604
0.0721257
0.0710042
0.0690551
0.0680289
0.0864043
0.0854761
0.0840022
0.0827416
0.0805686
0.0789439
0.0757862
0.0740446
0.097331
0.0958618
0.0936642
0.0913342
0.0881137
0.0850768
0.0809131
0.0771948
0.111182
0.109298
0.10654
0.103413
0.0990238
0.0945362
0.0883133
0.0823331
0.126958
0.124139
0.120027
0.114889
0.10821
0.100564
0.0916232
0.0811839
0.146371
0.142802
0.137419
0.130296
0.121028
0.110051
0.0967183
0.0816896
0.168669
0.163659
0.155673
0.144629
0.130377
0.1131
0.09317
0.0697088
0.0309615
0.03098
0.03102
0.0310821
0.03117
0.0312781
0.0313607
0.0313943
0.0313504
0.0312119
0.0309668
0.0306114
0.0301535
0.0296144
0.0290222
0.028407
0.0277948
0.0272029
0.0266418
0.0261284
0.0256889
0.025351
0.0251526
0.0343166
0.033991
0.0335904
0.0331045
0.0325263
0.0319248
0.0313487
0.0308138
0.0303411
0.0299419
0.0296137
0.0293415
0.0290964
0.0288209
0.0284525
0.027998
0.0274813
0.0269407
0.0264076
0.0259074
0.0254751
0.0251446
0.0249517
0.0318547
0.0319244
0.0320144
0.032129
0.0322236
0.0322102
0.0320804
0.0318476
0.0315008
0.031042
0.0304906
0.0298823
0.0292739
0.0287125
0.0281899
0.0276841
0.027155
0.0266047
0.0260644
0.025561
0.0251264
0.0247985
0.0246084
0.0343953
0.0340302
0.033591
0.0330931
0.0326354
0.0322284
0.0318604
0.031515
0.0311783
0.0308315
0.0304441
0.0299617
0.0293607
0.0286825
0.0280303
0.0274064
0.0268
0.0262093
0.0256442
0.0251381
0.024709
0.0243874
0.0242026
0.0334375
0.0334654
0.0335177
0.0335325
0.033431
0.0332437
0.0329506
0.0325411
0.0320215
0.0314134
0.0307558
0.0300743
0.0293648
0.0286105
0.0278343
0.0270705
0.0263544
0.0257022
0.0251165
0.0246129
0.0241997
0.0239017
0.0237404
0.035934
0.0354502
0.0348831
0.0343411
0.0338483
0.0333697
0.0328972
0.0324188
0.031914
0.0313497
0.0307023
0.0299813
0.0292058
0.0283786
0.0275082
0.026648
0.02585
0.0251375
0.0245273
0.0240183
0.0236122
0.0233302
0.0231893
0.0358378
0.0357832
0.0357007
0.035501
0.0351812
0.0347282
0.0341357
0.0334167
0.0326034
0.031733
0.0308291
0.0299075
0.0289778
0.0280444
0.0271091
0.0261917
0.0253412
0.0245861
0.0239507
0.0234352
0.0230309
0.0227477
0.022608
0.0382956
0.0376416
0.0369582
0.0363142
0.035659
0.0349857
0.0342777
0.0335042
0.0326448
0.031689
0.0306535
0.029575
0.0285014
0.0274684
0.026494
0.0255748
0.0247279
0.0239803
0.0233519
0.0228537
0.0224798
0.0222138
0.0220803
0.0391976
0.0388963
0.0384947
0.0379382
0.0372031
0.0363053
0.0352637
0.0341227
0.0329153
0.0316621
0.0303817
0.0291
0.0278593
0.0267074
0.025678
0.0247728
0.023976
0.0232864
0.0227085
0.0222543
0.0219336
0.0217105
0.0215991
0.0417625
0.0408723
0.0399706
0.0390136
0.0380109
0.0369306
0.0357414
0.0344324
0.0330124
0.0315217
0.0300074
0.0285242
0.0271308
0.0258708
0.0247795
0.023872
0.0231316
0.0225276
0.0220344
0.0216476
0.0213807
0.0211961
0.0211091
0.0435788
0.0428002
0.0419121
0.0408353
0.0395174
0.0380038
0.0363419
0.0345855
0.032784
0.0309892
0.0292526
0.0276227
0.026145
0.0248497
0.0237521
0.0228665
0.0221871
0.02168
0.0212915
0.0209947
0.0207915
0.0206461
0.0205842
0.046759
0.0452603
0.0437505
0.0420857
0.0403049
0.0383835
0.0363362
0.0342088
0.0320781
0.0300253
0.0281189
0.0264065
0.0249193
0.0236639
0.0226311
0.0218162
0.0212105
0.0207899
0.0204984
0.0202924
0.0201646
0.0200724
0.0200417
0.0492764
0.0476611
0.0459586
0.0439607
0.0416691
0.039194
0.036615
0.0340138
0.0314809
0.0291079
0.0269737
0.0251396
0.0236242
0.022415
0.0214792
0.0207772
0.0202749
0.0199451
0.0197408
0.0196175
0.0195609
0.0195247
0.0195239
0.0530282
0.0506041
0.0479761
0.0451587
0.0421871
0.0390963
0.035964
0.0329196
0.0300706
0.0275097
0.0253047
0.0234914
0.0220621
0.0209893
0.0202256
0.0197062
0.0193682
0.0191702
0.019072
0.0190355
0.019042
0.019051
0.0190685
0.0565101
0.0534747
0.0500958
0.0463476
0.0424006
0.0384536
0.0346613
0.0311681
0.0280731
0.0254437
0.0233
0.0216277
0.0203873
0.0195277
0.0189846
0.0186796
0.0185329
0.0184881
0.0185073
0.0185573
0.0186183
0.0186608
0.0186862
0.060449
0.0559278
0.0513428
0.0466344
0.0418968
0.0372451
0.0329037
0.0290413
0.0257711
0.0231377
0.0211212
0.0196607
0.0186755
0.0180781
0.017782
0.0176977
0.0177403
0.0178493
0.017988
0.0181251
0.0182421
0.0183214
0.0183582
0.064294
0.0585469
0.0524884
0.0462733
0.0403261
0.0348868
0.0301292
0.0261349
0.0229159
0.020454
0.0186898
0.0175311
0.0168641
0.0165703
0.0165425
0.0166839
0.0169147
0.0171789
0.0174429
0.0176755
0.017862
0.0179941
0.0180543
0.0676501
0.0595026
0.0517303
0.044252
0.0373597
0.0313389
0.0263745
0.0224595
0.0195112
0.0174198
0.0160606
0.0152991
0.0149989
0.0150289
0.015274
0.0156392
0.0160559
0.0164754
0.0168688
0.017204
0.0174701
0.0176661
0.0177573
0.0697053
0.0596485
0.0498374
0.0408726
0.0331426
0.026835
0.0218961
0.0182125
0.0156602
0.0140674
0.0132348
0.0129668
0.0130944
0.013478
0.0140089
0.0146036
0.0152079
0.0157819
0.0163026
0.0167412
0.0170886
0.0173478
0.0174703
0.0704242
0.056565
0.0449917
0.0351075
0.0271297
0.0210294
0.016543
0.0134346
0.0115105
0.010558
0.0103391
0.0106244
0.011222
0.0119855
0.0128167
0.0136473
0.014438
0.015159
0.0157943
0.016325
0.0167434
0.0170553
0.0172063
0.0664955
0.0508763
0.0379404
0.0275147
0.0197431
0.0141966
0.010443
0.00816152
0.00708171
0.00691767
0.00739553
0.00827851
0.00937411
0.0105384
0.0116883
0.0127676
0.0137488
0.0146128
0.0153528
0.0159634
0.0164421
0.0167982
0.0169765
0.0581998
0.0399373
0.0272001
0.0174727
0.0106758
0.00615649
0.00346781
0.00228522
0.00227071
0.00305577
0.00433247
0.00587198
0.00749982
0.00908752
0.0105742
0.0119165
0.0130983
0.0141097
0.0149555
0.0156428
0.0161771
0.0165767
0.0167833
0.0398246
0.0254247
0.0138131
0.00554646
0.00021295
-0.00302709
-0.00445552
-0.00434121
-0.00312903
-0.00126601
0.000916316
0.0031971
0.00542521
0.0074889
0.00935105
0.0109889
0.0123989
0.0135816
0.0145536
0.0153323
0.0159302
0.0163826
0.0166204
0.0192776
0.0090019
0.000259256
-0.00617252
-0.0101147
-0.0121117
-0.0122304
-0.0107921
-0.00836546
-0.00544023
-0.00236463
0.000648001
0.00347171
0.00600912
0.00823767
0.0101617
0.0117922
0.0131412
0.0142352
0.0151005
0.0157539
0.0162443
0.0165033
-0.00456774
-0.0131169
-0.0171877
-0.0201699
-0.0212711
-0.0207274
-0.0186871
-0.0155561
-0.0118601
-0.00799445
-0.00422376
-0.000697858
0.00250756
0.00532598
0.00775522
0.00982392
0.0115569
0.0129777
0.0141192
0.0150136
0.0156789
0.0161631
0.0164186
-0.0312493
-0.0385078
-0.0380726
-0.0365334
-0.033061
-0.0285473
-0.0235097
-0.0183564
-0.0133691
-0.00871596
-0.00448496
-0.000705911
0.00262536
0.00549541
0.00793305
0.009984
0.011685
0.0130696
0.014175
0.0150354
0.0156669
0.0161046
0.0163339
-0.0551924
-0.0595157
-0.0542775
-0.0491883
-0.0420669
-0.0345629
-0.027186
-0.0204059
-0.0143596
-0.00905298
-0.00444355
-0.00046856
0.00294175
0.00583096
0.00825122
0.0102551
0.0118949
0.0132162
0.0142627
0.0150715
0.0156578
0.0160437
0.0162425
-0.0776803
-0.0757315
-0.0652775
-0.057239
-0.04766
-0.0385685
-0.0299355
-0.0221887
-0.0154302
-0.0096218
-0.00467981
-0.000500048
0.00301963
0.00596913
0.00841641
0.010411
0.0120201
0.0133002
0.0143034
0.015071
0.0156211
0.0159692
0.0161447
-0.0991264
-0.0900248
-0.0747405
-0.0635352
-0.0516046
-0.0412416
-0.0317976
-0.0235212
-0.0163655
-0.0102529
-0.00508409
-0.000739112
0.00288757
0.005911
0.00840558
0.0104198
0.0120298
0.0132969
0.0142798
0.0150242
0.0155534
0.0158821
0.016045
-0.118949
-0.102776
-0.0832883
-0.0688061
-0.0547028
-0.043138
-0.0329592
-0.0243081
-0.0169206
-0.0106521
-0.00537699
-0.000950017
0.00273233
0.00579788
0.00831932
0.0103492
0.0119677
0.0132347
0.0142121
0.0149467
0.015467
0.0157902
0.0159494
-0.135768
-0.113136
-0.0905931
-0.0731585
-0.0572858
-0.0445492
-0.0336247
-0.0246257
-0.0170687
-0.0107329
-0.00543649
-0.00099993
0.00267879
0.00573727
0.00824725
0.0102692
0.011885
0.0131501
0.0141256
0.0148572
0.0153755
0.0157009
0.0158616
)
;

boundaryField
{
    outlet
    {
        type            fixedValue;
        value           uniform 0;
    }
    upperWall
    {
        type            symmetryPlane;
    }
    lowerWall
    {
        type            symmetryPlane;
    }
    inlet
    {
        type            zeroGradient;
    }
    cylinder
    {
        type            zeroGradient;
    }
    frontAndBack
    {
        type            empty;
    }
}


// ************************************************************************* //
