/*--------------------------------*- C++ -*----------------------------------*\
| =========                 |                                                 |
| \\      /  F ield         | OpenFOAM: The Open Source CFD Toolbox           |
|  \\    /   O peration     | Version:  2312                                  |
|   \\  /    A nd           | Website:  www.openfoam.com                      |
|    \\/     M anipulation  |                                                 |
\*---------------------------------------------------------------------------*/
FoamFile
{
    version     2.0;
    format      ascii;
    arch        "LSB;label=32;scalar=64";
    class       volScalarField;
    location    "28.4";
    object      p;
}
// * * * * * * * * * * * * * * * * * * * * * * * * * * * * * * * * * * * * * //

dimensions      [0 2 -2 0 0 0 0];

internalField   nonuniform List<scalar> 
5478
(
-0.335603
-0.332619
-0.328327
-0.324168
-0.321307
-0.320017
-0.319803
-0.319834
-0.319171
-0.317063
-0.3131
-0.306992
-0.299516
-0.289128
-0.277246
-0.345386
-0.341225
-0.336074
-0.330621
-0.325395
-0.32038
-0.315459
-0.310297
-0.304463
-0.297681
-0.289886
-0.281306
-0.271753
-0.261037
-0.249769
-0.359222
-0.35315
-0.346341
-0.338711
-0.329846
-0.32006
-0.309953
-0.299803
-0.289664
-0.279538
-0.269393
-0.259013
-0.248319
-0.237119
-0.225719
-0.377469
-0.368506
-0.359306
-0.347948
-0.333759
-0.318331
-0.303119
-0.288718
-0.27522
-0.262506
-0.250338
-0.238595
-0.227053
-0.215741
-0.204975
-0.400589
-0.387147
-0.374538
-0.357145
-0.33604
-0.314647
-0.294732
-0.276695
-0.260411
-0.245591
-0.231978
-0.219277
-0.207294
-0.196028
-0.18505
-0.427004
-0.408318
-0.389535
-0.363721
-0.335032
-0.307945
-0.283879
-0.262806
-0.244288
-0.227876
-0.21315
-0.199816
-0.187659
-0.176437
-0.16581
-0.451903
-0.429029
-0.40041
-0.364626
-0.328702
-0.296669
-0.26917
-0.245671
-0.225467
-0.207924
-0.192562
-0.17901
-0.166989
-0.15623
-0.146215
-0.469739
-0.443428
-0.402918
-0.357222
-0.31506
-0.279061
-0.249013
-0.223878
-0.202696
-0.184684
-0.169228
-0.155924
-0.144448
-0.134318
-0.125333
-0.268153
-0.27137
-0.27564
-0.282592
-0.292067
-0.303547
-0.316632
-0.330957
-0.346122
-0.361738
-0.377485
-0.392305
-0.405859
-0.418101
-0.42832
-0.286629
-0.288427
-0.292434
-0.299619
-0.309584
-0.32172
-0.335546
-0.350612
-0.36647
-0.38267
-0.398739
-0.414192
-0.428071
-0.439911
-0.447713
-0.30241
-0.302399
-0.305526
-0.311981
-0.321328
-0.33294
-0.346277
-0.360843
-0.376143
-0.391747
-0.406716
-0.421365
-0.432944
-0.444321
-0.449124
-0.313741
-0.312106
-0.313782
-0.318598
-0.326309
-0.336448
-0.348468
-0.361841
-0.375903
-0.390511
-0.40356
-0.417744
-0.426336
-0.43626
-0.438234
-0.320624
-0.317914
-0.317846
-0.320335
-0.325608
-0.333551
-0.343706
-0.355564
-0.368085
-0.381773
-0.393302
-0.405671
-0.412479
-0.419009
-0.419105
-0.324268
-0.321214
-0.319515
-0.319502
-0.322058
-0.327541
-0.335668
-0.345955
-0.357278
-0.368661
-0.378558
-0.386944
-0.391826
-0.394578
-0.392446
-0.326551
-0.323668
-0.32072
-0.318657
-0.318958
-0.322334
-0.328622
-0.336691
-0.345438
-0.353102
-0.359437
-0.363112
-0.364439
-0.363723
-0.359232
-0.329665
-0.326973
-0.323213
-0.319876
-0.318586
-0.319954
-0.323529
-0.328211
-0.332714
-0.335801
-0.337044
-0.335439
-0.331957
-0.32667
-0.320798
-0.440654
-0.440343
-0.426076
-0.398739
-0.360796
-0.31473
-0.259587
-0.191941
-0.103638
-0.0203502
0.0435493
0.0785234
0.0867491
0.0829221
0.0713517
0.0599078
0.0484569
0.0394998
0.0326174
0.0259344
0.0215437
0.0175192
0.013989
0.0119474
0.00948136
0.00786706
0.00694315
0.00546108
0.00456444
0.00396778
0.00306288
0.00250107
0.00198975
0.00162646
0.00124553
0.00052914
0.000391856
0.000279021
-0.458925
-0.451639
-0.428236
-0.389276
-0.338226
-0.277407
-0.212535
-0.14374
-0.0748134
-0.0128494
0.0446205
0.0736184
0.0870682
0.0829421
0.0732748
0.062137
0.0511611
0.0410052
0.0333869
0.0267302
0.0220612
0.0178037
0.0143128
0.0121048
0.00959494
0.00799612
0.00701466
0.00550864
0.00463388
0.00400084
0.00306958
0.00251145
0.00202867
0.00162406
0.0012027
0.000589643
0.000399939
0.000244673
-0.45704
-0.44798
-0.421578
-0.379023
-0.323753
-0.256381
-0.188247
-0.117135
-0.0651353
-0.0182284
0.0359523
0.0641266
0.0833652
0.0810263
0.0735384
0.0628805
0.0518124
0.0421944
0.0341134
0.0276222
0.0225134
0.018113
0.0147117
0.0121935
0.00975427
0.00814786
0.00703603
0.00557975
0.0047056
0.00402157
0.00308208
0.00252349
0.00206606
0.00162119
0.00116449
0.000647773
0.000406947
0.000212551
-0.4395
-0.43286
-0.408005
-0.365664
-0.311814
-0.247772
-0.181269
-0.115444
-0.0696631
-0.0315255
0.0208962
0.0507505
0.0754021
0.0763905
0.0715627
0.0620406
0.0517307
0.0434302
0.0344939
0.0281479
0.0228007
0.0183937
0.0150745
0.0122386
0.00993092
0.00829367
0.00701642
0.00566487
0.00477358
0.00403105
0.00310081
0.00253702
0.00210007
0.00161812
0.00113502
0.000700457
0.00041174
0.000184752
-0.41369
-0.410133
-0.390634
-0.352577
-0.302829
-0.244006
-0.181884
-0.122353
-0.0810616
-0.0474415
0.00292164
0.0361481
0.0638222
0.0689934
0.0673388
0.0599228
0.0508704
0.0428835
0.0344478
0.0283757
0.0229692
0.0186145
0.0153224
0.0122804
0.010079
0.00840556
0.00698379
0.00574249
0.00483122
0.00403471
0.00312334
0.00255085
0.00212944
0.0016149
0.00111728
0.000744539
0.000413474
0.000163326
-0.382985
-0.38057
-0.367677
-0.336314
-0.293435
-0.242493
-0.187983
-0.134146
-0.0938062
-0.0626033
-0.0157275
0.0201077
0.0498067
0.0597935
0.0612791
0.0562104
0.0486622
0.0415378
0.0338822
0.0281784
0.0229926
0.0187571
0.0154656
0.0123635
0.0102035
0.00848845
0.00697443
0.00580511
0.00487752
0.00403933
0.00314853
0.00256532
0.00215259
0.00161124
0.00111454
0.000777484
0.000411295
0.000150142
-0.347029
-0.348381
-0.34194
-0.319124
-0.28461
-0.240947
-0.192724
-0.144071
-0.102823
-0.0723501
-0.0303957
0.00658467
0.0372563
0.0504122
0.0551427
0.0531239
0.0470815
0.040769
0.0335742
0.0279827
0.0229197
0.0187536
0.015515
0.0124123
0.0102658
0.0085379
0.00696957
0.00584272
0.00491192
0.00404338
0.00317242
0.00258176
0.0021691
0.00160373
0.00112971
0.000797431
0.00040492
0.000147096
-0.315464
-0.319185
-0.314884
-0.299598
-0.275326
-0.242312
-0.20303
-0.160345
-0.118488
-0.0851713
-0.0488219
-0.0122769
0.0197639
0.0381243
0.0464334
0.0473502
0.0437871
0.0389088
0.0327463
0.0275396
0.0229062
0.0188537
0.0156029
0.0125864
0.0103694
0.00861148
0.00704413
0.00587462
0.00494238
0.00406833
0.00320107
0.0025956
0.0021823
0.00159389
0.00116378
0.00080059
0.00039369
0.000156773
-0.282908
-0.295429
-0.289888
-0.275444
-0.254461
-0.227052
-0.194891
-0.158804
-0.12147
-0.0884897
-0.0543131
-0.0194764
0.0108564
0.0298795
0.0397399
0.0430542
0.041047
0.0373346
0.0319285
0.0271399
0.0223804
0.0185255
0.0154753
0.0124151
0.0103299
0.00857612
0.00694005
0.0059097
0.0049248
0.00401271
0.00324004
0.00263088
0.00214699
0.00158612
0.00124736
0.000777233
0.000365701
0.000179215
-0.240096
-0.256829
-0.253471
-0.240262
-0.222201
-0.199771
-0.17367
-0.144574
-0.113055
-0.0823932
-0.0522332
-0.0226672
0.00322861
0.0206386
0.0299212
0.0334516
0.0329552
0.030693
0.027124
0.0236369
0.0205022
0.0172011
0.0145409
0.0119129
0.00992726
0.00830768
0.00679916
0.00576258
0.00481321
0.00395597
0.0032067
0.00260766
0.00210963
0.00159886
0.00126729
0.000726594
0.00034897
0.000195837
-0.203107
-0.220053
-0.219995
-0.210153
-0.196037
-0.178493
-0.157814
-0.134786
-0.109264
-0.0830635
-0.0571762
-0.0315344
-0.00782137
0.00965436
0.0203892
0.0260395
0.0280596
0.0277477
0.0252873
0.0222921
0.0190592
0.0162237
0.0137971
0.0114237
0.00956702
0.00803319
0.00663413
0.00560495
0.0046946
0.00388436
0.00314979
0.00258178
0.00207954
0.00159016
0.00126618
0.00069244
0.000329352
0.000201597
-0.171363
-0.186602
-0.189068
-0.182413
-0.17146
-0.157604
-0.141146
-0.122428
-0.101382
-0.0787579
-0.0555576
-0.0328003
-0.0120593
0.00384595
0.0138984
0.0196166
0.0219951
0.0221912
0.0206191
0.0188761
0.0169729
0.0146775
0.0127102
0.0107021
0.00904188
0.00765044
0.00639001
0.0054121
0.00453867
0.00378414
0.00308714
0.00254797
0.00203596
0.00157499
0.00127574
0.000660862
0.000299945
0.000206959
-0.143352
-0.156915
-0.160724
-0.156744
-0.148643
-0.138022
-0.125178
-0.110285
-0.09344
-0.0750459
-0.056027
-0.0375254
-0.0201302
-0.00552584
0.00479738
0.0113924
0.015324
0.0172783
0.017376
0.0164882
0.0149169
0.0132187
0.0116089
0.0099327
0.00848875
0.00722486
0.00610849
0.00519032
0.00435321
0.00366867
0.00300836
0.00249285
0.0019872
0.00155608
0.00128164
0.000622367
0.000268448
0.000213298
-0.120104
-0.131675
-0.135895
-0.133833
-0.12813
-0.120148
-0.110285
-0.0986599
-0.0853583
-0.0706552
-0.0548431
-0.0386891
-0.023077
-0.00961101
0.000294777
0.0068823
0.0109389
0.0131795
0.0136351
0.0133319
0.0125699
0.0114453
0.0102839
0.00896431
0.0077806
0.00669546
0.00573301
0.00491214
0.00413591
0.00352108
0.00290352
0.00242469
0.00193147
0.00152358
0.0012786
0.000586106
0.000236179
0.00021515
-0.100376
-0.110042
-0.114196
-0.11344
-0.109604
-0.1038
-0.0964084
-0.0875041
-0.0771333
-0.0654113
-0.0525147
-0.0392877
-0.0267121
-0.0155938
-0.00660747
-8.30464e-05
0.00457781
0.00764857
0.00954428
0.0102976
0.0101753
0.00960097
0.00887077
0.00790597
0.00700549
0.00610072
0.0052967
0.00459366
0.00388244
0.00333765
0.00277826
0.00233949
0.00185877
0.00147862
0.00127236
0.000550345
0.00019841
0.000213109
-0.0838173
-0.0917941
-0.0956377
-0.0956862
-0.0932324
-0.089133
-0.0836932
-0.07698
-0.069013
-0.0598776
-0.0497694
-0.0391948
-0.0285625
-0.0185623
-0.00995299
-0.00339834
0.00112384
0.00431296
0.00629043
0.00742888
0.00775559
0.00768633
0.00736948
0.00675039
0.00613075
0.00542448
0.00479612
0.00422226
0.00359143
0.00312721
0.00262661
0.00223081
0.00177274
0.00142032
0.00125668
0.000510061
0.000155587
0.000208045
-0.069921
-0.0764421
-0.0798582
-0.0803657
-0.0788898
-0.0760725
-0.0721697
-0.0672293
-0.0612471
-0.0542941
-0.0464319
-0.0379413
-0.029247
-0.0210455
-0.0138446
-0.00803808
-0.00341794
0.000190789
0.00270677
0.0043983
0.00526509
0.00565564
0.00576448
0.00549438
0.00515157
0.00466151
0.00421731
0.00378244
0.00325155
0.00287983
0.00244215
0.00210057
0.00167814
0.00135206
0.00122866
0.000473659
0.00011654
0.000206477
-0.0582768
-0.0635641
-0.0665215
-0.0672643
-0.0664643
-0.0646027
-0.0618803
-0.0583206
-0.0539106
-0.0486995
-0.0426869
-0.0360995
-0.0292127
-0.0224695
-0.0161549
-0.0106401
-0.00614785
-0.00268043
-0.00010994
0.00187157
0.00300761
0.00375236
0.00419604
0.00423385
0.00415388
0.00386148
0.00359252
0.00330123
0.00287019
0.00258073
0.00221976
0.00193742
0.00154351
0.00122457
0.00118328
0.000420047
4.80575e-05
0.000178591
-0.0484855
-0.0527642
-0.0552922
-0.0561338
-0.0557834
-0.0546099
-0.0527643
-0.0502684
-0.0470908
-0.0432573
-0.0387389
-0.0336738
-0.0282382
-0.0226955
-0.0174431
-0.0127225
-0.00868009
-0.00537513
-0.00275315
-0.000596217
0.000804012
0.00181671
0.00258119
0.00292135
0.00308143
0.00299772
0.00293084
0.00278576
0.0024792
0.00230389
0.00200051
0.0017868
0.00144995
0.00122965
0.00115804
0.000407892
4.27583e-05
0.000195374
-0.0402675
-0.0437164
-0.0458497
-0.0467101
-0.0466672
-0.0459915
-0.0447964
-0.043103
-0.0408729
-0.0381291
-0.0348101
-0.0309936
-0.026841
-0.0224955
-0.0182003
-0.0141818
-0.0105439
-0.00741699
-0.00485192
-0.00260835
-0.00108573
9.81441e-05
0.001069
0.00162601
0.00199264
0.00207451
0.00216703
0.00217023
0.00196846
0.00187971
0.00166801
0.00152017
0.00121685
0.000869073
0.00102569
0.000295934
-0.000111624
0.000118548
-0.0333378
-0.0361323
-0.0379292
-0.0387425
-0.0388642
-0.0385188
-0.0377845
-0.0366738
-0.0351511
-0.0332237
-0.0308372
-0.0279316
-0.0246949
-0.0212967
-0.0178284
-0.014523
-0.0113886
-0.00862965
-0.00629198
-0.00413975
-0.00259875
-0.00133682
-0.00023347
0.000522998
0.00106209
0.00129266
0.00155324
0.00168803
0.00160265
0.00163298
0.0014718
0.00139642
0.00120341
0.00116694
0.00105416
0.000354748
-1.55734e-05
0.000173495
-0.0274939
-0.0297426
-0.0312653
-0.0320654
-0.0323413
-0.0322482
-0.0318583
-0.0311984
-0.0302369
-0.0290145
-0.0275675
-0.0253185
-0.0228464
-0.0202014
-0.0174629
-0.0147787
-0.0121402
-0.00972767
-0.00762623
-0.00558775
-0.00407166
-0.00279113
-0.00160701
-0.000739284
-7.52956e-05
0.00028279
0.00066318
0.00092156
0.000939031
0.00105364
0.000992062
0.000969117
0.000759345
0.000476127
0.000767452
0.000131914
-0.000315609
2.79647e-05
-0.0224787
-0.0243143
-0.025562
-0.0262334
-0.0265226
-0.0265542
-0.0263439
-0.0258988
-0.0251967
-0.0241896
-0.0226977
-0.0214486
-0.019835
-0.0179469
-0.015884
-0.013815
-0.0116778
-0.00968527
-0.00789138
-0.00607756
-0.00469356
-0.00348422
-0.00232307
-0.0014008
-0.000652048
-0.00022864
0.00024749
0.000613405
0.000702768
0.000921291
0.0009007
0.00094496
0.000867767
0.000621063
0.000859337
0.000307316
-8.37462e-05
0.000133349
-0.0183488
-0.0198675
-0.0209821
-0.0216618
-0.0220248
-0.0221694
-0.0221352
-0.021935
-0.0215252
-0.0209231
-0.0201501
-0.0191256
-0.0179135
-0.0164884
-0.0149209
-0.0133158
-0.0116076
-0.00998503
-0.00848633
-0.00689349
-0.00566521
-0.00456501
-0.00343559
-0.00251652
-0.00175088
-0.0012474
-0.000706293
-0.000274263
-8.97069e-05
0.000197102
0.000268181
0.000361328
0.000311621
0.000185829
0.000456069
-3.84795e-05
-0.000514091
-8.3851e-05
-0.0143336
-0.0155986
-0.0165187
-0.017099
-0.0174681
-0.017691
-0.0177633
-0.0177115
-0.0175468
-0.0172286
-0.016615
-0.0158487
-0.014956
-0.0139017
-0.0127477
-0.0115594
-0.0102522
-0.00899175
-0.00780408
-0.00646647
-0.00543396
-0.00449321
-0.00346487
-0.00262047
-0.00183641
-0.00136262
-0.000794536
-0.000290897
-0.000108167
0.000265096
0.000349031
0.000505571
0.000548329
0.000330101
0.000696121
0.000272961
-0.00019405
7.16486e-05
-0.0112817
-0.0123711
-0.0132195
-0.0137944
-0.014182
-0.0144442
-0.0145932
-0.0146429
-0.014573
-0.0143997
-0.014065
-0.0135878
-0.013013
-0.0122824
-0.0114949
-0.0106303
-0.00966822
-0.00872226
-0.00781658
-0.00677312
-0.00594661
-0.00516894
-0.00424161
-0.00351071
-0.00279652
-0.00226874
-0.00171296
-0.0012113
-0.000937729
-0.000529414
-0.000368935
-0.000170317
-6.51445e-05
-0.000188564
0.000175973
-0.000119108
-0.000637524
-0.000184452
-0.00776111
-0.00868586
-0.00943129
-0.00996487
-0.0103482
-0.0106332
-0.0108302
-0.0109605
-0.0109973
-0.0109181
-0.0107376
-0.0104543
-0.0101058
-0.00962936
-0.00913102
-0.00855178
-0.00793013
-0.00721897
-0.00660189
-0.00575767
-0.00512744
-0.00449891
-0.00371274
-0.0031592
-0.00242326
-0.00197538
-0.00145167
-0.00089167
-0.000689663
-0.000279059
-7.86424e-05
0.00020719
0.000247478
9.02612e-05
0.000628696
0.000267212
-0.000261373
2.88868e-05
-0.00514195
-0.00570294
-0.00619968
-0.00659652
-0.00689469
-0.0071476
-0.00737169
-0.00759334
-0.00778367
-0.00794084
-0.0080321
-0.00804368
-0.00800825
-0.00786102
-0.00768366
-0.00738998
-0.00714198
-0.00667079
-0.00636312
-0.00580171
-0.00527917
-0.00483594
-0.00417802
-0.00382217
-0.00311899
-0.00266019
-0.00225358
-0.00160638
-0.00137039
-0.000993372
-0.000657033
-0.000333299
-0.000199171
-0.000239669
0.000301318
3.8637e-05
-0.000605584
-0.000164088
-0.00438167
-0.00468621
-0.00495662
-0.00520437
-0.0054246
-0.00562558
-0.00580511
-0.00595802
-0.00608844
-0.00619539
-0.00628391
-0.00630446
-0.00630397
-0.00623065
-0.00612445
-0.00592727
-0.00574027
-0.00542896
-0.00514331
-0.00481246
-0.00437587
-0.00397403
-0.00349574
-0.00312831
-0.00260346
-0.00217318
-0.00177145
-0.00127973
-0.000981184
-0.000562971
-0.000291428
-3.04704e-05
0.000338545
0.000296897
0.000444385
0.000584257
8.02689e-05
-1.40096e-05
-0.00327619
-0.00354709
-0.0038094
-0.00405946
-0.00429394
-0.00451666
-0.00473194
-0.0049356
-0.00512553
-0.00528729
-0.00542762
-0.00553108
-0.00560769
-0.00562205
-0.00560845
-0.00552923
-0.00543309
-0.00526142
-0.00506275
-0.00483166
-0.00450285
-0.00421263
-0.00382017
-0.00350083
-0.00306905
-0.00264769
-0.00231108
-0.00181662
-0.00151796
-0.00113545
-0.000758897
-0.000572537
-0.000217793
-0.000113664
-5.45298e-05
0.000124006
-0.000128171
-0.000115741
-0.00293325
-0.00314323
-0.00335558
-0.00356861
-0.00377695
-0.00397521
-0.00416353
-0.00433683
-0.00449738
-0.00463709
-0.00476034
-0.00485633
-0.00492063
-0.00495367
-0.00495415
-0.00489927
-0.00481154
-0.00468386
-0.00450535
-0.00432514
-0.00406578
-0.00378124
-0.00344256
-0.00312326
-0.00277662
-0.00236414
-0.00202456
-0.00160453
-0.00124961
-0.000925233
-0.000538143
-0.000328283
-3.97627e-05
0.000141706
0.000140283
0.000325502
0.000188272
1.07466e-05
-0.115665
-0.13378
-0.151677
-0.170076
-0.189695
-0.210083
-0.231801
-0.255877
-0.105312
-0.11936
-0.132887
-0.147488
-0.16218
-0.178052
-0.1931
-0.212235
-0.0920419
-0.103184
-0.113691
-0.125071
-0.136431
-0.148996
-0.162012
-0.178475
-0.0827297
-0.0914907
-0.0998306
-0.108752
-0.118045
-0.128252
-0.139133
-0.152036
-0.0728727
-0.0796427
-0.0863151
-0.0934025
-0.100828
-0.108726
-0.117218
-0.127545
-0.0647596
-0.0699568
-0.0751386
-0.0805443
-0.0862485
-0.0923284
-0.0990979
-0.107442
-0.0569106
-0.0608379
-0.0648228
-0.0690204
-0.0735167
-0.0783265
-0.0836989
-0.0903423
-0.0500391
-0.0529729
-0.0560001
-0.0592219
-0.0626872
-0.0663932
-0.0705727
-0.0758449
-0.043598
-0.0457573
-0.0480453
-0.0505172
-0.0531868
-0.0560654
-0.0593607
-0.0635819
-0.0378557
-0.0394364
-0.0411409
-0.0430151
-0.0450604
-0.0472935
-0.0498855
-0.0532485
-0.032603
-0.0337734
-0.0350387
-0.0364518
-0.0380168
-0.0397514
-0.0417947
-0.0444811
-0.0278571
-0.0287474
-0.029693
-0.0307592
-0.0319601
-0.0333129
-0.0349294
-0.0370762
-0.0235818
-0.0242665
-0.0249796
-0.0257947
-0.0267238
-0.0277795
-0.0290589
-0.0307793
-0.019716
-0.0203007
-0.0208872
-0.0215327
-0.0222527
-0.0230741
-0.0240847
-0.0254556
-0.0161777
-0.0166199
-0.0170762
-0.017589
-0.0181782
-0.0188569
-0.0196882
-0.02081
-0.013203
-0.013608
-0.0140119
-0.0144462
-0.0149176
-0.0154494
-0.0161096
-0.0170071
-0.0100658
-0.0103538
-0.0106765
-0.0110468
-0.0114577
-0.0119139
-0.0124645
-0.0132078
-0.00766398
-0.00792587
-0.00820942
-0.00852244
-0.0088612
-0.00924049
-0.00971005
-0.0103395
-0.00499421
-0.00516727
-0.00537516
-0.00560926
-0.00585884
-0.00614024
-0.00649573
-0.00699238
-0.00325106
-0.00342278
-0.00360923
-0.00380991
-0.00400827
-0.00420729
-0.00442463
-0.00470705
-0.00272051
-0.00291501
-0.00310002
-0.00328696
-0.00348019
-0.00368339
-0.0038925
-0.00411131
-0.00197399
-0.00213223
-0.00228827
-0.00244316
-0.00259631
-0.00274836
-0.00290086
-0.00306079
-0.00171773
-0.00187695
-0.00203225
-0.00218384
-0.0023318
-0.0024772
-0.00261956
-0.00275983
0.0747545
0.0805656
0.0858345
0.0909572
0.0952357
0.0983033
0.0999906
0.0998838
0.0971838
0.0907124
0.0788108
0.0591224
0.0278304
-0.0180334
-0.0602521
0.0512874
0.0549455
0.0567208
0.0577182
0.0580243
0.0571446
0.0545319
0.0495147
0.0411511
0.028147
0.00872054
-0.0195876
-0.0607751
-0.117853
-0.167264
0.0266421
0.0281406
0.0266661
0.0241416
0.0209137
0.0163544
0.00969185
0.000114276
-0.0134106
-0.0322824
-0.0584189
-0.0943077
-0.143653
-0.210535
-0.262293
0.000414402
-0.000506285
-0.0045108
-0.00957945
-0.0155761
-0.0232614
-0.0334768
-0.0470498
-0.065032
-0.0888935
-0.120673
-0.16287
-0.218473
-0.291071
-0.341327
-0.0264929
-0.0297633
-0.0356788
-0.042603
-0.0507701
-0.0610271
-0.0741712
-0.0909906
-0.112507
-0.140208
-0.176307
-0.223009
-0.282929
-0.355323
-0.402506
-0.0529412
-0.0583217
-0.0657233
-0.074111
-0.0840425
-0.0963503
-0.111741
-0.13096
-0.154964
-0.185194
-0.223913
-0.273349
-0.334148
-0.402734
-0.444949
-0.0783202
-0.0854379
-0.0939096
-0.103483
-0.114879
-0.128752
-0.145678
-0.166381
-0.191856
-0.223429
-0.262969
-0.312234
-0.370971
-0.432819
-0.469031
-0.10257
-0.110755
-0.120029
-0.130659
-0.143197
-0.158119
-0.175918
-0.197277
-0.223112
-0.254586
-0.293167
-0.339953
-0.39368
-0.445972
-0.47655
0.212138
0.227347
0.24412
0.262789
0.283337
0.305631
0.329571
0.355105
0.382151
0.410461
0.439482
0.468148
0.494607
0.515403
0.532758
0.208019
0.222555
0.238829
0.257234
0.277654
0.299843
0.323663
0.349071
0.375992
0.404177
0.433062
0.461564
0.487813
0.508303
0.525308
0.199424
0.212811
0.228283
0.246028
0.265754
0.287111
0.309912
0.334099
0.35958
0.386064
0.412924
0.439005
0.462336
0.479481
0.493212
0.186949
0.198501
0.212693
0.229399
0.247886
0.26764
0.28848
0.310364
0.333166
0.356512
0.37965
0.401275
0.419194
0.430118
0.438028
0.170903
0.1802
0.192782
0.208041
0.224763
0.242247
0.260304
0.278902
0.297873
0.316742
0.3346
0.349951
0.360296
0.362366
0.362543
0.151181
0.158164
0.16901
0.182454
0.196875
0.211502
0.226158
0.240777
0.255085
0.268447
0.279772
0.287356
0.288371
0.2794
0.269945
0.128379
0.133354
0.142722
0.154024
0.165469
0.176498
0.187091
0.197128
0.206138
0.213275
0.217236
0.216085
0.206698
0.185524
0.164822
0.10261
0.106478
0.114661
0.123489
0.131532
0.138564
0.14469
0.149692
0.152916
0.153316
0.149388
0.138952
0.11855
0.0847239
0.0525239
0.0220432
0.0253139
0.0226248
0.0269874
0.0249292
0.0297436
0.0290148
0.0339991
0.0344414
0.0400126
0.0422494
0.0483683
0.0524467
0.0597695
0.0663026
0.0756747
0.0851841
0.097404
0.110594
0.126792
0.144368
0.166513
0.190668
0.0220056
0.0252899
0.0226634
0.0268748
0.0249277
0.0296523
0.0289977
0.0338351
0.0344337
0.0398418
0.0421585
0.0481849
0.052184
0.0595696
0.0659289
0.0752109
0.0844206
0.0964526
0.109279
0.125302
0.143336
0.164123
0.187574
0.0219734
0.0252393
0.0227152
0.0267347
0.0249524
0.0295335
0.0290112
0.0336318
0.0345087
0.0396604
0.0421144
0.0479768
0.0520607
0.0592585
0.0655166
0.0746535
0.0834978
0.0953026
0.107448
0.123
0.139455
0.159532
0.180858
0.0219463
0.0251645
0.0227776
0.0265726
0.0249991
0.0293944
0.0290527
0.0333815
0.0345996
0.0394596
0.0421182
0.0477958
0.0520815
0.0591344
0.0651625
0.0741451
0.0825346
0.0941997
0.10533
0.120339
0.134798
0.153262
0.171495
0.021923
0.0250682
0.0228472
0.0263951
0.0250625
0.0292398
0.029118
0.0330761
0.0348393
0.0392576
0.0420698
0.0475037
0.0519071
0.0585777
0.0646327
0.0733281
0.0812022
0.0923299
0.102336
0.116343
0.128817
0.145528
0.159759
0.0219024
0.0249545
0.0229192
0.0262071
0.025141
0.029082
0.0292027
0.0327095
0.035039
0.0390832
0.042215
0.0474279
0.0520538
0.0586435
0.0644231
0.0728824
0.0802209
0.0909302
0.0996863
0.112598
0.122168
0.136105
0.144664
0.0218823
0.024827
0.0229938
0.0260162
0.0252165
0.0289105
0.0293073
0.0339173
0.0350515
0.0388414
0.042049
0.0470503
0.0517199
0.0577882
0.0636514
0.0714725
0.0784542
0.0880018
0.0956639
0.106619
0.11382
0.124297
0.127213
0.0218596
0.0246883
0.0230613
0.0258358
0.0253273
0.0287806
0.0293877
0.0335388
0.0349238
0.0388594
0.0423131
0.0473068
0.0521263
0.058272
0.0637935
0.0713611
0.0777637
0.0865409
0.0928083
0.101813
0.105031
0.110995
0.10614
0.021834
0.024508
0.0231365
0.0255389
0.0253396
0.0284565
0.0294403
0.0334542
0.0348965
0.0383546
0.0419475
0.0462972
0.0510018
0.0563142
0.0618397
0.0681109
0.074043
0.0802278
0.0850676
0.0892282
0.0898102
0.0870974
0.0765388
0.0218017
0.0242511
0.023217
0.0251474
0.0253992
0.028001
0.0291947
0.0302615
0.0343083
0.0373299
0.0408993
0.044798
0.0491459
0.0535288
0.0582036
0.0627254
0.0670195
0.0704663
0.0730141
0.0732625
0.0714816
0.065429
0.056843
0.021765
0.0239387
0.0233172
0.0246821
0.0254416
0.0274311
0.0289582
0.0311493
0.0338527
0.0362975
0.0397329
0.0430451
0.0468792
0.050306
0.0539693
0.0570643
0.0597617
0.0610553
0.0613671
0.0592089
0.0552947
0.0485422
0.0401715
0.0217228
0.0235703
0.0234163
0.0241502
0.0254366
0.0268842
0.0286104
0.0302392
0.0330632
0.0351167
0.0382663
0.0410558
0.0442306
0.0467892
0.0493662
0.0511504
0.0521591
0.0516537
0.0499995
0.046272
0.0410182
0.0340043
0.0258944
0.0216699
0.0231481
0.0234918
0.023611
0.0253347
0.0263333
0.028096
0.0294911
0.032113
0.0338144
0.0365284
0.0387689
0.0412081
0.0428897
0.0443442
0.0448434
0.0444152
0.0425182
0.039534
0.0349764
0.0292071
0.0223025
0.0147531
0.0215969
0.0226929
0.0235033
0.023074
0.0251107
0.0257853
0.027423
0.0286449
0.030958
0.0323217
0.0345198
0.0362709
0.0378861
0.0386955
0.0391398
0.0385761
0.0370203
0.0341113
0.0302538
0.0252292
0.0193268
0.0127204
0.00577855
0.0214921
0.0222245
0.0234246
0.0225451
0.0247453
0.0252284
0.0265729
0.0276907
0.0296376
0.0306294
0.0322957
0.033542
0.0343497
0.0343144
0.0338906
0.0325052
0.0300731
0.0265119
0.0222111
0.0171527
0.0115298
0.00543747
-0.000836027
0.0213391
0.0217534
0.0232351
0.0220239
0.0242247
0.0246434
0.0255697
0.0265948
0.0281727
0.0287335
0.0298599
0.0306418
0.0307043
0.0298822
0.0287671
0.026839
0.0238713
0.019932
0.0154823
0.0106242
0.00542197
-0.000101568
-0.00578196
0.0211218
0.0212838
0.0229281
0.0215052
0.0235484
0.0239995
0.0244466
0.0253256
0.0265858
0.0266839
0.0272481
0.0276246
0.0270707
0.0255777
0.0239211
0.0216938
0.0184841
0.0144147
0.0100464
0.00555615
0.000874645
-0.00408072
-0.00921442
0.0208271
0.020819
0.0224965
0.0209754
0.0227295
0.0232656
0.0232403
0.0238822
0.0248832
0.0245441
0.0245345
0.0245416
0.023547
0.0215431
0.0194871
0.0171542
0.013967
0.00998155
0.00583299
0.00178397
-0.00233014
-0.00677707
-0.0115824
0.0204491
0.0203501
0.0219507
0.0204109
0.0217958
0.02241
0.0219788
0.022313
0.0230684
0.022363
0.0217921
0.0214799
0.0202056
0.0178832
0.015585
0.0132884
0.0102943
0.00653478
0.00267098
-0.000924506
-0.00448904
-0.00843002
-0.012721
0.0199813
0.019866
0.0213046
0.0197988
0.0207695
0.0214181
0.0206749
0.0206744
0.021168
0.0201874
0.0191991
0.0185817
0.0171298
0.0146458
0.012255
0.0100899
0.00738481
0.00395157
0.000442902
-0.00268489
-0.00567482
-0.00897192
-0.012791
0.0194365
0.0193433
0.0205802
0.0191041
0.0196955
0.0203102
0.0193513
0.0190186
0.0192057
0.0180391
0.0167559
0.0159345
0.0143986
0.0118932
0.00953583
0.00755088
0.00516112
0.00209434
-0.0010327
-0.00372502
-0.00622186
-0.00900166
-0.012246
0.0188069
0.0187774
0.0198061
0.0183355
0.0185763
0.0191062
0.0180079
0.0173924
0.017295
0.015985
0.0145369
0.0135957
0.0120279
0.00959225
0.00737649
0.00563452
0.00357506
0.000888345
-0.00183795
-0.00411508
-0.00617803
-0.00845209
-0.0111669
0.0181273
0.0181418
0.0189778
0.017497
0.0174561
0.0178848
0.0166804
0.0158258
0.015477
0.0140893
0.0126096
0.0116112
0.0100413
0.00772259
0.00572711
0.00426206
0.00251831
0.000184624
-0.00215705
-0.00403074
-0.00565772
-0.00753361
-0.00978999
0.0173961
0.0174719
0.0181304
0.0165721
0.01635
0.0166702
0.0154012
0.0143373
0.0137664
0.0123921
0.0109855
0.00998613
0.00844463
0.00629706
0.00458073
0.00340951
0.00195525
-5.73047e-05
-0.00204633
-0.00356379
-0.00486667
-0.00639795
-0.00829578
0.0166468
0.0167643
0.0172429
0.0156884
0.0152754
0.0155159
0.0142333
0.0129908
0.0122403
0.0109756
0.00974382
0.00881701
0.00722104
0.00524372
0.00381088
0.00290885
0.00170183
-2.7794e-05
-0.00170545
-0.00292339
-0.00392075
-0.00512939
-0.00664707
0.0159261
0.0160283
0.0163343
0.0147438
0.0143048
0.0144429
0.0131347
0.0117871
0.0109403
0.00982481
0.00875643
0.00778327
0.00627161
0.00457816
0.00348123
0.0028031
0.00176537
0.000284226
-0.00109551
-0.00205421
-0.00287203
-0.00388382
-0.00513183
0.0152207
0.0153856
0.015427
0.0139688
0.0134963
0.013526
0.0122899
0.0108565
0.00989753
0.00897933
0.00807687
0.00703936
0.00559538
0.00420472
0.00339762
0.00288412
0.00200535
0.000762619
-0.000372777
-0.00112256
-0.00174585
-0.00251867
-0.0034708
0.0146279
0.0146985
0.0146366
0.0133716
0.0126279
0.0126009
0.0117299
0.010234
0.00920017
0.00851732
0.00768653
0.00662428
0.00537182
0.00425995
0.00352457
0.00304185
0.00242958
0.00152731
0.000619926
-9.51967e-05
-0.00061132
-0.00112919
-0.00176556
0.014108
0.0140326
0.01395
0.01293
0.0118606
0.0115865
0.0110415
0.00971944
0.00848958
0.00774138
0.00708783
0.00622303
0.00512144
0.00402437
0.00319098
0.00269813
0.0022822
0.00171652
0.0010075
0.000348585
-0.000134627
-0.000508823
-0.000893208
0.0136688
0.0135681
0.0134576
0.0124729
0.0113077
0.0108831
0.0105081
0.00944022
0.00815247
0.0073265
0.00682247
0.00615574
0.00515146
0.00410069
0.0033124
0.00283204
0.00245539
0.00198518
0.00140113
0.000817511
0.000331808
-5.05764e-05
-0.000390219
0.0134991
0.0132598
0.0130344
0.0123297
0.0111762
0.0103985
0.0099463
0.00922593
0.00813942
0.00715541
0.00646256
0.00585211
0.00508347
0.0042011
0.00337763
0.00275441
0.00231035
0.00192825
0.00150455
0.00104251
0.000608761
0.000248461
-4.26403e-05
0.0642986
0.0439934
0.0188886
-0.00477247
-0.0281028
-0.0515361
-0.074527
-0.0959419
0.0478628
0.0278792
0.00252062
-0.0188706
-0.0374155
-0.0555658
-0.0733832
-0.0901637
0.0323609
0.0163303
-0.00531325
-0.0241886
-0.0394349
-0.0532575
-0.0667185
-0.0798801
0.018956
0.00597765
-0.0126136
-0.0293439
-0.0424048
-0.0532647
-0.0634545
-0.0734363
0.00847848
-0.00205407
-0.0174208
-0.0317355
-0.0425273
-0.050821
-0.058376
-0.0658077
-2.45365e-05
-0.00867384
-0.0211061
-0.0329449
-0.0417579
-0.0481762
-0.0538319
-0.0593715
-0.00613178
-0.0132142
-0.023055
-0.0325351
-0.0395983
-0.0445941
-0.048834
-0.0529173
-0.0106408
-0.0164543
-0.0241108
-0.0314725
-0.0370162
-0.0409003
-0.0440824
-0.0470851
-0.0135814
-0.0182452
-0.0239579
-0.029446
-0.0337482
-0.0368227
-0.0392502
-0.0414517
-0.015658
-0.0193467
-0.0231981
-0.0269332
-0.0301566
-0.0326609
-0.0346187
-0.0362855
-0.0164889
-0.0194193
-0.0218533
-0.0241735
-0.0264297
-0.0284217
-0.0300594
-0.0314051
-0.0161487
-0.0184707
-0.0199808
-0.0213599
-0.0228872
-0.0244246
-0.0257846
-0.0269044
-0.0151388
-0.0169682
-0.0178796
-0.0186426
-0.0196371
-0.020788
-0.0218881
-0.0228141
-0.013589
-0.0150227
-0.0155741
-0.0159746
-0.0166099
-0.0174498
-0.0183145
-0.0190727
-0.0117915
-0.0128904
-0.013197
-0.0133702
-0.0137699
-0.0143891
-0.0150691
-0.0156755
-0.00996231
-0.0108395
-0.011013
-0.0110545
-0.0112905
-0.0117347
-0.0122626
-0.012762
-0.00796536
-0.00860299
-0.00865985
-0.00861039
-0.00872814
-0.00903079
-0.00941141
-0.00976479
-0.00616206
-0.00663048
-0.00663206
-0.00655548
-0.00661967
-0.00683614
-0.00712267
-0.00740346
-0.00425057
-0.00456889
-0.00450763
-0.00438468
-0.00437769
-0.00449715
-0.00467137
-0.00483861
-0.00235452
-0.00265767
-0.00270986
-0.00268304
-0.00269738
-0.00279125
-0.0029345
-0.00309257
-0.00128589
-0.00158073
-0.00178258
-0.00191264
-0.00201992
-0.00215093
-0.00232022
-0.00251796
-0.00066761
-0.000865439
-0.00103365
-0.00118865
-0.00133975
-0.00149392
-0.00165266
-0.00181395
-0.000266904
-0.000455744
-0.000657562
-0.000859304
-0.00104986
-0.00122662
-0.00139352
-0.00155644
-0.206956
-0.206499
-0.209205
-0.215295
-0.224702
-0.237711
-0.25503
-0.276915
-0.206408
-0.205992
-0.208214
-0.213072
-0.220457
-0.230852
-0.244658
-0.261657
-0.204005
-0.203247
-0.204999
-0.209139
-0.21516
-0.223567
-0.234872
-0.247927
-0.200109
-0.198733
-0.200464
-0.204026
-0.208853
-0.215175
-0.222723
-0.229539
-0.195754
-0.193921
-0.195319
-0.198166
-0.201472
-0.204965
-0.207858
-0.20834
-0.191719
-0.189409
-0.190219
-0.191927
-0.193234
-0.193607
-0.192216
-0.187759
-0.18883
-0.185935
-0.18577
-0.185858
-0.184867
-0.182198
-0.177344
-0.169281
-0.187651
-0.184002
-0.182442
-0.180521
-0.176937
-0.171489
-0.163887
-0.153179
-0.188454
-0.183821
-0.180489
-0.176026
-0.169722
-0.161824
-0.152003
-0.139306
-0.191279
-0.185424
-0.179683
-0.172341
-0.163274
-0.1533
-0.141614
-0.127421
-0.196633
-0.188496
-0.179788
-0.169026
-0.157564
-0.145802
-0.132559
-0.117269
-0.202827
-0.192531
-0.179944
-0.166002
-0.152629
-0.139131
-0.124681
-0.108534
-0.212391
-0.196858
-0.180028
-0.163225
-0.148021
-0.133042
-0.117666
-0.101046
-0.220269
-0.200654
-0.179447
-0.16047
-0.143887
-0.127548
-0.11169
-0.0946576
-0.231203
-0.203685
-0.178689
-0.158799
-0.139997
-0.122681
-0.105965
-0.0888704
-0.250104
-0.235505
-0.225585
-0.220001
-0.216918
-0.214624
-0.212136
-0.209367
-0.254089
-0.239519
-0.228955
-0.222276
-0.217906
-0.214555
-0.211463
-0.208601
-0.258015
-0.242812
-0.231451
-0.223838
-0.21856
-0.214307
-0.210387
-0.206771
-0.264046
-0.247672
-0.2351
-0.226266
-0.219821
-0.214322
-0.209029
-0.20401
-0.272192
-0.254253
-0.240084
-0.22976
-0.221876
-0.214822
-0.20776
-0.200922
-0.282044
-0.262193
-0.246157
-0.234145
-0.224669
-0.215902
-0.20692
-0.198113
-0.29325
-0.271196
-0.253088
-0.239274
-0.228149
-0.217646
-0.206792
-0.196148
-0.305484
-0.280991
-0.260699
-0.24507
-0.23235
-0.220164
-0.207651
-0.19557
-0.31833
-0.291442
-0.268906
-0.251542
-0.237477
-0.223654
-0.209583
-0.196577
-0.331498
-0.302273
-0.277648
-0.258723
-0.243919
-0.228746
-0.214057
-0.200279
-0.344509
-0.313301
-0.286955
-0.266584
-0.249027
-0.233849
-0.218044
-0.205471
-0.357616
-0.324491
-0.297011
-0.276011
-0.259509
-0.244527
-0.229085
-0.214126
-0.370405
-0.335799
-0.307797
-0.286883
-0.268666
-0.251934
-0.236707
-0.224425
-0.382945
-0.347711
-0.319302
-0.300271
-0.285188
-0.270083
-0.254251
-0.23821
-0.394965
-0.361508
-0.333072
-0.312409
-0.296632
-0.281721
-0.268387
-0.255107
-0.410889
-0.384206
-0.364497
-0.350422
-0.334625
-0.315364
-0.295832
-0.282822
-0.420825
-0.403965
-0.39443
-0.387819
-0.378925
-0.364319
-0.344673
-0.319437
-0.420663
-0.418797
-0.422248
-0.424992
-0.421174
-0.408979
-0.39274
-0.362289
-0.409168
-0.423859
-0.441155
-0.454207
-0.457826
-0.448315
-0.436101
-0.404923
-0.388287
-0.418387
-0.446552
-0.467727
-0.479202
-0.474594
-0.465563
-0.437347
-0.360331
-0.40532
-0.443678
-0.47088
-0.486257
-0.485113
-0.479187
-0.453006
-0.317026
-0.371814
-0.412871
-0.4567
-0.473306
-0.472962
-0.47074
-0.447013
-0.247463
-0.303971
-0.345337
-0.378202
-0.403384
-0.408388
-0.41097
-0.401545
-0.142116
-0.178568
-0.216407
-0.249005
-0.278438
-0.297252
-0.306723
-0.318014
-0.0351881
-0.0568758
-0.0850083
-0.115426
-0.146192
-0.174
-0.19523
-0.221027
0.034614
0.0183769
-0.00545523
-0.0319131
-0.0590438
-0.0851124
-0.106927
-0.13753
0.0748782
0.0621299
0.0427025
0.0203632
-0.00215391
-0.0244841
-0.042956
-0.071323
0.082038
0.0720946
0.0574016
0.0411425
0.0248838
0.00862798
-0.00556658
-0.0269108
0.0792328
0.0715302
0.0611338
0.0497421
0.0383014
0.0271485
0.0162297
0.00116499
0.0679102
0.0625466
0.0559193
0.0488154
0.0414526
0.0338145
0.0263031
0.0163702
0.0570392
0.0531735
0.0487488
0.0441399
0.0394476
0.034527
0.0294132
0.0227803
0.0467284
0.0443428
0.0416082
0.0386845
0.0357085
0.032497
0.0294295
0.0249209
0.0378719
0.0361847
0.0344682
0.0326477
0.0307603
0.0286355
0.026697
0.0239003
0.031568
0.0303279
0.0290329
0.0277214
0.0264474
0.0250034
0.0236956
0.0219527
0.0251957
0.0245132
0.0238083
0.0230269
0.0222271
0.0213169
0.0204683
0.0194608
0.0209549
0.0203387
0.0197422
0.0191454
0.0185557
0.017908
0.0172879
0.0166312
0.017184
0.0168118
0.0164292
0.0160386
0.0156533
0.0152349
0.0148118
0.0143989
0.0137343
0.0135202
0.0133079
0.0130757
0.0128359
0.0125816
0.0123305
0.0121045
0.0117272
0.0114723
0.0112304
0.0110002
0.0107744
0.0105441
0.0103208
0.0101303
0.00938946
0.00930977
0.00922884
0.00913875
0.00904282
0.00893441
0.00881618
0.00870582
0.00776027
0.00766361
0.00756836
0.00747325
0.00738141
0.00729168
0.00721189
0.00714255
0.00683489
0.00670665
0.00658184
0.00646157
0.00634551
0.00623588
0.00613955
0.00606421
0.00542987
0.00541076
0.00539606
0.00538036
0.00536086
0.00533367
0.00530393
0.00525702
0.00449757
0.00443342
0.00437276
0.00431707
0.00426707
0.00422213
0.00418729
0.00416003
0.00392514
0.00387439
0.00382252
0.00377065
0.00372081
0.00367578
0.00363849
0.00360871
0.00306001
0.00306048
0.00306246
0.00306335
0.00306091
0.00305498
0.00304772
0.00302109
0.00249073
0.00248228
0.00247486
0.00246875
0.00246287
0.00245668
0.00245516
0.00245043
0.00195074
0.00191053
0.00187168
0.00183604
0.0018054
0.00178039
0.00176165
0.00175701
0.0016291
0.00163122
0.00163311
0.00163336
0.00163158
0.00162848
0.00162379
0.00160881
0.00128918
0.00133435
0.00137736
0.00141517
0.00144507
0.00146685
0.00147901
0.00146352
0.000468358
0.000409488
0.000355581
0.000309856
0.000274368
0.000251695
0.000247839
0.000266466
0.000383714
0.000375261
0.000367767
0.00036193
0.000358193
0.000356263
0.000356121
0.000359266
0.000313833
0.000347891
0.000379214
0.00040577
0.000426051
0.000438473
0.000440135
0.000428291
-0.26218
-0.23191
-0.201888
-0.17295
-0.145753
-0.122165
-0.101883
-0.0843899
-0.0696016
-0.0572176
-0.0468461
-0.0382475
-0.0310898
-0.0251869
-0.0201735
-0.0160245
-0.0122731
-0.00897066
-0.00594289
-0.00247043
-0.000852947
8.04602e-05
0.000528405
-0.296352
-0.268367
-0.234615
-0.199669
-0.167812
-0.140114
-0.116156
-0.0957129
-0.0785241
-0.0641857
-0.0522746
-0.0424662
-0.034365
-0.027733
-0.0221773
-0.0176105
-0.0135597
-0.0100193
-0.00681019
-0.00304359
-0.00122273
-0.000179378
0.000292347
-0.333554
-0.298931
-0.257074
-0.21718
-0.182216
-0.15176
-0.125484
-0.103183
-0.0844725
-0.0688995
-0.0560021
-0.0454075
-0.03668
-0.0295656
-0.0236376
-0.0187964
-0.0145442
-0.0108251
-0.00754389
-0.00354416
-0.00157994
-0.000452176
3.77093e-05
-0.370718
-0.32341
-0.271098
-0.22697
-0.189503
-0.157227
-0.129822
-0.106684
-0.0873305
-0.0712546
-0.0579477
-0.0470185
-0.0380114
-0.0306813
-0.0245713
-0.0196106
-0.0152648
-0.0114351
-0.00815127
-0.00396462
-0.00191451
-0.000734304
-0.000231752
-0.402408
-0.33845
-0.278987
-0.232001
-0.191934
-0.158699
-0.13083
-0.107455
-0.0880275
-0.0719179
-0.0585934
-0.047644
-0.0386091
-0.0312592
-0.0251211
-0.0201547
-0.0158215
-0.0119359
-0.00870103
-0.004348
-0.00223234
-0.00102712
-0.000510169
-0.419381
-0.339989
-0.280341
-0.231297
-0.19031
-0.157416
-0.129618
-0.106552
-0.0874239
-0.0715804
-0.058474
-0.0476816
-0.0387612
-0.0314981
-0.0254203
-0.0205088
-0.0162478
-0.012372
-0.00920373
-0.00471198
-0.00254871
-0.00132889
-0.000797123
-0.410303
-0.329929
-0.27333
-0.224108
-0.184403
-0.153213
-0.126206
-0.104142
-0.0857624
-0.0705187
-0.0578419
-0.0473589
-0.0386552
-0.0315528
-0.0255853
-0.0207673
-0.0165926
-0.0127809
-0.00968977
-0.00508509
-0.00286627
-0.00163773
-0.00108965
-0.366614
-0.296512
-0.251298
-0.20779
-0.173141
-0.144655
-0.120325
-0.0999861
-0.0829302
-0.0686833
-0.0566936
-0.046699
-0.0383262
-0.0314653
-0.0256558
-0.020971
-0.0168855
-0.0131875
-0.0101867
-0.00547329
-0.00320329
-0.00194992
-0.00138723
-0.292884
-0.242796
-0.214735
-0.180769
-0.154909
-0.131776
-0.111357
-0.0938376
-0.0788059
-0.065918
-0.0549175
-0.0456156
-0.0377207
-0.0311958
-0.0256065
-0.0210987
-0.0171283
-0.013575
-0.0107128
-0.00588044
-0.00355222
-0.00226035
-0.00168321
-0.209511
-0.182051
-0.169908
-0.146926
-0.131275
-0.114651
-0.0992875
-0.0854768
-0.0730598
-0.0620312
-0.0523953
-0.0439788
-0.0367246
-0.0306493
-0.025354
-0.0210623
-0.0172398
-0.0138462
-0.0111309
-0.00625619
-0.00392106
-0.00256672
-0.00197456
-0.134717
-0.125936
-0.124346
-0.111947
-0.105387
-0.09482
-0.0848083
-0.0751506
-0.0657802
-0.0569981
-0.048954
-0.0416983
-0.0352512
-0.0297728
-0.0248482
-0.0208163
-0.0171777
-0.0139823
-0.0113355
-0.00655515
-0.00427362
-0.00285116
-0.00225481
-0.0753553
-0.0787239
-0.0833343
-0.0797048
-0.0798017
-0.074449
-0.0694068
-0.063633
-0.0573155
-0.0509276
-0.044688
-0.0387942
-0.0333323
-0.0285064
-0.0240715
-0.0203467
-0.0169726
-0.013959
-0.0113599
-0.00675225
-0.00456595
-0.00311417
-0.00250846
-0.0337729
-0.0421776
-0.049933
-0.0522316
-0.056542
-0.055368
-0.0544277
-0.0518591
-0.0482877
-0.0441628
-0.039728
-0.0352586
-0.0308631
-0.0267887
-0.0229126
-0.0195594
-0.0164651
-0.0135723
-0.0112098
-0.00676322
-0.00482944
-0.0033338
-0.00273528
-0.00680632
-0.0168757
-0.0253428
-0.030654
-0.0368718
-0.0386574
-0.040707
-0.0405692
-0.0392988
-0.0371743
-0.0344261
-0.0313247
-0.0280064
-0.0247316
-0.0214899
-0.0185268
-0.0157819
-0.0130011
-0.0108544
-0.00675997
-0.00493909
-0.00350039
-0.00292648
0.00894217
-0.000662941
-0.00883365
-0.0150925
-0.0217435
-0.0251084
-0.0288344
-0.0302882
-0.0307713
-0.0303057
-0.0290235
-0.0271374
-0.0248422
-0.022363
-0.0197753
-0.0172199
-0.0148518
-0.0122227
-0.0103194
-0.00661999
-0.0049943
-0.0035961
-0.00307949
0.016899
0.00873994
0.00160009
-0.00459171
-0.010915
-0.0149118
-0.019247
-0.0215525
-0.0231571
-0.0238915
-0.0237544
-0.0229003
-0.0215221
-0.0197902
-0.0178469
-0.0157031
-0.0137564
-0.0112927
-0.00966516
-0.00636039
-0.00499535
-0.00364696
-0.00318973
0.0206371
0.0138561
0.00809243
0.00252144
-0.00321917
-0.00731541
-0.0117581
-0.0144944
-0.0167585
-0.0182389
-0.0188879
-0.0188524
-0.0182616
-0.0171815
-0.0158479
-0.0141113
-0.0125649
-0.0103082
-0.00890427
-0.00596781
-0.00492935
-0.00361079
-0.00325053
0.0207457
0.0155703
0.0111789
0.00657272
0.00177327
-0.00203721
-0.00619175
-0.00903617
-0.0116268
-0.0134642
-0.0145897
-0.0151377
-0.01514
-0.0146032
-0.0138059
-0.0124535
-0.0113234
-0.00929612
-0.00820406
-0.00561799
-0.00479753
-0.00354113
-0.00325139
0.0196783
0.015723
0.0124676
0.00868199
0.00485262
0.00157577
-0.0020863
-0.00478182
-0.00745299
-0.00942313
-0.0108381
-0.0117785
-0.0122128
-0.0120936
-0.0117582
-0.0107262
-0.00997718
-0.00820651
-0.00738162
-0.00509447
-0.00459936
-0.00339326
-0.0032056
0.0177415
0.0148845
0.0123974
0.00936447
0.00635354
0.00362037
0.000553123
-0.00184218
-0.00436729
-0.00629494
-0.00783259
-0.00899105
-0.00970274
-0.00989585
-0.00991598
-0.00918825
-0.00878051
-0.0072452
-0.00671073
-0.00467325
-0.00432493
-0.00320354
-0.00308837
0.0154261
0.0133603
0.0115438
0.00921603
0.0069282
0.00471142
0.00223046
0.000190496
-0.00205214
-0.00382411
-0.00535057
-0.00659635
-0.00746952
-0.00786182
-0.00816591
-0.00764615
-0.00754495
-0.00617856
-0.00592365
-0.00418086
-0.00405933
-0.00298926
-0.00293032
0.0134996
0.0119722
0.010627
0.00884159
0.00713524
0.00538004
0.0033894
0.00170771
-0.000209911
-0.00175246
-0.00319537
-0.00440307
-0.00534769
-0.00585462
-0.00635309
-0.00603122
-0.00619664
-0.00511036
-0.00514159
-0.00367902
-0.00375452
-0.00272096
-0.00275574
0.0114204
0.0103647
0.00932174
0.00799742
0.00670628
0.0053147
0.00375586
0.0023606
0.000771546
-0.000548116
-0.00184917
-0.00296037
-0.00390013
-0.00444969
-0.00507785
-0.00486338
-0.00523581
-0.00428004
-0.00446694
-0.00311822
-0.003372
-0.00242737
-0.00253713
0.00970855
0.00891252
0.00817635
0.00718185
0.00623799
0.00514915
0.00394767
0.00282994
0.00152582
0.000421625
-0.000733074
-0.00170914
-0.00262765
-0.00315504
-0.00386703
-0.00372907
-0.00423777
-0.00342085
-0.00378216
-0.00254277
-0.00296201
-0.00205818
-0.0022595
0.00830989
0.00774366
0.0071703
0.00642336
0.0057045
0.00484251
0.00392163
0.00302992
0.00198506
0.00107974
9.25695e-05
-0.000744595
-0.00159562
-0.00209067
-0.00283548
-0.00275587
-0.00340276
-0.00268593
-0.0032016
-0.00215662
-0.00261678
-0.00176573
-0.001972
0.00688108
0.00649621
0.00607035
0.00553827
0.00500066
0.00433864
0.0036437
0.0029357
0.0021211
0.00138082
0.000578999
-0.000121019
-0.000874709
-0.00127761
-0.0020167
-0.00189482
-0.00259949
-0.00190809
-0.00256135
-0.00158556
-0.00220968
-0.00139136
-0.0016794
0.00592273
0.00560937
0.00530845
0.00490757
0.00452321
0.00402945
0.00351347
0.00297166
0.00233947
0.00175733
0.00108817
0.000531665
-0.000154811
-0.0004848
-0.00122168
-0.00113622
-0.00192378
-0.00135058
-0.00211673
-0.00117596
-0.00183247
-0.0010518
-0.00137289
0.00505353
0.00481199
0.00455022
0.00423059
0.00390704
0.00351188
0.00310036
0.00266244
0.00216109
0.00168449
0.00115331
0.000681482
0.000102311
-0.000168181
-0.000852152
-0.000722348
-0.00149167
-0.00089262
-0.00165872
-0.000762394
-0.0014602
-0.000726722
-0.00107562
0.00407362
0.00393693
0.00376749
0.00356421
0.0033405
0.00306456
0.0027658
0.00243989
0.00206768
0.00168882
0.00128648
0.000922878
0.000439312
0.000272857
-0.000354634
-0.000167389
-0.00094341
-0.000342024
-0.00122652
-0.000286356
-0.00108467
-0.000352752
-0.000767533
0.00356427
0.00343254
0.00330782
0.00314956
0.00298158
0.00278089
0.00256101
0.00231649
0.00204284
0.00175878
0.00142711
0.0011619
0.000721468
0.000610608
-5.45795e-06
0.000180932
-0.000611442
-4.50542e-05
-0.000857819
1.39525e-05
-0.000845806
-0.000129383
-0.000522679
0.00293077
0.00282764
0.00271815
0.00258449
0.00244172
0.00227505
0.00209489
0.0018948
0.00166936
0.00144283
0.00119496
0.000971647
0.000637853
0.000579429
7.19045e-05
0.000332118
-0.00034962
0.000270655
-0.000547242
0.000320882
-0.000545718
0.000182031
-0.000274742
0.00239097
0.00233735
0.00226091
0.00217911
0.00208697
0.0019794
0.00186048
0.0017314
0.00158119
0.00141172
0.00124372
0.00109131
0.000818263
0.000824545
0.000349431
0.00063675
-9.54952e-05
0.00055673
-0.000354371
0.000551179
-0.000361779
0.000383881
-6.23667e-05
0.00178153
0.00176409
0.00174104
0.00170534
0.00165506
0.00159042
0.00151015
0.001418
0.00132021
0.00120027
0.00106311
0.000967374
0.000720096
0.000767533
0.000314148
0.000641407
-2.99875e-05
0.000644129
-0.000130637
0.000777578
-0.000218893
0.000514213
7.63169e-05
0.00157734
0.00152431
0.00148483
0.00143208
0.00137622
0.0013135
0.00124302
0.00115941
0.00107038
0.000985624
0.000871026
0.000824935
0.000603939
0.000744212
0.000320594
0.000753251
8.64112e-05
0.000784394
-9.63061e-05
0.000833372
-4.57892e-05
0.000705031
0.000223838
0.00139566
0.00135294
0.00129999
0.00124745
0.00119539
0.00114267
0.00109191
0.0010387
0.000973151
0.00090996
0.000854848
0.000795292
0.00065383
0.000750398
0.000367995
0.000761655
5.74295e-05
0.000838426
-2.67459e-05
0.000985852
7.81217e-05
0.000740542
0.000332218
0.000305546
0.000336642
0.000350327
0.000361631
0.000363491
0.000357307
0.00034451
0.000329935
0.000308544
0.000268289
0.000243786
0.000233868
0.000116522
0.000249825
-5.7912e-05
0.000345346
-0.000152722
0.000601739
4.33465e-05
0.00102513
0.000102854
0.000715485
0.000303059
0.000360868
0.000335751
0.000320202
0.000305644
0.000292121
0.000279303
0.000265878
0.000253058
0.000245338
0.000234142
0.00020734
0.000275834
0.000106778
0.000395142
2.32166e-05
0.000518998
8.50704e-06
0.000562679
-1.58288e-05
0.000671709
0.000129586
0.00067796
0.000300231
0.000403372
0.000381099
0.00036433
0.000347699
0.000333796
0.000322046
0.000312089
0.00030252
0.000295514
0.000293096
0.000279291
0.000301182
0.000228515
0.000348678
0.000148196
0.000377495
4.87516e-05
0.000318168
-7.72098e-05
0.000266657
4.11313e-05
0.00029611
0.000154429
-0.0826479
-0.0780049
-0.0708885
-0.0640191
-0.0574857
-0.0518715
-0.046277
-0.0410484
-0.036175
-0.0315917
-0.0273084
-0.0233674
-0.019728
-0.0164429
-0.0133927
-0.0107377
-0.00812982
-0.00581288
-0.00368799
-0.00105585
0.000473863
0.00126742
0.0016218
-0.0991711
-0.0935592
-0.0834003
-0.0739613
-0.0656911
-0.058438
-0.0512977
-0.0448829
-0.0390633
-0.0337351
-0.0289039
-0.0245666
-0.0206392
-0.017151
-0.0139547
-0.0111753
-0.00847939
-0.00607056
-0.00382018
-0.00116885
0.000362314
0.00113233
0.00148954
-0.116771
-0.109174
-0.0947843
-0.0831759
-0.0738542
-0.0650475
-0.0563811
-0.0488026
-0.0419961
-0.0358841
-0.030479
-0.0257272
-0.0214991
-0.01781
-0.0144639
-0.0115791
-0.00879536
-0.00630191
-0.00396207
-0.00127347
0.000244405
0.000993646
0.0013601
-0.135744
-0.1269
-0.108101
-0.0938371
-0.0827817
-0.0717965
-0.0615965
-0.0529067
-0.0450882
-0.0381784
-0.0321748
-0.0269697
-0.0224067
-0.0184888
-0.0149682
-0.0119687
-0.00908426
-0.00650149
-0.0040926
-0.00136197
0.000117334
0.000853418
0.00123252
-0.156824
-0.14347
-0.119963
-0.10503
-0.0924507
-0.0791038
-0.0674373
-0.0575098
-0.0485566
-0.0407965
-0.0341349
-0.0284154
-0.0234692
-0.0192781
-0.0155473
-0.0124063
-0.00939968
-0.00671615
-0.00423984
-0.00145047
-2.03436e-05
0.000712465
0.00110438
-0.180923
-0.163315
-0.135012
-0.118257
-0.102522
-0.0867118
-0.0736963
-0.0623919
-0.0522811
-0.0436765
-0.036328
-0.0300677
-0.0247155
-0.0202214
-0.0162576
-0.0129476
-0.00980136
-0.00700291
-0.00443608
-0.00155953
-0.000171278
0.000572608
0.000975467
-0.207064
-0.178626
-0.150337
-0.132814
-0.113504
-0.0955587
-0.0809026
-0.0679149
-0.0565669
-0.0470222
-0.0388989
-0.0320427
-0.0262389
-0.0213974
-0.0171709
-0.0136578
-0.0103543
-0.00742776
-0.00474101
-0.00172876
-0.000343965
0.000430989
0.000844011
-0.236792
-0.200687
-0.17086
-0.148923
-0.12602
-0.106068
-0.0892858
-0.0744682
-0.0617823
-0.051129
-0.0421067
-0.0345551
-0.0282094
-0.0229403
-0.0183928
-0.0146196
-0.011128
-0.00804252
-0.00520519
-0.00200331
-0.000553321
0.000282448
0.000708844
0.0826593
0.0611526
0.0397627
0.0174539
-0.00552435
-0.0288523
-0.0509447
-0.0708732
0.0861834
0.062447
0.0388485
0.014357
-0.0103482
-0.0341082
-0.0561553
-0.0763191
0.0893042
0.0623906
0.0358134
0.00937127
-0.0162544
-0.0402318
-0.0623784
-0.0825687
0.0910377
0.0608504
0.0314997
0.00340219
-0.0230703
-0.0476065
-0.0699959
-0.0902253
0.0908497
0.0576418
0.025815
-0.0039954
-0.0315653
-0.0567357
-0.0793561
-0.0994358
0.0887166
0.0524966
0.0181946
-0.013496
-0.0422589
-0.0680439
-0.0907226
-0.11042
0.0844564
0.0449475
0.00797138
-0.0257149
-0.0556861
-0.0819764
-0.104491
-0.123463
0.0774724
0.0342611
-0.00562261
-0.0414041
-0.0725311
-0.0991302
-0.121143
-0.138955
0.0667898
0.019426
-0.0235567
-0.0613104
-0.0936446
-0.120253
-0.14127
-0.157337
0.0510798
-0.000908803
-0.0472896
-0.0871418
-0.120212
-0.146283
-0.165607
-0.179096
0.0285281
-0.0285815
-0.0785515
-0.120459
-0.153756
-0.178403
-0.1949
-0.204491
-0.00320317
-0.0660491
-0.119842
-0.163338
-0.195692
-0.217334
-0.229088
-0.232592
-0.0472762
-0.115547
-0.172551
-0.216041
-0.245528
-0.261512
-0.265238
-0.259511
-0.107256
-0.179475
-0.235356
-0.274511
-0.296898
-0.303343
-0.296269
-0.280522
-0.152364
-0.222918
-0.275823
-0.310455
-0.327811
-0.330092
-0.319913
-0.300563
0.212193
0.208495
0.200887
0.189529
0.174272
0.155704
0.134162
0.109376
0.227145
0.222344
0.212922
0.199287
0.181676
0.160326
0.136775
0.111253
0.243597
0.237671
0.226599
0.210962
0.191406
0.168095
0.14272
0.116367
0.261853
0.25483
0.242239
0.22464
0.20305
0.177755
0.14991
0.121061
0.281887
0.273664
0.259418
0.239619
0.215443
0.187516
0.156546
0.124209
0.303545
0.293885
0.277621
0.255219
0.227826
0.196515
0.161903
0.125639
0.326708
0.315319
0.296566
0.271066
0.239888
0.204502
0.165755
0.125267
0.351304
0.337876
0.316126
0.286952
0.251419
0.211284
0.1678
0.122639
0.377215
0.361406
0.336113
0.302579
0.262008
0.216372
0.167383
0.116886
0.404152
0.385541
0.356082
0.317366
0.27089
0.218847
0.163424
0.106765
0.431517
0.409569
0.375187
0.330296
0.276831
0.217281
0.154342
0.0905648
0.458199
0.432257
0.392019
0.339763
0.277992
0.209613
0.137907
0.065962
0.482292
0.451513
0.404202
0.343067
0.271369
0.192536
0.110613
0.0293928
0.500405
0.464103
0.408611
0.337004
0.253643
0.162723
0.0692471
-0.0223346
0.515225
0.473739
0.41099
0.330508
0.236596
0.134808
0.0318216
-0.0662022
0.0220855
0.0221323
0.0221835
0.0222381
0.0222949
0.0223518
0.0224078
0.0224603
0.0253105
0.025281
0.0252281
0.0251555
0.0250681
0.0249721
0.0248739
0.0247815
0.0225979
0.0225842
0.0225842
0.0225964
0.0226176
0.0226462
0.0226778
0.0227103
0.0270678
0.027113
0.0271226
0.0270971
0.0270373
0.0269581
0.0269129
0.0267912
0.0249522
0.0249927
0.0250578
0.0251429
0.0252434
0.0253532
0.025476
0.0255878
0.0297995
0.0298145
0.029798
0.0297546
0.0296929
0.029616
0.0295396
0.029488
0.0290561
0.0291203
0.0292177
0.0293397
0.0294832
0.0296455
0.0297929
0.0300142
0.0341089
0.0341725
0.0342028
0.0342108
0.03419
0.034176
0.0341059
0.0341516
0.0344728
0.034538
0.0346433
0.0347884
0.0349256
0.0351439
0.03524
0.0356035
0.0401257
0.0401931
0.0402416
0.0402871
0.0402948
0.0403787
0.0403275
0.0406037
0.0423414
0.0424403
0.0425803
0.0427394
0.0429022
0.0431049
0.043215
0.0435312
0.0484993
0.048573
0.048638
0.0486921
0.0487264
0.0488262
0.0488299
0.0491469
0.0526535
0.0527744
0.0529367
0.0531002
0.0532547
0.0534909
0.0535478
0.0539657
0.0599367
0.0600093
0.0600165
0.06026
0.0599952
0.0608338
0.060415
0.0615161
0.0665736
0.0667219
0.0667643
0.0672936
0.0666795
0.0681606
0.0670051
0.0682412
0.0759839
0.0761281
0.0760378
0.0765964
0.0760432
0.0770202
0.075666
0.0770877
0.0856301
0.0858814
0.0856365
0.0858783
0.0851737
0.0857881
0.0842417
0.0851201
0.0979799
0.0985078
0.0980384
0.0977466
0.0964236
0.0971076
0.09447
0.0954898
0.111106
0.111619
0.110795
0.110196
0.108163
0.107445
0.10403
0.103205
0.127472
0.127544
0.126525
0.125502
0.122536
0.120684
0.115307
0.112888
0.14545
0.144936
0.142991
0.140432
0.135623
0.131086
0.123546
0.116997
0.167141
0.165992
0.163048
0.158817
0.151913
0.144268
0.133036
0.121794
0.191066
0.188721
0.18358
0.175807
0.164452
0.151163
0.134156
0.11513
0.0225093
0.0225681
0.0226396
0.0227126
0.0227828
0.0228336
0.0228514
0.0228195
0.0227225
0.0225477
0.0222841
0.0219331
0.0214857
0.0209715
0.0203749
0.0197463
0.0190785
0.0183868
0.0177149
0.0170348
0.0164496
0.0160286
0.0157107
0.0246463
0.0244758
0.0242464
0.0239671
0.0236451
0.0233014
0.0229501
0.0226037
0.0222731
0.0219555
0.0216452
0.0213143
0.0209504
0.0205089
0.0199951
0.0193853
0.0187163
0.0180266
0.017306
0.0166675
0.0161351
0.0156846
0.0154744
0.0227569
0.0228292
0.022919
0.0230407
0.0231527
0.0232094
0.0231752
0.0230303
0.022762
0.0223714
0.0218682
0.0212768
0.0206157
0.019903
0.0191773
0.0184226
0.0177001
0.0169923
0.0164001
0.0158751
0.0153834
0.0149152
0.0147925
0.0268007
0.026381
0.0260263
0.025619
0.025181
0.0247642
0.0243954
0.0240118
0.0236219
0.0231994
0.0227126
0.022129
0.0214627
0.0207098
0.0199176
0.0190883
0.0182611
0.017445
0.0167004
0.0159712
0.0152129
0.0146856
0.0142859
0.0257642
0.0258326
0.0259492
0.0260432
0.0260721
0.0259669
0.0257188
0.0253249
0.0247872
0.0241401
0.0234306
0.0226784
0.0218749
0.0210157
0.0201025
0.0191441
0.018179
0.0172065
0.0162622
0.015709
0.0150404
0.0145498
0.0141114
0.0292837
0.0289018
0.0284359
0.0278932
0.0273528
0.0268278
0.0263027
0.0257512
0.0251365
0.0244158
0.0235707
0.0226068
0.0215538
0.0204499
0.0192815
0.0181014
0.0169239
0.0158318
0.0148343
0.0142973
0.0138238
0.0134654
0.0133783
0.0300789
0.030095
0.0301068
0.0300164
0.0297728
0.0293625
0.0287887
0.0280552
0.027171
0.0261326
0.0249921
0.023737
0.0223616
0.0209103
0.0193933
0.0179146
0.0164866
0.0152271
0.0141148
0.0133169
0.0125555
0.0121028
0.0121056
0.033798
0.0333084
0.0326803
0.0320329
0.0313737
0.0306474
0.0298252
0.0288835
0.0278241
0.0263289
0.0249851
0.0235117
0.0219497
0.0203403
0.0187162
0.0171485
0.0158206
0.0144851
0.0135307
0.0129059
0.0120037
0.0113879
0.0110767
0.0354279
0.0352036
0.0348348
0.0342843
0.0335489
0.0326175
0.0314849
0.0301475
0.0286062
0.0268559
0.024998
0.023076
0.0211514
0.0192856
0.0175306
0.0159398
0.0146061
0.0133971
0.0125004
0.0120631
0.0114837
0.0109919
0.0105345
0.0402223
0.0395286
0.0385912
0.037562
0.0363682
0.035017
0.0334962
0.0317976
0.0299254
0.0278888
0.0257249
0.0234982
0.0212872
0.0191648
0.0172115
0.0154456
0.01395
0.012638
0.0115803
0.0108521
0.0104206
0.0101606
0.00991884
0.0433831
0.0425691
0.041679
0.0406132
0.0392199
0.0375474
0.0355774
0.0333645
0.030969
0.0284625
0.0259169
0.0233799
0.0209223
0.018596
0.0164732
0.0145608
0.0129271
0.0115404
0.010475
0.00971804
0.00923871
0.00896871
0.00897716
0.048852
0.0473256
0.0456661
0.04379
0.0416437
0.0393106
0.0367299
0.0339296
0.0309463
0.0278691
0.0248101
0.0218681
0.0191238
0.0166248
0.0144284
0.0125152
0.0109814
0.00973049
0.00895247
0.00862305
0.00818636
0.00786082
0.00794123
0.0537307
0.0515778
0.0498045
0.0474798
0.0447932
0.0417349
0.0383696
0.0347973
0.0311161
0.0274292
0.0238458
0.0204816
0.0174314
0.0147535
0.0125175
0.0106709
0.00931724
0.008315
0.00780725
0.00774234
0.00741118
0.00718393
0.00713519
0.061493
0.0570096
0.0547109
0.0512456
0.0478065
0.0439338
0.0398123
0.0355286
0.031239
0.0270707
0.0231384
0.019536
0.0163484
0.0136145
0.0114098
0.00965374
0.00842478
0.00755686
0.0071122
0.00702314
0.00680919
0.0067539
0.00660589
0.0666657
0.0630763
0.0596938
0.0553928
0.0508213
0.0458516
0.0407586
0.0356595
0.0307128
0.0260726
0.0218452
0.0181046
0.0149047
0.0122336
0.010138
0.00852111
0.00742571
0.00663518
0.00622414
0.00621975
0.00622093
0.0062904
0.00619498
0.0741322
0.069431
0.0643502
0.0586672
0.0527914
0.0466831
0.0405849
0.0346493
0.0290664
0.0239804
0.0194771
0.0156218
0.0124482
0.00989415
0.00798373
0.00655323
0.00564625
0.00503123
0.00480366
0.00513531
0.00543569
0.00563005
0.00572004
0.0812483
0.0754824
0.0689593
0.061786
0.0544106
0.047028
0.0398794
0.0331457
0.0270044
0.0215396
0.0168194
0.0128846
0.00975533
0.00732828
0.00562178
0.00439833
0.00372596
0.00336842
0.00338624
0.00401974
0.00451956
0.00486825
0.00514086
0.0892794
0.0810402
0.0722011
0.0632779
0.0544679
0.0459802
0.038033
0.0307958
0.0243805
0.0188076
0.0141184
0.0103063
0.00736154
0.00515563
0.00368636
0.00271142
0.00228262
0.00220762
0.00244754
0.0032145
0.00373946
0.00419319
0.00455358
0.0955772
0.0853098
0.0743263
0.063467
0.0531767
0.0436867
0.0350937
0.0275272
0.0210122
0.0155188
0.0110565
0.00755485
0.00495414
0.00309655
0.00195158
0.00129442
0.00115144
0.00133324
0.00178464
0.00269128
0.00321496
0.00371306
0.00406273
0.101407
0.0871754
0.0736229
0.0611609
0.049834
0.0396555
0.0307132
0.0230661
0.0166376
0.011379
0.00727196
0.00419449
0.0020468
0.000637302
-9.91907e-05
-0.000358277
-0.00018724
0.000255816
0.000933164
0.00217883
0.00283621
0.0033987
0.00370543
0.103122
0.0862284
0.070574
0.0568344
0.0448114
0.0342782
0.0252441
0.0177294
0.0115699
0.00668118
0.00301937
0.000424725
-0.00122396
-0.00214827
-0.00244469
-0.00229829
-0.00177664
-0.00106957
-0.00015167
0.00144279
0.00241427
0.00312852
0.00342953
0.101105
0.0806304
0.064424
0.0504976
0.0383798
0.0278646
0.0189472
0.0117368
0.00603965
0.00169703
-0.00137818
-0.00339614
-0.00448882
-0.0049041
-0.00474194
-0.00422068
-0.00333589
-0.00237281
-0.00126439
0.000599166
0.00189828
0.00282406
0.00317162
0.0909824
0.0718365
0.0563322
0.0427533
0.0311004
0.0210174
0.0123464
0.0054496
0.000248193
-0.00347635
-0.00587267
-0.00723334
-0.00770535
-0.00757601
-0.00690961
-0.00602976
-0.00476774
-0.00352864
-0.00225443
-0.000220348
0.00133741
0.00247495
0.00289704
0.077317
0.0625163
0.0492775
0.0363253
0.0252685
0.0157354
0.00750166
0.000609803
-0.00443114
-0.00777228
-0.00964883
-0.0104652
-0.0104008
-0.00979645
-0.00867009
-0.00748117
-0.00589606
-0.00439134
-0.00296388
-0.000798294
0.000930391
0.00217714
0.00266376
0.0589029
0.0439724
0.0346694
0.0239094
0.0150533
0.00728286
0.000818634
-0.00482341
-0.00897022
-0.011484
-0.0126189
-0.0128076
-0.0122161
-0.011198
-0.00970995
-0.00830047
-0.00649883
-0.00483182
-0.00330565
-0.00101354
0.000768921
0.00198856
0.00249779
0.0369475
0.0211118
0.014579
0.00591024
-0.000164158
-0.00545472
-0.00927316
-0.0122559
-0.0141858
-0.0150832
-0.0150777
-0.0144649
-0.0133119
-0.0119148
-0.0101631
-0.00859844
-0.0066824
-0.004957
-0.00337885
-0.000955238
0.000787912
0.00187827
0.00236503
0.0157263
0.00137737
-0.0036179
-0.0106497
-0.0144565
-0.0176069
-0.0190773
-0.0194305
-0.0191389
-0.0184206
-0.0172929
-0.0159038
-0.0142195
-0.012471
-0.010492
-0.00878048
-0.00677195
-0.00500821
-0.00339492
-0.000845067
0.000842812
0.00180569
0.00225168
-0.00510419
-0.0157094
-0.0179291
-0.0233571
-0.0250205
-0.0264365
-0.0261868
-0.0249583
-0.0232856
-0.0214382
-0.0194393
-0.0173936
-0.0152278
-0.0131374
-0.0109227
-0.00904401
-0.00691738
-0.00508488
-0.00342755
-0.000789184
0.000849212
0.00173157
0.00214109
-0.026061
-0.032101
-0.0314257
-0.0338231
-0.03323
-0.0328963
-0.0313077
-0.029189
-0.0267517
-0.0241849
-0.0215461
-0.0189593
-0.0163636
-0.0139389
-0.0114799
-0.00940833
-0.00714354
-0.00520103
-0.00347269
-0.000796866
0.000791604
0.00163763
0.00202242
-0.0467367
-0.0476801
-0.0446025
-0.0435162
-0.0409677
-0.0389212
-0.0361164
-0.033123
-0.0299868
-0.0267969
-0.0236055
-0.0205368
-0.0175529
-0.0148075
-0.0121155
-0.0098361
-0.00743521
-0.00535858
-0.00352749
-0.000850038
0.000690796
0.00152385
0.00189291
-0.0654363
-0.0630048
-0.0583023
-0.0539551
-0.0492422
-0.0452823
-0.0411268
-0.0370718
-0.0331189
-0.029264
-0.0255342
-0.0220176
-0.0186907
-0.0156532
-0.0127676
-0.010282
-0.00777009
-0.00556332
-0.00358709
-0.000944324
0.00058373
0.00139892
0.00175748
)
;

boundaryField
{
    outlet
    {
        type            fixedValue;
        value           uniform 0;
    }
    upperWall
    {
        type            symmetryPlane;
    }
    lowerWall
    {
        type            symmetryPlane;
    }
    inlet
    {
        type            zeroGradient;
    }
    cylinder
    {
        type            zeroGradient;
    }
    frontAndBack
    {
        type            empty;
    }
}


// ************************************************************************* //
