/*--------------------------------*- C++ -*----------------------------------*\
| =========                 |                                                 |
| \\      /  F ield         | OpenFOAM: The Open Source CFD Toolbox           |
|  \\    /   O peration     | Version:  2312                                  |
|   \\  /    A nd           | Website:  www.openfoam.com                      |
|    \\/     M anipulation  |                                                 |
\*---------------------------------------------------------------------------*/
FoamFile
{
    version     2.0;
    format      ascii;
    arch        "LSB;label=32;scalar=64";
    class       volScalarField;
    location    "128.9";
    object      p;
}
// * * * * * * * * * * * * * * * * * * * * * * * * * * * * * * * * * * * * * //

dimensions      [0 2 -2 0 0 0 0];

internalField   nonuniform List<scalar> 
5478
(
-0.345143
-0.346483
-0.345295
-0.341748
-0.333966
-0.321269
-0.303717
-0.282759
-0.260576
-0.239238
-0.220199
-0.203517
-0.189362
-0.176243
-0.164327
-0.352499
-0.351858
-0.349581
-0.344986
-0.3364
-0.322584
-0.303808
-0.281927
-0.259162
-0.237223
-0.217
-0.198845
-0.182754
-0.168124
-0.154905
-0.361851
-0.358571
-0.354121
-0.347545
-0.336749
-0.320524
-0.29977
-0.276653
-0.253247
-0.230982
-0.210581
-0.192208
-0.175615
-0.1602
-0.145895
-0.373969
-0.367744
-0.360556
-0.350899
-0.336173
-0.316213
-0.292915
-0.268557
-0.244843
-0.222695
-0.202363
-0.183802
-0.166733
-0.151107
-0.137066
-0.390536
-0.380755
-0.370397
-0.355799
-0.33518
-0.310516
-0.284504
-0.258991
-0.23495
-0.212748
-0.192456
-0.173994
-0.157145
-0.141812
-0.127537
-0.412659
-0.39761
-0.382993
-0.361017
-0.333029
-0.303366
-0.27462
-0.247823
-0.223279
-0.201009
-0.18087
-0.162619
-0.14602
-0.130978
-0.117014
-0.438142
-0.417384
-0.395026
-0.363452
-0.32784
-0.293447
-0.262085
-0.233983
-0.208911
-0.186544
-0.16658
-0.148776
-0.132896
-0.118651
-0.105392
-0.461254
-0.436186
-0.402281
-0.359861
-0.317268
-0.278821
-0.245241
-0.21607
-0.190654
-0.168433
-0.148955
-0.131849
-0.116852
-0.103636
-0.0917691
-0.486674
-0.488582
-0.491712
-0.499556
-0.511701
-0.526805
-0.542865
-0.557013
-0.56592
-0.568133
-0.560099
-0.540486
-0.51049
-0.473722
-0.433406
-0.44803
-0.449511
-0.449805
-0.452256
-0.456553
-0.461303
-0.464781
-0.464871
-0.459376
-0.448462
-0.431025
-0.407474
-0.381032
-0.357179
-0.329266
-0.414534
-0.415565
-0.413859
-0.412214
-0.410276
-0.406615
-0.400554
-0.390182
-0.374763
-0.354751
-0.331763
-0.308066
-0.281792
-0.271829
-0.249469
-0.387557
-0.388524
-0.385993
-0.382018
-0.376214
-0.368037
-0.355357
-0.338247
-0.316879
-0.292099
-0.265323
-0.247238
-0.219609
-0.218273
-0.211956
-0.366823
-0.368191
-0.365734
-0.360813
-0.353012
-0.341136
-0.324837
-0.30412
-0.279791
-0.254026
-0.227025
-0.210239
-0.189989
-0.188582
-0.193517
-0.351863
-0.353841
-0.351719
-0.346371
-0.337165
-0.323543
-0.305427
-0.283344
-0.258567
-0.23364
-0.210275
-0.194651
-0.182526
-0.180282
-0.188528
-0.342992
-0.345414
-0.343687
-0.338523
-0.329273
-0.315654
-0.297676
-0.276235
-0.252924
-0.230054
-0.210464
-0.195994
-0.187385
-0.184133
-0.187158
-0.341002
-0.343333
-0.342075
-0.337765
-0.329775
-0.316991
-0.299684
-0.279016
-0.25688
-0.23547
-0.217235
-0.202411
-0.191951
-0.184385
-0.178935
-0.390445
-0.399883
-0.447719
-0.439889
-0.32942
-0.22837
-0.170582
-0.154025
-0.154687
-0.160486
-0.150813
-0.152809
-0.150214
-0.135072
-0.105391
-0.109413
-0.132031
-0.148967
-0.125926
-0.110257
-0.117006
-0.161405
-0.122865
-0.117347
-0.157017
-0.177593
-0.143178
-0.139945
-0.105617
-0.0777684
-0.0414259
-0.0158107
-0.0133509
-0.0103853
-0.0060302
-0.00324724
-0.00200501
-0.000809273
-0.329357
-0.409587
-0.486798
-0.475282
-0.357477
-0.242836
-0.170928
-0.146767
-0.130961
-0.123129
-0.121017
-0.140512
-0.145759
-0.131151
-0.101459
-0.10484
-0.126487
-0.141779
-0.127815
-0.116122
-0.131691
-0.175913
-0.120308
-0.108769
-0.13843
-0.153809
-0.155395
-0.157862
-0.105088
-0.0718999
-0.0411543
-0.017067
-0.0135352
-0.0100135
-0.00599789
-0.0033237
-0.00197642
-0.000785857
-0.26812
-0.388446
-0.490412
-0.476411
-0.364503
-0.245894
-0.168687
-0.141012
-0.119057
-0.100757
-0.0993593
-0.129477
-0.140431
-0.126776
-0.0987911
-0.100983
-0.120916
-0.133181
-0.12812
-0.119924
-0.14559
-0.186936
-0.11648
-0.0994206
-0.120714
-0.129129
-0.163374
-0.17073
-0.102703
-0.0646294
-0.0400747
-0.0181595
-0.0136515
-0.0095781
-0.00595096
-0.00339568
-0.00194341
-0.000763025
-0.226658
-0.335862
-0.425066
-0.432146
-0.340318
-0.23796
-0.165237
-0.135115
-0.115373
-0.0935951
-0.0899405
-0.121987
-0.135689
-0.121892
-0.0969819
-0.0982402
-0.114868
-0.124325
-0.126486
-0.121029
-0.157663
-0.194769
-0.113493
-0.0898494
-0.105095
-0.105171
-0.166941
-0.178019
-0.099571
-0.0566409
-0.038214
-0.0190278
-0.013707
-0.00911263
-0.00588629
-0.00345578
-0.00190766
-0.000741331
-0.206768
-0.286681
-0.374247
-0.378385
-0.307107
-0.225579
-0.162704
-0.130473
-0.112737
-0.0959458
-0.0947681
-0.125334
-0.133465
-0.118638
-0.0977353
-0.0985563
-0.115421
-0.116083
-0.122742
-0.118925
-0.166998
-0.199221
-0.111478
-0.0801675
-0.0923002
-0.0837627
-0.166411
-0.179408
-0.0960082
-0.0483676
-0.0356633
-0.0195913
-0.0136893
-0.00864783
-0.00580552
-0.00349832
-0.00187087
-0.000721095
-0.199069
-0.244904
-0.312363
-0.316231
-0.267654
-0.207608
-0.157069
-0.125336
-0.108607
-0.0973276
-0.105914
-0.13495
-0.134892
-0.117423
-0.0998814
-0.0990459
-0.105976
-0.107715
-0.11674
-0.113662
-0.171999
-0.200869
-0.111631
-0.0706144
-0.0824702
-0.0656813
-0.162112
-0.175562
-0.0925654
-0.0403605
-0.0326774
-0.0198526
-0.0136079
-0.00822012
-0.00571266
-0.00351966
-0.00183454
-0.000702626
-0.189954
-0.210177
-0.249754
-0.258965
-0.234677
-0.193577
-0.152717
-0.122019
-0.105663
-0.0926208
-0.117358
-0.142489
-0.137312
-0.113693
-0.101373
-0.100315
-0.107174
-0.10101
-0.108983
-0.104057
-0.17289
-0.198373
-0.110539
-0.0619151
-0.076035
-0.0504782
-0.154313
-0.167788
-0.0882348
-0.0333919
-0.029427
-0.0198315
-0.0134239
-0.00784534
-0.00561759
-0.00351344
-0.00179737
-0.000685689
-0.17416
-0.177879
-0.198302
-0.205874
-0.198352
-0.175849
-0.145444
-0.119353
-0.10554
-0.0830086
-0.115877
-0.148747
-0.144195
-0.114494
-0.104635
-0.0973717
-0.100027
-0.0930339
-0.0987318
-0.0916846
-0.168257
-0.197513
-0.112277
-0.0535123
-0.0724719
-0.037567
-0.142648
-0.159453
-0.0849278
-0.0268239
-0.0256383
-0.0194879
-0.013221
-0.00754706
-0.00552555
-0.00350278
-0.00176559
-0.000672052
-0.164818
-0.17513
-0.177202
-0.175899
-0.167712
-0.147949
-0.121418
-0.100086
-0.088954
-0.0727696
-0.0952587
-0.128392
-0.13016
-0.107342
-0.103233
-0.100797
-0.105179
-0.0860125
-0.0851634
-0.0852055
-0.15513
-0.184759
-0.109739
-0.044802
-0.0669276
-0.0320852
-0.126146
-0.141003
-0.0790745
-0.0223898
-0.0216338
-0.0185059
-0.0126275
-0.00724749
-0.00538526
-0.00339669
-0.00170529
-0.000651909
-0.134557
-0.144028
-0.144083
-0.136261
-0.125001
-0.109714
-0.0906274
-0.0770337
-0.0673191
-0.054396
-0.072032
-0.106514
-0.111694
-0.0901235
-0.0915715
-0.0961652
-0.0876843
-0.0675661
-0.0631693
-0.0674922
-0.13735
-0.181653
-0.102332
-0.0332612
-0.0489938
-0.0194757
-0.102473
-0.138509
-0.0680475
-0.0145081
-0.0169107
-0.0170234
-0.0117993
-0.00675907
-0.00515822
-0.00321575
-0.00161997
-0.000627333
-0.108964
-0.120584
-0.119783
-0.11225
-0.10267
-0.0908457
-0.076114
-0.0632193
-0.0497881
-0.0302533
-0.0231287
-0.0321661
-0.0413978
-0.049117
-0.0691611
-0.0802717
-0.0714382
-0.0521218
-0.0414157
-0.0432852
-0.105727
-0.141337
-0.0838567
-0.0237553
-0.0327554
-0.00896272
-0.074713
-0.103762
-0.0502158
-0.00762094
-0.0125481
-0.0149304
-0.0105699
-0.00630805
-0.00495641
-0.00297391
-0.0015199
-0.000609916
-0.0869273
-0.0961784
-0.0958102
-0.0883406
-0.0780255
-0.0651953
-0.0519659
-0.0403381
-0.027023
-0.00949868
0.0042513
0.0242205
0.0198539
-0.00818925
-0.0415368
-0.0545981
-0.0459689
-0.0304294
-0.0167798
-0.0194888
-0.0670627
-0.0836752
-0.0594284
-0.0232355
-0.0189577
0.00228568
-0.0407646
-0.0724568
-0.0316826
-0.0034147
-0.00833352
-0.0123597
-0.00908772
-0.00593312
-0.00475983
-0.00265124
-0.00139969
-0.000600083
-0.0654862
-0.0738249
-0.074429
-0.0686705
-0.0601191
-0.0507226
-0.0402732
-0.0300739
-0.0172013
0.00208214
0.0218365
0.0460887
0.04742
0.0153091
-0.0150017
-0.0285856
-0.0241508
-0.0191065
-0.00275506
-7.06096e-05
-0.0220015
-0.0206849
-0.0321963
-0.0285128
-0.00875327
0.00864649
-0.00353907
-0.0323053
-0.0121857
-0.00106439
-0.00436873
-0.00930361
-0.00716059
-0.00554875
-0.00457652
-0.00224735
-0.00125233
-0.0006016
-0.048222
-0.0555497
-0.0565745
-0.0523246
-0.0453173
-0.036944
-0.0272536
-0.0171014
-0.00554807
0.010015
0.0246214
0.0392001
0.0469213
0.0256247
0.00312526
-0.00956753
-0.00658058
-0.00295478
0.0092738
0.00766738
0.000451634
0.0104376
-0.0120961
-0.0271209
-0.0013809
0.0146917
0.0277856
-0.00111445
0.00311409
0.00113658
-0.000702932
-0.00609544
-0.00487999
-0.00512941
-0.00437447
-0.00172455
-0.00106604
-0.000616089
-0.0346591
-0.0402041
-0.0411794
-0.0381169
-0.0325056
-0.0258194
-0.0183597
-0.0103957
-0.00167722
0.0100698
0.0219092
0.0324434
0.0382779
0.026949
0.0120508
0.00135406
0.00333418
0.0032196
0.0134809
0.0145342
0.0113067
0.0203056
0.00267656
-0.0131702
0.0045663
0.0173518
0.0456223
0.0169876
0.00855119
0.00181369
0.00116542
-0.00347909
-0.0027268
-0.00456692
-0.00405575
-0.000927639
-0.000849155
-0.000626926
-0.023019
-0.0274039
-0.0286048
-0.0266348
-0.022462
-0.0173157
-0.0115666
-0.00520765
0.00171145
0.010299
0.018563
0.0254215
0.0292239
0.0239899
0.0157819
0.0081266
0.0100506
0.0108611
0.0165205
0.0174765
0.0125297
0.0192019
0.0120602
0.00106865
0.0105353
0.0184897
0.0454434
0.0202742
0.00631065
0.00359128
0.000935101
-0.00298886
-0.00120935
-0.00382162
-0.00355729
-0.000480146
-0.000654355
-0.000622922
-0.0138907
-0.0174633
-0.0185607
-0.0172348
-0.0142025
-0.010361
-0.0060774
-0.0013413
0.00362413
0.00940148
0.0149774
0.0197054
0.0222112
0.0203352
0.0166784
0.0117831
0.0125887
0.0127293
0.0159017
0.0182282
0.0146926
0.0185875
0.0157693
0.00910897
0.0132016
0.018169
0.0390481
0.0225794
0.00618403
0.00558465
0.00120778
-0.00209608
-0.00020921
-0.00287462
-0.00283992
-0.00011996
-0.000472511
-0.000560293
-0.00688934
-0.00951856
-0.0104174
-0.00964954
-0.00759874
-0.0048804
-0.00184461
0.00149131
0.00494977
0.00886936
0.0125895
0.0157685
0.0176657
0.0173262
0.0161331
0.0136025
0.0140933
0.0149976
0.0162629
0.0181507
0.0158497
0.0176155
0.0165645
0.0138474
0.0162008
0.0184208
0.0311634
0.0232704
0.00953362
0.00734907
0.00233606
-0.000935517
0.0004968
-0.00176931
-0.00193865
0.000101843
-0.000297118
-0.000441792
-0.00120874
-0.00322323
-0.00404775
-0.00367576
-0.00235243
-0.000488599
0.00159949
0.00387837
0.00619967
0.0087746
0.0112414
0.0133894
0.0148844
0.0151931
0.0152634
0.0143053
0.0144734
0.0150696
0.0158908
0.0171474
0.0160944
0.017033
0.0166438
0.0156144
0.0173285
0.0180645
0.025118
0.0223741
0.0120073
0.00865155
0.00410916
0.00085776
0.00124915
-0.000591357
-0.000945415
0.000337915
-8.37822e-05
-0.000284547
0.00319326
0.0016354
0.000922438
0.00105797
0.00186818
0.00308744
0.0044614
0.00594305
0.00745382
0.00911114
0.010744
0.0122094
0.0133828
0.013939
0.0143613
0.0142336
0.0145229
0.0152077
0.0157289
0.0164772
0.016033
0.0165368
0.0164528
0.0163363
0.0177071
0.0177567
0.0209498
0.020199
0.0133469
0.0100901
0.00580442
0.00247676
0.00198508
0.000453827
-4.47099e-05
0.000587999
0.000134216
-0.000138909
0.00656851
0.0053883
0.00478851
0.00477452
0.00522719
0.00597314
0.00684512
0.00777678
0.00872385
0.00975181
0.0108182
0.0118242
0.0126925
0.0132729
0.0137891
0.0141041
0.0144288
0.014897
0.0153239
0.015791
0.0156453
0.0160501
0.0161313
0.0161128
0.0169717
0.0167037
0.0179998
0.0175852
0.0130428
0.010371
0.00692533
0.00381326
0.00270646
0.00129478
0.000686775
0.000856474
0.000347231
-1.55161e-05
0.00922182
0.00832052
0.00780526
0.00768224
0.00789095
0.00832173
0.0088525
0.00940142
0.00994967
0.0105551
0.0112261
0.0118886
0.0124911
0.0129879
0.0134506
0.0138469
0.0141889
0.0145557
0.0149067
0.0152466
0.0152565
0.0155156
0.0156202
0.0156019
0.0160514
0.0157224
0.0159286
0.0153671
0.0125738
0.0104532
0.00764566
0.00489725
0.00343791
0.00201939
0.00128412
0.00112229
0.000555128
9.68608e-05
0.0112619
0.0105657
0.0101276
0.0099504
0.0100016
0.0102135
0.0105021
0.0107955
0.0110901
0.0114271
0.0118151
0.0122296
0.01261
0.0129661
0.0133225
0.0136685
0.0139684
0.0142412
0.0144991
0.0147489
0.0147929
0.0149419
0.0149993
0.014886
0.0150128
0.0146411
0.0143816
0.0137009
0.0118123
0.0101235
0.00795377
0.00565176
0.00409254
0.00265678
0.00176953
0.00135892
0.000735593
0.000188638
0.0128223
0.0122883
0.0119187
0.011715
0.0116639
0.0117283
0.0118524
0.0119795
0.0120992
0.0122451
0.0124398
0.0126687
0.012887
0.0131042
0.0133386
0.0135811
0.0137906
0.0139683
0.0141363
0.0142996
0.0143288
0.0143643
0.0143466
0.0141737
0.0140963
0.0136985
0.0132324
0.0125016
0.0111228
0.00976383
0.00805334
0.00617097
0.00465123
0.00323995
0.00222551
0.00160387
0.000906141
0.000271142
0.0140075
0.0135933
0.0132784
0.0130684
0.0129581
0.0129286
0.0129403
0.012951
0.0129558
0.0129776
0.0130401
0.0131289
0.0132181
0.0133106
0.0134258
0.0135578
0.0136686
0.0137567
0.0138336
0.0139016
0.013883
0.013828
0.0137422
0.0135132
0.0132869
0.0128682
0.0123254
0.0116114
0.0105188
0.00937322
0.00798377
0.00643973
0.00504975
0.00372097
0.00263058
0.00183184
0.0010499
0.000332055
0.0148899
0.0145666
0.0142985
0.0140933
0.0139486
0.0138583
0.0137952
0.0137303
0.0136603
0.0135999
0.0135702
0.013555
0.013547
0.0135406
0.0135566
0.0135833
0.0136005
0.0136003
0.0135896
0.0135677
0.013487
0.0133613
0.0132005
0.0129352
0.0126294
0.0121962
0.0116351
0.0109464
0.0100325
0.00903605
0.00786977
0.00658557
0.0053353
0.00409144
0.00298473
0.00205976
0.00119345
0.000388855
0.0155363
0.0152794
0.0150477
0.0148516
0.0146885
0.0145609
0.0144484
0.0143343
0.0142152
0.0141008
0.0140081
0.0139208
0.0138423
0.0137582
0.0136958
0.0136361
0.0135715
0.0134912
0.0134032
0.0133048
0.0131575
0.0129768
0.0127539
0.012458
0.0121015
0.0116554
0.0111094
0.010458
0.00965077
0.00875441
0.00773613
0.00663427
0.00548512
0.00434318
0.00326592
0.00226081
0.00132414
0.000440231
0.0159918
0.0157808
0.0155786
0.0153924
0.0152224
0.0150718
0.0149287
0.0147832
0.0146333
0.014485
0.0143484
0.014213
0.0140811
0.013944
0.0138202
0.0136962
0.0135668
0.0134258
0.0132707
0.0131064
0.0129027
0.0126733
0.0124033
0.0120772
0.0116966
0.0112362
0.0107017
0.0100777
0.00934407
0.0085313
0.00761186
0.00663153
0.00558973
0.00451284
0.00346709
0.00243298
0.00144117
0.00048477
0.0163001
0.0161193
0.0159383
0.0157609
0.0155896
0.0154255
0.015264
0.0150992
0.0149302
0.0147608
0.0145947
0.0144283
0.0142595
0.0140874
0.0139177
0.0137463
0.0135675
0.0133772
0.0131754
0.0129594
0.0127148
0.0124446
0.0121379
0.011788
0.0113852
0.0109219
0.0103951
0.00979172
0.00910861
0.0083471
0.00750078
0.00659748
0.0056253
0.00460863
0.00359179
0.00255073
0.00152155
0.000511696
0.0164888
0.0163271
0.0161597
0.0159899
0.0158189
0.0156485
0.0154765
0.0153008
0.0151213
0.0149389
0.0147561
0.0145692
0.0143792
0.0141832
0.0139855
0.0137822
0.0135713
0.0133493
0.0131136
0.0128644
0.0125893
0.0122917
0.0119597
0.0115911
0.0111759
0.0107086
0.0101857
0.00959812
0.00894146
0.00821583
0.00741702
0.0065563
0.00563538
0.00465967
0.00366113
0.00263111
0.00157996
0.000529663
0.0165747
0.0164225
0.0162627
0.0160977
0.0159283
0.0157557
0.0155795
0.0153994
0.0152153
0.0150274
0.0148362
0.01464
0.0144393
0.0142322
0.0140202
0.0138008
0.0135733
0.0133347
0.013082
0.0128144
0.012524
0.0122112
0.0118662
0.011488
0.0110658
0.0105969
0.0100753
0.0094954
0.00885309
0.0081436
0.00736873
0.00653145
0.0056348
0.00468102
0.00369254
0.00266921
0.00161024
0.000539068
-0.077505
-0.088255
-0.0985679
-0.108302
-0.118301
-0.127192
-0.137026
-0.149594
-0.062464
-0.0704114
-0.0782234
-0.0859822
-0.0939633
-0.101872
-0.109222
-0.119516
-0.0482687
-0.0539022
-0.0593288
-0.0649151
-0.0708599
-0.0769179
-0.083441
-0.0931822
-0.0371155
-0.0411325
-0.0450384
-0.0491233
-0.0539985
-0.059408
-0.0659237
-0.0743493
-0.0274186
-0.0304134
-0.0333774
-0.0366501
-0.0407155
-0.045005
-0.049642
-0.0555562
-0.0195462
-0.021687
-0.0238332
-0.0261564
-0.0289234
-0.0316959
-0.0350005
-0.0398992
-0.0128348
-0.0142471
-0.0156117
-0.0170794
-0.0189487
-0.0210896
-0.0240714
-0.0282484
-0.00710396
-0.00796629
-0.0087996
-0.00983513
-0.0113954
-0.0133133
-0.0155964
-0.0184691
-0.00226074
-0.00283453
-0.00344051
-0.00426754
-0.00539898
-0.00658522
-0.00800763
-0.0101993
0.00172792
0.00134312
0.000978545
0.000518397
-0.000127666
-0.000961156
-0.00220595
-0.00408789
0.00514965
0.00491145
0.00470532
0.00439625
0.00386734
0.00313352
0.00216355
0.000809487
0.00796548
0.00776982
0.00760056
0.00736121
0.00698379
0.00648443
0.00580134
0.00476406
0.0102676
0.0100902
0.0099524
0.00978619
0.00952645
0.00914902
0.00859678
0.0077696
0.0121365
0.0119631
0.0118271
0.0116809
0.0114697
0.011169
0.010742
0.0101191
0.0136066
0.0134305
0.0132862
0.0131475
0.012975
0.0127437
0.0124176
0.0119438
0.0147458
0.0145722
0.0144236
0.0142877
0.0141368
0.0139488
0.0136936
0.0133349
0.0156067
0.0154391
0.0152897
0.0151559
0.0150193
0.0148633
0.014663
0.0143931
0.0162447
0.0160866
0.0159418
0.0158122
0.0156858
0.0155509
0.0153885
0.0151825
0.0167063
0.0165588
0.0164208
0.0162962
0.0161773
0.0160571
0.0159215
0.0157614
0.0170268
0.0168896
0.0167599
0.0166408
0.0165282
0.0164175
0.0162998
0.0161699
0.0172364
0.0171094
0.0169883
0.0168752
0.0167681
0.0166641
0.0165584
0.0164476
0.0173571
0.0172402
0.0171274
0.0170201
0.0169172
0.0168177
0.0167187
0.016619
0.0174034
0.0172959
0.0171898
0.0170867
0.0169862
0.0168885
0.0167922
0.0166968
0.0732059
0.0768883
0.0803007
0.0831329
0.0846203
0.0844994
0.0825992
0.0784253
0.0710653
0.0591858
0.0409392
0.01375
-0.0265716
-0.0832533
-0.134054
0.0520635
0.0534949
0.0533512
0.0520436
0.0494483
0.0451973
0.0388023
0.0295307
0.0163331
-0.00222472
-0.0281059
-0.0638655
-0.113552
-0.181251
-0.236211
0.0302331
0.0294479
0.0259585
0.0210075
0.0148167
0.00684975
-0.00362694
-0.0174776
-0.0358122
-0.0601308
-0.0925278
-0.135625
-0.192461
-0.268557
-0.321988
0.00766347
0.00445954
-0.00183635
-0.00954148
-0.0185724
-0.0296651
-0.0436528
-0.0614143
-0.0840459
-0.113012
-0.150561
-0.199429
-0.261891
-0.338827
-0.389556
-0.0147305
-0.0205832
-0.029026
-0.038711
-0.0499767
-0.0636617
-0.0805153
-0.101379
-0.127333
-0.159704
-0.200797
-0.253345
-0.317964
-0.391868
-0.437832
-0.036239
-0.0445694
-0.0545498
-0.0657571
-0.0788627
-0.0946607
-0.113716
-0.136831
-0.165021
-0.199661
-0.242689
-0.296064
-0.359656
-0.42749
-0.467087
-0.0565781
-0.0665849
-0.0776354
-0.0901974
-0.10493
-0.122372
-0.143044
-0.16762
-0.197031
-0.232504
-0.275551
-0.327389
-0.386921
-0.445629
-0.479032
-0.0755692
-0.0862416
-0.0983078
-0.112129
-0.128175
-0.146847
-0.168551
-0.193853
-0.223536
-0.258571
-0.300022
-0.34826
-0.400656
-0.447619
-0.476247
0.186561
0.201509
0.21812
0.236855
0.257809
0.280903
0.306042
0.333172
0.362214
0.392917
0.424699
0.456382
0.485967
0.509423
0.528732
0.185999
0.200363
0.216392
0.23459
0.255004
0.277465
0.301825
0.328014
0.355954
0.385381
0.415672
0.445595
0.473072
0.494124
0.511075
0.181302
0.194247
0.20904
0.226152
0.245431
0.266522
0.289178
0.313285
0.338723
0.36517
0.391921
0.417642
0.440089
0.455454
0.466958
0.172496
0.183386
0.196464
0.211969
0.229428
0.248308
0.268316
0.289304
0.311068
0.333149
0.354669
0.374114
0.388955
0.395559
0.399169
0.159576
0.168026
0.179185
0.19286
0.208053
0.224013
0.240449
0.257253
0.27418
0.290627
0.305496
0.317027
0.322335
0.317688
0.311577
0.142903
0.148542
0.157586
0.169182
0.181765
0.194406
0.206795
0.2188
0.230091
0.239918
0.246985
0.249298
0.24363
0.226089
0.208115
0.122777
0.126186
0.133355
0.14239
0.151583
0.160215
0.168065
0.174899
0.180171
0.182912
0.18161
0.174036
0.156656
0.125558
0.0950132
0.0991159
0.101258
0.107329
0.11375
0.119188
0.123366
0.126262
0.127555
0.126489
0.121875
0.111994
0.0943802
0.06516
0.0206679
-0.0214875
0.0252255
0.0296336
0.0259723
0.0299012
0.0274648
0.0317725
0.0300132
0.0344365
0.0338006
0.0382982
0.0391087
0.0439369
0.046475
0.0521743
0.0568863
0.0641906
0.0716941
0.0817136
0.0928502
0.1069
0.123051
0.142816
0.165664
0.0253035
0.0296792
0.0260678
0.0299588
0.0275864
0.0318457
0.0301751
0.0345606
0.0340192
0.0384757
0.039422
0.044222
0.0468558
0.0526349
0.0574074
0.0647806
0.0724409
0.0824167
0.0937117
0.107887
0.123817
0.143494
0.16583
0.0253915
0.0296991
0.0261814
0.0299866
0.0277332
0.0318845
0.0303686
0.0346511
0.0342645
0.0386138
0.0397643
0.0444572
0.0472312
0.0529782
0.0577947
0.0650134
0.0727994
0.0827895
0.0937817
0.107754
0.123102
0.14222
0.163058
0.025488
0.0296952
0.0263091
0.0299882
0.0278906
0.0318935
0.0305848
0.0347138
0.0345293
0.0387332
0.040125
0.0447115
0.0476666
0.0534838
0.0583503
0.0657678
0.0733156
0.0833477
0.0938643
0.107512
0.121628
0.139448
0.157421
0.025592
0.0296711
0.0264484
0.0299671
0.0280949
0.0318793
0.0308183
0.0347486
0.0348255
0.0388192
0.0404753
0.044847
0.0480019
0.0536019
0.0585338
0.0656971
0.0731507
0.082809
0.0927836
0.105656
0.118292
0.134346
0.148538
0.0257006
0.0296289
0.0265994
0.0299274
0.0282882
0.0318546
0.0310625
0.0347743
0.0351678
0.0389534
0.0408946
0.0451528
0.0485425
0.0543182
0.0591449
0.066613
0.0736411
0.0833619
0.0924056
0.104452
0.114679
0.127938
0.136882
0.025814
0.0295716
0.0267531
0.0298763
0.0284859
0.0318135
0.0313024
0.0347706
0.0354157
0.0390058
0.0411675
0.045198
0.048747
0.0541069
0.0590535
0.0660692
0.0728961
0.081703
0.0900932
0.10043
0.10874
0.118739
0.122076
0.025931
0.029506
0.0269039
0.0298215
0.0286984
0.0318044
0.0315575
0.0348379
0.0358342
0.0392614
0.0417066
0.0456989
0.0495032
0.0552551
0.0598643
0.0674024
0.0736562
0.0826391
0.0894817
0.0985559
0.102955
0.108234
0.104177
0.0260664
0.0294057
0.027099
0.0297112
0.0289223
0.0316825
0.0318119
0.0347128
0.0360259
0.0391747
0.0418073
0.0456082
0.0494162
0.0544677
0.0590934
0.0656069
0.0713624
0.0780417
0.0838893
0.0886478
0.0907806
0.0887784
0.0797471
0.0262427
0.0292498
0.0273458
0.0295395
0.0291788
0.0314708
0.0320468
0.0343784
0.0360938
0.0387581
0.0415544
0.0447571
0.0485432
0.0527961
0.0570957
0.0621278
0.0669418
0.0712423
0.0750859
0.0763369
0.0759801
0.0708059
0.0632234
0.0264538
0.029032
0.0276277
0.0293104
0.0294677
0.0311742
0.0322892
0.034048
0.0361162
0.0383328
0.0411909
0.0439553
0.0475346
0.0509774
0.0548151
0.0585107
0.0621556
0.0645752
0.0662656
0.0655437
0.0629391
0.0573856
0.0501232
0.0267009
0.0287437
0.027948
0.0290388
0.0297419
0.0309249
0.0324205
0.0337781
0.0360137
0.0378489
0.0406266
0.0430091
0.0462038
0.0489102
0.0521087
0.0546076
0.0569352
0.0579564
0.0578298
0.0558155
0.0519836
0.0462151
0.0393899
0.0269882
0.0283783
0.0282619
0.0288278
0.0299172
0.0307272
0.0324457
0.0335284
0.0357507
0.0373316
0.039822
0.0419244
0.0445416
0.0465961
0.0490308
0.0505102
0.0515897
0.0515352
0.0501544
0.0473665
0.0430989
0.0373762
0.0308465
0.0273117
0.0280047
0.0284841
0.0286847
0.030019
0.0305612
0.0323494
0.0332564
0.0353284
0.036722
0.0388073
0.0406593
0.0426315
0.044037
0.0457333
0.046347
0.0464018
0.0455314
0.0434802
0.0403128
0.0360237
0.0306232
0.0245168
0.0276236
0.0276715
0.0286101
0.0285954
0.0300271
0.0304193
0.0321182
0.0329483
0.0347529
0.0359908
0.0376371
0.0391903
0.0405409
0.0413247
0.0423422
0.0422781
0.0415781
0.0401424
0.0378109
0.0345638
0.0304498
0.0255241
0.0199633
0.0279008
0.0273962
0.0286463
0.0285427
0.0299299
0.0302828
0.031763
0.0325682
0.034055
0.0351158
0.0363369
0.0375315
0.0383336
0.0385915
0.0390016
0.0384383
0.0372658
0.0354853
0.0330808
0.0299683
0.0261759
0.021787
0.0168678
0.028116
0.0271993
0.0285805
0.0285111
0.029733
0.0301262
0.0313122
0.0320878
0.0332556
0.0340929
0.0349322
0.0357459
0.0360845
0.0359292
0.0358386
0.0349443
0.0335166
0.0315867
0.0292423
0.0263966
0.0230315
0.0192165
0.0149767
0.0282505
0.0270905
0.0284128
0.028479
0.0294515
0.0299074
0.0308016
0.0314919
0.0323665
0.0329525
0.033458
0.0339072
0.0338716
0.0334156
0.0329599
0.0318705
0.0303444
0.0284261
0.0262396
0.0237215
0.0208274
0.0175931
0.014019
0.028291
0.0270659
0.0281615
0.0284112
0.029126
0.0296003
0.0302458
0.0307893
0.0313996
0.0317335
0.0319527
0.0320888
0.031773
0.0311181
0.0304223
0.0292472
0.0277374
0.0259413
0.023976
0.0218021
0.0193729
0.0166952
0.0137451
0.0282322
0.0271076
0.0278592
0.0282492
0.0287782
0.029204
0.0296479
0.0300089
0.0303787
0.0304844
0.0304672
0.0303548
0.029849
0.0290757
0.0282494
0.0270737
0.0256551
0.0240419
0.0223286
0.0204906
0.018487
0.01631
0.0139207
0.0280799
0.0271791
0.0275638
0.027961
0.0283935
0.0287351
0.0290091
0.0291871
0.0293385
0.0292558
0.0290526
0.0287555
0.0281322
0.027309
0.0264402
0.025323
0.0240374
0.0226305
0.0211724
0.019643
0.0180088
0.0162561
0.0143398
0.027852
0.0272179
0.0273173
0.0275908
0.0279485
0.0281908
0.0283283
0.0283536
0.0283192
0.0280884
0.0277477
0.0273221
0.0266423
0.0258222
0.0249706
0.0239484
0.0228154
0.0216138
0.020393
0.0191344
0.0178104
0.0164061
0.0148784
0.0275725
0.0271559
0.0271033
0.0272355
0.0274606
0.0275878
0.0276132
0.0275226
0.0273489
0.02701
0.0265766
0.0260738
0.0253835
0.0246009
0.023803
0.0228941
0.0219162
0.0209046
0.0198938
0.0188672
0.017802
0.0166839
0.0154743
0.0272676
0.0270008
0.0268898
0.0268879
0.0269563
0.0269648
0.0268886
0.0267087
0.0264406
0.0260365
0.0255543
0.025019
0.0243505
0.0236256
0.0228984
0.0221025
0.021267
0.0204206
0.0195876
0.0187536
0.0178998
0.0170131
0.0160604
0.0269534
0.0267719
0.0266358
0.0265351
0.026465
0.0263596
0.0261897
0.0259382
0.02561
0.0251762
0.024683
0.024152
0.0235289
0.0228719
0.0222187
0.0215239
0.0208089
0.0200978
0.0194086
0.0187302
0.0180469
0.017346
0.0165999
0.0266381
0.0264971
0.0263406
0.0261731
0.0260006
0.0257977
0.0255461
0.0252373
0.0248717
0.0244316
0.0239511
0.0234476
0.0228835
0.0222982
0.0217169
0.0211107
0.0204959
0.0198922
0.0193151
0.0187581
0.0182087
0.0176543
0.017073
0.0263273
0.0262009
0.0260251
0.025811
0.0255697
0.0252959
0.0249818
0.0246297
0.0242422
0.0238091
0.0233518
0.0228824
0.0223758
0.0218561
0.0213399
0.0208112
0.0202823
0.0197669
0.0192781
0.018814
0.0183663
0.0179246
0.0174716
0.0260311
0.025907
0.0257146
0.0254679
0.0251814
0.0248617
0.0245076
0.0241274
0.0237293
0.0233086
0.0228759
0.0224378
0.0219809
0.0215192
0.0210626
0.0206024
0.0201465
0.0197042
0.0192854
0.0188909
0.0185164
0.0181552
0.0177957
0.0257692
0.0256439
0.0254384
0.0251695
0.0248542
0.0245067
0.024131
0.0237347
0.0233292
0.0229177
0.0225037
0.0220898
0.0216724
0.0212598
0.020857
0.0204585
0.0200679
0.0196901
0.0193299
0.0189879
0.0186641
0.0183575
0.0180635
0.0255612
0.0254325
0.0252196
0.0249398
0.0246081
0.0242457
0.0238613
0.0234604
0.0230544
0.0226525
0.0222552
0.0218619
0.0214733
0.0210941
0.0207264
0.0203669
0.0200166
0.019679
0.0193581
0.0190558
0.0187724
0.0185074
0.0182591
0.0254502
0.0253209
0.0251003
0.0248093
0.0244651
0.0240912
0.0236999
0.023295
0.0228874
0.0224893
0.0221034
0.0217275
0.0213602
0.0210036
0.0206592
0.0203255
0.0200026
0.0196931
0.019401
0.0191288
0.0188767
0.0186443
0.0184315
0.0670529
0.0490711
0.0268485
0.00591639
-0.0132529
-0.0314068
-0.0488615
-0.0643917
0.0546039
0.0378656
0.0160044
-0.00298867
-0.0180857
-0.0308725
-0.042806
-0.0532193
0.0436247
0.0308137
0.0122891
-0.00422191
-0.0156172
-0.0243744
-0.0329319
-0.0411529
0.0339981
0.0240436
0.00862963
-0.00555284
-0.0146778
-0.0208163
-0.026574
-0.0321004
0.026072
0.0187024
0.00686454
-0.00433515
-0.0113522
-0.0156866
-0.0196725
-0.0236703
0.0197733
0.0140412
0.0056133
-0.00237107
-0.00772749
-0.0111281
-0.014091
-0.0169108
0.0154037
0.0107915
0.00518767
-8.8971e-05
-0.00400225
-0.00671011
-0.00898316
-0.0110098
0.0127222
0.00909167
0.00548993
0.00216004
-0.000567309
-0.00266537
-0.00442464
-0.0058868
0.0113652
0.00857629
0.00634915
0.00434807
0.00253268
0.000973102
-0.000364616
-0.00143133
0.010964
0.00886025
0.00755349
0.00642805
0.00526689
0.00413908
0.00312461
0.00232124
0.011224
0.00966048
0.00895096
0.00838342
0.00767609
0.00688984
0.00614686
0.0055604
0.0118938
0.0107552
0.0104236
0.0102005
0.00979654
0.00926324
0.00872297
0.00828138
0.0127352
0.0119155
0.0118107
0.0118081
0.0116271
0.0112862
0.0108896
0.0105367
0.0136214
0.0130362
0.0130593
0.0131829
0.0131511
0.0129494
0.0126607
0.0123748
0.0144954
0.0140777
0.0141615
0.0143341
0.0143782
0.0142663
0.0140572
0.0138231
0.0153048
0.0150067
0.0151075
0.0152806
0.0153512
0.01529
0.0151353
0.0149418
0.016022
0.0158081
0.0159001
0.0160469
0.0161133
0.0160728
0.01595
0.0157848
0.0166339
0.0164773
0.0165462
0.0166533
0.0166985
0.0166596
0.0165527
0.0164068
0.0171383
0.0170185
0.017058
0.0171217
0.017138
0.0170901
0.0169889
0.016855
0.0175374
0.0174377
0.017446
0.0174681
0.0174546
0.0173931
0.0172914
0.0171648
0.0178537
0.0177571
0.0177287
0.0177088
0.0176651
0.0175889
0.0174852
0.0173645
0.0180783
0.0179764
0.0179131
0.017855
0.0177839
0.0176947
0.0175898
0.0174753
0.0182646
0.0181406
0.0180287
0.0179246
0.0178234
0.0177217
0.0176176
0.0175112
-0.612588
-0.62584
-0.644951
-0.669567
-0.700132
-0.734407
-0.765685
-0.78801
-0.607539
-0.620354
-0.638071
-0.659313
-0.683837
-0.711267
-0.737334
-0.754788
-0.600365
-0.613082
-0.628741
-0.646569
-0.665491
-0.682317
-0.693185
-0.693441
-0.593915
-0.604623
-0.615958
-0.626275
-0.634416
-0.638041
-0.634706
-0.621986
-0.589782
-0.594478
-0.597132
-0.596866
-0.593698
-0.586795
-0.57441
-0.554349
-0.586609
-0.580858
-0.572435
-0.562067
-0.550378
-0.536642
-0.518887
-0.494769
-0.580701
-0.562405
-0.543499
-0.525464
-0.508185
-0.490296
-0.469429
-0.443246
-0.568282
-0.538352
-0.511753
-0.488818
-0.468239
-0.448021
-0.425505
-0.398453
-0.546854
-0.508915
-0.478165
-0.452728
-0.430625
-0.409335
-0.386249
-0.359186
-0.516327
-0.475194
-0.443336
-0.417409
-0.395072
-0.373741
-0.350866
-0.324482
-0.478725
-0.438405
-0.407865
-0.382863
-0.361396
-0.340755
-0.31873
-0.293532
-0.436278
-0.399945
-0.372099
-0.349302
-0.32938
-0.310055
-0.289377
-0.265764
-0.391887
-0.360402
-0.336621
-0.316779
-0.29893
-0.281431
-0.262468
-0.240794
-0.343911
-0.320475
-0.301697
-0.285511
-0.270213
-0.254643
-0.2377
-0.218092
-0.295424
-0.282833
-0.267442
-0.256156
-0.242534
-0.229156
-0.214127
-0.197162
-0.526443
-0.561404
-0.586701
-0.601081
-0.606326
-0.606194
-0.604823
-0.60605
-0.528106
-0.561548
-0.58456
-0.596347
-0.599587
-0.598772
-0.597929
-0.600048
-0.534025
-0.568618
-0.59097
-0.599909
-0.599208
-0.59473
-0.591444
-0.592695
-0.54711
-0.584866
-0.606445
-0.611859
-0.605625
-0.595379
-0.587805
-0.587028
-0.566607
-0.608283
-0.62998
-0.631743
-0.619468
-0.602805
-0.590385
-0.586421
-0.591241
-0.638056
-0.660195
-0.6583
-0.640171
-0.617486
-0.600328
-0.591093
-0.618927
-0.671918
-0.694891
-0.689426
-0.66589
-0.637971
-0.615063
-0.597159
-0.646482
-0.7064
-0.730816
-0.721948
-0.693519
-0.660266
-0.628738
-0.598628
-0.669864
-0.74334
-0.763438
-0.751171
-0.718254
-0.677378
-0.634229
-0.589889
-0.685695
-0.760851
-0.784582
-0.770299
-0.731967
-0.681172
-0.624723
-0.567648
-0.686497
-0.763961
-0.787887
-0.770839
-0.725774
-0.664423
-0.597094
-0.532345
-0.6698
-0.746014
-0.766518
-0.744949
-0.693871
-0.624664
-0.552061
-0.486453
-0.633814
-0.702021
-0.714893
-0.687963
-0.633093
-0.563015
-0.494451
-0.435482
-0.582904
-0.637619
-0.639683
-0.607492
-0.555625
-0.492224
-0.433765
-0.383027
-0.520023
-0.554245
-0.543523
-0.509072
-0.464459
-0.415535
-0.370001
-0.329956
-0.431051
-0.430693
-0.398095
-0.365954
-0.337855
-0.310578
-0.289854
-0.279931
-0.368208
-0.311788
-0.254236
-0.222109
-0.216314
-0.217845
-0.214484
-0.222763
-0.371537
-0.265743
-0.17338
-0.125674
-0.119563
-0.130595
-0.135049
-0.154067
-0.362419
-0.240134
-0.121174
-0.0626564
-0.0524119
-0.0640471
-0.0698676
-0.0903276
-0.274381
-0.186099
-0.090566
-0.0347664
-0.0178395
-0.0146296
-0.0125942
-0.0355508
-0.202533
-0.164206
-0.119184
-0.0844457
-0.0562549
-0.0227863
0.0280223
0.0151923
-0.168093
-0.161425
-0.148756
-0.133655
-0.121177
-0.0946255
-0.036322
0.0148291
-0.16507
-0.175426
-0.177706
-0.164262
-0.142093
-0.110049
-0.0698711
-0.0277315
-0.186931
-0.217319
-0.235008
-0.227509
-0.198435
-0.159585
-0.128177
-0.0883511
-0.207566
-0.252543
-0.281486
-0.284359
-0.267994
-0.237068
-0.207487
-0.164932
-0.18339
-0.215179
-0.241841
-0.25446
-0.254501
-0.233051
-0.217634
-0.178878
-0.16463
-0.174799
-0.182391
-0.187138
-0.187455
-0.179049
-0.173044
-0.151688
-0.154049
-0.155026
-0.153802
-0.151127
-0.147029
-0.140124
-0.135594
-0.127956
-0.138758
-0.140538
-0.139628
-0.134679
-0.127246
-0.118019
-0.109222
-0.0999259
-0.110314
-0.116412
-0.122973
-0.127471
-0.128995
-0.126055
-0.11759
-0.103773
-0.114107
-0.11905
-0.123951
-0.127074
-0.127638
-0.125153
-0.120134
-0.111465
-0.136543
-0.140268
-0.143828
-0.147064
-0.150334
-0.15283
-0.15441
-0.152357
-0.153757
-0.156486
-0.157582
-0.15849
-0.158711
-0.160451
-0.159463
-0.161456
-0.122664
-0.118785
-0.114453
-0.111213
-0.10788
-0.106998
-0.103878
-0.104557
-0.102796
-0.0946462
-0.0858702
-0.0772121
-0.0691558
-0.0623339
-0.0569463
-0.0528553
-0.102373
-0.0884139
-0.0758218
-0.0653547
-0.057129
-0.0509023
-0.0469195
-0.0443267
-0.144309
-0.125693
-0.106835
-0.0890141
-0.0729692
-0.0588266
-0.0470984
-0.0364656
-0.122965
-0.119929
-0.113991
-0.105253
-0.0947688
-0.0826705
-0.068749
-0.0550756
-0.124804
-0.13007
-0.132316
-0.130691
-0.124839
-0.115263
-0.101354
-0.0835996
-0.175241
-0.191816
-0.205723
-0.215487
-0.220585
-0.220274
-0.215417
-0.206643
-0.198144
-0.213425
-0.221868
-0.224474
-0.221768
-0.215196
-0.203882
-0.191372
-0.127357
-0.109539
-0.0912258
-0.0754005
-0.0630039
-0.0547333
-0.0485485
-0.047949
-0.118462
-0.0946881
-0.0698341
-0.0463206
-0.0248223
-0.00723089
0.00681772
0.0203101
-0.103365
-0.09818
-0.090704
-0.0816454
-0.0715742
-0.0611038
-0.0503015
-0.0395942
-0.0818537
-0.0841544
-0.0849702
-0.0836317
-0.0797682
-0.074861
-0.0682168
-0.0674661
-0.0409492
-0.0398419
-0.0384361
-0.0369114
-0.0352332
-0.0336056
-0.0317647
-0.0303638
-0.0145006
-0.0132021
-0.0119905
-0.0109396
-0.0100761
-0.00946638
-0.00910565
-0.00889277
-0.0131061
-0.0128047
-0.0124572
-0.012074
-0.0116649
-0.0112458
-0.0108217
-0.0103775
-0.0106646
-0.0108391
-0.0109269
-0.0109817
-0.010912
-0.0108688
-0.0106507
-0.0102416
-0.00604835
-0.00605531
-0.00605948
-0.00606564
-0.00607032
-0.00607483
-0.00606089
-0.00605601
-0.00317228
-0.00310392
-0.00305345
-0.00302639
-0.00301405
-0.00302147
-0.00305588
-0.00312304
-0.0020276
-0.00204385
-0.00205424
-0.00205941
-0.00206098
-0.00206242
-0.00206692
-0.00207669
-0.000832207
-0.000854053
-0.000873043
-0.00088743
-0.000895421
-0.00089572
-0.000885491
-0.000861131
-0.246226
-0.187204
-0.146932
-0.11447
-0.0889783
-0.0695313
-0.0537185
-0.0410762
-0.0315209
-0.0235253
-0.0171127
-0.0119612
-0.00774395
-0.00434545
-0.00156304
0.00069768
0.00251756
0.00397076
0.0051121
0.00598876
0.00662831
0.00705358
0.00727306
-0.206864
-0.158496
-0.13046
-0.104141
-0.082901
-0.0662255
-0.0522623
-0.0409743
-0.0319827
-0.0242806
-0.0179953
-0.0127841
-0.00848537
-0.00496039
-0.00205475
0.000306435
0.00221743
0.00374228
0.00493808
0.00585389
0.00651913
0.00696031
0.0071872
-0.137575
-0.102806
-0.0901459
-0.0744046
-0.0629285
-0.053136
-0.044241
-0.036228
-0.0290783
-0.0227114
-0.0171759
-0.0124044
-0.00837783
-0.00497369
-0.00213618
0.000198682
0.00210585
0.00363372
0.00483582
0.00575701
0.00642734
0.00687269
0.00710172
-0.0726853
-0.0488373
-0.0456808
-0.0391704
-0.0376453
-0.0353788
-0.0323671
-0.0284115
-0.0239978
-0.0194467
-0.015077
-0.0110775
-0.00753634
-0.00444197
-0.00182289
0.000371743
0.00218382
0.00364858
0.00481017
0.00570537
0.00635967
0.00679573
0.00702044
-0.0148031
0.00137334
-0.00310321
-0.0060613
-0.013645
-0.0180661
-0.0201451
-0.0198854
-0.0181495
-0.0153783
-0.0123048
-0.00921962
-0.00628431
-0.00362797
-0.00130528
0.000689527
0.00236014
0.00372833
0.00482394
0.00567456
0.00630152
0.00672245
0.00694044
0.0539575
0.0609935
0.0451437
0.0254697
0.00837516
-0.00252536
-0.00916396
-0.0120042
-0.0125288
-0.0113669
-0.00947615
-0.00721538
-0.00488329
-0.0026791
-0.000672591
0.00109055
0.00259543
0.00384842
0.0048649
0.00566346
0.00625729
0.00665825
0.00686684
0.0963882
0.0880295
0.0701002
0.0457777
0.0240619
0.00897763
-0.000491015
-0.00548343
-0.00755233
-0.00759587
-0.00668616
-0.00517171
-0.00344641
-0.00168841
-3.84814e-06
0.00152182
0.00285753
0.00399011
0.00492188
0.00566186
0.00621774
0.00659706
0.00679563
0.0370612
0.0512817
0.0514803
0.0394577
0.0244899
0.0125679
0.00409372
-0.000992369
-0.00350429
-0.0043305
-0.00410191
-0.00319425
-0.00198703
-0.000632423
0.000729271
0.00201178
0.00316795
0.00416934
0.00500786
0.00568361
0.00619647
0.0065484
0.00673331
-0.055087
-0.0212764
0.00398374
0.011308
0.0110312
0.00770816
0.00429452
0.00113791
-0.000703632
-0.00157614
-0.00170349
-0.00128029
-0.000519778
0.000453686
0.0015079
0.00255257
0.00352192
0.00438315
0.00511908
0.00572061
0.00618267
0.00650393
0.00667389
-0.132665
-0.0781121
-0.0362025
-0.0142061
-0.00410366
6.10115e-05
0.00201284
0.00155611
0.00109146
0.000577236
0.00035186
0.000492868
0.00090164
0.00153273
0.00229587
0.00310752
0.00389228
0.00461209
0.00524381
0.00577104
0.00618253
0.00647068
0.00662386
-0.144994
-0.0871145
-0.0508681
-0.0248935
-0.0112252
-0.00298243
0.00103394
0.00227949
0.00288501
0.00258537
0.00231741
0.00218595
0.00227087
0.00260361
0.00310225
0.00368501
0.00428337
0.00485888
0.00538153
0.00582975
0.00618603
0.00644015
0.00657668
-0.12139
-0.0799892
-0.0515964
-0.026924
-0.0131012
-0.00284118
0.00195312
0.00421036
0.00500671
0.00464632
0.00431186
0.00388195
0.00365006
0.00367792
0.00390697
0.00426109
0.00467792
0.00511256
0.00552851
0.0058993
0.00620174
0.00642041
0.0065388
-0.105316
-0.0762148
-0.0533501
-0.0274016
-0.0137657
3.4949e-05
0.00418998
0.00780625
0.00785132
0.0072824
0.00649041
0.00563692
0.00508789
0.00483379
0.00480275
0.0049228
0.00514341
0.00542147
0.00571546
0.00599612
0.00623238
0.00640852
0.00650531
-0.0843665
-0.0598042
-0.0402789
-0.0164158
-0.00581044
0.00637543
0.00912044
0.0118388
0.0107191
0.0100319
0.00869738
0.00745257
0.00654919
0.00597351
0.00567056
0.00556683
0.00560376
0.00573236
0.005909
0.00609899
0.00627127
0.0064048
0.00647931
-0.0860616
-0.0599949
-0.0319597
-0.00430065
0.0127099
0.0217815
0.0227205
0.0196268
0.015646
0.0130793
0.0107456
0.0090848
0.00789833
0.00707328
0.00653581
0.00622673
0.00608782
0.00606894
0.00612412
0.00621966
0.00632148
0.00640789
0.00645761
-0.103508
-0.0892849
-0.0530972
-0.0177126
0.0164089
0.0276947
0.0311821
0.021069
0.0184617
0.0155524
0.0127231
0.0106403
0.00910276
0.00802759
0.0072896
0.00680633
0.0065168
0.00637079
0.00631893
0.00632748
0.00636637
0.00641041
0.00643828
-0.137496
-0.125279
-0.0866443
-0.0417802
0.0109009
0.0219792
0.025058
0.0215761
0.0181674
0.0155718
0.0132734
0.0114525
0.0099454
0.00881757
0.00796861
0.00737198
0.00696158
0.00669892
0.00653848
0.00645738
0.00642697
0.00642136
0.0064229
-0.148689
-0.134928
-0.0947353
-0.047199
-0.00523966
0.0118226
0.0173538
0.0174215
0.0160994
0.0146148
0.0131423
0.0117685
0.0105196
0.00945573
0.00857454
0.00788971
0.00736475
0.00699991
0.00673836
0.00657218
0.00647703
0.00642618
0.00640431
-0.0993797
-0.0866961
-0.062631
-0.0383291
-0.0172477
-0.00290877
0.00648969
0.0105801
0.0120189
0.0123263
0.0120195
0.0113225
0.0105159
0.00970635
0.00895888
0.00829533
0.00771364
0.00728102
0.00692594
0.0066839
0.00652951
0.00643208
0.00638628
-0.0484855
-0.0382535
-0.0297368
-0.0272189
-0.0212539
-0.00959822
0.00187892
0.00823133
0.0110971
0.0122623
0.0122385
0.0116317
0.0109242
0.0101192
0.00936775
0.00865148
0.00798228
0.00752382
0.00707817
0.00676722
0.00655637
0.0064229
0.00635678
-0.0414966
-0.0288175
-0.0204781
-0.0170402
-0.0129809
-0.00232444
0.0022999
0.00893022
0.0101396
0.0117179
0.0118582
0.0116396
0.011119
0.0104451
0.00973431
0.00898129
0.00827392
0.00769405
0.00719999
0.00683076
0.00657223
0.0064056
0.00632026
-0.0322799
-0.0226812
-0.0149751
-0.00528046
-0.000661494
0.0070855
0.0108582
0.0143567
0.0138338
0.0139896
0.0130658
0.0124471
0.0116043
0.0108008
0.00998264
0.00918231
0.00844954
0.00781414
0.00728154
0.00686854
0.00656503
0.00636841
0.00626491
-0.0439333
-0.0257239
-0.00967413
0.0063512
0.0153887
0.0192107
0.0198847
0.0193153
0.017265
0.0160607
0.0146052
0.0135757
0.0123549
0.0112838
0.0102594
0.00934356
0.00853379
0.00784579
0.00728289
0.00684272
0.00651904
0.00630276
0.00618926
-0.0732803
-0.0535381
-0.0280489
-0.00487286
0.0143819
0.0201991
0.0226675
0.0201877
0.0178518
0.0160001
0.0146173
0.0134951
0.012235
0.0111811
0.0101874
0.00930793
0.00851241
0.00782882
0.00725154
0.00679548
0.00644941
0.00621089
0.00608628
-0.18555
-0.153267
-0.107666
-0.0584301
-0.0128856
0.011656
0.0181791
0.0173382
0.0170531
0.0161025
0.0150595
0.0137606
0.0124287
0.011231
0.0101677
0.00921891
0.00839009
0.0076932
0.00711576
0.00666234
0.00631648
0.00607681
0.00595035
-0.170398
-0.146729
-0.104586
-0.0544594
-0.00999916
0.0118162
0.0140009
0.0137519
0.0139452
0.0135987
0.0130853
0.0122967
0.0114694
0.0106059
0.00977654
0.00894313
0.00818099
0.00750515
0.00694158
0.00649487
0.00614867
0.00590653
0.00577785
-0.0457503
-0.0266215
-0.00345554
0.0151228
0.026085
0.0266629
0.0212478
0.0182786
0.0163433
0.0154238
0.013978
0.0127094
0.0113808
0.0103027
0.009338
0.00850763
0.00777881
0.00715565
0.00663145
0.00623662
0.00591202
0.00568419
0.00556085
0.0121202
0.0201191
0.0212632
0.026987
0.0273939
0.0266038
0.0228876
0.0206838
0.0177114
0.0159093
0.0139637
0.0125182
0.0110758
0.00991415
0.00888481
0.00804755
0.00734159
0.00675742
0.00627818
0.00590673
0.00561692
0.00540765
0.00529388
-0.0302771
-0.0180564
-0.00579462
0.00654098
0.0160452
0.0205142
0.0207306
0.0171586
0.0146621
0.0126216
0.0111482
0.0101227
0.00920659
0.00846065
0.00777027
0.00716513
0.00663171
0.00618135
0.00580449
0.00550536
0.00526125
0.00507902
0.0049775
-0.0556086
-0.0498199
-0.0317372
-0.0179364
-0.0045619
0.00287768
0.00670182
0.00754509
0.00812695
0.00805527
0.00786578
0.00756039
0.00720704
0.00686796
0.00650524
0.00615543
0.00580891
0.00549646
0.00522219
0.00499786
0.00481742
0.00468054
0.00460332
-0.027406
-0.0231233
-0.0180174
-0.0134258
-0.00906808
-0.00587292
-0.0036947
-0.00187081
8.06545e-05
0.00167751
0.00286712
0.00372851
0.00429189
0.00468904
0.00486243
0.00489151
0.00482303
0.0047164
0.00459148
0.00446215
0.00434278
0.00423935
0.00418102
-0.00929866
-0.00907442
-0.00914503
-0.00910643
-0.00856909
-0.00741733
-0.00584523
-0.00390394
-0.00213116
-0.000652648
0.000558111
0.00157184
0.00230941
0.00294053
0.00336265
0.00364647
0.00377433
0.00383382
0.0038401
0.00382407
0.00378588
0.00373491
0.00370315
-0.00988543
-0.00919658
-0.00849329
-0.00761511
-0.00649151
-0.00526808
-0.0040679
-0.00305227
-0.00207417
-0.00117427
-0.000331127
0.000435274
0.0010523
0.0016134
0.00208263
0.00249044
0.00279366
0.00299545
0.00311001
0.00317647
0.00319842
0.00318859
0.00317988
-0.00960385
-0.00879067
-0.00784531
-0.00683163
-0.0057365
-0.00495386
-0.00430218
-0.00376627
-0.00309364
-0.00234143
-0.00155186
-0.000780735
-9.06252e-05
0.000533302
0.00104026
0.00149003
0.00186616
0.00216268
0.00237312
0.00251519
0.00258962
0.00261852
0.00263059
-0.00595
-0.0057653
-0.00552456
-0.00523561
-0.00489223
-0.00454197
-0.00413545
-0.00364779
-0.0030073
-0.00232366
-0.00163884
-0.000986717
-0.000408434
0.000110676
0.00052844
0.000899449
0.00120723
0.00147628
0.00168888
0.00185587
0.00195627
0.00201564
0.00204521
-0.00323698
-0.00339269
-0.0036215
-0.00386512
-0.00404394
-0.00406845
-0.00358467
-0.00317179
-0.00262108
-0.00211582
-0.00160436
-0.00112616
-0.000673737
-0.000244259
0.000124466
0.000443483
0.000700399
0.000924586
0.00111038
0.00125663
0.00135888
0.00142248
0.00145691
-0.0020826
-0.00208567
-0.00209204
-0.00207851
-0.00201249
-0.00187183
-0.00165755
-0.001456
-0.00128348
-0.00113893
-0.000959226
-0.000759108
-0.000535187
-0.000280426
-3.44612e-05
0.000186989
0.000364402
0.000506654
0.000621818
0.00071494
0.000788611
0.000842315
0.000872492
-0.000812455
-0.000728912
-0.000618164
-0.000482646
-0.000339352
-0.000221129
-0.000146155
-0.000140277
-0.00014747
-0.000160841
-0.000149874
-0.000124846
-9.16112e-05
-3.65785e-05
1.80523e-05
8.27021e-05
0.000135952
0.000180815
0.000212078
0.000241996
0.00026315
0.000280249
0.000290222
-0.170825
-0.14136
-0.11444
-0.0932195
-0.0746733
-0.0596304
-0.0469859
-0.0366814
-0.0281797
-0.0211244
-0.0153316
-0.0105556
-0.00661585
-0.00336467
-0.00069351
0.001473
0.00322648
0.00462565
0.00572709
0.00657277
0.00718753
0.00759133
0.00779585
-0.182215
-0.147647
-0.117803
-0.0947218
-0.0753908
-0.0596053
-0.046593
-0.0361499
-0.0276033
-0.0205797
-0.014888
-0.0102153
-0.00637533
-0.00321439
-0.000620984
0.00148604
0.00319947
0.00457229
0.0056581
0.00649547
0.00710736
0.00751266
0.00771992
-0.193902
-0.154062
-0.120451
-0.0959568
-0.075831
-0.0594177
-0.0461948
-0.0356707
-0.0270699
-0.0200666
-0.0144628
-0.00986762
-0.00611833
-0.00304247
-0.000525562
0.0015215
0.00319282
0.00453597
0.00560301
0.00642951
0.00703658
0.00744126
0.00764992
-0.203245
-0.159003
-0.123822
-0.0988662
-0.0774623
-0.0601065
-0.046497
-0.0357104
-0.026884
-0.0198196
-0.0142277
-0.00964254
-0.00594217
-0.00291283
-0.000448358
0.00155493
0.00319214
0.00450862
0.00555752
0.00637246
0.0069732
0.00737566
0.0075846
-0.214066
-0.163375
-0.127037
-0.10094
-0.0781819
-0.0604649
-0.0467918
-0.0358413
-0.026839
-0.0197757
-0.0141606
-0.00955428
-0.00587156
-0.00285637
-0.000423011
0.00155822
0.00317526
0.00447453
0.00551069
0.00631706
0.0069131
0.00731352
0.00752235
-0.218387
-0.166206
-0.131451
-0.103739
-0.0795987
-0.0615596
-0.0475889
-0.0362752
-0.0270719
-0.0200078
-0.0142957
-0.00964659
-0.00593363
-0.00289818
-0.000465492
0.00152086
0.00313365
0.0044275
0.00545865
0.00626113
0.00685445
0.00725361
0.00746227
-0.226764
-0.169269
-0.133976
-0.104678
-0.0804574
-0.0625546
-0.0483794
-0.0367728
-0.0275954
-0.0205083
-0.0146526
-0.0099544
-0.00616719
-0.00309187
-0.000621063
0.00140262
0.00303664
0.00434667
0.00538766
0.0061961
0.00679287
0.00719392
0.00740335
-0.230671
-0.177233
-0.140099
-0.108722
-0.0840724
-0.0655765
-0.0506277
-0.0384306
-0.0291536
-0.021706
-0.0155968
-0.0107307
-0.00676203
-0.00356201
-0.000969483
0.00114568
0.00284651
0.0042077
0.0052836
0.00611498
0.00672509
0.00713348
0.00734571
0.0040062
-0.0234303
-0.0494061
-0.0762298
-0.103807
-0.130142
-0.154661
-0.17708
0.00593677
-0.0243952
-0.0539697
-0.0843901
-0.115271
-0.144738
-0.171923
-0.196061
0.00676937
-0.0282701
-0.0625805
-0.0966906
-0.130221
-0.161853
-0.19081
-0.216735
0.00585346
-0.0342321
-0.0732203
-0.110859
-0.146898
-0.180642
-0.211514
-0.239658
0.00270518
-0.0420761
-0.0854595
-0.12675
-0.16568
-0.201959
-0.235178
-0.265495
-0.00268459
-0.0521389
-0.0999938
-0.14532
-0.187677
-0.226855
-0.262496
-0.29482
-0.0104425
-0.0650602
-0.117832
-0.167653
-0.213878
-0.256161
-0.294183
-0.328287
-0.0211962
-0.0817812
-0.14009
-0.194861
-0.245269
-0.290822
-0.331186
-0.366804
-0.0360799
-0.103586
-0.168143
-0.228359
-0.283176
-0.331966
-0.374747
-0.411539
-0.0567102
-0.132196
-0.203827
-0.270068
-0.329701
-0.381924
-0.426661
-0.463947
-0.0853241
-0.169974
-0.249696
-0.322654
-0.387355
-0.443108
-0.489233
-0.525922
-0.125069
-0.220091
-0.308974
-0.389683
-0.459896
-0.518541
-0.564586
-0.598692
-0.180999
-0.287798
-0.386058
-0.474193
-0.549197
-0.608657
-0.652098
-0.680135
-0.256627
-0.377054
-0.487698
-0.580668
-0.65414
-0.708189
-0.742495
-0.757646
-0.327876
-0.454964
-0.564072
-0.653344
-0.721122
-0.766808
-0.791469
-0.797699
0.182792
0.174693
0.162379
0.145852
0.125269
0.100869
0.0734543
0.0412196
0.197267
0.187775
0.173336
0.154149
0.13068
0.102808
0.072506
0.0393299
0.213581
0.202918
0.186728
0.165332
0.139568
0.109215
0.0765328
0.0425389
0.232116
0.220498
0.202801
0.179328
0.151258
0.118488
0.0826391
0.0455623
0.252873
0.240289
0.220992
0.195201
0.164267
0.12842
0.0885276
0.0468844
0.275718
0.26198
0.240751
0.212204
0.17769
0.137932
0.0933568
0.0463939
0.300555
0.285426
0.261843
0.230035
0.19125
0.146749
0.0969472
0.0441749
0.327342
0.31059
0.2842
0.248572
0.204846
0.154753
0.0990209
0.039811
0.355999
0.337379
0.307684
0.267574
0.218161
0.161522
0.0988691
0.032316
0.386257
0.365475
0.331885
0.28647
0.230441
0.166121
0.095295
0.0202173
0.417512
0.394181
0.355975
0.304214
0.240376
0.167003
0.0864925
0.00144758
0.44856
0.422179
0.378466
0.319075
0.245929
0.161838
0.0698313
-0.0269457
0.477364
0.447266
0.396881
0.328197
0.24383
0.146917
0.0412118
-0.0695242
0.49985
0.465393
0.40728
0.327564
0.229796
0.11769
-0.00395601
-0.130562
0.518188
0.479437
0.414062
0.324659
0.214334
0.0875003
-0.0494597
-0.190446
0.0251568
0.0250987
0.0250505
0.0250113
0.0249818
0.0249541
0.024937
0.0249158
0.029562
0.0294638
0.0293403
0.0291934
0.0290269
0.0288437
0.0286461
0.0284418
0.0258945
0.0258356
0.0257948
0.0257701
0.0257597
0.0257566
0.0257602
0.0257653
0.0298114
0.0296904
0.0295406
0.0293659
0.0291708
0.0289606
0.0287431
0.0285275
0.0273667
0.0272922
0.0272434
0.0272159
0.0272071
0.0272098
0.0272214
0.0272361
0.0316598
0.0315083
0.0313244
0.0311138
0.0308809
0.0306336
0.0303767
0.0301408
0.0298788
0.0297729
0.0296996
0.0296555
0.029626
0.0296208
0.0296046
0.0296424
0.0342673
0.0340544
0.0338072
0.0335344
0.0332405
0.0329612
0.0326523
0.0324361
0.033608
0.0334397
0.0333055
0.0331957
0.0331049
0.0330322
0.0329551
0.0329142
0.0380726
0.0378196
0.0375248
0.0372085
0.0368594
0.0365376
0.0361577
0.035936
0.0388138
0.0385248
0.0382671
0.0380342
0.0378128
0.0376479
0.0374252
0.0373741
0.0435891
0.0432265
0.0428078
0.0424159
0.0419372
0.0416151
0.0410735
0.0409653
0.046079
0.0456503
0.0452203
0.0448407
0.0443729
0.0441067
0.0435899
0.0434654
0.0516573
0.0511077
0.0504241
0.0499221
0.0490591
0.0487631
0.0477419
0.0476576
0.0563059
0.0556239
0.0548706
0.054204
0.0533588
0.0527464
0.0516936
0.0512061
0.0635278
0.0627116
0.0617458
0.0609059
0.0596398
0.0587518
0.0569543
0.0562076
0.0708174
0.0696226
0.0682327
0.0668073
0.0650117
0.0634338
0.0612354
0.0596686
0.0806978
0.0792701
0.077614
0.075865
0.0734342
0.0712904
0.0678976
0.0655532
0.091552
0.0894907
0.0869522
0.0840185
0.0804158
0.0766399
0.0721068
0.0674912
0.105378
0.102855
0.0996457
0.0957987
0.0909418
0.0856604
0.0790219
0.0722099
0.121088
0.117483
0.112739
0.106718
0.0994289
0.0907387
0.0812777
0.069477
0.140466
0.135936
0.129692
0.12152
0.111336
0.099379
0.0849242
0.0694972
0.162665
0.156454
0.147334
0.13513
0.119655
0.101446
0.0804063
0.0556783
0.0248916
0.0248691
0.0248641
0.0248771
0.0249118
0.024962
0.0249797
0.0249425
0.0248242
0.0246071
0.0242796
0.0238396
0.0232961
0.0226731
0.0219976
0.0213025
0.020612
0.0199427
0.0193097
0.0187316
0.0182355
0.0178548
0.0176298
0.0281716
0.027803
0.0273557
0.0268194
0.0261865
0.0255316
0.0248978
0.0243027
0.0237674
0.0233024
0.0229056
0.0225612
0.0222382
0.0218881
0.021428
0.0208844
0.020285
0.0196651
0.0190585
0.0184949
0.018009
0.0176366
0.0174161
0.0257801
0.0258028
0.0258414
0.0258986
0.0259257
0.0258413
0.0256436
0.0253372
0.0249114
0.0243686
0.0237305
0.0230323
0.0223376
0.0216926
0.0210865
0.0204947
0.0198839
0.0192623
0.0186577
0.0181011
0.0176246
0.0172646
0.0170554
0.0282208
0.0278058
0.0273101
0.0267511
0.026237
0.0257648
0.0253259
0.0249057
0.0244914
0.024063
0.0235985
0.0230261
0.0223328
0.0215671
0.0208284
0.0201195
0.0194334
0.0187723
0.0181518
0.0175963
0.0171292
0.0167843
0.0165913
0.0272442
0.0272242
0.0272198
0.0271717
0.0270077
0.0267486
0.0263755
0.0258803
0.0252706
0.0245699
0.0238207
0.0230502
0.0222535
0.0214168
0.0205626
0.0197246
0.0189355
0.0182139
0.0175685
0.0170136
0.0165586
0.0162315
0.0160585
0.0297517
0.0291928
0.0285497
0.027938
0.0273657
0.0268008
0.0262385
0.025665
0.0250648
0.0243997
0.0236523
0.022832
0.0219608
0.0210451
0.0201088
0.0191949
0.0183426
0.0175799
0.0169213
0.016375
0.0159402
0.0156348
0.0154833
0.0295768
0.0294444
0.0292777
0.0289829
0.0285629
0.0280052
0.0273056
0.0264798
0.0255627
0.0245914
0.0235903
0.0225723
0.0215476
0.0205237
0.0195154
0.0185511
0.0176646
0.0168848
0.0162288
0.0157029
0.0152974
0.0150189
0.0148892
0.0319571
0.0312498
0.0304773
0.0297357
0.0289727
0.0281998
0.027384
0.0265024
0.0255293
0.0244574
0.0233089
0.0221238
0.0209468
0.0198162
0.0187518
0.0177673
0.0168843
0.016123
0.0154964
0.0150092
0.0146476
0.0144039
0.0142954
0.0327419
0.0323505
0.0318455
0.0311918
0.0303556
0.0293463
0.0281853
0.0269202
0.0255904
0.0242214
0.022835
0.0214613
0.0201434
0.018922
0.0178235
0.0168516
0.0160115
0.0153067
0.0147397
0.0143097
0.0140052
0.013802
0.0137131
0.035316
0.0342575
0.0332109
0.0321054
0.0309536
0.0297134
0.0283697
0.0269151
0.0253686
0.0237702
0.022168
0.0206225
0.0191871
0.0179021
0.0167901
0.0158527
0.0150829
0.0144643
0.013981
0.0136228
0.0133829
0.0132204
0.0131493
0.0369481
0.0360319
0.0350157
0.0338037
0.0323518
0.0306991
0.0288986
0.0270048
0.0250688
0.0231475
0.0212996
0.0195841
0.0180522
0.0167348
0.0156415
0.0147679
0.0140966
0.0135928
0.0132184
0.0129493
0.0127828
0.0126651
0.0126132
0.040038
0.0383639
0.0366993
0.0348626
0.03291
0.0308191
0.0286068
0.0263266
0.0240588
0.0218884
0.0198866
0.0181102
0.0165909
0.0153405
0.0143494
0.0136012
0.0130685
0.012706
0.0124581
0.0122913
0.0122043
0.0121383
0.0121097
0.0424243
0.0406484
0.038671
0.0364034
0.0338535
0.0311476
0.0283787
0.0256316
0.0229956
0.0205616
0.0184059
0.0165775
0.0150897
0.0139286
0.0130646
0.012462
0.0120786
0.0118589
0.0117342
0.0116666
0.0116535
0.0116399
0.0116372
0.0457972
0.0431226
0.0402805
0.0372877
0.0341595
0.0309101
0.0276168
0.0244206
0.0214513
0.0188176
0.0165872
0.0147902
0.0134099
0.012404
0.0117198
0.0113
0.0110887
0.0110228
0.0110285
0.0110645
0.0111244
0.0111659
0.0111913
0.0491302
0.04583
0.0421344
0.0380874
0.0338854
0.0297301
0.0257781
0.0221671
0.0190087
0.0163593
0.0142358
0.0126224
0.0114714
0.0107182
0.0102858
0.0100963
0.0100835
0.0101852
0.0103323
0.0104792
0.0106161
0.010717
0.0107711
0.0526079
0.0477632
0.0428101
0.0377857
0.03274
0.0278438
0.0233535
0.0194376
0.0161839
0.0136131
0.0116941
0.0103552
0.00950645
0.00905252
0.00889624
0.00894739
0.00913181
0.00939256
0.0096741
0.00992785
0.0101398
0.0103004
0.0103811
0.0556408
0.0496558
0.04332
0.0369097
0.030779
0.0251662
0.0202831
0.0162187
0.0130085
0.0106325
0.00901005
0.00802146
0.0075335
0.00741711
0.00755729
0.00785619
0.00823659
0.00864928
0.00905691
0.00941273
0.0096985
0.00991855
0.0100254
0.0587595
0.0501808
0.0419532
0.0341603
0.0270592
0.0209519
0.0159711
0.0120875
0.00923195
0.00729791
0.00614353
0.00561168
0.0055452
0.00580024
0.00625532
0.00681015
0.00738958
0.00795379
0.00848185
0.00893514
0.00929341
0.00957016
0.00970405
0.0595543
0.0493307
0.0393209
0.030172
0.0222723
0.0158536
0.0108988
0.00731824
0.00496629
0.00362921
0.00307871
0.00310438
0.00352239
0.00418383
0.00497266
0.00579389
0.00658041
0.00730118
0.00794769
0.00849447
0.00892344
0.00925173
0.00941359
0.0598794
0.0453396
0.0334117
0.0234237
0.0153702
0.00923422
0.0048067
0.00189991
0.000301703
-0.000270394
-0.000101977
0.000557951
0.0015071
0.00259933
0.00373177
0.00482282
0.00581936
0.00669785
0.00745972
0.00809444
0.00858943
0.00896219
0.00915133
0.0543324
0.0384035
0.0254156
0.0149379
0.00709697
0.00157157
-0.00200314
-0.00392954
-0.00455604
-0.00423703
-0.00328362
-0.00195676
-0.000460698
0.00106712
0.00254169
0.00389936
0.00510355
0.00613868
0.00701378
0.00773274
0.00828933
0.00870144
0.00891631
0.0450402
0.0260996
0.0132654
0.00348934
-0.00332089
-0.0076784
-0.00994832
-0.0105287
-0.00990184
-0.00849154
-0.00662986
-0.00456627
-0.00248334
-0.000496574
0.00133567
0.00297039
0.00438994
0.00559046
0.00658689
0.00739492
0.00801503
0.00846774
0.00870858
0.0240023
0.00963299
-0.00216722
-0.010533
-0.0158069
-0.0185257
-0.0190801
-0.0180217
-0.0159292
-0.0132648
-0.0103739
-0.00748488
-0.00474768
-0.00224757
-1.19017e-05
0.00193805
0.00360585
0.00499943
0.00614117
0.00705611
0.00775183
0.00825525
0.00852611
0.000425647
-0.00858161
-0.017534
-0.0242286
-0.028062
-0.0291522
-0.0280158
-0.0253612
-0.0218391
-0.0179496
-0.0140427
-0.0103317
-0.00693756
-0.00391966
-0.00127906
0.000990094
0.0029065
0.00449132
0.00577618
0.0067937
0.00755921
0.00810473
0.00839841
-0.0252035
-0.0317885
-0.036112
-0.0390759
-0.0397081
-0.037996
-0.0346003
-0.0302207
-0.0254119
-0.0205725
-0.0159662
-0.0117408
-0.00796835
-0.00467027
-0.00182341
0.000600122
0.00262966
0.00429663
0.00563941
0.00669367
0.00747944
0.00802785
0.00832079
-0.0503533
-0.0575174
-0.0568186
-0.0540453
-0.0496278
-0.0441364
-0.038126
-0.0320402
-0.0261847
-0.0207452
-0.0158234
-0.0114562
-0.0076447
-0.00436038
-0.00155305
0.000819803
0.00279595
0.00441321
0.00571266
0.00672821
0.00747959
0.00799134
0.00826074
-0.073181
-0.0772299
-0.0716602
-0.0651656
-0.0570108
-0.0486386
-0.0405827
-0.0331248
-0.0264067
-0.0204656
-0.0152905
-0.0108333
-0.00702459
-0.00379218
-0.00106658
0.00121033
0.00309002
0.00461922
0.00584297
0.00679504
0.00749412
0.00795952
0.00819995
-0.0960974
-0.0931559
-0.0818711
-0.0725715
-0.0621027
-0.0521175
-0.0428187
-0.0344347
-0.0270549
-0.020662
-0.0151999
-0.0105827
-0.00669958
-0.00344604
-0.0007418
0.00148478
0.00330169
0.00476626
0.00592974
0.00682924
0.00748427
0.00791263
0.00812987
-0.118118
-0.10805
-0.091777
-0.079459
-0.0666015
-0.0551754
-0.0448507
-0.0357625
-0.0278917
-0.0211491
-0.0154442
-0.0106672
-0.00668719
-0.00337728
-0.000647141
0.00157679
0.00337374
0.00480915
0.00594048
0.0068094
0.00743814
0.00784557
0.00804973
-0.138763
-0.121714
-0.101025
-0.0854268
-0.0701645
-0.0574235
-0.0462236
-0.03662
-0.0284386
-0.021494
-0.0156611
-0.0107995
-0.00676684
-0.00342634
-0.000677565
0.00155076
0.00334427
0.00477024
0.00588905
0.00674521
0.00736344
0.00776382
0.00796388
-0.156217
-0.132782
-0.108859
-0.0903886
-0.0731294
-0.0590899
-0.047017
-0.0369513
-0.0285392
-0.0214877
-0.0156305
-0.0107763
-0.00676155
-0.00344238
-0.000712441
0.00149881
0.00328075
0.00469762
0.00580925
0.00665994
0.00727541
0.00767641
0.00787778
)
;

boundaryField
{
    outlet
    {
        type            fixedValue;
        value           uniform 0;
    }
    upperWall
    {
        type            symmetryPlane;
    }
    lowerWall
    {
        type            symmetryPlane;
    }
    inlet
    {
        type            zeroGradient;
    }
    cylinder
    {
        type            zeroGradient;
    }
    frontAndBack
    {
        type            empty;
    }
}


// ************************************************************************* //
