/*--------------------------------*- C++ -*----------------------------------*\
| =========                 |                                                 |
| \\      /  F ield         | OpenFOAM: The Open Source CFD Toolbox           |
|  \\    /   O peration     | Version:  2312                                  |
|   \\  /    A nd           | Website:  www.openfoam.com                      |
|    \\/     M anipulation  |                                                 |
\*---------------------------------------------------------------------------*/
FoamFile
{
    version     2.0;
    format      ascii;
    arch        "LSB;label=32;scalar=64";
    class       volScalarField;
    location    "17.5";
    object      p;
}
// * * * * * * * * * * * * * * * * * * * * * * * * * * * * * * * * * * * * * //

dimensions      [0 2 -2 0 0 0 0];

internalField   nonuniform List<scalar> 
9200
(
-0.110093
-0.116216
-0.113603
-0.0844888
-0.0415162
0.00482514
0.0462102
0.0737932
0.0912788
0.0954392
0.0839382
0.0541534
0.00781954
-0.0662494
-0.148138
-0.212042
-0.232944
-0.226093
-0.211071
-0.197599
-0.0561307
-0.0741015
-0.0803865
-0.0482907
0.00395633
0.0581341
0.101254
0.128842
0.157376
0.171541
0.173846
0.150194
0.104306
0.0388193
-0.0286397
-0.0773516
-0.0987322
-0.103394
-0.108009
-0.120724
-0.03595
-0.0604991
-0.0824346
-0.0642474
-0.00755195
0.0595818
0.113292
0.15271
0.180152
0.192459
0.191147
0.168613
0.1316
0.0869743
0.0423123
0.00900716
-0.0173887
-0.0412914
-0.05866
-0.0725869
-0.0738006
-0.100448
-0.146681
-0.140264
-0.0750068
0.0161438
0.0784666
0.121546
0.146449
0.155794
0.152709
0.140215
0.118081
0.0936845
0.0682414
0.0376209
0.0137008
-0.00266347
-0.0158052
-0.0288136
-0.124107
-0.151123
-0.223118
-0.218808
-0.137175
-0.0469921
0.0230174
0.0674367
0.0933612
0.106072
0.110166
0.10891
0.101253
0.0827324
0.0632474
0.0491801
0.0358418
0.0219453
0.0101749
-0.00088599
-0.154479
-0.175489
-0.230095
-0.238787
-0.154443
-0.0726439
-0.00899024
0.0334526
0.0593472
0.0748068
0.0832198
0.0846643
0.0821954
0.077661
0.0691263
0.0576559
0.0462684
0.035653
0.0251134
0.015979
-0.149639
-0.161544
-0.166601
-0.18251
-0.132279
-0.07065
-0.0198013
0.0155546
0.0398235
0.055499
0.0642476
0.069093
0.0708829
0.0689369
0.0643789
0.0595981
0.0553366
0.0505898
0.0444438
0.0360962
-0.10739
-0.103544
-0.134881
-0.124598
-0.0944027
-0.0545778
-0.0176923
0.0106546
0.0308219
0.0459919
0.0571001
0.0633019
0.0661103
0.0671203
0.0658862
0.0623216
0.0582519
0.0551861
0.0522409
0.0495241
-0.0886489
-0.0292939
-0.0915657
-0.0813115
-0.0590887
-0.0321506
-0.00566637
0.0158056
0.0325501
0.0448112
0.0538556
0.0614581
0.0667313
0.069963
0.0706352
0.0697399
0.0666802
0.06351
0.0596275
0.0562831
-0.084675
-0.0800926
-0.05897
-0.0444986
-0.0288365
-0.0105752
0.00788289
0.0249653
0.0388785
0.050094
0.0582
0.0636843
0.0678072
0.0715315
0.0744834
0.0763589
0.0762717
0.0753961
0.0737177
0.0708276
-0.896268
-0.85553
-0.865342
-0.885586
-0.915201
-0.948749
-0.98155
-1.00807
-1.02651
-1.03545
-1.0364
-1.02743
-1.00559
-0.980783
-0.953364
-0.928667
-0.920058
-0.92755
-0.95228
-1.00003
-0.778794
-0.746168
-0.749783
-0.765506
-0.790933
-0.819716
-0.847766
-0.869881
-0.885359
-0.894643
-0.895005
-0.888096
-0.881249
-0.871293
-0.862952
-0.870983
-0.890061
-0.927196
-0.99024
-1.0705
-0.663817
-0.629809
-0.625169
-0.633046
-0.650833
-0.67007
-0.689075
-0.707242
-0.719655
-0.726047
-0.73133
-0.733793
-0.732309
-0.738327
-0.752413
-0.774287
-0.814973
-0.873216
-0.948392
-1.04038
-0.560275
-0.530569
-0.52199
-0.522409
-0.52916
-0.537225
-0.546156
-0.554045
-0.561016
-0.566755
-0.570596
-0.576987
-0.58903
-0.602381
-0.626484
-0.666609
-0.714161
-0.768565
-0.856311
-0.938506
-0.448378
-0.428461
-0.420958
-0.41936
-0.422186
-0.420567
-0.418185
-0.417644
-0.418146
-0.420899
-0.428477
-0.43921
-0.455131
-0.482789
-0.516983
-0.543605
-0.607182
-0.647578
-0.719752
-0.790821
-0.349535
-0.32477
-0.31369
-0.305152
-0.296072
-0.295117
-0.293521
-0.292058
-0.293237
-0.29811
-0.306607
-0.32311
-0.352763
-0.369987
-0.416202
-0.440342
-0.484958
-0.522771
-0.568301
-0.623294
-0.284727
-0.255113
-0.245338
-0.230222
-0.217913
-0.208436
-0.200575
-0.195277
-0.193679
-0.196334
-0.21378
-0.225516
-0.263317
-0.290097
-0.325472
-0.355193
-0.382242
-0.414853
-0.447789
-0.492763
-0.233362
-0.206645
-0.204767
-0.187341
-0.17426
-0.157784
-0.14064
-0.124263
-0.117362
-0.113314
-0.132407
-0.154482
-0.192365
-0.232577
-0.269375
-0.31223
-0.345286
-0.378783
-0.407909
-0.439597
-0.193675
-0.17197
-0.167058
-0.136932
-0.117878
-0.0957922
-0.0722705
-0.0489381
-0.040855
-0.0381179
-0.0564614
-0.0904089
-0.133958
-0.192643
-0.259246
-0.324675
-0.368733
-0.397004
-0.407772
-0.414615
-0.157171
-0.148454
-0.138152
-0.108936
-0.0739725
-0.0369802
-0.00467676
0.0198111
0.0315789
0.029886
0.0120283
-0.02457
-0.0754624
-0.149808
-0.235363
-0.307455
-0.346676
-0.351752
-0.344879
-0.331734
-1.08984
-1.18735
-1.28324
-1.37097
-1.37867
-1.36764
-1.18858
-1.00514
-0.765603
-0.540754
-0.344922
-0.199384
-0.109433
-0.0552462
-0.0229035
-0.0037971
0.00794364
0.015138
0.0191242
0.0211689
0.0220946
0.0218844
0.0207304
0.0191733
0.0178117
0.0161848
0.0140995
0.0118979
0.0097763
0.00827127
0.00670616
0.00507998
0.00366079
0.00251411
0.00156628
0.000826816
0.00016873
-0.000326792
-0.000712809
-0.000934856
-0.00108803
-0.00112197
-0.00110743
-0.00104165
-0.000926087
-0.000800217
-0.000641027
-0.000469533
-0.000290831
-0.000106128
-1.18932
-1.31582
-1.41915
-1.50888
-1.51326
-1.46356
-1.29079
-1.06704
-0.81858
-0.585213
-0.385063
-0.22892
-0.126651
-0.0652853
-0.0289799
-0.00796262
0.00490347
0.0129849
0.0173172
0.0194691
0.0206816
0.0209962
0.0202311
0.0187924
0.017371
0.015897
0.0140456
0.0119577
0.0102817
0.00842127
0.00684931
0.00527974
0.0039133
0.00281145
0.00191067
0.00111496
0.000413249
-0.00012789
-0.000547939
-0.000801504
-0.00097299
-0.00102461
-0.00102511
-0.000970397
-0.000867325
-0.000751493
-0.000602995
-0.000441573
-0.000276299
-0.000102674
-1.17279
-1.30978
-1.43287
-1.52507
-1.54554
-1.49021
-1.33581
-1.1011
-0.846543
-0.617134
-0.421128
-0.265028
-0.155559
-0.0864541
-0.0434007
-0.017504
-0.00179801
0.00844174
0.0142509
0.0170132
0.0186445
0.0195732
0.0193588
0.0181888
0.0168032
0.0154419
0.0138449
0.011932
0.0101318
0.00833938
0.00679242
0.00535305
0.00408856
0.0030262
0.00225609
0.00131525
0.000610031
4.5621e-05
-0.000397438
-0.000680129
-0.000866759
-0.000935084
-0.000947561
-0.000902612
-0.000809711
-0.000702541
-0.000563834
-0.000411974
-0.000259432
-9.90957e-05
-1.04748
-1.20127
-1.33549
-1.43241
-1.45367
-1.39918
-1.26198
-1.04941
-0.818038
-0.613988
-0.443338
-0.301501
-0.191225
-0.116121
-0.0669675
-0.0345289
-0.013663
0.000218086
0.00887738
0.0135071
0.0160792
0.0177374
0.0181616
0.0173195
0.0160558
0.0148217
0.0134488
0.0117413
0.00992168
0.00812896
0.00664291
0.00535107
0.00420882
0.00318714
0.00237761
0.00141261
0.000750533
0.000192932
-0.000252241
-0.000554818
-0.000752418
-0.000837949
-0.00086251
-0.000830179
-0.000748437
-0.000652281
-0.00052361
-0.000381959
-0.000241142
-9.35222e-05
-0.863464
-1.00393
-1.14161
-1.24189
-1.26471
-1.22069
-1.11349
-0.950487
-0.768266
-0.595692
-0.447049
-0.327305
-0.227922
-0.149622
-0.0938984
-0.0554376
-0.0293487
-0.0113713
0.000800244
0.00808519
0.0124752
0.0154028
0.0167398
0.0163409
0.0152173
0.0141277
0.0129827
0.0115211
0.00983028
0.0081288
0.00661758
0.00537457
0.00430241
0.00330945
0.00242483
0.00143433
0.000840268
0.000301679
-0.000136137
-0.000452734
-0.000656741
-0.0007558
-0.000788499
-0.000765522
-0.000691677
-0.000604262
-0.000483587
-0.000351044
-0.000220957
-8.58526e-05
-0.675596
-0.786396
-0.907096
-0.993857
-1.04163
-1.02749
-0.957151
-0.837251
-0.702774
-0.570317
-0.443971
-0.335857
-0.248024
-0.174674
-0.11715
-0.0741295
-0.043841
-0.0229434
-0.00822794
0.0014928
0.00764507
0.0118694
0.014525
0.0150039
0.0141458
0.013216
0.0123572
0.011186
0.00957535
0.00786699
0.00641378
0.00526737
0.00429249
0.0033565
0.00242297
0.00140484
0.000912546
0.000405088
-1.72696e-05
-0.00034434
-0.000554085
-0.000667267
-0.000709139
-0.00069711
-0.000632929
-0.000555446
-0.000444406
-0.000321544
-0.000202785
-8.32449e-05
-0.53385
-0.613359
-0.714645
-0.789998
-0.835464
-0.840357
-0.803113
-0.72856
-0.634199
-0.532715
-0.429987
-0.337895
-0.258245
-0.189901
-0.134081
-0.0896142
-0.0561925
-0.0326941
-0.0158172
-0.00435252
0.00279967
0.00788091
0.0115168
0.0130616
0.0128606
0.012265
0.0117346
0.0109183
0.00950058
0.00789789
0.00644971
0.00530707
0.00434002
0.00342033
0.00243752
0.00132416
0.000949326
0.000472295
7.0619e-05
-0.000259498
-0.000468438
-0.000591915
-0.000639046
-0.000636506
-0.000579597
-0.00051071
-0.000407223
-0.00029309
-0.000184062
-7.45497e-05
-0.458222
-0.500389
-0.571754
-0.636394
-0.678549
-0.699204
-0.685637
-0.638838
-0.576921
-0.502612
-0.415406
-0.331884
-0.2589
-0.196659
-0.144602
-0.101891
-0.0679268
-0.043072
-0.0240363
-0.0101187
-0.00141802
0.00434777
0.00855947
0.0109005
0.0112692
0.0109611
0.0106475
0.0101331
0.0090144
0.00760952
0.00628877
0.00521363
0.00427921
0.0034094
0.00242692
0.00122333
0.00101069
0.000551126
0.000161684
-0.000173098
-0.000383507
-0.000516829
-0.00056946
-0.000575315
-0.000525522
-0.000464675
-0.000369454
-0.000264404
-0.000165085
-6.93869e-05
-0.408721
-0.434867
-0.480163
-0.517785
-0.550555
-0.576396
-0.584404
-0.566349
-0.5278
-0.473206
-0.407427
-0.338142
-0.27156
-0.211323
-0.157327
-0.112827
-0.0779026
-0.0528726
-0.0337091
-0.0180398
-0.00702944
0.000161385
0.00529709
0.00858132
0.00979152
0.00998005
0.00989147
0.00956736
0.00867878
0.00747009
0.00625509
0.00520798
0.00427675
0.00341729
0.00244207
0.00104679
0.00106863
0.000612929
0.000233102
-9.69892e-05
-0.000305402
-0.000444656
-0.000501808
-0.000515985
-0.000474033
-0.000421192
-0.000335141
-0.000238531
-0.000148192
-6.17121e-05
-0.324515
-0.345122
-0.37926
-0.413485
-0.438475
-0.456897
-0.469301
-0.469062
-0.455127
-0.426145
-0.381142
-0.329845
-0.279446
-0.229869
-0.181162
-0.13691
-0.0986894
-0.0681186
-0.0452875
-0.0276473
-0.0147276
-0.00602235
0.000463633
0.00515481
0.00747179
0.00820665
0.00855192
0.00865367
0.00815523
0.00717419
0.00606869
0.00511983
0.00426468
0.00347574
0.00254834
0.000770756
0.0011702
0.000685996
0.000296359
-3.17504e-05
-0.000240276
-0.000382424
-0.000443318
-0.000462599
-0.000427181
-0.000379431
-0.000301746
-0.000212634
-0.000129899
-5.08061e-05
-0.268229
-0.316145
-0.340494
-0.359729
-0.380768
-0.40019
-0.412324
-0.413242
-0.401835
-0.377045
-0.341144
-0.299166
-0.253565
-0.208739
-0.16669
-0.129203
-0.0966939
-0.0694618
-0.0474018
-0.0293473
-0.0163835
-0.00805819
-0.00187656
0.00305437
0.00593769
0.00698453
0.00747267
0.00785731
0.00770974
0.00689407
0.00573139
0.00475521
0.00400479
0.00337363
0.00267258
0.00312161
0.0013379
0.000763846
0.000363653
4.35891e-05
-0.000170013
-0.000313316
-0.000381691
-0.000404907
-0.000379775
-0.000336225
-0.000269424
-0.000187994
-0.000113114
-4.15184e-05
-0.207979
-0.259698
-0.292812
-0.313803
-0.330924
-0.345115
-0.353378
-0.353812
-0.346338
-0.328838
-0.301412
-0.268075
-0.231043
-0.192758
-0.156088
-0.122874
-0.0937962
-0.0700911
-0.0504085
-0.0334803
-0.0202453
-0.0111048
-0.00451911
0.000611372
0.00369045
0.0050209
0.00584943
0.00656115
0.00669655
0.006079
0.0051124
0.00430495
0.00369487
0.00315963
0.00260615
0.0024957
0.00128659
0.000709488
0.000339573
5.58025e-05
-0.00013965
-0.000270115
-0.000336432
-0.000358865
-0.000338204
-0.000297686
-0.000238252
-0.000164123
-9.57501e-05
-3.00925e-05
-0.164298
-0.214441
-0.250042
-0.270422
-0.28401
-0.29483
-0.30138
-0.301998
-0.297232
-0.285526
-0.265737
-0.239046
-0.208209
-0.177307
-0.147569
-0.118258
-0.0917781
-0.0687287
-0.0491355
-0.0339041
-0.0222235
-0.0133613
-0.00622107
-0.00075639
0.00247163
0.00401907
0.00505529
0.00585578
0.0060728
0.00564003
0.00487741
0.00413337
0.00354483
0.00304457
0.00253731
0.00238375
0.00126704
0.000681946
0.000323513
5.68602e-05
-0.000122432
-0.000240832
-0.000299601
-0.000318327
-0.000297408
-0.000259454
-0.000204784
-0.000138427
-7.70439e-05
-2.1543e-05
-0.135418
-0.177123
-0.209521
-0.229891
-0.242388
-0.250938
-0.257176
-0.259537
-0.256712
-0.247746
-0.232439
-0.21274
-0.189004
-0.16138
-0.132636
-0.107082
-0.0860143
-0.0669503
-0.05054
-0.0364674
-0.0247517
-0.0159618
-0.00910091
-0.00347606
0.000224458
0.00204792
0.00322983
0.00432249
0.00491244
0.00476146
0.00412478
0.00347652
0.00306545
0.00274342
0.00233229
0.00193389
0.00113167
0.000603405
0.000282568
4.96887e-05
-0.000105866
-0.000209733
-0.00026039
-0.000276495
-0.000257566
-0.000222486
-0.000174738
-0.000115461
-6.3418e-05
-2.20627e-05
-0.110619
-0.145396
-0.174159
-0.193817
-0.205641
-0.213107
-0.218302
-0.220032
-0.218177
-0.212766
-0.202132
-0.18639
-0.166944
-0.146914
-0.127353
-0.107087
-0.0861319
-0.0666998
-0.0506671
-0.0371821
-0.0258391
-0.0172176
-0.0105298
-0.00515089
-0.00153575
0.000659087
0.0023066
0.00360731
0.0042697
0.00418481
0.00368656
0.00317456
0.00286648
0.00260498
0.00222445
0.00179086
0.00104861
0.000551928
0.00026006
5.31971e-05
-8.47663e-05
-0.000175708
-0.000221216
-0.000234736
-0.000218492
-0.000185465
-0.0001451
-9.24681e-05
-5.01888e-05
-1.97882e-05
-0.0899813
-0.11939
-0.14408
-0.161816
-0.172711
-0.179154
-0.184049
-0.1869
-0.186274
-0.181639
-0.174012
-0.164432
-0.150229
-0.131602
-0.111763
-0.0931685
-0.0763298
-0.0612744
-0.048393
-0.0370149
-0.0268514
-0.0187874
-0.012389
-0.00705859
-0.00322288
-0.000746276
0.00102974
0.00234298
0.0031515
0.0034385
0.00321339
0.00277559
0.00247223
0.00223188
0.00189326
0.00143039
0.000870697
0.000457522
0.000212853
4.25889e-05
-7.13156e-05
-0.000145173
-0.000181305
-0.000189502
-0.000173755
-0.00014291
-0.000109067
-6.46551e-05
-3.11686e-05
-8.83511e-06
-0.0731852
-0.0973952
-0.118211
-0.13368
-0.143734
-0.15007
-0.154334
-0.156633
-0.157193
-0.155235
-0.149841
-0.141421
-0.129982
-0.116687
-0.103824
-0.0905062
-0.0759881
-0.0618079
-0.0494173
-0.0382638
-0.028459
-0.0209323
-0.0145983
-0.00889466
-0.00486301
-0.00238706
-0.000422101
0.00118114
0.00218372
0.00251013
0.00231556
0.00209821
0.00200437
0.00195991
0.00172576
0.0012993
0.000761055
0.000382572
0.000169257
3.12522e-05
-5.71613e-05
-0.00011205
-0.000136515
-0.00014091
-0.000124094
-9.74677e-05
-6.88753e-05
-3.35443e-05
-8.86314e-06
1.92263e-06
-0.0587276
-0.0787357
-0.0961236
-0.109666
-0.118675
-0.124081
-0.128328
-0.131372
-0.132149
-0.130389
-0.126725
-0.121918
-0.11453
-0.104272
-0.0923259
-0.0794787
-0.0669458
-0.0552527
-0.0447896
-0.0353973
-0.0269638
-0.0201681
-0.0145385
-0.00954251
-0.00584321
-0.00325886
-0.00115494
0.000427963
0.00144736
0.00201565
0.00212579
0.00192074
0.00176364
0.00168799
0.00145234
0.00103934
0.000594998
0.000288122
0.000119969
2.05261e-05
-4.3145e-05
-7.92305e-05
-9.40797e-05
-9.39489e-05
-7.46461e-05
-5.25211e-05
-2.73793e-05
-1.41185e-06
1.30112e-05
8.68068e-06
-0.0463235
-0.0628563
-0.0774838
-0.0890749
-0.0969532
-0.102142
-0.106077
-0.108526
-0.109639
-0.109571
-0.107702
-0.104045
-0.0979535
-0.0900337
-0.0814868
-0.0723224
-0.0625399
-0.0528316
-0.0440435
-0.0359127
-0.0282986
-0.0221211
-0.0167406
-0.0115534
-0.00763941
-0.00502533
-0.00281603
-0.00101613
0.00018603
0.000866849
0.00107064
0.00107596
0.00114606
0.00123877
0.0011282
0.000802948
0.000443003
0.000195701
6.86038e-05
3.85063e-06
-3.61204e-05
-5.19982e-05
-5.47563e-05
-4.62642e-05
-2.44956e-05
-5.04534e-06
1.59627e-05
3.19786e-05
3.49183e-05
1.53517e-05
-0.0357365
-0.0493728
-0.0615223
-0.0715718
-0.0785112
-0.0830633
-0.0866361
-0.0891629
-0.0907392
-0.090963
-0.0894817
-0.0873259
-0.083881
-0.0784822
-0.0716883
-0.0640056
-0.0561492
-0.0483267
-0.0406859
-0.0333409
-0.0264622
-0.0208055
-0.0159763
-0.0114487
-0.00796531
-0.00542021
-0.00314498
-0.00138116
-0.000246849
0.000525157
0.000911421
0.000946161
0.000975058
0.00105136
0.000944954
0.000643152
0.000317049
0.00011034
1.42726e-05
-1.85065e-05
-3.10312e-05
-2.43489e-05
-1.16276e-05
4.3934e-06
2.89073e-05
4.64301e-05
6.12654e-05
6.81917e-05
5.87456e-05
2.37687e-05
-0.0264942
-0.0378157
-0.0481651
-0.0566702
-0.0626773
-0.0668256
-0.0700563
-0.0723751
-0.0738613
-0.0743277
-0.0741115
-0.0734131
-0.0708349
-0.0665232
-0.0617386
-0.0564001
-0.0502628
-0.0435725
-0.0371189
-0.0311551
-0.0254856
-0.020693
-0.0164718
-0.0123135
-0.00901475
-0.00658761
-0.00433957
-0.00253015
-0.00133967
-0.000487954
2.15459e-05
0.000212334
0.000366786
0.000553283
0.000569628
0.000376485
0.000140477
-1.71215e-06
-5.18065e-05
-4.19426e-05
-2.31809e-05
5.98791e-06
3.40435e-05
5.63625e-05
8.5845e-05
0.0001006
0.000109461
0.000108123
8.45376e-05
3.30446e-05
-0.0184296
-0.0278976
-0.0366076
-0.0439253
-0.0492207
-0.0528732
-0.0557706
-0.0578586
-0.0593549
-0.0603417
-0.060625
-0.060198
-0.058632
-0.0562363
-0.0530586
-0.0486597
-0.043704
-0.0386775
-0.0337528
-0.0288204
-0.0238527
-0.0196043
-0.0158777
-0.0122146
-0.00929944
-0.00701667
-0.00472376
-0.00289566
-0.00176995
-0.000910495
-0.000286064
-1.87512e-05
0.000160098
0.000358981
0.00039092
0.00022028
1.1617e-05
-9.11673e-05
-0.000102792
-5.86602e-05
-1.39535e-05
3.63751e-05
8.04206e-05
0.000111061
0.000146304
0.000158252
0.000161892
0.000151124
0.000112131
4.29523e-05
-0.0114948
-0.019367
-0.0267366
-0.0330558
-0.0376896
-0.0409721
-0.0435366
-0.0454013
-0.0469469
-0.047973
-0.0484232
-0.0487929
-0.0483289
-0.0467052
-0.0442552
-0.041182
-0.0378126
-0.033983
-0.0299065
-0.0258641
-0.0218275
-0.0183347
-0.0151567
-0.0119104
-0.00930857
-0.00724309
-0.00508679
-0.00334825
-0.00229413
-0.00145451
-0.000783597
-0.000457406
-0.000252736
-1.98982e-05
7.80055e-05
-1.31874e-05
-0.000146861
-0.00018941
-0.000159136
-8.01801e-05
-6.22594e-06
6.81597e-05
0.000130485
0.000170513
0.000210848
0.000221042
0.000218423
0.000197093
0.000142386
5.37661e-05
-0.00556271
-0.012143
-0.0183615
-0.0237888
-0.0278723
-0.030794
-0.0330464
-0.0347366
-0.0361737
-0.0372529
-0.0381114
-0.0388832
-0.0387053
-0.0377599
-0.0364657
-0.0344756
-0.0319219
-0.0289666
-0.025938
-0.0229045
-0.0196463
-0.0166915
-0.0139729
-0.0112073
-0.00903561
-0.00724915
-0.00521942
-0.00356064
-0.00261688
-0.00185039
-0.00114589
-0.000744462
-0.000498573
-0.000253218
-0.000132875
-0.000183251
-0.000273458
-0.000277142
-0.000211864
-9.81421e-05
6.8279e-06
0.000105554
0.000186196
0.000235331
0.000280736
0.000289619
0.000279321
0.000247215
0.00017591
6.55769e-05
-0.000429662
-0.00594272
-0.0112191
-0.0158989
-0.0194908
-0.0220919
-0.0240917
-0.0256019
-0.0269657
-0.0280958
-0.0290279
-0.0299242
-0.0302192
-0.0300136
-0.0293526
-0.0279631
-0.026244
-0.0242364
-0.0220269
-0.019688
-0.0171026
-0.0147656
-0.0125721
-0.0102588
-0.00846219
-0.00695832
-0.00512936
-0.00361708
-0.00278514
-0.00207407
-0.00136247
-0.000946426
-0.000714925
-0.000485359
-0.000351191
-0.000364084
-0.000409414
-0.000366844
-0.000260157
-0.000109004
2.68896e-05
0.000149421
0.000248407
0.000307086
0.000357615
0.000364746
0.000346067
0.000302273
0.00021276
7.82105e-05
0.00395513
-0.000661731
-0.00514402
-0.00918395
-0.0123454
-0.0146673
-0.0164392
-0.01779
-0.019068
-0.0201498
-0.0211389
-0.0222351
-0.0228121
-0.022954
-0.0227724
-0.0220266
-0.0209855
-0.0196063
-0.0180408
-0.0163961
-0.014473
-0.0126644
-0.0109008
-0.00901698
-0.00762611
-0.00642542
-0.00480223
-0.00344983
-0.0027571
-0.00214526
-0.00147586
-0.0010703
-0.000855827
-0.00065121
-0.000524501
-0.000517314
-0.000526057
-0.000442227
-0.000296319
-0.000109787
5.5953e-05
0.000202435
0.000319861
0.000388374
0.000443188
0.000448162
0.000420066
0.00036312
0.000253536
9.33059e-05
0.00768206
0.00381784
9.78966e-06
-0.00347051
-0.00625294
-0.00832784
-0.00990248
-0.011132
-0.0123188
-0.0133437
-0.0143675
-0.0155102
-0.0162274
-0.016702
-0.0169031
-0.0165488
-0.0159922
-0.0151844
-0.0142094
-0.0131265
-0.0117266
-0.0103878
-0.00905046
-0.0075842
-0.00656173
-0.00563252
-0.00422695
-0.00307974
-0.00256113
-0.00206358
-0.00145186
-0.00108357
-0.000915944
-0.000759826
-0.000658176
-0.00064573
-0.000626429
-0.000503676
-0.000319575
-9.77786e-05
9.80805e-05
0.00026844
0.000403865
0.000481226
0.000539354
0.000540776
0.000501705
0.000428747
0.000297594
0.000105004
0.010843
0.00760256
0.00436914
0.00137119
-0.00108403
-0.00293442
-0.00434249
-0.00545715
-0.00654607
-0.00751591
-0.00852641
-0.00968074
-0.010507
-0.0111582
-0.0115801
-0.0115832
-0.0114503
-0.0110387
-0.0104837
-0.00986246
-0.00892921
-0.00801534
-0.00705523
-0.00596952
-0.00530547
-0.00465368
-0.00347568
-0.00253993
-0.00219091
-0.00180488
-0.00126822
-0.000968708
-0.000882538
-0.000807036
-0.000753103
-0.000743046
-0.000700955
-0.000544983
-0.000324272
-6.67722e-05
0.00015892
0.000352168
0.000504649
0.000590016
0.000651001
0.000648428
0.000597821
0.000507425
0.000353173
0.000139628
0.0135068
0.0107835
0.00803928
0.0054587
0.00329771
0.00164854
0.000388682
-0.000627305
-0.00163503
-0.00253142
-0.00349997
-0.00463009
-0.00549273
-0.00628656
-0.00691576
-0.00714481
-0.00724783
-0.00714662
-0.00698288
-0.00674155
-0.00615995
-0.00558346
-0.00494654
-0.00420417
-0.00386794
-0.00347235
-0.00252639
-0.00183457
-0.00168789
-0.00142996
-0.000976166
-0.000749942
-0.000744412
-0.000758931
-0.000776407
-0.000797721
-0.000749148
-0.00055821
-0.000304083
-1.37121e-05
0.000237287
0.000449534
0.000613585
0.000702151
0.000758727
0.000747861
0.000678381
0.000569108
0.000375711
0.000107467
0.0157497
0.0134562
0.0111281
0.00890735
0.00700101
0.00553219
0.00440384
0.00347343
0.00255087
0.00172719
0.000798787
-0.000288288
-0.00116537
-0.00202661
-0.00271646
-0.00308772
-0.00343724
-0.00361745
-0.00374122
-0.00378065
-0.0034892
-0.00319815
-0.00282894
-0.00237652
-0.00231607
-0.0021288
-0.00138178
-0.000914931
-0.000972434
-0.00087022
-0.000549114
-0.000456329
-0.000577132
-0.0006931
-0.000786172
-0.000832974
-0.000735191
-0.000513768
-0.000210524
0.00011823
0.000400819
0.000634994
0.000817399
0.000911124
0.000971696
0.000951196
0.000867639
0.000741304
0.000534261
0.000233937
0.0176254
0.0156873
0.0137161
0.0118056
0.0101233
0.00881635
0.00779986
0.00694336
0.0060947
0.00533786
0.00446676
0.00344735
0.00259252
0.00170996
0.000966706
0.000468022
-2.10036e-05
-0.000344883
-0.000674465
-0.000949912
-0.00090468
-0.000857677
-0.000725246
-0.000546035
-0.000750644
-0.000759173
-0.000202451
5.92105e-05
-0.000148777
-0.000141639
8.86459e-05
6.21306e-05
-0.000217916
-0.000515634
-0.000736167
-0.000859113
-0.000833575
-0.000550648
-0.000221713
0.000143352
0.000446396
0.000693243
0.00088026
0.00096585
0.0010151
0.000975694
0.000862018
0.000692086
0.000436154
0.000103443
0.0191914
0.0175445
0.0158773
0.0142322
0.0127456
0.011583
0.0106655
0.00987377
0.00909158
0.00839725
0.00758197
0.00663238
0.00580937
0.00492552
0.00417052
0.00361137
0.0030408
0.00259743
0.00209765
0.00167047
0.00156327
0.00143672
0.00139074
0.00135735
0.000940688
0.0007582
0.00110891
0.00112263
0.000707134
0.000563568
0.000657113
0.000507811
0.000141867
-0.000214742
-0.000534202
-0.00076243
-0.000518534
-0.000210934
0.000169008
0.000553261
0.000867572
0.00112308
0.00131142
0.00139301
0.00143346
0.00138236
0.00124753
0.00107271
0.000766124
0.000332428
0.0204952
0.0190869
0.0176813
0.0162641
0.0149523
0.0139229
0.0130949
0.0123593
0.0116316
0.0109857
0.0102172
0.00933856
0.00856074
0.00771129
0.00698477
0.00637886
0.00572916
0.0051904
0.00456998
0.00404188
0.00382007
0.00356092
0.00337961
0.00317295
0.00259945
0.00231241
0.00252633
0.002372
0.00183009
0.00158719
0.00153864
0.00116602
0.000523128
-9.41804e-05
-0.000549887
-0.00105571
-0.000734368
-0.000322024
7.38711e-05
0.000501289
0.000837042
0.00109428
0.00129006
0.0013376
0.00136665
0.00126658
0.00108665
0.000854783
0.000521036
0.000123896
0.0215665
0.0203612
0.0191842
0.0179589
0.016799
0.0158842
0.0151298
0.0144463
0.013772
0.0131769
0.012467
0.0116628
0.0109263
0.0101119
0.00941981
0.00880576
0.00814178
0.00755256
0.00683787
0.0062316
0.00591443
0.0055435
0.0052462
0.00487889
0.00416052
0.00377806
0.00384654
0.00351309
0.00285057
0.00252948
0.0023957
0.00197776
0.00136546
0.000786409
0.000419588
0.000748386
0.000404388
0.000563941
0.000900723
0.0012988
0.00159292
0.00184593
0.00200058
0.00203648
0.00204092
0.00191469
0.00171382
0.00144494
0.00100265
0.00042038
0.0224396
0.0214057
0.0204207
0.0193544
0.0183267
0.0175078
0.0168146
0.0161707
0.0155378
0.0149802
0.0143201
0.0135972
0.0129125
0.0121476
0.0114916
0.0108672
0.0102207
0.00962115
0.00885458
0.00822902
0.00786709
0.00743778
0.00708005
0.00659866
0.00578218
0.0053331
0.00524636
0.0047334
0.0039713
0.00353474
0.0031658
0.00237748
0.00137018
0.000527751
5.28262e-05
-0.000342173
-9.54777e-05
0.000333883
0.000762014
0.00122769
0.00154379
0.00177786
0.00193257
0.00189935
0.00187479
0.00167735
0.0014139
0.00110897
0.000670152
0.000183632
0.0231389
0.0222575
0.0214451
0.0205186
0.0196162
0.0188749
0.0182251
0.0176107
0.0170045
0.0164775
0.0158661
0.0152177
0.0145831
0.0138703
0.0132459
0.0126018
0.0119542
0.0113406
0.0105531
0.00993546
0.00953984
0.00907614
0.00868219
0.00811559
0.00726254
0.00683745
0.00669734
0.0061075
0.00531155
0.00487247
0.00448425
0.00375206
0.00280631
0.00183019
0.00111935
0.00101897
0.00115688
0.00152739
0.00192871
0.00235969
0.00258055
0.00281729
0.00286164
0.0028245
0.00275374
0.0024813
0.00221675
0.00179295
0.00119545
0.000493778
0.0236535
0.0229055
0.0222295
0.0214313
0.0206519
0.0199918
0.019384
0.0187902
0.0182031
0.0176853
0.0171133
0.0165346
0.0159597
0.015329
0.0147481
0.0141138
0.013485
0.0128459
0.0120649
0.0114874
0.0110633
0.0105742
0.0101348
0.00947992
0.00859022
0.00811667
0.00779854
0.00709086
0.00626024
0.00564509
0.00483244
0.00357111
0.00225206
0.00127932
0.000888994
0.000699147
0.00106267
0.00155572
0.00203145
0.00246499
0.00267311
0.00283856
0.00282786
0.00271851
0.00254843
0.00222898
0.00189552
0.00143566
0.000903156
0.000300612
0.0240469
0.0234206
0.0228379
0.0221349
0.0214523
0.0208354
0.0202649
0.0196871
0.0191191
0.0186216
0.0180822
0.0175616
0.0170164
0.0164381
0.0158905
0.0152698
0.0146886
0.0140648
0.0133114
0.012788
0.0123617
0.0119306
0.0115369
0.0108642
0.0100501
0.00974106
0.0094522
0.008759
0.00799703
0.00755052
0.00689259
0.00585732
0.00445273
0.00304387
0.00226143
0.00212259
0.00257338
0.00293512
0.00342257
0.00369618
0.00382567
0.00394587
0.00376493
0.0036921
0.00337962
0.0030159
0.00264532
0.00200232
0.00134947
0.000552489
0.0242959
0.0237663
0.0232496
0.0226232
0.0220091
0.0214162
0.0208495
0.0202956
0.0197583
0.0192855
0.0187978
0.0183132
0.0177925
0.0172394
0.016688
0.0160997
0.0155487
0.0149323
0.0142284
0.0136977
0.0132291
0.0128268
0.0124241
0.0117224
0.0108989
0.010542
0.0101892
0.00957891
0.00877339
0.00800065
0.00662128
0.00510429
0.00374859
0.00292461
0.00277556
0.00291621
0.00338601
0.00361969
0.00405961
0.00403855
0.00419192
0.00404654
0.00384459
0.00369716
0.00322584
0.00290587
0.00242269
0.00176471
0.00120064
0.00043846
0.024465
0.0240091
0.0234781
0.0228983
0.0223388
0.0217762
0.0212045
0.0206495
0.0201163
0.0196342
0.0191849
0.0187466
0.0182701
0.0177338
0.0171648
0.016623
0.0160541
0.0154767
0.014922
0.014407
0.0139321
0.0136999
0.0132639
0.0126505
0.0121087
0.012004
0.0115993
0.0113161
0.0110115
0.0109696
0.0100104
0.00837138
0.00620491
0.00489296
0.00434422
0.00426512
0.00473415
0.00474262
0.00513998
0.00487224
0.00496411
0.00466154
0.00438276
0.0042146
0.00361375
0.00335206
0.00276195
0.00204517
0.00147272
0.000546659
0.0658542
0.0527446
0.0434061
0.0265591
0.00517431
-0.0142862
-0.0487028
-0.0876879
-0.138381
-0.19587
0.0601517
0.046612
0.0354512
0.0204782
-0.00286208
-0.0189813
-0.0488369
-0.0748848
-0.110754
-0.150967
0.0549975
0.0415898
0.0331919
0.0187501
-6.9648e-06
-0.0103618
-0.0315123
-0.052201
-0.0802336
-0.114635
0.0507267
0.0383168
0.0321462
0.0177613
0.00351638
-0.0057638
-0.0245169
-0.0440768
-0.0691287
-0.097616
0.048114
0.0363507
0.0311327
0.0179936
0.00533471
-0.00467571
-0.0222764
-0.0389159
-0.0586496
-0.080599
0.0452952
0.0346562
0.0295411
0.018384
0.00661614
-0.00269037
-0.0169339
-0.0302633
-0.0462562
-0.0647152
0.0427532
0.0336619
0.0280234
0.0191513
0.00882886
0.000623468
-0.0109891
-0.023012
-0.0370799
-0.0526349
0.0402714
0.032692
0.0267839
0.0197247
0.0108653
0.0030473
-0.00690088
-0.0174816
-0.0293513
-0.0419854
0.0380028
0.031859
0.0261171
0.020106
0.01259
0.00537851
-0.00300161
-0.0118024
-0.0216573
-0.0323548
0.0359759
0.0309582
0.0257882
0.0205609
0.014313
0.00794868
0.00080066
-0.00659619
-0.015004
-0.024174
0.0343046
0.0301318
0.0257404
0.0212257
0.015957
0.0103288
0.00414754
-0.00215025
-0.00922244
-0.0169223
0.0329676
0.0294505
0.0257728
0.0218958
0.0173993
0.0124815
0.00719276
0.00189889
-0.00399148
-0.0104525
0.0319014
0.028924
0.0258308
0.0225531
0.0187542
0.0145346
0.0100493
0.005549
0.000594752
-0.00483954
0.0310298
0.0285382
0.0259446
0.0232051
0.0200201
0.0164211
0.0125927
0.00872214
0.00456097
7.83716e-06
0.0303337
0.0282763
0.026101
0.0238247
0.0211593
0.0180921
0.0148234
0.011516
0.00804921
0.00423511
0.0298051
0.0280959
0.0262711
0.0243951
0.0221727
0.0195694
0.0167872
0.0139857
0.0110898
0.00786993
0.0293933
0.0279653
0.026445
0.0249132
0.0230691
0.0208645
0.0184992
0.0161272
0.0136986
0.0109708
0.0290963
0.0278912
0.0266173
0.0253702
0.0238417
0.021979
0.0199629
0.0179589
0.0159267
0.0136098
0.0288982
0.0278681
0.0267892
0.0257658
0.0244993
0.0229293
0.0212086
0.0195254
0.0178247
0.0158453
0.0287767
0.0278859
0.0269551
0.0261031
0.0250568
0.0237338
0.0222608
0.0208538
0.0194286
0.0177303
0.0287131
0.0279309
0.0271103
0.0263905
0.0255291
0.024409
0.0231405
0.0219686
0.0207689
0.0193071
0.0286885
0.0279941
0.0272586
0.0266411
0.0259263
0.0249673
0.0238718
0.0228999
0.0218852
0.0206258
0.0286874
0.0280646
0.0273921
0.0268519
0.0262549
0.0254274
0.0244826
0.0236787
0.0228137
0.021728
0.0286978
0.0281322
0.0275134
0.0270321
0.0265246
0.0258026
0.0249795
0.0243045
0.0235608
0.0226302
0.028709
0.0281902
0.0276179
0.0271851
0.0267422
0.026104
0.025383
0.0248013
0.0241586
0.0233672
0.0287064
0.0282327
0.0277026
0.0272995
0.0269162
0.0263569
0.025718
0.0251998
0.0246347
0.02396
0.0286889
0.0282443
0.0277552
0.0273827
0.0270353
0.0265342
0.0259554
0.0254754
0.0249741
0.024386
0.0287128
0.0282654
0.0277545
0.0274057
0.0271404
0.0266837
0.0261285
0.0256865
0.0252487
0.024716
0.0286198
0.0281906
0.0277612
0.0274191
0.0271017
0.0266829
0.0262097
0.0257723
0.025344
0.024871
0.0287356
0.0279304
0.0277292
0.0276936
0.0271829
0.0264803
0.0261895
0.0259546
0.0253959
0.0248763
0.173689
0.178377
0.184707
0.191814
0.198734
0.205134
0.210946
0.216278
0.221463
0.226185
0.229597
0.231527
0.232309
0.230605
0.224766
0.215076
0.20057
0.178968
0.154038
0.0874795
0.16699
0.172836
0.177867
0.181688
0.185817
0.190101
0.194037
0.196765
0.199283
0.201519
0.202735
0.201932
0.199529
0.195313
0.187871
0.176141
0.158209
0.128062
0.102295
0.0258693
0.158573
0.165178
0.168991
0.171497
0.174213
0.177343
0.180306
0.181747
0.181619
0.181261
0.180072
0.177227
0.171875
0.163777
0.153015
0.138793
0.120852
0.0859168
0.0615499
-0.0252513
0.146116
0.149807
0.152001
0.154566
0.156786
0.159001
0.160414
0.161484
0.160981
0.159668
0.157089
0.152876
0.146494
0.137225
0.124379
0.107957
0.089995
0.0490751
0.0265104
-0.0542075
0.1369
0.138963
0.140061
0.141653
0.143426
0.143723
0.1429
0.142363
0.141062
0.138177
0.134072
0.128729
0.121846
0.112375
0.0995569
0.081882
0.0654839
0.0286047
0.0049485
-0.0688188
0.124877
0.127957
0.128934
0.129792
0.130552
0.131016
0.130568
0.128728
0.126132
0.121705
0.115695
0.108371
0.0996056
0.0891422
0.0768157
0.0603247
0.0438411
0.0167746
-0.0029915
-0.0595355
0.112051
0.112973
0.112894
0.113677
0.11403
0.113878
0.113732
0.112326
0.109225
0.105411
0.0997614
0.0922413
0.0826985
0.0712334
0.058171
0.0431997
0.0294795
0.013116
0.00340984
-0.0336382
0.103352
0.103991
0.104178
0.104375
0.104529
0.102703
0.099951
0.0972274
0.0933314
0.0885003
0.0828281
0.0754579
0.0663404
0.0554897
0.0431362
0.0288978
0.0162893
0.00514074
0.012627
0.0136331
0.0866582
0.0889804
0.0912963
0.0927542
0.0935466
0.0934734
0.0911805
0.08769
0.0825439
0.0760013
0.0683112
0.0598389
0.050001
0.0391712
0.0274676
0.0152608
0.00386316
-0.00460487
0.015488
0.0385951
0.0787945
0.079345
0.0802487
0.0807338
0.0806043
0.080172
0.079453
0.0777296
0.0740057
0.0678883
0.0592591
0.0490381
0.0368063
0.0236388
0.0100479
-0.00344472
-0.0161969
-0.0325599
-0.0441138
-0.00952289
0.199525
0.210381
0.221418
0.233151
0.24569
0.259576
0.27456
0.290773
0.308235
0.326826
0.346578
0.367272
0.389123
0.411658
0.434826
0.457455
0.479054
0.499069
0.515458
0.523514
0.20691
0.218084
0.22948
0.241225
0.25386
0.26758
0.282993
0.299807
0.317768
0.336741
0.356502
0.377388
0.399123
0.421872
0.445394
0.469104
0.491847
0.513515
0.53045
0.541478
0.211977
0.223325
0.234391
0.246038
0.258491
0.272269
0.287593
0.304209
0.322064
0.340702
0.360312
0.380885
0.402251
0.424318
0.446267
0.468753
0.491086
0.513146
0.532551
0.542442
0.214895
0.225428
0.235997
0.247205
0.259343
0.273218
0.288285
0.304571
0.321525
0.339276
0.357805
0.376944
0.39713
0.417966
0.439626
0.460717
0.479295
0.495996
0.511907
0.525903
0.21516
0.22462
0.234619
0.245446
0.257243
0.270573
0.285079
0.300614
0.316641
0.333345
0.350641
0.368217
0.38609
0.403478
0.422881
0.442106
0.459164
0.472558
0.480571
0.483376
0.213484
0.221635
0.230541
0.240525
0.251918
0.264579
0.277981
0.292137
0.306658
0.321621
0.337227
0.353194
0.370208
0.386282
0.400944
0.415599
0.427628
0.436578
0.438995
0.429689
0.208683
0.215784
0.224288
0.233986
0.244949
0.256982
0.269568
0.282581
0.295641
0.308262
0.320693
0.333295
0.347135
0.360592
0.372103
0.382416
0.389673
0.391518
0.388179
0.373554
0.203055
0.207898
0.214527
0.223312
0.233613
0.244731
0.255973
0.267354
0.278567
0.289564
0.300669
0.311296
0.32131
0.33054
0.337859
0.343213
0.346824
0.345949
0.335251
0.298532
0.193088
0.199309
0.206204
0.214615
0.223743
0.233639
0.24296
0.251989
0.260633
0.268972
0.277538
0.285159
0.291791
0.297393
0.301073
0.30082
0.296228
0.287007
0.271984
0.233085
0.185627
0.188758
0.195683
0.204418
0.213383
0.221751
0.229298
0.236542
0.243401
0.249558
0.255162
0.259408
0.262037
0.263052
0.262288
0.258614
0.249355
0.23285
0.210864
0.153649
0.0455835
0.0433466
0.046895
0.0446532
0.0486978
0.047085
0.0505662
0.0509365
0.0535311
0.0557471
0.0578652
0.0606332
0.0644867
0.0668993
0.0708501
0.0753656
0.0798447
0.0843224
0.0899675
0.0962747
0.102812
0.109376
0.116901
0.125637
0.1343
0.143395
0.153606
0.164603
0.175911
0.187778
0.0458625
0.0439407
0.0470951
0.0452463
0.0491233
0.0475892
0.0512212
0.0515874
0.0542233
0.0565077
0.0588409
0.0615084
0.0655575
0.068297
0.0720856
0.0769477
0.0816731
0.086022
0.092332
0.0986884
0.105342
0.112403
0.120386
0.129162
0.138425
0.147994
0.158516
0.170156
0.181792
0.194647
0.0461109
0.0445395
0.0472627
0.0458008
0.0494984
0.0481364
0.0518264
0.0522283
0.0548994
0.0572122
0.05975
0.0623629
0.0664977
0.069625
0.0732054
0.0784703
0.0832713
0.0878076
0.0939715
0.100779
0.107558
0.114741
0.122989
0.132117
0.141523
0.151445
0.162366
0.173888
0.186343
0.199183
0.0463277
0.0451528
0.0473974
0.0463698
0.0498325
0.0486803
0.0523758
0.0528965
0.0555418
0.0580931
0.0606268
0.0632853
0.0675458
0.0709394
0.0743654
0.0800612
0.085016
0.0900178
0.0965856
0.103205
0.110225
0.117646
0.126068
0.135283
0.144859
0.155177
0.166299
0.177958
0.190517
0.203125
0.0465207
0.0457815
0.04751
0.0469707
0.0501035
0.0492832
0.0528518
0.0535835
0.0561267
0.0588301
0.0614534
0.064131
0.0685503
0.0720145
0.0757437
0.0811812
0.0863659
0.0913739
0.0977656
0.104738
0.111692
0.119141
0.127923
0.136993
0.146543
0.157011
0.168031
0.179481
0.191906
0.204042
0.0467045
0.0463789
0.0476207
0.0475428
0.0503366
0.0498692
0.0532815
0.0542549
0.0566752
0.0595996
0.0622974
0.0651155
0.0695869
0.0732716
0.0771767
0.0828144
0.087604
0.0934028
0.100272
0.10712
0.114412
0.122249
0.130866
0.140155
0.149626
0.160111
0.170572
0.181897
0.193078
0.204244
0.0468794
0.0470178
0.0477358
0.0481457
0.0505207
0.0505115
0.0536531
0.0549476
0.0571407
0.0603703
0.0630178
0.0659067
0.0705026
0.0741262
0.0783771
0.0837249
0.0890933
0.0945429
0.101044
0.107942
0.115058
0.122731
0.131344
0.140073
0.149449
0.159427
0.169672
0.18007
0.190958
0.200844
0.0470605
0.0475497
0.0478866
0.0486911
0.050703
0.0511221
0.0540282
0.0556625
0.0576392
0.0611914
0.0638841
0.066997
0.0715163
0.0754325
0.0798321
0.0854369
0.0911319
0.0966353
0.103924
0.110243
0.117951
0.125871
0.134309
0.14333
0.15249
0.162033
0.171373
0.180819
0.1897
0.197784
0.0472432
0.048071
0.0480526
0.0492598
0.0508575
0.0517278
0.0543552
0.0562936
0.0580789
0.0618419
0.0644772
0.0676516
0.0719187
0.076163
0.0806418
0.0860423
0.0912934
0.0974452
0.103827
0.110432
0.118093
0.125337
0.133354
0.141979
0.150048
0.158995
0.167671
0.174882
0.183971
0.18813
0.0474379
0.0485214
0.0482728
0.0497698
0.0510546
0.0523202
0.0547792
0.0570178
0.0587413
0.0627496
0.065359
0.0690058
0.0734639
0.0777021
0.0822395
0.0879879
0.0939628
0.0998138
0.106894
0.113049
0.121061
0.128696
0.136789
0.14525
0.152681
0.161533
0.167179
0.174162
0.17968
0.18199
0.0476177
0.0489285
0.048481
0.0502659
0.0511888
0.0528017
0.054945
0.0575017
0.0590862
0.0632861
0.065567
0.0695677
0.0736401
0.0782735
0.0824185
0.0883049
0.093674
0.100282
0.106072
0.112816
0.120681
0.12675
0.134363
0.142385
0.147589
0.156428
0.158841
0.167165
0.166958
0.167243
0.0477917
0.0493142
0.0486925
0.0507327
0.0513537
0.0532019
0.0550447
0.0578588
0.0592335
0.0635978
0.0657086
0.0698403
0.0734864
0.0784887
0.0818875
0.0881068
0.0930614
0.0992363
0.10438
0.11137
0.117236
0.12388
0.130739
0.136882
0.142047
0.1489
0.151066
0.155247
0.157078
0.159227
0.0479862
0.04968
0.0489178
0.0511583
0.0515515
0.0535533
0.0552376
0.0581198
0.0595337
0.0638123
0.0659118
0.0699323
0.0734325
0.0784989
0.0817942
0.087681
0.0922617
0.0983525
0.102906
0.109153
0.115365
0.120713
0.126486
0.131842
0.136539
0.141224
0.142896
0.146062
0.148651
0.150199
0.0481923
0.0500613
0.0491275
0.0515972
0.0517276
0.0538953
0.055459
0.05833
0.0597813
0.0638793
0.0661818
0.0697933
0.0734928
0.0781862
0.081539
0.0866676
0.0917667
0.0969754
0.101067
0.106918
0.112588
0.116779
0.122077
0.12662
0.130129
0.133666
0.135416
0.137358
0.139278
0.141513
0.0484248
0.0503601
0.0493835
0.051823
0.0520952
0.0541362
0.0557654
0.0583981
0.0600862
0.0638024
0.0665407
0.0693488
0.0735862
0.0775819
0.0811565
0.0857433
0.0908275
0.0952421
0.0991416
0.104315
0.109365
0.112978
0.117256
0.121003
0.123899
0.12653
0.127697
0.12883
0.130787
0.132699
0.04867
0.0506827
0.0496025
0.0521615
0.0522848
0.0543138
0.0561114
0.0583913
0.0603782
0.0636231
0.0667817
0.0689868
0.0734573
0.0770472
0.0804256
0.0846815
0.0895587
0.0934231
0.0969082
0.101433
0.10593
0.10888
0.112093
0.115326
0.117786
0.119316
0.119871
0.120821
0.122381
0.123941
0.0489465
0.0509355
0.0499094
0.0523646
0.0525968
0.0544306
0.0564741
0.0583301
0.0606003
0.0634673
0.0668639
0.0686347
0.0730733
0.076527
0.0794108
0.083468
0.0880959
0.0913909
0.0942525
0.0982691
0.102342
0.104642
0.106692
0.109448
0.11163
0.112301
0.11227
0.112891
0.114123
0.115413
0.0492302
0.0511801
0.0501737
0.052559
0.0528953
0.0544935
0.0567925
0.0583093
0.0606586
0.0633642
0.0665775
0.0682311
0.0724742
0.0759542
0.0781888
0.0819389
0.0864687
0.0891798
0.0913033
0.0948773
0.0985523
0.100199
0.1012
0.103512
0.105566
0.105609
0.104833
0.104939
0.106011
0.107308
0.0495507
0.0513543
0.0504875
0.052686
0.0531918
0.0545522
0.0570065
0.0583451
0.060558
0.0632449
0.066112
0.0677542
0.0716473
0.0752244
0.0768577
0.0801746
0.0846021
0.08679
0.0881804
0.0912147
0.0945466
0.0957577
0.0958513
0.0975656
0.0994199
0.0990397
0.0976728
0.0973391
0.0982326
0.0994842
0.0497721
0.0515016
0.0507894
0.052791
0.0534618
0.0546105
0.0571007
0.0584148
0.0603364
0.0630637
0.0657946
0.0671672
0.0706608
0.0742815
0.0754658
0.0781974
0.0823984
0.0842864
0.084985
0.0873954
0.090373
0.0912412
0.0906596
0.0916786
0.0932445
0.0927859
0.0910284
0.0900428
0.0905483
0.0918374
0.0501061
0.0516127
0.0510845
0.0528815
0.0536769
0.0546887
0.0570737
0.0584614
0.0600461
0.0627599
0.0653561
0.0664898
0.0695761
0.073066
0.0739676
0.0761005
0.0799393
0.0816127
0.0817173
0.0834907
0.0860832
0.0867167
0.0856458
0.0859783
0.0872378
0.0867347
0.0846105
0.083119
0.0832981
0.0844802
0.0504352
0.0517036
0.0513563
0.0529647
0.0538308
0.0547681
0.0569615
0.0584267
0.0597258
0.0623227
0.0647907
0.0657162
0.0683741
0.0716278
0.07234
0.073907
0.0772792
0.0787362
0.0784271
0.0796238
0.0817942
0.0821567
0.0807417
0.0805926
0.0814712
0.0808355
0.0785972
0.0767897
0.0765036
0.0773818
0.0507537
0.0517804
0.0515914
0.0530457
0.0539158
0.0548284
0.0567908
0.0582783
0.0593723
0.0617609
0.0640783
0.0648159
0.0670837
0.0700238
0.0705165
0.071646
0.0745377
0.0757174
0.0750921
0.0758117
0.0775552
0.0776364
0.0760308
0.0755143
0.0760105
0.0752765
0.0729944
0.0709314
0.0702896
0.0708418
0.0510511
0.0518492
0.0517815
0.0531169
0.0539373
0.0548448
0.0565799
0.0580124
0.0589607
0.0610977
0.0632169
0.0637809
0.0657108
0.0682693
0.0685334
0.0693314
0.0717469
0.0726036
0.0717281
0.0720927
0.0734556
0.0732608
0.0714913
0.0707254
0.0709594
0.0701125
0.0677969
0.065637
0.0647714
0.0649301
0.0513181
0.0519115
0.0519223
0.0531673
0.0539025
0.0547965
0.0563279
0.0576381
0.058469
0.0603468
0.0622138
0.0626124
0.0642457
0.0664173
0.0664383
0.0669362
0.0689458
0.0694862
0.0683858
0.0684828
0.0695281
0.0690685
0.0671738
0.0662733
0.0663211
0.0653742
0.0630621
0.0608828
0.0598777
0.0597202
0.0515461
0.0519641
0.052014
0.0531835
0.0538168
0.0546719
0.0560254
0.0571696
0.0578852
0.059513
0.061109
0.0613243
0.0626933
0.0645023
0.0642583
0.0645024
0.0661779
0.0664087
0.0651037
0.0650023
0.0657991
0.0651186
0.0631335
0.0621481
0.0620791
0.061077
0.0587866
0.0566378
0.055594
0.0552328
0.0517283
0.0520005
0.052058
0.0531542
0.0536802
0.054469
0.0556625
0.0566176
0.0572073
0.0585998
0.0599198
0.059938
0.0610685
0.0625425
0.062048
0.0620704
0.063451
0.0634098
0.0619345
0.0616835
0.0622899
0.061438
0.05939
0.0583616
0.0582303
0.0572102
0.0549606
0.0528703
0.0518388
0.0513613
0.0518593
0.0520122
0.0520561
0.0530719
0.0534917
0.0541903
0.0552313
0.0559926
0.0564432
0.0576121
0.0586628
0.0584834
0.0593921
0.0605639
0.0598473
0.0596686
0.0607964
0.0605286
0.0589208
0.0585561
0.0590106
0.0580344
0.0559645
0.0549257
0.0547567
0.0537379
0.0515507
0.0495474
0.0485575
0.0480234
0.0519348
0.0519916
0.0520091
0.0529328
0.0532503
0.0538411
0.05473
0.0553023
0.0556072
0.0565599
0.0573554
0.0569897
0.0576909
0.0585933
0.0576859
0.0573347
0.0582446
0.0577883
0.0560888
0.0556456
0.0559812
0.0549179
0.0528581
0.051832
0.0516442
0.05064
0.0485325
0.0466362
0.0457118
0.0451663
0.0519525
0.051933
0.0519174
0.0527365
0.052956
0.0534289
0.0541628
0.0545573
0.0547147
0.0554575
0.0560172
0.0554861
0.0559938
0.0566554
0.0555939
0.0551018
0.055819
0.0552112
0.053463
0.0529714
0.0532074
0.0520857
0.0500698
0.0490835
0.0488899
0.047903
0.045885
0.0441133
0.0432739
0.0427468
0.0519124
0.0518325
0.0517815
0.0524856
0.0526116
0.052963
0.0535385
0.0537693
0.0537833
0.0543254
0.0546718
0.0539997
0.054329
0.0547754
0.0535979
0.0529968
0.0535443
0.0528183
0.0510609
0.0505446
0.050695
0.04954
0.0475947
0.0466643
0.0464709
0.0455093
0.0435977
0.041966
0.0412212
0.0407291
0.0518163
0.0516894
0.0516031
0.0521853
0.0522226
0.0524538
0.0528702
0.0529524
0.0528347
0.0531875
0.0533436
0.0525563
0.052723
0.0529796
0.0517229
0.0510437
0.0514418
0.0506284
0.0488949
0.0483694
0.0484441
0.0472781
0.0454272
0.0445657
0.0443736
0.0434382
0.0416419
0.0401609
0.0395166
0.0390662
0.0516697
0.0515054
0.0513864
0.0518429
0.0517982
0.051914
0.0521746
0.052126
0.0518905
0.0520675
0.0520616
0.0511829
0.0512024
0.0512929
0.0499912
0.0492603
0.049525
0.0486483
0.0469704
0.046453
0.046455
0.0452893
0.0435509
0.0427682
0.0425767
0.0416686
0.0399982
0.0386722
0.038125
0.0377147
0.0514817
0.0512851
0.0511376
0.0514698
0.0513481
0.051362
0.0514706
0.0513107
0.0509739
0.0509839
0.0508343
0.0498999
0.0497898
0.0497326
0.0484224
0.0476629
0.0478029
0.0468867
0.0452904
0.044788
0.04472
0.0435686
0.0419538
0.0412472
0.0410501
0.0401702
0.0386321
0.0374642
0.037007
0.0366293
0.0512666
0.0510345
0.0508691
0.051076
0.05089
0.0508161
0.0507786
0.0505262
0.0501123
0.0499682
0.0496978
0.0487403
0.0485029
0.0483173
0.0470344
0.0462586
0.0462781
0.0453517
0.0438616
0.0433666
0.0432208
0.0421041
0.0406353
0.0399986
0.0397716
0.0389142
0.0375189
0.0365065
0.0361217
0.0357619
0.0510503
0.0507606
0.0505935
0.0506866
0.0504295
0.0503134
0.0501161
0.0497881
0.0493421
0.0490237
0.0486631
0.0477359
0.0473676
0.0470569
0.0458456
0.0450727
0.0449542
0.0440312
0.0426835
0.0421967
0.0419531
0.0408801
0.039573
0.0389952
0.0387148
0.0378718
0.0366353
0.035784
0.0354459
0.0350746
0.0508477
0.0504703
0.0503367
0.0502997
0.050013
0.0498709
0.0494989
0.0491646
0.0486611
0.0481815
0.0478065
0.0468979
0.0463734
0.0459816
0.0448658
0.0440821
0.043825
0.0429634
0.0417567
0.0412133
0.040872
0.039902
0.0387651
0.0381903
0.0378356
0.0370534
0.0359968
0.0352565
0.0349095
0.0345186
0.0507792
0.0500911
0.050209
0.0499015
0.0496425
0.0496337
0.0488439
0.0486968
0.0482282
0.0473462
0.0471284
0.0463842
0.0454895
0.0451348
0.0443658
0.0433356
0.0428047
0.0421972
0.0412072
0.0404339
0.0399392
0.0392112
0.0382927
0.0375934
0.0370674
0.0364106
0.0356362
0.0349726
0.0345019
0.0340619
0.0506878
0.0498531
0.0500869
0.0496215
0.0493679
0.0493524
0.0483584
0.0483184
0.0477279
0.0467136
0.0467029
0.0458761
0.0448294
0.0446125
0.0438277
0.0426569
0.0421483
0.0416754
0.0406414
0.0397806
0.0393545
0.0387707
0.0378582
0.0370912
0.0366072
0.0360953
0.0353899
0.0346758
0.0341865
0.0338283
0.0510998
0.0489743
0.0509586
0.0485957
0.050166
0.0489867
0.0476718
0.0491102
0.0469907
0.046344
0.0472783
0.0451712
0.0441876
0.0449932
0.0435753
0.0417523
0.0420599
0.041959
0.0401623
0.039048
0.0393319
0.0390047
0.0375331
0.0364484
0.0364594
0.0365256
0.0356193
0.034345
0.0339268
0.0340956
0.16877
0.161181
0.149906
0.139453
0.131026
0.118793
0.109087
0.0985488
0.0834303
0.0763714
0.16121
0.153416
0.140188
0.131504
0.123332
0.111479
0.102954
0.0913488
0.0786754
0.0709975
0.153023
0.146554
0.132844
0.12357
0.1161
0.105638
0.0982709
0.0865906
0.0743732
0.0654468
0.144202
0.138379
0.125018
0.115115
0.108056
0.0982834
0.0906847
0.0794864
0.0684626
0.0599592
0.135146
0.130735
0.118033
0.107741
0.100632
0.0919076
0.0844548
0.0746523
0.0640661
0.0561488
0.12615
0.122466
0.110574
0.100228
0.092784
0.0848136
0.0772149
0.0688773
0.0595771
0.0526432
0.117398
0.114522
0.103638
0.0933529
0.0854643
0.0782114
0.0711355
0.0643521
0.0562432
0.0494017
0.109058
0.106498
0.0966022
0.0866549
0.0785578
0.0716405
0.0653118
0.0595417
0.0525521
0.0461981
0.10105
0.0987494
0.0899495
0.0805075
0.0722888
0.0654343
0.0599174
0.0551497
0.049384
0.0434494
0.0934216
0.0914337
0.0835613
0.0746617
0.0665141
0.0597266
0.054943
0.0510947
0.0463867
0.0410251
0.0860501
0.0844644
0.0774831
0.069202
0.061331
0.0547798
0.0505775
0.0474622
0.0436521
0.0389492
0.0788941
0.0777823
0.0717358
0.0641692
0.0567684
0.0506509
0.0469052
0.0442668
0.0411209
0.0370915
0.0721058
0.0713043
0.0662499
0.0595485
0.0528281
0.0473238
0.0439334
0.0415329
0.0388366
0.0354316
0.0657542
0.065071
0.0609794
0.0553057
0.0494702
0.0446546
0.0415438
0.0392646
0.0368777
0.0339902
0.0600392
0.0592327
0.0559359
0.051368
0.0465401
0.0424363
0.0395907
0.0374182
0.0352718
0.0327926
0.0550733
0.0539969
0.0512632
0.0477203
0.0439094
0.0405032
0.0379381
0.0359023
0.0339728
0.0318434
0.0508468
0.0495083
0.0471469
0.044436
0.0415197
0.0387505
0.0364957
0.0346527
0.0329511
0.031104
0.047278
0.0457566
0.0436811
0.0416131
0.0393927
0.0371618
0.0352238
0.0336084
0.0321391
0.030542
0.0442842
0.0426778
0.0408575
0.0392688
0.0375606
0.0357582
0.0341118
0.0327323
0.0314927
0.0301233
0.0417953
0.0401837
0.0385982
0.0373634
0.0360227
0.0345529
0.0331615
0.0320076
0.0309836
0.0298167
0.0397538
0.0381878
0.0368148
0.0358411
0.0347632
0.0335481
0.0323693
0.0314182
0.0305869
0.0295973
0.038097
0.0366137
0.0354325
0.0346467
0.0337524
0.0327295
0.0317226
0.0309455
0.0302781
0.0294402
0.0367694
0.0353916
0.0343816
0.0337272
0.0329591
0.0320801
0.0312089
0.0305755
0.0300395
0.0293259
0.0357221
0.0344702
0.0336125
0.033043
0.0323587
0.0315841
0.0308139
0.0302943
0.0298566
0.0292423
0.0349036
0.0337981
0.0330789
0.0325589
0.0319259
0.0312248
0.0305306
0.0300909
0.0297107
0.0291723
0.0342708
0.0333315
0.0327382
0.0322423
0.0316374
0.030981
0.0303519
0.0299719
0.0296021
0.0291069
0.033806
0.0330452
0.0325281
0.0320171
0.031445
0.030842
0.0302519
0.0298769
0.0294934
0.0290405
0.0334978
0.0329582
0.0324803
0.0318785
0.031306
0.0308136
0.0303256
0.0298779
0.0293786
0.0289871
0.0333835
0.0328768
0.0323665
0.0317997
0.031307
0.0308148
0.0302833
0.0298224
0.0293423
0.0289442
0.033849
0.0330298
0.0320698
0.0315097
0.0315459
0.0313105
0.0303264
0.0294579
0.0293706
0.0294023
-0.818696
-0.814059
-0.836834
-0.884236
-0.923881
-1.01383
-1.05542
-0.979667
-0.823154
-0.756282
-0.808781
-0.811635
-0.847517
-0.902511
-0.936028
-0.935981
-1.02467
-1.05532
-0.893673
-0.777949
-0.778452
-0.790322
-0.841867
-0.884345
-0.927711
-0.939806
-0.939201
-0.92563
-0.856317
-0.802578
-0.727165
-0.74858
-0.803793
-0.850076
-0.869278
-0.877071
-0.858904
-0.824972
-0.785481
-0.755854
-0.701104
-0.71681
-0.758453
-0.794108
-0.810959
-0.81292
-0.791258
-0.757931
-0.729365
-0.704584
-0.703576
-0.702058
-0.725738
-0.746264
-0.757007
-0.754484
-0.734077
-0.704674
-0.680562
-0.654642
-0.725045
-0.706794
-0.711133
-0.712712
-0.711619
-0.704277
-0.684465
-0.659913
-0.635778
-0.609459
-0.750661
-0.717727
-0.702419
-0.687515
-0.674978
-0.660739
-0.640651
-0.619847
-0.594022
-0.566717
-0.768029
-0.720717
-0.688825
-0.663612
-0.643426
-0.623386
-0.601214
-0.582936
-0.556844
-0.527501
-0.769774
-0.710246
-0.667382
-0.635324
-0.612544
-0.589558
-0.564644
-0.54641
-0.523087
-0.492613
-0.753562
-0.684688
-0.640066
-0.603466
-0.577995
-0.556571
-0.530848
-0.510064
-0.490354
-0.462275
-0.717652
-0.648754
-0.607785
-0.570274
-0.542525
-0.52321
-0.499972
-0.476651
-0.457396
-0.433689
-0.670453
-0.607029
-0.570951
-0.536981
-0.509282
-0.488739
-0.471196
-0.446253
-0.425701
-0.405742
-0.615267
-0.562758
-0.527929
-0.502614
-0.476463
-0.455485
-0.44151
-0.419531
-0.396208
-0.379395
-0.557021
-0.515742
-0.482927
-0.466526
-0.444613
-0.422946
-0.411281
-0.39377
-0.370159
-0.354485
-0.496899
-0.468956
-0.440176
-0.429144
-0.413792
-0.392716
-0.382129
-0.367965
-0.345686
-0.331522
-0.439742
-0.423808
-0.399405
-0.393055
-0.382464
-0.363797
-0.354624
-0.342515
-0.321458
-0.309827
-0.386539
-0.379099
-0.363356
-0.357811
-0.352808
-0.336467
-0.329439
-0.318919
-0.299195
-0.289094
-0.335755
-0.33426
-0.327175
-0.326007
-0.32412
-0.310542
-0.305133
-0.296857
-0.278241
-0.270101
-0.281018
-0.299252
-0.29045
-0.295847
-0.296531
-0.286428
-0.281158
-0.275099
-0.258371
-0.25092
-0.995109
-1.06439
-1.09433
-1.08569
-1.04466
-0.978038
-0.901221
-0.846749
-0.83225
-0.829843
-0.944608
-1.01235
-1.05208
-1.05616
-1.02865
-0.975397
-0.910477
-0.856305
-0.829919
-0.816999
-0.960537
-1.03179
-1.07008
-1.07889
-1.05848
-1.01317
-0.951647
-0.884103
-0.82765
-0.791431
-0.980878
-1.04936
-1.0934
-1.10768
-1.09348
-1.05429
-0.991978
-0.912338
-0.827221
-0.761242
-1.01341
-1.08566
-1.12861
-1.14444
-1.13604
-1.09999
-1.03532
-0.944396
-0.836652
-0.745705
-1.04895
-1.12057
-1.16192
-1.18032
-1.17682
-1.14264
-1.07937
-0.982854
-0.860447
-0.754217
-1.08186
-1.15154
-1.19027
-1.21116
-1.21144
-1.179
-1.11723
-1.01861
-0.895253
-0.784285
-1.10764
-1.17487
-1.21096
-1.23476
-1.23873
-1.20835
-1.14632
-1.04785
-0.928192
-0.819287
-1.12576
-1.18933
-1.22464
-1.25286
-1.26178
-1.22969
-1.1633
-1.06588
-0.951089
-0.844896
-1.13489
-1.19533
-1.23027
-1.26643
-1.28209
-1.24814
-1.17574
-1.07396
-0.963383
-0.856583
-1.13407
-1.19214
-1.22854
-1.27568
-1.30264
-1.27128
-1.19323
-1.08848
-0.969826
-0.851936
-1.12089
-1.17596
-1.2126
-1.27061
-1.31217
-1.28908
-1.20352
-1.09062
-0.956302
-0.824335
-1.09423
-1.13919
-1.17082
-1.22776
-1.2758
-1.25925
-1.17304
-1.04962
-0.899189
-0.76714
-1.05402
-1.08529
-1.10219
-1.13797
-1.17821
-1.15984
-1.06754
-0.944779
-0.801965
-0.687252
-1.00026
-1.01279
-1.00669
-1.0177
-1.01626
-0.984595
-0.909799
-0.803357
-0.687922
-0.601956
-0.949132
-0.927581
-0.882863
-0.846586
-0.820231
-0.795108
-0.741724
-0.660118
-0.584975
-0.525479
-0.903823
-0.847918
-0.778033
-0.722624
-0.664908
-0.617968
-0.594722
-0.540554
-0.493494
-0.457743
-0.861184
-0.770215
-0.664964
-0.576159
-0.521094
-0.47897
-0.469744
-0.445244
-0.416647
-0.392989
-0.843509
-0.709297
-0.580229
-0.461718
-0.401021
-0.368367
-0.370533
-0.369921
-0.350835
-0.338285
-0.851322
-0.670782
-0.51619
-0.374351
-0.305507
-0.282354
-0.283579
-0.302875
-0.291659
-0.286344
-0.893321
-0.675524
-0.486747
-0.320979
-0.204057
-0.207901
-0.206154
-0.237938
-0.236788
-0.242316
-0.956588
-0.696741
-0.475986
-0.292614
-0.147381
-0.100869
-0.138694
-0.17031
-0.186282
-0.205926
-1.03748
-0.747407
-0.503493
-0.298319
-0.135257
-0.0258769
-0.0789051
-0.105957
-0.133413
-0.167452
-1.10624
-0.794444
-0.501971
-0.26553
-0.114242
-0.0341401
-0.0140341
-0.0619566
-0.0728069
-0.120157
-1.13767
-0.826471
-0.53166
-0.299916
-0.157495
-0.052722
0.043061
-0.0235694
-0.0270058
-0.0690948
-1.16411
-0.844074
-0.545236
-0.286192
-0.107988
-0.00152796
0.0802135
0.0581507
0.0100418
-0.0217423
-0.99578
-0.727693
-0.470482
-0.269714
-0.150527
-0.0447152
0.052345
0.118659
0.0516639
0.0218447
-0.881178
-0.679557
-0.447661
-0.243346
-0.102557
-0.0184785
0.0516119
0.136685
0.100337
0.0609305
-0.656635
-0.491303
-0.325921
-0.193555
-0.101617
-0.0330039
0.0436223
0.115103
0.14624
0.0952324
-0.464925
-0.36085
-0.25279
-0.16154
-0.0923348
-0.0403374
0.0156357
0.0767147
0.158022
0.114693
-0.292457
-0.227388
-0.16653
-0.120437
-0.0837087
-0.0564565
-0.01309
0.0383032
0.117618
0.114707
-0.172134
-0.141104
-0.114717
-0.0963383
-0.0810602
-0.0706555
-0.0488729
-0.0133092
0.052787
0.0914402
-0.0967135
-0.0834839
-0.0763125
-0.0753519
-0.0789791
-0.0839113
-0.083999
-0.0679995
-0.0340161
0.0212177
-0.049524
-0.0470048
-0.0500462
-0.0575403
-0.0744629
-0.0948764
-0.12038
-0.128694
-0.129818
-0.0939641
-0.0209785
-0.0231026
-0.0288623
-0.0404323
-0.0656923
-0.0979826
-0.140384
-0.172603
-0.199122
-0.184842
-0.00340844
-0.00563314
-0.0105796
-0.0237312
-0.0496557
-0.0822406
-0.129199
-0.16433
-0.204297
-0.203771
0.00819908
0.00743098
0.00342483
-0.008647
-0.0286556
-0.0522392
-0.0888968
-0.114734
-0.154793
-0.169135
0.0157862
0.0159581
0.0120343
0.00297053
-0.00939594
-0.0217417
-0.049951
-0.0678526
-0.0954616
-0.117264
0.0202092
0.0202812
0.016585
0.010416
0.00279822
-0.00508822
-0.0211068
-0.0343861
-0.0509969
-0.0728412
0.0223409
0.0218302
0.0187124
0.0146222
0.00954358
0.00324215
-0.00634087
-0.0159953
-0.025366
-0.0422034
0.02272
0.0212791
0.0182001
0.0155157
0.0125486
0.00763351
0.00109005
-0.00618921
-0.0118606
-0.0238363
0.021594
0.019242
0.0154517
0.0141626
0.0120692
0.00897238
0.00507891
-0.000627379
-0.00395925
-0.0125933
0.0201246
0.018082
0.014396
0.0121244
0.0104357
0.00867712
0.0066538
0.0023737
0.000377241
-0.00553601
0.0187554
0.0177494
0.0153376
0.0129093
0.0109111
0.00886821
0.00750836
0.00409674
0.00275394
-0.00141246
0.0177857
0.0172388
0.0159074
0.0139967
0.0121743
0.00951041
0.00839777
0.00549016
0.00424641
0.00114902
0.0161069
0.0155802
0.0147429
0.0133629
0.0121747
0.00965713
0.00877479
0.00636603
0.00513651
0.00294178
0.013855
0.0132689
0.0126232
0.0115885
0.0109449
0.00905455
0.0084201
0.00653566
0.00548851
0.00396739
0.0116525
0.0112395
0.0107154
0.00990041
0.00947743
0.00816053
0.00773274
0.0062184
0.0054708
0.00421026
0.00976835
0.00963208
0.00922817
0.00861559
0.008348
0.00738298
0.00697445
0.00577665
0.00521421
0.00406875
0.00820717
0.00807131
0.00781647
0.00683743
0.00793605
0.0068684
0.00629546
0.00531904
0.00481375
0.00383789
0.00664378
0.00658083
0.00646798
0.00601584
0.00586827
0.00534745
0.00513269
0.00445848
0.0044527
0.00354219
0.00494411
0.00471948
0.00458231
0.00424532
0.00406371
0.00376311
0.00354293
0.00329243
0.0030755
0.00273243
0.00340412
0.00296801
0.00270173
0.00238683
0.00223723
0.00202362
0.00181758
0.00168621
0.00144494
0.0013722
0.00216507
0.00160888
0.00122474
0.000867142
0.00069216
0.000454039
0.00024362
6.80688e-05
-0.000187142
-0.000262374
0.00120209
0.000586712
0.000480517
-0.000132076
-0.000345905
-0.000653295
-0.000910312
-0.00117484
-0.00143786
-0.00161621
0.000467904
2.91047e-05
-0.000310841
-0.000718354
-0.00100877
-0.00135832
-0.0016249
-0.00190769
-0.0021576
-0.00230115
-0.000123162
-0.000445553
-0.000739589
-0.00107078
-0.00134356
-0.00165387
-0.00191362
-0.00218301
-0.00242781
-0.00262714
-0.000555771
-0.000792132
-0.00103162
-0.00128855
-0.00152446
-0.00178362
-0.002018
-0.002261
-0.0024872
-0.00269958
-0.000894629
-0.00107503
-0.00126968
-0.00146787
-0.00166408
-0.00187072
-0.00206893
-0.00227283
-0.00246697
-0.00266772
-0.0010778
-0.00121836
-0.00137434
-0.00152853
-0.00168968
-0.00185549
-0.00202238
-0.00219328
-0.00236102
-0.00254203
-0.00120792
-0.00132504
-0.00145436
-0.00157977
-0.00171276
-0.00184629
-0.00198295
-0.00211975
-0.00225346
-0.00240011
-0.00122302
-0.00132177
-0.00142975
-0.0015343
-0.00164528
-0.00175592
-0.00187031
-0.00198526
-0.00209992
-0.00222393
-0.00119232
-0.00127556
-0.00136569
-0.00145303
-0.00154527
-0.00163694
-0.0017311
-0.0018242
-0.00191686
-0.00201686
-0.00111512
-0.00118729
-0.0012641
-0.00133872
-0.00141644
-0.00149352
-0.0015725
-0.00165099
-0.00172966
-0.00181206
-0.000986876
-0.0010477
-0.00111146
-0.00117401
-0.00123884
-0.00130292
-0.00136744
-0.00143075
-0.00149463
-0.00156097
-0.000850523
-0.000900401
-0.000951506
-0.00100182
-0.00105316
-0.0011044
-0.00115608
-0.00120698
-0.00125898
-0.00131266
-0.000681137
-0.000722029
-0.000763802
-0.000805439
-0.00084736
-0.000888639
-0.000929053
-0.000967809
-0.00100703
-0.00104695
-0.000498602
-0.000527604
-0.000556493
-0.000585487
-0.00061449
-0.000643463
-0.00067185
-0.000699405
-0.000728046
-0.000757311
-0.000305842
-0.000321804
-0.000338328
-0.000355798
-0.000373896
-0.000392417
-0.00041026
-0.000426819
-0.000444114
-0.00046224
-0.000105652
-0.000108555
-0.000110049
-0.000113358
-0.000117128
-0.000122085
-0.000127046
-0.000130988
-0.000136109
-0.000144792
-0.225473
-0.208905
-0.192198
-0.174586
-0.158183
-0.143239
-0.129144
-0.116606
-0.104508
-0.0938785
-0.0852617
-0.0761951
-0.0679994
-0.0614109
-0.0551381
-0.0494048
-0.0443494
-0.0398024
-0.0357367
-0.0321054
-0.0288845
-0.0260507
-0.0235791
-0.0214674
-0.0196821
-0.0182132
-0.0170617
-0.0161089
-0.0155186
-0.0153166
-0.204081
-0.188859
-0.176391
-0.162782
-0.150378
-0.138013
-0.126334
-0.115284
-0.104604
-0.0952595
-0.0865416
-0.0778879
-0.0704119
-0.063659
-0.0572545
-0.0514941
-0.0462815
-0.0415519
-0.0372886
-0.0334527
-0.0300261
-0.0269834
-0.0243053
-0.0219956
-0.0200304
-0.0184122
-0.0171777
-0.0162248
-0.0155767
-0.0151514
-0.164498
-0.154441
-0.147429
-0.140265
-0.132104
-0.123931
-0.115731
-0.107641
-0.0997967
-0.0922597
-0.0846153
-0.0772537
-0.0706226
-0.0641959
-0.0581365
-0.0525874
-0.0474527
-0.0427427
-0.0384444
-0.0345388
-0.0310166
-0.0278536
-0.0250377
-0.0225704
-0.0204299
-0.0186453
-0.017244
-0.016192
-0.0155328
-0.015038
-0.120897
-0.111557
-0.111473
-0.109342
-0.106454
-0.103254
-0.0991943
-0.0951109
-0.0904279
-0.0853049
-0.0796747
-0.0740455
-0.0685019
-0.0629198
-0.0575431
-0.0524397
-0.0476136
-0.0431155
-0.0389491
-0.0351248
-0.0316463
-0.0284991
-0.0256782
-0.0231852
-0.020993
-0.0191283
-0.0176085
-0.0164052
-0.0156896
-0.0153253
-0.0781926
-0.0715758
-0.0775464
-0.0775261
-0.0798949
-0.0805065
-0.0809992
-0.0803843
-0.0787336
-0.0761641
-0.0727323
-0.0688854
-0.064631
-0.0601339
-0.0555966
-0.0511051
-0.046745
-0.0425913
-0.0386764
-0.0350355
-0.0316887
-0.0286365
-0.0258861
-0.0234399
-0.0212892
-0.0194426
-0.0179187
-0.0166764
-0.0158689
-0.0154767
-0.0394603
-0.0370994
-0.0481782
-0.0477726
-0.0555074
-0.0600098
-0.0637586
-0.0659759
-0.0670164
-0.0666859
-0.0652901
-0.0630282
-0.0600676
-0.0566584
-0.052967
-0.0491396
-0.0452996
-0.0415475
-0.0379399
-0.0345276
-0.0313465
-0.0284101
-0.0257355
-0.0233289
-0.0212098
-0.0193945
-0.0179012
-0.0167057
-0.0158724
-0.0153628
-0.00354017
-0.00101328
-0.0176281
-0.0235609
-0.0336907
-0.0413941
-0.0479558
-0.0528919
-0.0561
-0.0577552
-0.0580536
-0.0571524
-0.0553942
-0.0529596
-0.0500624
-0.0468855
-0.0435702
-0.0402406
-0.0369725
-0.0338308
-0.03086
-0.0280919
-0.0255408
-0.0232129
-0.0211469
-0.0193546
-0.0178687
-0.0166861
-0.0158846
-0.0153687
0.0345003
0.0297842
0.0107267
-0.000172314
-0.0136081
-0.0243226
-0.0338275
-0.0410828
-0.0462338
-0.0496607
-0.051317
-0.0516396
-0.0509044
-0.0493199
-0.0471504
-0.044578
-0.041763
-0.0388419
-0.035911
-0.0330441
-0.0302959
-0.02772
-0.0253267
-0.0231252
-0.0211569
-0.0194143
-0.0179406
-0.016753
-0.0159536
-0.0155033
0.0686441
0.0547247
0.0343998
0.0186935
0.00288776
-0.0103799
-0.0219996
-0.0308718
-0.0377033
-0.0424556
-0.0452484
-0.0466038
-0.046715
-0.0458744
-0.0443456
-0.0423146
-0.0399583
-0.037416
-0.0347982
-0.032184
-0.0296402
-0.0272317
-0.0249729
-0.0228934
-0.0210279
-0.019368
-0.017954
-0.0168142
-0.01601
-0.0155316
0.0907787
0.0724562
0.0500435
0.0309115
0.0140321
-0.000685645
-0.0132824
-0.0231664
-0.0309799
-0.0364257
-0.0400005
-0.0421
-0.042864
-0.0426228
-0.041631
-0.0400718
-0.038131
-0.0359379
-0.0336177
-0.0312493
-0.0289096
-0.0266582
-0.0245198
-0.0225407
-0.0207493
-0.0191654
-0.0178247
-0.0167578
-0.0160122
-0.0155437
0.099453
0.0786579
0.0542849
0.0346657
0.0182899
0.00362605
-0.00885896
-0.0188328
-0.0266689
-0.0322213
-0.0361632
-0.0386201
-0.0397608
-0.0399446
-0.0393449
-0.0381657
-0.036567
-0.0346756
-0.0326202
-0.0304781
-0.0283382
-0.0262412
-0.0242361
-0.0223664
-0.0206408
-0.0191112
-0.0178123
-0.0167745
-0.0160625
-0.0156481
0.0891712
0.0679551
0.0451795
0.02902
0.015423
0.00214695
-0.00874636
-0.0176719
-0.024581
-0.0297102
-0.0335193
-0.0359057
-0.0372245
-0.0376409
-0.0373058
-0.0364163
-0.0350922
-0.0334678
-0.0316401
-0.02971
-0.0277524
-0.025798
-0.0239352
-0.0221917
-0.020573
-0.0191244
-0.0178777
-0.0168703
-0.0161674
-0.0157531
0.0426191
0.0286047
0.0159408
0.0111452
0.00361705
-0.00526148
-0.0126537
-0.0192223
-0.0244035
-0.0286007
-0.0316985
-0.0337695
-0.0350464
-0.0355002
-0.0353514
-0.0346736
-0.0335966
-0.0322125
-0.0306061
-0.0288948
-0.0271062
-0.0252975
-0.0235626
-0.0219145
-0.0204041
-0.0190456
-0.017872
-0.0169131
-0.0162478
-0.0158656
-0.0589401
-0.05133
-0.0355414
-0.0212993
-0.0188548
-0.0189183
-0.020868
-0.0235156
-0.0262611
-0.0288374
-0.0308405
-0.0324225
-0.0333561
-0.0337637
-0.033689
-0.0331538
-0.0322728
-0.0310806
-0.02969
-0.028173
-0.0265487
-0.024909
-0.0233
-0.0217326
-0.0203014
-0.0190076
-0.0178917
-0.0169739
-0.016335
-0.0159753
-0.157625
-0.128269
-0.0839878
-0.0575482
-0.0431681
-0.0345064
-0.0307966
-0.0292726
-0.0293412
-0.0298937
-0.0307159
-0.0314958
-0.0319821
-0.0322814
-0.0321634
-0.0317324
-0.0309816
-0.0299667
-0.0287661
-0.0274038
-0.0259452
-0.0244649
-0.0229835
-0.0215184
-0.0201579
-0.0189204
-0.017841
-0.0169482
-0.0163193
-0.015952
-0.184898
-0.149859
-0.104119
-0.0777639
-0.0572549
-0.0456829
-0.0382168
-0.0339754
-0.0318688
-0.0308547
-0.0306687
-0.0306447
-0.0308237
-0.0308717
-0.0306924
-0.0303298
-0.0296968
-0.0288683
-0.0278343
-0.0266395
-0.0253504
-0.0239982
-0.0226347
-0.0212789
-0.0199847
-0.0188126
-0.0177719
-0.0168982
-0.0162746
-0.0158967
-0.156792
-0.125263
-0.0967712
-0.0760045
-0.0578265
-0.0506726
-0.0414675
-0.0362701
-0.0328195
-0.0309543
-0.0299987
-0.0295827
-0.0295032
-0.029316
-0.0291385
-0.028812
-0.0283072
-0.0276307
-0.0267542
-0.0257462
-0.0246239
-0.0234
-0.0221588
-0.0209189
-0.0196956
-0.018592
-0.0176018
-0.0167646
-0.0161608
-0.0157633
-0.110173
-0.0906047
-0.0780283
-0.0640101
-0.0538355
-0.0463631
-0.0400217
-0.0356962
-0.0322192
-0.0301924
-0.0288664
-0.0283111
-0.0279437
-0.0277062
-0.0275484
-0.0272665
-0.0268706
-0.0263113
-0.0255925
-0.0247423
-0.0237755
-0.0226944
-0.0215754
-0.0204611
-0.0193248
-0.0182762
-0.0173397
-0.0165264
-0.0159424
-0.015579
-0.0707828
-0.061695
-0.0581935
-0.0494133
-0.0456626
-0.0394621
-0.0362433
-0.0324967
-0.030373
-0.0284365
-0.0273622
-0.0267385
-0.0262694
-0.0260877
-0.0259191
-0.025696
-0.025383
-0.0249423
-0.0243721
-0.0236554
-0.0228423
-0.021924
-0.0209372
-0.0199599
-0.0189553
-0.0179959
-0.0171471
-0.0163841
-0.0158239
-0.0154751
-0.0433688
-0.0411288
-0.0416294
-0.0368198
-0.0369126
-0.0321231
-0.0315388
-0.0282264
-0.0274401
-0.0258204
-0.0252323
-0.0246204
-0.0243193
-0.0241811
-0.0240327
-0.0238833
-0.0236581
-0.0233362
-0.0228922
-0.0223074
-0.0216361
-0.0208769
-0.0200236
-0.0191668
-0.0182974
-0.0174532
-0.0167015
-0.0160546
-0.0155945
-0.015293
-0.0262414
-0.0271041
-0.0287203
-0.0267022
-0.0286033
-0.0254196
-0.0267876
-0.0241068
-0.0245676
-0.023133
-0.0229611
-0.0225987
-0.0224798
-0.022417
-0.0223783
-0.022342
-0.0222421
-0.0220474
-0.0217405
-0.0213009
-0.0207574
-0.0201293
-0.0193851
-0.0186117
-0.0178147
-0.0170231
-0.0163061
-0.0156804
-0.0152749
-0.0150296
-0.0149178
-0.0173352
-0.018891
-0.0187777
-0.0213006
-0.0193859
-0.022001
-0.0199172
-0.0215359
-0.0202775
-0.020829
-0.0205937
-0.0207074
-0.0208095
-0.0209452
-0.021048
-0.0210978
-0.0210498
-0.0209023
-0.0206246
-0.0202227
-0.0197361
-0.0191137
-0.0184494
-0.0177425
-0.0170116
-0.0163562
-0.0157311
-0.0152953
-0.015043
-0.00749479
-0.0103682
-0.0119212
-0.012593
-0.0154737
-0.0142198
-0.017548
-0.0158052
-0.0183414
-0.0172129
-0.0185521
-0.0184117
-0.0187684
-0.0190794
-0.0193422
-0.0195703
-0.0197387
-0.0198057
-0.0197748
-0.0196232
-0.0193399
-0.0189811
-0.0184859
-0.0179404
-0.017353
-0.0167181
-0.016153
-0.0155916
-0.015139
-0.0148137
-0.00295127
-0.00548954
-0.00735488
-0.00800481
-0.0112289
-0.0101936
-0.0139402
-0.0124335
-0.0155978
-0.0145838
-0.0165771
-0.0165312
-0.0171887
-0.0176011
-0.0179847
-0.0183377
-0.0185867
-0.0187292
-0.0187703
-0.0186983
-0.0184963
-0.018215
-0.0178182
-0.0173425
-0.016838
-0.0162626
-0.0157318
-0.0152219
-0.0148035
-0.0145046
2.47698e-05
-0.00215915
-0.00402307
-0.00469923
-0.00793937
-0.00704483
-0.0109675
-0.00939613
-0.0131208
-0.0118151
-0.0144292
-0.0143508
-0.0155408
-0.0159958
-0.0165442
-0.0170167
-0.0173615
-0.017609
-0.0177476
-0.0177805
-0.017683
-0.017494
-0.0172073
-0.0168061
-0.0163887
-0.0158772
-0.0153911
-0.0149342
-0.0145962
-0.0143632
0.00209087
0.000138869
-0.00140734
-0.00245915
-0.00508833
-0.00470827
-0.00827021
-0.00690613
-0.0105574
-0.00924039
-0.0120268
-0.0115528
-0.0134424
-0.0138757
-0.0146125
-0.0151703
-0.015638
-0.0160087
-0.0162631
-0.0164181
-0.0164354
-0.0163544
-0.0161892
-0.0158746
-0.0155653
-0.015147
-0.0147503
-0.0144107
-0.014139
-0.014
0.00320702
0.00153232
0.000207719
-0.000985176
-0.00313077
-0.00316318
-0.00632007
-0.00546457
-0.00869591
-0.00768498
-0.0101903
-0.0102653
-0.0116733
-0.0123683
-0.0131671
-0.0138258
-0.0144014
-0.0148521
-0.0151928
-0.0154307
-0.0155298
-0.0155153
-0.0154291
-0.015171
-0.0149122
-0.0145308
-0.01415
-0.0137763
-0.0134444
-0.0131928
0.00347738
0.00206391
0.000864212
-0.000149927
-0.00203195
-0.00232486
-0.0049089
-0.00497287
-0.00789118
-0.00550179
-0.00987638
-0.00903652
-0.0109896
-0.0114569
-0.0124246
-0.013159
-0.0137758
-0.0142908
-0.0146968
-0.0149946
-0.0151729
-0.0152157
-0.0151992
-0.0150128
-0.0147933
-0.0144764
-0.0140901
-0.0137201
-0.013363
-0.0130827
0.00351748
0.00202863
0.00126854
0.000355252
-0.00137556
-0.00191777
-0.00365605
-0.0040262
-0.00611945
-0.00572344
-0.00798427
-0.00817132
-0.00974931
-0.0103404
-0.0114051
-0.0121728
-0.0128015
-0.0133698
-0.0138202
-0.0141685
-0.0144231
-0.0145342
-0.0145932
-0.0145016
-0.01434
-0.0141188
-0.01378
-0.013491
-0.0132261
-0.013008
0.00326874
0.00202175
0.0014403
0.000375212
-0.000673968
-0.00151948
-0.00294459
-0.0030027
-0.00582292
-0.00474376
-0.0067318
-0.00708813
-0.00847407
-0.00901825
-0.0103321
-0.0110251
-0.0116589
-0.0122372
-0.012705
-0.0130828
-0.0133882
-0.0135436
-0.0136551
-0.0136313
-0.0134982
-0.0133515
-0.0130283
-0.0128319
-0.012562
-0.012419
0.0028772
0.00194544
0.00141867
0.000341943
-0.000421735
-0.00135668
-0.00235773
-0.00308398
-0.0043897
-0.00477623
-0.00609681
-0.00647849
-0.00768567
-0.00779027
-0.0100352
-0.0103615
-0.0109617
-0.0115073
-0.0119946
-0.0123936
-0.0127334
-0.0129254
-0.013061
-0.0130855
-0.0129569
-0.0128374
-0.012505
-0.0122526
-0.011893
-0.0115636
0.00225563
0.00137681
0.00110502
-7.45785e-05
-0.000495574
-0.00139442
-0.00232722
-0.00273865
-0.00430112
-0.00419752
-0.00599929
-0.00595898
-0.0074093
-0.00779417
-0.00902765
-0.0096632
-0.0103533
-0.0109227
-0.0114442
-0.0118677
-0.0122313
-0.0124762
-0.0126186
-0.0127241
-0.0126007
-0.0125426
-0.012249
-0.011975
-0.011626
-0.0112736
0.00103594
0.000444243
2.91321e-05
-0.000659418
-0.00116237
-0.00183709
-0.00251417
-0.00312293
-0.00395532
-0.00451854
-0.00541877
-0.00601641
-0.00687731
-0.00755269
-0.00837654
-0.0090532
-0.00971129
-0.0102826
-0.0108054
-0.011233
-0.0115893
-0.0118636
-0.0120123
-0.0121447
-0.0120307
-0.0120158
-0.0117114
-0.0114647
-0.0112565
-0.0108988
-0.000460791
-0.000847289
-0.00118581
-0.00165248
-0.00206641
-0.00258403
-0.00314106
-0.00365443
-0.00431803
-0.00484789
-0.00555357
-0.00613506
-0.00683458
-0.00746411
-0.00814764
-0.00876058
-0.00936246
-0.00990198
-0.0103976
-0.0108152
-0.0111508
-0.0114319
-0.0115565
-0.0116944
-0.0115475
-0.0114968
-0.0111188
-0.010844
-0.0104817
-0.0102183
-0.00176042
-0.0019909
-0.00227249
-0.00256496
-0.00294644
-0.00336323
-0.00387936
-0.00433106
-0.00489337
-0.00536663
-0.00595961
-0.00648321
-0.00708023
-0.0076527
-0.00824253
-0.00880545
-0.00935567
-0.00986303
-0.0103342
-0.0107523
-0.0110832
-0.0113779
-0.0115109
-0.0116658
-0.011511
-0.0114547
-0.0109629
-0.0105523
-0.0100145
-0.00933353
-0.00244152
-0.00267613
-0.00293673
-0.00315609
-0.00347969
-0.00358254
-0.00479983
-0.00490475
-0.00547026
-0.00578392
-0.0063149
-0.00676376
-0.00729763
-0.0078149
-0.00834653
-0.00886994
-0.00938026
-0.00986331
-0.010321
-0.0107489
-0.0110906
-0.0114048
-0.0116145
-0.0117701
-0.0117315
-0.0116627
-0.0111744
-0.0107022
-0.00961827
-0.00857447
-0.0028365
-0.0030885
-0.00334654
-0.00360727
-0.00394176
-0.00424902
-0.00470976
-0.00506175
-0.00552685
-0.00588205
-0.0063637
-0.00677718
-0.0072608
-0.00772851
-0.00821399
-0.00869699
-0.00917164
-0.00963059
-0.0100641
-0.0104999
-0.0108445
-0.0111753
-0.0114792
-0.0116368
-0.0117735
-0.0117481
-0.0114883
-0.0110799
-0.00983597
-0.00852431
-0.00292413
-0.00316902
-0.00341845
-0.00368818
-0.00398051
-0.004281
-0.00463972
-0.0049587
-0.00536332
-0.00570471
-0.00613072
-0.00651547
-0.00694849
-0.00737304
-0.00781177
-0.00825205
-0.00868737
-0.0091091
-0.00952016
-0.0099373
-0.0102866
-0.0106063
-0.010919
-0.0111372
-0.0112999
-0.0113534
-0.0113342
-0.0109005
-0.010009
-0.00887317
-0.00287857
-0.00308761
-0.00330971
-0.00355684
-0.00380119
-0.00408103
-0.00437858
-0.004664
-0.00501652
-0.00532059
-0.00570171
-0.00604329
-0.00643233
-0.00680971
-0.00720244
-0.00759647
-0.00799007
-0.00836989
-0.00873449
-0.00911601
-0.00946278
-0.00973908
-0.010024
-0.0102723
-0.0104154
-0.0105227
-0.0106324
-0.0101676
-0.010372
-0.00925469
-0.00272709
-0.00290248
-0.00309641
-0.00331034
-0.00351906
-0.00376551
-0.00401213
-0.00426723
-0.00456279
-0.00483312
-0.00515906
-0.00545892
-0.00579739
-0.00612639
-0.00646993
-0.00681349
-0.00715933
-0.00749171
-0.00780148
-0.00812911
-0.00845217
-0.00867178
-0.00887972
-0.00914582
-0.00912871
-0.0093048
-0.00927195
-0.00889582
-0.00930418
-0.00791802
-0.00255271
-0.00269707
-0.0028586
-0.00303636
-0.00321157
-0.00341844
-0.00362322
-0.00384347
-0.0040881
-0.00432325
-0.00459587
-0.00485466
-0.00514157
-0.00542298
-0.0057159
-0.00600784
-0.00630248
-0.00658594
-0.006841
-0.00710254
-0.00738967
-0.00755184
-0.00766691
-0.007943
-0.00773147
-0.00799789
-0.00764271
-0.00743218
-0.00728507
-0.00604404
-0.00235025
-0.00246952
-0.00260216
-0.00274849
-0.00289493
-0.00306406
-0.00323306
-0.00341678
-0.0036157
-0.00381364
-0.00403595
-0.00425302
-0.00448922
-0.0047233
-0.00496527
-0.00520543
-0.00544675
-0.00567902
-0.00588057
-0.00607161
-0.00630401
-0.00642442
-0.00641252
-0.00671347
-0.006241
-0.00662714
-0.00581938
-0.00573304
-0.00498219
-0.00369299
-0.00212008
-0.00221925
-0.00232726
-0.00244609
-0.00256811
-0.00270465
-0.00284428
-0.00299594
-0.00315738
-0.00332205
-0.00350186
-0.003681
-0.00387222
-0.00406301
-0.00425828
-0.00445088
-0.00464239
-0.00482647
-0.00498026
-0.00510797
-0.0052817
-0.00537135
-0.00524593
-0.00555525
-0.00490727
-0.00533892
-0.00424854
-0.00435712
-0.00300596
-0.00220359
-0.00189492
-0.00197516
-0.00206145
-0.00215628
-0.00225535
-0.00236323
-0.00247567
-0.00259674
-0.00272467
-0.00285723
-0.00299934
-0.00314313
-0.00329426
-0.00344564
-0.00359884
-0.00374853
-0.00389471
-0.00403438
-0.0041469
-0.0042211
-0.00433522
-0.00441645
-0.00417269
-0.00454578
-0.00368717
-0.00429827
-0.00291914
-0.00324878
-0.00185084
-0.00120334
-0.00162714
-0.00169268
-0.0017611
-0.00183558
-0.00191602
-0.00200053
-0.0020902
-0.00218673
-0.00228678
-0.00239181
-0.00250196
-0.0026141
-0.00273015
-0.00284611
-0.00296191
-0.00307352
-0.00317965
-0.00327885
-0.00335544
-0.00338872
-0.00344159
-0.00352446
-0.00318144
-0.00358402
-0.00261229
-0.00325794
-0.0017797
-0.00224518
-0.000737009
-0.000540847
-0.00136469
-0.00141626
-0.00146972
-0.00152734
-0.00159039
-0.00165479
-0.0017244
-0.00179854
-0.00187496
-0.0019561
-0.00203983
-0.00212567
-0.00221321
-0.00230029
-0.00238591
-0.00246699
-0.00254181
-0.00260977
-0.00265877
-0.00266486
-0.00267686
-0.00277519
-0.0023542
-0.00284698
-0.00177148
-0.00258117
-0.0010426
-0.00171931
-0.000321499
-0.000339722
-0.00108509
-0.00112404
-0.00116313
-0.00120451
-0.00125272
-0.00129978
-0.00135135
-0.00140658
-0.00146181
-0.00152124
-0.00158118
-0.00164281
-0.00170479
-0.00176605
-0.00182541
-0.00188044
-0.00192892
-0.00197086
-0.00199865
-0.00198436
-0.00195695
-0.00208986
-0.00160274
-0.00215804
-0.00103519
-0.00191972
-0.000379719
-0.00112837
0.0001429
1.29595e-05
-0.000784138
-0.000811422
-0.000838645
-0.000867473
-0.000901388
-0.000933393
-0.000969181
-0.00100734
-0.00104497
-0.00108611
-0.00112664
-0.00116842
-0.00120962
-0.00124985
-0.00128801
-0.00132269
-0.00135205
-0.00137567
-0.0013886
-0.00136383
-0.00130599
-0.00148611
-0.000945383
-0.00156684
-0.000473948
-0.00135708
9.52297e-06
-0.000756595
0.000383691
7.59799e-05
-0.000478707
-0.000496358
-0.000513067
-0.000529651
-0.000551805
-0.000570195
-0.000591262
-0.000614339
-0.00063536
-0.000659796
-0.00068288
-0.000707222
-0.000730927
-0.000754033
-0.000775589
-0.000794716
-0.000810406
-0.000823605
-0.000834182
-0.000812795
-0.000726305
-0.000942971
-0.000451881
-0.001038
-0.000127018
-0.000957452
0.000142387
-0.000561197
0.000244034
3.23342e-05
-0.000152825
-0.000162394
-0.000171842
-0.000174185
-0.000185933
-0.000191569
-0.000196518
-0.000207641
-0.000210966
-0.000221174
-0.000226911
-0.000235108
-0.000242002
-0.000249055
-0.000255353
-0.000260656
-0.000264069
-0.000266234
-0.00027348
-0.000273772
-0.000178658
-0.000375477
-3.58295e-05
-0.000430164
9.05461e-05
-0.000393872
0.000168526
-0.000216159
0.000163476
4.68091e-05
-0.231588
-0.211954
-0.1927
-0.174624
-0.157892
-0.142569
-0.128354
-0.11555
-0.103766
-0.092927
-0.083148
-0.0744519
-0.0666597
-0.0596814
-0.0534757
-0.0478934
-0.0428633
-0.0383477
-0.0343014
-0.0306853
-0.027464
-0.0246099
-0.0221009
-0.019915
-0.0180301
-0.0164596
-0.0151246
-0.0140123
-0.0135659
-0.0129733
-0.238608
-0.216465
-0.194813
-0.175755
-0.158211
-0.142104
-0.127533
-0.114506
-0.102529
-0.0916194
-0.0818835
-0.0732381
-0.0654021
-0.0584561
-0.052374
-0.0469321
-0.0420609
-0.0376948
-0.0337818
-0.030282
-0.027164
-0.0244026
-0.0219706
-0.0198548
-0.0180245
-0.0164911
-0.0152658
-0.0142223
-0.0138338
-0.013729
-0.2507
-0.224124
-0.199944
-0.178513
-0.159002
-0.141987
-0.127055
-0.113633
-0.101383
-0.0904244
-0.0808651
-0.0723449
-0.0644634
-0.0575807
-0.0515399
-0.046116
-0.0413246
-0.0370681
-0.0332772
-0.0298977
-0.026899
-0.0242536
-0.0219284
-0.0199085
-0.0181774
-0.016705
-0.0155685
-0.0146759
-0.0141389
-0.0138509
-0.255335
-0.228756
-0.203554
-0.181149
-0.16161
-0.144301
-0.128366
-0.114097
-0.101345
-0.0901742
-0.0807145
-0.072038
-0.0640599
-0.0573294
-0.05123
-0.0457174
-0.0409061
-0.036655
-0.0328905
-0.02955
-0.0266037
-0.0240163
-0.0217549
-0.0198009
-0.0181505
-0.0167689
-0.0156674
-0.0148939
-0.0142926
-0.0135491
-0.260054
-0.229583
-0.201366
-0.179827
-0.161109
-0.143597
-0.127582
-0.113418
-0.100772
-0.0900079
-0.0807028
-0.0716373
-0.0639076
-0.0574688
-0.0512747
-0.0457768
-0.0409911
-0.0367309
-0.0329571
-0.0296193
-0.0266824
-0.0241012
-0.0218509
-0.0199067
-0.0182608
-0.0168993
-0.0157705
-0.0149181
-0.0144236
-0.0137725
-0.265543
-0.231379
-0.204305
-0.183747
-0.163491
-0.144388
-0.127865
-0.113587
-0.10116
-0.0906507
-0.0807403
-0.0712525
-0.064114
-0.057602
-0.0512288
-0.045884
-0.0411582
-0.0369173
-0.0331674
-0.0298665
-0.0269694
-0.0244293
-0.0222275
-0.0203308
-0.0187165
-0.017361
-0.016232
-0.0152527
-0.0147655
-0.0144886
-0.262714
-0.229859
-0.205579
-0.184887
-0.162892
-0.143365
-0.127201
-0.113198
-0.101134
-0.0906507
-0.0798485
-0.0710534
-0.0645212
-0.0574207
-0.0510625
-0.0459009
-0.0411551
-0.0369134
-0.0331697
-0.0298765
-0.0269832
-0.0244592
-0.0222883
-0.0204398
-0.0188944
-0.0176028
-0.0165647
-0.0156708
-0.015057
-0.0147573
-0.253522
-0.220141
-0.199595
-0.180293
-0.159476
-0.14225
-0.127252
-0.113442
-0.101508
-0.0901779
-0.0791615
-0.0718955
-0.0649668
-0.0572353
-0.0512644
-0.0460935
-0.041239
-0.0369716
-0.0331991
-0.0298621
-0.0269125
-0.0243367
-0.0221167
-0.0202314
-0.0186796
-0.0174126
-0.0164368
-0.0157046
-0.0150819
-0.0145555
-0.256242
-0.219942
-0.199005
-0.176787
-0.156245
-0.140209
-0.125908
-0.112554
-0.100888
-0.0891644
-0.0797289
-0.073156
-0.0648744
-0.0574842
-0.0519242
-0.046545
-0.0416661
-0.037406
-0.0336166
-0.0302486
-0.0272623
-0.024646
-0.0223733
-0.0204258
-0.0188043
-0.0174729
-0.016428
-0.0156416
-0.0150958
-0.0145318
-0.23675
-0.215648
-0.197531
-0.1766
-0.157267
-0.14133
-0.126691
-0.113537
-0.101638
-0.0903944
-0.0822476
-0.0741923
-0.0654295
-0.058856
-0.0530862
-0.0474978
-0.0426172
-0.0382886
-0.0344246
-0.0309847
-0.0279372
-0.0252643
-0.0229371
-0.0209415
-0.0192579
-0.0178651
-0.0167415
-0.0158164
-0.0152859
-0.0149686
-0.0424618
-0.064701
-0.0854872
-0.105755
-0.131246
-0.154149
-0.17737
-0.199882
-0.213978
-0.235902
-0.0414897
-0.0654157
-0.0901734
-0.112597
-0.140202
-0.164022
-0.190199
-0.216404
-0.230633
-0.252582
-0.0413231
-0.0691593
-0.0985493
-0.123252
-0.153244
-0.177991
-0.204214
-0.232399
-0.246017
-0.268834
-0.04357
-0.0747224
-0.108173
-0.135099
-0.167148
-0.192474
-0.218326
-0.248667
-0.263654
-0.286629
-0.0474984
-0.0820202
-0.118188
-0.146651
-0.181671
-0.208157
-0.233495
-0.266019
-0.283196
-0.306298
-0.0529948
-0.090365
-0.129166
-0.15915
-0.19638
-0.225408
-0.250373
-0.284348
-0.304658
-0.328194
-0.0602607
-0.0999312
-0.141984
-0.173399
-0.212201
-0.244445
-0.269612
-0.303866
-0.327266
-0.351178
-0.0693207
-0.110815
-0.156683
-0.189873
-0.229442
-0.265761
-0.291836
-0.326051
-0.351754
-0.376256
-0.080086
-0.12389
-0.172743
-0.208962
-0.249452
-0.288425
-0.317257
-0.351224
-0.379222
-0.403344
-0.0926413
-0.138985
-0.190618
-0.231053
-0.272214
-0.313392
-0.345035
-0.378746
-0.409095
-0.433149
-0.107297
-0.157102
-0.211461
-0.256656
-0.298523
-0.341225
-0.37517
-0.408719
-0.440844
-0.466682
-0.12557
-0.178962
-0.236409
-0.286072
-0.33025
-0.373658
-0.409903
-0.442158
-0.475386
-0.503817
-0.14784
-0.205745
-0.266206
-0.319711
-0.36684
-0.410864
-0.449176
-0.480383
-0.512758
-0.543481
-0.17412
-0.23803
-0.301647
-0.358682
-0.408859
-0.452273
-0.493696
-0.523435
-0.55463
-0.584698
-0.206228
-0.27719
-0.345001
-0.406112
-0.459105
-0.500957
-0.542726
-0.572612
-0.602036
-0.628711
-0.246203
-0.325244
-0.396747
-0.462559
-0.519823
-0.565543
-0.604648
-0.631236
-0.65741
-0.677949
-0.297801
-0.384404
-0.458853
-0.524267
-0.578089
-0.619653
-0.658703
-0.688853
-0.712062
-0.728518
-0.366583
-0.468447
-0.553155
-0.632333
-0.691017
-0.732896
-0.75153
-0.763374
-0.767825
-0.777939
-0.434047
-0.542488
-0.625637
-0.701159
-0.753824
-0.799877
-0.823051
-0.830918
-0.80816
-0.79406
-0.603647
-0.712596
-0.824286
-0.904237
-0.966957
-0.996779
-0.994717
-0.960979
-0.901145
-0.820933
0.190204
0.178444
0.16399
0.146874
0.127407
0.105394
0.0819897
0.05531
0.0286143
-0.00646653
0.199724
0.186223
0.169855
0.150686
0.129039
0.104611
0.07896
0.0494939
0.0208541
-0.0128586
0.209799
0.19492
0.177023
0.156278
0.132767
0.106794
0.0790556
0.0483181
0.0186802
-0.0126853
0.220813
0.204857
0.185728
0.163773
0.138703
0.11135
0.0820779
0.0505494
0.0196659
-0.012648
0.232916
0.21637
0.196074
0.172956
0.146495
0.117539
0.0867245
0.0535968
0.0208345
-0.0138379
0.246348
0.22905
0.207795
0.183247
0.155258
0.124198
0.0914647
0.0564878
0.0214771
-0.0170797
0.260819
0.242759
0.220251
0.194016
0.164324
0.131247
0.0958167
0.0583448
0.0209223
-0.0216743
0.276496
0.2573
0.23354
0.205348
0.173517
0.138174
0.0994727
0.0586631
0.0194601
-0.0277023
0.293259
0.272861
0.247353
0.2169
0.182559
0.145007
0.102948
0.0577068
0.0162332
-0.0346261
0.311028
0.289199
0.261904
0.229085
0.191562
0.151186
0.105857
0.0559369
0.0114625
-0.0426189
0.329855
0.306404
0.276987
0.241434
0.200558
0.156534
0.107795
0.053516
0.00498922
-0.0526063
0.349548
0.324464
0.292523
0.25401
0.209374
0.161472
0.108431
0.0496399
-0.00354332
-0.06556
0.370121
0.343176
0.308395
0.266678
0.217052
0.165649
0.107853
0.0439126
-0.0155703
-0.0815552
0.391286
0.362404
0.323766
0.279739
0.223726
0.167648
0.105596
0.035036
-0.0320419
-0.101827
0.413018
0.381753
0.338432
0.291675
0.22979
0.16646
0.0993239
0.0222296
-0.0531075
-0.128049
0.435098
0.399759
0.352605
0.300644
0.234986
0.161934
0.0876996
0.00374082
-0.0796653
-0.162503
0.457149
0.41509
0.366511
0.305201
0.236018
0.153763
0.0701555
-0.0217124
-0.114706
-0.206881
0.476028
0.42726
0.37769
0.30495
0.229101
0.137896
0.0449219
-0.0582737
-0.160798
-0.267168
0.485458
0.436561
0.378514
0.300751
0.213866
0.113634
0.0120996
-0.104218
-0.211402
-0.33213
0.48759
0.43991
0.367297
0.285701
0.170425
0.0658047
-0.0736721
-0.193835
-0.343915
-0.464198
0.0452465
0.0448814
0.0444576
0.044006
0.0435074
0.0429907
0.0424502
0.0419087
0.0413705
0.0408322
0.0427983
0.0422591
0.0417653
0.0412736
0.0408274
0.0403816
0.0399606
0.0395548
0.0391468
0.0387317
0.0466365
0.0463387
0.045962
0.0455714
0.0451044
0.0445907
0.0440268
0.0434166
0.04279
0.042149
0.0441964
0.0436386
0.0431579
0.0426271
0.0421557
0.0416504
0.0411631
0.0406635
0.0401284
0.0396488
0.0482241
0.0477506
0.0471973
0.0467347
0.0461578
0.0456209
0.0450645
0.0444793
0.0438704
0.0432989
0.0466138
0.0460754
0.0456594
0.0450971
0.0446454
0.0440981
0.0435925
0.0430567
0.0425138
0.0420687
0.0498546
0.0491064
0.0482836
0.0475149
0.0466429
0.0458782
0.0450298
0.0442936
0.0434811
0.0429385
0.0503263
0.0496833
0.0490834
0.0484444
0.0478991
0.0473068
0.0467829
0.0462648
0.0457085
0.0452188
0.0527821
0.0519893
0.0511568
0.0503864
0.049489
0.0487042
0.0477683
0.0469204
0.0460217
0.0451896
0.0549014
0.0540291
0.0531056
0.0521731
0.0512963
0.050422
0.0497
0.0490479
0.0483536
0.0478654
0.0569194
0.0558949
0.0549163
0.0539777
0.053064
0.0523474
0.0512265
0.050435
0.0492772
0.0483489
0.0596539
0.0587118
0.0576642
0.0565763
0.0555087
0.0543684
0.0533518
0.0523749
0.0513988
0.0506056
0.0635566
0.0622924
0.060953
0.0598251
0.0583137
0.0573727
0.0557927
0.0548312
0.0533404
0.0520787
0.0655338
0.0640844
0.0627757
0.0613509
0.0600316
0.0586482
0.057316
0.0561339
0.054729
0.0536655
0.0694393
0.0681986
0.0664846
0.0650257
0.0631591
0.0618791
0.0596955
0.0594151
0.057189
0.0555239
0.0736916
0.0718235
0.0699211
0.0682922
0.0663814
0.064689
0.0627523
0.0611439
0.0590517
0.0574614
0.0779944
0.0761667
0.0743333
0.0721887
0.0700464
0.0679862
0.0656461
0.0635259
0.0608592
0.0587936
0.0822981
0.0801577
0.0775573
0.0753616
0.0727909
0.0704251
0.067617
0.065224
0.0622772
0.0597414
0.0876831
0.0850496
0.082608
0.080071
0.0771439
0.074481
0.0711568
0.068455
0.0646844
0.0618873
0.0936154
0.0907447
0.0876198
0.0843803
0.0809747
0.0775268
0.0736616
0.0699631
0.0659892
0.061731
0.0998636
0.0965574
0.09292
0.0894667
0.0853322
0.081535
0.0768578
0.0728307
0.0675227
0.0630759
0.106069
0.102196
0.0981027
0.0937517
0.0889771
0.0841916
0.0788607
0.0734837
0.0678211
0.0617414
0.113018
0.108923
0.10433
0.0996132
0.0940129
0.0887248
0.0823054
0.0763908
0.0692063
0.0624697
0.121403
0.116362
0.11076
0.1049
0.0983186
0.0915401
0.0839412
0.0760717
0.0678264
0.0585373
0.129562
0.123885
0.117719
0.111056
0.103248
0.0955971
0.0865848
0.0776798
0.0674657
0.0580031
0.137833
0.131642
0.1243
0.116515
0.107637
0.0981224
0.0876508
0.0762356
0.0647272
0.051924
0.14772
0.140437
0.132356
0.123484
0.112776
0.101963
0.0891182
0.0761775
0.0615831
0.0471697
0.15793
0.149972
0.140296
0.129562
0.117345
0.103912
0.0891526
0.0731855
0.0567895
0.039193
0.168632
0.159505
0.148776
0.136659
0.122217
0.106767
0.0890182
0.0701207
0.0515052
0.0279048
0.179624
0.169584
0.157213
0.142821
0.125967
0.107368
0.0865213
0.0645364
0.0421101
0.0133329
0.0403478
0.0398673
0.0393542
0.0387534
0.0380657
0.0372895
0.036452
0.0355694
0.0346591
0.0337291
0.032785
0.0318281
0.0308567
0.0298665
0.0288512
0.027804
0.0267188
0.0255924
0.0244251
0.0232218
0.0219922
0.0207504
0.0195138
0.018303
0.0171369
0.0160322
0.0150349
0.0139692
0.0133555
0.0121746
0.0383408
0.0380239
0.0377065
0.0373995
0.03706
0.0366999
0.0363069
0.0358728
0.0353769
0.0347987
0.0341206
0.0333309
0.0324252
0.0314077
0.030289
0.0290853
0.0278146
0.0264945
0.0251412
0.0237695
0.0223933
0.0210273
0.019689
0.0183984
0.0171885
0.0160942
0.0151786
0.0146829
0.0142983
0.0156247
0.0414791
0.0407247
0.0399693
0.0392132
0.0385018
0.0377802
0.0370351
0.0362653
0.0354738
0.034661
0.0338234
0.0329522
0.0320352
0.0310588
0.0300106
0.0288831
0.027675
0.0263935
0.0250525
0.0236707
0.0222682
0.0208667
0.0194886
0.0181611
0.0169065
0.0157697
0.014748
0.0138364
0.0131743
0.0117798
0.0390787
0.0384442
0.0376916
0.0370511
0.0365629
0.0362017
0.0358607
0.0354341
0.034875
0.0341692
0.0333184
0.0323395
0.031258
0.0301006
0.0288866
0.0276263
0.0263268
0.0249941
0.0236337
0.022254
0.0208688
0.019496
0.0181576
0.0168749
0.0156769
0.0145715
0.0136344
0.0128767
0.0123921
0.0133766
0.0426536
0.041765
0.0408114
0.0397709
0.0387879
0.0378457
0.0369381
0.0360774
0.0352471
0.0344086
0.0335278
0.0325734
0.031519
0.0303559
0.0290875
0.0277293
0.0263036
0.0248395
0.0233549
0.0218649
0.0203849
0.018933
0.0175286
0.0161949
0.0149584
0.0138675
0.012929
0.0123446
0.0117925
0.011165
0.0416084
0.0411511
0.0405984
0.0400365
0.0394638
0.0388009
0.038011
0.037051
0.0359466
0.0347096
0.0333961
0.0320682
0.0307583
0.0294491
0.0281173
0.0267396
0.0252815
0.0238055
0.0222946
0.0207701
0.0192556
0.0177761
0.0163558
0.0150182
0.0137786
0.0126682
0.0116673
0.0106824
0.0100826
0.00943847
0.0422134
0.0414169
0.0405319
0.0395997
0.0386438
0.0376894
0.0367765
0.0358992
0.035028
0.0341015
0.0330477
0.0318189
0.0304234
0.0289007
0.0273052
0.0256795
0.0240475
0.0224281
0.0208271
0.0192532
0.0177187
0.0162407
0.0148378
0.0135309
0.0123431
0.0112777
0.0104386
0.00987665
0.0095189
0.0103465
0.0446522
0.0440336
0.0433299
0.0425777
0.0417036
0.0406506
0.0393399
0.0377898
0.0360999
0.0344079
0.0328102
0.031303
0.0298282
0.0283253
0.0267532
0.0251032
0.0233979
0.0216728
0.0199612
0.0182899
0.0166806
0.0151517
0.0137206
0.012403
0.011226
0.0102218
0.00936203
0.00886
0.00819304
0.00730512
0.0444129
0.0431676
0.0419739
0.0407112
0.0396103
0.0386108
0.0377364
0.0369166
0.0360005
0.0347777
0.0332348
0.0314367
0.0295313
0.0276162
0.0257462
0.0239032
0.0220776
0.020272
0.0185004
0.0167847
0.01515
0.0136157
0.0121996
0.010916
0.0097612
0.00874967
0.0078601
0.0070338
0.00647623
0.00629048
0.0470758
0.046215
0.0452834
0.0441514
0.0427385
0.0410089
0.0389589
0.0366579
0.0346779
0.0329216
0.0313006
0.0296781
0.0279563
0.026114
0.0241859
0.0222343
0.0203081
0.0184351
0.0166348
0.0149243
0.0133204
0.0118388
0.0104906
0.00928389
0.00822438
0.00728679
0.00655578
0.00623964
0.00597146
0.00669926
0.047152
0.0457872
0.0443165
0.0428396
0.0414054
0.040093
0.0389347
0.0377102
0.03612
0.0341291
0.0318532
0.0294745
0.0271382
0.0248893
0.0227148
0.0205977
0.0185469
0.0165812
0.0147237
0.0129948
0.0114065
0.00996627
0.00868372
0.00755138
0.00659257
0.00580925
0.00516072
0.00494977
0.00449665
0.0037891
0.0495413
0.0484054
0.0471038
0.0455168
0.0435524
0.0412418
0.03871
0.0363994
0.0343519
0.032494
0.0306238
0.0286088
0.026412
0.0241012
0.0217789
0.0195154
0.0173465
0.0152979
0.0133885
0.0116331
0.0100426
0.00862228
0.00738113
0.00629748
0.00536528
0.00460002
0.00388928
0.00326584
0.00281702
0.00247343
0.050554
0.0483891
0.0464682
0.0445028
0.0426418
0.0409908
0.0393099
0.0371761
0.034654
0.0318489
0.029055
0.0264327
0.0239705
0.0216096
0.0193152
0.0170875
0.0149583
0.0129665
0.0111329
0.00947259
0.00799469
0.00668971
0.00560035
0.00464145
0.00384888
0.00317823
0.00268161
0.00230475
0.00215977
0.00307528
0.0519528
0.050524
0.048826
0.0464673
0.0437509
0.0407247
0.0380095
0.0355293
0.033078
0.0305413
0.0277907
0.0248675
0.021963
0.0191978
0.0166085
0.0142109
0.012019
0.0100316
0.00825645
0.00669883
0.00537431
0.00421673
0.00326974
0.00248843
0.00188516
0.00143694
0.00114998
0.00118969
0.00100849
0.00104579
0.0536244
0.0507667
0.0482919
0.0457596
0.043444
0.0412679
0.0385207
0.0354438
0.0322484
0.0291427
0.0262271
0.0234118
0.0206007
0.0178253
0.0151635
0.0126868
0.0104348
0.00842707
0.00667051
0.00515957
0.00388813
0.00282023
0.0019535
0.00125984
0.000712821
0.000354855
5.4818e-06
-0.000233409
-0.000605275
-0.0011947
0.0550352
0.0528521
0.0503508
0.0472039
0.0438615
0.0404498
0.037245
0.0341135
0.030942
0.0276437
0.0242976
0.0211024
0.0181348
0.0153754
0.0128148
0.0104648
0.00834852
0.00648362
0.00487456
0.00351578
0.00239342
0.00147966
0.000755777
0.000195599
-0.000249155
-0.000577193
-0.000864
-0.00126291
-0.00134748
-0.00095852
0.055534
0.052345
0.0491153
0.0459563
0.0426606
0.039052
0.0352799
0.0314156
0.0276319
0.0239805
0.0204691
0.0171253
0.0140018
0.011161
0.00863739
0.00642283
0.00450267
0.00286759
0.00150775
0.000406567
-0.000456762
-0.00110975
-0.00158255
-0.00190302
-0.00210784
-0.00223188
-0.00222858
-0.00214674
-0.00198722
-0.00126034
0.0567643
0.0534604
0.0498614
0.0456241
0.0415246
0.037731
0.0338136
0.0297587
0.0256231
0.0215762
0.0177823
0.0142278
0.0109436
0.00799924
0.00541841
0.00320738
0.00136562
-0.000129212
-0.00131256
-0.00221612
-0.00287336
-0.00332154
-0.0035957
-0.00373222
-0.00375401
-0.00368534
-0.0035631
-0.00323028
-0.00328538
-0.00342329
0.0575843
0.0534025
0.0490316
0.0446674
0.040476
0.0360202
0.0315277
0.0271551
0.022973
0.0190376
0.0153111
0.0118177
0.00865278
0.00584016
0.00338537
0.00130932
-0.000383833
-0.00172056
-0.00273293
-0.00346291
-0.00395568
-0.00425496
-0.00439976
-0.00442841
-0.00438279
-0.00426749
-0.00421958
-0.00417481
-0.00433369
-0.00467901
0.0576742
0.0530908
0.048129
0.0429931
0.0377671
0.0326617
0.0276896
0.0229022
0.0184646
0.0144312
0.0107256
0.00741945
0.00454984
0.00206988
-3.19916e-05
-0.00175242
-0.00311498
-0.00414342
-0.00486483
-0.00532189
-0.00556014
-0.00562748
-0.00556948
-0.00541934
-0.00523352
-0.0050394
-0.0048879
-0.00490057
-0.00477305
-0.00428101
0.0573243
0.0514878
0.0458634
0.0403362
0.0349542
0.0295249
0.0241006
0.0188459
0.0138809
0.00933023
0.00531968
0.00195329
-0.000834567
-0.0031152
-0.00491233
-0.00627062
-0.00725797
-0.00791362
-0.00827799
-0.0083975
-0.0083186
-0.00808845
-0.00775552
-0.00735508
-0.00692447
-0.00652677
-0.00609383
-0.00568281
-0.00538523
-0.0045992
0.0558623
0.0503208
0.0442342
0.0376368
0.0311398
0.0251127
0.0196935
0.0145933
0.00980226
0.00538368
0.00145205
-0.00191593
-0.00473548
-0.00697247
-0.00862908
-0.00978527
-0.0105175
-0.0108843
-0.0109585
-0.0108026
-0.0104694
-0.0100086
-0.00946618
-0.00888277
-0.00827549
-0.00770299
-0.00715733
-0.00645863
-0.00640017
-0.00625755
0.0550471
0.047137
0.0397452
0.0328972
0.0259559
0.0193985
0.0133888
0.00811731
0.00372289
5.91857e-06
-0.00316498
-0.00590124
-0.0081803
-0.00995161
-0.0112281
-0.0120578
-0.0124747
-0.01254
-0.012335
-0.0119251
-0.011373
-0.0107324
-0.0100443
-0.00935126
-0.00867406
-0.00803369
-0.00755842
-0.00708839
-0.00711296
-0.00737919
0.050307
0.0425386
0.0349863
0.0269562
0.0197562
0.0134308
0.00758824
0.00231454
-0.0022963
-0.00609002
-0.00901542
-0.0112224
-0.0128373
-0.0139484
-0.0146367
-0.0149453
-0.0149055
-0.0145786
-0.0140265
-0.0133091
-0.0124886
-0.011617
-0.0107372
-0.00988648
-0.00910576
-0.00839339
-0.00788268
-0.00759829
-0.00739902
-0.0071669
0.04833
0.0390334
0.0299847
0.0212762
0.0135018
0.00668761
0.00106766
-0.00387631
-0.00834773
-0.0121641
-0.015108
-0.0171793
-0.0184567
-0.0191089
-0.0192867
-0.0190763
-0.018551
-0.0177899
-0.0168503
-0.0157885
-0.0146574
-0.0135037
-0.0123699
-0.0112862
-0.010298
-0.00942552
-0.00867455
-0.00818911
-0.00772471
-0.006956
0.0404613
0.030211
0.020307
0.0118142
0.00433811
-0.00190113
-0.00716194
-0.0116678
-0.015429
-0.0184672
-0.0208829
-0.0226277
-0.0236043
-0.0239434
-0.023738
-0.0230988
-0.0221463
-0.0209809
-0.0196729
-0.0182855
-0.0168676
-0.0154584
-0.0140949
-0.0128026
-0.0116052
-0.0105546
-0.0095971
-0.00878707
-0.00834285
-0.00783721
0.0342196
0.0216361
0.0113031
0.00259442
-0.00472491
-0.0103745
-0.0154244
-0.0196397
-0.0227654
-0.024889
-0.0264
-0.0273065
-0.0276911
-0.027584
-0.0269536
-0.0259153
-0.0245818
-0.0230544
-0.0214163
-0.0197404
-0.0180763
-0.0164618
-0.0149285
-0.0135025
-0.0121871
-0.0110317
-0.0100667
-0.00921527
-0.00895674
-0.00909493
0.0226168
0.0103227
0.00134522
-0.00717323
-0.0137572
-0.0188364
-0.0231932
-0.0267946
-0.0295263
-0.0313145
-0.0321803
-0.0322378
-0.0318936
-0.0310742
-0.0298524
-0.0283375
-0.0265894
-0.0246978
-0.0227423
-0.0207898
-0.0188869
-0.0170693
-0.0153636
-0.0137981
-0.0123815
-0.0111385
-0.0102041
-0.00951637
-0.00926706
-0.00954523
0.00670091
-0.00414662
-0.0129077
-0.0199122
-0.0254728
-0.030063
-0.0334091
-0.0358426
-0.0376283
-0.0387432
-0.0389416
-0.0384233
-0.0373453
-0.0357082
-0.0338071
-0.0316853
-0.0294233
-0.0271035
-0.0247878
-0.0225271
-0.0203573
-0.0183063
-0.016391
-0.0146337
-0.0130629
-0.0116839
-0.010636
-0.00996859
-0.00947354
-0.00928152
-0.0113586
-0.0207107
-0.0280378
-0.0337898
-0.0386372
-0.0424938
-0.04529
-0.0471087
-0.0479065
-0.0478665
-0.0470951
-0.0458087
-0.0438539
-0.0414784
-0.0388694
-0.036068
-0.033221
-0.0303918
-0.0276404
-0.0250054
-0.0225144
-0.020186
-0.0180279
-0.0160441
-0.0142682
-0.0127111
-0.0114248
-0.0105503
-0.00983051
-0.00915308
-0.041856
-0.0434301
-0.0467265
-0.0504728
-0.0539134
-0.0563221
-0.058091
-0.0590797
-0.0590865
-0.0580822
-0.0563088
-0.0539192
-0.0510011
-0.0478272
-0.0444051
-0.0409022
-0.0374225
-0.0340305
-0.0307921
-0.0277347
-0.0248836
-0.022247
-0.0198272
-0.017611
-0.0156065
-0.0138479
-0.0123066
-0.0110866
-0.0103345
-0.00971712
-0.0675541
-0.0694503
-0.0712356
-0.0723152
-0.0734478
-0.073911
-0.0736877
-0.0725132
-0.0706932
-0.0681237
-0.0649293
-0.0611982
-0.0571952
-0.0530463
-0.0488191
-0.0446693
-0.0406256
-0.0367627
-0.0331231
-0.0297275
-0.0265949
-0.0237252
-0.0211147
-0.0187493
-0.0166024
-0.0147051
-0.0130651
-0.0116286
-0.0109523
-0.0108416
-0.0866033
-0.0912176
-0.0924001
-0.092021
-0.0908047
-0.0888649
-0.0862868
-0.0829112
-0.0789986
-0.0745867
-0.0699233
-0.065069
-0.0601662
-0.0552729
-0.0505187
-0.0459737
-0.0416483
-0.037587
-0.033796
-0.0302875
-0.0270665
-0.0241293
-0.0214669
-0.0190734
-0.0169205
-0.0150002
-0.0134104
-0.0120735
-0.011353
-0.0113578
-0.104973
-0.107307
-0.106189
-0.105472
-0.103272
-0.0996951
-0.0952498
-0.0901691
-0.0846747
-0.0788814
-0.0730699
-0.0673235
-0.0617496
-0.0563662
-0.0512562
-0.0464513
-0.0419724
-0.0378308
-0.0340112
-0.0305083
-0.0273087
-0.0244011
-0.0217692
-0.019399
-0.0172793
-0.0153676
-0.0137534
-0.0124808
-0.0115493
-0.0109778
-0.127367
-0.127127
-0.122611
-0.119139
-0.114021
-0.108337
-0.102156
-0.0955986
-0.0889269
-0.082275
-0.0757358
-0.06936
-0.0632673
-0.0574802
-0.0520589
-0.0470189
-0.0423787
-0.0381376
-0.0342779
-0.0307806
-0.0276185
-0.02477
-0.0222135
-0.0199203
-0.0178783
-0.0160442
-0.0143912
-0.0130017
-0.0119782
-0.0109706
-0.148629
-0.145332
-0.136433
-0.130964
-0.123602
-0.116505
-0.108981
-0.101135
-0.0932676
-0.0855862
-0.078217
-0.0712312
-0.0646731
-0.0585247
-0.052822
-0.0475558
-0.0427361
-0.0383531
-0.0343932
-0.0308353
-0.0276479
-0.0248024
-0.0222754
-0.0200388
-0.0180642
-0.0163301
-0.0147398
-0.0132751
-0.0124191
-0.0116515
-0.169239
-0.16322
-0.152529
-0.144522
-0.133894
-0.124445
-0.114803
-0.105613
-0.0968183
-0.0884228
-0.0804294
-0.07292
-0.0659325
-0.0594685
-0.053526
-0.0480709
-0.0430937
-0.0385704
-0.0344908
-0.030834
-0.0275723
-0.0246768
-0.0221217
-0.0198845
-0.0179252
-0.0162262
-0.0147384
-0.0133099
-0.0126724
-0.0123384
-0.189327
-0.179151
-0.165422
-0.15513
-0.142781
-0.132041
-0.120892
-0.110401
-0.100443
-0.0911412
-0.0824656
-0.0744476
-0.0670571
-0.0602894
-0.0541222
-0.0485175
-0.0434275
-0.0388112
-0.0346472
-0.0309085
-0.0275727
-0.024616
-0.0220133
-0.0197472
-0.0177848
-0.0160934
-0.0147052
-0.0134409
-0.0129191
-0.0127074
-0.202618
-0.190038
-0.175676
-0.163689
-0.149301
-0.136681
-0.124286
-0.11294
-0.10235
-0.0925571
-0.083504
-0.0752251
-0.0676467
-0.060723
-0.0544378
-0.0487616
-0.0436328
-0.0390056
-0.0348382
-0.0310926
-0.0277415
-0.0247629
-0.0221341
-0.0198389
-0.0178659
-0.0161716
-0.0148053
-0.0136606
-0.0131412
-0.0125399
-0.220465
-0.203414
-0.186518
-0.170988
-0.155308
-0.141206
-0.127651
-0.115262
-0.103849
-0.0933806
-0.0838659
-0.0753203
-0.0676071
-0.0606146
-0.0543101
-0.0486268
-0.0435056
-0.0389082
-0.0347855
-0.0310938
-0.0277963
-0.0248669
-0.0222839
-0.0200225
-0.0180799
-0.0164281
-0.0150369
-0.013925
-0.0133271
-0.0123931
)
;

boundaryField
{
    outlet
    {
        type            fixedValue;
        value           uniform 0;
    }
    upperWall
    {
        type            symmetryPlane;
    }
    lowerWall
    {
        type            symmetryPlane;
    }
    inlet
    {
        type            zeroGradient;
    }
    cylinder
    {
        type            zeroGradient;
    }
    frontAndBack
    {
        type            empty;
    }
}


// ************************************************************************* //
