/*--------------------------------*- C++ -*----------------------------------*\
| =========                 |                                                 |
| \\      /  F ield         | OpenFOAM: The Open Source CFD Toolbox           |
|  \\    /   O peration     | Version:  2312                                  |
|   \\  /    A nd           | Website:  www.openfoam.com                      |
|    \\/     M anipulation  |                                                 |
\*---------------------------------------------------------------------------*/
FoamFile
{
    version     2.0;
    format      ascii;
    arch        "LSB;label=32;scalar=64";
    class       volScalarField;
    location    "22.6";
    object      p;
}
// * * * * * * * * * * * * * * * * * * * * * * * * * * * * * * * * * * * * * //

dimensions      [0 2 -2 0 0 0 0];

internalField   nonuniform List<scalar> 
5478
(
-0.254703
-0.252996
-0.249785
-0.246211
-0.243466
-0.242314
-0.242952
-0.24508
-0.248255
-0.251682
-0.255252
-0.257397
-0.258999
-0.257062
-0.252325
-0.258223
-0.256191
-0.252413
-0.247981
-0.243822
-0.240546
-0.238391
-0.237344
-0.23694
-0.236751
-0.235914
-0.234061
-0.230788
-0.225585
-0.219998
-0.265309
-0.262038
-0.257345
-0.251634
-0.245499
-0.239435
-0.233976
-0.229257
-0.225053
-0.220844
-0.21634
-0.211379
-0.205918
-0.200015
-0.194057
-0.275932
-0.270594
-0.264113
-0.256353
-0.247317
-0.237768
-0.228577
-0.2201
-0.212242
-0.204927
-0.197943
-0.191184
-0.184376
-0.177496
-0.170821
-0.290397
-0.282037
-0.273047
-0.262048
-0.248803
-0.234936
-0.22177
-0.20977
-0.199004
-0.189269
-0.180348
-0.17203
-0.164049
-0.15656
-0.149448
-0.309197
-0.296382
-0.284101
-0.267934
-0.248937
-0.230119
-0.212979
-0.19784
-0.18453
-0.172802
-0.162375
-0.152986
-0.14442
-0.136644
-0.129096
-0.331192
-0.31295
-0.295066
-0.271426
-0.245714
-0.221833
-0.200979
-0.183078
-0.167734
-0.154511
-0.143031
-0.132978
-0.124131
-0.116278
-0.108936
-0.351922
-0.329136
-0.302012
-0.269151
-0.236743
-0.208311
-0.184325
-0.164255
-0.147407
-0.133185
-0.121108
-0.110847
-0.102148
-0.0947493
-0.0882467
-0.226205
-0.232468
-0.238583
-0.247442
-0.258971
-0.272558
-0.28772
-0.304019
-0.321058
-0.338436
-0.355711
-0.372486
-0.388566
-0.404184
-0.419108
-0.22724
-0.233002
-0.238872
-0.247285
-0.258103
-0.270705
-0.284614
-0.299419
-0.314789
-0.330438
-0.346064
-0.361301
-0.375895
-0.390049
-0.404584
-0.233933
-0.238269
-0.243449
-0.251125
-0.261044
-0.272587
-0.285287
-0.298764
-0.312728
-0.326963
-0.341309
-0.355744
-0.369713
-0.383482
-0.396607
-0.242372
-0.24472
-0.248772
-0.255287
-0.263904
-0.27404
-0.285248
-0.297189
-0.309635
-0.322458
-0.334968
-0.34939
-0.360763
-0.37714
-0.386074
-0.249236
-0.249569
-0.252109
-0.25689
-0.263613
-0.271827
-0.281148
-0.291279
-0.301885
-0.313558
-0.323895
-0.338044
-0.346953
-0.363251
-0.372134
-0.253097
-0.251918
-0.252668
-0.255141
-0.25932
-0.265063
-0.272124
-0.280349
-0.288751
-0.299401
-0.307638
-0.321714
-0.329754
-0.344213
-0.353197
-0.254221
-0.252319
-0.251302
-0.251178
-0.252407
-0.255277
-0.259708
-0.265867
-0.273193
-0.282376
-0.290522
-0.301283
-0.310068
-0.321483
-0.331161
-0.25405
-0.252123
-0.249743
-0.24741
-0.246144
-0.246693
-0.249418
-0.253942
-0.259851
-0.266286
-0.273273
-0.279636
-0.286115
-0.292473
-0.299618
-0.438668
-0.44674
-0.43633
-0.402171
-0.345476
-0.266969
-0.167439
-0.0570177
0.0356597
0.090078
0.106565
0.101236
0.0869656
0.0717068
0.0581187
0.0475138
0.0384731
0.0319189
0.0259681
0.0218278
0.0182308
0.0152959
0.0133445
0.0112388
0.00969536
0.00849974
0.00720854
0.00630415
0.00566723
0.0048368
0.00426876
0.00396267
0.00338813
0.00289196
0.0023587
0.00227221
0.00202796
0.000646666
-0.427855
-0.43698
-0.42844
-0.397727
-0.346016
-0.274738
-0.177726
-0.0650367
0.0323192
0.0903977
0.108907
0.103425
0.0891399
0.0733098
0.0597353
0.0484842
0.0394986
0.0324849
0.0265284
0.0222141
0.0184996
0.015588
0.0135145
0.0113939
0.00984787
0.00857755
0.00727328
0.00639735
0.00569832
0.00485379
0.00433866
0.00398263
0.00338097
0.00290273
0.00240968
0.00227314
0.0019687
0.000665793
-0.424446
-0.435781
-0.431389
-0.405466
-0.359595
-0.296802
-0.204966
-0.0896589
0.0161532
0.0812872
0.104952
0.102455
0.0898957
0.0741848
0.0607126
0.0492438
0.0404301
0.032909
0.0271208
0.0225081
0.0187541
0.0158864
0.01362
0.0115696
0.00998921
0.00864686
0.00734706
0.00648839
0.00573088
0.00487435
0.00440733
0.00400322
0.00337654
0.00291441
0.0024594
0.00227271
0.00191392
0.000685371
-0.416596
-0.432244
-0.433171
-0.413905
-0.372563
-0.316566
-0.232487
-0.118945
-0.00953003
0.0627492
0.0931647
0.0956981
0.0863944
0.0724854
0.0599436
0.048839
0.0406103
0.0330536
0.0275049
0.0226908
0.0189632
0.0161268
0.0136887
0.0117383
0.0101135
0.0087125
0.00742625
0.00657421
0.00576678
0.00490029
0.0044716
0.0040249
0.00337734
0.00292739
0.00250508
0.00227005
0.00186785
0.00070488
-0.396109
-0.421171
-0.429041
-0.417594
-0.384526
-0.334865
-0.260248
-0.151437
-0.040243
0.0374883
0.0751148
0.0839748
0.0803388
0.0698045
0.0593911
0.0491357
0.0405757
0.0332225
0.0277324
0.022855
0.0191346
0.0162886
0.0137569
0.0118687
0.0102188
0.00877694
0.00750292
0.00665287
0.00580623
0.00493123
0.00452899
0.00404801
0.00338428
0.00294143
0.00254453
0.00226464
0.00183445
0.000723386
-0.367861
-0.398039
-0.412926
-0.408048
-0.381708
-0.338183
-0.273387
-0.178259
-0.0714487
0.00854313
0.0531228
0.0697889
0.071113
0.0644402
0.0559222
0.0471358
0.0397777
0.0330663
0.0277313
0.0230084
0.0193039
0.0164227
0.0138788
0.0119781
0.0103201
0.00885482
0.00757847
0.00672422
0.00585169
0.00496914
0.00457729
0.00407213
0.0033987
0.00295714
0.00257544
0.0022557
0.0018174
0.000739741
-0.342142
-0.370218
-0.391598
-0.396492
-0.378829
-0.340096
-0.280627
-0.196337
-0.0980964
-0.0168284
0.0339118
0.0560131
0.0635152
0.0607105
0.0546571
0.0464619
0.0393942
0.0329491
0.0276924
0.0230729
0.0193697
0.016495
0.0139475
0.012049
0.0103946
0.00891808
0.00765182
0.00678342
0.00589484
0.00501589
0.00461671
0.00409434
0.00342049
0.00297667
0.00259662
0.00224014
0.00182015
0.000753159
-0.311513
-0.33291
-0.350568
-0.358099
-0.350845
-0.324782
-0.278242
-0.210301
-0.127498
-0.0524096
0.00414513
0.0360758
0.0506064
0.0528667
0.0499433
0.0442211
0.0383742
0.0326273
0.0276445
0.0232968
0.0195881
0.0166762
0.0141682
0.0121557
0.0105139
0.00903119
0.0077273
0.00685201
0.00595195
0.00506717
0.0046467
0.00412286
0.00345064
0.00299537
0.00260854
0.00221944
0.00184473
0.000762297
-0.276236
-0.301825
-0.314349
-0.320101
-0.31522
-0.292645
-0.252689
-0.194969
-0.12457
-0.0571892
-0.00536909
0.0256857
0.0420058
0.0474047
0.0469709
0.0423959
0.0375943
0.031951
0.0271935
0.0228846
0.0193936
0.0165476
0.0140173
0.0121913
0.0104533
0.00903096
0.0078357
0.0068207
0.00599218
0.00517596
0.00462839
0.00412303
0.00352581
0.00303899
0.00257716
0.00219338
0.00190494
0.000769783
-0.229942
-0.257272
-0.266475
-0.263879
-0.253089
-0.233873
-0.202294
-0.157137
-0.104439
-0.0545145
-0.0137211
0.0135503
0.0286815
0.0350097
0.036161
0.0343483
0.0311681
0.027968
0.0246885
0.0214102
0.0183514
0.0158801
0.0136215
0.0118569
0.0102537
0.00892603
0.00775339
0.00676194
0.00599669
0.00517364
0.00459788
0.00414466
0.0035494
0.00304355
0.00254627
0.00220267
0.00193645
0.000757693
-0.190648
-0.215644
-0.224246
-0.221675
-0.212772
-0.197035
-0.173145
-0.140782
-0.10196
-0.0615215
-0.0256627
0.00086384
0.0171613
0.0259953
0.0301143
0.0305597
0.0293334
0.0262235
0.023083
0.0201638
0.0175549
0.0152722
0.0132055
0.0115553
0.0100385
0.00879135
0.00767157
0.00670366
0.00597289
0.00516453
0.00458587
0.00414394
0.00355342
0.00305502
0.0025321
0.0021975
0.00194291
0.000747297
-0.158139
-0.178629
-0.186647
-0.18426
-0.17549
-0.161646
-0.142536
-0.117304
-0.0867327
-0.0550022
-0.0266744
-0.00462738
0.00994519
0.0185094
0.0230651
0.0241976
0.0234835
0.0221102
0.0204787
0.0184162
0.0162874
0.0144117
0.0125988
0.0111464
0.00973863
0.00860481
0.00756408
0.00660779
0.00593449
0.00515996
0.00455654
0.00413475
0.00356873
0.00307157
0.00251057
0.00218621
0.00195918
0.00075164
-0.129187
-0.146049
-0.153241
-0.151664
-0.144671
-0.133903
-0.119513
-0.10115
-0.0794501
-0.0561388
-0.0337356
-0.0143435
-4.39761e-05
0.00937528
0.015217
0.0183234
0.0195693
0.0192408
0.01814
0.0166217
0.0150373
0.0134962
0.0119392
0.0106783
0.0093891
0.00837754
0.00741259
0.00648771
0.00588119
0.00513088
0.0045162
0.00412889
0.00357782
0.00307615
0.00248951
0.00217861
0.00198753
0.000760779
-0.10528
-0.118956
-0.125204
-0.124422
-0.119073
-0.110621
-0.0995275
-0.0857769
-0.0692445
-0.0508109
-0.0325736
-0.0163659
-0.00374817
0.00494093
0.0107331
0.0140338
0.015701
0.0158852
0.0155143
0.0146321
0.0135638
0.0124119
0.0111336
0.0101058
0.00896995
0.00808651
0.00721795
0.00634318
0.0057949
0.00508123
0.00447409
0.0041106
0.00357191
0.00308002
0.00247362
0.00216672
0.00201376
0.000768971
-0.0855224
-0.096288
-0.101505
-0.101262
-0.0973144
-0.0909457
-0.0826066
-0.072417
-0.0604256
-0.0470865
-0.0336236
-0.0209732
-0.0102123
-0.00188536
0.00411194
0.00824934
0.0109474
0.0123509
0.0128009
0.012524
0.0119635
0.0112158
0.0102249
0.00944496
0.00847407
0.00773219
0.00697721
0.00615994
0.00567957
0.00501472
0.00441702
0.00407676
0.00356007
0.00308222
0.00245245
0.00214541
0.0020362
0.000780377
-0.0690899
-0.0775544
-0.0818825
-0.0820425
-0.0792831
-0.0746462
-0.0685444
-0.0610416
-0.0522275
-0.0422849
-0.0317756
-0.0213591
-0.012008
-0.00444205
0.00127306
0.00518723
0.00796321
0.00950946
0.0102991
0.0104359
0.0103473
0.00996187
0.00926172
0.00872271
0.00792517
0.00733319
0.00669102
0.00594291
0.00553843
0.00491878
0.0043422
0.0040346
0.00353613
0.00307222
0.00242649
0.00211655
0.00205585
0.000793777
-0.0556457
-0.0622266
-0.065731
-0.0660851
-0.0641828
-0.0608309
-0.0563992
-0.0509931
-0.0446237
-0.0373519
-0.0295785
-0.0217463
-0.0144932
-0.00815425
-0.00292392
0.00107767
0.00420327
0.00633463
0.00766732
0.00828196
0.00859916
0.00860347
0.00818247
0.00789344
0.0072893
0.00686417
0.00634879
0.00568546
0.00536506
0.00479519
0.00425482
0.00398212
0.00349776
0.00305319
0.00240293
0.00208331
0.00206814
0.000810346
-0.044715
-0.0497857
-0.052588
-0.0530383
-0.0517755
-0.0494117
-0.0462456
-0.0423877
-0.0378189
-0.0325712
-0.0268488
-0.0207965
-0.0149239
-0.00951962
-0.00480525
-0.00110534
0.00187019
0.00405333
0.00554583
0.00635596
0.00699702
0.00730129
0.00713087
0.00705354
0.00661868
0.00634093
0.00595693
0.00537637
0.00513545
0.00463675
0.00413304
0.00389192
0.00343676
0.00302072
0.00235907
0.00201299
0.00206583
0.000808468
-0.0356777
-0.0395547
-0.0417643
-0.0422309
-0.0414163
-0.0397821
-0.0375572
-0.0348482
-0.0316307
-0.0278822
-0.0237141
-0.0191693
-0.0146626
-0.0103634
-0.00641309
-0.00317535
-0.000387689
0.00185887
0.00350221
0.00450656
0.00538769
0.00597324
0.00604995
0.00617811
0.00593049
0.00583229
0.00556238
0.0050882
0.00495226
0.00448717
0.00404391
0.0038503
0.00338898
0.00300715
0.00235944
0.00206988
0.00207093
0.000855364
-0.0284903
-0.0314573
-0.0331854
-0.0336136
-0.0330903
-0.0319675
-0.0304101
-0.0285193
-0.0262701
-0.0236324
-0.0206796
-0.0173625
-0.0139661
-0.0106002
-0.0073164
-0.00450381
-0.00197307
0.000207327
0.00187925
0.00293334
0.00391998
0.00469599
0.00494175
0.00523506
0.00513108
0.00515104
0.00503376
0.00463929
0.00457468
0.00421726
0.00380772
0.00365407
0.00325009
0.00288947
0.0022265
0.00164656
0.00197727
0.000785788
-0.0223501
-0.024595
-0.0259336
-0.0263106
-0.0259945
-0.0252409
-0.0241564
-0.0228372
-0.0212608
-0.0194008
-0.0173145
-0.0149019
-0.0123797
-0.00980553
-0.0071929
-0.00490169
-0.00276827
-0.000820967
0.000758961
0.0017883
0.00284591
0.00372182
0.00412257
0.00453519
0.00456615
0.00473854
0.00469903
0.00441623
0.00446017
0.00411851
0.00378139
0.00368301
0.00325657
0.00294598
0.00236074
0.0020468
0.00205024
0.000899232
-0.0177336
-0.019425
-0.0204426
-0.0207445
-0.0205481
-0.0200471
-0.0193038
-0.018411
-0.0173449
-0.0160797
-0.0146549
-0.012952
-0.0111432
-0.0092497
-0.00721578
-0.0053843
-0.00360257
-0.00187307
-0.000425729
0.000549355
0.00156914
0.00252551
0.00300712
0.00351783
0.00364915
0.00389649
0.00400211
0.0037881
0.0038807
0.00367716
0.00337307
0.00331432
0.00297068
0.00266851
0.00205589
0.00167842
0.00182504
0.000739001
-0.0132847
-0.0145849
-0.015376
-0.0156057
-0.0154706
-0.0151296
-0.014612
-0.0140023
-0.0132752
-0.0124033
-0.0114231
-0.0102137
-0.00892602
-0.00754895
-0.00600564
-0.00461122
-0.00321374
-0.00178104
-0.000536957
0.000289102
0.00124639
0.00214679
0.00265874
0.0031942
0.00339449
0.00372241
0.00387007
0.00374088
0.00393196
0.00372358
0.00347385
0.00348194
0.00310129
0.00284709
0.00233164
0.00187109
0.00194224
0.000901684
-0.0103378
-0.0113098
-0.0118917
-0.0120546
-0.0119714
-0.0117601
-0.0114169
-0.011021
-0.01055
-0.00999083
-0.00937117
-0.00856474
-0.00770451
-0.00675742
-0.00562525
-0.00460967
-0.00353379
-0.00233788
-0.0013094
-0.000623142
0.000212995
0.0011083
0.00161874
0.00216632
0.00241819
0.00276961
0.00302443
0.00294358
0.00314632
0.00309518
0.00288288
0.00291565
0.00262591
0.00238264
0.00184701
0.00135393
0.00149621
0.000661821
-0.00678907
-0.00754641
-0.00801543
-0.00814811
-0.00810428
-0.00798558
-0.00776308
-0.00751979
-0.0072215
-0.00685849
-0.00645353
-0.00589389
-0.0053085
-0.00466903
-0.00384816
-0.00314592
-0.00237725
-0.00143007
-0.000609861
-8.94568e-05
0.00059363
0.00137498
0.00180337
0.00232822
0.00257249
0.00291866
0.00320489
0.00312895
0.00343993
0.00333791
0.00314067
0.00326452
0.00290287
0.00269912
0.0022173
0.00154326
0.00165474
0.000835549
-0.00461828
-0.0052179
-0.00557902
-0.0056806
-0.00567903
-0.00564477
-0.00553374
-0.00542301
-0.00527244
-0.00509952
-0.00490451
-0.00460607
-0.00430298
-0.00393605
-0.00338712
-0.00292969
-0.00237326
-0.00166008
-0.00110746
-0.000691622
-0.000150324
0.000567437
0.000919765
0.00138859
0.00166109
0.00195511
0.00231835
0.00226055
0.00253706
0.00261801
0.00245011
0.00256877
0.00231222
0.00214732
0.00168028
0.00095573
0.00104591
0.000573723
-0.00168511
-0.00215683
-0.00245786
-0.00257578
-0.00262833
-0.00267648
-0.0026596
-0.00265563
-0.00260583
-0.0025468
-0.0024453
-0.00227426
-0.0020917
-0.00189848
-0.00154654
-0.00130692
-0.000924635
-0.000393985
1.00056e-05
0.000306013
0.000659828
0.00130203
0.00148995
0.00201518
0.00212977
0.00240213
0.00279182
0.00263039
0.00303537
0.00304126
0.00284137
0.00302207
0.0027392
0.00261098
0.00207929
0.00126648
0.00131974
0.000730703
0.000656205
0.000218687
-0.000123723
-0.000376607
-0.000558859
-0.000743547
-0.000893364
-0.00105442
-0.00118844
-0.0013085
-0.0013697
-0.00140073
-0.00132434
-0.00127992
-0.00111547
-0.000987952
-0.000821007
-0.000573897
-0.000277183
3.41281e-05
0.000172446
0.000721165
0.000807394
0.00134839
0.00146383
0.00163201
0.00216218
0.00190545
0.0023042
0.00250975
0.00221555
0.00245645
0.00239351
0.00225538
0.00180716
0.00108941
0.00112984
0.000701114
0.00210833
0.00182225
0.00155671
0.00131203
0.00111373
0.000942558
0.000788011
0.00064655
0.000522351
0.000403291
0.000331116
0.000251847
0.000244886
0.000253406
0.000305754
0.00041113
0.000514928
0.00061731
0.000756073
0.00103624
0.00116269
0.00143965
0.00159083
0.00187016
0.00209087
0.00219736
0.00251399
0.00250683
0.00271492
0.00282315
0.00270665
0.0028609
0.00265904
0.0024758
0.00237856
0.00165494
0.000958292
0.000589743
0.00266949
0.00242651
0.00219892
0.00198051
0.00177474
0.00157408
0.00138433
0.00120377
0.00104253
0.000891821
0.000766274
0.000656002
0.00058283
0.000524342
0.000492183
0.000499258
0.00051019
0.000568975
0.000642231
0.000804422
0.000887587
0.00107458
0.00121607
0.00140446
0.00162048
0.00169675
0.00197991
0.00201529
0.00215572
0.0023551
0.00222135
0.00236706
0.00233134
0.00201501
0.00187991
0.00136391
0.000684383
0.000325476
0.00324284
0.00303028
0.00281997
0.00261315
0.00241559
0.00222925
0.00205117
0.00188179
0.00172273
0.00157213
0.00143994
0.00131605
0.00121649
0.00115105
0.00110492
0.00109437
0.00110217
0.00111963
0.0011432
0.00124792
0.00135019
0.0014676
0.00159692
0.00172822
0.00191624
0.0020167
0.00219457
0.00231128
0.00237741
0.0025361
0.00249666
0.0024954
0.00248581
0.00219324
0.00196895
0.00154907
0.000824399
0.000336389
-0.0815281
-0.100456
-0.11965
-0.140224
-0.162197
-0.186167
-0.212036
-0.24077
-0.0750606
-0.090741
-0.10636
-0.12303
-0.139911
-0.157778
-0.175627
-0.196602
-0.0653456
-0.0774154
-0.0891989
-0.101586
-0.11438
-0.127835
-0.143011
-0.16141
-0.0582145
-0.0677297
-0.0771844
-0.0869096
-0.0975837
-0.108803
-0.121577
-0.135997
-0.0511012
-0.0586684
-0.06631
-0.0740825
-0.0825286
-0.0910803
-0.100566
-0.11166
-0.0450409
-0.0508603
-0.0567117
-0.0625359
-0.0687737
-0.0751837
-0.0825519
-0.0914522
-0.0392687
-0.0436442
-0.0480549
-0.0524771
-0.0572709
-0.062295
-0.0680507
-0.0749491
-0.0340906
-0.0373554
-0.040656
-0.0439994
-0.0476142
-0.0513855
-0.0556871
-0.0609633
-0.0294707
-0.0318329
-0.0342015
-0.0366261
-0.0392656
-0.0420589
-0.0453078
-0.0493972
-0.0252576
-0.0269327
-0.0285928
-0.0303288
-0.0322599
-0.0343474
-0.0368049
-0.0399469
-0.0214087
-0.0225972
-0.0237506
-0.024973
-0.0263547
-0.0278704
-0.0296817
-0.0320596
-0.0179493
-0.0187994
-0.0195958
-0.0204496
-0.0214358
-0.0225431
-0.0238978
-0.0257216
-0.0147758
-0.0153884
-0.0159304
-0.0164979
-0.0171623
-0.0179312
-0.0189049
-0.0202637
-0.0120264
-0.0124565
-0.0128208
-0.0132334
-0.0137509
-0.0143562
-0.0151082
-0.0161478
-0.00928492
-0.00962047
-0.00990204
-0.0101901
-0.0105177
-0.0108846
-0.0113628
-0.0120955
-0.00714295
-0.00734025
-0.00749211
-0.00769807
-0.00799149
-0.00834751
-0.00879152
-0.00940422
-0.00460004
-0.00479981
-0.00496375
-0.00513431
-0.00532381
-0.00551647
-0.00574889
-0.00612389
-0.00267321
-0.00277478
-0.00285792
-0.0029916
-0.00318469
-0.00340621
-0.00367348
-0.00404291
-0.000165038
-0.000281715
-0.000397091
-0.00054557
-0.000712894
-0.00087087
-0.00103526
-0.00127348
0.00263326
0.00239724
0.00218413
0.00197817
0.00177037
0.00154974
0.00131563
0.00103683
0.00338587
0.0032246
0.00307607
0.00293327
0.00279258
0.00264774
0.00249938
0.0023337
0.00409206
0.00391364
0.00374039
0.00357024
0.00340035
0.00322845
0.00305616
0.00288293
0.00441159
0.00425786
0.00410803
0.0039638
0.00382508
0.00368918
0.00355404
0.0034171
0.105667
0.111895
0.118369
0.124503
0.129354
0.132679
0.134397
0.134095
0.130944
0.123728
0.110769
0.0897127
0.0567402
0.00888898
-0.0338851
0.0842323
0.0883439
0.0913127
0.0933873
0.0943764
0.0939169
0.091564
0.0866454
0.0781933
0.0648965
0.0449632
0.0160612
-0.0255592
-0.0835116
-0.131119
0.0612543
0.0634053
0.063135
0.0616712
0.0592559
0.0553629
0.0492835
0.0402039
0.0270949
0.00857687
-0.017278
-0.0528714
-0.100915
-0.167143
-0.213337
0.0364299
0.0363878
0.0335811
0.0296295
0.0246486
0.0179325
0.00869595
-0.00388056
-0.0208252
-0.0434998
-0.0739514
-0.114762
-0.167937
-0.234502
-0.278697
0.0104213
0.00818367
0.00361905
-0.00193825
-0.00876294
-0.0176644
-0.0293417
-0.0445684
-0.064334
-0.0899207
-0.123327
-0.167207
-0.222129
-0.285585
-0.325894
-0.0153785
-0.0197247
-0.0255226
-0.0321765
-0.0403856
-0.0508962
-0.0642233
-0.0811508
-0.102591
-0.129811
-0.164593
-0.20875
-0.262282
-0.319947
-0.354945
-0.0404043
-0.0465011
-0.0528895
-0.0603921
-0.0696701
-0.0812402
-0.0955717
-0.113299
-0.135296
-0.162696
-0.196892
-0.239039
-0.288275
-0.337385
-0.367344
-0.0655764
-0.0714766
-0.0783379
-0.0865651
-0.0965537
-0.108643
-0.123233
-0.140899
-0.162402
-0.188654
-0.220649
-0.258816
-0.300975
-0.339353
-0.365483
0.209582
0.225079
0.242074
0.260933
0.281559
0.30395
0.328037
0.353764
0.381038
0.409613
0.438945
0.467969
0.494839
0.516042
0.533741
0.210967
0.226242
0.242937
0.261416
0.281876
0.30413
0.328032
0.353492
0.380413
0.408546
0.437329
0.46566
0.49164
0.511757
0.528378
0.208448
0.222677
0.238396
0.256149
0.275878
0.297269
0.320067
0.344139
0.369363
0.395448
0.421757
0.447102
0.469456
0.48542
0.498049
0.201907
0.214347
0.228596
0.245069
0.263435
0.283161
0.303915
0.325556
0.347919
0.370601
0.392804
0.413172
0.429428
0.438334
0.444526
0.190687
0.200844
0.213387
0.228507
0.245229
0.262691
0.280555
0.298746
0.31709
0.335067
0.351694
0.365389
0.373547
0.37288
0.370909
0.175317
0.182716
0.193551
0.207073
0.221674
0.236354
0.250799
0.264923
0.278457
0.290734
0.300589
0.306233
0.304736
0.292651
0.280526
0.155578
0.161121
0.170656
0.182181
0.193854
0.204973
0.215399
0.224976
0.233221
0.239244
0.241672
0.238496
0.226498
0.20215
0.17878
0.131547
0.13618
0.145169
0.154634
0.163065
0.17023
0.176232
0.180847
0.183395
0.18279
0.177466
0.165184
0.142412
0.105775
0.0715714
0.0236093
0.0249528
0.023814
0.0271219
0.0255146
0.030427
0.0289823
0.0340338
0.0345125
0.0396854
0.0416817
0.0474426
0.0515846
0.0587633
0.0651284
0.0741822
0.0833991
0.0953287
0.108352
0.124359
0.142308
0.163729
0.187895
0.0236304
0.0249699
0.0238186
0.0271368
0.025612
0.0303961
0.0290751
0.0340247
0.0346148
0.039678
0.0418186
0.0472406
0.0516669
0.0588398
0.0652976
0.0744138
0.083736
0.0958151
0.108943
0.125181
0.143233
0.164977
0.189289
0.0236508
0.0249742
0.023837
0.027122
0.0257273
0.0303292
0.0291974
0.0339891
0.0347509
0.0396601
0.0420176
0.0478644
0.0518498
0.058922
0.0654684
0.0745895
0.0839643
0.0961345
0.109132
0.125428
0.142943
0.164461
0.187919
0.0236697
0.0249683
0.0238682
0.0270816
0.0258582
0.0302305
0.0293403
0.03394
0.034919
0.0396395
0.0422088
0.0478057
0.0519889
0.058965
0.0655909
0.0746686
0.0839871
0.0962163
0.108885
0.12523
0.142021
0.163047
0.184132
0.0236859
0.0249553
0.0239102
0.0270196
0.0260008
0.0301084
0.0295034
0.0338732
0.0350805
0.0395976
0.0424225
0.0478699
0.0522206
0.0590296
0.065733
0.0747526
0.0839688
0.0959787
0.108026
0.123584
0.138455
0.15807
0.17587
0.0236988
0.024938
0.0239605
0.0269425
0.026145
0.029962
0.0296793
0.0338332
0.035294
0.039613
0.0426192
0.0478622
0.0523563
0.0591359
0.0658621
0.0748622
0.08402
0.0959755
0.107704
0.123005
0.136761
0.15454
0.166969
0.0237079
0.0249209
0.0240152
0.0268524
0.0262941
0.0298186
0.0298481
0.0337444
0.0354206
0.0395432
0.0428237
0.0479917
0.0526844
0.0591855
0.0659549
0.074619
0.0835412
0.0946601
0.105346
0.118536
0.129453
0.144576
0.152112
0.02371
0.0249038
0.0240809
0.026758
0.026405
0.0296692
0.0300775
0.0338036
0.0357252
0.0397049
0.0431037
0.048101
0.0528212
0.0595285
0.0664124
0.075417
0.0843119
0.095598
0.10553
0.118141
0.127213
0.137165
0.133675
0.0236998
0.0248656
0.0241232
0.0266183
0.0266182
0.0294376
0.0301887
0.0334614
0.0356218
0.0393814
0.0431682
0.0484546
0.0534692
0.0590412
0.0658526
0.0732713
0.081703
0.0903173
0.0990427
0.106154
0.110262
0.109123
0.104723
0.0236742
0.024812
0.0241966
0.0264084
0.0267429
0.0289709
0.0302483
0.0330186
0.0354494
0.0386465
0.042348
0.0458307
0.0506352
0.0560905
0.0621676
0.0683686
0.075398
0.0816864
0.0878968
0.0916763
0.0941088
0.092118
0.0861951
0.0236464
0.0247373
0.0242602
0.026129
0.0268876
0.0284577
0.0302917
0.0324822
0.0350876
0.0378122
0.0413907
0.0452698
0.0495406
0.0536818
0.0588664
0.0637425
0.0690706
0.0734031
0.0769963
0.0782132
0.0774615
0.0734341
0.0671085
0.0236099
0.024632
0.0243092
0.0258205
0.0270193
0.0279063
0.0302097
0.031929
0.0345437
0.036934
0.0401709
0.0426901
0.0467759
0.0505357
0.0546047
0.0582622
0.0618901
0.0644428
0.0658543
0.0650878
0.0624029
0.0577443
0.0516162
0.0235614
0.0245013
0.0243368
0.0254765
0.0270857
0.027367
0.0299971
0.0313659
0.0337665
0.0359239
0.0386778
0.0408581
0.0441324
0.0471431
0.0500884
0.0524691
0.0546086
0.0555384
0.0552524
0.053058
0.049365
0.0441202
0.0378373
0.0234945
0.0243487
0.0243254
0.0251195
0.0270598
0.0268341
0.0296098
0.0307667
0.0327781
0.0347832
0.0369814
0.0385557
0.0411167
0.0433853
0.0452055
0.0463584
0.0472523
0.0469207
0.0454019
0.0423474
0.038202
0.033209
0.0280611
0.0234031
0.0241779
0.0242608
0.024748
0.0269116
0.0263133
0.0290452
0.0301081
0.0315915
0.0334217
0.0350924
0.0360223
0.0379228
0.0394508
0.0402177
0.0402723
0.0401529
0.0389645
0.0366259
0.0330078
0.0285782
0.0235731
0.0184283
0.0232798
0.0239885
0.0241287
0.0243646
0.0266275
0.0257929
0.0283015
0.0293494
0.0302661
0.0318341
0.0330578
0.0332848
0.034473
0.0354138
0.0352928
0.034402
0.0335052
0.0318006
0.0289785
0.0250723
0.0206078
0.0157682
0.0108564
0.0231176
0.0237795
0.0239237
0.0239622
0.0261973
0.0252551
0.0274079
0.0284607
0.0288312
0.0300246
0.0308722
0.0304586
0.0309386
0.0313734
0.0305992
0.0289697
0.0275007
0.0255355
0.0225282
0.0185686
0.0142658
0.00979923
0.00517847
0.0229113
0.0235463
0.0236411
0.0235321
0.0256272
0.0246733
0.0263877
0.0274113
0.0273038
0.0280732
0.028576
0.027638
0.0274412
0.0274413
0.0262397
0.0241022
0.0222337
0.0201819
0.0172247
0.0133922
0.00935631
0.00535091
0.00115635
0.0226578
0.0232817
0.0232823
0.0230584
0.0249375
0.0240238
0.025274
0.0261377
0.0256915
0.0260554
0.0262231
0.0248797
0.0241425
0.0237889
0.0223296
0.0198894
0.0177719
0.0157357
0.0129606
0.00938507
0.00568821
0.00216722
-0.00150577
0.0223528
0.0229804
0.0228548
0.0225266
0.0241428
0.0232925
0.0241099
0.0247777
0.0240306
0.0240369
0.0238813
0.0222335
0.0211266
0.0205317
0.018939
0.0163842
0.014181
0.0122363
0.00970172
0.00644374
0.00312887
8.43278e-05
-0.00307658
0.0219985
0.0226284
0.0223616
0.0219291
0.0232898
0.0224687
0.0229078
0.0233623
0.0223591
0.0220973
0.0216795
0.0198207
0.0184375
0.0176841
0.0160255
0.0134749
0.0113088
0.00951945
0.00726104
0.00437481
0.00148898
-0.00106717
-0.00369165
0.0216016
0.0222386
0.0218001
0.0212456
0.0223805
0.0216012
0.0216962
0.0218296
0.0206939
0.0202589
0.0196428
0.0176582
0.0162001
0.0154013
0.0137736
0.0113224
0.00927791
0.00766383
0.00565316
0.00309336
0.000583568
-0.0015673
-0.00377122
0.0211566
0.0217864
0.0212012
0.0205197
0.0214692
0.0206946
0.0204917
0.0203755
0.0191449
0.0186178
0.0178405
0.0157778
0.0142882
0.0135172
0.0119686
0.00968512
0.00784912
0.00646548
0.00473296
0.00252354
0.000419994
-0.00131023
-0.00308804
0.0206993
0.0212988
0.0205145
0.0197346
0.0205846
0.0197954
0.0193094
0.0190057
0.017767
0.0172478
0.0163611
0.0142917
0.0128803
0.0122175
0.0107977
0.00869696
0.00704086
0.00581603
0.00426013
0.0022973
0.000487745
-0.000947659
-0.00242931
0.0202126
0.0207682
0.0198318
0.0189801
0.0197398
0.0189718
0.0181985
0.0176789
0.0165835
0.0161032
0.0150924
0.0130493
0.0118016
0.0112942
0.0100819
0.00827523
0.00690343
0.00589957
0.00457203
0.00290397
0.00142086
0.000271817
-0.000958001
0.0197449
0.0201682
0.0191401
0.0182938
0.0189634
0.0181422
0.0171967
0.0166064
0.0156508
0.0152681
0.0141967
0.0122807
0.0112214
0.0108255
0.00975526
0.00821741
0.00708441
0.00619748
0.00497259
0.00350027
0.00225631
0.00129809
0.000235264
0.0193078
0.0196122
0.0184616
0.017761
0.0183067
0.0174505
0.016323
0.0155222
0.0149597
0.0146133
0.0134614
0.0117678
0.0110353
0.0108026
0.00997031
0.00879636
0.00794234
0.00721522
0.0061882
0.00500596
0.00402872
0.00322585
0.00227431
0.0188836
0.0190312
0.017998
0.0172044
0.0176426
0.0171208
0.0157844
0.0150275
0.0146956
0.0141709
0.0131574
0.0119583
0.0112232
0.0109372
0.0104351
0.00954669
0.00865329
0.00796474
0.00731187
0.00658951
0.00585536
0.00517476
0.00446688
0.0183605
0.0184811
0.0178014
0.016692
0.0166564
0.0164714
0.0153636
0.0143304
0.0138774
0.0134968
0.0127024
0.0115861
0.0105868
0.0100383
0.00966117
0.00907111
0.00831779
0.0076647
0.0071562
0.00668751
0.00619195
0.00571535
0.00528118
0.0179954
0.0181167
0.017444
0.0162775
0.0161353
0.0160672
0.0151449
0.0140308
0.0135127
0.0132442
0.0126055
0.0115897
0.0106779
0.0101188
0.00972939
0.00926893
0.00868488
0.00808697
0.00755136
0.00708553
0.00665769
0.00625056
0.00585045
0.0177831
0.017742
0.0173476
0.0163559
0.0157211
0.0154603
0.0149085
0.014012
0.0132723
0.0127805
0.0122407
0.0114954
0.0106531
0.00993739
0.00941578
0.00897693
0.00850088
0.00799962
0.00753391
0.00713383
0.00677954
0.0064533
0.00615106
0.0968218
0.0784489
0.0542933
0.0310504
0.00782997
-0.0160047
-0.0396786
-0.0613217
0.0788432
0.0593893
0.0343816
0.0132725
-0.0051832
-0.0235863
-0.0418045
-0.0589912
0.0612004
0.0459858
0.0246845
0.00606071
-0.00949878
-0.0238892
-0.0381855
-0.0522461
0.0465119
0.0341736
0.0153257
-0.00162202
-0.0153331
-0.026849
-0.0376975
-0.0481915
0.0334077
0.0233715
0.00761048
-0.00698618
-0.0183514
-0.0271214
-0.0352282
-0.0431912
0.0233217
0.0149663
0.00192349
-0.0105232
-0.0199673
-0.0268217
-0.0329639
-0.0390207
0.0145279
0.00796499
-0.00249956
-0.0128035
-0.0205084
-0.0258219
-0.0303741
-0.0348049
0.00735491
0.00234565
-0.0056026
-0.0137082
-0.0198423
-0.0240095
-0.0274491
-0.0307566
0.00164403
-0.0023496
-0.00799205
-0.0137279
-0.0183055
-0.0216533
-0.0244224
-0.0269857
-0.00234163
-0.00568384
-0.00950994
-0.0132596
-0.0164952
-0.01914
-0.0214039
-0.023416
-0.00472941
-0.00747995
-0.0100596
-0.0124475
-0.0146484
-0.0166469
-0.0184541
-0.0200364
-0.00595063
-0.00818499
-0.00990153
-0.01137
-0.0128167
-0.0142753
-0.0156772
-0.0169121
-0.00613602
-0.00793089
-0.00910293
-0.0100039
-0.0109321
-0.0119657
-0.0130352
-0.013997
-0.00588505
-0.00733723
-0.00810202
-0.00858994
-0.00914636
-0.00986746
-0.0106737
-0.0114208
-0.00484073
-0.00603031
-0.0065993
-0.00688555
-0.00720313
-0.00767787
-0.00827135
-0.00884109
-0.00392985
-0.00489399
-0.00525799
-0.005366
-0.00553134
-0.0058721
-0.00633827
-0.00679539
-0.0022446
-0.00308235
-0.00339345
-0.00342795
-0.00346592
-0.00365424
-0.00398223
-0.00432912
-0.000890618
-0.0015903
-0.00180077
-0.00177371
-0.00177161
-0.00191796
-0.00218837
-0.00246982
0.00128663
0.000703117
0.000553343
0.000600609
0.00061446
0.000490076
0.000255849
1.38441e-05
0.00381943
0.00343295
0.00330617
0.00331566
0.00333029
0.00326102
0.00309417
0.00286854
0.00491445
0.00462967
0.00438571
0.0041852
0.00402331
0.00387951
0.00372998
0.003562
0.00552266
0.00529296
0.00510494
0.00493826
0.00477901
0.00461744
0.00444842
0.00427184
0.00590657
0.0057031
0.00549152
0.00528181
0.00508225
0.00489778
0.00472799
0.00456766
-0.288597
-0.293093
-0.301961
-0.315064
-0.332445
-0.354584
-0.381714
-0.410135
-0.286468
-0.290883
-0.298693
-0.309913
-0.324795
-0.343497
-0.365727
-0.38973
-0.28166
-0.286017
-0.29367
-0.303983
-0.317215
-0.333642
-0.351634
-0.367483
-0.276305
-0.280742
-0.288247
-0.297687
-0.308796
-0.320901
-0.331768
-0.338097
-0.272599
-0.276754
-0.283472
-0.290983
-0.298382
-0.304695
-0.308243
-0.306892
-0.272304
-0.275148
-0.279739
-0.283857
-0.286581
-0.287339
-0.285063
-0.27828
-0.275749
-0.276084
-0.277017
-0.276627
-0.274555
-0.270633
-0.263994
-0.253379
-0.282393
-0.278834
-0.274868
-0.269469
-0.262991
-0.25528
-0.245347
-0.231988
-0.290766
-0.28213
-0.272581
-0.262304
-0.252142
-0.241341
-0.228926
-0.213545
-0.299062
-0.284651
-0.269421
-0.255127
-0.241911
-0.228688
-0.214385
-0.197566
-0.30612
-0.285185
-0.265119
-0.247772
-0.232129
-0.217092
-0.201381
-0.183625
-0.309745
-0.283162
-0.259605
-0.240147
-0.222645
-0.206303
-0.189618
-0.171357
-0.31049
-0.278566
-0.253102
-0.232053
-0.213217
-0.196088
-0.178827
-0.160508
-0.305397
-0.271208
-0.245516
-0.223314
-0.204065
-0.186382
-0.16896
-0.150875
-0.296466
-0.26348
-0.237174
-0.214747
-0.195114
-0.17684
-0.159459
-0.14192
-0.233234
-0.246514
-0.261753
-0.274819
-0.283384
-0.287363
-0.288139
-0.287736
-0.238872
-0.25054
-0.263541
-0.274139
-0.280756
-0.283717
-0.28456
-0.284901
-0.244849
-0.255877
-0.26772
-0.276792
-0.281453
-0.282298
-0.281377
-0.280591
-0.253951
-0.264769
-0.275756
-0.283206
-0.285412
-0.283069
-0.278952
-0.275933
-0.266065
-0.276971
-0.287253
-0.293089
-0.292655
-0.286712
-0.278804
-0.273125
-0.280549
-0.291804
-0.301534
-0.305851
-0.302913
-0.29354
-0.281975
-0.273801
-0.296897
-0.308727
-0.318043
-0.320953
-0.315742
-0.303381
-0.28888
-0.278938
-0.314628
-0.327215
-0.336246
-0.337867
-0.330683
-0.315983
-0.299412
-0.288046
-0.333287
-0.346761
-0.355622
-0.356092
-0.347014
-0.330312
-0.312828
-0.300003
-0.352412
-0.366865
-0.375618
-0.375205
-0.365046
-0.347056
-0.328435
-0.312742
-0.371492
-0.387022
-0.39571
-0.394024
-0.381952
-0.363137
-0.344242
-0.325554
-0.389985
-0.406636
-0.415625
-0.413955
-0.401744
-0.382223
-0.360015
-0.33573
-0.407492
-0.425123
-0.43357
-0.430432
-0.4163
-0.397093
-0.373178
-0.343528
-0.423881
-0.442138
-0.452408
-0.449561
-0.434622
-0.413319
-0.385338
-0.348365
-0.439033
-0.457223
-0.464815
-0.461444
-0.446149
-0.423689
-0.392731
-0.350113
-0.459301
-0.479882
-0.490708
-0.483584
-0.461457
-0.432366
-0.39581
-0.353071
-0.465696
-0.485969
-0.497406
-0.49579
-0.48061
-0.452514
-0.417895
-0.367112
-0.452787
-0.474868
-0.48664
-0.487982
-0.478514
-0.454757
-0.424979
-0.375477
-0.418797
-0.438112
-0.453017
-0.457464
-0.453163
-0.433567
-0.410461
-0.367847
-0.357259
-0.374988
-0.391567
-0.401631
-0.40334
-0.391041
-0.375599
-0.346205
-0.275368
-0.291837
-0.309938
-0.323785
-0.330761
-0.327004
-0.321
-0.308601
-0.176398
-0.19447
-0.216117
-0.234702
-0.247018
-0.250974
-0.253094
-0.256883
-0.0660603
-0.0852314
-0.110057
-0.135046
-0.157649
-0.17247
-0.182197
-0.197516
0.0255599
0.00578672
-0.0204166
-0.0482307
-0.0756064
-0.0992843
-0.117268
-0.138579
0.0806798
0.062494
0.0378532
0.010996
-0.0154377
-0.0398217
-0.059352
-0.0852498
0.0981468
0.0831827
0.0627729
0.0408017
0.0195686
-0.000343858
-0.0169413
-0.0402474
0.0946461
0.0832906
0.0685688
0.0526927
0.0372202
0.0225404
0.00966124
-0.00828934
0.0818497
0.0737436
0.0639351
0.0536862
0.0433225
0.0332016
0.0233867
0.0107133
0.0681862
0.0628479
0.0565547
0.0500701
0.043545
0.0369087
0.030221
0.0215049
0.0555023
0.0519749
0.0480533
0.0440522
0.0399558
0.0356841
0.0312327
0.0253268
0.0457906
0.0434231
0.040828
0.0382126
0.0355875
0.0327665
0.0301143
0.0260789
0.0371851
0.035699
0.034137
0.0324993
0.0307923
0.0288762
0.0271479
0.0246563
0.0310114
0.0298727
0.028708
0.0275565
0.0264191
0.0251165
0.023938
0.0223688
0.0253708
0.0247392
0.0240738
0.0233508
0.0226081
0.0217614
0.0209716
0.020043
0.0213284
0.0207623
0.0202065
0.0196548
0.019106
0.0184984
0.0179195
0.017302
0.0179154
0.0175705
0.0172234
0.0168631
0.0165014
0.0161048
0.0157017
0.0153089
0.0150225
0.0147612
0.0145006
0.0142273
0.0139516
0.0136645
0.0133877
0.0131333
0.0131133
0.012848
0.0125934
0.0123473
0.0121048
0.0118567
0.0116128
0.0114025
0.0110976
0.0109672
0.010838
0.0107032
0.0105674
0.0104271
0.0102897
0.0101611
0.00953442
0.00936854
0.00920866
0.00905556
0.00891053
0.00877242
0.00864839
0.00854853
0.00841051
0.00831239
0.00821533
0.00811688
0.00801645
0.00791343
0.00781334
0.00771498
0.00714814
0.00709351
0.00704165
0.00699114
0.00694096
0.00688849
0.00684241
0.00679114
0.00620969
0.00611294
0.0060196
0.0059318
0.00585183
0.00578071
0.00572139
0.00568072
0.00563616
0.00560376
0.0055715
0.00553668
0.00549812
0.00545662
0.00541454
0.0053561
0.00481975
0.00480593
0.00479284
0.00477979
0.0047647
0.00474729
0.00473496
0.00470726
0.004199
0.00412924
0.00406324
0.00400416
0.00395412
0.00391333
0.00388495
0.0038778
0.00394386
0.00392408
0.00390437
0.00388329
0.00386126
0.0038395
0.00381561
0.00378196
0.00339606
0.00340633
0.00341652
0.00342438
0.00342809
0.00342947
0.0034297
0.0034059
0.00288064
0.00287081
0.00286198
0.00285459
0.00284747
0.00284106
0.00284025
0.00283685
0.00230841
0.00225836
0.00221156
0.00217056
0.00213736
0.00211246
0.00209832
0.00210474
0.00227136
0.00226992
0.00226881
0.00226786
0.00226756
0.00226794
0.00226761
0.00226385
0.0020886
0.00214929
0.0022061
0.0022558
0.002297
0.00232864
0.00234411
0.00233013
0.00062855
0.000612667
0.000599511
0.000589641
0.000584243
0.000586335
0.000598411
0.000617211
-0.315647
-0.262742
-0.221913
-0.186631
-0.15525
-0.129455
-0.107461
-0.0890616
-0.0736203
-0.0607275
-0.049974
-0.0410118
-0.0336258
-0.0274435
-0.0223708
-0.0181675
-0.0146253
-0.0112713
-0.0092002
-0.00404272
-0.00236678
-0.00101402
-0.000463405
-0.33833
-0.285972
-0.243725
-0.20475
-0.17057
-0.142064
-0.117649
-0.0974306
-0.0803596
-0.0661163
-0.0542725
-0.0444051
-0.0363052
-0.0295284
-0.0240005
-0.019401
-0.0156527
-0.0119817
-0.00990925
-0.0047125
-0.00285532
-0.00133374
-0.000748442
-0.339724
-0.288403
-0.247339
-0.209008
-0.175394
-0.146653
-0.121899
-0.101168
-0.0836016
-0.0688834
-0.0565981
-0.0463279
-0.0378663
-0.0307878
-0.0249972
-0.0201558
-0.0162697
-0.0124392
-0.0102559
-0.00521139
-0.00326265
-0.00164422
-0.00103414
-0.329735
-0.27891
-0.239321
-0.203125
-0.171737
-0.144447
-0.120851
-0.100812
-0.0837011
-0.0692601
-0.0571148
-0.0468966
-0.0384228
-0.0313054
-0.02546
-0.0205158
-0.0165845
-0.0126725
-0.0103451
-0.00552991
-0.00358268
-0.00193543
-0.00131303
-0.310682
-0.261718
-0.225389
-0.192109
-0.16341
-0.138395
-0.116641
-0.0979342
-0.0818145
-0.0680843
-0.0564305
-0.0465455
-0.0382803
-0.0312962
-0.0255368
-0.0205899
-0.0166911
-0.0127521
-0.01035
-0.00575039
-0.00383409
-0.00220344
-0.00157988
-0.280482
-0.237148
-0.206675
-0.177381
-0.15209
-0.129953
-0.110489
-0.0935098
-0.078709
-0.0659545
-0.0550014
-0.0456119
-0.0376788
-0.0309159
-0.0253144
-0.0204106
-0.0165865
-0.0126541
-0.0102447
-0.00589114
-0.00407049
-0.00244857
-0.00183827
-0.238431
-0.204898
-0.182825
-0.158655
-0.13795
-0.119416
-0.102729
-0.0878578
-0.07469
-0.0631513
-0.0530831
-0.0443336
-0.0368383
-0.0303701
-0.0249792
-0.0201608
-0.0164346
-0.0125224
-0.0101356
-0.00599952
-0.00429289
-0.0026638
-0.00208817
-0.188474
-0.166342
-0.153818
-0.135855
-0.120927
-0.106684
-0.093268
-0.0809109
-0.0696949
-0.0596177
-0.0506274
-0.0426644
-0.0357205
-0.0296271
-0.0245096
-0.0198296
-0.0162293
-0.0123631
-0.0100138
-0.00607755
-0.0045018
-0.00285229
-0.00232067
-0.136665
-0.125192
-0.121438
-0.110062
-0.101568
-0.0918967
-0.0821206
-0.0726619
-0.0636996
-0.055329
-0.047605
-0.0405845
-0.034312
-0.0286789
-0.0239034
-0.0194175
-0.015987
-0.0121927
-0.00991711
-0.00613042
-0.00468277
-0.00302524
-0.00252914
-0.0880228
-0.0861394
-0.0888715
-0.0835424
-0.0811311
-0.0756555
-0.0696076
-0.0632827
-0.0567857
-0.0502825
-0.0439849
-0.0380562
-0.0325691
-0.0274829
-0.0231177
-0.0188743
-0.0156501
-0.0119434
-0.00976199
-0.00614628
-0.00482891
-0.00317368
-0.0027091
-0.046558
-0.0518952
-0.0587655
-0.0586203
-0.0610161
-0.0590343
-0.0564814
-0.0532022
-0.0490948
-0.0444865
-0.0397298
-0.0350007
-0.0303962
-0.0259511
-0.022072
-0.0181288
-0.0151715
-0.0115953
-0.00957206
-0.00613869
-0.0049392
-0.00329641
-0.00286502
-0.0160623
-0.0247301
-0.0334943
-0.0370567
-0.0425581
-0.0433358
-0.0438799
-0.0431401
-0.0410981
-0.0383144
-0.0351013
-0.0315773
-0.0279211
-0.0241816
-0.0208493
-0.0172554
-0.0146046
-0.0111928
-0.00933104
-0.00607138
-0.0049878
-0.0033806
-0.0029859
0.00297174
-0.00621908
-0.0149275
-0.0202594
-0.0269226
-0.0295793
-0.0324364
-0.0334528
-0.0331383
-0.0320044
-0.0301902
-0.0278024
-0.0251019
-0.0221029
-0.0193562
-0.0161548
-0.0138657
-0.0106437
-0.00902461
-0.00600371
-0.00500148
-0.0034399
-0.00307187
0.0146281
0.00565321
-0.00244934
-0.00828884
-0.0150471
-0.0185963
-0.0226673
-0.0246779
-0.0256884
-0.0258879
-0.0252238
-0.0238496
-0.0220534
-0.0197738
-0.0176312
-0.0148553
-0.0129438
-0.00998065
-0.00857509
-0.00581926
-0.00498565
-0.00344709
-0.00313736
0.0201308
0.0123809
0.0055086
-0.000208182
-0.00650492
-0.0103692
-0.01483
-0.0173558
-0.0192348
-0.0203522
-0.0205612
-0.0200551
-0.0190548
-0.0174439
-0.015895
-0.013571
-0.0120512
-0.00935375
-0.00818245
-0.00560139
-0.00488556
-0.0034124
-0.0031592
0.0222605
0.0157334
0.0103947
0.00525837
-0.000323176
-0.00413415
-0.00856105
-0.0112993
-0.0137109
-0.0153597
-0.0161897
-0.0163717
-0.0160349
-0.0150087
-0.0140111
-0.0121133
-0.0109744
-0.00857434
-0.00761852
-0.00530632
-0.00478562
-0.00333726
-0.00314627
0.0217984
0.0167868
0.0127175
0.00837744
0.00375973
0.000226982
-0.00384281
-0.00655862
-0.00919947
-0.0110716
-0.0122989
-0.0129695
-0.0131388
-0.0126038
-0.0120845
-0.0105782
-0.0098139
-0.0077394
-0.00704242
-0.00492479
-0.00459943
-0.00320421
-0.00309291
0.0203008
0.0164616
0.0134407
0.00978938
0.00610065
0.00301198
-0.000572847
-0.00312468
-0.00578941
-0.00772412
-0.00918681
-0.0101772
-0.0107247
-0.0105822
-0.0104779
-0.00932313
-0.0088999
-0.00708238
-0.0066091
-0.00453772
-0.00431473
-0.00303241
-0.00297171
0.0184047
0.0156106
0.0132612
0.0103133
0.0074104
0.00479095
0.00178031
-0.000515001
-0.00301824
-0.00489434
-0.00645028
-0.00760404
-0.00840196
-0.0085404
-0.0087598
-0.0079085
-0.00779056
-0.00619579
-0.00599605
-0.00417329
-0.00402154
-0.00282812
-0.00280119
0.0162183
0.0141737
0.0124551
0.0101694
0.00797427
0.00582341
0.00339066
0.00141845
-0.000792874
-0.00251704
-0.00404874
-0.0052604
-0.00620146
-0.00653431
-0.00700885
-0.00639199
-0.00657557
-0.00519566
-0.00525483
-0.00370664
-0.003761
-0.00261914
-0.00262565
0.0143795
0.0128685
0.0115378
0.00975882
0.00809106
0.00634144
0.00437801
0.00271154
0.000811107
-0.000723327
-0.00217558
-0.0033531
-0.0043785
-0.00481077
-0.00547299
-0.00503598
-0.00542298
-0.00429323
-0.00449721
-0.00312306
-0.0034025
-0.00230337
-0.0024176
0.012488
0.0114133
0.0103812
0.00903608
0.00774679
0.00632908
0.0047678
0.00335265
0.00175983
0.000410016
-0.000905565
-0.00201981
-0.00304195
-0.00354544
-0.00432796
-0.00403522
-0.00462818
-0.00361522
-0.00404125
-0.00271522
-0.00298345
-0.00200825
-0.00214331
0.0109441
0.0101098
0.00935199
0.00831381
0.00733997
0.00621845
0.00498613
0.00382926
0.00251034
0.00135247
0.000184692
-0.000809406
-0.00181681
-0.00229965
-0.00316597
-0.00294707
-0.00364621
-0.00278538
-0.00332106
-0.00212385
-0.00258167
-0.00163714
-0.00184438
0.00971573
0.00911498
0.00848159
0.00770136
0.00692373
0.00603088
0.00506557
0.00411625
0.003053
0.00207514
0.00107862
0.000199367
-0.000718366
-0.0011934
-0.00206684
-0.00193506
-0.00276891
-0.00202799
-0.00280437
-0.00172715
-0.00214518
-0.00130658
-0.00152195
0.00832023
0.00787117
0.00741726
0.00684569
0.00625184
0.00556222
0.00481173
0.00404815
0.00319764
0.00238
0.00154805
0.000789552
-4.58673e-05
-0.000453217
-0.00133208
-0.00117892
-0.00204776
-0.0013292
-0.00208096
-0.00102715
-0.00171354
-0.000911998
-0.00119415
0.00749331
0.0071386
0.00678651
0.00634065
0.00588032
0.00534611
0.00476189
0.00414989
0.00347321
0.00280227
0.0020995
0.00147833
0.000715017
0.000380232
-0.000472172
-0.000352014
-0.00126498
-0.000674922
-0.0015672
-0.000608487
-0.0012699
-0.000512989
-0.000845472
0.00656462
0.0063083
0.0060024
0.00565351
0.00527781
0.00485158
0.00438779
0.00389436
0.00335236
0.00280143
0.00223357
0.00169134
0.00104676
0.000748331
-5.46094e-05
9.5447e-05
-0.000841284
-0.000184318
-0.0010457
-0.000122602
-0.000876947
-0.000186087
-0.000508465
0.00563111
0.00544663
0.00525552
0.00502189
0.00475453
0.00444438
0.00409645
0.00371746
0.00330081
0.00285812
0.00240474
0.00198714
0.00141678
0.0012344
0.000489316
0.000694067
-0.000180049
0.000420146
-0.000490876
0.00040891
-0.000475977
0.000248302
-0.000177456
0.00524349
0.00507686
0.00491938
0.00472187
0.00450935
0.00426699
0.00399788
0.00369961
0.00337474
0.00302856
0.00264709
0.00231788
0.00181233
0.00166703
0.000950408
0.00113617
0.000189427
0.000755025
-0.000223952
0.000596543
-0.000172634
0.000498644
0.000123296
0.0045704
0.00445082
0.00429541
0.00412641
0.00394033
0.00373313
0.00350776
0.00326237
0.00299297
0.00271058
0.00242082
0.00212889
0.00173115
0.00163464
0.00100354
0.00128361
0.000448485
0.00113234
0.000246265
0.00111384
0.000174275
0.000843613
0.000402771
0.00388644
0.00382572
0.00375561
0.00367257
0.0035681
0.00344369
0.00329779
0.00313395
0.00294823
0.00273434
0.00251825
0.00233165
0.00197719
0.00197662
0.00139598
0.00168323
0.000855731
0.00144412
0.000451722
0.00135319
0.000413309
0.0011304
0.000658584
0.00374376
0.0036591
0.00359122
0.00350292
0.00340883
0.0033029
0.00318463
0.00305244
0.00291248
0.00275337
0.00255947
0.00242272
0.00209459
0.00210646
0.00152483
0.00181498
0.000956894
0.00156262
0.000661908
0.00148662
0.000560141
0.00123318
0.000829747
0.00332309
0.00325781
0.00318109
0.00309543
0.00300321
0.0029009
0.00278929
0.00266471
0.00253153
0.00240207
0.00225678
0.00211609
0.00189445
0.0019273
0.00146746
0.00184257
0.00113434
0.0018423
0.000909978
0.00181236
0.000831315
0.00151397
0.00102277
0.00279774
0.00277531
0.00273464
0.00269691
0.00265176
0.00260175
0.00254478
0.00248
0.00239792
0.00230812
0.00223358
0.0021443
0.0019614
0.00204947
0.001609
0.00199089
0.00120642
0.00192739
0.000912096
0.00189029
0.00088334
0.00158988
0.00113038
0.00214485
0.00215709
0.00216351
0.00216177
0.00215067
0.00213152
0.00210547
0.00207521
0.00203718
0.00197785
0.00191778
0.00189143
0.001696
0.00181677
0.00136398
0.00174973
0.0010162
0.00174212
0.000981912
0.00197551
0.000909343
0.00156543
0.0011151
0.00225678
0.00222189
0.00220197
0.00217333
0.00214445
0.00211033
0.00207207
0.00202914
0.00198882
0.00194229
0.00187596
0.001872
0.00167022
0.00192203
0.00140976
0.00200027
0.00120555
0.00196356
0.00101489
0.00194804
0.00104538
0.00165722
0.00111768
0.00228611
0.00224925
0.00221294
0.00217792
0.00214455
0.00211234
0.00207932
0.0020434
0.00200726
0.00197602
0.00193102
0.00189089
0.00181381
0.00191076
0.00157675
0.00198211
0.00126238
0.00196384
0.000936393
0.00171641
0.000984925
0.00142752
0.00101456
0.000641073
0.000668524
0.000683857
0.000696742
0.000702828
0.000705578
0.000704685
0.000700384
0.00069087
0.000681129
0.000673215
0.000653486
0.000595604
0.000682619
0.000450637
0.000732002
0.000304628
0.000819572
0.000298101
0.000791977
0.000332491
0.000548112
0.000389623
-0.130978
-0.119402
-0.106104
-0.0942931
-0.0831535
-0.0731565
-0.0637892
-0.0554283
-0.0479017
-0.0411134
-0.0350314
-0.0296238
-0.0248447
-0.020699
-0.0170114
-0.0140013
-0.0110124
-0.0084525
-0.00582884
-0.00177313
-7.18753e-06
0.000711584
0.00117765
-0.146899
-0.132672
-0.115954
-0.101944
-0.0891982
-0.0778113
-0.0672523
-0.057978
-0.0497415
-0.0424325
-0.0359962
-0.0303478
-0.0254104
-0.0211647
-0.0174075
-0.014339
-0.011325
-0.00875455
-0.0060979
-0.00203628
-0.000255849
0.000483848
0.000961685
-0.163731
-0.146224
-0.125768
-0.109775
-0.0955071
-0.082632
-0.0708551
-0.0606776
-0.051687
-0.0438191
-0.0369959
-0.031083
-0.0259708
-0.0216249
-0.0177944
-0.0146882
-0.0116495
-0.00908202
-0.00641814
-0.00229448
-0.000498173
0.000261015
0.000752221
-0.182106
-0.160841
-0.136599
-0.118481
-0.102432
-0.0878002
-0.0748034
-0.0636805
-0.0538795
-0.0454137
-0.0381513
-0.0319195
-0.0265885
-0.0221013
-0.018179
-0.015019
-0.0119559
-0.00938364
-0.00676081
-0.00254562
-0.000743673
4.35229e-05
0.000549333
-0.202569
-0.176407
-0.148179
-0.128192
-0.110078
-0.0934987
-0.0792561
-0.0670704
-0.0563919
-0.0472858
-0.0395256
-0.0329152
-0.0273187
-0.022629
-0.0185882
-0.0153304
-0.0122351
-0.00962225
-0.00709075
-0.00277147
-0.00100768
-0.000168306
0.000350511
-0.224972
-0.192773
-0.160724
-0.138816
-0.118134
-0.0996237
-0.0841367
-0.0707933
-0.0592226
-0.0494498
-0.0411504
-0.0341237
-0.0282261
-0.0232847
-0.0190949
-0.0156911
-0.0125466
-0.00984271
-0.00743335
-0.00297371
-0.00128935
-0.000369897
0.000155226
-0.250587
-0.20957
-0.174946
-0.150848
-0.127048
-0.106702
-0.089738
-0.0750736
-0.0625535
-0.052038
-0.0431415
-0.0356538
-0.029412
-0.024173
-0.019796
-0.0161986
-0.0129823
-0.0101253
-0.00784383
-0.00319508
-0.00159537
-0.000563154
-3.75282e-05
-0.279054
-0.230036
-0.19305
-0.164923
-0.137933
-0.115604
-0.0967257
-0.0805732
-0.0669334
-0.0554928
-0.0458633
-0.0377949
-0.0311024
-0.0254815
-0.0208347
-0.0169855
-0.0136483
-0.0105766
-0.00841789
-0.00350986
-0.00192564
-0.000755581
-0.000226796
0.0401147
0.0164168
-0.00681347
-0.0307715
-0.0549029
-0.0788049
-0.102541
-0.123317
0.0429397
0.0166705
-0.00907916
-0.0354222
-0.0618129
-0.0870093
-0.110282
-0.131392
0.0447122
0.0150563
-0.0138674
-0.0423
-0.0698051
-0.0954306
-0.118967
-0.140514
0.0452152
0.012123
-0.0197568
-0.0500856
-0.0786208
-0.105002
-0.129157
-0.151162
0.0440502
0.00777676
-0.0268246
-0.0591817
-0.0891162
-0.116504
-0.141276
-0.163542
0.0411364
0.00160938
-0.035799
-0.0704427
-0.102041
-0.130464
-0.155711
-0.17796
0.0362376
-0.00693126
-0.0474294
-0.0845563
-0.117878
-0.147373
-0.172939
-0.194835
0.0287289
-0.0186071
-0.0625606
-0.102337
-0.137452
-0.167889
-0.193546
-0.214696
0.0176283
-0.0344498
-0.0822684
-0.124896
-0.161784
-0.192954
-0.218302
-0.238185
0.00159334
-0.0558421
-0.107943
-0.15365
-0.192313
-0.223881
-0.248301
-0.266134
-0.0212096
-0.084736
-0.141513
-0.190376
-0.230838
-0.262285
-0.284802
-0.299316
-0.0531465
-0.123592
-0.185939
-0.23826
-0.279492
-0.309438
-0.328417
-0.337537
-0.098045
-0.174897
-0.242906
-0.29768
-0.338212
-0.364593
-0.377183
-0.377391
-0.159724
-0.245645
-0.314224
-0.366462
-0.40186
-0.420183
-0.422274
-0.410713
-0.209939
-0.294188
-0.361245
-0.409859
-0.439781
-0.452259
-0.449579
-0.434505
0.204189
0.195009
0.18206
0.165374
0.145382
0.122378
0.0974714
0.0700026
0.218963
0.208298
0.193258
0.174125
0.151648
0.126085
0.0988353
0.070618
0.235422
0.223413
0.206586
0.18541
0.160884
0.133354
0.104143
0.0747162
0.253776
0.240581
0.222135
0.198991
0.172286
0.142559
0.110721
0.0784511
0.273919
0.259503
0.23931
0.213929
0.184531
0.151946
0.1168
0.0807848
0.295712
0.279875
0.257605
0.229561
0.19689
0.16076
0.121779
0.081625
0.31908
0.301566
0.27681
0.245623
0.209127
0.16881
0.125513
0.0808966
0.343979
0.324523
0.296849
0.261985
0.221093
0.17593
0.127714
0.0781285
0.370306
0.348623
0.317552
0.278386
0.232426
0.181654
0.127718
0.0724449
0.397789
0.373535
0.338498
0.294266
0.242392
0.18509
0.12446
0.0626003
0.425852
0.39859
0.35889
0.308649
0.2498
0.184846
0.116377
0.0468807
0.453401
0.422586
0.377363
0.319967
0.252848
0.178879
0.101223
0.0228815
0.478553
0.443482
0.391614
0.325592
0.248583
0.163918
0.0754399
-0.0131846
0.497801
0.457884
0.398393
0.322232
0.233573
0.136471
0.0356574
-0.064531
0.51363
0.469056
0.402625
0.31782
0.218568
0.109989
-0.00166484
-0.110468
0.023588
0.0235668
0.0235464
0.0235271
0.0235095
0.0234939
0.0234791
0.0234677
0.0249211
0.0248735
0.02481
0.024731
0.0246375
0.0245305
0.0244092
0.024277
0.0238214
0.0238382
0.0238653
0.0238992
0.0239348
0.0239676
0.0239953
0.0239997
0.0270767
0.0270008
0.0268988
0.026777
0.0266451
0.0265131
0.0263966
0.0262837
0.0254315
0.0253649
0.025315
0.025277
0.0252386
0.0252004
0.0255477
0.025658
0.0304116
0.0303568
0.0302695
0.0301575
0.0300216
0.0298827
0.0297101
0.0296138
0.028908
0.0288574
0.0288369
0.0288445
0.0288723
0.028917
0.0289594
0.0290294
0.0339973
0.03391
0.0337895
0.0336401
0.0334745
0.0332896
0.0331091
0.032928
0.0344355
0.0343729
0.0343825
0.0343973
0.034586
0.0347181
0.0346831
0.0345263
0.0396524
0.0395631
0.0394525
0.0393049
0.0391353
0.0389605
0.038714
0.0386566
0.0415566
0.0414258
0.0413301
0.0412774
0.0411819
0.0412939
0.0410647
0.0413035
0.0474849
0.0474226
0.0472363
0.0470891
0.0466402
0.0464019
0.0458151
0.0468208
0.0514454
0.0512576
0.051086
0.0509614
0.0507342
0.0507248
0.0502956
0.0507013
0.0585572
0.058248
0.0579262
0.0576334
0.0571671
0.0570662
0.0563056
0.0566834
0.0647811
0.0642865
0.063796
0.0633183
0.0626778
0.0623082
0.0613095
0.061307
0.0736934
0.072995
0.0722705
0.0716179
0.0706533
0.0699961
0.0684404
0.0680816
0.08267
0.0815938
0.0804323
0.0791939
0.0775998
0.0762376
0.0740774
0.0729124
0.0943287
0.0928867
0.0913239
0.0896362
0.0873435
0.0852948
0.082
0.0798236
0.106916
0.104689
0.102162
0.0992772
0.0957337
0.0921557
0.0875823
0.0835645
0.122473
0.119593
0.116204
0.112288
0.107338
0.102204
0.0954499
0.0891471
0.139694
0.13551
0.130426
0.12428
0.116826
0.108421
0.0989745
0.0884993
0.160429
0.155136
0.148391
0.139963
0.129722
0.117863
0.104221
0.0890527
0.183575
0.176336
0.166549
0.153916
0.138573
0.120544
0.100952
0.0789044
0.0234566
0.023445
0.0234196
0.0233775
0.023312
0.0232142
0.0230765
0.0228899
0.0226463
0.0223397
0.0219645
0.0215207
0.0210063
0.0204236
0.0197801
0.0190625
0.0183103
0.0175211
0.01677
0.0160489
0.0155787
0.0151809
0.0149553
0.0241224
0.0239211
0.0236873
0.0234308
0.0231424
0.0228272
0.0224878
0.0221273
0.0217476
0.0213475
0.0209203
0.0204548
0.0199447
0.0193617
0.0187384
0.0180297
0.0173219
0.0166201
0.0159999
0.0154721
0.0150265
0.0146203
0.0145178
0.0240061
0.0239492
0.0238863
0.0237992
0.0236793
0.0235137
0.0232869
0.0229849
0.0225969
0.0221177
0.0215523
0.0209121
0.0202108
0.0194768
0.0187101
0.0180036
0.0173091
0.0166908
0.0161548
0.0156928
0.0149083
0.0144795
0.0140892
0.0260953
0.0258161
0.0254955
0.0251203
0.0247229
0.0243068
0.0238775
0.0234343
0.0229702
0.0224703
0.0219206
0.0213153
0.020647
0.0199379
0.0191777
0.0184521
0.0176896
0.0169693
0.0162261
0.0157821
0.0150922
0.0146899
0.014127
0.0255751
0.0255543
0.0255376
0.0254995
0.0253891
0.0251775
0.024842
0.0243689
0.023753
0.0230295
0.0221631
0.0213164
0.020418
0.0194945
0.0185065
0.0174924
0.0164541
0.0154542
0.0146033
0.0141968
0.0139227
0.0136776
0.0136022
0.0292531
0.0288242
0.0282974
0.0277428
0.0271696
0.026584
0.0259827
0.0253502
0.024658
0.0238705
0.0229639
0.0219409
0.0208141
0.0195926
0.0183159
0.0170351
0.0158031
0.0147429
0.0139003
0.0132403
0.0126727
0.012293
0.0124416
0.0290137
0.0289044
0.0287223
0.0284877
0.028109
0.0275728
0.0268538
0.0259668
0.0249452
0.0238222
0.0226133
0.0213324
0.0200027
0.0186398
0.0173158
0.0160515
0.0149989
0.0140976
0.0134762
0.0130531
0.0123193
0.0117501
0.0115467
0.0326425
0.0318713
0.0310563
0.0302133
0.0293297
0.0284183
0.0274351
0.0263456
0.0251157
0.0237497
0.0222842
0.0207553
0.0192245
0.0177288
0.0163413
0.0150733
0.01408
0.0131641
0.0125473
0.0122606
0.0118983
0.0115185
0.0111179
0.034584
0.034138
0.0337841
0.033101
0.0322493
0.0311674
0.0299096
0.0284984
0.0269576
0.0252962
0.0235336
0.0217149
0.0198983
0.0181395
0.0165148
0.0149782
0.0138323
0.0126325
0.0116603
0.0110194
0.0108672
0.0106911
0.010548
0.0381303
0.0370342
0.0359981
0.0348503
0.0336301
0.0322237
0.0306332
0.0288438
0.0268991
0.0248559
0.0227645
0.0206773
0.0186401
0.0167194
0.0149504
0.0133608
0.0120735
0.0109434
0.0101387
0.00979859
0.00968728
0.00946146
0.00964962
0.0406579
0.039828
0.0386846
0.0373303
0.0356567
0.0337772
0.031657
0.0293164
0.0267994
0.0241881
0.0215519
0.019017
0.0166567
0.0145163
0.0126529
0.0110781
0.00991787
0.00907465
0.00867965
0.00882728
0.00874624
0.00851812
0.00874304
0.0454379
0.0440966
0.042329
0.0403835
0.0381758
0.0357406
0.0330543
0.0301793
0.0271959
0.0241816
0.0212065
0.0183827
0.0158212
0.013535
0.0116654
0.0101129
0.00912263
0.00842829
0.00817909
0.00831285
0.00822201
0.0080938
0.00809844
0.0492122
0.047578
0.0455503
0.0431083
0.0402809
0.0371758
0.0338054
0.0302853
0.0267555
0.0233335
0.0200974
0.017139
0.0145526
0.0123135
0.0105484
0.00916192
0.00830196
0.00766046
0.00744905
0.00780395
0.00792025
0.00785165
0.00770456
0.0546247
0.0520401
0.0488414
0.0452233
0.0413455
0.0373285
0.0331356
0.0289133
0.0248158
0.0209713
0.0174892
0.0144411
0.0118972
0.00980125
0.00823628
0.00706513
0.00646022
0.00593433
0.00593725
0.00680625
0.00739082
0.00741241
0.00732742
0.0589246
0.0557059
0.051699
0.0471677
0.0423453
0.0373691
0.0322826
0.0273332
0.0227152
0.0185272
0.0148644
0.0117617
0.009276
0.00732901
0.00596321
0.00500592
0.0046542
0.00436387
0.00460686
0.00575438
0.00661003
0.00674704
0.0068219
0.0647356
0.059915
0.0541563
0.048103
0.042121
0.0361999
0.0303686
0.024949
0.0200992
0.0158482
0.0122534
0.00931261
0.00704162
0.00535206
0.00425159
0.00356794
0.00346329
0.00350312
0.00399916
0.00514597
0.00589229
0.00604919
0.00623058
0.0687784
0.0624907
0.0552493
0.0478065
0.0405764
0.0335702
0.0269888
0.0212048
0.0162461
0.0120816
0.0087245
0.00611205
0.00421485
0.00292042
0.00219884
0.001902
0.00212356
0.00257025
0.00345787
0.00483758
0.00543335
0.00549654
0.00568752
0.0736884
0.0646848
0.054958
0.0456813
0.0371969
0.0293005
0.0222475
0.0163005
0.0113612
0.0073803
0.00433692
0.00213031
0.000684527
-0.000146404
-0.000428356
-0.000295459
0.000317306
0.00116475
0.00251163
0.00440553
0.0050251
0.00506727
0.00523349
0.0759319
0.0646804
0.0529783
0.0422509
0.0326916
0.0241158
0.01689
0.0110293
0.006317
0.0026733
4.48337e-05
-0.0016924
-0.00265578
-0.00301939
-0.00287361
-0.00234448
-0.00138262
-0.000174083
0.00150244
0.00377995
0.004499
0.00466936
0.00482844
0.0777491
0.0624683
0.0482555
0.0364559
0.0263663
0.0177194
0.0107786
0.00535122
0.0011532
-0.00191009
-0.00392556
-0.00506059
-0.00546698
-0.00533362
-0.00476523
-0.00387495
-0.00263799
-0.00112611
0.000697057
0.00309035
0.00386386
0.00423369
0.00441254
0.074559
0.056875
0.0412853
0.0289385
0.0186465
0.0102697
0.0038702
-0.000944798
-0.00447736
-0.00680913
-0.00807149
-0.00849451
-0.00826667
-0.00758799
-0.00656904
-0.00530935
-0.00381278
-0.00201764
-6.39749e-05
0.00241854
0.00323683
0.00377242
0.00398128
0.0684511
0.0469827
0.0314554
0.019521
0.0096091
0.00185996
-0.00386825
-0.00805398
-0.0108731
-0.0124005
-0.0128445
-0.0124993
-0.0115894
-0.0103333
-0.00882422
-0.00718434
-0.00537939
-0.00332261
-0.00114376
0.00167719
0.00263972
0.00330557
0.00355606
0.0526833
0.0336864
0.0200998
0.00892476
-0.000182358
-0.00709463
-0.0121271
-0.0157407
-0.0178183
-0.018488
-0.0180777
-0.0169439
-0.0153321
-0.0134891
-0.0114634
-0.00944969
-0.0072918
-0.00498938
-0.00256811
0.000772941
0.00201212
0.00284655
0.00315663
0.0343217
0.0211705
0.0100877
-0.000301121
-0.00853191
-0.0147262
-0.0192278
-0.0223937
-0.023801
-0.0237008
-0.0225266
-0.0206915
-0.0184551
-0.0160963
-0.0136072
-0.0113007
-0.00883372
-0.00635762
-0.00385353
-8.91019e-05
0.00146755
0.00246825
0.00284592
0.0136468
0.00156897
-0.00570319
-0.0137294
-0.0195419
-0.0238536
-0.0267838
-0.0284866
-0.028586
-0.0274211
-0.0254077
-0.0229193
-0.0201811
-0.0174396
-0.0146519
-0.0121705
-0.00952913
-0.00699219
-0.00451379
-0.000567586
0.00115116
0.00220123
0.00262218
-0.00959206
-0.0221327
-0.0264394
-0.0316527
-0.0341407
-0.0355128
-0.0355875
-0.0344942
-0.0324781
-0.0298684
-0.026903
-0.0237956
-0.0206713
-0.017685
-0.0147609
-0.0122234
-0.00953496
-0.00703462
-0.00463683
-0.000684276
0.00100961
0.00198637
0.00242056
-0.0319053
-0.0426942
-0.0449315
-0.0478467
-0.047348
-0.045908
-0.0432763
-0.0397737
-0.0359082
-0.0320031
-0.0281701
-0.024494
-0.0210125
-0.0178086
-0.0147623
-0.0121878
-0.009461
-0.00699524
-0.00464498
-0.000675484
0.000937589
0.00179548
0.00222536
-0.0538086
-0.0604114
-0.0589925
-0.0595375
-0.056561
-0.0531826
-0.0487986
-0.0439568
-0.0389818
-0.0341859
-0.0296775
-0.0255087
-0.0216788
-0.0182457
-0.0150402
-0.0124107
-0.00961187
-0.00714976
-0.0047854
-0.000724583
0.000850872
0.00160349
0.00202855
-0.0754463
-0.076623
-0.0712784
-0.0687638
-0.063464
-0.0585038
-0.0528488
-0.0472365
-0.0416292
-0.0362705
-0.0312772
-0.0267139
-0.0225746
-0.0189212
-0.0155463
-0.0128474
-0.00996479
-0.00748758
-0.00507015
-0.00089909
0.000704996
0.00139667
0.00182584
-0.0957849
-0.0915714
-0.0833831
-0.0774541
-0.0700832
-0.0634419
-0.0564597
-0.0501222
-0.0439347
-0.0381158
-0.0327379
-0.0278565
-0.0234605
-0.0196125
-0.0160917
-0.0133132
-0.0103635
-0.00786081
-0.0053639
-0.00117688
0.000495184
0.00117369
0.0016149
-0.114203
-0.105727
-0.0952591
-0.0861069
-0.076768
-0.068357
-0.0601842
-0.0528114
-0.0459843
-0.0396987
-0.0339696
-0.0288153
-0.0242125
-0.0201983
-0.0165875
-0.0136764
-0.0107081
-0.00817528
-0.00560747
-0.00148545
0.000249711
0.000943464
0.00139732
)
;

boundaryField
{
    outlet
    {
        type            fixedValue;
        value           uniform 0;
    }
    upperWall
    {
        type            symmetryPlane;
    }
    lowerWall
    {
        type            symmetryPlane;
    }
    inlet
    {
        type            zeroGradient;
    }
    cylinder
    {
        type            zeroGradient;
    }
    frontAndBack
    {
        type            empty;
    }
}


// ************************************************************************* //
