/*--------------------------------*- C++ -*----------------------------------*\
| =========                 |                                                 |
| \\      /  F ield         | OpenFOAM: The Open Source CFD Toolbox           |
|  \\    /   O peration     | Version:  2312                                  |
|   \\  /    A nd           | Website:  www.openfoam.com                      |
|    \\/     M anipulation  |                                                 |
\*---------------------------------------------------------------------------*/
FoamFile
{
    version     2.0;
    format      ascii;
    arch        "LSB;label=32;scalar=64";
    class       volScalarField;
    location    "70.55";
    object      p;
}
// * * * * * * * * * * * * * * * * * * * * * * * * * * * * * * * * * * * * * //

dimensions      [0 2 -2 0 0 0 0];

internalField   nonuniform List<scalar> 
5478
(
-0.536185
-0.53411
-0.533643
-0.534575
-0.535278
-0.532032
-0.520757
-0.498908
-0.466467
-0.42585
-0.380703
-0.334259
-0.289223
-0.246026
-0.205159
-0.54394
-0.539951
-0.536744
-0.533753
-0.528741
-0.518095
-0.499326
-0.471946
-0.437489
-0.39867
-0.358212
-0.318107
-0.279762
-0.24318
-0.20954
-0.554211
-0.548411
-0.542237
-0.5344
-0.522045
-0.503098
-0.477344
-0.446057
-0.411268
-0.375028
-0.338815
-0.303713
-0.270191
-0.238575
-0.208976
-0.568751
-0.560501
-0.550581
-0.536239
-0.51508
-0.487834
-0.456467
-0.422859
-0.388497
-0.354407
-0.321296
-0.28959
-0.259575
-0.231441
-0.205317
-0.588218
-0.575762
-0.561045
-0.538114
-0.507374
-0.47279
-0.43723
-0.402113
-0.368082
-0.335481
-0.304478
-0.275204
-0.247643
-0.221944
-0.197808
-0.611709
-0.593292
-0.571331
-0.537913
-0.497869
-0.457181
-0.418367
-0.382013
-0.348097
-0.316471
-0.28702
-0.259605
-0.234126
-0.210501
-0.188149
-0.635134
-0.611032
-0.57784
-0.532762
-0.484503
-0.438955
-0.397606
-0.360292
-0.326464
-0.295668
-0.267528
-0.241768
-0.218142
-0.196467
-0.176128
-0.652475
-0.62366
-0.576679
-0.520025
-0.464966
-0.415699
-0.37259
-0.33476
-0.30127
-0.271405
-0.244621
-0.220504
-0.198795
-0.179238
-0.161293
-0.424415
-0.426976
-0.428646
-0.431953
-0.437321
-0.444681
-0.453924
-0.464845
-0.477176
-0.490694
-0.505197
-0.52026
-0.534872
-0.547426
-0.554845
-0.433816
-0.437915
-0.441079
-0.445852
-0.452427
-0.460193
-0.468249
-0.475377
-0.480233
-0.481764
-0.479431
-0.473041
-0.462651
-0.449186
-0.431828
-0.447638
-0.452763
-0.457424
-0.463874
-0.472087
-0.480898
-0.488579
-0.492805
-0.491023
-0.481183
-0.462218
-0.433838
-0.396336
-0.354702
-0.304921
-0.465212
-0.470672
-0.476538
-0.484471
-0.494506
-0.504739
-0.512638
-0.514791
-0.507504
-0.488021
-0.455114
-0.409389
-0.347812
-0.289581
-0.209232
-0.484394
-0.489518
-0.496184
-0.505606
-0.516495
-0.527552
-0.535127
-0.534934
-0.522577
-0.495007
-0.450725
-0.395633
-0.320922
-0.254582
-0.173486
-0.502454
-0.506419
-0.512771
-0.522036
-0.533144
-0.543341
-0.548954
-0.545059
-0.52737
-0.493164
-0.443184
-0.382483
-0.311592
-0.243498
-0.177836
-0.517233
-0.519392
-0.524292
-0.531871
-0.540623
-0.547922
-0.549471
-0.540368
-0.517156
-0.478575
-0.427806
-0.368793
-0.307142
-0.246992
-0.191592
-0.528109
-0.528136
-0.530569
-0.534964
-0.540158
-0.542885
-0.538607
-0.523262
-0.494783
-0.454206
-0.405265
-0.35213
-0.299289
-0.249516
-0.203506
-0.557617
-0.512734
-0.38364
-0.289073
-0.237786
-0.245086
-0.275386
-0.261412
-0.194271
-0.150526
-0.132714
-0.113764
-0.102482
-0.117496
-0.145205
-0.148841
-0.116764
-0.0931775
-0.107168
-0.124688
-0.105145
-0.0773798
-0.0709446
-0.0849293
-0.0863055
-0.102579
-0.111522
-0.0620429
-0.0083805
0.00347781
-0.00727494
-0.0297332
-0.0523401
-0.0576168
-0.0421424
-0.0202519
-0.0056866
0.00101763
-0.417974
-0.388296
-0.30471
-0.26184
-0.242784
-0.274209
-0.324595
-0.302042
-0.217288
-0.155562
-0.132481
-0.113393
-0.0987128
-0.11453
-0.143381
-0.145697
-0.112926
-0.0880975
-0.100542
-0.11959
-0.102129
-0.0796797
-0.0794827
-0.0944563
-0.0914746
-0.102939
-0.111984
-0.0648226
-0.00957787
0.00323566
-0.00861709
-0.0330286
-0.0562501
-0.0606036
-0.0437664
-0.0208533
-0.00591331
0.000798153
-0.267255
-0.235461
-0.187961
-0.18946
-0.214833
-0.283478
-0.348952
-0.320798
-0.230409
-0.157412
-0.13066
-0.114442
-0.0997704
-0.1142
-0.142059
-0.14238
-0.10901
-0.0829982
-0.0938477
-0.114075
-0.0987196
-0.0800397
-0.0864742
-0.101767
-0.0948684
-0.101437
-0.110985
-0.0672175
-0.0112653
0.00291394
-0.00982794
-0.0360955
-0.059978
-0.0634937
-0.0454142
-0.0215925
-0.00623584
0.000550487
-0.144249
-0.0981879
-0.0467058
-0.0716932
-0.155188
-0.27287
-0.346808
-0.320601
-0.232522
-0.157113
-0.127967
-0.113683
-0.104112
-0.117495
-0.142913
-0.139783
-0.104849
-0.0777362
-0.0867711
-0.10789
-0.0950025
-0.0786268
-0.0914914
-0.106278
-0.0966015
-0.0985241
-0.107735
-0.0689969
-0.0133662
0.00249154
-0.0108624
-0.0388662
-0.0634676
-0.0662436
-0.0470568
-0.022433
-0.00663959
0.000301841
-0.0826182
-0.021074
0.0552074
0.0369302
-0.078907
-0.232534
-0.32084
-0.300629
-0.221947
-0.154103
-0.123767
-0.108257
-0.108442
-0.122165
-0.146836
-0.137709
-0.099825
-0.0720521
-0.0799167
-0.101167
-0.0911544
-0.0759408
-0.0944081
-0.10811
-0.0966876
-0.0947956
-0.103156
-0.0700811
-0.0158364
0.00208767
-0.0117062
-0.0414329
-0.0667334
-0.068831
-0.0486686
-0.0233322
-0.0071088
7.23549e-05
-0.0945001
-0.0125728
0.0721495
0.0954623
-0.0149446
-0.177197
-0.273004
-0.263177
-0.200755
-0.146744
-0.117555
-0.100184
-0.108812
-0.124069
-0.150546
-0.138425
-0.0964566
-0.066718
-0.0730421
-0.0936291
-0.0867856
-0.0723572
-0.0950126
-0.107777
-0.0956989
-0.0909213
-0.0979837
-0.0703661
-0.0186036
0.00150117
-0.0123662
-0.0435348
-0.0696005
-0.071181
-0.0502295
-0.0242721
-0.00763751
-0.000127991
-0.124066
-0.0535377
0.0338168
0.0970038
0.0389037
-0.112713
-0.220158
-0.227402
-0.183513
-0.140237
-0.113019
-0.0929521
-0.101292
-0.123787
-0.150258
-0.13579
-0.0911807
-0.0607685
-0.0680256
-0.0861578
-0.0812977
-0.0674443
-0.0938735
-0.106024
-0.0933371
-0.0872965
-0.09344
-0.0704892
-0.0221251
0.00107733
-0.0127073
-0.0455031
-0.0722173
-0.0733255
-0.0517659
-0.025263
-0.00821937
-0.000297995
-0.153371
-0.0986061
-0.0378832
0.0477532
0.0423872
-0.0442538
-0.11599
-0.162645
-0.149349
-0.122953
-0.106044
-0.0860599
-0.0847087
-0.119512
-0.15829
-0.137684
-0.0907966
-0.0555367
-0.0634313
-0.0772922
-0.074335
-0.0619475
-0.0902794
-0.10521
-0.0911122
-0.0844079
-0.0885986
-0.0683579
-0.0255224
-0.000764674
-0.0129523
-0.0466907
-0.0741003
-0.0750953
-0.0530735
-0.0261363
-0.00875793
-0.000427632
-0.148466
-0.112123
-0.0562995
0.00962107
0.0295607
-0.0277145
-0.0942753
-0.120465
-0.116586
-0.096822
-0.0853704
-0.0729216
-0.0694565
-0.106211
-0.120902
-0.125152
-0.0831082
-0.0485049
-0.061223
-0.075917
-0.0687904
-0.0575215
-0.0824651
-0.0971428
-0.0861053
-0.0808956
-0.0858872
-0.0678105
-0.0265111
0.00781416
-0.012761
-0.0483299
-0.0766463
-0.0769915
-0.0539785
-0.0267502
-0.009242
-0.000540291
-0.132421
-0.0992195
-0.0590859
-0.0195029
-0.00159893
-0.02643
-0.0637758
-0.0817899
-0.0792979
-0.0681723
-0.0623978
-0.0517287
-0.0492302
-0.090402
-0.150192
-0.114124
-0.0692444
-0.0361074
-0.0493287
-0.0660143
-0.0587216
-0.0474386
-0.0739537
-0.0995211
-0.0833058
-0.0750758
-0.0800452
-0.0673162
-0.0281213
-0.00837207
-0.0156617
-0.0508473
-0.0790417
-0.078164
-0.0544541
-0.027247
-0.00975037
-0.000692423
-0.108783
-0.0921867
-0.0653143
-0.0385385
-0.0222102
-0.0278312
-0.045563
-0.0571477
-0.0580791
-0.0516451
-0.0464304
-0.0351468
-0.0239077
-0.0365608
-0.0463012
-0.0760965
-0.054118
-0.0275174
-0.0364647
-0.0517411
-0.0471657
-0.0367529
-0.0613537
-0.0925818
-0.076571
-0.0659793
-0.0740279
-0.0674606
-0.0306938
-0.00765196
-0.0192668
-0.0529777
-0.0800145
-0.0781424
-0.0542296
-0.027479
-0.0101896
-0.000866288
-0.0897037
-0.0821292
-0.0648464
-0.0460623
-0.0326886
-0.0299208
-0.0359519
-0.0409698
-0.0389226
-0.0319743
-0.0247309
-0.0129207
-0.00210937
0.00233138
0.00603843
-0.0381261
-0.048746
-0.0255767
-0.0245981
-0.0328214
-0.031166
-0.0235175
-0.0473983
-0.0805767
-0.0619095
-0.0543725
-0.0686437
-0.0664942
-0.0337698
-0.0152437
-0.023663
-0.0539349
-0.0791002
-0.0764104
-0.0529073
-0.0272437
-0.0104715
-0.00105651
-0.0731677
-0.0704485
-0.0598944
-0.0470841
-0.0365437
-0.0308145
-0.0297691
-0.0302457
-0.0282204
-0.022692
-0.0160689
-0.00318642
0.0121514
0.030747
0.0403773
-0.00503444
-0.0348416
-0.0209669
-0.0138788
-0.0155513
-0.0155053
-0.0088646
-0.0265265
-0.0518967
-0.0337084
-0.0371295
-0.0618687
-0.0634863
-0.0371141
-0.0211765
-0.028258
-0.0531143
-0.0756055
-0.0725416
-0.0502947
-0.0264436
-0.0105446
-0.00125277
-0.0586614
-0.0584394
-0.0527129
-0.0444519
-0.0356365
-0.029317
-0.0258248
-0.0233801
-0.019192
-0.0126543
-0.00428755
0.00715547
0.0197225
0.0345813
0.0431862
0.015919
-0.0130807
-0.0121355
-0.00581809
-0.00158124
-0.0013475
0.0027321
-0.0163726
-0.030699
-0.00260789
-0.0157577
-0.0507729
-0.0547565
-0.0391239
-0.0342277
-0.0329232
-0.0499643
-0.0689572
-0.0661279
-0.0462315
-0.0249727
-0.0103373
-0.00142286
-0.0458926
-0.0470376
-0.0439248
-0.0377214
-0.0317427
-0.0262507
-0.0216683
-0.0177997
-0.0134674
-0.00799794
-0.00162268
0.00756559
0.0187589
0.0301847
0.0358971
0.0243599
0.00304062
-0.00312369
0.000985588
0.00503058
0.00735744
0.00948238
-0.0104926
-0.0181579
0.0138072
0.000940634
-0.0347803
-0.0403757
-0.0371696
-0.0387417
-0.0351741
-0.0439909
-0.0594651
-0.0575259
-0.0408456
-0.0228427
-0.00982778
-0.00154187
-0.0353658
-0.0370275
-0.0355589
-0.0316805
-0.0270664
-0.0223871
-0.0179538
-0.0140528
-0.00979686
-0.00476319
0.0014544
0.00918433
0.0170931
0.0240834
0.027665
0.0232605
0.010687
0.00397107
0.00582626
0.0107476
0.0144241
0.0150767
-0.0046592
-0.0110884
0.0120978
0.00871687
-0.0174249
-0.022089
-0.0303139
-0.0377492
-0.033232
-0.0349622
-0.0470342
-0.0467908
-0.0344119
-0.0201285
-0.0090284
-0.0016093
-0.0265919
-0.0283517
-0.0278054
-0.0253554
-0.0219317
-0.018183
-0.0143317
-0.0107079
-0.00687015
-0.0025627
0.00209084
0.00758481
0.0131464
0.0180096
0.0208548
0.0194273
0.0131993
0.00900077
0.00894949
0.0114277
0.016158
0.0162773
0.00261188
-0.0033384
0.00945052
0.0103709
-0.00377779
-0.00602818
-0.0193855
-0.0330789
-0.0267507
-0.0244431
-0.0342342
-0.0358709
-0.0275895
-0.0169658
-0.00796823
-0.00161166
-0.019343
-0.0209947
-0.0209143
-0.019334
-0.0168472
-0.0140013
-0.0109505
-0.00793791
-0.00481163
-0.00140433
0.00222176
0.00647142
0.0105498
0.0140006
0.0160484
0.0157007
0.0130554
0.0108717
0.0102892
0.0120117
0.016155
0.0160495
0.00750652
0.00198477
0.00799113
0.00986809
0.00418146
0.00397519
-0.00629508
-0.0189145
-0.0155134
-0.0148319
-0.0238304
-0.0262677
-0.0212443
-0.0137779
-0.0068003
-0.00155666
-0.0134258
-0.0148283
-0.01493
-0.0139384
-0.0122468
-0.0101788
-0.00785965
-0.00546945
-0.00302941
-0.000388389
0.00234508
0.00537779
0.00828139
0.0106382
0.0123973
0.0127496
0.0118723
0.0111004
0.0106496
0.0111128
0.0137111
0.0137233
0.009005
0.00499163
0.00756358
0.00922506
0.00767398
0.00721195
0.00161733
-0.00773797
-0.00592795
-0.00812426
-0.0164246
-0.0196047
-0.0157521
-0.0107198
-0.00552266
-0.00138078
-0.00855384
-0.00970598
-0.00993001
-0.00935226
-0.00821198
-0.00672744
-0.00502801
-0.00324402
-0.00143075
0.000486984
0.00248232
0.0046319
0.00677641
0.0085337
0.00992557
0.0105922
0.0105198
0.0104408
0.0104263
0.0105917
0.0119326
0.0122054
0.00941361
0.00659136
0.00730191
0.00837235
0.00819408
0.00799018
0.00482996
-0.00121414
-0.00115614
-0.00439535
-0.0109802
-0.0132836
-0.0109453
-0.0078195
-0.00422423
-0.00116785
-0.00461419
-0.0055676
-0.0058308
-0.00549101
-0.00473616
-0.00371862
-0.00251269
-0.0012642
2.89709e-05
0.00138164
0.00281472
0.00432202
0.00584409
0.00714628
0.00822346
0.00896901
0.00927257
0.00953696
0.00964328
0.00972172
0.0102762
0.0104416
0.00897121
0.00711847
0.00703222
0.00754134
0.00757685
0.00699909
0.00460623
0.000878918
0.000130427
-0.00273992
-0.00729011
-0.00875502
-0.00742069
-0.00552171
-0.0031224
-0.000952998
-0.00146801
-0.0022135
-0.00247026
-0.0023129
-0.00187293
-0.0012429
-0.000475617
0.000423299
0.00134013
0.00226872
0.00325403
0.0042984
0.00537217
0.00633617
0.00715303
0.00782877
0.00823691
0.0085227
0.00875698
0.00888807
0.00909221
0.00916265
0.00837693
0.00716027
0.00676776
0.00679611
0.00671209
0.00613237
0.00429031
0.0020141
0.000617133
-0.00182529
-0.00474987
-0.00552674
-0.00460917
-0.00347265
-0.00200667
-0.000691515
0.0010934
0.000507398
0.000253931
0.000288461
0.000526055
0.00090742
0.00140374
0.00196679
0.00255953
0.00315511
0.00380362
0.00450425
0.00523828
0.00592199
0.00651745
0.00705936
0.00745659
0.00778614
0.00798376
0.00811725
0.00816203
0.0081269
0.00770894
0.00689797
0.00644529
0.00617938
0.00593629
0.00526773
0.00369165
0.00202033
0.000782515
-0.00111561
-0.00288561
-0.00326442
-0.00270573
-0.00196158
-0.00113455
-0.000441215
0.00312864
0.00266479
0.00242934
0.0023898
0.00248818
0.00268416
0.00296634
0.00329634
0.0036529
0.0040101
0.00440927
0.00485316
0.00532848
0.00578701
0.00619234
0.00658935
0.00690077
0.00717495
0.00731941
0.00742743
0.00742892
0.00733026
0.00706878
0.00648613
0.00607156
0.00565876
0.00528842
0.00465302
0.00340096
0.00224827
0.00105241
-0.000385426
-0.00141732
-0.00157884
-0.00116618
-0.000692001
-0.000388668
-0.000277289
0.00474432
0.00438285
0.0041677
0.00407758
0.00407762
0.00414396
0.00427426
0.00443808
0.00462454
0.00480858
0.00502533
0.00527745
0.00555863
0.00583561
0.00608348
0.00634076
0.00654692
0.00673925
0.00682271
0.00688831
0.00685108
0.00672641
0.00651634
0.00608703
0.00572215
0.00528807
0.0048864
0.00429917
0.00329348
0.00241405
0.00138823
0.000328831
-0.000292794
-0.000414767
-0.000119068
0.000261677
0.000316645
4.66326e-06
0.00600532
0.00571677
0.00551928
0.0053989
0.00533685
0.00531644
0.00534189
0.00538903
0.00545487
0.00551803
0.00560567
0.00571927
0.00585347
0.00599406
0.00611282
0.0062551
0.0063602
0.00647835
0.00648916
0.00649431
0.00643305
0.00628138
0.00608919
0.00571011
0.00541522
0.00501313
0.00461001
0.00410713
0.0032873
0.00262209
0.00181369
0.00100516
0.000642461
0.000547008
0.000687728
0.000900379
0.000711983
0.000116563
0.00699275
0.00675741
0.00657636
0.0064372
0.00633634
0.00625794
0.00621202
0.00617839
0.00615934
0.00614036
0.00613521
0.00615153
0.00617441
0.0062123
0.00622518
0.00627247
0.00628582
0.00631525
0.00627724
0.00622709
0.00614916
0.00597845
0.00580181
0.00548918
0.00522551
0.00490004
0.00452326
0.00410932
0.00344678
0.00287686
0.00228685
0.0016577
0.00134241
0.00121704
0.00127258
0.00135792
0.00112516
0.000358612
0.00772659
0.0075288
0.00736235
0.00721425
0.00709117
0.00697667
0.00688295
0.00679606
0.00671615
0.00664316
0.00657074
0.00652686
0.00647122
0.00644377
0.00638576
0.00636145
0.00631371
0.00626067
0.00620591
0.0060957
0.00601574
0.00582261
0.00566138
0.00541394
0.00514001
0.00489374
0.00449774
0.00416616
0.00366458
0.00314897
0.00271415
0.00214511
0.00180986
0.00166454
0.00148759
0.00132953
0.00114682
0.000464018
0.00824658
0.00808019
0.00792302
0.0077721
0.00763273
0.0074998
0.00737811
0.00726084
0.00714486
0.00703275
0.00691955
0.00682181
0.00671954
0.00662946
0.0065277
0.00643578
0.00633645
0.00622968
0.00612659
0.00598789
0.00586131
0.00567652
0.00550163
0.00527896
0.0050135
0.004761
0.00441143
0.0040728
0.00364328
0.0031878
0.00280708
0.00236476
0.00202962
0.00180855
0.0015285
0.00125421
0.000966435
0.00035643
0.00859533
0.00844689
0.00829585
0.00814433
0.00799567
0.00785072
0.00771048
0.00757281
0.00743497
0.00729827
0.00716178
0.00703223
0.00690299
0.00677826
0.00665047
0.00652273
0.00639465
0.00625685
0.00612133
0.00596391
0.00580714
0.00561906
0.0054212
0.00520402
0.0049438
0.00469024
0.00436816
0.00404975
0.00369709
0.00330583
0.00294498
0.00254525
0.00220177
0.00192702
0.00163089
0.00132263
0.000944742
0.00034215
0.00876645
0.00862865
0.00848275
0.00833206
0.00817933
0.00802876
0.00788066
0.00773483
0.00758819
0.00744082
0.00729267
0.00714642
0.00700237
0.00685885
0.00671574
0.00656765
0.00642093
0.00626517
0.00611083
0.00594231
0.00576865
0.00557851
0.00536791
0.00515415
0.00489575
0.00464156
0.00433487
0.00401869
0.00368285
0.00330937
0.00295833
0.00257907
0.00222472
0.0018761
0.00158377
0.00125005
0.000862519
0.000308287
-0.138596
-0.148781
-0.157612
-0.164191
-0.168922
-0.167582
-0.163619
-0.155269
-0.113353
-0.119234
-0.123889
-0.127049
-0.128321
-0.128355
-0.128343
-0.132722
-0.090606
-0.0941225
-0.0962691
-0.098655
-0.100202
-0.103716
-0.105787
-0.110119
-0.0727557
-0.074845
-0.0762682
-0.0788187
-0.0807939
-0.0838422
-0.0845943
-0.0869584
-0.0578209
-0.0594228
-0.0605784
-0.0623426
-0.0632672
-0.0644732
-0.0650118
-0.068289
-0.0457469
-0.0466765
-0.0472434
-0.0480474
-0.0485553
-0.0497195
-0.0512535
-0.054459
-0.0355645
-0.0360446
-0.0363311
-0.0368626
-0.0374729
-0.0385519
-0.0398252
-0.0422101
-0.027229
-0.0274328
-0.0275573
-0.0278686
-0.0283142
-0.0290567
-0.0300856
-0.0321066
-0.0202955
-0.0203355
-0.0203334
-0.0204781
-0.02079
-0.0213431
-0.0222129
-0.0238844
-0.0145023
-0.0144699
-0.0144134
-0.0144703
-0.0146745
-0.0150735
-0.0157763
-0.0171404
-0.0096731
-0.00962929
-0.009555
-0.00954776
-0.00966633
-0.00997264
-0.0105622
-0.0116719
-0.00563005
-0.00559857
-0.00553526
-0.00552702
-0.00563931
-0.00589752
-0.00635845
-0.00720562
-0.00229509
-0.00230301
-0.00228508
-0.00229577
-0.00237423
-0.00254717
-0.0028873
-0.00354897
0.000458707
0.000412511
0.000397836
0.000378909
0.000314398
0.000166309
-0.00012266
-0.000648371
0.00271867
0.00263422
0.00257852
0.00252709
0.00244874
0.002318
0.00209406
0.00170541
0.00453233
0.0044177
0.00433083
0.00425956
0.00418074
0.00407085
0.00389352
0.00359651
0.00598214
0.0058507
0.00574381
0.00565639
0.00557058
0.00546769
0.00532058
0.0050951
0.00712643
0.00698553
0.0068645
0.00676368
0.00667088
0.00657211
0.00644716
0.00627271
0.00800663
0.00786466
0.00773842
0.00763104
0.00753586
0.00744157
0.00733463
0.00719744
0.00867469
0.00853506
0.00840612
0.0082931
0.00819407
0.00810019
0.00800305
0.00788906
0.00914219
0.00901153
0.0088833
0.00876628
0.00866222
0.00856779
0.00847643
0.00838
0.0094337
0.0093214
0.00920508
0.00909243
0.00898753
0.00889175
0.00880174
0.00871332
0.00956758
0.00947175
0.00936745
0.00925998
0.00915446
0.00905575
0.00896365
0.0088771
0.03036
0.0325752
0.0340563
0.0345228
0.0334261
0.0306194
0.0259308
0.0188084
0.00828071
-0.00704573
-0.0291095
-0.0606343
-0.10606
-0.168605
-0.226272
0.00484194
0.00432703
0.00161797
-0.00254691
-0.00806194
-0.0153116
-0.0248811
-0.0375736
-0.0544857
-0.0771152
-0.107533
-0.148457
-0.204334
-0.279072
-0.342437
-0.0206914
-0.0240281
-0.0307224
-0.0390324
-0.0485974
-0.0600412
-0.0742044
-0.0920274
-0.114688
-0.143774
-0.181525
-0.230758
-0.294762
-0.380179
-0.442155
-0.0471738
-0.053497
-0.0633863
-0.074786
-0.0876216
-0.10273
-0.120994
-0.143339
-0.170985
-0.205542
-0.249257
-0.305537
-0.376052
-0.464488
-0.523763
-0.073531
-0.0829619
-0.0953231
-0.10907
-0.124599
-0.14285
-0.164596
-0.190637
-0.222309
-0.261225
-0.309273
-0.370321
-0.444915
-0.531221
-0.585888
-0.0984502
-0.111047
-0.125389
-0.141085
-0.15897
-0.1799
-0.204543
-0.233368
-0.268045
-0.309939
-0.361161
-0.42424
-0.499213
-0.580318
-0.628203
-0.121328
-0.136708
-0.152564
-0.170192
-0.190318
-0.213503
-0.240329
-0.271513
-0.308141
-0.351675
-0.403987
-0.466625
-0.538759
-0.611426
-0.651862
-0.143042
-0.15911
-0.176748
-0.196469
-0.218687
-0.243815
-0.272372
-0.305043
-0.342704
-0.386601
-0.438184
-0.498199
-0.564295
-0.62531
-0.659184
0.185519
0.200237
0.216714
0.235328
0.256128
0.279025
0.303936
0.330817
0.359588
0.389994
0.421457
0.452806
0.482047
0.505169
0.524205
0.179989
0.193651
0.209234
0.227089
0.247115
0.269115
0.292974
0.318646
0.346041
0.374878
0.404524
0.433742
0.460443
0.480644
0.4968
0.170284
0.182118
0.196179
0.212712
0.231341
0.251676
0.273531
0.296831
0.321445
0.347017
0.372813
0.397474
0.418722
0.432723
0.442947
0.156392
0.165832
0.177922
0.192619
0.209187
0.227049
0.245967
0.265839
0.286458
0.307331
0.327545
0.345542
0.358731
0.363398
0.365247
0.138449
0.145168
0.155087
0.167655
0.181643
0.196293
0.211367
0.226772
0.24224
0.257128
0.2703
0.279942
0.283093
0.275891
0.267291
0.116685
0.120352
0.127943
0.138145
0.149186
0.160175
0.17087
0.181149
0.19064
0.198537
0.203493
0.203441
0.195051
0.174264
0.152921
0.0917809
0.09276
0.0981973
0.105544
0.11287
0.119499
0.125297
0.130031
0.133097
0.133467
0.129563
0.119063
0.0983012
0.0631769
0.0282836
0.0628223
0.0625645
0.0668069
0.071193
0.0743481
0.0761375
0.0766056
0.0753907
0.071663
0.0641671
0.0511142
0.0299163
-0.00347606
-0.0528928
-0.100548
0.0253413
0.0297613
0.0262018
0.0300635
0.0276131
0.031969
0.0302161
0.0346187
0.0340171
0.0385047
0.0393026
0.0441332
0.0466558
0.0522948
0.0570576
0.0643685
0.0718439
0.0818626
0.0929356
0.106958
0.122924
0.142533
0.16504
0.0253184
0.0297129
0.0261857
0.0299916
0.0275973
0.0318903
0.0301813
0.0345139
0.0339904
0.038363
0.0392145
0.0439717
0.0464886
0.0520727
0.0567707
0.06394
0.0712617
0.0811191
0.0918087
0.105532
0.120743
0.139723
0.160964
0.0253048
0.029639
0.0261877
0.0298907
0.0276076
0.0317811
0.0301732
0.0343772
0.0339665
0.0381841
0.0391491
0.0437739
0.0462941
0.0516922
0.0563844
0.0633375
0.0704209
0.0800221
0.0900626
0.103274
0.117247
0.135089
0.153937
0.0252998
0.0295417
0.0262054
0.029765
0.0276395
0.0316403
0.0301917
0.0342153
0.0339779
0.0379914
0.0391179
0.043591
0.0461644
0.0515177
0.0561015
0.0629197
0.0696725
0.0790675
0.0881909
0.100694
0.112798
0.128786
0.143895
0.0253042
0.029424
0.0262375
0.0296194
0.0276893
0.0314758
0.0302406
0.0340345
0.0340029
0.0377696
0.0390809
0.0433219
0.0459296
0.0509709
0.055566
0.0620228
0.0684149
0.0772102
0.0853616
0.0967583
0.10672
0.120301
0.130685
0.0253109
0.0292894
0.0262731
0.0294582
0.0277506
0.0312986
0.0303065
0.0338624
0.0340593
0.0375898
0.0391187
0.0431944
0.0459092
0.051003
0.0553703
0.0617595
0.0676343
0.0760226
0.0828777
0.0929356
0.0998813
0.110192
0.114444
0.0253274
0.0291418
0.0263229
0.0292875
0.0278181
0.0311083
0.030364
0.0336614
0.0340812
0.037349
0.039054
0.0428492
0.0456072
0.0502826
0.0546061
0.0603761
0.0659174
0.073151
0.0790364
0.087099
0.0914983
0.0977677
0.0957023
0.02534
0.0289861
0.0263683
0.0291193
0.0278926
0.0309451
0.0304651
0.033545
0.0341876
0.0372967
0.0392038
0.0429259
0.0457748
0.0506143
0.0545822
0.0603944
0.0652725
0.0719351
0.0759816
0.0819151
0.0820287
0.0834155
0.0730865
0.0253565
0.0287748
0.026436
0.0288697
0.0279638
0.0306391
0.030493
0.0332148
0.0341293
0.036861
0.0389468
0.042239
0.0450278
0.0492191
0.0529614
0.0574776
0.0618252
0.0659157
0.0688479
0.0704314
0.0678145
0.0609573
0.0448254
0.0253833
0.0284771
0.0265248
0.0285299
0.0280214
0.0301887
0.0304663
0.0325988
0.0338701
0.036041
0.0382346
0.0408639
0.0435814
0.0468749
0.0500981
0.0530905
0.0562364
0.057945
0.0588925
0.0567759
0.0522418
0.0425655
0.0296677
0.0254313
0.0281069
0.026636
0.0281153
0.0280955
0.0296478
0.0304255
0.0319594
0.0335311
0.0351939
0.0374332
0.0394601
0.0419562
0.0443577
0.0468723
0.0486313
0.050344
0.050314
0.0491747
0.0452384
0.0391483
0.0296117
0.0177602
0.0255016
0.0276563
0.0267669
0.0276325
0.0281467
0.0291395
0.0302689
0.0313653
0.0330285
0.0342923
0.0364279
0.0378816
0.0400499
0.0416301
0.0432791
0.044049
0.0442514
0.0429172
0.0402021
0.0352169
0.0284694
0.0194847
0.00893423
0.0255966
0.0271195
0.0268986
0.0271802
0.0280829
0.028681
0.0299874
0.0307494
0.0323526
0.0333377
0.0351669
0.0361936
0.0378501
0.0387295
0.0394341
0.0393683
0.03831
0.0359909
0.0323294
0.0269653
0.0202886
0.0121105
0.00285463
0.0257172
0.0265204
0.0269279
0.0267975
0.0279303
0.0282297
0.0295742
0.0301083
0.0315135
0.0322997
0.0337073
0.0343571
0.0354231
0.0356638
0.0355275
0.0347161
0.0328046
0.0298331
0.0258082
0.020519
0.0142638
0.00695462
-0.00119592
0.0258352
0.0259486
0.0268171
0.0264632
0.0276722
0.0277847
0.0290229
0.0294365
0.0305327
0.0311475
0.0320844
0.0323702
0.0328619
0.0325212
0.0317146
0.0303169
0.0279098
0.0246358
0.0205757
0.0156365
0.00999488
0.0035985
-0.00355898
0.02591
0.0254156
0.0265993
0.0261558
0.0272988
0.0273287
0.0283458
0.0286837
0.0294396
0.0298671
0.0303458
0.0302771
0.0302539
0.0294207
0.0281357
0.0263374
0.0237247
0.0204186
0.0165188
0.0120657
0.00712091
0.00163951
-0.00448162
0.0259113
0.0249467
0.0262642
0.0258583
0.0268141
0.0268554
0.0275715
0.0278345
0.0282646
0.0284714
0.0285415
0.028142
0.0276831
0.0264829
0.0248998
0.0228955
0.0202687
0.0171147
0.0135225
0.00961516
0.0054008
0.000830668
-0.00425964
0.025819
0.0245546
0.025812
0.025549
0.0262365
0.0263055
0.0267334
0.0268814
0.0270262
0.0269954
0.0267226
0.0260377
0.025238
0.0238067
0.0220883
0.0200397
0.0175249
0.0146347
0.0114472
0.00810599
0.00460051
0.000871549
-0.00327698
0.0256194
0.0242367
0.025261
0.025196
0.0256072
0.0256736
0.0258512
0.0258413
0.0257426
0.0254813
0.0249387
0.0240397
0.0229974
0.0214645
0.0197338
0.0177609
0.015445
0.0128755
0.0101293
0.00733832
0.00447826
0.00148161
-0.00185213
0.0253075
0.0239787
0.0246447
0.0247489
0.0249562
0.0249592
0.024931
0.0247499
0.0244473
0.0239811
0.023237
0.0221997
0.0210251
0.0194918
0.0178354
0.016018
0.0139507
0.0117159
0.00939864
0.00711245
0.00481909
0.0024402
-0.000212079
0.0248893
0.0237505
0.0240188
0.0241773
0.0242838
0.0241879
0.0239803
0.0236466
0.023186
0.0225564
0.021665
0.020556
0.0193417
0.0178855
0.0163672
0.0147502
0.0129442
0.011026
0.00909585
0.00725276
0.0054439
0.003577
0.00148444
0.0243824
0.0235035
0.0234311
0.0234987
0.0235674
0.023376
0.0230113
0.0225563
0.0219933
0.0212533
0.0202645
0.0191257
0.0179398
0.016621
0.0152854
0.0138829
0.0123233
0.0106851
0.00908694
0.00761795
0.0062117
0.00476189
0.00312127
0.0238136
0.0231679
0.0228883
0.0228315
0.0228149
0.0225264
0.0220374
0.0215004
0.0208978
0.0201073
0.0190616
0.0179163
0.0167997
0.015654
0.0145213
0.0133267
0.0119909
0.0105955
0.00927297
0.00810611
0.00702272
0.00590654
0.00462559
0.0232096
0.0227378
0.0223761
0.0221942
0.0220551
0.0216699
0.021087
0.0204995
0.019901
0.0191164
0.0180656
0.0169371
0.0159018
0.0149288
0.0139944
0.0129955
0.0118632
0.0106794
0.00958046
0.0086482
0.00781576
0.00696443
0.00597327
0.0225959
0.0222352
0.0218576
0.0215829
0.0213203
0.0208477
0.0201999
0.019586
0.0190068
0.0182606
0.0172603
0.0161847
0.0152294
0.0144
0.0136379
0.0128179
0.0118703
0.0108699
0.00995054
0.00919606
0.00855151
0.00790406
0.00714285
0.0219961
0.0217021
0.0213292
0.0209878
0.0206277
0.020095
0.0194044
0.0187772
0.0182228
0.0175282
0.0166156
0.015631
0.0147534
0.0140296
0.0134007
0.0127356
0.0119522
0.011109
0.0103322
0.00970975
0.00920358
0.00871078
0.00813111
0.0214205
0.0211641
0.0208067
0.0204242
0.0199978
0.0194293
0.0187225
0.0180891
0.0175528
0.0169167
0.0161113
0.0152396
0.0144368
0.0137814
0.0132464
0.0127095
0.0120699
0.0113592
0.0106937
0.0101671
0.00975887
0.00937911
0.00893862
0.0208971
0.0206601
0.0203186
0.0199101
0.0194396
0.0188669
0.0181661
0.0175243
0.0169994
0.0164207
0.0157227
0.014967
0.0142341
0.0136228
0.0131515
0.0127148
0.0121962
0.011597
0.0110201
0.0105632
0.0102267
0.00993425
0.00960267
0.0204568
0.0202266
0.019886
0.0194716
0.0189803
0.0184083
0.0177319
0.0170897
0.0165606
0.0160276
0.0154211
0.0147607
0.0140973
0.0135299
0.0131033
0.0127337
0.0123047
0.0117991
0.011297
0.0108911
0.0106037
0.0103813
0.0101494
0.0201207
0.0198935
0.0195484
0.0191384
0.0186428
0.018069
0.017428
0.0167993
0.0162565
0.0157564
0.0152226
0.0146334
0.014032
0.0135074
0.0131054
0.012766
0.0123902
0.0119466
0.0114911
0.0111083
0.0108361
0.0106452
0.0104736
0.0199373
0.0197132
0.019364
0.0189475
0.0184407
0.0178659
0.0172514
0.0166387
0.0160871
0.0155928
0.015098
0.0145613
0.0140019
0.0134935
0.0130944
0.0127738
0.0124422
0.0120505
0.0116303
0.0112564
0.0109862
0.0108168
0.0106982
0.026076
0.00374561
-0.0220816
-0.0459562
-0.0681231
-0.089126
-0.1085
-0.125083
0.0150673
-0.00580971
-0.0304297
-0.0514762
-0.0678799
-0.0821266
-0.0946824
-0.105155
0.00585494
-0.0104529
-0.0308816
-0.0477999
-0.0594103
-0.0689395
-0.0775649
-0.0852112
-0.00131667
-0.0144024
-0.0308291
-0.0444645
-0.053277
-0.0596839
-0.0651063
-0.0697568
-0.00598865
-0.0163479
-0.0288299
-0.0389938
-0.0453581
-0.0494912
-0.0528454
-0.0558092
-0.00888887
-0.016954
-0.0258125
-0.0331016
-0.0378295
-0.0406926
-0.0428125
-0.0445728
-0.0103622
-0.0165381
-0.0222555
-0.0269987
-0.0303947
-0.0324943
-0.0338911
-0.0349157
-0.010275
-0.0149134
-0.0184194
-0.0212879
-0.0236153
-0.0252197
-0.0262473
-0.0268875
-0.00906097
-0.0125078
-0.0145621
-0.0161744
-0.0176884
-0.0188918
-0.0196851
-0.0201205
-0.00717475
-0.00972158
-0.0108587
-0.0116676
-0.0125934
-0.013462
-0.0140793
-0.0144022
-0.00496889
-0.00684317
-0.00741655
-0.00773084
-0.00825021
-0.00885539
-0.00933549
-0.00959628
-0.00267723
-0.00405324
-0.00429301
-0.00432045
-0.00457194
-0.0049766
-0.00534295
-0.00555814
-0.000446584
-0.00145481
-0.00150873
-0.00138664
-0.00147513
-0.0017399
-0.00202188
-0.00221008
0.00161916
0.000879122
0.000918345
0.00110837
0.00111719
0.000951343
0.000733961
0.000562853
0.00345978
0.00291016
0.00298431
0.00319709
0.00326882
0.00317666
0.00300749
0.00284486
0.00507076
0.00465459
0.00472598
0.00492204
0.00501637
0.00496844
0.00483259
0.00467587
0.00644938
0.00612953
0.00617737
0.00633115
0.00641707
0.00638998
0.00627854
0.00613191
0.00760359
0.00735494
0.00737211
0.00747413
0.00753433
0.00751075
0.00741402
0.00727695
0.00853869
0.00834015
0.00832489
0.00837458
0.00840143
0.00837004
0.00828026
0.00815212
0.00929613
0.00912493
0.00907029
0.00906516
0.00905548
0.00901295
0.00892917
0.00881184
0.00992428
0.00976413
0.00965304
0.00957553
0.00951277
0.00944774
0.00936654
0.00926398
0.0103154
0.0101837
0.0100524
0.00992819
0.00981758
0.00972095
0.00963044
0.00953699
0.010592
0.0104706
0.0103078
0.0101345
0.00997692
0.00984822
0.00974522
0.00965626
-0.379936
-0.389533
-0.403788
-0.42243
-0.44655
-0.477152
-0.510834
-0.540475
-0.37857
-0.38705
-0.399165
-0.415007
-0.435107
-0.45964
-0.4876
-0.513347
-0.372999
-0.381746
-0.392939
-0.406734
-0.42418
-0.443939
-0.461916
-0.473698
-0.364856
-0.374529
-0.385116
-0.396381
-0.408307
-0.41917
-0.42561
-0.424677
-0.356401
-0.366098
-0.374661
-0.381252
-0.385873
-0.387804
-0.385313
-0.376315
-0.349148
-0.356792
-0.361156
-0.361936
-0.360015
-0.355454
-0.347113
-0.333174
-0.344067
-0.347054
-0.345615
-0.340753
-0.33388
-0.324953
-0.312863
-0.295884
-0.341086
-0.33711
-0.329213
-0.319568
-0.309
-0.297132
-0.282582
-0.263772
-0.338833
-0.326585
-0.3127
-0.299203
-0.285878
-0.27195
-0.255799
-0.235951
-0.335316
-0.314938
-0.296276
-0.279832
-0.264434
-0.249126
-0.23197
-0.211687
-0.328851
-0.301666
-0.279938
-0.261129
-0.244502
-0.228238
-0.210655
-0.190366
-0.317696
-0.287099
-0.263133
-0.243019
-0.225713
-0.208974
-0.191439
-0.171537
-0.303696
-0.270848
-0.245706
-0.225292
-0.20768
-0.19112
-0.173939
-0.154893
-0.284537
-0.252147
-0.227664
-0.207699
-0.190591
-0.174391
-0.157982
-0.140003
-0.26185
-0.23299
-0.209132
-0.190933
-0.173919
-0.158371
-0.142736
-0.126341
-0.418481
-0.414143
-0.409194
-0.402619
-0.394606
-0.3863
-0.379351
-0.376476
-0.419119
-0.412748
-0.405986
-0.398366
-0.39034
-0.382942
-0.377283
-0.375143
-0.419459
-0.411861
-0.403914
-0.394754
-0.385166
-0.37665
-0.370558
-0.368822
-0.421626
-0.412952
-0.403378
-0.391772
-0.379068
-0.367718
-0.360126
-0.358896
-0.426167
-0.416581
-0.405281
-0.390728
-0.374024
-0.358828
-0.349269
-0.348739
-0.433463
-0.423406
-0.410482
-0.392858
-0.37196
-0.352757
-0.341314
-0.341717
-0.444039
-0.434307
-0.419975
-0.39922
-0.374289
-0.35172
-0.339439
-0.338983
-0.458428
-0.450182
-0.434738
-0.410763
-0.382152
-0.357284
-0.344339
-0.341286
-0.477052
-0.471706
-0.455452
-0.428024
-0.396044
-0.369851
-0.355238
-0.347221
-0.500097
-0.499022
-0.482156
-0.451274
-0.416402
-0.388943
-0.369841
-0.353456
-0.527255
-0.531704
-0.513748
-0.47881
-0.44165
-0.410866
-0.384571
-0.357795
-0.55743
-0.568147
-0.54924
-0.510415
-0.47074
-0.434124
-0.396542
-0.356224
-0.588826
-0.60527
-0.584542
-0.540969
-0.496631
-0.450751
-0.400637
-0.348054
-0.618109
-0.639788
-0.616706
-0.570565
-0.518354
-0.460229
-0.396765
-0.334007
-0.641615
-0.667423
-0.640392
-0.587981
-0.524529
-0.452359
-0.379607
-0.315117
-0.662824
-0.69061
-0.656667
-0.587199
-0.504775
-0.414808
-0.340823
-0.295233
-0.599426
-0.629428
-0.599222
-0.538708
-0.466185
-0.389857
-0.330441
-0.28968
-0.441011
-0.466564
-0.453832
-0.413479
-0.368734
-0.323397
-0.288565
-0.260452
-0.301499
-0.307096
-0.299842
-0.281143
-0.260927
-0.241053
-0.228783
-0.218739
-0.220431
-0.20794
-0.195354
-0.184394
-0.179647
-0.172465
-0.167697
-0.169659
-0.202161
-0.167816
-0.148754
-0.139921
-0.133751
-0.129239
-0.124191
-0.127478
-0.210797
-0.152432
-0.116766
-0.103927
-0.100784
-0.0985007
-0.0947681
-0.0971875
-0.202949
-0.139063
-0.0863499
-0.0629852
-0.0649757
-0.0738414
-0.076153
-0.0661772
-0.163727
-0.13084
-0.100999
-0.0789434
-0.0741784
-0.081599
-0.0911637
-0.0819323
-0.143065
-0.134037
-0.126135
-0.118053
-0.11788
-0.126344
-0.12948
-0.140952
-0.13314
-0.133512
-0.135657
-0.137519
-0.135671
-0.133157
-0.120849
-0.107487
-0.117653
-0.125651
-0.136421
-0.147144
-0.150028
-0.14166
-0.122388
-0.104752
-0.11091
-0.125512
-0.144453
-0.164823
-0.174216
-0.172029
-0.159044
-0.132712
-0.122816
-0.13158
-0.142916
-0.156281
-0.166076
-0.165433
-0.162086
-0.138104
-0.146274
-0.145526
-0.144331
-0.142628
-0.140863
-0.13653
-0.133546
-0.122887
-0.150057
-0.147784
-0.143182
-0.135829
-0.127908
-0.118558
-0.110962
-0.102322
-0.120426
-0.123034
-0.123808
-0.121378
-0.115883
-0.107263
-0.0959747
-0.0831564
-0.0982098
-0.103039
-0.10682
-0.108921
-0.108933
-0.106509
-0.101048
-0.0917993
-0.113615
-0.119714
-0.124842
-0.128448
-0.130212
-0.129604
-0.127151
-0.12157
-0.129153
-0.13312
-0.13604
-0.138262
-0.138736
-0.139113
-0.13634
-0.135492
-0.107194
-0.108132
-0.107737
-0.107317
-0.10584
-0.105558
-0.103036
-0.102993
-0.0730428
-0.0672857
-0.0607838
-0.0550998
-0.0508015
-0.0487635
-0.0474766
-0.0486825
-0.0612985
-0.0510879
-0.041217
-0.0326625
-0.025932
-0.0213205
-0.0192642
-0.0185534
-0.0740795
-0.0624706
-0.0508732
-0.0400837
-0.0307932
-0.0231246
-0.0171277
-0.0124692
-0.0795295
-0.0714397
-0.0625271
-0.0531463
-0.0438917
-0.0349547
-0.0260853
-0.017982
-0.100154
-0.0956057
-0.0892241
-0.0813128
-0.0723291
-0.0627801
-0.0533309
-0.0438457
-0.10935
-0.105481
-0.100143
-0.0935838
-0.0858304
-0.077511
-0.0681797
-0.0587057
-0.0589453
-0.0558263
-0.0530996
-0.0508556
-0.0488008
-0.0471341
-0.0452131
-0.0437525
-0.0077391
-0.00771796
-0.0084439
-0.00994239
-0.0120595
-0.0146665
-0.0175828
-0.0205888
0.00343541
0.0031177
0.00242471
0.00134259
-9.49089e-05
-0.00181288
-0.00376954
-0.00583905
-0.0059842
-0.00476435
-0.00364654
-0.0026504
-0.00176648
-0.000994038
-0.000321292
0.000318529
-0.0262833
-0.0227483
-0.0191993
-0.0157671
-0.0125054
-0.00940705
-0.00640602
-0.00345122
-0.0482924
-0.0442115
-0.0400157
-0.0361433
-0.032594
-0.0292892
-0.0261455
-0.0229532
-0.0545775
-0.0515843
-0.0487701
-0.0462431
-0.0440324
-0.0421069
-0.0404171
-0.0389204
-0.0405769
-0.0391413
-0.0379444
-0.037041
-0.0364174
-0.0360506
-0.0358844
-0.0359462
-0.0198006
-0.0194966
-0.0193323
-0.0192958
-0.0193809
-0.0196068
-0.0199732
-0.0205328
-0.00556487
-0.00555168
-0.00564429
-0.00582849
-0.00608452
-0.00640261
-0.00677513
-0.00721869
0.00117832
0.00125274
0.00121953
0.00107182
0.000820819
0.000489888
0.000106968
-0.00030993
-0.259878
-0.191747
-0.150632
-0.116594
-0.0860071
-0.0640306
-0.0466064
-0.032267
-0.0215119
-0.0133504
-0.00664026
-0.00152221
0.00243102
0.00555069
0.00795218
0.00981342
0.01124
0.0123212
0.0131283
0.0137249
0.0141321
0.0143961
0.0145281
-0.260772
-0.197738
-0.159009
-0.122143
-0.0916571
-0.0689319
-0.0501495
-0.0354402
-0.0241856
-0.0153053
-0.00825897
-0.00285256
0.00139254
0.00472934
0.00730856
0.00931798
0.0108565
0.0120275
0.0129009
0.0135478
0.0139844
0.0142685
0.0144077
-0.23033
-0.173375
-0.143479
-0.110683
-0.0848317
-0.0644404
-0.0474262
-0.0341192
-0.0235462
-0.015053
-0.00834819
-0.0030743
0.001118
0.00443488
0.00703019
0.0090624
0.0106286
0.0118286
0.012727
0.0133969
0.0138503
0.0141454
0.0142887
-0.188305
-0.139251
-0.117984
-0.088697
-0.0693571
-0.0529214
-0.0393368
-0.0286103
-0.0198131
-0.012647
-0.0068443
-0.00217368
0.0016177
0.00468234
0.00712418
0.00905732
0.0105675
0.0117344
0.0126162
0.0132798
0.0137308
0.0140267
0.01417
-0.143694
-0.105072
-0.0895122
-0.0640586
-0.0511097
-0.0387768
-0.0289575
-0.0211855
-0.0146111
-0.0091364
-0.00447366
-0.000636472
0.00262276
0.00531029
0.00749121
0.00924574
0.0106387
0.0117251
0.0125554
0.0131884
0.0136245
0.0139117
0.0140521
-0.105476
-0.0750705
-0.0608187
-0.0402109
-0.0319963
-0.0235079
-0.0176471
-0.0129556
-0.00878
-0.00506831
-0.00168909
0.00127555
0.0038882
0.00612535
0.00799721
0.00953964
0.0107833
0.0117674
0.0125306
0.0131182
0.0135243
0.0137972
0.0139313
-0.0755492
-0.0498234
-0.0346144
-0.0173994
-0.0133161
-0.00816904
-0.00623151
-0.00459532
-0.00286318
-0.000946621
0.0011532
0.00322868
0.00520543
0.00698721
0.00853804
0.0098584
0.0109423
0.011818
0.0125079
0.013048
0.0134261
0.0136818
0.0138088
-0.0386064
-0.0165348
-0.000549352
0.0105544
0.00878721
0.00813387
0.00522809
0.00359979
0.00290664
0.00313158
0.00399779
0.00517464
0.00651535
0.00784211
0.00907957
0.0101796
0.0111058
0.0118744
0.012496
0.0129874
0.0133288
0.0135666
0.013684
-0.0260274
0.0126702
0.0382118
0.0417271
0.0333556
0.0249868
0.0169363
0.0117261
0.00858412
0.00715327
0.00686212
0.00719682
0.00789967
0.0087562
0.00966201
0.0105215
0.0112842
0.0119399
0.012483
0.0129264
0.0132371
0.0134538
0.0135611
-0.0366602
0.0226767
0.0597379
0.0594092
0.0488823
0.0365517
0.0257058
0.0182256
0.0133732
0.0106719
0.00945383
0.00906804
0.00923234
0.009686
0.0102803
0.0109029
0.0114965
0.0120324
0.0124917
0.0128807
0.0131502
0.0133438
0.0134391
-0.0496242
0.0239912
0.0604085
0.0600759
0.0501195
0.038869
0.0288217
0.0216
0.0165045
0.013466
0.0117244
0.0108734
0.0105805
0.0106442
0.0109244
0.0113081
0.0117262
0.0121333
0.0125014
0.0128312
0.0130665
0.0132352
0.0133194
-0.0731563
-0.0221094
0.0168566
0.0337658
0.035128
0.0312687
0.0262396
0.021567
0.0178648
0.0151888
0.0133942
0.0123514
0.0117619
0.0115351
0.0115476
0.0117096
0.0119588
0.0122416
0.01252
0.012788
0.0129815
0.0131248
0.0131976
-0.118752
-0.0876625
-0.0415206
-0.00649676
0.0122943
0.0198589
0.0205077
0.0192048
0.0176766
0.0159375
0.0147515
0.013676
0.0128681
0.0123885
0.012152
0.0121098
0.012195
0.0123549
0.0125418
0.0127494
0.0128995
0.0130154
0.0130747
-0.136735
-0.101024
-0.060134
-0.0241962
-0.00223187
0.0108032
0.0163728
0.0181418
0.0180255
0.0169705
0.0160205
0.0149037
0.0139582
0.0132404
0.0127754
0.0125272
0.012448
0.0124795
0.012573
0.0127164
0.0128212
0.012904
0.0129484
-0.109785
-0.0792681
-0.0530109
-0.0254005
-0.00736038
0.00722094
0.0138387
0.0179908
0.018704
0.0182837
0.0173331
0.0160172
0.0149082
0.0140078
0.0133613
0.012938
0.0127091
0.0126159
0.0126166
0.012695
0.0127467
0.0127953
0.0128214
-0.0852174
-0.0574276
-0.0364993
-0.0107894
-0.000565
0.0133572
0.0163209
0.0198886
0.0192436
0.0191485
0.0181866
0.0170255
0.0158061
0.0147145
0.0138824
0.0132973
0.0129314
0.0127234
0.0126335
0.012654
0.0126667
0.0126803
0.0126911
-0.0673471
-0.0436165
-0.0217896
0.00381964
0.0172893
0.0280827
0.0293255
0.0290621
0.0250486
0.0221701
0.0197355
0.0180432
0.0165455
0.0152774
0.0143019
0.0135934
0.0131177
0.0128209
0.0126508
0.0126262
0.0125809
0.0125638
0.0125564
-0.0816087
-0.0627582
-0.0372514
-0.00811426
0.0208344
0.0311792
0.0344703
0.0309825
0.0270866
0.0240354
0.0212272
0.0189199
0.0170441
0.0156276
0.014577
0.0137951
0.013248
0.0128727
0.0126468
0.0125566
0.0124865
0.0124364
0.0124144
-0.108882
-0.0956983
-0.0658695
-0.0311633
0.0116852
0.0230558
0.0299967
0.0266003
0.0233577
0.0212745
0.019685
0.0183695
0.0169454
0.0156776
0.0146571
0.0138813
0.0133151
0.0129078
0.0126423
0.0124998
0.0123795
0.0123004
0.0122611
-0.122618
-0.109585
-0.0790661
-0.0446558
-0.0057388
0.0158303
0.0242929
0.0231725
0.0198002
0.01738
0.0167596
0.0166429
0.016051
0.0153187
0.0145196
0.0138374
0.0132902
0.0128725
0.0125856
0.0124053
0.0122561
0.0121502
0.0120942
-0.0960511
-0.0839011
-0.0620702
-0.0408572
-0.0215914
-0.00754435
0.00422145
0.0109233
0.0131973
0.0140604
0.0148325
0.0151387
0.0149592
0.014564
0.0141019
0.0136294
0.0131786
0.0127926
0.0125002
0.0122986
0.0121132
0.0119796
0.0119089
-0.0492106
-0.0404546
-0.0303567
-0.0260412
-0.0239055
-0.0187612
-0.0080429
0.00167252
0.00841887
0.0120176
0.0138862
0.0145842
0.0145986
0.0142277
0.0138259
0.0134082
0.0130235
0.0126751
0.0123868
0.0121718
0.0119492
0.0117949
0.0117033
-0.0209375
-0.0173764
-0.0155619
-0.0149173
-0.0141358
-0.00616682
-0.00143249
0.00425778
0.00677729
0.00904691
0.0112358
0.0131603
0.0139891
0.0139431
0.0136154
0.0132164
0.0128397
0.012479
0.0121825
0.0119797
0.0117524
0.0115752
0.0114739
-0.0125997
-0.00853972
-0.00642509
-0.00120511
0.0023003
0.00802165
0.00952791
0.0109282
0.00803453
0.00772284
0.00859967
0.0109528
0.0123214
0.0129589
0.0130454
0.0128821
0.0126035
0.0122688
0.0119672
0.0117642
0.011503
0.0113215
0.0112067
-0.0123323
-0.00361764
0.00383874
0.0117291
0.0168551
0.019101
0.0185785
0.0158589
0.01133
0.00890084
0.00864969
0.0102993
0.0116637
0.0124579
0.0126288
0.012518
0.0122885
0.0119707
0.0116794
0.0114803
0.0112259
0.0110291
0.0109048
-0.0314899
-0.0160949
-0.000313046
0.0134727
0.0251726
0.0299005
0.030176
0.0242727
0.0164648
0.00978797
0.00831516
0.0105384
0.0120621
0.0126662
0.0125639
0.0123762
0.0120845
0.0117529
0.011407
0.0112093
0.010907
0.0106903
0.0105508
-0.0445335
-0.0313613
-0.015606
-0.0013641
0.0112053
0.0189371
0.022073
0.0204426
0.0155169
0.00834338
0.00731841
0.00844504
0.0106878
0.0120744
0.0124322
0.012287
0.0119342
0.0115514
0.0111532
0.0109017
0.0105563
0.0103072
0.0101503
-0.0405634
-0.0360717
-0.030961
-0.0269162
-0.0232525
-0.0195989
-0.0143075
-0.00810423
-0.00475846
-0.00413469
-0.000870872
0.00527037
0.0100579
0.0121196
0.012394
0.0121262
0.0117193
0.0112451
0.010775
0.0104965
0.0101235
0.00984229
0.00967588
-0.0247427
-0.0278607
-0.0315488
-0.0352668
-0.0380467
-0.0381692
-0.0326317
-0.0222616
-0.0148666
-0.00971169
-0.00397799
0.00465092
0.00957086
0.0114982
0.0120856
0.0119611
0.0115335
0.0109431
0.010386
0.0100789
0.00961957
0.0093135
0.00912484
-0.00898584
-0.0114202
-0.0136022
-0.0147201
-0.0149503
-0.0140176
-0.0118318
-0.00901067
-0.00816568
-0.00946879
-0.00938469
-0.0031765
0.00586089
0.0112285
0.0130047
0.0121744
0.0114367
0.010582
0.00988933
0.00948303
0.00902845
0.00867869
0.00848015
0.0011947
0.00318762
0.00574361
0.00906012
0.0124258
0.0151545
0.01576
0.0133865
0.00889574
0.000819604
-0.00940599
-0.0108058
-0.00161695
0.00762793
0.0115542
0.0117777
0.0109539
0.0099818
0.00923207
0.00878615
0.0083005
0.00792043
0.00771342
0.000399508
0.00534624
0.0110762
0.0169325
0.0224662
0.0259991
0.0263956
0.021909
0.015197
0.00450881
-0.00916089
-0.012246
-0.00170873
0.00728939
0.0109172
0.0110064
0.00988549
0.00883893
0.00813541
0.00774122
0.00733515
0.00699703
0.00680975
-0.0189534
-0.0152427
-0.011351
-0.00805759
-0.00599567
-0.00597529
-0.0085985
-0.014232
-0.0209892
-0.0261064
-0.0269565
-0.019401
-0.0073084
0.00186836
0.00635522
0.00770659
0.00670233
0.00630766
0.00608964
0.00607407
0.00601352
0.00582277
0.00574557
-0.0372516
-0.0359629
-0.0353548
-0.0359642
-0.0382164
-0.0423665
-0.0481792
-0.0547715
-0.0606388
-0.0610212
-0.0526163
-0.037805
-0.0225799
-0.0106431
-0.0026208
0.00290157
-0.000207154
0.00217186
0.00307241
0.00385546
0.00428417
0.00447376
0.00454061
-0.0361695
-0.036875
-0.0382648
-0.0407167
-0.0443532
-0.0491743
-0.05478
-0.0600799
-0.0636358
-0.0622834
-0.0544378
-0.0414705
-0.0283765
-0.0177533
-0.0102124
-0.00536557
-0.00326897
-0.00131945
3.60401e-05
0.00136058
0.00243699
0.00302141
0.0032704
-0.021361
-0.0225351
-0.0241336
-0.0262829
-0.0289216
-0.031944
-0.035545
-0.0381611
-0.0393273
-0.0380053
-0.0338044
-0.0276201
-0.0211251
-0.0154394
-0.011027
-0.00772374
-0.00546375
-0.00368861
-0.00222005
-0.000623547
0.00101869
0.00177899
0.00213912
-0.00780626
-0.00857048
-0.00951733
-0.01067
-0.0119685
-0.0133747
-0.0146467
-0.0155573
-0.015826
-0.0152277
-0.01388
-0.0121029
-0.0102739
-0.00856024
-0.00699168
-0.00559748
-0.00440744
-0.00324864
-0.00236075
-0.000981715
0.000327021
0.000997252
0.00126968
-0.000828937
-0.00140574
-0.00199427
-0.00257147
-0.0031095
-0.00358584
-0.00395443
-0.0041907
-0.00423286
-0.00408368
-0.00376582
-0.00334629
-0.00288436
-0.00246719
-0.00204209
-0.00171077
-0.00139293
-0.00100705
-0.000740453
-0.000199389
0.000207338
0.000400386
0.000483959
-0.109366
-0.0909316
-0.0732911
-0.0587346
-0.0458971
-0.0353432
-0.0262369
-0.0183013
-0.0117966
-0.00632017
-0.00172932
0.00201256
0.00509008
0.00758628
0.0095742
0.0111411
0.0123537
0.013277
0.0139725
0.0144742
0.0148262
0.0150536
0.0151709
-0.122325
-0.10014
-0.0793685
-0.0626054
-0.0484877
-0.037084
-0.0271454
-0.0186491
-0.0119238
-0.00627505
-0.00162561
0.00210368
0.00515972
0.00761365
0.00956032
0.0110953
0.0122865
0.0131984
0.0138867
0.0143858
0.0147367
0.014959
0.0150725
-0.136343
-0.110123
-0.0855781
-0.0663994
-0.0512059
-0.0390889
-0.0280974
-0.0191073
-0.0121595
-0.00625943
-0.0015333
0.00220349
0.00525549
0.00767061
0.00957598
0.0110745
0.0122396
0.0131355
0.0138144
0.0143103
0.0146611
0.0148796
0.0149895
-0.150169
-0.120384
-0.0925461
-0.0710033
-0.0551067
-0.0417796
-0.0293668
-0.0200595
-0.0127597
-0.00649575
-0.00165556
0.00216598
0.00526964
0.00768055
0.00957179
0.0110481
0.0121942
0.0130758
0.013745
0.0142384
0.0145905
0.0148079
0.014917
-0.166975
-0.131662
-0.0996135
-0.0761477
-0.0599966
-0.0444975
-0.0309478
-0.0215286
-0.0136234
-0.00697764
-0.00200957
0.00197028
0.0051578
0.00759802
0.00950892
0.0109864
0.0121304
0.0130069
0.0136717
0.0141645
0.014518
0.0147377
0.0148488
-0.18262
-0.142515
-0.106458
-0.0826638
-0.0651169
-0.0467957
-0.033068
-0.023313
-0.0145755
-0.00773371
-0.00259828
0.00160551
0.00488971
0.00739761
0.00936022
0.0108655
0.0120285
0.0129142
0.0135835
0.0140816
0.0144387
0.0146632
0.0147784
-0.202776
-0.152965
-0.114335
-0.0912191
-0.0697788
-0.0496
-0.0362063
-0.0252306
-0.0157603
-0.00885997
-0.00339801
0.00104405
0.00442762
0.0070496
0.00909467
0.0106612
0.0118697
0.0127858
0.0134752
0.0139883
0.0143525
0.0145846
0.0147044
-0.225779
-0.16657
-0.127257
-0.101836
-0.0753599
-0.0548465
-0.0404544
-0.0278408
-0.0179414
-0.0106854
-0.00468861
3.34587e-05
0.00362502
0.00644914
0.00863597
0.0103197
0.0116151
0.0125956
0.0133299
0.0138759
0.0142567
0.0145009
0.014626
0.050881
0.027656
0.00509947
-0.0177596
-0.0414939
-0.0645211
-0.0865
-0.107828
0.0542648
0.0287806
0.00351093
-0.0224018
-0.0489403
-0.0746128
-0.0985462
-0.120258
0.0572452
0.0278805
-0.0013843
-0.0305424
-0.0592272
-0.086418
-0.111341
-0.133964
0.0590002
0.0252578
-0.0080381
-0.0402137
-0.0708588
-0.0994931
-0.125641
-0.149523
0.0588131
0.0209046
-0.0161274
-0.0513175
-0.0842373
-0.114678
-0.142345
-0.167442
0.0565982
0.0145316
-0.0262595
-0.0647237
-0.100335
-0.132921
-0.162096
-0.188211
0.0522478
0.0056065
-0.0393244
-0.0814223
-0.119964
-0.154597
-0.185436
-0.212351
0.0451956
-0.00671315
-0.056333
-0.102448
-0.144176
-0.181078
-0.213172
-0.240524
0.0343846
-0.0236105
-0.0785325
-0.129056
-0.174169
-0.213268
-0.246376
-0.273672
0.0183001
-0.0466863
-0.107586
-0.162892
-0.211463
-0.252783
-0.28651
-0.312982
-0.00512731
-0.0781286
-0.145821
-0.206436
-0.258606
-0.301832
-0.335353
-0.359784
-0.03876
-0.120775
-0.196166
-0.262801
-0.318783
-0.362738
-0.39437
-0.414628
-0.0872803
-0.179154
-0.262048
-0.334566
-0.392726
-0.435402
-0.462502
-0.474871
-0.154229
-0.257998
-0.349787
-0.423113
-0.477736
-0.513547
-0.530441
-0.529609
-0.214637
-0.322201
-0.411828
-0.481577
-0.530296
-0.558285
-0.567442
-0.560633
0.186733
0.183617
0.176339
0.164904
0.149359
0.130052
0.107399
0.0807738
0.201479
0.197438
0.188445
0.174726
0.156615
0.134177
0.109175
0.0816083
0.21796
0.213063
0.202616
0.186975
0.166866
0.142228
0.115232
0.0868641
0.236599
0.230986
0.21929
0.201836
0.179768
0.153049
0.123266
0.0921774
0.257444
0.251118
0.238112
0.21862
0.19405
0.164644
0.131239
0.0960867
0.280372
0.273175
0.258562
0.236629
0.208828
0.175922
0.138307
0.0983626
0.305279
0.296983
0.280351
0.25551
0.223793
0.18657
0.144225
0.0990286
0.332116
0.322492
0.303383
0.275105
0.238838
0.196472
0.148726
0.0977091
0.360805
0.349619
0.327535
0.295183
0.253674
0.205253
0.151172
0.093507
0.391083
0.378065
0.352437
0.315211
0.267593
0.212052
0.150458
0.0850585
0.422354
0.407155
0.377304
0.334202
0.279347
0.215405
0.144891
0.0704339
0.453436
0.435604
0.400705
0.350507
0.286997
0.213104
0.132003
0.0468931
0.482323
0.461266
0.420248
0.361391
0.287413
0.201619
0.107913
0.0101546
0.505014
0.480192
0.432123
0.363045
0.276577
0.17672
0.0683867
-0.0437311
0.523623
0.495098
0.440393
0.362378
0.264526
0.151332
0.0293043
-0.0952121
0.0253747
0.0254171
0.025469
0.0255291
0.0255963
0.0256682
0.0257427
0.0258241
0.0297835
0.0297798
0.0297514
0.0297003
0.0296296
0.0295426
0.0294423
0.0293355
0.0262361
0.0262883
0.0263586
0.0264443
0.0265421
0.0266481
0.0267591
0.0268678
0.0301051
0.0301131
0.0300907
0.0300409
0.0299685
0.0298796
0.0297795
0.0296728
0.0276526
0.0277155
0.0278031
0.0279122
0.0280352
0.0281702
0.0283112
0.0284606
0.0320119
0.0320158
0.0319864
0.03193
0.0318515
0.0317599
0.0316554
0.0315813
0.0302717
0.0303555
0.0304722
0.0306117
0.0307697
0.0309412
0.0311045
0.0313005
0.0346805
0.0346981
0.0346793
0.0346321
0.0345558
0.0344844
0.0343754
0.0343614
0.0340868
0.0341824
0.0343143
0.0344684
0.0346378
0.034829
0.0349899
0.0352315
0.0385964
0.038645
0.0386657
0.0386645
0.0386217
0.038622
0.0385365
0.0386281
0.0394123
0.039524
0.0396677
0.0398275
0.0399935
0.0402029
0.0403336
0.0406393
0.0442427
0.044312
0.0443312
0.0443715
0.0443122
0.0444168
0.0442966
0.0446229
0.046826
0.0469586
0.0471053
0.0472928
0.0474004
0.0476977
0.0476548
0.0481728
0.0525206
0.052661
0.0526928
0.0528778
0.0526823
0.0531003
0.0526172
0.0533066
0.0572581
0.0573856
0.0573887
0.0576088
0.057452
0.0576944
0.0573299
0.0577098
0.0646508
0.0648743
0.064699
0.0650612
0.0646012
0.0650051
0.0640172
0.0646892
0.0721768
0.0722998
0.0721305
0.0719558
0.071275
0.0710131
0.0697879
0.0697001
0.0822645
0.0823463
0.0821148
0.0818849
0.0807925
0.0804197
0.0782267
0.0781229
0.0934765
0.0933306
0.0926471
0.0916655
0.0898581
0.0881906
0.0852043
0.0830177
0.10761
0.107359
0.106349
0.104815
0.10207
0.099357
0.0945594
0.0909877
0.12372
0.122973
0.121058
0.117991
0.113468
0.108005
0.10102
0.0929445
0.143477
0.14236
0.139535
0.134865
0.128094
0.119721
0.108661
0.0964856
0.166141
0.16415
0.15931
0.151462
0.14032
0.126542
0.109706
0.0889757
0.0259108
0.0260263
0.0261696
0.0263408
0.0265418
0.026771
0.0270035
0.0271995
0.0273277
0.0273683
0.0273074
0.0271413
0.0268773
0.0265303
0.0261286
0.0256991
0.0252644
0.0248418
0.0244363
0.024054
0.0237165
0.0234585
0.0233046
0.0291839
0.0289666
0.0286796
0.0283194
0.0278884
0.0274265
0.0269989
0.026621
0.0263191
0.0261027
0.0259699
0.0259007
0.0258634
0.0257969
0.0256389
0.025382
0.0250496
0.0246759
0.0242899
0.0239187
0.0235927
0.0233376
0.0231812
0.0270134
0.0272004
0.0274181
0.0276658
0.0278974
0.0280343
0.0280407
0.0279468
0.027745
0.0274359
0.0270385
0.0265878
0.0261439
0.0257541
0.0254185
0.0251067
0.0247694
0.0243985
0.0240106
0.0236483
0.0233397
0.0230975
0.0229562
0.0295035
0.0292525
0.0289406
0.0285803
0.0282783
0.0280388
0.0278507
0.0276905
0.0275447
0.0273896
0.0271895
0.0268953
0.0264741
0.0259519
0.0254399
0.0249585
0.0245079
0.0240755
0.0236605
0.0232789
0.0229439
0.022701
0.02257
0.0286146
0.0287754
0.0289681
0.0291285
0.0291872
0.0291741
0.0290698
0.028862
0.0285545
0.0281647
0.0277303
0.0272747
0.0267908
0.0262335
0.0256112
0.0249703
0.0243641
0.0238139
0.0233266
0.0229025
0.0225409
0.0222832
0.0221433
0.0313781
0.0310657
0.0306717
0.0303127
0.029994
0.0296918
0.0294041
0.0291166
0.0288054
0.0284378
0.0279811
0.0274461
0.0268736
0.0262649
0.0256036
0.0249008
0.0242156
0.0235813
0.023027
0.0225631
0.022193
0.0219292
0.0217847
0.0314444
0.0315634
0.0316671
0.0316593
0.0315384
0.0312918
0.030913
0.0304072
0.0298077
0.0291486
0.0284456
0.0277065
0.0269478
0.0261952
0.0254546
0.0247218
0.0240076
0.0233384
0.0227449
0.022252
0.0218681
0.0215885
0.021443
0.0341033
0.0336723
0.0331905
0.0327595
0.0323305
0.0318932
0.0314291
0.030901
0.0302786
0.0295504
0.0287341
0.0278512
0.0269292
0.0260133
0.0251394
0.0243271
0.0235765
0.0228962
0.0223017
0.0218115
0.021436
0.0211643
0.02103
0.0353133
0.0352417
0.0350914
0.0348202
0.0343767
0.0337651
0.0329933
0.0321007
0.0311146
0.0300578
0.0289528
0.0278228
0.0266945
0.0256037
0.0245866
0.0236729
0.0228807
0.0222056
0.0216456
0.0211943
0.0208645
0.0206407
0.0205332
0.038436
0.0376657
0.0370989
0.0363886
0.0356384
0.0347972
0.0338435
0.0327617
0.0315577
0.0302572
0.028898
0.0275374
0.0262298
0.0250128
0.02391
0.0229449
0.0221388
0.0214915
0.0209789
0.0205798
0.0202991
0.020107
0.0200172
0.0406163
0.0400765
0.039507
0.0387258
0.0376999
0.0364793
0.0351014
0.0336061
0.0320259
0.030401
0.0287768
0.0272076
0.0257484
0.0244357
0.0232898
0.02232
0.0215274
0.0209031
0.020419
0.0200511
0.0197987
0.019617
0.0195363
0.0443686
0.0430853
0.0420733
0.0408202
0.0394464
0.0378871
0.0361398
0.0342365
0.0322465
0.0302619
0.028367
0.0266269
0.0250766
0.0237392
0.0226199
0.021705
0.0209696
0.0203882
0.0199333
0.0195865
0.0193499
0.019184
0.0191133
0.0477399
0.0465061
0.0451346
0.0433952
0.0413633
0.0391343
0.0367823
0.034375
0.0319915
0.0297106
0.0276116
0.0257514
0.0241587
0.0228437
0.0217925
0.020969
0.020328
0.0198339
0.0194514
0.0191604
0.0189548
0.0188112
0.0187467
0.0520615
0.0500921
0.0479319
0.0455362
0.0429365
0.0401192
0.0371768
0.0342595
0.0314785
0.0289228
0.0266517
0.0247031
0.0230894
0.0218025
0.0208134
0.0200759
0.0195393
0.0191577
0.018886
0.0186945
0.0185566
0.0184507
0.0183987
0.0564709
0.0540346
0.0512485
0.048016
0.0445155
0.0408918
0.0372714
0.0337874
0.0305776
0.0277394
0.0253219
0.0233364
0.0217598
0.0205508
0.0196598
0.019035
0.0186212
0.0183651
0.0182147
0.0181345
0.0180866
0.0180421
0.0180199
0.062103
0.0581525
0.0539627
0.0495348
0.0449858
0.0404881
0.036224
0.0323322
0.0288961
0.0259673
0.0235665
0.0216751
0.0202432
0.0192033
0.0184815
0.0180121
0.0177353
0.0175971
0.0175482
0.0175537
0.0175807
0.0176021
0.0176148
0.0667241
0.0618552
0.056517
0.0508721
0.0452231
0.039804
0.0348451
0.0305111
0.0268599
0.0239066
0.0216141
0.0199103
0.018707
0.0179086
0.0174152
0.0171403
0.0170154
0.01699
0.0170228
0.0170838
0.0171526
0.0172156
0.0172491
0.0726195
0.0651298
0.0577191
0.0505532
0.0438199
0.0377189
0.0323852
0.0278893
0.0242575
0.0214663
0.0194287
0.0180279
0.0171388
0.016641
0.0164184
0.0163698
0.0164194
0.0165211
0.0166443
0.0167613
0.0168605
0.0169465
0.0169848
0.0765053
0.067329
0.0580565
0.0493039
0.0414408
0.0347033
0.0291331
0.024674
0.0212579
0.0187797
0.0171009
0.0160688
0.0155303
0.0153481
0.0154014
0.0155857
0.0158235
0.0160719
0.0163072
0.0165019
0.0166503
0.0167696
0.0168158
0.0802411
0.0669731
0.0555899
0.0457039
0.0372664
0.0303123
0.024798
0.0206209
0.0176408
0.0156636
0.0144878
0.0139194
0.0137829
0.0139358
0.0142681
0.0146858
0.0151188
0.0155284
0.015895
0.0161919
0.0164202
0.0165992
0.0166752
0.0795268
0.0641624
0.0509888
0.0400905
0.0313897
0.0246137
0.0195134
0.0158957
0.0135486
0.0122166
0.011649
0.0116149
0.0119216
0.0124298
0.0130475
0.013696
0.0143198
0.0148876
0.0153847
0.0157893
0.0161108
0.0163672
0.0164915
0.0752311
0.0565782
0.0430129
0.0321339
0.0238054
0.0175921
0.0132273
0.0104465
0.00894384
0.00840895
0.00855693
0.00913379
0.00994021
0.0108476
0.0117821
0.0126776
0.0134959
0.0142181
0.0148373
0.0153395
0.0157433
0.0160728
0.0162445
0.062051
0.0457575
0.032607
0.0222127
0.014591
0.00924192
0.00589409
0.00418912
0.00372758
0.00414059
0.00511677
0.0063923
0.00776931
0.00914033
0.0104454
0.0116288
0.0126707
0.0135638
0.0143116
0.0149087
0.0153808
0.0157675
0.0159703
0.0455238
0.0340373
0.0233144
0.0137155
0.00639327
0.00164466
-0.000858589
-0.00161089
-0.00111362
0.000189628
0.00195347
0.00390076
0.00582778
0.00765105
0.00931528
0.0107838
0.0120444
0.0130992
0.0139638
0.0146391
0.0151536
0.0155587
0.0157637
0.0249087
0.0153999
0.00869213
0.00236042
-0.00280181
-0.00569322
-0.00657579
-0.00597244
-0.00438705
-0.00223534
0.000178393
0.00261663
0.00490456
0.00700193
0.00886706
0.0104846
0.0118503
0.0129741
0.0138813
0.0145779
0.0150919
0.0154705
0.0156544
0.00171907
-0.00781998
-0.011104
-0.0131745
-0.0135695
-0.0127832
-0.0110451
-0.00863634
-0.0058523
-0.00293283
-4.82706e-05
0.00266115
0.00508557
0.00724358
0.00911857
0.0107191
0.0120538
0.0131388
0.0140068
0.0146652
0.0151393
0.0154611
0.0156099
-0.0184645
-0.0269851
-0.0270108
-0.0259006
-0.0225569
-0.0187137
-0.0147094
-0.0107146
-0.0068713
-0.00327686
1.28741e-05
0.00295113
0.00549629
0.00768407
0.00952934
0.0110706
0.012336
0.0133512
0.0141566
0.0147627
0.0151933
0.0154669
0.0155886
-0.038576
-0.042027
-0.0374488
-0.0339048
-0.0285356
-0.0231119
-0.0177765
-0.0127241
-0.0080915
-0.00393406
-0.000258398
0.00293234
0.00565224
0.00792455
0.00978592
0.0113021
0.0125217
0.0134836
0.0142377
0.0148002
0.0151978
0.0154446
0.0155546
-0.0585172
-0.0557643
-0.0467879
-0.0407061
-0.0334675
-0.0268317
-0.0205324
-0.0146867
-0.00943967
-0.00481782
-0.000796426
0.00263305
0.0055255
0.00791063
0.0098314
0.0113644
0.012573
0.013509
0.0142317
0.0147649
0.0151414
0.0153783
0.015489
-0.0780772
-0.0692913
-0.0566149
-0.047501
-0.0381043
-0.0301336
-0.0228988
-0.0163484
-0.0106079
-0.00562541
-0.0013324
0.00227851
0.00529473
0.00776915
0.00974833
0.0113117
0.0125276
0.0134567
0.0141644
0.01468
0.0150434
0.0152776
0.0153933
-0.0945924
-0.0806262
-0.0656821
-0.0537078
-0.0424136
-0.0330453
-0.0248338
-0.0175674
-0.0113986
-0.00613635
-0.00165796
0.00205318
0.00512704
0.00763777
0.00964133
0.0112197
0.0124404
0.0133682
0.0140686
0.014575
0.0149311
0.0151628
0.0152814
)
;

boundaryField
{
    outlet
    {
        type            fixedValue;
        value           uniform 0;
    }
    upperWall
    {
        type            symmetryPlane;
    }
    lowerWall
    {
        type            symmetryPlane;
    }
    inlet
    {
        type            zeroGradient;
    }
    cylinder
    {
        type            zeroGradient;
    }
    frontAndBack
    {
        type            empty;
    }
}


// ************************************************************************* //
