/*--------------------------------*- C++ -*----------------------------------*\
| =========                 |                                                 |
| \\      /  F ield         | OpenFOAM: The Open Source CFD Toolbox           |
|  \\    /   O peration     | Version:  2312                                  |
|   \\  /    A nd           | Website:  www.openfoam.com                      |
|    \\/     M anipulation  |                                                 |
\*---------------------------------------------------------------------------*/
FoamFile
{
    version     2.0;
    format      ascii;
    arch        "LSB;label=32;scalar=64";
    class       volScalarField;
    location    "186.95";
    object      p;
}
// * * * * * * * * * * * * * * * * * * * * * * * * * * * * * * * * * * * * * //

dimensions      [0 2 -2 0 0 0 0];

internalField   nonuniform List<scalar> 
5478
(
-0.39815
-0.39668
-0.390689
-0.381953
-0.372852
-0.365157
-0.359872
-0.35663
-0.35363
-0.348586
-0.339762
-0.326046
-0.309643
-0.287863
-0.262184
-0.409216
-0.406485
-0.400885
-0.393207
-0.384073
-0.37375
-0.362781
-0.35142
-0.339284
-0.325906
-0.310915
-0.294571
-0.276171
-0.255304
-0.234335
-0.425026
-0.419998
-0.41337
-0.405027
-0.393464
-0.37829
-0.360861
-0.342619
-0.324413
-0.306392
-0.2884
-0.269846
-0.250799
-0.231237
-0.211153
-0.445394
-0.437376
-0.428606
-0.41733
-0.400444
-0.378953
-0.355636
-0.332523
-0.3104
-0.289379
-0.269147
-0.249638
-0.230516
-0.211601
-0.193629
-0.471567
-0.459157
-0.447626
-0.430063
-0.40518
-0.37684
-0.34847
-0.32163
-0.29678
-0.273796
-0.252442
-0.232277
-0.213016
-0.194823
-0.177062
-0.5046
-0.48565
-0.468557
-0.441208
-0.406952
-0.371998
-0.339263
-0.309517
-0.282635
-0.258285
-0.236034
-0.21557
-0.196632
-0.1789
-0.16195
-0.539666
-0.515359
-0.486951
-0.447345
-0.40401
-0.363221
-0.326773
-0.294607
-0.266177
-0.240914
-0.218336
-0.197985
-0.179493
-0.162639
-0.146576
-0.569627
-0.541625
-0.498392
-0.445701
-0.394288
-0.348614
-0.30922
-0.275315
-0.245928
-0.220306
-0.197819
-0.177976
-0.160407
-0.144668
-0.130355
-0.437174
-0.437589
-0.438131
-0.44137
-0.448035
-0.458627
-0.473685
-0.493543
-0.518134
-0.546896
-0.578601
-0.611117
-0.642295
-0.667709
-0.685552
-0.433983
-0.431987
-0.431336
-0.433364
-0.439207
-0.449529
-0.465236
-0.487012
-0.51496
-0.548219
-0.585242
-0.623176
-0.65846
-0.68751
-0.705245
-0.429384
-0.425333
-0.423192
-0.423365
-0.427041
-0.435272
-0.449084
-0.469194
-0.495749
-0.527712
-0.562898
-0.599158
-0.631755
-0.658098
-0.672076
-0.422378
-0.417198
-0.413125
-0.410153
-0.40995
-0.414042
-0.42359
-0.439381
-0.461557
-0.489503
-0.520757
-0.55433
-0.583432
-0.60591
-0.611839
-0.413455
-0.408415
-0.40239
-0.395396
-0.389986
-0.388587
-0.392889
-0.404084
-0.422269
-0.447384
-0.476281
-0.506678
-0.53012
-0.543681
-0.536832
-0.404165
-0.400333
-0.392986
-0.382502
-0.372338
-0.366022
-0.366259
-0.374805
-0.391547
-0.414776
-0.439083
-0.461663
-0.473849
-0.47436
-0.454571
-0.396487
-0.394218
-0.386501
-0.374419
-0.362215
-0.354068
-0.353307
-0.360762
-0.374657
-0.391386
-0.40622
-0.415471
-0.413898
-0.40278
-0.378472
-0.393686
-0.392262
-0.385226
-0.374081
-0.363018
-0.35577
-0.353899
-0.357547
-0.364532
-0.37067
-0.373184
-0.368035
-0.355471
-0.337328
-0.315053
-0.68181
-0.566181
-0.394937
-0.269383
-0.217329
-0.216424
-0.223767
-0.197502
-0.163215
-0.142982
-0.135066
-0.115874
-0.115555
-0.128014
-0.151436
-0.142932
-0.119609
-0.108609
-0.136073
-0.142473
-0.138076
-0.121075
-0.142376
-0.134657
-0.137125
-0.168647
-0.208059
-0.14864
-0.12379
-0.0637782
-0.0270724
-0.022717
-0.0154992
-0.00982915
-0.00599858
-0.0038978
-0.0022368
-0.000723706
-0.705167
-0.590667
-0.414112
-0.265798
-0.198867
-0.17464
-0.159133
-0.14895
-0.141858
-0.140025
-0.138028
-0.126722
-0.132322
-0.131706
-0.150724
-0.144296
-0.122341
-0.118016
-0.145844
-0.149585
-0.141337
-0.110817
-0.125313
-0.124818
-0.130869
-0.189638
-0.23409
-0.139795
-0.10904
-0.0644218
-0.0359289
-0.0232335
-0.0147558
-0.00974869
-0.00613271
-0.00392006
-0.00221884
-0.000720024
-0.662077
-0.558217
-0.398486
-0.256016
-0.184291
-0.145128
-0.109428
-0.101897
-0.120739
-0.137661
-0.141505
-0.140872
-0.152982
-0.149261
-0.149807
-0.143769
-0.123347
-0.126501
-0.153487
-0.155267
-0.142517
-0.10076
-0.107043
-0.113877
-0.121702
-0.206946
-0.251605
-0.128949
-0.0923789
-0.063548
-0.0389893
-0.0235258
-0.013952
-0.00962694
-0.00624913
-0.0039357
-0.00219805
-0.000715356
-0.583805
-0.497042
-0.363881
-0.243344
-0.171715
-0.132047
-0.0883622
-0.0743355
-0.103576
-0.134774
-0.145541
-0.156592
-0.174416
-0.156334
-0.147482
-0.140218
-0.121973
-0.13329
-0.159101
-0.159763
-0.142868
-0.09161
-0.0890267
-0.102176
-0.109993
-0.218733
-0.260069
-0.118496
-0.0759615
-0.0611322
-0.0420231
-0.023631
-0.0131388
-0.00946619
-0.00637443
-0.00394516
-0.00217552
-0.000709849
-0.492831
-0.428674
-0.327249
-0.230452
-0.162477
-0.127896
-0.0892038
-0.0710847
-0.0986301
-0.13174
-0.143372
-0.165137
-0.185801
-0.164246
-0.145206
-0.134663
-0.117818
-0.137431
-0.161962
-0.162557
-0.142353
-0.0835396
-0.0719364
-0.0902101
-0.0965029
-0.224417
-0.260505
-0.109696
-0.0598148
-0.0574374
-0.0458419
-0.0235273
-0.0123616
-0.00927407
-0.00646085
-0.00394664
-0.00215202
-0.000703684
-0.400728
-0.361568
-0.292767
-0.216104
-0.156033
-0.125448
-0.0928762
-0.0820983
-0.108345
-0.13662
-0.139721
-0.161696
-0.185075
-0.164592
-0.140216
-0.127092
-0.110117
-0.137711
-0.161242
-0.164434
-0.14236
-0.0779221
-0.0567661
-0.0785299
-0.0818202
-0.223637
-0.253984
-0.103443
-0.0445969
-0.0526659
-0.0451843
-0.0232321
-0.011661
-0.00905439
-0.00651439
-0.00394092
-0.00212922
-0.000697303
-0.333018
-0.313109
-0.267727
-0.207787
-0.151807
-0.120479
-0.0926187
-0.0904914
-0.109865
-0.136771
-0.125736
-0.148916
-0.177053
-0.165752
-0.137578
-0.121274
-0.0997059
-0.133455
-0.15758
-0.163065
-0.140026
-0.0728655
-0.0441856
-0.0677657
-0.0647001
-0.217452
-0.242232
-0.0976213
-0.0310205
-0.0468991
-0.0435409
-0.0227125
-0.0110629
-0.00882758
-0.00650306
-0.00392217
-0.00210551
-0.000690419
-0.292978
-0.279918
-0.247033
-0.203176
-0.153713
-0.12381
-0.0900999
-0.0815191
-0.110582
-0.140675
-0.112431
-0.131797
-0.147408
-0.146126
-0.127567
-0.112909
-0.0887328
-0.124197
-0.150749
-0.16317
-0.139847
-0.0714188
-0.0338998
-0.0574716
-0.0466044
-0.206717
-0.228975
-0.0952995
-0.0184441
-0.0406783
-0.0414115
-0.0222121
-0.0105602
-0.00857983
-0.00651196
-0.00390647
-0.00208826
-0.00068499
-0.255298
-0.252299
-0.218494
-0.174062
-0.130878
-0.100843
-0.0705546
-0.0446136
-0.0603743
-0.0837921
-0.0736903
-0.106156
-0.137233
-0.141189
-0.113392
-0.0947548
-0.0772607
-0.111877
-0.139131
-0.15148
-0.129957
-0.0693162
-0.0291075
-0.0508791
-0.038855
-0.188204
-0.206353
-0.0917694
-0.0127151
-0.0344404
-0.0378459
-0.0210045
-0.0101216
-0.00824059
-0.00634007
-0.00383499
-0.00204991
-0.000671964
-0.188038
-0.191146
-0.164016
-0.128851
-0.0949891
-0.0707945
-0.0465194
-0.018456
-0.00745304
-0.00363452
-0.00846668
-0.0607978
-0.112984
-0.108761
-0.0840334
-0.0679176
-0.0546455
-0.0896219
-0.129425
-0.138263
-0.1128
-0.0522336
-0.0204707
-0.0377106
-0.0231052
-0.156954
-0.192697
-0.0763302
-0.00286772
-0.0268593
-0.0349852
-0.0190448
-0.00932334
-0.00773287
-0.00603531
-0.00370646
-0.00198763
-0.000651301
-0.147476
-0.153442
-0.136435
-0.10973
-0.0804316
-0.0554292
-0.0294488
0.00589632
0.0400024
0.0506182
0.0379416
-0.0149675
-0.0674971
-0.0734745
-0.059635
-0.0450787
-0.0332761
-0.0569336
-0.0936262
-0.102896
-0.079602
-0.0282782
-0.0127436
-0.0271634
-0.00986327
-0.116243
-0.145974
-0.0501502
0.00143009
-0.0192095
-0.024248
-0.016392
-0.00866105
-0.00722474
-0.00566171
-0.00354883
-0.00192229
-0.000630174
-0.113481
-0.117621
-0.104913
-0.0817883
-0.0569322
-0.0348884
-0.0125693
0.0159336
0.0413503
0.0555121
0.048445
0.0131653
-0.0246306
-0.0383374
-0.0326713
-0.0189896
-0.0102036
-0.0224473
-0.0548039
-0.0633437
-0.0452509
-0.0105476
-0.00885266
-0.0152732
0.0016414
-0.068214
-0.0880369
-0.0211853
0.00491916
-0.0106769
-0.0196566
-0.0139081
-0.00822874
-0.0066666
-0.00520025
-0.00336346
-0.00184955
-0.000605627
-0.0838454
-0.0883527
-0.080482
-0.0643347
-0.0453978
-0.0275144
-0.00884222
0.0143314
0.0361783
0.0476211
0.0429941
0.0223166
-0.0045979
-0.0154825
-0.0173072
-0.00614728
0.00446149
0.0119331
0.0141091
-0.0235511
-0.0197617
-0.00319934
-0.0104218
-0.00698625
0.00856097
-0.0186272
-0.0271891
0.00752086
0.0090002
-0.00151881
-0.0117498
-0.0110834
-0.00784276
-0.00602961
-0.00465714
-0.00314761
-0.00176307
-0.000576161
-0.0627491
-0.0664959
-0.0612439
-0.0492585
-0.034619
-0.0198357
-0.00466504
0.0118527
0.0270712
0.035741
0.033942
0.0228549
0.00851502
-0.00034014
-0.00168906
0.00830383
0.015626
0.02254
0.018548
-0.00473244
-0.00747547
6.0158e-05
-0.00466403
0.00159618
0.0132791
0.0142917
0.0110942
0.0270175
0.0151276
0.00647369
-0.00482831
-0.00843319
-0.00721132
-0.00525305
-0.00409352
-0.00290806
-0.00165461
-0.00053903
-0.045722
-0.0485867
-0.0453186
-0.0369173
-0.0262137
-0.015207
-0.00401752
0.0074117
0.0182007
0.024924
0.0252386
0.0203605
0.0125878
0.00766257
0.00511276
0.0121166
0.0189105
0.0251256
0.0231914
0.00687681
0.00152903
0.00434071
0.00219159
0.00819314
0.0170687
0.0274456
0.0243214
0.0311448
0.0153234
0.0109471
-0.00019153
-0.0063018
-0.00617796
-0.00440806
-0.00355672
-0.00263338
-0.00151135
-0.000491111
-0.0321025
-0.0347141
-0.0329125
-0.0272181
-0.0196324
-0.011586
-0.0034283
0.00451764
0.0120126
0.0171572
0.0187046
0.0169559
0.0135843
0.011633
0.010815
0.0161132
0.0207415
0.0230826
0.0213701
0.0123849
0.00744946
0.00795893
0.0083192
0.013249
0.0185334
0.0245607
0.0243686
0.0274852
0.0164458
0.0119827
0.0017995
-0.00444519
-0.00475045
-0.00357459
-0.00303519
-0.00229944
-0.00132819
-0.000432784
-0.0218212
-0.0240361
-0.0230882
-0.0192967
-0.014028
-0.00836204
-0.00262076
0.00285485
0.00805981
0.011966
0.0139538
0.0141218
0.0132456
0.0129773
0.0124481
0.0153149
0.0187177
0.0200851
0.0192547
0.0143478
0.0110296
0.0106058
0.0105224
0.0147914
0.0185077
0.0218829
0.0228939
0.0235122
0.0166125
0.011814
0.00342067
-0.00242081
-0.00319812
-0.00271122
-0.00244776
-0.001889
-0.00110785
-0.000360909
-0.0138194
-0.0156219
-0.0152298
-0.0128344
-0.00929713
-0.0053942
-0.00140869
0.0023958
0.0060342
0.00894264
0.0109252
0.0119487
0.0121221
0.0126554
0.0131297
0.0150777
0.017445
0.0179928
0.0173183
0.0147535
0.0128033
0.0121877
0.0126584
0.015696
0.0179652
0.0185907
0.0201928
0.0200785
0.0161813
0.0113975
0.00463181
-0.000515517
-0.00184022
-0.00188949
-0.00183512
-0.00145683
-0.00088146
-0.000292066
-0.00749504
-0.00900759
-0.00900198
-0.00755784
-0.00521171
-0.00256166
0.00015214
0.00276499
0.00528439
0.00756986
0.00927872
0.0104756
0.0112273
0.0122045
0.0129461
0.0140194
0.0155376
0.0160455
0.0157389
0.0144623
0.0134534
0.0130778
0.0130387
0.0150098
0.0167805
0.0171217
0.017774
0.0173368
0.0147731
0.0110252
0.005628
0.00117479
-0.000576693
-0.00105427
-0.00119351
-0.00100293
-0.000629269
-0.000207277
-0.00264945
-0.00388608
-0.00404983
-0.00320069
-0.00169723
5.31504e-05
0.00185628
0.00363887
0.00537335
0.00702688
0.00841188
0.00957602
0.0104824
0.0113974
0.0122859
0.0131402
0.0141856
0.0146799
0.0145881
0.014022
0.0135639
0.0134017
0.0136139
0.0147573
0.0157059
0.0156615
0.0157491
0.015178
0.0134696
0.0106104
0.00633759
0.00256832
0.000573128
-0.000253114
-0.000585745
-0.000571943
-0.00038422
-0.000128552
0.00113787
0.000137478
-0.000126442
0.000329963
0.00127334
0.0024228
0.00360293
0.0047821
0.00595007
0.00712451
0.00818779
0.00914183
0.00998892
0.0108292
0.0116673
0.0123734
0.013065
0.0135417
0.0136478
0.0134469
0.0132913
0.0132333
0.0132391
0.0138196
0.0144303
0.0143432
0.0141227
0.0134222
0.0120631
0.00999151
0.00675987
0.00363331
0.00160285
0.000505693
-1.87815e-05
-0.000168869
-0.000146252
-4.78802e-05
0.00410899
0.00329794
0.00299308
0.00320062
0.00376897
0.00449858
0.00524955
0.0060023
0.00677701
0.00758689
0.00836343
0.00908283
0.00977102
0.0104587
0.0111419
0.0117299
0.0122484
0.0126759
0.012889
0.0128742
0.0128717
0.0129082
0.0129515
0.013214
0.0134131
0.0132024
0.0128386
0.0121477
0.011013
0.00939074
0.00697774
0.0044371
0.00251091
0.0012473
0.000534261
0.000214075
8.3017e-05
3.52806e-05
0.00641285
0.00577257
0.0054751
0.00552909
0.00584097
0.00627705
0.00673445
0.00719594
0.00768385
0.00821069
0.0087421
0.00924673
0.00974918
0.0102712
0.0107931
0.0112609
0.0116557
0.0119978
0.0122367
0.012315
0.0123685
0.0124116
0.0123945
0.0124425
0.0124421
0.0121897
0.0117569
0.0110707
0.0100833
0.0087755
0.00695917
0.00494188
0.00321625
0.00191473
0.001047
0.000555938
0.000276838
0.000100748
0.00821658
0.00771273
0.0074335
0.00739401
0.00753994
0.00777766
0.00803133
0.00828598
0.00856678
0.00888708
0.00922382
0.00955123
0.00988239
0.0102439
0.0106153
0.0109547
0.011239
0.0114967
0.0117049
0.0117998
0.0118467
0.0118734
0.0118314
0.0117715
0.01164
0.0113329
0.0108815
0.0102463
0.0093837
0.00828226
0.00686865
0.00526907
0.00376371
0.0025001
0.00153843
0.000892796
0.000466575
0.000166301
0.00960525
0.00921092
0.00896233
0.00887293
0.00891019
0.00901048
0.00912201
0.00923531
0.00937124
0.00954063
0.0097273
0.00991201
0.0101037
0.010325
0.0105597
0.0107762
0.0109603
0.0111303
0.0112741
0.0113409
0.0113615
0.0113545
0.011273
0.0111373
0.0109357
0.0106081
0.0101558
0.00955665
0.00878891
0.00784951
0.00670281
0.00540844
0.00412013
0.00294731
0.00196312
0.00120597
0.000640242
0.000215725
0.0106662
0.01036
0.0101426
0.0100256
0.00999168
0.0099998
0.0100157
0.0100333
0.0100681
0.010128
0.0102019
0.0102771
0.0103597
0.0104668
0.0105873
0.0106987
0.0107905
0.0108745
0.0109422
0.0109594
0.0109357
0.0108804
0.0107632
0.0105871
0.010346
0.0100046
0.00956174
0.00900597
0.00831892
0.00750052
0.00653876
0.00546495
0.00435723
0.00328699
0.00231752
0.00149349
0.000815381
0.000268418
0.011466
0.0112257
0.0110358
0.0109058
0.0108271
0.0107742
0.010726
0.0106789
0.0106444
0.0106273
0.0106202
0.0106143
0.0106147
0.0106326
0.010661
0.0106842
0.0106953
0.0107021
0.0106971
0.0106576
0.0105846
0.0104827
0.0103308
0.0101223
0.00985614
0.00951177
0.00908204
0.00856065
0.00793609
0.00720946
0.00637722
0.00545455
0.00448366
0.00351082
0.00257883
0.00172987
0.000974999
0.000316611
0.0120519
0.0118598
0.0116927
0.0115577
0.0114512
0.011359
0.0112691
0.0111801
0.0110991
0.011029
0.0109647
0.0109009
0.0108409
0.0107922
0.0107497
0.0107038
0.0106497
0.010592
0.0105244
0.0104317
0.0103132
0.0101683
0.00998277
0.00974974
0.00946627
0.00911931
0.00870134
0.00820939
0.00763369
0.00697513
0.0062335
0.00541709
0.00454843
0.00365634
0.00276682
0.00191286
0.00110955
0.000361738
0.0124638
0.0123048
0.0121548
0.0120188
0.0118959
0.0117794
0.0116636
0.0115481
0.011437
0.0113315
0.0112286
0.0111257
0.011024
0.010928
0.0108342
0.0107374
0.0106341
0.0105262
0.0104091
0.0102731
0.0101162
0.0099356
0.00972202
0.00946889
0.00917172
0.00882297
0.00841448
0.00794369
0.00740361
0.00679359
0.00611407
0.00536959
0.00457204
0.00373907
0.00288727
0.00203873
0.00120704
0.000396831
0.0127245
0.0125867
0.0124489
0.0123142
0.0121829
0.0120529
0.0119225
0.0117921
0.011663
0.0115359
0.0114092
0.0112818
0.011154
0.0110273
0.0109
0.0107693
0.0106329
0.0104905
0.0103388
0.0101722
0.00998712
0.00978087
0.00954637
0.00927821
0.00897144
0.00862014
0.00821771
0.00776074
0.00724401
0.00666576
0.00602578
0.0053267
0.0045749
0.00378139
0.00295711
0.00211649
0.0012694
0.000420856
0.0128508
0.0127236
0.0125927
0.0124597
0.0123252
0.0121897
0.0120531
0.011916
0.0117787
0.0116413
0.011503
0.0113638
0.011223
0.011081
0.0109365
0.0107886
0.010635
0.0104744
0.0103044
0.0101214
0.0099211
0.00970082
0.0094549
0.00917836
0.0088661
0.00851316
0.00811364
0.00766357
0.00715877
0.00659665
0.00597671
0.00530041
0.00457157
0.00379851
0.00298868
0.00215325
0.00129987
0.00043293
-0.112663
-0.125021
-0.138749
-0.151687
-0.168097
-0.182305
-0.201419
-0.222564
-0.0933864
-0.101889
-0.111498
-0.120913
-0.131942
-0.14164
-0.151352
-0.163856
-0.0751116
-0.08066
-0.0865493
-0.0927545
-0.0991541
-0.10516
-0.112748
-0.125172
-0.060079
-0.063416
-0.0668218
-0.0709791
-0.0759738
-0.0822377
-0.090004
-0.0995724
-0.046917
-0.0491488
-0.0516464
-0.0553075
-0.0598227
-0.0642412
-0.0683613
-0.0735258
-0.0363076
-0.0377329
-0.0394364
-0.0417385
-0.0441029
-0.0462668
-0.0492229
-0.0542185
-0.0270324
-0.0277075
-0.0284715
-0.0296766
-0.0313196
-0.0333952
-0.0361908
-0.0399759
-0.0191958
-0.0194473
-0.0198391
-0.0207256
-0.022047
-0.0235508
-0.0252841
-0.0278083
-0.0127381
-0.0127817
-0.0129197
-0.0134052
-0.0141712
-0.0150967
-0.0163532
-0.0184555
-0.00731598
-0.00722794
-0.00718011
-0.00739499
-0.00788194
-0.008609
-0.00966021
-0.011317
-0.00283409
-0.00272269
-0.00262821
-0.00273321
-0.00306617
-0.00360032
-0.00436266
-0.00560471
0.000823028
0.000910103
0.00100621
0.000975882
0.000778916
0.000413253
-0.000163697
-0.00115698
0.00381507
0.00386456
0.00394059
0.00393941
0.00380862
0.00352781
0.00306366
0.0022838
0.00622809
0.00622758
0.00626014
0.006252
0.00615345
0.00594192
0.00558754
0.00499079
0.00815179
0.00810772
0.00809795
0.00807448
0.00799341
0.00782857
0.00755025
0.00708935
0.00966513
0.00958815
0.00954157
0.00949677
0.00941943
0.0092863
0.00907156
0.00872576
0.0108366
0.0107399
0.0106686
0.0106073
0.0105307
0.0104192
0.01025
0.00998894
0.0117335
0.0116266
0.0115395
0.0114649
0.0113853
0.0112855
0.0111486
0.0109522
0.0124086
0.0122976
0.012202
0.0121188
0.0120366
0.0119444
0.0118306
0.0116808
0.0129056
0.0127947
0.0126956
0.0126073
0.0125225
0.0124343
0.0123351
0.0122169
0.0132519
0.0131446
0.0130458
0.0129552
0.012869
0.0127833
0.0126936
0.0125958
0.0134638
0.0133635
0.013268
0.0131779
0.0130915
0.0130072
0.0129228
0.0128367
0.0135574
0.0134662
0.0133761
0.0132879
0.0132018
0.0131178
0.0130354
0.0129539
0.0462418
0.0495522
0.0523345
0.0538121
0.0533051
0.0507301
0.0459702
0.0384465
0.0270857
0.0103477
-0.0138761
-0.0484974
-0.0983206
-0.166971
-0.229357
0.0229307
0.0239417
0.0227628
0.0197967
0.0150666
0.00826549
-0.00115976
-0.0140674
-0.0316597
-0.0555671
-0.0880235
-0.131903
-0.19188
-0.272968
-0.339622
0.000498624
-0.00135324
-0.00662867
-0.0137088
-0.0222564
-0.0329063
-0.0465763
-0.0643028
-0.0873573
-0.117435
-0.156915
-0.208808
-0.276486
-0.367429
-0.431816
-0.0223265
-0.0272991
-0.0358708
-0.0460362
-0.0576905
-0.0717269
-0.0891595
-0.111038
-0.138669
-0.173765
-0.218753
-0.277076
-0.351063
-0.443102
-0.50404
-0.0461296
-0.0538862
-0.0646476
-0.0768403
-0.0908396
-0.107666
-0.128202
-0.153397
-0.184567
-0.223398
-0.272154
-0.334609
-0.41132
-0.49994
-0.555043
-0.0690818
-0.079601
-0.0919314
-0.10561
-0.121498
-0.140534
-0.163385
-0.190918
-0.224445
-0.265618
-0.31665
-0.380108
-0.455894
-0.537861
-0.584925
-0.0911099
-0.103452
-0.116843
-0.131877
-0.149403
-0.170093
-0.194556
-0.223575
-0.258297
-0.300259
-0.351355
-0.413153
-0.484683
-0.556605
-0.595432
-0.111994
-0.124975
-0.139432
-0.155858
-0.174706
-0.196521
-0.221881
-0.251492
-0.286315
-0.327614
-0.376834
-0.434636
-0.498509
-0.5572
-0.589452
0.184182
0.19884
0.215253
0.233853
0.254688
0.277636
0.302592
0.329509
0.358307
0.388724
0.420162
0.451427
0.480498
0.50333
0.522024
0.180786
0.194488
0.210019
0.22788
0.24798
0.270029
0.293853
0.319403
0.346597
0.375133
0.404332
0.432895
0.458657
0.477623
0.492514
0.173247
0.185203
0.199256
0.215845
0.234605
0.255011
0.276775
0.299801
0.323966
0.348896
0.373798
0.397223
0.416756
0.428541
0.436674
0.161553
0.171196
0.183298
0.198044
0.214734
0.232663
0.251475
0.271013
0.291043
0.311027
0.329967
0.34619
0.356931
0.358325
0.357372
0.145776
0.152833
0.162914
0.175671
0.189822
0.204474
0.219314
0.234235
0.248947
0.262733
0.27433
0.281771
0.281891
0.270605
0.258036
0.12626
0.130146
0.138001
0.148652
0.160082
0.171191
0.181662
0.191373
0.199944
0.206502
0.209567
0.2069
0.194927
0.169337
0.143154
0.103461
0.104951
0.11077
0.118591
0.126347
0.133184
0.138856
0.14309
0.145235
0.144168
0.138169
0.124731
0.0999178
0.0594182
0.0192159
0.0765932
0.0771522
0.0821937
0.0872696
0.0909093
0.0928863
0.0932224
0.0915346
0.0869121
0.0779691
0.0627443
0.0384479
0.000713679
-0.0544849
-0.107483
0.0251187
0.0295293
0.0258625
0.0297622
0.0273206
0.031607
0.0298209
0.0341967
0.0335111
0.038002
0.0387387
0.0434977
0.0460145
0.051592
0.0562518
0.0635015
0.070886
0.0808004
0.0918629
0.105823
0.121731
0.141283
0.163741
0.0251424
0.0295188
0.0258964
0.0297505
0.0273654
0.0315987
0.0298799
0.0341915
0.0335781
0.0380265
0.0388201
0.0435234
0.0461365
0.0517721
0.0563137
0.0636214
0.0708977
0.0807746
0.0916059
0.105419
0.120804
0.13995
0.161502
0.025176
0.0294832
0.0259515
0.0297086
0.0274365
0.0315551
0.0299708
0.0341487
0.0336893
0.038023
0.0389394
0.0434996
0.0462444
0.051742
0.0563203
0.0635826
0.070699
0.0805099
0.0908624
0.104327
0.118786
0.136974
0.156461
0.0252183
0.029424
0.0260184
0.0296401
0.0275278
0.0314831
0.0300874
0.034076
0.0338191
0.0379939
0.0390709
0.0435039
0.0464115
0.0518474
0.05639
0.0637304
0.0704279
0.0801868
0.0897548
0.102644
0.115548
0.132094
0.148395
0.0252689
0.0293444
0.0261019
0.0295493
0.0276359
0.0313888
0.030223
0.0339746
0.0339631
0.0379306
0.0392034
0.0433757
0.0464925
0.0516999
0.0562548
0.0633693
0.0697278
0.0790904
0.087888
0.099828
0.110936
0.125177
0.137067
0.0253201
0.0292465
0.0261909
0.0294421
0.0277539
0.0312811
0.0303757
0.033875
0.0341303
0.0379097
0.0393867
0.0435006
0.0467429
0.0518575
0.0563688
0.0635859
0.0693279
0.0785873
0.0860458
0.0969464
0.105275
0.116609
0.123137
0.0253979
0.0291333
0.0262864
0.0293248
0.027877
0.0311595
0.0305221
0.0337441
0.0342623
0.0378006
0.0394769
0.0432518
0.0467486
0.0514855
0.0559634
0.0626209
0.0680863
0.0764168
0.0830081
0.092125
0.0982366
0.105399
0.106148
0.0254556
0.0290126
0.0263799
0.0292068
0.0280061
0.0310607
0.0306988
0.0337042
0.0344831
0.0378696
0.0397681
0.0437206
0.0471434
0.0520084
0.0563239
0.0631739
0.0678607
0.0761411
0.0805991
0.0883617
0.0899242
0.0931106
0.0853559
0.0255276
0.0288444
0.0265034
0.0290178
0.0281421
0.030844
0.0308372
0.0334145
0.03452
0.0376674
0.0396915
0.0431636
0.0466712
0.0507686
0.055119
0.0605482
0.0648504
0.0706615
0.0740796
0.0777104
0.0765873
0.0719773
0.0582022
0.0256247
0.0286033
0.0266613
0.0287539
0.0282887
0.030481
0.0309255
0.0329803
0.0344138
0.0368501
0.0391531
0.042107
0.0454763
0.0487494
0.0526739
0.0566111
0.0600097
0.0631798
0.0649843
0.0644593
0.0612994
0.053388
0.0421633
0.0257496
0.0282934
0.0268465
0.0284223
0.0284603
0.0300401
0.0310138
0.0324892
0.0342272
0.0362597
0.038563
0.0409721
0.0440595
0.0465733
0.0498649
0.0524203
0.0547029
0.0557783
0.0558281
0.0531593
0.0483258
0.0400636
0.0292761
0.0259036
0.0279051
0.0270612
0.0280405
0.028611
0.0296408
0.0309668
0.032039
0.0339312
0.0354237
0.0377586
0.0396914
0.0422954
0.0442007
0.046601
0.0480193
0.049109
0.0486421
0.0471893
0.0433887
0.0376073
0.0294411
0.0191909
0.0260906
0.0274313
0.0272604
0.0277134
0.0286603
0.0292941
0.0308088
0.0315794
0.0334763
0.034651
0.0367155
0.0382872
0.0402312
0.0416298
0.0430745
0.0434812
0.043516
0.0419481
0.0394069
0.0350721
0.0290534
0.0213156
0.0118711
0.0263057
0.026945
0.0273603
0.0274411
0.0286267
0.0289729
0.0305244
0.0311802
0.0328598
0.0337875
0.035479
0.0367175
0.0379642
0.0388487
0.0394388
0.0389658
0.0381498
0.0359119
0.0327657
0.0282469
0.0224537
0.0153263
0.00683504
0.0265009
0.0264919
0.0273588
0.0272134
0.0284891
0.0286701
0.0301041
0.0306613
0.0320727
0.0328138
0.0340891
0.0349666
0.0355817
0.0359336
0.0358197
0.0346955
0.0332525
0.0306748
0.0273009
0.0228575
0.0175311
0.011191
0.00377989
0.0266534
0.0260897
0.0272607
0.0270146
0.0282378
0.0283682
0.0295605
0.0300779
0.0311582
0.0317124
0.0325775
0.0330678
0.0331527
0.0330194
0.032355
0.030823
0.0289793
0.0262797
0.0229559
0.018812
0.0140794
0.00862175
0.0023343
0.0267366
0.0257592
0.0270542
0.0268305
0.0278787
0.0280405
0.0289279
0.029402
0.0301488
0.0304887
0.0309776
0.0310887
0.0307525
0.0302259
0.0291792
0.0274292
0.0253894
0.022743
0.0196525
0.0159593
0.0118759
0.0072965
0.00208532
0.0267323
0.0255103
0.0267401
0.0266467
0.0274344
0.0276599
0.02824
0.0286197
0.0290686
0.0291772
0.0293315
0.0291079
0.0284618
0.0276542
0.0263751
0.0245544
0.0224957
0.0200305
0.0172696
0.0140904
0.010661
0.00689892
0.00265764
0.0266276
0.02534
0.0263352
0.0264169
0.0269436
0.0271778
0.0275125
0.0277424
0.0279355
0.0278189
0.027688
0.0272029
0.0263577
0.0253723
0.0239857
0.0222072
0.020259
0.0180524
0.0156595
0.0129933
0.0101778
0.00714182
0.00374023
0.0264188
0.0252301
0.0258756
0.0260947
0.0264305
0.0266131
0.0267522
0.0268036
0.0267757
0.0264677
0.0261071
0.0254422
0.0244864
0.0234166
0.0220242
0.0203619
0.018601
0.0166889
0.0146663
0.0124724
0.0101972
0.00777801
0.00507574
0.0261127
0.0251505
0.0254233
0.0256504
0.0258844
0.0259842
0.0259642
0.0258416
0.0256256
0.0251735
0.0246448
0.0238659
0.0228708
0.0217958
0.0204716
0.0189685
0.0174278
0.0158132
0.0141378
0.0123572
0.0105363
0.00862209
0.00648716
0.0257289
0.0250347
0.0250197
0.0251273
0.0252882
0.0252932
0.0251513
0.0248903
0.0245256
0.0239734
0.0233351
0.0225005
0.0215191
0.0204932
0.0192859
0.0179646
0.0166462
0.0153069
0.013941
0.0125118
0.0110653
0.00955927
0.00788318
0.0252945
0.0248194
0.0246519
0.0246229
0.0246581
0.0245614
0.0243266
0.0239676
0.0235024
0.0228903
0.0221959
0.021354
0.0204212
0.0194769
0.0184127
0.0172781
0.0161666
0.0150671
0.0139655
0.0128293
0.0116876
0.0105072
0.00919718
0.0248374
0.0245117
0.0242895
0.0241345
0.0240244
0.0238269
0.023516
0.0230909
0.0225682
0.0219345
0.0212315
0.0204211
0.0195595
0.0187112
0.0177933
0.0168358
0.0159081
0.0150079
0.0141216
0.013221
0.0123218
0.0113977
0.0103773
0.0243769
0.0241386
0.0238957
0.023651
0.0234157
0.0231252
0.0227496
0.0222826
0.0217356
0.0211109
0.020436
0.0196868
0.0189107
0.0181613
0.017379
0.0165785
0.0158069
0.0150657
0.0143455
0.0136255
0.0129139
0.0121892
0.0113992
0.0239242
0.0237296
0.0234736
0.0231722
0.0228494
0.0224836
0.0220568
0.021563
0.0210116
0.0204132
0.0197871
0.0191163
0.0184354
0.0177858
0.0171257
0.0164592
0.0158146
0.015195
0.0145966
0.0140083
0.0134354
0.0128635
0.0122545
0.0234884
0.0233125
0.0230457
0.0227103
0.0223333
0.0219168
0.0214558
0.0209498
0.0204077
0.0198447
0.0192749
0.0186851
0.0180953
0.0175321
0.0169691
0.0164077
0.0158643
0.0153411
0.0148377
0.0143494
0.0138818
0.0134258
0.0129551
0.0230833
0.022914
0.0226396
0.0222855
0.0218783
0.0214332
0.0209561
0.0204516
0.0199291
0.0194044
0.0188877
0.0183683
0.0178537
0.017359
0.0168708
0.0163902
0.0159265
0.015481
0.0150541
0.0146451
0.0142583
0.0138885
0.0135198
0.0227296
0.0225634
0.0222852
0.0219234
0.0215032
0.0210458
0.0205644
0.0200682
0.019567
0.0190749
0.018599
0.0181309
0.0176721
0.0172306
0.0168013
0.0163855
0.0159877
0.0156084
0.0152467
0.0149011
0.0145743
0.0142658
0.0139699
0.0224535
0.0222874
0.0220092
0.021648
0.021227
0.0207696
0.0202935
0.0198108
0.0193301
0.0188615
0.0184103
0.0179739
0.0175523
0.0171487
0.0167614
0.0163903
0.0160371
0.0157023
0.015386
0.0150872
0.0148067
0.0145451
0.0143011
0.0223048
0.0221415
0.0218609
0.0214949
0.0210695
0.0206086
0.0201312
0.0196504
0.0191764
0.0187193
0.0182853
0.0178736
0.0174806
0.0171049
0.0167454
0.016402
0.0160761
0.0157698
0.0154839
0.0152191
0.0149757
0.0147547
0.0145565
0.0409085
0.0199322
-0.00276479
-0.0226429
-0.0427276
-0.0625277
-0.0819504
-0.0981496
0.0299458
0.0112409
-0.0118131
-0.0305065
-0.0452934
-0.0589664
-0.0723419
-0.0833988
0.0195926
0.00492096
-0.0147275
-0.0301646
-0.0402586
-0.0495055
-0.0590804
-0.0678225
0.010187
-0.00124843
-0.0162555
-0.0283881
-0.0360822
-0.0428147
-0.0494
-0.0553615
0.0033542
-0.00588809
-0.0161646
-0.0246701
-0.0303937
-0.0352325
-0.0396434
-0.0436647
-0.000960279
-0.00829602
-0.0150139
-0.0205816
-0.0247562
-0.0283918
-0.031553
-0.0343144
-0.00308652
-0.00876946
-0.0129527
-0.016342
-0.0192133
-0.0218674
-0.0240844
-0.025855
-0.00352568
-0.00784621
-0.0102974
-0.0121748
-0.0140274
-0.015906
-0.0174553
-0.018577
-0.0027862
-0.00602657
-0.00734015
-0.00821506
-0.00931556
-0.0106011
-0.0116908
-0.0124206
-0.00130446
-0.00370785
-0.00430429
-0.00454862
-0.00511723
-0.0059539
-0.00670715
-0.00717912
0.000576051
-0.00118855
-0.00135555
-0.00122913
-0.00144054
-0.00194846
-0.00245849
-0.00277289
0.00258159
0.00129329
0.00136351
0.00169893
0.00172638
0.00144775
0.00110019
0.000870106
0.00453612
0.00359576
0.0037794
0.00421565
0.00440294
0.00429027
0.00405658
0.00387273
0.00637078
0.00568803
0.00591287
0.00636194
0.00661999
0.00661308
0.0064622
0.00630801
0.0080337
0.007538
0.00775553
0.00816111
0.00842646
0.0084755
0.0083813
0.00824994
0.00949164
0.00913316
0.00931871
0.00965399
0.00988903
0.00995454
0.00989154
0.00977561
0.0107332
0.0104746
0.0106176
0.0108731
0.0110576
0.0111129
0.0110606
0.0109531
0.0117596
0.0115728
0.0116721
0.0118506
0.0119779
0.0120093
0.0119552
0.0118516
0.012588
0.0124497
0.0125082
0.0126185
0.0126909
0.0126929
0.0126299
0.0125264
0.0132428
0.0131323
0.0131516
0.0132029
0.0132263
0.0131993
0.0131252
0.0130209
0.0137524
0.0136505
0.0136275
0.0136238
0.0136025
0.0135492
0.0134655
0.0133623
0.0141196
0.0140131
0.0139468
0.0138921
0.0138308
0.0137551
0.0136652
0.0135661
0.0143976
0.0142694
0.014146
0.014033
0.0139301
0.0138339
0.013741
0.0136491
-0.555847
-0.56334
-0.573298
-0.587576
-0.606811
-0.630017
-0.652894
-0.669366
-0.553887
-0.559319
-0.567416
-0.579161
-0.594043
-0.611126
-0.628238
-0.639926
-0.553662
-0.55616
-0.561057
-0.568831
-0.578655
-0.588131
-0.593637
-0.59125
-0.554884
-0.553089
-0.552752
-0.553595
-0.554428
-0.55311
-0.546774
-0.53279
-0.555514
-0.547517
-0.539356
-0.530988
-0.521981
-0.511273
-0.49676
-0.476084
-0.551346
-0.535495
-0.518702
-0.501871
-0.485523
-0.468806
-0.449572
-0.425332
-0.537971
-0.514439
-0.49067
-0.468379
-0.448045
-0.428276
-0.406693
-0.380869
-0.512816
-0.484037
-0.456758
-0.432544
-0.411028
-0.39028
-0.367947
-0.341792
-0.476286
-0.446203
-0.419257
-0.395968
-0.375157
-0.354799
-0.332777
-0.30714
-0.4314
-0.404059
-0.380388
-0.359759
-0.340806
-0.321701
-0.300729
-0.276202
-0.382327
-0.360542
-0.341753
-0.324679
-0.308174
-0.290885
-0.271432
-0.248429
-0.33251
-0.317777
-0.304466
-0.291185
-0.277415
-0.262221
-0.244612
-0.223406
-0.284662
-0.277128
-0.269015
-0.259595
-0.248518
-0.235626
-0.220023
-0.200874
-0.239206
-0.238575
-0.235757
-0.230066
-0.22167
-0.210995
-0.197495
-0.180573
-0.196467
-0.203214
-0.204729
-0.202722
-0.196534
-0.187757
-0.176379
-0.161993
-0.441647
-0.449844
-0.463168
-0.481627
-0.501689
-0.520812
-0.536463
-0.547763
-0.444251
-0.454273
-0.468955
-0.487516
-0.507566
-0.525468
-0.539122
-0.548104
-0.446182
-0.457833
-0.474194
-0.493942
-0.515209
-0.53269
-0.544776
-0.551074
-0.450465
-0.463539
-0.48169
-0.503265
-0.525438
-0.542919
-0.553267
-0.556038
-0.457614
-0.471576
-0.491226
-0.514544
-0.537605
-0.554804
-0.56271
-0.561629
-0.46759
-0.481198
-0.50137
-0.525788
-0.54938
-0.565038
-0.57011
-0.563966
-0.480213
-0.491272
-0.509989
-0.533938
-0.556913
-0.571702
-0.570676
-0.557973
-0.495061
-0.500264
-0.514276
-0.534862
-0.554564
-0.56447
-0.55837
-0.539276
-0.511529
-0.506578
-0.511396
-0.524562
-0.538055
-0.541621
-0.530042
-0.506079
-0.528989
-0.509044
-0.499348
-0.500441
-0.50482
-0.500628
-0.485248
-0.460195
-0.54675
-0.50703
-0.477212
-0.461544
-0.45193
-0.443437
-0.428147
-0.406208
-0.563835
-0.500191
-0.444949
-0.409164
-0.389151
-0.375682
-0.363658
-0.348753
-0.578614
-0.488586
-0.403643
-0.342645
-0.309591
-0.299248
-0.297345
-0.292635
-0.588914
-0.473059
-0.357929
-0.277365
-0.237203
-0.227314
-0.234685
-0.239879
-0.592323
-0.451533
-0.30518
-0.194978
-0.151276
-0.15598
-0.176382
-0.19212
-0.574908
-0.416897
-0.258276
-0.128757
-0.0646101
-0.074264
-0.105345
-0.137355
-0.48547
-0.368953
-0.219762
-0.0668569
0.0212049
0.0281387
-0.0214245
-0.0782158
-0.348669
-0.287199
-0.18838
-0.0485624
0.0776868
0.126038
0.105373
0.00779559
-0.266136
-0.25067
-0.203743
-0.115556
-0.0120733
0.0648224
0.097301
0.0636717
-0.24196
-0.254107
-0.241143
-0.204191
-0.143981
-0.0833755
-0.0150535
0.023245
-0.259619
-0.292769
-0.312211
-0.310599
-0.277358
-0.222499
-0.155608
-0.0758302
-0.284288
-0.326869
-0.346584
-0.342918
-0.316104
-0.269834
-0.213879
-0.137985
-0.238938
-0.266492
-0.280351
-0.278999
-0.259889
-0.229093
-0.199531
-0.148484
-0.181628
-0.193635
-0.199159
-0.198365
-0.18934
-0.172605
-0.157467
-0.130403
-0.144346
-0.145288
-0.143821
-0.141188
-0.137088
-0.131407
-0.126815
-0.113037
-0.132133
-0.130056
-0.126728
-0.122606
-0.117464
-0.110885
-0.104947
-0.098448
-0.110857
-0.110557
-0.114235
-0.117611
-0.11538
-0.106012
-0.0940094
-0.082915
-0.105396
-0.0993381
-0.0971564
-0.0976575
-0.0993811
-0.101616
-0.099457
-0.0881876
-0.124683
-0.121579
-0.119596
-0.120502
-0.125555
-0.130738
-0.135029
-0.134234
-0.149966
-0.146481
-0.142648
-0.1407
-0.142392
-0.146863
-0.150223
-0.154665
-0.13978
-0.135585
-0.13143
-0.12823
-0.124721
-0.12442
-0.121593
-0.123829
-0.115804
-0.11134
-0.106105
-0.100771
-0.0953615
-0.091925
-0.0877392
-0.0871697
-0.0989249
-0.0889878
-0.0793794
-0.0710285
-0.0643795
-0.0597985
-0.0567935
-0.0559851
-0.124571
-0.111319
-0.0972024
-0.083526
-0.0716748
-0.0615958
-0.0544337
-0.0473654
-0.134002
-0.124235
-0.113706
-0.102756
-0.092101
-0.081779
-0.0730305
-0.0647474
-0.132742
-0.1252
-0.115799
-0.104766
-0.0928232
-0.0796723
-0.0650182
-0.0517932
-0.130536
-0.138204
-0.143496
-0.14561
-0.144239
-0.138745
-0.128254
-0.113987
-0.157575
-0.169886
-0.178219
-0.18197
-0.181099
-0.175871
-0.167336
-0.155672
-0.142969
-0.14943
-0.154168
-0.157304
-0.158437
-0.158234
-0.154735
-0.152681
-0.140279
-0.140313
-0.137178
-0.132025
-0.126069
-0.12096
-0.114352
-0.108769
-0.145344
-0.121161
-0.098224
-0.078239
-0.0620174
-0.0510013
-0.0436397
-0.0429064
-0.17643
-0.142048
-0.106985
-0.0738169
-0.0445044
-0.0207234
-0.00123628
0.0128944
-0.15355
-0.153468
-0.149105
-0.141197
-0.130605
-0.11777
-0.103039
-0.087462
-0.135833
-0.144475
-0.148981
-0.148914
-0.144283
-0.136256
-0.125529
-0.113857
-0.0620213
-0.0594103
-0.0565611
-0.0538757
-0.0512283
-0.0489203
-0.0462812
-0.0444753
-0.024654
-0.0219275
-0.0189736
-0.0161084
-0.0134747
-0.0113051
-0.00971317
-0.00851681
-0.0220792
-0.0213047
-0.0203911
-0.0193667
-0.0182546
-0.0171029
-0.0159284
-0.0147113
-0.0161286
-0.0166014
-0.0168712
-0.0169295
-0.0167543
-0.0163845
-0.0158096
-0.0150833
-0.00986251
-0.0098492
-0.00980084
-0.00972421
-0.00961411
-0.00948739
-0.00931767
-0.00918138
-0.00585294
-0.00570622
-0.00557028
-0.00545257
-0.00535702
-0.00528951
-0.00523803
-0.0052233
-0.00386813
-0.00383295
-0.00379594
-0.0037582
-0.00371906
-0.00368566
-0.0036454
-0.00362311
-0.00224988
-0.00225682
-0.00225747
-0.00225665
-0.00224676
-0.00223219
-0.0022084
-0.00218774
-0.000725954
-0.000726473
-0.000726014
-0.000723958
-0.000720839
-0.000717016
-0.000711522
-0.000707018
-0.133193
-0.120532
-0.0998976
-0.0822595
-0.0667459
-0.0529669
-0.0408422
-0.0307787
-0.0223318
-0.0153863
-0.00972714
-0.00503694
-0.00128501
0.00173781
0.0041821
0.0061175
0.00764625
0.00883347
0.00974278
0.010422
0.0109028
0.0112144
0.0113696
-0.0904237
-0.0863111
-0.0813957
-0.0734067
-0.0631517
-0.0521772
-0.0416916
-0.0321892
-0.0238756
-0.0168465
-0.010924
-0.0060458
-0.0021018
0.00110976
0.0036899
0.00573855
0.00735666
0.00860943
0.00956582
0.0102766
0.0107778
0.0111012
0.0112619
-0.0204329
-0.0381211
-0.0521067
-0.0548362
-0.051955
-0.0458783
-0.0382925
-0.0304333
-0.0230887
-0.016525
-0.0108433
-0.00614348
-0.00223773
0.000958001
0.00352699
0.00558194
0.00720829
0.00847102
0.00943648
0.0101544
0.0106611
0.0109883
0.0111511
0.033701
-0.00270704
-0.0264664
-0.0365085
-0.0394304
-0.0374344
-0.0323916
-0.0265463
-0.0205044
-0.0147575
-0.00970362
-0.00542802
-0.00178408
0.00121079
0.0036468
0.00561466
0.00718122
0.00840689
0.00934919
0.0100534
0.0105528
0.0108769
0.0110387
0.0198059
-0.00128843
-0.0166703
-0.0260273
-0.0297976
-0.0292142
-0.0260564
-0.0217011
-0.0169092
-0.0121682
-0.00791462
-0.00416449
-0.000943938
0.00173903
0.00396154
0.00577719
0.00723891
0.00839548
0.00929247
0.00996839
0.0104516
0.0107673
0.010926
-0.0459581
-0.0327147
-0.0274011
-0.0262382
-0.0253522
-0.0234779
-0.0204843
-0.0168837
-0.0130064
-0.0091976
-0.00572635
-0.00258735
0.000139231
0.0024544
0.00441161
0.00603525
0.00736393
0.00842896
0.0092646
0.00990065
0.0103593
0.0106615
0.0108143
-0.0928928
-0.0611408
-0.0426399
-0.0316507
-0.0247903
-0.0203362
-0.0159894
-0.0124899
-0.00914638
-0.00609888
-0.00334006
-0.0008306
0.00137974
0.00331266
0.00496837
0.00637477
0.00754906
0.00850466
0.00926508
0.00985045
0.0102768
0.0105599
0.010704
-0.111477
-0.074134
-0.0510444
-0.0342696
-0.0240475
-0.0169996
-0.0116817
-0.00827213
-0.00531684
-0.00294498
-0.000874933
0.00100425
0.00269487
0.00423387
0.00558653
0.00676663
0.00777441
0.00861007
0.00928658
0.00981403
0.0102022
0.0104623
0.0105954
-0.102789
-0.0697753
-0.051921
-0.0321935
-0.0224517
-0.0129341
-0.00749566
-0.00408236
-0.00148659
0.000203935
0.00160986
0.00287611
0.00404957
0.00517386
0.00621977
0.00717085
0.00800892
0.00872276
0.00931308
0.00978094
0.01013
0.0103661
0.0104879
-0.0887604
-0.0627832
-0.0457346
-0.0259166
-0.0168572
-0.00626187
-0.00201719
0.00105667
0.00281618
0.00356427
0.0041965
0.00477755
0.00541509
0.00611945
0.00685426
0.00757578
0.00824408
0.00883663
0.00934104
0.00974952
0.0100592
0.0102713
0.0103815
-0.080145
-0.0582672
-0.0426603
-0.019049
-0.0100211
0.00255558
0.00468829
0.00740573
0.00752456
0.00724212
0.00698558
0.00681258
0.00686822
0.00712452
0.00752774
0.00800831
0.00850132
0.00896737
0.00938086
0.00972598
0.00999326
0.0101789
0.0102762
-0.0695225
-0.0489903
-0.0319732
-0.0102998
0.00113389
0.0117897
0.0131707
0.0146257
0.0127804
0.0112576
0.00986832
0.00889469
0.00836934
0.00819646
0.00826531
0.00849528
0.00880192
0.00913091
0.00944402
0.00971763
0.0099358
0.0100903
0.0101723
-0.0773943
-0.0575859
-0.0247239
0.000484945
0.0198658
0.0263002
0.0254666
0.0226697
0.0184286
0.0152782
0.0127041
0.0109367
0.00984088
0.00925522
0.00901341
0.00900668
0.00912851
0.00931663
0.00952335
0.0097196
0.00988403
0.0100041
0.0100689
-0.119123
-0.104326
-0.0527607
-0.00550083
0.0319979
0.0403861
0.0368538
0.0297717
0.0231525
0.01836
0.0148593
0.0126032
0.011128
0.0102204
0.00971587
0.00949432
0.00944541
0.00950029
0.00960363
0.00972285
0.00983283
0.00991797
0.00996519
-0.134003
-0.134504
-0.0740653
-0.0138566
0.0267778
0.0375266
0.0363624
0.0308419
0.0249041
0.0199523
0.016227
0.0137671
0.0121003
0.0110146
0.0103376
0.00994663
0.00974799
0.00967903
0.00968319
0.0097268
0.00978186
0.00983114
0.00986016
-0.114117
-0.101883
-0.0681462
-0.0268427
0.00403899
0.0187748
0.0234534
0.0229739
0.0209785
0.0185795
0.0162772
0.014342
0.0127927
0.0116785
0.0108935
0.01037
0.0100457
0.00986109
0.00976815
0.00973486
0.0097327
0.00974381
0.00975299
-0.0814084
-0.068898
-0.0508464
-0.0333401
-0.0153351
-0.000207862
0.0100236
0.0143218
0.0159145
0.0158855
0.0152139
0.0141821
0.0131263
0.0121611
0.0113645
0.0107588
0.0103282
0.0100377
0.00985189
0.00974244
0.00968203
0.00965364
0.00964196
-0.0562962
-0.0483507
-0.0407423
-0.0325337
-0.0189093
-0.00566872
0.00508592
0.0107942
0.0138229
0.0146767
0.0146454
0.0140346
0.0132717
0.0124486
0.0116994
0.0110593
0.0105549
0.0101802
0.00991346
0.00973494
0.00962108
0.00955576
0.00952456
-0.0479241
-0.0429774
-0.0413698
-0.0301418
-0.0164732
-0.00232653
0.00572545
0.0115225
0.0133898
0.0148354
0.0146296
0.0142705
0.0134976
0.0127124
0.0119588
0.0112793
0.0107202
0.0102794
0.00994612
0.00970805
0.00954595
0.00944651
0.00939715
-0.0593535
-0.046405
-0.0355508
-0.0192852
-0.00757336
0.00569195
0.0107453
0.0152299
0.0151683
0.0158668
0.0150184
0.0146157
0.0137488
0.0129797
0.0121957
0.0114744
0.0108593
0.0103544
0.00995864
0.00966473
0.00945696
0.00932453
0.00925733
-0.0432263
-0.0260725
-0.0135747
0.00119427
0.00882014
0.0152251
0.0171796
0.0186147
0.0174189
0.0169794
0.0156032
0.0148844
0.0138977
0.0131024
0.0123095
0.0115804
0.0109307
0.0103804
0.00993506
0.00959354
0.00934578
0.0091841
0.00910097
-0.0997344
-0.0727668
-0.0401411
-0.00717551
0.0210447
0.0261655
0.0270149
0.0227148
0.0195964
0.0176295
0.0159968
0.0149926
0.013949
0.0131212
0.0123131
0.0115772
0.0109089
0.010334
0.00985605
0.00948108
0.00920339
0.00901877
0.00892293
-0.138962
-0.118623
-0.0804022
-0.0404945
-0.0014132
0.00687091
0.0165404
0.0172045
0.0173947
0.0163288
0.0155416
0.0147202
0.0138759
0.0130625
0.0122672
0.0115164
0.0108314
0.0102336
0.00972972
0.0093289
0.00902766
0.00882466
0.0087184
-0.138962
-0.117587
-0.0845104
-0.0519452
-0.0247741
-0.0125135
-0.00205108
0.00618738
0.0111627
0.0131475
0.0139161
0.0138917
0.0134161
0.012782
0.0120683
0.0113402
0.0106664
0.0100599
0.00954506
0.00912859
0.00881214
0.00859676
0.00848327
-0.0960858
-0.0758094
-0.0463152
-0.0204825
-0.00330224
0.000471975
0.00386011
0.00796722
0.0111551
0.013009
0.0136894
0.0137121
0.0131738
0.0125456
0.0118046
0.0110805
0.0104058
0.00980163
0.00928814
0.00886883
0.00854822
0.0083277
0.00821091
-0.0415171
-0.0209228
0.000393443
0.0165067
0.0253209
0.0254101
0.0214039
0.0188255
0.0167636
0.0164505
0.0151932
0.0144516
0.0133356
0.0124888
0.0115626
0.0107859
0.0100738
0.00946986
0.00895995
0.00854756
0.00823143
0.00801322
0.00789706
0.0151833
0.0224437
0.0285923
0.0368585
0.038078
0.037263
0.0326858
0.0285771
0.0238826
0.0205334
0.0174085
0.015289
0.0135222
0.0123011
0.0111983
0.0103602
0.00963152
0.00904051
0.00854924
0.00815669
0.00785568
0.00764725
0.00753594
-0.0703491
-0.0458965
-0.0201611
0.005548
0.0262672
0.0364353
0.0373639
0.0313077
0.0261249
0.0213301
0.0177159
0.0150684
0.0130779
0.0116714
0.0105574
0.00972185
0.00903752
0.0084898
0.00804357
0.00768808
0.00741562
0.00722582
0.00712395
-0.096563
-0.0830426
-0.0557394
-0.0303049
-0.00481626
0.0102093
0.0162282
0.016307
0.0161748
0.0152291
0.0140164
0.0126659
0.0113865
0.0103501
0.00949022
0.00881611
0.0082601
0.00780678
0.00743591
0.00713741
0.0069066
0.00674446
0.00665673
-0.0402115
-0.0321301
-0.0221159
-0.0130453
-0.00497866
0.000601194
0.00323256
0.00481727
0.00650686
0.0077856
0.00851283
0.00879553
0.00864987
0.00838393
0.0079913
0.00763269
0.00728979
0.00698736
0.00672509
0.00650529
0.00632982
0.00620306
0.00613338
-0.00883285
-0.00800815
-0.00792954
-0.00774213
-0.00674333
-0.00493337
-0.00287446
-0.000644684
0.00137584
0.00302787
0.00429131
0.00525376
0.00582383
0.00618066
0.00626811
0.00626802
0.00617168
0.00605282
0.0059206
0.00579459
0.00568466
0.00560068
0.00555289
-0.0134359
-0.0118058
-0.0102545
-0.00854578
-0.00667664
-0.00481303
-0.00320321
-0.00202191
-0.000805069
0.000372895
0.00151166
0.00255056
0.00338622
0.00406617
0.00451018
0.00481868
0.00496806
0.00504011
0.00504643
0.00502163
0.00498161
0.00494292
0.00491816
-0.0139486
-0.0124819
-0.0106526
-0.00888625
-0.00710631
-0.00573357
-0.00462231
-0.00369912
-0.00261938
-0.00153343
-0.000474763
0.000535262
0.00144847
0.00226972
0.00291109
0.00341976
0.00376128
0.00399586
0.00412931
0.00420123
0.00423025
0.00423659
0.00423485
-0.00882944
-0.00828227
-0.00767115
-0.00704921
-0.00637259
-0.00569839
-0.0049579
-0.00411159
-0.00312538
-0.00218282
-0.00129145
-0.00045606
0.000310113
0.00104173
0.00168399
0.00224293
0.00267161
0.00299809
0.0032181
0.00336284
0.0034471
0.00349164
0.00350995
-0.00517361
-0.00504782
-0.00493787
-0.00479434
-0.00456489
-0.00422378
-0.00373404
-0.00315464
-0.00250019
-0.00187649
-0.00125899
-0.000668035
-0.000120511
0.000413744
0.000904026
0.00137027
0.00177132
0.0021061
0.00235646
0.00253708
0.00265373
0.00272257
0.00275403
-0.00355702
-0.00343679
-0.00332018
-0.00316679
-0.00297813
-0.00274445
-0.00245482
-0.00213567
-0.00176152
-0.00138555
-0.000985867
-0.000592002
-0.000221952
0.000138661
0.000462322
0.00078277
0.00107766
0.00134694
0.00157045
0.00174435
0.0018654
0.00194117
0.00197755
-0.0021401
-0.00205959
-0.00197186
-0.00186732
-0.00174904
-0.00161873
-0.001467
-0.00130027
-0.00109312
-0.000881185
-0.00064516
-0.000408884
-0.000186166
3.34401e-05
0.000218798
0.000402435
0.000568465
0.000731531
0.000879051
0.0010037
0.0010964
0.00115745
0.00118771
-0.000694039
-0.000672541
-0.000648685
-0.000619317
-0.000584937
-0.000546111
-0.000496643
-0.000441852
-0.000368153
-0.0002991
-0.000217139
-0.000136227
-6.13807e-05
1.91763e-05
8.0838e-05
0.000144539
0.000192822
0.000242546
0.000287088
0.000327937
0.00036042
0.000383193
0.000394782
-0.138419
-0.112143
-0.0886851
-0.0704213
-0.0551885
-0.0429752
-0.0327433
-0.024367
-0.0174244
-0.0116615
-0.00686538
-0.00285818
0.000437691
0.00316638
0.00538371
0.00716009
0.00856811
0.00966279
0.0105033
0.0111315
0.0115735
0.0118522
0.0119859
-0.148011
-0.117393
-0.0916423
-0.0720398
-0.0563914
-0.0435571
-0.0329324
-0.0243382
-0.0172771
-0.0114974
-0.00670908
-0.00273882
0.000496297
0.00317493
0.00534727
0.0070923
0.00848163
0.00956688
0.0104037
0.0110317
0.0114767
0.0117613
0.0119009
-0.156024
-0.121183
-0.0930779
-0.0729391
-0.0571118
-0.0437877
-0.0329445
-0.0242436
-0.0171006
-0.011318
-0.00651896
-0.00259482
0.000579449
0.00321226
0.00533459
0.0070452
0.00841182
0.00948401
0.0103145
0.0109405
0.011387
0.0116755
0.0118194
-0.161613
-0.12342
-0.0948386
-0.0749575
-0.058396
-0.0442078
-0.0331502
-0.0242963
-0.0170725
-0.0112454
-0.00639261
-0.00250911
0.000640937
0.00324538
0.00532523
0.0070084
0.00835364
0.00941225
0.0102351
0.0108579
0.0113044
0.0115952
0.0117416
-0.164771
-0.123482
-0.095747
-0.0762918
-0.0588602
-0.0443907
-0.033493
-0.0245359
-0.0172518
-0.0113092
-0.00640399
-0.00254327
0.000639599
0.00323306
0.00529267
0.00696461
0.00829602
0.00934514
0.0101619
0.0107818
0.0112276
0.0115194
0.011667
-0.161454
-0.12259
-0.0986591
-0.0786477
-0.059613
-0.0451753
-0.0342719
-0.0250837
-0.017659
-0.0115449
-0.00661776
-0.00271443
0.000543723
0.00313971
0.00521287
0.00689289
0.00822424
0.00927312
0.010089
0.0107087
0.0111546
0.0114471
0.0115953
-0.155333
-0.121256
-0.0995891
-0.0786889
-0.0597374
-0.0463802
-0.0353265
-0.025955
-0.0183568
-0.012095
-0.00712129
-0.00307316
0.000276205
0.00291434
0.00504659
0.00676116
0.00811621
0.00918136
0.0100073
0.0106331
0.0110823
0.0113767
0.0115254
-0.143524
-0.123972
-0.102827
-0.0804232
-0.0625378
-0.0491938
-0.0374713
-0.0277875
-0.0198501
-0.0133367
-0.00812954
-0.00381393
-0.000315506
0.00246064
0.00471694
0.00651455
0.00793483
0.00904533
0.00990155
0.0105463
0.0110062
0.0113062
0.0114568
0.0289679
0.00338917
-0.0221836
-0.0486518
-0.0750023
-0.099869
-0.122833
-0.144055
0.0310716
0.00276515
-0.0256673
-0.0551897
-0.0847057
-0.112806
-0.138197
-0.160617
0.0324679
-7.73812e-05
-0.0325601
-0.0653625
-0.0974222
-0.127581
-0.154693
-0.178888
0.0328441
-0.00440558
-0.0411093
-0.0770879
-0.111575
-0.143765
-0.172974
-0.199336
0.0316476
-0.0101027
-0.0509363
-0.0902712
-0.127539
-0.16218
-0.193767
-0.222336
0.0287317
-0.0175432
-0.062657
-0.105746
-0.146256
-0.183678
-0.217661
-0.248304
0.023926
-0.0273112
-0.0771137
-0.124407
-0.168514
-0.208915
-0.245256
-0.277775
0.0166808
-0.040215
-0.0952509
-0.147191
-0.195146
-0.238585
-0.277294
-0.311444
0.00602325
-0.0573592
-0.118257
-0.175307
-0.227422
-0.273971
-0.314844
-0.350187
-0.00944718
-0.0802524
-0.147738
-0.21039
-0.266996
-0.316685
-0.359384
-0.395264
-0.031685
-0.110982
-0.18595
-0.254737
-0.31588
-0.368852
-0.412816
-0.448155
-0.0634416
-0.152307
-0.235742
-0.311697
-0.377814
-0.433066
-0.476777
-0.509664
-0.109183
-0.208744
-0.30059
-0.383255
-0.453586
-0.509439
-0.550489
-0.577478
-0.172145
-0.284032
-0.386776
-0.473011
-0.541511
-0.592263
-0.624951
-0.640305
-0.230536
-0.348471
-0.450032
-0.533466
-0.597327
-0.641248
-0.666356
-0.674965
0.183236
0.177948
0.168477
0.154808
0.137042
0.115411
0.0905516
0.0615345
0.197909
0.19159
0.180307
0.164243
0.143734
0.119006
0.091442
0.061153
0.214343
0.207158
0.194363
0.176325
0.153631
0.126543
0.0968102
0.0653357
0.232934
0.225007
0.210898
0.191021
0.166195
0.136727
0.104118
0.0696762
0.253738
0.245052
0.229554
0.207612
0.180207
0.147784
0.111427
0.0727842
0.276672
0.267105
0.249954
0.225533
0.19491
0.158813
0.118057
0.0745235
0.301656
0.291053
0.27191
0.24455
0.210062
0.169565
0.123867
0.0749421
0.328644
0.316851
0.295346
0.264555
0.225573
0.179918
0.128626
0.0736828
0.357557
0.344409
0.32013
0.285339
0.241177
0.189502
0.13173
0.0699165
0.388142
0.373445
0.345907
0.30641
0.256233
0.197515
0.132148
0.0623825
0.419815
0.403329
0.371945
0.326855
0.2696
0.202605
0.128297
0.0492803
0.451398
0.432813
0.396879
0.345108
0.279459
0.202698
0.117843
0.0280029
0.480885
0.459799
0.41842
0.358568
0.28283
0.194442
0.0970976
-0.00552274
0.504221
0.480256
0.432688
0.36348
0.275812
0.173731
0.0619021
-0.0551872
0.523415
0.496611
0.443115
0.365496
0.267317
0.152375
0.0268168
-0.103271
0.0251048
0.0251005
0.0251065
0.0251215
0.0251446
0.0251727
0.0252092
0.0252446
0.0295136
0.0294717
0.0294044
0.0293137
0.0292032
0.0290764
0.0289358
0.0287875
0.0258454
0.0258465
0.0258657
0.0259014
0.025948
0.0260071
0.0260708
0.0261344
0.0297417
0.0296898
0.0296085
0.0295026
0.0293771
0.0292345
0.0290824
0.0289305
0.0273011
0.0273063
0.0273419
0.0273861
0.0274458
0.0275165
0.0276058
0.0277028
0.0315799
0.0315139
0.0314147
0.031285
0.0311306
0.0309654
0.0307903
0.0306448
0.0297854
0.0297726
0.0298065
0.0298599
0.0299287
0.0300141
0.0300923
0.0302038
0.034154
0.0340708
0.0339556
0.0338144
0.033653
0.0334963
0.0333132
0.0332045
0.0334714
0.0335028
0.0334997
0.033533
0.0335866
0.0336742
0.0337234
0.0338597
0.0379291
0.0378077
0.0376552
0.037482
0.0372788
0.0371167
0.0368957
0.0368602
0.0386605
0.038589
0.0385607
0.0385519
0.0385448
0.0386119
0.0385718
0.0387558
0.0434242
0.0433008
0.0431423
0.0429884
0.0427571
0.042648
0.0423327
0.0424143
0.0458723
0.0457055
0.0455574
0.0454444
0.0452357
0.0452372
0.044941
0.0451546
0.0514378
0.0512277
0.0509027
0.0507498
0.0502707
0.0502739
0.0497105
0.0499782
0.0560823
0.0558399
0.055475
0.055267
0.0547289
0.0545668
0.053857
0.0538028
0.0632198
0.062844
0.062334
0.0619048
0.0610334
0.0608133
0.0594895
0.0595356
0.0705773
0.0701128
0.0693271
0.0686281
0.0674168
0.0667072
0.0650369
0.0644284
0.0803689
0.0798997
0.0787618
0.0778901
0.0760611
0.074942
0.0721104
0.0709403
0.091361
0.0903821
0.0886602
0.0868918
0.0841317
0.0817479
0.0779985
0.0750325
0.105221
0.103919
0.101722
0.0992648
0.0954171
0.0916913
0.0859545
0.0808362
0.121025
0.118983
0.115595
0.111301
0.10534
0.098645
0.0903815
0.0810322
0.140467
0.137821
0.133339
0.127213
0.118881
0.108918
0.0966326
0.0823608
0.162835
0.15897
0.152148
0.142319
0.129288
0.113234
0.0945721
0.0720459
0.025284
0.0253412
0.0254231
0.0255305
0.0256674
0.0258287
0.0259659
0.0260568
0.0260749
0.0260022
0.0258263
0.0255445
0.0251643
0.0247071
0.0241999
0.0236727
0.0231458
0.0226315
0.02214
0.0216851
0.0212885
0.0209791
0.0207872
0.028586
0.0283032
0.0279489
0.0275133
0.0269895
0.0264495
0.0259391
0.0254761
0.0250815
0.0247652
0.0245246
0.0243427
0.024188
0.0239983
0.0237028
0.0233253
0.0228849
0.0224138
0.0219421
0.0214968
0.0211056
0.0208021
0.0206135
0.0262224
0.0263366
0.0264749
0.0266404
0.0267849
0.0268251
0.0267598
0.0265941
0.0263167
0.0259292
0.0254523
0.0249188
0.0243927
0.0239197
0.0234829
0.0230549
0.0225982
0.0221182
0.0216395
0.0211909
0.0208004
0.0205024
0.0203254
0.0287031
0.0283844
0.0279953
0.0275525
0.0271618
0.0268247
0.0265298
0.0262618
0.0260064
0.0257438
0.0254416
0.0250434
0.0245222
0.0239297
0.0233618
0.0228149
0.0222788
0.0217539
0.0212521
0.0207956
0.0204058
0.0201145
0.0199539
0.027801
0.0278934
0.0280118
0.0280932
0.0280646
0.0279504
0.0277326
0.0274009
0.0269621
0.0264371
0.0258662
0.0252758
0.0246556
0.0239897
0.0232965
0.022608
0.0219544
0.0213515
0.0208079
0.0203361
0.0199471
0.0196644
0.0195233
0.0303579
0.0299483
0.0294536
0.0289968
0.0285792
0.028178
0.0277883
0.0273968
0.026985
0.0265127
0.025956
0.0253232
0.0246307
0.0238811
0.0230969
0.022318
0.0215814
0.020913
0.0203287
0.0198403
0.0194511
0.0191769
0.0190531
0.0302553
0.0302691
0.0302627
0.0301516
0.0299258
0.029571
0.0290724
0.0284488
0.0277308
0.0269561
0.0261472
0.0253146
0.0244644
0.0236013
0.0227376
0.0218984
0.0211138
0.0204103
0.0198065
0.0193153
0.018934
0.0186722
0.0185615
0.0329048
0.0322842
0.0316874
0.0311285
0.0305777
0.0300081
0.0294081
0.0287439
0.0279789
0.0271115
0.026159
0.0251563
0.0241445
0.023159
0.0222165
0.0213335
0.02053
0.0198235
0.0192288
0.018758
0.0184021
0.0181637
0.0180628
0.0338491
0.0336327
0.0333455
0.0328972
0.0322781
0.0314956
0.0305787
0.0295611
0.0284708
0.0273249
0.0261386
0.0249387
0.0237624
0.0226479
0.021623
0.0206997
0.0198892
0.0191956
0.0186264
0.0181891
0.0178704
0.0176618
0.0175685
0.0364393
0.0356945
0.0349208
0.0340993
0.0332261
0.0322747
0.0312108
0.0300209
0.028713
0.0273254
0.0259039
0.0245059
0.0231832
0.0219739
0.0209011
0.0199714
0.0191858
0.0185336
0.0180125
0.0176213
0.0173493
0.0171723
0.0170858
0.0385275
0.0378746
0.0371212
0.0361712
0.0349747
0.0335809
0.0320404
0.0304012
0.0287058
0.0270017
0.0253377
0.0237668
0.0223357
0.0210785
0.0200055
0.0191154
0.0183972
0.0178254
0.017383
0.0170557
0.0168408
0.0166962
0.0166192
0.041743
0.0404678
0.0391105
0.0376336
0.0360347
0.0342907
0.0324068
0.030419
0.0283992
0.0264267
0.0245666
0.0228694
0.0213765
0.0201057
0.0190583
0.0182263
0.01759
0.0171136
0.0167635
0.0165081
0.0163516
0.0162384
0.0161734
0.0444566
0.0430808
0.0415511
0.0397523
0.0376615
0.0353659
0.0329425
0.030473
0.0280467
0.0257526
0.0236649
0.0218428
0.0203064
0.0190522
0.0180635
0.0173149
0.0167763
0.0164066
0.0161561
0.0159782
0.015879
0.0158001
0.0157513
0.0486892
0.0464037
0.0439669
0.0413161
0.0385094
0.0355538
0.0325395
0.0295976
0.0268351
0.024338
0.0221712
0.0203618
0.0189026
0.0177703
0.0169259
0.0163248
0.0159264
0.0156888
0.0155497
0.0154576
0.0154179
0.0153804
0.0153528
0.0522521
0.0494673
0.046369
0.0429116
0.0392117
0.0354577
0.0318049
0.0283917
0.0253228
0.0226795
0.0204923
0.0187508
0.0174214
0.0164539
0.0157847
0.0153527
0.0151067
0.0150031
0.0149714
0.014962
0.0149775
0.014983
0.0149781
0.056746
0.0524794
0.0481514
0.0436971
0.0391752
0.0347096
0.0305002
0.026704
0.0234352
0.0207448
0.0186222
0.0170229
0.0158816
0.015118
0.0146492
0.0144011
0.0143139
0.0143433
0.0144161
0.0144883
0.0145581
0.0146087
0.0146275
0.0610894
0.0556156
0.0498591
0.0439114
0.0381406
0.0328213
0.0281263
0.024147
0.0208933
0.0183423
0.0164373
0.0150969
0.0142247
0.0137191
0.0134857
0.0134422
0.0135238
0.0136876
0.0138692
0.0140275
0.0141563
0.0142559
0.0143001
0.0650209
0.0571821
0.049763
0.0425683
0.0358448
0.0298951
0.0249105
0.0209093
0.0178252
0.0155611
0.0140032
0.0130238
0.0124931
0.0122927
0.0123224
0.0124973
0.0127524
0.0130481
0.0133374
0.0135827
0.0137736
0.013924
0.013995
0.068027
0.0582325
0.0486918
0.0399007
0.0322525
0.0259606
0.0209539
0.0171254
0.0143576
0.0125055
0.0113975
0.010857
0.0107236
0.0108658
0.0111801
0.0115835
0.012015
0.01244
0.0128314
0.0131604
0.0134136
0.0136135
0.0137121
0.0694459
0.0560161
0.0447223
0.0349376
0.0269483
0.0207602
0.0161299
0.0128092
0.0105988
0.00931281
0.00874585
0.00869544
0.00898731
0.0094837
0.010086
0.0107171
0.0113227
0.0118744
0.0123614
0.0127682
0.0130809
0.0133256
0.0134517
0.0669293
0.0515893
0.038687
0.0282312
0.0203133
0.0145722
0.0105713
0.00796605
0.00650419
0.00593238
0.0060016
0.00649766
0.00724482
0.00810889
0.00900561
0.00986781
0.0106512
0.0113343
0.0119189
0.0124026
0.0127745
0.0130602
0.0132142
0.0599438
0.0419065
0.0291581
0.0192501
0.0121431
0.0073148
0.00423842
0.00257277
0.00203832
0.0023113
0.00310798
0.00421075
0.00545043
0.00670281
0.00790545
0.00900708
0.00997746
0.0108011
0.0114917
0.0120566
0.0124905
0.012817
0.0129994
0.0437346
0.0289299
0.017212
0.00865534
0.00286952
-0.000858876
-0.00289085
-0.00347078
-0.00295277
-0.00173185
-0.000120239
0.00166438
0.00346183
0.0051542
0.00670097
0.00807336
0.00925595
0.0102432
0.011058
0.0117166
0.0122203
0.0125935
0.0128067
0.0249187
0.0141859
0.00520646
-0.00160746
-0.00596291
-0.00866189
-0.00971112
-0.00922081
-0.00767701
-0.00553698
-0.00313961
-0.000698181
0.00164311
0.00376949
0.00565107
0.00728357
0.00866689
0.00980695
0.0107332
0.011471
0.0120291
0.0124333
0.012664
0.00250754
-0.00670943
-0.0110339
-0.0145693
-0.0161489
-0.016559
-0.0157137
-0.0136907
-0.0109676
-0.00794454
-0.00489191
-0.00196511
0.000739801
0.00313467
0.00520719
0.0069753
0.00845339
0.00965857
0.010625
0.0113839
0.01195
0.0123467
0.0125679
-0.0234172
-0.0313212
-0.0313544
-0.0307878
-0.028285
-0.024883
-0.0209813
-0.0168532
-0.0127624
-0.00888185
-0.00530982
-0.00208412
0.000781878
0.00325663
0.00535913
0.00712509
0.00858225
0.00975841
0.0106912
0.0114136
0.0119432
0.0122987
0.0124878
-0.0471503
-0.0521979
-0.0479537
-0.0440734
-0.0380992
-0.031713
-0.0252978
-0.0193871
-0.0141258
-0.00950336
-0.00548307
-0.00200777
0.000978551
0.00350801
0.0056205
0.00736121
0.0087749
0.00990182
0.0107854
0.0114601
0.0119451
0.0122563
0.012412
-0.0691869
-0.0683259
-0.0592405
-0.0525461
-0.0441602
-0.0361598
-0.0284226
-0.0214763
-0.0154454
-0.0102731
-0.00588082
-0.00216745
0.000955917
0.00357249
0.00573107
0.00747818
0.00887497
0.00997354
0.0108251
0.0114669
0.0119201
0.0122009
0.0123335
-0.0900064
-0.0822428
-0.0683941
-0.058583
-0.04797
-0.0387806
-0.0303292
-0.0229034
-0.0164889
-0.0110045
-0.00637465
-0.00248365
0.0007603
0.00346542
0.0056802
0.00745495
0.00885981
0.00995333
0.0107937
0.0114216
0.0118601
0.0121276
0.01225
-0.109165
-0.094463
-0.0766737
-0.0636636
-0.0509892
-0.0406359
-0.0315347
-0.0237706
-0.0171392
-0.0114945
-0.00674594
-0.00275788
0.000556363
0.00331378
0.00556169
0.00735759
0.00877446
0.0098721
0.0107123
0.0113379
0.0117737
0.0120404
0.0121625
-0.125432
-0.104549
-0.0838644
-0.0679102
-0.0535749
-0.0421008
-0.0323278
-0.0242155
-0.0174148
-0.0116863
-0.00689678
-0.00287863
0.000448202
0.00320906
0.00545492
0.00725055
0.00866889
0.00976789
0.0106093
0.0112363
0.0116746
0.0119465
0.0120737
)
;

boundaryField
{
    outlet
    {
        type            fixedValue;
        value           uniform 0;
    }
    upperWall
    {
        type            symmetryPlane;
    }
    lowerWall
    {
        type            symmetryPlane;
    }
    inlet
    {
        type            zeroGradient;
    }
    cylinder
    {
        type            zeroGradient;
    }
    frontAndBack
    {
        type            empty;
    }
}


// ************************************************************************* //
