/*--------------------------------*- C++ -*----------------------------------*\
| =========                 |                                                 |
| \\      /  F ield         | OpenFOAM: The Open Source CFD Toolbox           |
|  \\    /   O peration     | Version:  2312                                  |
|   \\  /    A nd           | Website:  www.openfoam.com                      |
|    \\/     M anipulation  |                                                 |
\*---------------------------------------------------------------------------*/
FoamFile
{
    version     2.0;
    format      ascii;
    arch        "LSB;label=32;scalar=64";
    class       volScalarField;
    location    "170.05";
    object      p;
}
// * * * * * * * * * * * * * * * * * * * * * * * * * * * * * * * * * * * * * //

dimensions      [0 2 -2 0 0 0 0];

internalField   nonuniform List<scalar> 
5478
(
-0.390333
-0.39182
-0.392119
-0.390947
-0.385919
-0.374957
-0.35671
-0.33171
-0.302173
-0.27107
-0.240966
-0.213336
-0.189281
-0.168204
-0.149918
-0.398369
-0.397502
-0.395879
-0.392537
-0.3851
-0.371377
-0.35072
-0.324578
-0.295518
-0.266018
-0.237849
-0.21205
-0.189025
-0.168428
-0.150325
-0.407322
-0.403718
-0.399421
-0.393044
-0.381975
-0.364526
-0.341195
-0.314094
-0.285612
-0.257677
-0.231436
-0.207394
-0.185627
-0.16585
-0.147854
-0.41886
-0.412431
-0.404928
-0.394437
-0.378216
-0.356095
-0.32992
-0.301999
-0.274207
-0.247691
-0.222961
-0.200218
-0.179331
-0.160243
-0.143047
-0.434762
-0.424698
-0.413524
-0.397148
-0.374183
-0.3469
-0.318025
-0.289397
-0.262042
-0.236435
-0.212757
-0.190998
-0.171041
-0.152932
-0.136182
-0.455657
-0.440285
-0.424169
-0.399762
-0.36908
-0.336739
-0.305321
-0.275812
-0.248511
-0.223464
-0.200582
-0.179718
-0.160686
-0.143354
-0.127258
-0.479141
-0.458033
-0.43356
-0.399267
-0.360988
-0.324085
-0.290314
-0.259856
-0.232455
-0.207798
-0.185608
-0.165642
-0.147707
-0.13158
-0.116622
-0.499502
-0.47391
-0.437676
-0.39257
-0.347524
-0.30683
-0.271143
-0.239948
-0.212562
-0.18842
-0.167075
-0.148192
-0.13149
-0.116658
-0.103302
-0.485737
-0.486723
-0.489007
-0.49689
-0.51032
-0.52862
-0.550575
-0.57413
-0.596422
-0.61389
-0.622634
-0.620353
-0.603144
-0.571979
-0.527926
-0.454984
-0.456471
-0.457186
-0.461175
-0.468335
-0.47759
-0.487459
-0.495909
-0.500491
-0.498518
-0.487188
-0.468524
-0.440988
-0.405668
-0.364038
-0.427423
-0.429332
-0.429081
-0.430089
-0.432041
-0.433516
-0.432822
-0.428052
-0.41734
-0.399435
-0.373985
-0.342168
-0.303435
-0.267055
-0.220109
-0.405491
-0.407955
-0.407542
-0.406873
-0.40536
-0.40141
-0.393294
-0.379405
-0.358594
-0.330306
-0.295873
-0.260617
-0.213112
-0.182547
-0.13653
-0.390039
-0.393132
-0.393069
-0.391748
-0.388309
-0.381108
-0.368485
-0.349108
-0.322594
-0.289078
-0.247343
-0.22124
-0.168596
-0.139752
-0.113665
-0.3813
-0.384881
-0.385316
-0.383968
-0.379785
-0.371081
-0.356314
-0.334433
-0.305317
-0.270433
-0.230937
-0.197912
-0.159693
-0.131106
-0.115246
-0.379228
-0.382886
-0.383809
-0.382907
-0.379101
-0.370311
-0.354948
-0.332161
-0.302502
-0.268022
-0.232411
-0.199576
-0.170368
-0.14704
-0.132691
-0.383249
-0.386296
-0.387411
-0.386969
-0.383129
-0.373789
-0.35742
-0.333718
-0.304098
-0.27121
-0.238819
-0.208779
-0.183255
-0.162526
-0.146762
-0.445751
-0.354893
-0.34595
-0.377351
-0.358896
-0.284818
-0.196244
-0.155728
-0.13576
-0.131769
-0.134368
-0.140792
-0.149521
-0.149951
-0.125759
-0.103644
-0.114939
-0.139099
-0.145806
-0.118604
-0.116683
-0.149428
-0.141204
-0.117106
-0.152199
-0.178116
-0.179181
-0.139939
-0.117344
-0.0705743
-0.0468344
-0.0198259
-0.0143511
-0.010755
-0.00675663
-0.00401463
-0.00228348
-0.000779464
-0.311446
-0.292028
-0.351548
-0.426773
-0.402136
-0.312088
-0.21063
-0.155941
-0.130929
-0.117138
-0.112309
-0.121062
-0.141225
-0.146235
-0.11973
-0.0968068
-0.106891
-0.129768
-0.142127
-0.119301
-0.127028
-0.165006
-0.145043
-0.112429
-0.135098
-0.150046
-0.176552
-0.155836
-0.121474
-0.0646025
-0.0449868
-0.0214641
-0.0148054
-0.0103966
-0.00666938
-0.00408315
-0.00229558
-0.000771759
-0.183571
-0.21457
-0.32891
-0.434615
-0.41524
-0.318434
-0.215085
-0.153841
-0.128535
-0.111407
-0.101102
-0.10594
-0.13437
-0.14197
-0.114385
-0.0903996
-0.0991358
-0.120127
-0.136085
-0.117948
-0.135402
-0.178179
-0.147274
-0.106207
-0.11834
-0.122093
-0.169208
-0.166546
-0.123309
-0.0576456
-0.0424326
-0.0228643
-0.0151753
-0.0100065
-0.00656673
-0.00414467
-0.00230491
-0.000763731
-0.108498
-0.151566
-0.282049
-0.397782
-0.388931
-0.301993
-0.211178
-0.150118
-0.125701
-0.110533
-0.100715
-0.101488
-0.13075
-0.137475
-0.109162
-0.0849673
-0.0922048
-0.11061
-0.128024
-0.114241
-0.140932
-0.190448
-0.149513
-0.0989637
-0.103233
-0.096863
-0.158028
-0.171819
-0.123676
-0.0503444
-0.0393804
-0.0239297
-0.0154571
-0.00961387
-0.00645102
-0.00419349
-0.00231066
-0.000755543
-0.0883312
-0.115559
-0.231865
-0.342457
-0.344481
-0.275518
-0.201309
-0.145806
-0.122514
-0.10841
-0.106542
-0.105958
-0.133936
-0.134452
-0.105235
-0.0815502
-0.0877784
-0.102723
-0.118706
-0.108193
-0.142672
-0.196665
-0.150685
-0.0913941
-0.0905985
-0.0756461
-0.144161
-0.17244
-0.122079
-0.0431365
-0.0359186
-0.0245678
-0.0156307
-0.00923952
-0.00632682
-0.00422581
-0.00231209
-0.000747355
-0.100091
-0.107664
-0.185733
-0.278601
-0.286543
-0.240293
-0.185119
-0.139459
-0.118252
-0.103711
-0.110796
-0.112379
-0.140909
-0.134303
-0.104676
-0.080372
-0.0844653
-0.0951768
-0.108709
-0.099642
-0.139889
-0.199013
-0.152038
-0.0845339
-0.0809572
-0.0587453
-0.127978
-0.169229
-0.11907
-0.0367875
-0.0322972
-0.0247872
-0.0157097
-0.00890865
-0.00620012
-0.00424148
-0.00230936
-0.000739475
-0.121822
-0.114344
-0.149381
-0.214402
-0.231268
-0.210107
-0.172082
-0.135148
-0.115335
-0.0996603
-0.10378
-0.120734
-0.148661
-0.132609
-0.102041
-0.0805465
-0.0826196
-0.0898323
-0.0987211
-0.0879907
-0.131756
-0.198355
-0.149796
-0.0782313
-0.0739047
-0.0464169
-0.108937
-0.163418
-0.113206
-0.0318243
-0.0285118
-0.024611
-0.0156493
-0.00862018
-0.0060713
-0.00423145
-0.00229989
-0.000731591
-0.13258
-0.122537
-0.129967
-0.16038
-0.175628
-0.173359
-0.154341
-0.126696
-0.111556
-0.0952721
-0.0862665
-0.125179
-0.164727
-0.138362
-0.105561
-0.0812789
-0.0793052
-0.0824165
-0.0871519
-0.0763885
-0.118064
-0.19367
-0.148189
-0.0733953
-0.0700205
-0.0282307
-0.0883574
-0.154834
-0.106471
-0.0278015
-0.0247477
-0.0239525
-0.0155593
-0.00840887
-0.005962
-0.00422124
-0.00229082
-0.000725605
-0.133407
-0.129984
-0.126437
-0.135782
-0.145543
-0.143663
-0.128472
-0.106292
-0.0925279
-0.0823819
-0.0714685
-0.109438
-0.0912676
-0.125823
-0.103685
-0.0823326
-0.080927
-0.0820161
-0.0744473
-0.0671992
-0.107269
-0.178897
-0.138037
-0.06609
-0.0639901
-0.0693231
-0.0720899
-0.139066
-0.0958751
-0.0253049
-0.0214087
-0.0227096
-0.0149927
-0.00813544
-0.00578665
-0.00413646
-0.00225324
-0.000712748
-0.118478
-0.118371
-0.113218
-0.112474
-0.111448
-0.106208
-0.0946651
-0.0798747
-0.0714508
-0.0606055
-0.0552465
-0.098155
-0.171881
-0.117701
-0.0931316
-0.0787009
-0.0772321
-0.0639307
-0.056394
-0.0473807
-0.0866048
-0.161902
-0.125359
-0.0514061
-0.0418415
0.0191166
-0.0477056
-0.118067
-0.0840907
-0.0182605
-0.017763
-0.0206662
-0.0140921
-0.0076742
-0.00550236
-0.00397546
-0.00218624
-0.000692252
-0.0990262
-0.103879
-0.100803
-0.0953452
-0.0908883
-0.0857918
-0.077162
-0.066239
-0.0561075
-0.0426165
-0.0298925
-0.0351474
-0.0371487
-0.0553678
-0.0593136
-0.0668289
-0.0674922
-0.0521095
-0.0385613
-0.0277254
-0.0572338
-0.120372
-0.100221
-0.032871
-0.0222749
-0.00360562
-0.023395
-0.089794
-0.0654318
-0.0114282
-0.0146612
-0.0179777
-0.0127943
-0.00725161
-0.00525064
-0.00377884
-0.0021038
-0.000672533
-0.0806397
-0.0862686
-0.0846661
-0.0786123
-0.0717267
-0.0640724
-0.0537233
-0.0436925
-0.0337041
-0.0201958
-0.00790969
0.00617347
0.0163181
0.00174673
-0.0210293
-0.046605
-0.0450576
-0.0323928
-0.0171285
-0.00741239
-0.0265854
-0.0666915
-0.0656912
-0.0207683
-0.00769855
0.0170537
0.00512272
-0.0561412
-0.0427436
-0.00689273
-0.0115541
-0.0145951
-0.0112576
-0.00693133
-0.00499958
-0.00352368
-0.00200249
-0.000653257
-0.0625246
-0.0685241
-0.0682922
-0.0632926
-0.0563004
-0.0493502
-0.0415932
-0.0331708
-0.0240688
-0.00926172
0.00712334
0.0322363
0.044919
0.0310639
0.00505854
-0.0214802
-0.0231862
-0.0187545
-0.00601927
0.00588203
0.00517676
-0.0032007
-0.0288338
-0.0166634
-0.000306408
0.0169094
0.0280013
-0.0178831
-0.0158038
-0.00320145
-0.0079359
-0.0105711
-0.00937522
-0.0066255
-0.0047245
-0.00320096
-0.00188164
-0.000634675
-0.0469944
-0.0528164
-0.0533646
-0.0494734
-0.0435246
-0.0370716
-0.0291928
-0.0204015
-0.0108866
0.00232557
0.0161124
0.0341257
0.0447495
0.0376573
0.0181556
-0.00300194
-0.00611662
-0.0027614
0.00618623
0.0132066
0.0123439
-0.0046434
-0.00715921
-0.01483
0.00153911
0.0212121
0.0419933
0.0112688
0.00780155
0.000390577
-0.00383964
-0.00656661
-0.0074339
-0.00622103
-0.00436418
-0.00284895
-0.00174623
-0.000614246
-0.0341724
-0.0390322
-0.0397774
-0.0370006
-0.0320687
-0.0263773
-0.0199156
-0.0128656
-0.00537653
0.00467718
0.0161737
0.0295123
0.0377363
0.0349303
0.0222238
0.00753282
0.00468706
0.00429574
0.0105042
0.0165461
0.0174702
0.0132578
0.00599898
-0.00653794
0.00497084
0.0211057
0.0441866
0.0270718
0.0196266
0.00326536
-0.000551786
-0.00363165
-0.00577037
-0.00557765
-0.0038618
-0.00249541
-0.00159318
-0.000577104
-0.0233521
-0.0272459
-0.0282358
-0.0264386
-0.0227006
-0.0181243
-0.0129242
-0.00720537
-0.000880785
0.00702642
0.0155769
0.0239734
0.0294824
0.0288808
0.0219829
0.0125984
0.010889
0.0114495
0.0147628
0.0182436
0.0172308
0.0139868
0.0119544
0.00343939
0.0100193
0.0205357
0.036803
0.0266978
0.0197826
0.0057415
0.00178796
-0.00195137
-0.00439618
-0.00460536
-0.00324412
-0.00215069
-0.00141202
-0.000515653
-0.0144806
-0.0177394
-0.0187647
-0.0175577
-0.0147863
-0.0112342
-0.0072095
-0.0027931
0.00196984
0.00743615
0.0132228
0.018838
0.0226536
0.0231626
0.020288
0.0149163
0.0133065
0.013309
0.0147315
0.0171624
0.0167015
0.0152868
0.0139675
0.00952635
0.0126461
0.0190396
0.0297998
0.0253511
0.0187055
0.00804319
0.00330436
-0.000474048
-0.00302413
-0.00343914
-0.00255357
-0.00177206
-0.00118086
-0.000426788
-0.00764209
-0.0101131
-0.0109331
-0.0101918
-0.00830286
-0.00571979
-0.00277712
0.000425431
0.00383132
0.00764196
0.0116259
0.0153627
0.0181197
0.0188956
0.0181329
0.0155195
0.0145372
0.0149498
0.0156306
0.0167827
0.0162802
0.0153599
0.0144792
0.0127797
0.0149693
0.0184254
0.024036
0.0220547
0.0171278
0.00951521
0.00459779
0.000825967
-0.00167825
-0.00232858
-0.0018824
-0.00137238
-0.000930237
-0.000336755
-0.00206393
-0.00394486
-0.00470007
-0.00433303
-0.00309449
-0.00127561
0.000798018
0.00305532
0.0054124
0.00798253
0.0106551
0.0131351
0.0151162
0.015968
0.0162077
0.0153443
0.0147055
0.0148969
0.0151886
0.0157689
0.0155912
0.0152499
0.0147022
0.0139193
0.0153281
0.0172763
0.0197772
0.0191175
0.0156584
0.0101469
0.0056733
0.00210174
-0.000384656
-0.00127528
-0.00118832
-0.000926982
-0.000648527
-0.000233101
0.0023708
0.000881562
0.000204955
0.000371056
0.00114948
0.00235691
0.00375431
0.00526486
0.00682909
0.00850888
0.0102925
0.0119589
0.0134188
0.0142318
0.0147026
0.014604
0.014443
0.0147089
0.0150052
0.0152808
0.0151093
0.0149656
0.0146779
0.0143853
0.0152701
0.0163273
0.0171968
0.0165733
0.0141644
0.0103484
0.00653898
0.00324595
0.00079715
-0.000323829
-0.000539104
-0.000492566
-0.000375378
-0.000138943
0.00578985
0.00465853
0.00409838
0.00410451
0.00454199
0.00529178
0.00619072
0.00716132
0.00816085
0.00921978
0.0103739
0.0114834
0.0124935
0.0131815
0.0136783
0.0139924
0.0141216
0.0143182
0.0145262
0.014689
0.0145956
0.0145573
0.0144293
0.014204
0.0145963
0.0150274
0.0152107
0.0145593
0.0127806
0.0100937
0.0070586
0.00417147
0.00186263
0.000548768
7.02136e-05
-7.40403e-05
-0.00010858
-4.47835e-05
0.00847998
0.00761399
0.00713194
0.00702907
0.00723166
0.00766906
0.00822247
0.00880894
0.00940044
0.0100301
0.0107457
0.0114676
0.0121411
0.0126813
0.013133
0.0134766
0.0136902
0.0138762
0.014067
0.0142111
0.0141483
0.0141129
0.0140389
0.0138728
0.013986
0.0140647
0.0138256
0.0130904
0.0116974
0.0097355
0.00736126
0.00491547
0.00281337
0.00137625
0.000655958
0.000325017
0.000146818
5.09829e-05
0.0105718
0.00989819
0.00948469
0.00932291
0.00937051
0.00958157
0.00988319
0.0102064
0.0105259
0.0108667
0.0112723
0.0117078
0.0121287
0.012494
0.012829
0.0131258
0.013349
0.013506
0.0136381
0.01374
0.0136935
0.0136426
0.0135603
0.0133641
0.0132449
0.013064
0.0126713
0.0119477
0.0107966
0.00926644
0.00740925
0.00540562
0.00356005
0.00211843
0.00119997
0.000679839
0.000359882
0.000127278
0.0121763
0.0116554
0.0113031
0.0111098
0.0110543
0.0111131
0.011241
0.0113849
0.0115198
0.0116674
0.011864
0.0121
0.0123295
0.0125352
0.0127339
0.0129339
0.0130935
0.0131933
0.0132663
0.0133238
0.0132719
0.0131809
0.0130556
0.0128361
0.0126127
0.0123052
0.0118211
0.0111059
0.0101157
0.00887126
0.00738332
0.00574242
0.00414328
0.00276819
0.0017275
0.00102885
0.000561149
0.000201162
0.0134005
0.0129932
0.0126887
0.0124818
0.0123643
0.0123248
0.012334
0.0123521
0.012361
0.0123781
0.0124307
0.0125151
0.0126018
0.0126797
0.0127648
0.0128598
0.0129316
0.0129632
0.0129712
0.0129644
0.0128806
0.0127479
0.0125831
0.0123302
0.0120239
0.0116361
0.0111213
0.0104413
0.00956395
0.00851042
0.0072772
0.00591085
0.00453124
0.00326467
0.00219345
0.00135739
0.000738558
0.000254626
0.0143156
0.0139933
0.0137294
0.0135218
0.0133682
0.0132651
0.0131947
0.0131292
0.0130559
0.0129862
0.0129414
0.0129188
0.0129012
0.0128798
0.0128678
0.0128661
0.012851
0.012809
0.0127474
0.0126723
0.0125429
0.0123674
0.0121551
0.0118702
0.0115252
0.0111044
0.010576
0.0099266
0.00913748
0.00821611
0.00716253
0.00600221
0.00480291
0.00364263
0.00258471
0.00166757
0.000918277
0.000308495
0.0149892
0.0147288
0.0144968
0.0142939
0.0141209
0.0139787
0.0138569
0.0137364
0.0136095
0.0134828
0.0133726
0.0132751
0.0131815
0.0130844
0.0129954
0.012913
0.012822
0.0127119
0.0125863
0.0124479
0.0122682
0.0120507
0.0117959
0.0114846
0.0111118
0.0106714
0.0101468
0.0095275
0.00880249
0.00797309
0.0070444
0.00602842
0.00496291
0.00389599
0.00287462
0.00193022
0.0010871
0.000356908
0.0154685
0.015251
0.0150437
0.0148483
0.0146669
0.0145018
0.0143475
0.0141922
0.0140315
0.0138689
0.0137154
0.0135671
0.0134201
0.0132685
0.0131214
0.0129765
0.0128242
0.0126577
0.0124775
0.0122849
0.0120594
0.0118035
0.0115125
0.0111752
0.0107842
0.010335
0.00981647
0.00922033
0.0085428
0.0077813
0.00693961
0.00602498
0.00505873
0.00406879
0.00308591
0.00213612
0.00123524
0.000403806
0.0157947
0.0156056
0.0154163
0.0152286
0.0150449
0.0148674
0.0146934
0.0145169
0.0143355
0.0141513
0.0139696
0.0137886
0.0136053
0.0134172
0.0132287
0.0130386
0.0128408
0.012631
0.0124084
0.0121725
0.0119106
0.0116222
0.0113027
0.0109441
0.0105396
0.0100845
0.00957171
0.00899473
0.00835013
0.00763547
0.00685282
0.00600654
0.00510818
0.00417503
0.00322499
0.00227887
0.00134713
0.000442679
0.0159946
0.0158232
0.0156461
0.0154652
0.0152823
0.0150991
0.0149144
0.0147264
0.0145336
0.0143372
0.0141389
0.0139379
0.0137326
0.0135219
0.013307
0.0130873
0.0128593
0.0126203
0.0123685
0.0121026
0.0118149
0.0115032
0.0111632
0.0107889
0.0103748
0.0099158
0.00940696
0.00884211
0.00821875
0.00753456
0.00678884
0.00598617
0.00513082
0.00423494
0.00331008
0.00236883
0.0014199
0.000470469
0.0160872
0.0159246
0.0157543
0.015578
0.0153968
0.0152119
0.0150231
0.0148301
0.0146326
0.0144308
0.0142248
0.0140143
0.0137985
0.0135769
0.0133489
0.0131142
0.0128707
0.0126167
0.0123495
0.0120676
0.0117664
0.011442
0.011091
0.0107083
0.0102889
0.00982775
0.00932046
0.00876229
0.00814941
0.00748059
0.00675367
0.00597249
0.00513886
0.00426186
0.00335034
0.00241211
0.00145534
0.000484692
-0.0870386
-0.0971603
-0.105935
-0.113634
-0.120063
-0.124184
-0.126987
-0.130069
-0.0696699
-0.0767922
-0.0829348
-0.0888319
-0.0939065
-0.0987927
-0.103088
-0.110421
-0.0537554
-0.0587685
-0.0630625
-0.0676632
-0.0720517
-0.0769844
-0.0816245
-0.0889844
-0.0414434
-0.0450434
-0.0482094
-0.0516595
-0.0552949
-0.0595675
-0.0642072
-0.0708624
-0.0308669
-0.0335388
-0.0359649
-0.0386562
-0.0417647
-0.0452426
-0.0490142
-0.0541874
-0.0223579
-0.0242574
-0.0260302
-0.0279406
-0.0301728
-0.0325623
-0.0354443
-0.0397992
-0.0151637
-0.0164133
-0.0175714
-0.0188085
-0.0204015
-0.0222736
-0.0247964
-0.0284531
-0.00912126
-0.00990035
-0.0106093
-0.0114524
-0.0127203
-0.0143185
-0.0163285
-0.0190543
-0.00397246
-0.00447651
-0.00497243
-0.00564242
-0.00660279
-0.00768276
-0.00901877
-0.0110732
0.000258301
-8.87582e-05
-0.0004053
-0.000798166
-0.00134984
-0.00207646
-0.00318333
-0.0049462
0.00384996
0.00362961
0.00345856
0.00320934
0.00277037
0.00211323
0.00119987
-0.000114427
0.00683634
0.00665248
0.00650215
0.00628968
0.00595382
0.0054935
0.0048595
0.0038759
0.00927404
0.00909802
0.00896486
0.00881172
0.00858589
0.00824796
0.00773993
0.00695035
0.011266
0.0110916
0.0109567
0.0108159
0.0106233
0.0103439
0.00994259
0.00934572
0.0128414
0.0126616
0.0125131
0.012371
0.012205
0.0119855
0.0116795
0.0112284
0.0140668
0.0138876
0.013733
0.0135909
0.0134412
0.0132585
0.0130155
0.0126719
0.0149984
0.0148243
0.014668
0.0145262
0.0143861
0.0142292
0.0140347
0.0137743
0.0156915
0.0155264
0.0153742
0.0152358
0.0151034
0.0149643
0.0148032
0.0146016
0.0161971
0.0160419
0.0158963
0.0157626
0.0156364
0.0155099
0.0153723
0.0152125
0.0165524
0.0164073
0.0162697
0.0161421
0.0160216
0.0159039
0.0157819
0.0156495
0.0167866
0.0166519
0.0165231
0.0164019
0.0162867
0.0161753
0.0160635
0.015948
0.0169199
0.0167964
0.0166767
0.0165618
0.0164512
0.0163439
0.016238
0.016132
0.0169706
0.0168581
0.0167466
0.0166368
0.0165292
0.0164238
0.0163201
0.0162176
0.0666417
0.0699943
0.0729637
0.075311
0.076339
0.0757966
0.0735035
0.0689631
0.061274
0.0491186
0.0306638
0.00334098
-0.0370391
-0.0936716
-0.144731
0.0446086
0.0455586
0.0448233
0.0429245
0.039792
0.0350414
0.0281629
0.0184235
0.00478756
-0.0141656
-0.0403886
-0.0764184
-0.126338
-0.19424
-0.249869
0.0220093
0.0205767
0.0163622
0.0107127
0.00386534
-0.00473783
-0.0158365
-0.0302904
-0.0492056
-0.0740742
-0.106986
-0.150562
-0.207763
-0.284731
-0.338818
-0.00157396
-0.00549577
-0.0125447
-0.0210041
-0.0308022
-0.0426773
-0.0574452
-0.0759741
-0.0993665
-0.129096
-0.167356
-0.217014
-0.28018
-0.358206
-0.409856
-0.0249712
-0.0315884
-0.0408385
-0.0513775
-0.063541
-0.07815
-0.0959225
-0.117732
-0.144643
-0.178054
-0.220062
-0.27369
-0.339453
-0.414719
-0.461849
-0.0471311
-0.0563902
-0.0673491
-0.0795583
-0.0937291
-0.110646
-0.130748
-0.155028
-0.184393
-0.220262
-0.264573
-0.319349
-0.384481
-0.454061
-0.494907
-0.0677744
-0.0789966
-0.0912069
-0.104984
-0.12097
-0.139716
-0.161728
-0.187689
-0.218522
-0.255486
-0.300141
-0.353741
-0.415227
-0.476027
-0.510564
-0.0871494
-0.0990775
-0.112472
-0.127735
-0.145294
-0.165519
-0.188833
-0.215795
-0.247188
-0.284019
-0.3274
-0.377768
-0.432533
-0.481811
-0.511281
0.188043
0.202952
0.219531
0.238227
0.259131
0.282171
0.307257
0.334336
0.363327
0.39398
0.425715
0.457357
0.486909
0.510343
0.529642
0.186534
0.200792
0.216759
0.23489
0.255219
0.277593
0.301879
0.32801
0.355903
0.385293
0.415564
0.445491
0.473003
0.494118
0.511146
0.180892
0.193668
0.208358
0.225368
0.24452
0.265483
0.288036
0.31207
0.337464
0.363892
0.390654
0.416426
0.438977
0.454492
0.466148
0.17114
0.1818
0.194731
0.210101
0.227404
0.246125
0.265995
0.286881
0.308579
0.330634
0.352177
0.371704
0.386705
0.393544
0.397362
0.157262
0.165427
0.176385
0.189862
0.204847
0.220615
0.236893
0.253578
0.270422
0.286829
0.301715
0.313335
0.318826
0.314465
0.30861
0.139611
0.144926
0.153714
0.165037
0.177341
0.189732
0.20192
0.213773
0.224955
0.234723
0.241794
0.24419
0.238706
0.22146
0.203753
0.118549
0.121533
0.128383
0.137094
0.145952
0.154272
0.161857
0.168476
0.173583
0.176215
0.174875
0.167347
0.150119
0.119284
0.0889387
0.0938351
0.0955227
0.101212
0.107233
0.112269
0.116078
0.118649
0.119659
0.118354
0.113559
0.103569
0.0859298
0.056783
0.0124703
-0.0296527
0.0268139
0.0312232
0.0275783
0.0314935
0.0290788
0.0333933
0.0316284
0.0360881
0.0354486
0.0399464
0.0407722
0.0456201
0.0481451
0.0538647
0.0585936
0.06588
0.0733895
0.0834117
0.0945322
0.108619
0.124698
0.144423
0.167215
0.0268716
0.0312474
0.02765
0.0315252
0.0291721
0.0334313
0.0317521
0.0361661
0.0356123
0.0400508
0.0410185
0.0458067
0.048407
0.0541811
0.058969
0.066253
0.0738729
0.0838433
0.0950426
0.109057
0.124907
0.144448
0.166571
0.0269393
0.0312459
0.0277396
0.031527
0.0292934
0.0334354
0.0319072
0.0362098
0.0358233
0.0401224
0.041277
0.0459514
0.0486592
0.054372
0.0591528
0.0663255
0.0740083
0.0838973
0.0946913
0.108509
0.123606
0.142488
0.162969
0.0270158
0.0312207
0.0278443
0.0315025
0.0294315
0.03341
0.0320847
0.0362249
0.0360298
0.0401747
0.0415626
0.0461063
0.0489686
0.0547535
0.0595745
0.0667981
0.0742747
0.08415
0.0944226
0.107847
0.121597
0.139088
0.156516
0.0270997
0.0311755
0.0279593
0.0314563
0.0295833
0.0333603
0.0322791
0.0362218
0.0362584
0.0401889
0.0418362
0.0461583
0.0491754
0.0547293
0.0595721
0.0665414
0.0738674
0.0833181
0.0929659
0.105548
0.117687
0.13331
0.146784
0.0271885
0.0311128
0.0280894
0.0313924
0.0297614
0.0333008
0.0324846
0.0362084
0.0365392
0.0402552
0.0421831
0.0463486
0.0496043
0.0553345
0.0600345
0.067217
0.0741486
0.0835602
0.0922419
0.103891
0.113513
0.126229
0.134255
0.0272825
0.0310354
0.0282195
0.0313174
0.0299328
0.0332259
0.0326863
0.0361657
0.0367437
0.0402482
0.0423908
0.0463236
0.0496779
0.055018
0.0598027
0.0665147
0.0731917
0.0816223
0.0896082
0.0994787
0.107066
0.116416
0.118665
0.0273794
0.0309497
0.0283485
0.0312395
0.0301216
0.033185
0.0329035
0.0361928
0.0371146
0.0404484
0.0428563
0.0466344
0.0503632
0.0560077
0.0604088
0.0675954
0.0737142
0.0821649
0.0886141
0.0969797
0.100637
0.105112
0.0998203
0.0274906
0.0308249
0.0285168
0.0311008
0.0303161
0.0330216
0.033111
0.0360291
0.0372529
0.0402837
0.0429106
0.0466694
0.0501478
0.0551154
0.0594678
0.0656385
0.0712088
0.0772909
0.0827045
0.0867243
0.088057
0.0850905
0.0747018
0.0276369
0.0306378
0.0287301
0.0308919
0.0305343
0.0327675
0.0332916
0.0356151
0.0372506
0.0398074
0.0425703
0.0455696
0.0491487
0.053306
0.0572955
0.0620011
0.0665282
0.0702694
0.0736379
0.0741752
0.0731248
0.0671116
0.0584811
0.0278155
0.0303862
0.0289757
0.0306222
0.0307836
0.0324264
0.0334739
0.035216
0.0371964
0.0393013
0.0421141
0.0446605
0.0480469
0.0513539
0.0548416
0.0582433
0.0615067
0.0634527
0.0646257
0.0632625
0.060073
0.0538302
0.0457352
0.0280272
0.0300609
0.0292571
0.0303069
0.0310124
0.0321317
0.0335483
0.034873
0.0370058
0.0387306
0.0414581
0.043581
0.046615
0.0491495
0.0519756
0.0542203
0.056098
0.056699
0.0560799
0.0534808
0.0491678
0.0429094
0.0355523
0.0282765
0.0296552
0.0295278
0.0300505
0.031138
0.0318796
0.0335147
0.0345544
0.0366519
0.0381257
0.0405564
0.0423672
0.0448533
0.0467192
0.0487544
0.0500183
0.0506359
0.0501812
0.0483798
0.0450894
0.0404163
0.0343707
0.0275842
0.0285588
0.0292404
0.0297041
0.0298571
0.0311852
0.0316543
0.0333578
0.0342149
0.036139
0.0374288
0.0394415
0.0409841
0.0428417
0.044059
0.0453456
0.0457574
0.0453936
0.0441535
0.0417494
0.0381803
0.0335712
0.0279387
0.0216578
0.0288251
0.0288634
0.0297832
0.0297139
0.0311354
0.0314473
0.0330598
0.0338389
0.0354793
0.0366091
0.0381681
0.0394144
0.0406514
0.0412541
0.0418824
0.041617
0.0405654
0.0388129
0.0361759
0.0326349
0.0282835
0.0232004
0.0175383
0.0290533
0.0285413
0.0297694
0.0296048
0.0309775
0.0312463
0.0326344
0.0333873
0.0347017
0.0356468
0.0367688
0.0376746
0.0383557
0.038432
0.0385039
0.0377393
0.0362808
0.0342505
0.0315859
0.0282572
0.0242954
0.0198039
0.0148141
0.0292165
0.0282946
0.02965
0.0295143
0.0307154
0.0310227
0.0321123
0.0328295
0.0338276
0.0345397
0.0352718
0.0358247
0.0360312
0.0356975
0.0353278
0.0342447
0.0325833
0.0304635
0.0279082
0.0248977
0.0214122
0.0175346
0.0132496
0.029296
0.0281324
0.0294255
0.0294212
0.0303663
0.0307371
0.0315283
0.0321531
0.0328685
0.0333201
0.0337137
0.0339378
0.0337619
0.0331323
0.0324555
0.0311999
0.0294791
0.0274138
0.0250668
0.0224251
0.0194432
0.0161699
0.0125685
0.0292788
0.0280508
0.0291144
0.0292906
0.029971
0.0303635
0.0308986
0.0313689
0.0318366
0.0320299
0.0321331
0.0320831
0.0316247
0.0308054
0.0299382
0.0286233
0.0269513
0.0250367
0.0229543
0.0206916
0.0181959
0.0154897
0.0125206
0.02916
0.0280321
0.0287496
0.0290649
0.0295514
0.0299024
0.0302304
0.0305073
0.0307542
0.0307227
0.0305842
0.0303197
0.0296805
0.0287541
0.0277938
0.0265059
0.0249548
0.0232431
0.0214434
0.0195439
0.0174915
0.0152919
0.0128875
0.0289457
0.0280421
0.0283912
0.0287112
0.0290935
0.0293674
0.0295256
0.0296082
0.0296546
0.0294459
0.0291188
0.0286967
0.0279567
0.0269939
0.0260177
0.024814
0.0234228
0.0219326
0.0204082
0.0188375
0.0171695
0.0154006
0.0134755
0.0286554
0.0280155
0.028081
0.0282798
0.0285773
0.028755
0.028784
0.0287068
0.0285778
0.0282364
0.027777
0.0272452
0.0264667
0.0255242
0.0245839
0.0234951
0.0222799
0.0210084
0.0197346
0.0184471
0.0171004
0.0156838
0.014149
0.0283133
0.0278863
0.0278026
0.0278648
0.0280203
0.0280843
0.0280138
0.0278187
0.0275537
0.0271195
0.0265792
0.0259838
0.0252111
0.0243255
0.0234527
0.0224912
0.0214507
0.0203819
0.0193272
0.0182781
0.0171967
0.0160682
0.014851
0.0279462
0.0276635
0.0275222
0.0274576
0.0274523
0.027397
0.0272383
0.026959
0.0266005
0.0261112
0.0255358
0.0249185
0.0241805
0.0233718
0.0225826
0.0217453
0.0208635
0.0199722
0.0191023
0.0182476
0.0173787
0.0164812
0.0155207
0.0275714
0.0273698
0.0272012
0.027045
0.0269024
0.026732
0.0264904
0.0261496
0.0257344
0.0252222
0.0246471
0.024043
0.0233604
0.0226374
0.0219357
0.0212104
0.0204626
0.019717
0.0189955
0.0182941
0.017592
0.0168771
0.0161214
0.0271972
0.027034
0.0268426
0.0266249
0.0263842
0.026116
0.0258003
0.0254133
0.0249667
0.0244534
0.0239003
0.0233327
0.0227194
0.022086
0.0214711
0.0208442
0.0202052
0.0195726
0.0189636
0.0183781
0.0178035
0.0172296
0.0166356
0.0268308
0.026682
0.0264695
0.0262083
0.0259044
0.0255661
0.0251928
0.0247727
0.0243125
0.0238128
0.0232927
0.0227699
0.0222242
0.0216685
0.0211259
0.0205788
0.0200291
0.0194889
0.0189703
0.0184763
0.0179995
0.0175341
0.0170651
0.0264836
0.0263382
0.0261086
0.0258171
0.0254741
0.0250919
0.0246811
0.024242
0.0237811
0.0233022
0.0228168
0.0223356
0.021845
0.0213512
0.0208683
0.0203875
0.019911
0.0194466
0.019002
0.0185805
0.0181791
0.0177947
0.0174181
0.0261768
0.0260316
0.0257906
0.0254794
0.0251134
0.0247072
0.0242756
0.0238271
0.0233695
0.0229085
0.0224504
0.0219999
0.0215504
0.0211054
0.020673
0.0202496
0.0198363
0.0194368
0.0190545
0.0186908
0.0183457
0.0180196
0.0177094
0.0259334
0.0257862
0.0255397
0.0252199
0.0248437
0.0244284
0.02399
0.0235412
0.0230904
0.0226433
0.0222034
0.0217738
0.0213527
0.020942
0.0205453
0.0201616
0.019791
0.0194351
0.0190961
0.0187755
0.0184738
0.0181919
0.017929
0.0258033
0.025657
0.0254047
0.0250745
0.0246885
0.0242647
0.0238197
0.0233663
0.0229153
0.0224743
0.0220478
0.0216368
0.0212392
0.0208538
0.0204816
0.0201232
0.0197791
0.0194512
0.0191419
0.0188535
0.0185872
0.0183437
0.0181233
0.0609007
0.0420893
0.0192559
-0.00246892
-0.0225414
-0.041248
-0.0588804
-0.0742745
0.0487198
0.03116
0.00883257
-0.0105492
-0.0260656
-0.0391597
-0.0509913
-0.0610559
0.0381855
0.0247686
0.00601682
-0.0105835
-0.0221934
-0.0311254
-0.0395758
-0.0472969
0.0292172
0.0186617
0.00312997
-0.0109994
-0.0202632
-0.0264399
-0.0320158
-0.0370212
0.0222132
0.0143041
0.00228375
-0.00899648
-0.0161327
-0.020341
-0.0240334
-0.0275676
0.0166595
0.0106608
0.00194552
-0.00632024
-0.0117735
-0.0149579
-0.0175969
-0.0200495
0.0127991
0.00801583
0.00220552
-0.00328426
-0.00727987
-0.00982068
-0.0118288
-0.0135729
0.0105418
0.00680687
0.00308239
-0.000390052
-0.00319179
-0.00519352
-0.00676503
-0.00804127
0.00955474
0.00670113
0.00439743
0.00229826
0.000422711
-0.00108795
-0.00230299
-0.00323302
0.0094619
0.00731741
0.0059602
0.00476493
0.00355684
0.00244993
0.00151121
0.000792013
0.00996557
0.00837359
0.00762788
0.00700847
0.0062634
0.0054779
0.00477347
0.00423006
0.0108347
0.00967279
0.00931097
0.00904423
0.00860636
0.00806271
0.00754327
0.00712964
0.0118561
0.0110217
0.0108919
0.0108404
0.0106125
0.0102501
0.00986411
0.00952963
0.0128829
0.0122881
0.0122904
0.0123708
0.012293
0.0120641
0.0117746
0.0114968
0.0138653
0.0134404
0.0135075
0.0136461
0.0136507
0.0135096
0.0132903
0.0130559
0.014759
0.0144546
0.0145415
0.0146876
0.0147251
0.0146356
0.0144657
0.0142655
0.0155378
0.0153185
0.0153991
0.0155243
0.0155632
0.015497
0.0153571
0.015182
0.0161909
0.0160302
0.0160907
0.0161814
0.016204
0.0161426
0.0160186
0.015861
0.0167241
0.0166
0.0166332
0.0166849
0.0166839
0.0166173
0.0165001
0.0163543
0.0171495
0.0170427
0.0170435
0.0170553
0.0170282
0.016952
0.0168369
0.0166992
0.0174875
0.017381
0.0173424
0.0173115
0.0172558
0.0171678
0.0170532
0.0169229
0.0177352
0.0176193
0.0175396
0.0174659
0.0173813
0.0172809
0.0171669
0.0170448
0.0179472
0.0178069
0.0176713
0.0175439
0.017424
0.0173088
0.0171958
0.0170832
-0.553318
-0.567043
-0.586454
-0.611303
-0.64221
-0.678197
-0.712177
-0.737911
-0.549396
-0.562333
-0.579984
-0.601496
-0.626733
-0.655714
-0.684654
-0.705981
-0.54162
-0.555176
-0.57132
-0.589973
-0.610569
-0.630038
-0.644253
-0.648506
-0.533811
-0.546597
-0.559834
-0.572335
-0.583173
-0.589974
-0.590056
-0.58095
-0.527904
-0.536715
-0.543129
-0.546335
-0.546451
-0.542753
-0.533546
-0.516704
-0.524103
-0.524529
-0.521313
-0.51515
-0.506925
-0.49624
-0.48136
-0.460086
-0.520151
-0.509259
-0.496089
-0.482343
-0.468373
-0.453259
-0.434927
-0.411221
-0.512848
-0.490221
-0.468881
-0.449741
-0.432024
-0.414187
-0.393821
-0.368893
-0.499278
-0.467218
-0.440459
-0.417908
-0.398012
-0.37859
-0.357232
-0.331919
-0.478238
-0.440643
-0.411126
-0.386937
-0.366032
-0.345979
-0.324384
-0.299372
-0.450403
-0.411121
-0.381136
-0.356677
-0.335828
-0.315847
-0.294667
-0.270461
-0.417293
-0.379539
-0.350587
-0.327189
-0.307096
-0.287852
-0.267591
-0.244625
-0.381364
-0.346098
-0.319929
-0.298398
-0.279675
-0.261761
-0.242797
-0.221466
-0.340456
-0.31138
-0.289225
-0.270476
-0.2537
-0.237298
-0.219989
-0.200444
-0.297241
-0.278034
-0.25853
-0.244176
-0.228431
-0.213957
-0.198219
-0.181104
-0.51544
-0.538829
-0.552966
-0.557815
-0.55584
-0.550883
-0.546656
-0.546546
-0.515121
-0.53656
-0.548245
-0.550862
-0.547834
-0.543374
-0.540624
-0.542108
-0.518982
-0.540744
-0.550824
-0.550187
-0.543395
-0.535991
-0.531744
-0.533158
-0.530272
-0.553153
-0.561478
-0.556344
-0.543568
-0.530766
-0.523384
-0.524389
-0.548919
-0.573754
-0.580331
-0.570164
-0.550615
-0.531591
-0.520448
-0.520156
-0.574414
-0.60195
-0.606809
-0.591495
-0.565392
-0.540601
-0.52564
-0.522008
-0.605657
-0.636545
-0.639649
-0.619176
-0.587168
-0.557671
-0.538604
-0.528196
-0.640456
-0.675233
-0.676544
-0.65116
-0.614112
-0.580622
-0.554954
-0.533976
-0.675543
-0.714572
-0.714308
-0.684638
-0.643318
-0.604182
-0.568665
-0.534042
-0.70697
-0.7502
-0.748779
-0.715585
-0.669866
-0.621896
-0.572972
-0.523813
-0.730903
-0.77679
-0.77454
-0.738276
-0.685508
-0.626029
-0.563148
-0.502184
-0.736904
-0.787308
-0.784776
-0.745126
-0.68367
-0.612075
-0.537109
-0.469333
-0.722779
-0.774749
-0.770505
-0.726101
-0.65562
-0.57491
-0.496073
-0.429848
-0.689794
-0.736876
-0.727982
-0.679139
-0.60278
-0.522032
-0.448266
-0.386507
-0.633364
-0.667118
-0.6501
-0.600071
-0.526877
-0.454243
-0.393539
-0.341255
-0.522085
-0.534821
-0.511544
-0.464589
-0.404914
-0.3532
-0.320016
-0.297335
-0.38129
-0.367525
-0.34061
-0.319351
-0.296787
-0.273508
-0.25812
-0.254697
-0.306891
-0.249196
-0.206287
-0.192772
-0.189602
-0.189493
-0.183608
-0.191576
-0.294405
-0.198723
-0.137824
-0.117959
-0.116925
-0.121961
-0.119612
-0.131198
-0.287005
-0.189706
-0.104984
-0.0711599
-0.068419
-0.0734375
-0.0749944
-0.0854867
-0.236874
-0.167849
-0.0868045
-0.0338708
-0.027092
-0.0372982
-0.0431601
-0.04655
-0.174469
-0.146876
-0.116417
-0.0900105
-0.079746
-0.0696433
-0.039147
-0.0341018
-0.154272
-0.151358
-0.145221
-0.131602
-0.125455
-0.118303
-0.0973456
-0.0594303
-0.146129
-0.158792
-0.167717
-0.162553
-0.147288
-0.1251
-0.0949331
-0.0614269
-0.156092
-0.184588
-0.207991
-0.215616
-0.199105
-0.164068
-0.130697
-0.0956268
-0.16553
-0.202219
-0.236141
-0.252425
-0.246212
-0.222898
-0.194744
-0.158771
-0.163665
-0.187602
-0.209237
-0.223101
-0.227326
-0.213262
-0.200583
-0.167512
-0.157328
-0.162972
-0.16713
-0.169567
-0.169683
-0.163747
-0.159574
-0.144916
-0.152256
-0.151116
-0.148357
-0.143895
-0.138211
-0.130342
-0.123951
-0.116943
-0.131988
-0.137142
-0.139743
-0.137762
-0.131826
-0.12236
-0.111117
-0.0969754
-0.110085
-0.115715
-0.119261
-0.120046
-0.119038
-0.115475
-0.10766
-0.0962816
-0.121896
-0.127962
-0.133184
-0.137315
-0.140375
-0.140613
-0.137283
-0.128094
-0.147455
-0.155034
-0.162152
-0.168939
-0.175254
-0.182315
-0.172603
-0.172137
-0.14732
-0.147551
-0.146969
-0.146955
-0.145973
-0.146391
-0.14297
-0.142704
-0.115685
-0.111203
-0.105435
-0.099594
-0.0938381
-0.0896554
-0.0850083
-0.0833451
-0.104998
-0.0926559
-0.0803758
-0.0690008
-0.0598708
-0.0531584
-0.0483021
-0.0459753
-0.13281
-0.114687
-0.0965576
-0.0655061
-0.0532219
-0.0430293
-0.0358076
-0.0299286
-0.135083
-0.12627
-0.114747
-0.101121
-0.0873623
-0.0736319
-0.0601892
-0.0470706
-0.119789
-0.119898
-0.117248
-0.111374
-0.102252
-0.0904066
-0.0753083
-0.0583806
-0.168364
-0.18238
-0.193019
-0.198676
-0.198759
-0.193065
-0.182202
-0.167129
-0.204464
-0.22717
-0.244096
-0.254241
-0.257562
-0.254701
-0.245755
-0.236641
-0.176004
-0.167947
-0.156393
-0.144646
-0.133463
-0.124716
-0.11469
-0.107674
-0.119931
-0.0973236
-0.0736574
-0.0515849
-0.0318488
-0.0161605
-0.00488935
0.00326398
-0.110317
-0.100483
-0.0884972
-0.0753832
-0.0617963
-0.0485169
-0.0354876
-0.0232023
-0.0751031
-0.0777807
-0.0783814
-0.0769122
-0.0736486
-0.0689702
-0.0632275
-0.0564909
-0.047895
-0.0481399
-0.0477275
-0.0467408
-0.0451168
-0.0430771
-0.0403734
-0.0377142
-0.018091
-0.0163541
-0.0147456
-0.0133594
-0.0122303
-0.0114348
-0.0109267
-0.010699
-0.0138325
-0.0132673
-0.0126792
-0.012087
-0.0115082
-0.0109667
-0.0104661
-0.0100115
-0.0110523
-0.0112696
-0.0113885
-0.0114003
-0.0112995
-0.0110975
-0.0108046
-0.0104222
-0.00682085
-0.00686022
-0.00687763
-0.00687196
-0.00683872
-0.0067859
-0.00669896
-0.00661872
-0.00394428
-0.0038742
-0.00380759
-0.00374892
-0.00370064
-0.00366715
-0.00363913
-0.00363167
-0.00226855
-0.00225136
-0.00223322
-0.00221519
-0.00219745
-0.00218215
-0.00216506
-0.00215614
-0.000786346
-0.000791925
-0.000795636
-0.000796647
-0.000795002
-0.000792479
-0.000784984
-0.000782341
-0.261075
-0.195671
-0.152762
-0.117396
-0.0894203
-0.0683384
-0.0514771
-0.0381706
-0.0279254
-0.0198136
-0.013267
-0.00811272
-0.00394229
-0.00062082
0.00204825
0.00419084
0.00588634
0.00721978
0.00825392
0.00903681
0.00959977
0.00997013
0.0101577
-0.233155
-0.176446
-0.143214
-0.111582
-0.0863058
-0.0668452
-0.0510522
-0.0386202
-0.0287443
-0.0206826
-0.0142375
-0.00899892
-0.00472218
-0.00127694
0.00152218
0.00376965
0.00555935
0.00696826
0.00805927
0.00888363
0.00947525
0.0098635
0.0100598
-0.172068
-0.128062
-0.109397
-0.0860375
-0.0691517
-0.0554448
-0.0438513
-0.0342973
-0.026145
-0.0192444
-0.0135284
-0.00868082
-0.00465588
-0.00132718
0.00141167
0.00363323
0.00542219
0.00683729
0.00793744
0.00877032
0.00936905
0.00976246
0.00996161
-0.112087
-0.0789854
-0.0683257
-0.0527713
-0.0448653
-0.038083
-0.0320368
-0.0264261
-0.0209864
-0.0159573
-0.0114058
-0.00735517
-0.0038414
-0.000833804
0.00168626
0.00376936
0.00546873
0.00682539
0.00788859
0.00869804
0.00928287
0.00966858
0.00986449
-0.0620567
-0.0373941
-0.0303515
-0.0211918
-0.0211253
-0.0202872
-0.0193543
-0.0175322
-0.0149003
-0.0118193
-0.00859714
-0.00547992
-0.00258614
-1.62703e-05
0.00219908
0.0040769
0.00563242
0.00689109
0.00788817
0.00865346
0.0092105
0.00958019
0.00976888
-0.015918
0.00786413
0.0110354
0.0104201
0.00225641
-0.00335137
-0.00731186
-0.00894415
-0.00884795
-0.00756116
-0.00564247
-0.00344283
-0.00117971
0.00092004
0.00281085
0.00445737
0.00584705
0.00699126
0.00790967
0.0086224
0.00914591
0.00949596
0.00967571
0.0297461
0.0586329
0.0580922
0.040905
0.0240669
0.0118399
0.0033849
-0.00129299
-0.00330474
-0.00354586
-0.00276242
-0.00137569
0.0002559
0.00189367
0.00345811
0.00486519
0.00608406
0.00710828
0.0079431
0.0085993
0.00908665
0.00941548
0.00958542
0.0389679
0.0714864
0.0726539
0.0568008
0.0375585
0.0220853
0.011314
0.00482804
0.00136544
3.90149e-05
-6.65698e-05
0.000628238
0.00169169
0.00290974
0.00414842
0.00531075
0.00635323
0.00725065
0.00799609
0.00859077
0.00903729
0.00934117
0.00949921
0.00529009
0.0406471
0.0504373
0.0453987
0.033554
0.0227921
0.014232
0.00842196
0.00481506
0.0030547
0.00242575
0.00256062
0.00313324
0.00396337
0.00488676
0.00580484
0.00666378
0.007425
0.00807213
0.00859742
0.00899755
0.00927265
0.00941668
-0.0647773
-0.0280078
0.0017555
0.0148772
0.0166144
0.0147741
0.012024
0.00910017
0.00675269
0.00527005
0.00449775
0.00432662
0.00453267
0.00501765
0.00564297
0.00632643
0.00700002
0.00762116
0.00816609
0.00861793
0.00896725
0.00921012
0.0093382
-0.135865
-0.0852366
-0.0383585
-0.0097568
-0.000213819
0.00654347
0.00869383
0.00845994
0.00794433
0.00700802
0.00630042
0.00594257
0.00584987
0.0060334
0.00638914
0.00684872
0.00734218
0.00782381
0.00826479
0.00864164
0.00893991
0.00915049
0.00926263
-0.143119
-0.0904964
-0.0510169
-0.0216342
-0.00685795
0.00278352
0.00716753
0.00870537
0.0091892
0.00855706
0.00801639
0.00750432
0.00715195
0.00704712
0.00713731
0.00737431
0.00769177
0.00803652
0.00837403
0.00867476
0.00891943
0.00909565
0.00919063
-0.120372
-0.0819695
-0.0524638
-0.0253581
-0.00981048
0.00213144
0.00748794
0.010509
0.0111178
0.0105506
0.00989083
0.00906988
0.00846447
0.00809222
0.00792933
0.00794063
0.00807609
0.00827618
0.00850241
0.00872037
0.00890687
0.00904542
0.00912141
-0.0976437
-0.0675217
-0.0463434
-0.0203388
-0.00939014
0.00535887
0.00907163
0.0133013
0.0131933
0.0128541
0.0118751
0.0107319
0.00981566
0.00914929
0.0087369
0.00853586
0.00848881
0.00854215
0.00865272
0.00878235
0.00890445
0.0090008
0.00905518
-0.0772421
-0.0512492
-0.0299131
-0.00540195
0.0059091
0.0166011
0.0180736
0.0194074
0.0170117
0.0155788
0.0137469
0.0122724
0.0110692
0.0101465
0.00950823
0.00911175
0.00889246
0.00880712
0.0088045
0.00884615
0.008904
0.00895772
0.00899005
-0.0854827
-0.0619881
-0.0307256
-0.00146442
0.0200962
0.0277214
0.0280397
0.025743
0.0216134
0.0186001
0.0157421
0.0137067
0.0121422
0.0110082
0.010193
0.00963513
0.0092705
0.00905829
0.00894999
0.00890754
0.00890262
0.00891432
0.00892482
-0.115171
-0.100582
-0.0592149
-0.0200403
0.0172043
0.0293853
0.0292222
0.0258879
0.0223176
0.0195195
0.0168098
0.0147104
0.0130035
0.0117405
0.010791
0.0101042
0.00962255
0.00929766
0.00909067
0.00896771
0.0089007
0.00886958
0.00885752
-0.155285
-0.152222
-0.0821768
-0.0370098
0.00933915
0.021712
0.0246923
0.0228576
0.0205921
0.0184608
0.0165028
0.0148698
0.0134517
0.0122781
0.011304
0.0105399
0.0099558
0.00952801
0.00922624
0.00902357
0.00889475
0.00882077
0.0087859
-0.132073
-0.116992
-0.081882
-0.0438389
-0.00977303
0.00795389
0.0158452
0.0176029
0.0174019
0.0166116
0.0155728
0.0145122
0.0134807
0.0125062
0.0116239
0.0108577
0.0102193
0.00971566
0.00933586
0.00906353
0.00887782
0.00876352
0.00870698
-0.0771916
-0.0610503
-0.0408682
-0.0277403
-0.0177341
-0.00675646
0.00462486
0.0109568
0.0137734
0.0147735
0.0147486
0.014252
0.0135029
0.0126672
0.0118443
0.0110754
0.0104036
0.00984556
0.00940438
0.00907381
0.00884028
0.00869112
0.00861581
-0.0429066
-0.0282453
-0.0156831
-0.0113786
-0.00869522
-0.00336084
0.00431799
0.00967307
0.0127257
0.0140546
0.0143587
0.014161
0.0135644
0.012851
0.01205
0.011264
0.0105543
0.00994302
0.00944689
0.00906406
0.00878539
0.00860298
0.00850929
-0.0285838
-0.0171842
-0.0121432
-0.00265061
-0.00345404
0.00309165
0.00688437
0.011501
0.0127982
0.0144912
0.0143216
0.014334
0.0135943
0.0129639
0.0121474
0.0113618
0.0106268
0.00997888
0.00944031
0.0090152
0.0087009
0.00849133
0.00838255
-0.0366233
-0.022318
-0.0103079
0.00295004
0.00903189
0.0142387
0.0163355
0.0178385
0.0168706
0.0167108
0.0155724
0.0150256
0.0139402
0.013144
0.0122244
0.0113902
0.0106174
0.00994291
0.00937499
0.00892078
0.0085797
0.0083493
0.00822886
-0.0494173
-0.0313093
-0.0120208
0.00528712
0.0173488
0.0205779
0.0224191
0.0214854
0.0199597
0.0184619
0.0168376
0.0155803
0.0142857
0.0132543
0.0122307
0.0113344
0.0105288
0.00983311
0.00924604
0.00877503
0.00841693
0.00817271
0.00804398
-0.149052
-0.120517
-0.0805017
-0.0393622
-0.00308795
0.0139487
0.0198542
0.018526
0.0184335
0.0174622
0.0164562
0.0153048
0.0141543
0.0130767
0.0120628
0.011146
0.0103384
0.00963735
0.00904743
0.00856956
0.00820467
0.00795387
0.00782094
-0.210352
-0.183516
-0.125992
-0.0700828
-0.0191364
0.00508113
0.0132442
0.0152321
0.016104
0.0160303
0.0155301
0.0146783
0.0136803
0.0126648
0.0116948
0.0108028
0.0100197
0.00933681
0.00876387
0.00829665
0.00793738
0.00768821
0.00755533
-0.0978681
-0.0766708
-0.0409385
-0.00422273
0.0242772
0.0350452
0.0309878
0.0250248
0.020868
0.0181564
0.0160865
0.0146629
0.0133122
0.0122257
0.0112004
0.0103392
0.00957775
0.00893092
0.00838692
0.00794498
0.00760442
0.00736686
0.00723968
0.00559944
0.0139031
0.0191826
0.0241857
0.027518
0.0280686
0.0255296
0.0241221
0.020929
0.0188235
0.0162832
0.0145806
0.0128859
0.0116623
0.0105827
0.0097447
0.00901733
0.0084211
0.00792249
0.00751968
0.00720723
0.00698848
0.00687064
-0.0151518
-0.00617152
0.00288858
0.0131446
0.0208773
0.0244669
0.0240019
0.0216735
0.0188909
0.0166221
0.014689
0.013093
0.0116517
0.0105473
0.00961254
0.00888811
0.00827276
0.0077668
0.0073448
0.00700267
0.00673559
0.0065464
0.00644364
-0.0476168
-0.0365951
-0.0235774
-0.0106608
0.00166814
0.00428157
0.00850087
0.0091501
0.00978469
0.0100057
0.009965
0.00969599
0.00922444
0.00873263
0.00820852
0.00775171
0.00733628
0.00697594
0.00666353
0.00640077
0.00619089
0.00603885
0.00595548
-0.0330386
-0.0273198
-0.0204709
-0.0138186
-0.00767831
-0.00357158
-0.00112798
0.000397745
0.00211938
0.0036362
0.00482329
0.00565702
0.0061323
0.00639695
0.00642067
0.00636172
0.00621533
0.00605096
0.00587817
0.0057162
0.00557568
0.00546869
0.0054079
-0.0107041
-0.00999166
-0.00948613
-0.00912335
-0.00835633
-0.00711548
-0.00550139
-0.00361198
-0.0017119
-8.13049e-05
0.00134045
0.0025372
0.00344824
0.00414969
0.00458607
0.00487203
0.00499444
0.00503519
0.00501087
0.00495751
0.00489342
0.00483626
0.00480107
-0.0095887
-0.00900677
-0.00851455
-0.00792691
-0.00709008
-0.00600842
-0.00479667
-0.00362107
-0.0024477
-0.00136689
-0.000320835
0.000677899
0.00157588
0.00237685
0.00299611
0.00347711
0.00379201
0.00399841
0.00410672
0.00415443
0.00416211
0.00415228
0.00414157
-0.0098463
-0.00904033
-0.00811887
-0.00712498
-0.00598486
-0.0051604
-0.00437277
-0.00365181
-0.00280562
-0.00196614
-0.00113745
-0.000337936
0.000399075
0.00111095
0.00173519
0.00227704
0.00268828
0.00299515
0.00319673
0.00332455
0.00339368
0.00342676
0.00343825
-0.00639983
-0.00605737
-0.00566238
-0.00522957
-0.00476719
-0.00431731
-0.00383146
-0.00328277
-0.00261708
-0.00195278
-0.00129957
-0.000679598
-0.000115377
0.000427568
0.000917204
0.00137862
0.00177294
0.0020982
0.00233655
0.00250439
0.00261011
0.00267082
0.002698
-0.0035971
-0.00352726
-0.00345951
-0.00336324
-0.00321484
-0.00300122
-0.00269648
-0.00233196
-0.00190728
-0.00148717
-0.00105401
-0.000631249
-0.000238082
0.000137039
0.000466264
0.000784951
0.00107441
0.00133698
0.00155405
0.00172013
0.00183386
0.0019039
0.00193711
-0.00212671
-0.00207837
-0.00203574
-0.00197361
-0.00188921
-0.00177472
-0.00161505
-0.0014265
-0.0011944
-0.000962239
-0.00070778
-0.000454311
-0.000215213
1.81365e-05
0.000212669
0.000399294
0.000562337
0.000719995
0.000863022
0.000983993
0.00107483
0.00113487
0.00116414
-0.000764121
-0.00073857
-0.000712366
-0.000682848
-0.000650817
-0.000614839
-0.000564705
-0.000505416
-0.000421312
-0.000341967
-0.000249425
-0.000160468
-7.85347e-05
8.08771e-06
7.5024e-05
0.000142146
0.00019104
0.000239559
0.000281891
0.000321085
0.000352888
0.000375566
0.000387048
-0.156877
-0.129895
-0.104939
-0.0849578
-0.0675614
-0.0533648
-0.041326
-0.031439
-0.0232631
-0.0164728
-0.0108969
-0.00631553
-0.00254707
0.00053611
0.00304695
0.00506207
0.00667109
0.00793898
0.00892574
0.00967636
0.0102148
0.0105635
0.0107359
-0.168773
-0.136985
-0.109107
-0.0870006
-0.0687114
-0.0536832
-0.0411627
-0.0310695
-0.0227967
-0.0160007
-0.0104986
-0.006005
-0.00232488
0.000672557
0.00310903
0.00506602
0.00663626
0.00787866
0.00884967
0.00959157
0.0101273
0.0104779
0.0106541
-0.181676
-0.144744
-0.112741
-0.0888564
-0.0697819
-0.0539275
-0.041038
-0.030773
-0.0223855
-0.0155666
-0.010124
-0.00569106
-0.00208599
0.000832779
0.00319797
0.00509655
0.0066256
0.00783836
0.00879002
0.0095199
0.0100496
0.0103991
0.0105767
-0.192391
-0.151603
-0.116903
-0.0924574
-0.0721327
-0.0550523
-0.0416553
-0.0310352
-0.022364
-0.0154223
-0.00995511
-0.00550496
-0.00193004
0.000946694
0.00326564
0.00512271
0.00661977
0.0078066
0.00873998
0.0094573
0.00997977
0.0103263
0.0105036
-0.20628
-0.158334
-0.121034
-0.0958862
-0.0738782
-0.0560127
-0.0423881
-0.031456
-0.022526
-0.015504
-0.0099812
-0.0054725
-0.00189592
0.000977538
0.00327774
0.00511738
0.0065979
0.00776865
0.00868984
0.00939788
0.0099143
0.0102578
0.0104341
-0.214172
-0.162535
-0.126575
-0.100019
-0.0759957
-0.0575918
-0.0435646
-0.0321783
-0.0229535
-0.0158544
-0.0102053
-0.00561362
-0.00200283
0.000902351
0.00321095
0.00506114
0.00654323
0.00771177
0.00863012
0.00933504
0.00984922
0.0101915
0.0103673
-0.227597
-0.168477
-0.131798
-0.103006
-0.077902
-0.0593439
-0.0448338
-0.0330375
-0.0236554
-0.0164927
-0.0106572
-0.0059814
-0.0022904
0.000678273
0.00303178
0.00492569
0.00643334
0.00762047
0.00855105
0.00926322
0.00978141
0.0101258
0.0103023
-0.236503
-0.178516
-0.140385
-0.108511
-0.0823539
-0.0630046
-0.0475305
-0.0350252
-0.0253358
-0.0178092
-0.0116543
-0.0068045
-0.00292514
0.000179973
0.00265399
0.00464623
0.00622421
0.00746591
0.00843421
0.00917149
0.00970528
0.0100584
0.0102384
0.01466
-0.0117922
-0.0367677
-0.0625586
-0.0893113
-0.114971
-0.138996
-0.16118
0.0170006
-0.012247
-0.0407602
-0.0700566
-0.0999484
-0.128601
-0.155118
-0.178775
0.0183112
-0.0155177
-0.0486914
-0.0815936
-0.113999
-0.144642
-0.172739
-0.197982
0.0178853
-0.0208624
-0.0586144
-0.0949563
-0.129737
-0.162311
-0.192151
-0.219353
0.0152067
-0.028118
-0.0701317
-0.110011
-0.147536
-0.182452
-0.214408
-0.243543
0.010264
-0.0376201
-0.0839463
-0.127715
-0.1685
-0.206116
-0.240257
-0.271134
0.00293466
-0.0499957
-0.101066
-0.149155
-0.193606
-0.23412
-0.270397
-0.302777
-0.00740846
-0.0661775
-0.122609
-0.175451
-0.223851
-0.267338
-0.305742
-0.339337
-0.0219045
-0.0874487
-0.149945
-0.208022
-0.260617
-0.307119
-0.347534
-0.381951
-0.0421782
-0.115538
-0.184902
-0.248758
-0.305908
-0.355505
-0.397532
-0.432072
-0.0704692
-0.15281
-0.230039
-0.300296
-0.362103
-0.414948
-0.457985
-0.491507
-0.109913
-0.202391
-0.288557
-0.366351
-0.433293
-0.488448
-0.530909
-0.561369
-0.165591
-0.269485
-0.364523
-0.449438
-0.520813
-0.576303
-0.615618
-0.639448
-0.241073
-0.358485
-0.465569
-0.55422
-0.623348
-0.672946
-0.702682
-0.713262
-0.311658
-0.435061
-0.540133
-0.625064
-0.68829
-0.72935
-0.749496
-0.751482
0.185213
0.178043
0.166689
0.151142
0.13154
0.108156
0.0817054
0.050573
0.199707
0.191219
0.177804
0.15966
0.137235
0.110419
0.0811917
0.0491758
0.216022
0.206405
0.191284
0.170973
0.146318
0.117079
0.0855442
0.052783
0.23455
0.224014
0.207428
0.185073
0.158185
0.126612
0.09197
0.0562034
0.2553
0.243838
0.225698
0.201059
0.171366
0.136803
0.0981842
0.057922
0.278133
0.265553
0.245528
0.218175
0.184939
0.146538
0.10332
0.057806
0.302949
0.289002
0.266658
0.23609
0.198612
0.155529
0.107174
0.0559263
0.329702
0.314145
0.289013
0.25467
0.212281
0.163655
0.10946
0.051866
0.358312
0.340891
0.312458
0.273669
0.22563
0.170499
0.109469
0.0446366
0.38851
0.36892
0.336585
0.292512
0.237896
0.175126
0.106003
0.0327597
0.41969
0.397531
0.360561
0.310148
0.247757
0.175979
0.0972478
0.0141592
0.450647
0.425399
0.382892
0.324839
0.253165
0.170715
0.0805659
-0.0141219
0.479345
0.450319
0.401091
0.333717
0.250835
0.155609
0.0518441
-0.056664
0.501722
0.468262
0.411236
0.332776
0.236491
0.126121
0.00651378
-0.117714
0.519967
0.482141
0.417806
0.329627
0.220775
0.0957407
-0.0390251
-0.177369
0.0267656
0.0267275
0.0266993
0.0266798
0.0266694
0.0266621
0.0266659
0.0266649
0.031173
0.0310963
0.0309941
0.0308686
0.0307232
0.0305607
0.0303834
0.0301991
0.0275243
0.0274898
0.0274731
0.0274712
0.0274858
0.0275049
0.0275314
0.0275584
0.0314298
0.0313345
0.0312102
0.0310605
0.0308899
0.0307039
0.0305099
0.0303173
0.0290084
0.0289619
0.0289413
0.0289416
0.0289602
0.0289898
0.0290272
0.0290678
0.0333158
0.0332001
0.033052
0.0328771
0.0326775
0.0324633
0.0322392
0.0320349
0.0315327
0.0314673
0.03144
0.0314223
0.0314298
0.031465
0.0314845
0.0315579
0.0359665
0.0358006
0.0355988
0.0353695
0.0351198
0.0348834
0.0346141
0.0344425
0.0353072
0.0351922
0.0351117
0.0350544
0.0350166
0.0349956
0.0349668
0.0349788
0.0397924
0.0395842
0.0393609
0.0391202
0.0388392
0.0385874
0.0382688
0.0381146
0.040559
0.040347
0.0401697
0.0400167
0.039875
0.0397883
0.0396381
0.0396662
0.0453679
0.045056
0.0447323
0.0444415
0.0440402
0.0438235
0.0433618
0.0433689
0.0478734
0.0475716
0.0472635
0.047019
0.0466674
0.0465479
0.0461376
0.0461239
0.0534886
0.0531171
0.0525587
0.0522115
0.0514794
0.0512981
0.0503921
0.0504502
0.0581813
0.0576594
0.057073
0.0565656
0.0558888
0.0554067
0.0545111
0.0542195
0.0654504
0.0648463
0.0641037
0.0634775
0.0624273
0.0617465
0.0601382
0.0596439
0.0727876
0.0718371
0.0707094
0.0695123
0.0679514
0.0665953
0.0646073
0.0632983
0.0826992
0.0815849
0.0802379
0.0787854
0.0766554
0.0748477
0.0717356
0.0698257
0.0936435
0.0919602
0.0898097
0.0872428
0.0840186
0.0806059
0.0764018
0.072196
0.107544
0.105455
0.102701
0.099291
0.0948818
0.0900867
0.083865
0.0776906
0.123327
0.120262
0.116105
0.110644
0.103946
0.0958364
0.086929
0.0757641
0.142771
0.138873
0.133315
0.125797
0.1163
0.105027
0.0912207
0.0765221
0.165035
0.15961
0.151333
0.139976
0.125354
0.108065
0.0878237
0.0640639
0.0266638
0.0266699
0.0266959
0.0267424
0.0268129
0.0269017
0.0269609
0.0269679
0.0268963
0.0267281
0.0264517
0.0260646
0.0255754
0.0250074
0.0243884
0.0237494
0.0231131
0.0224941
0.0219058
0.021366
0.0209
0.0205395
0.0203221
0.0299528
0.0296142
0.0291991
0.0286977
0.0281025
0.0274865
0.026894
0.0263426
0.0258539
0.0254384
0.0250943
0.0248052
0.0245402
0.0242424
0.0238388
0.0233495
0.0228025
0.0222322
0.0216698
0.0211443
0.0206873
0.0203347
0.0201213
0.0275998
0.0276553
0.0277292
0.0278234
0.0278902
0.0278493
0.0276976
0.0274396
0.0270639
0.0265727
0.0259866
0.025341
0.0246998
0.0241093
0.0235554
0.023012
0.0224461
0.0218666
0.0213005
0.0207778
0.0203279
0.0199861
0.0197859
0.0300381
0.0296587
0.0292008
0.0286825
0.0282117
0.0277853
0.027395
0.0270264
0.0266668
0.0262966
0.0258786
0.0253658
0.0247316
0.0240255
0.0233438
0.0226876
0.0220469
0.0214245
0.0208366
0.020308
0.019863
0.0195329
0.0193514
0.0291054
0.0291235
0.0291608
0.0291585
0.0290433
0.0288339
0.0285115
0.0280693
0.0275159
0.0268701
0.0261757
0.0254608
0.0247177
0.0239336
0.0231288
0.0223384
0.0215929
0.0209095
0.0202952
0.0197635
0.0193265
0.0190102
0.0188497
0.0316847
0.0311702
0.0305738
0.0300141
0.0294969
0.0289907
0.0284894
0.0279754
0.0274334
0.0268235
0.0261317
0.0253644
0.024543
0.0236714
0.0227743
0.0218953
0.0210733
0.0203363
0.0196983
0.019168
0.0187457
0.0184477
0.0183084
0.0315357
0.031451
0.0313348
0.0310893
0.0307225
0.0302223
0.029585
0.0288229
0.0279695
0.0270633
0.026126
0.0251683
0.0242
0.0232269
0.0222633
0.0213355
0.0204751
0.0197115
0.0190636
0.0185423
0.0181408
0.0178658
0.0177461
0.0340017
0.0333662
0.0326508
0.0319743
0.0312755
0.0305611
0.02981
0.0289931
0.0280826
0.0270712
0.0259768
0.0248383
0.0237016
0.0226065
0.0215735
0.0206169
0.0197549
0.0190047
0.01838
0.0178908
0.0175257
0.0172819
0.0171784
0.0348547
0.0345311
0.0341013
0.0335327
0.0327832
0.0318567
0.0307722
0.0295772
0.0283108
0.0269988
0.0256618
0.0243284
0.0230399
0.0218373
0.0207483
0.0197815
0.0189439
0.0182369
0.0176639
0.0172279
0.0169145
0.0167088
0.0166193
0.0375679
0.0365651
0.0355892
0.0345536
0.0334748
0.0323051
0.0310321
0.0296465
0.0281662
0.0266292
0.025082
0.0235836
0.0221849
0.0209219
0.0198153
0.0188699
0.0180844
0.0174452
0.0169439
0.0165731
0.016321
0.0161552
0.0160786
0.0393215
0.0384789
0.0375546
0.0364325
0.0350691
0.0335059
0.0317919
0.0299756
0.0281042
0.0262322
0.0244182
0.0227228
0.0212
0.0198806
0.0187749
0.0178773
0.0171723
0.0166291
0.0162227
0.0159309
0.0157479
0.0156237
0.0155619
0.0425754
0.0409678
0.0394661
0.0377353
0.0358966
0.033912
0.0317906
0.0295809
0.0273588
0.0252108
0.023213
0.0214269
0.019885
0.0186027
0.0175743
0.016783
0.0162018
0.0157888
0.0155018
0.0153036
0.0151948
0.0151151
0.0150719
0.0451867
0.0435188
0.0416404
0.0394542
0.0369852
0.0343544
0.0316554
0.0289694
0.0263799
0.0239735
0.0218278
0.0199897
0.0184752
0.0172747
0.0163612
0.0157017
0.015258
0.014982
0.014815
0.0147097
0.0146689
0.0146335
0.0146112
0.0486928
0.046153
0.0434462
0.0405821
0.0375673
0.0344083
0.0311807
0.0280272
0.0250824
0.0224544
0.0202074
0.0183712
0.016936
0.0158653
0.0151099
0.0146154
0.0143298
0.0142009
0.0141552
0.0141441
0.0141678
0.0141791
0.0141801
0.0523295
0.0492101
0.0456853
0.041785
0.0377088
0.0336485
0.029748
0.026145
0.0229615
0.020262
0.0180702
0.0163761
0.0151349
0.0142858
0.0137573
0.0134762
0.0133804
0.0134154
0.0135022
0.0135936
0.0136863
0.0137501
0.0137777
0.0562111
0.0515442
0.0467204
0.041796
0.0368246
0.0319847
0.0275271
0.0236167
0.0203307
0.0176909
0.0156773
0.0142299
0.0132665
0.0126967
0.0124278
0.0123757
0.0124729
0.0126657
0.0128797
0.0130707
0.0132307
0.0133486
0.0134033
0.0594828
0.0537541
0.0476302
0.0413775
0.035335
0.0297366
0.0248138
0.0206764
0.0173694
0.0148784
0.0131269
0.0120006
0.011374
0.0111243
0.0111398
0.0113279
0.0116178
0.0119592
0.0122925
0.012578
0.012803
0.012975
0.0130567
0.0632805
0.0549019
0.0467987
0.0391102
0.0320649
0.0259469
0.0208803
0.0168536
0.013828
0.0117172
0.0103884
0.00968706
0.0094585
0.00956288
0.00988158
0.0103187
0.0108026
0.0112882
0.0117359
0.012113
0.0124026
0.0126281
0.0127371
0.0645479
0.0545924
0.0447633
0.0357021
0.0277888
0.0212761
0.0161696
0.0123963
0.00982172
0.00825004
0.00747186
0.00728656
0.00751278
0.00800242
0.00864014
0.00933337
0.0100144
0.0106451
0.011206
0.0116733
0.0120294
0.0123062
0.0124431
0.0657409
0.0513907
0.0395437
0.0295609
0.021395
0.0150494
0.0103681
0.00719368
0.00532083
0.00447518
0.00438344
0.0048058
0.00554371
0.00645098
0.00742304
0.00837749
0.00925784
0.0100348
0.0107074
0.0112625
0.0116852
0.0120089
0.0121742
0.0609933
0.0451577
0.0321604
0.0215973
0.0135368
0.00771987
0.00382114
0.00155166
0.000587422
0.00059072
0.00125678
0.00232783
0.00360024
0.00493668
0.00624641
0.00746117
0.00853938
0.00946264
0.0102443
0.0108842
0.0113717
0.0117374
0.0119304
0.0528322
0.0338277
0.0207954
0.0107821
0.0036011
-0.00116348
-0.00385626
-0.00486722
-0.0046476
-0.00360268
-0.00205761
-0.000266788
0.00158254
0.00337513
0.00504169
0.00653136
0.00781938
0.00890129
0.00979988
0.0105283
0.0110826
0.0114904
0.0117117
0.0331893
0.0182991
0.00618393
-0.00263904
-0.00844512
-0.011662
-0.0127337
-0.0121876
-0.0105673
-0.00831479
-0.00576997
-0.00317193
-0.000680796
0.00161986
0.00368764
0.00549149
0.00702626
0.0082987
0.00933909
0.010173
0.0108052
0.0112635
0.0115168
0.0105701
0.00126088
-0.00806327
-0.01549
-0.0200192
-0.0217918
-0.0213199
-0.0192851
-0.0163128
-0.0128888
-0.00936626
-0.00597322
-0.00284741
-4.3541e-05
0.0024212
0.00454015
0.00632255
0.00778543
0.00896591
0.00989968
0.0106011
0.0110998
0.011375
-0.014119
-0.0208877
-0.0257696
-0.0296393
-0.0311465
-0.0303168
-0.0277186
-0.0240369
-0.0198169
-0.0154626
-0.0112526
-0.0073538
-0.00385902
-0.00078243
0.00188208
0.00415103
0.00604505
0.00758972
0.00882615
0.00979396
0.0105136
0.0110127
0.0112836
-0.0382522
-0.0459514
-0.0462238
-0.0443753
-0.0409325
-0.0364073
-0.031249
-0.0258866
-0.0206193
-0.0156535
-0.011115
-0.00706492
-0.00352546
-0.000459499
0.002163
0.00437715
0.00621464
0.0077085
0.00890057
0.0098274
0.0105097
0.0109694
0.0112114
-0.0602055
-0.0652545
-0.0610323
-0.0555311
-0.0484302
-0.041028
-0.0338125
-0.0270598
-0.0209095
-0.0154223
-0.0106101
-0.00644955
-0.00289352
0.000126362
0.00266508
0.00477896
0.00651567
0.00791915
0.00903461
0.00989653
0.010524
0.0109351
0.0111436
-0.0825695
-0.0809491
-0.0711853
-0.0630006
-0.0536631
-0.0446418
-0.0361649
-0.0284587
-0.0216225
-0.0156621
-0.0105449
-0.00620768
-0.00255715
0.000491144
0.00300867
0.00506987
0.00673963
0.008075
0.00912812
0.00993575
0.0105168
0.010889
0.0110715
-0.104217
-0.0957231
-0.0810475
-0.0699943
-0.0583746
-0.0479243
-0.0383985
-0.0299412
-0.022568
-0.0162198
-0.0108297
-0.0063107
-0.00254504
0.00057064
0.00311793
0.00517678
0.00682392
0.00812704
0.00914548
0.00992078
0.0104738
0.0108241
0.0109925
-0.124649
-0.10951
-0.0905753
-0.0762726
-0.0622599
-0.0504518
-0.0400063
-0.0309776
-0.0232421
-0.0166502
-0.0110999
-0.0064752
-0.00264259
0.000514823
0.00308876
0.00515636
0.00680048
0.00809294
0.00909712
0.00985841
0.0103998
0.0107431
0.0109079
-0.142007
-0.120756
-0.0987994
-0.0815878
-0.0655763
-0.0524374
-0.0410684
-0.0315127
-0.0234896
-0.0167456
-0.0111353
-0.00649423
-0.00266401
0.000480307
0.00304285
0.00509831
0.00673314
0.00801735
0.00901404
0.00976973
0.0103087
0.0106536
0.0108213
)
;

boundaryField
{
    outlet
    {
        type            fixedValue;
        value           uniform 0;
    }
    upperWall
    {
        type            symmetryPlane;
    }
    lowerWall
    {
        type            symmetryPlane;
    }
    inlet
    {
        type            zeroGradient;
    }
    cylinder
    {
        type            zeroGradient;
    }
    frontAndBack
    {
        type            empty;
    }
}


// ************************************************************************* //
