/*--------------------------------*- C++ -*----------------------------------*\
| =========                 |                                                 |
| \\      /  F ield         | OpenFOAM: The Open Source CFD Toolbox           |
|  \\    /   O peration     | Version:  2312                                  |
|   \\  /    A nd           | Website:  www.openfoam.com                      |
|    \\/     M anipulation  |                                                 |
\*---------------------------------------------------------------------------*/
FoamFile
{
    version     2.0;
    format      ascii;
    arch        "LSB;label=32;scalar=64";
    class       volScalarField;
    location    "122.4";
    object      p;
}
// * * * * * * * * * * * * * * * * * * * * * * * * * * * * * * * * * * * * * //

dimensions      [0 2 -2 0 0 0 0];

internalField   nonuniform List<scalar> 
5478
(
-0.630118
-0.625095
-0.621295
-0.619521
-0.619382
-0.617024
-0.607166
-0.585935
-0.5522
-0.507975
-0.457329
-0.40377
-0.350889
-0.297946
-0.246941
-0.639077
-0.633358
-0.627561
-0.621683
-0.614031
-0.601008
-0.57989
-0.549816
-0.511949
-0.468916
-0.423291
-0.377253
-0.332015
-0.288128
-0.247701
-0.653046
-0.646088
-0.637495
-0.62595
-0.608613
-0.584374
-0.553718
-0.51798
-0.478902
-0.438101
-0.396907
-0.356302
-0.316917
-0.279215
-0.24329
-0.672356
-0.662622
-0.649949
-0.630251
-0.60195
-0.567606
-0.530041
-0.491065
-0.451741
-0.412781
-0.374702
-0.337908
-0.302748
-0.269466
-0.238496
-0.696973
-0.681904
-0.663367
-0.63309
-0.593662
-0.551069
-0.508649
-0.467589
-0.428208
-0.390579
-0.354737
-0.320762
-0.288618
-0.258527
-0.230052
-0.724826
-0.703101
-0.674905
-0.632211
-0.582666
-0.533631
-0.487681
-0.445154
-0.40574
-0.369096
-0.334979
-0.303161
-0.273532
-0.245959
-0.219847
-0.750305
-0.722929
-0.680928
-0.625046
-0.566971
-0.513036
-0.464536
-0.421031
-0.381756
-0.346069
-0.313445
-0.283533
-0.256053
-0.230782
-0.206957
-0.767454
-0.735069
-0.677146
-0.609137
-0.54427
-0.486743
-0.43664
-0.392768
-0.354002
-0.319459
-0.288465
-0.260519
-0.235311
-0.21244
-0.191337
-0.463116
-0.467476
-0.472001
-0.478764
-0.487667
-0.497936
-0.508028
-0.515998
-0.519879
-0.51839
-0.511642
-0.501238
-0.490097
-0.481222
-0.473572
-0.499776
-0.50513
-0.512708
-0.524216
-0.539185
-0.555734
-0.572196
-0.584941
-0.589955
-0.583846
-0.565223
-0.535053
-0.495987
-0.453947
-0.409626
-0.536823
-0.542028
-0.551512
-0.5664
-0.585967
-0.608203
-0.629521
-0.645781
-0.651172
-0.640337
-0.610324
-0.561841
-0.495359
-0.42527
-0.3451
-0.569293
-0.57321
-0.582891
-0.598854
-0.619852
-0.643813
-0.666816
-0.683494
-0.687322
-0.670175
-0.62955
-0.567641
-0.483881
-0.395732
-0.298925
-0.593886
-0.595647
-0.60401
-0.618606
-0.638234
-0.66064
-0.68165
-0.695188
-0.693532
-0.669804
-0.620931
-0.551043
-0.462977
-0.372385
-0.28122
-0.609987
-0.60933
-0.61485
-0.626022
-0.641908
-0.659909
-0.67637
-0.684203
-0.67575
-0.64521
-0.591871
-0.520311
-0.437995
-0.354334
-0.274445
-0.619148
-0.616357
-0.618263
-0.624727
-0.635047
-0.647954
-0.657881
-0.657619
-0.640657
-0.603598
-0.548268
-0.480622
-0.408225
-0.337725
-0.26932
-0.62454
-0.620315
-0.618859
-0.620668
-0.626242
-0.632507
-0.633593
-0.6231
-0.597032
-0.554958
-0.500601
-0.439296
-0.376626
-0.316695
-0.259155
-0.492969
-0.519514
-0.417263
-0.301888
-0.224444
-0.197994
-0.218559
-0.254054
-0.250187
-0.186106
-0.152103
-0.137623
-0.115844
-0.10226
-0.115306
-0.140166
-0.140625
-0.123088
-0.103933
-0.121581
-0.135872
-0.135599
-0.118527
-0.131884
-0.136288
-0.187223
-0.203664
-0.160427
-0.0722858
-0.0571663
-0.0388929
-0.0278822
-0.0120394
-0.00843433
-0.00685814
-0.00460146
-0.00274719
-0.000867338
-0.387473
-0.374071
-0.291521
-0.232092
-0.207775
-0.206728
-0.242833
-0.290655
-0.285984
-0.206815
-0.155912
-0.139005
-0.117541
-0.103147
-0.115795
-0.139438
-0.140232
-0.119768
-0.0941345
-0.111365
-0.124156
-0.13145
-0.126208
-0.143392
-0.14824
-0.183394
-0.176854
-0.151208
-0.07849
-0.0610469
-0.0372072
-0.0261125
-0.0124795
-0.00874235
-0.0067416
-0.00452296
-0.00277138
-0.00089898
-0.276966
-0.232489
-0.168343
-0.166155
-0.184821
-0.203891
-0.248557
-0.307366
-0.303248
-0.221818
-0.156287
-0.13788
-0.120153
-0.106859
-0.118623
-0.139045
-0.139117
-0.115548
-0.0839546
-0.101123
-0.112804
-0.124949
-0.130473
-0.152341
-0.157772
-0.176123
-0.148023
-0.136863
-0.0824418
-0.0636964
-0.0350696
-0.0240612
-0.0128129
-0.00900418
-0.00661015
-0.00443152
-0.00279537
-0.000930809
-0.186791
-0.13307
-0.0614898
-0.0868751
-0.138159
-0.1784
-0.237497
-0.305223
-0.300817
-0.22781
-0.155521
-0.13486
-0.120626
-0.112288
-0.123592
-0.13979
-0.138511
-0.111375
-0.0745619
-0.0911801
-0.101865
-0.11647
-0.131506
-0.158118
-0.164502
-0.166896
-0.120378
-0.119311
-0.0839514
-0.0650565
-0.0327073
-0.021868
-0.0130014
-0.00920105
-0.00647704
-0.00433366
-0.00281573
-0.000959979
-0.161582
-0.063197
0.016369
0.0204258
-0.0483809
-0.123003
-0.212006
-0.290607
-0.286743
-0.221863
-0.151665
-0.129904
-0.117089
-0.116994
-0.129481
-0.141936
-0.137547
-0.106691
-0.0664738
-0.0818554
-0.0918963
-0.106723
-0.129994
-0.16025
-0.168968
-0.156815
-0.0962968
-0.100815
-0.0833636
-0.0649305
-0.0303071
-0.0196631
-0.0130295
-0.00931815
-0.00635046
-0.00423797
-0.0028295
-0.000983416
-0.173075
-0.06929
0.0333412
0.105772
0.0519735
-0.0544027
-0.17371
-0.257488
-0.253518
-0.202868
-0.144674
-0.123407
-0.109212
-0.118183
-0.132419
-0.145223
-0.138415
-0.104409
-0.0605964
-0.073019
-0.0823927
-0.0952785
-0.126215
-0.159017
-0.171366
-0.147934
-0.0783484
-0.0824287
-0.081128
-0.06348
-0.0280736
-0.0175118
-0.0128948
-0.00935353
-0.00623643
-0.00416546
-0.00283619
-0.000998491
-0.184574
-0.0929352
-0.000927751
0.105446
0.125292
0.0215987
-0.126439
-0.219762
-0.230485
-0.189264
-0.140567
-0.118905
-0.100118
-0.112626
-0.133108
-0.147231
-0.136632
-0.100285
-0.0568021
-0.0654532
-0.0745833
-0.0814608
-0.119872
-0.154459
-0.170951
-0.138801
-0.066497
-0.0637039
-0.077715
-0.0604451
-0.0261102
-0.0156596
-0.0126561
-0.00929054
-0.00612613
-0.00407748
-0.00283413
-0.00100265
-0.200968
-0.127886
-0.0501723
0.0422012
0.115661
0.0746297
-0.0490505
-0.143654
-0.175115
-0.154453
-0.125367
-0.112331
-0.0918788
-0.0987384
-0.130743
-0.152099
-0.139858
-0.100479
-0.0548667
-0.0567182
-0.0671751
-0.0668805
-0.111403
-0.146134
-0.171945
-0.130056
-0.0595516
-0.046853
-0.0727347
-0.0565773
-0.0245107
-0.013692
-0.0122583
-0.00927805
-0.00603454
-0.00401312
-0.00282998
-0.000994933
-0.179518
-0.127973
-0.0519877
0.0326471
0.107176
0.0985805
-0.0105277
-0.095993
-0.127714
-0.116925
-0.100362
-0.0922834
-0.0795927
-0.0856766
-0.118835
-0.119395
-0.127986
-0.0950998
-0.055027
-0.0532285
-0.0638238
-0.0567102
-0.102181
-0.133659
-0.160066
-0.11809
-0.0554036
-0.0372366
-0.064808
-0.0503809
-0.0226617
-0.0126344
-0.0116271
-0.00888704
-0.00585461
-0.00396057
-0.00281351
-0.000966094
-0.145412
-0.103929
-0.0443702
0.0163766
0.0603977
0.0630914
0.00593353
-0.0499716
-0.0773891
-0.0758654
-0.0705833
-0.0692788
-0.0581556
-0.0650688
-0.10879
-0.133031
-0.113093
-0.0812558
-0.0479526
-0.0477612
-0.0469425
-0.0407789
-0.0833785
-0.118586
-0.140846
-0.100727
-0.0342209
-0.0293397
-0.0529202
-0.0454392
-0.0189062
-0.00871523
-0.0107007
-0.00837245
-0.00557017
-0.00391821
-0.00279188
-0.000911333
-0.117347
-0.0924826
-0.0508762
-0.00883306
0.025367
0.0350249
0.00783915
-0.0264616
-0.0479733
-0.0518232
-0.049436
-0.0509754
-0.0394799
-0.0362559
-0.0688536
-0.0899432
-0.0802164
-0.0572335
-0.0409628
-0.0504341
-0.0404912
-0.026552
-0.0568084
-0.0929985
-0.108405
-0.0668876
-0.0121746
-0.0182587
-0.0397752
-0.0387596
-0.0148137
-0.0117525
-0.00991175
-0.00771873
-0.00517869
-0.00396117
-0.00279937
-0.000836628
-0.0943913
-0.0799455
-0.0514125
-0.0213248
0.00241873
0.0128311
0.00232694
-0.016312
-0.0290729
-0.0311641
-0.0282548
-0.0269269
-0.0166643
-0.00974655
-0.0247983
-0.0409474
-0.0426213
-0.0334982
-0.0352712
-0.0424721
-0.0262314
-0.00894899
-0.0266062
-0.0666254
-0.0785982
-0.0257742
0.0083166
-0.00181903
-0.0246781
-0.0320918
-0.0115583
-0.00934025
-0.00899888
-0.00694802
-0.00468017
-0.00407511
-0.00283474
-0.00074055
-0.0758237
-0.0681229
-0.0498769
-0.0293161
-0.0125844
-0.00254776
-0.00372348
-0.010775
-0.0174605
-0.0198878
-0.0169967
-0.0152212
-0.00354973
0.0113869
0.0181059
0.00404992
-0.0114665
-0.0146216
-0.0247846
-0.0290393
-0.01627
0.00130361
0.0040042
-0.0406769
-0.0535806
0.0128244
0.0250677
0.0136454
-0.00819969
-0.0242347
-0.00946587
-0.00729494
-0.00816742
-0.00609991
-0.00401023
-0.0042368
-0.0029127
-0.000630448
-0.0607287
-0.0565987
-0.0453678
-0.0316227
-0.0196468
-0.0109726
-0.00805823
-0.00946662
-0.0110824
-0.0107809
-0.00614315
-0.000930711
0.00839631
0.0209475
0.0330499
0.0245483
0.00516353
-0.00199848
-0.0117569
-0.0122399
-0.00212921
0.0081767
0.017793
-0.0297891
-0.0371943
0.0339273
0.0330057
0.0267668
0.0074246
-0.015269
-0.00929218
-0.00537831
-0.00753043
-0.00528928
-0.00316762
-0.00440175
-0.00302706
-0.000514951
-0.0473488
-0.0459503
-0.039588
-0.0304702
-0.0217497
-0.014523
-0.0102504
-0.00828525
-0.00699234
-0.00557762
-0.00155351
0.00265761
0.0108293
0.0225649
0.0332192
0.0287478
0.0133252
0.00643297
-0.000257022
-3.06841e-05
0.0037144
0.010118
0.0233947
-0.0146435
-0.0219354
0.0346521
0.0332512
0.0336639
0.0180534
-0.00726557
-0.0115805
-0.00437122
-0.0073091
-0.00467969
-0.00228124
-0.00447254
-0.00311326
-0.000400197
-0.0366192
-0.0366992
-0.0330661
-0.0270964
-0.0209058
-0.0151577
-0.01073
-0.00763531
-0.00516955
-0.00276957
0.00143393
0.00636699
0.0130852
0.020813
0.0275737
0.02648
0.0162212
0.0106983
0.00618129
0.00739754
0.0101978
0.0114179
0.02069
4.84224e-05
-0.00775027
0.0281132
0.0309435
0.0359168
0.0179669
-0.00364231
-0.0113714
-0.00418791
-0.00730337
-0.00426014
-0.00160265
-0.00438969
-0.0030918
-0.00032972
-0.0279076
-0.0285581
-0.0265908
-0.0227523
-0.0183341
-0.0138671
-0.00993382
-0.0066367
-0.00366746
-0.000877038
0.00281195
0.00657873
0.0115352
0.0168464
0.0214698
0.0220746
0.016192
0.0126629
0.00978826
0.00983395
0.0113424
0.0115697
0.0181175
0.00927848
0.00267055
0.0228778
0.0267057
0.0335336
0.0191273
-0.000408285
-0.00801073
-0.00360672
-0.00672286
-0.00362964
-0.00116105
-0.00401982
-0.00283365
-0.000259575
-0.0206139
-0.0215393
-0.020548
-0.0180288
-0.0149052
-0.0115567
-0.00834759
-0.00538899
-0.00258358
2.52306e-06
0.00308434
0.0062655
0.0102043
0.0138597
0.0167688
0.0179419
0.0150633
0.0130062
0.0113759
0.0115061
0.0130833
0.0125454
0.0159073
0.0129535
0.00916354
0.0197793
0.0230668
0.029064
0.0199528
0.00318724
-0.00325851
-0.00228042
-0.00534278
-0.00264441
-0.000843004
-0.00331188
-0.00233706
-0.000227324
-0.0146695
-0.0155984
-0.0151143
-0.0134873
-0.0113109
-0.00886626
-0.00636977
-0.00393332
-0.00153623
0.000711188
0.00326559
0.00581001
0.00868263
0.0112658
0.0132501
0.0145713
0.0135878
0.0126503
0.0119447
0.0117635
0.0126239
0.0125624
0.0145617
0.0142965
0.0125771
0.0178786
0.0197443
0.0243233
0.0199441
0.00641731
0.000950868
-0.000163256
-0.00333992
-0.00147611
-0.00037988
-0.00238507
-0.00171644
-0.000183637
-0.0097312
-0.0105789
-0.010409
-0.00937663
-0.00786487
-0.00609436
-0.00422197
-0.00233743
-0.000429292
0.0013919
0.00336314
0.00534366
0.00746532
0.00943021
0.0109422
0.0121189
0.0121649
0.0119241
0.011781
0.0119152
0.0126148
0.012749
0.0138161
0.0142629
0.0136237
0.0164984
0.0174984
0.0202225
0.0183473
0.00862894
0.00392796
0.00181561
-0.0013862
-0.000440396
0.000100622
-0.00150119
-0.00114732
-0.000135783
-0.00567823
-0.00642751
-0.00640987
-0.00574203
-0.00470903
-0.00347473
-0.00212799
-0.000724018
0.000714384
0.00211588
0.00359725
0.00511839
0.00670118
0.00819211
0.00940411
0.0104095
0.0109234
0.0111582
0.0113341
0.0115633
0.0120232
0.0122579
0.0130869
0.013672
0.0135004
0.0151029
0.0155431
0.0167231
0.0158078
0.00956422
0.00569221
0.00325664
0.00027151
0.00038568
0.000491462
-0.000769741
-0.000685399
-7.95606e-05
-0.00237741
-0.00298413
-0.00303726
-0.00262709
-0.00194948
-0.00111476
-0.00017682
0.000840145
0.00189043
0.00293045
0.0040069
0.00514072
0.00632246
0.00745248
0.00843829
0.00930041
0.00994416
0.0103814
0.0106842
0.011081
0.0115554
0.0118705
0.0124003
0.0128695
0.0128873
0.0137532
0.013916
0.0141083
0.0134194
0.00960682
0.00658206
0.00423666
0.00162255
0.00107859
0.000829272
-0.000175306
-0.000298414
-8.17053e-06
0.000343149
-0.000145722
-0.000245908
-1.34909e-05
0.000415206
0.000964114
0.00159814
0.00230582
0.00304425
0.00378716
0.00454813
0.00536662
0.00623793
0.00708735
0.00786863
0.00858118
0.00919895
0.00971393
0.0101001
0.0105044
0.010919
0.0112188
0.0115982
0.0119772
0.0120286
0.0124265
0.0123985
0.0121057
0.0114606
0.00908219
0.00680375
0.00480725
0.00261685
0.00167023
0.00113103
0.000284887
7.66293e-06
5.33584e-05
0.00254979
0.0021644
0.00205
0.00216797
0.00242207
0.00276325
0.00316744
0.00363887
0.00413901
0.00464982
0.00517266
0.00574586
0.00636538
0.00698884
0.00758593
0.0081547
0.0086894
0.00917126
0.0095551
0.00992841
0.0102951
0.0105754
0.0108355
0.0110819
0.0111185
0.0112438
0.0111157
0.010659
0.0100377
0.00847801
0.00678922
0.00514552
0.00334534
0.00223566
0.00147409
0.000684084
0.000279483
0.000123344
0.00433095
0.00403512
0.00391888
0.00395718
0.00408735
0.00428033
0.00452246
0.00481932
0.00513965
0.0054728
0.0058145
0.00620367
0.00663499
0.00708393
0.0075056
0.00793296
0.00835517
0.00875188
0.00908697
0.00940106
0.0096997
0.00992452
0.010101
0.0102471
0.0102547
0.0102118
0.0100144
0.00954356
0.00895695
0.00786078
0.00656071
0.00523118
0.00378755
0.00268557
0.00181143
0.00102561
0.00051068
0.000178324
0.00575476
0.00552758
0.00541499
0.00540112
0.0054476
0.00553737
0.00566374
0.00583224
0.00601932
0.00622024
0.00642714
0.00667583
0.00695338
0.00725344
0.00754392
0.00784622
0.00815184
0.00844968
0.00871221
0.00894788
0.00917125
0.00932902
0.00944102
0.00949928
0.00947209
0.00935428
0.00912703
0.0086985
0.00814203
0.00731556
0.00631007
0.00523063
0.00405503
0.00303264
0.00211923
0.00132346
0.000723725
0.000239195
0.0068724
0.0066976
0.00659166
0.00654426
0.00653471
0.00655344
0.00659951
0.00667632
0.00676754
0.00687113
0.00697864
0.00712118
0.00728249
0.00747012
0.00765044
0.00784923
0.00805223
0.00824917
0.00843002
0.00858429
0.00873708
0.00882187
0.00887348
0.00884727
0.00880566
0.00866187
0.00840915
0.00803132
0.0075196
0.00685864
0.00605901
0.00515842
0.00418603
0.00326526
0.00236589
0.0015713
0.000915648
0.000298406
0.00772723
0.00758976
0.00748937
0.00742179
0.00737566
0.00734819
0.00733921
0.0073519
0.00737543
0.00740896
0.00744721
0.00751021
0.00758748
0.00768445
0.00777995
0.00789057
0.00800664
0.00812047
0.00822549
0.00831082
0.00839401
0.00843181
0.00844923
0.00842814
0.0083017
0.00812528
0.00786344
0.00751825
0.00706844
0.00649066
0.00582187
0.00506391
0.0042298
0.00340155
0.00255593
0.00175915
0.00106031
0.00035377
0.00835217
0.0082398
0.00814392
0.00806484
0.00799598
0.00793953
0.00789401
0.00786373
0.00784115
0.00782684
0.00781794
0.00782409
0.00784238
0.00787183
0.00790579
0.0079478
0.00799617
0.00804322
0.00808396
0.00811362
0.00813444
0.008126
0.00809159
0.00801545
0.00788625
0.0077018
0.00744517
0.00711976
0.0067044
0.00620034
0.00561519
0.00494631
0.00421409
0.00345344
0.00265852
0.00187442
0.00113862
0.000381647
0.00876837
0.00867112
0.00857898
0.00849335
0.0084122
0.00833855
0.00827137
0.00821446
0.00816271
0.00811888
0.00807879
0.00804983
0.00802743
0.00801448
0.00800504
0.00800158
0.00800224
0.00800142
0.00799849
0.00798378
0.00796272
0.00791696
0.00784862
0.0077459
0.00759947
0.00740914
0.00715523
0.00684228
0.00645367
0.0059921
0.00545812
0.00485107
0.0041804
0.00346726
0.00271649
0.00194182
0.0011778
0.000397621
0.00897975
0.00888989
0.00879987
0.0087119
0.00862573
0.00854457
0.0084674
0.00839734
0.0083315
0.0082727
0.00821784
0.00817064
0.00812821
0.00809282
0.00806139
0.00803417
0.00800932
0.00798342
0.00795544
0.00791821
0.00787276
0.00780796
0.00772134
0.00760393
0.00744845
0.00725209
0.00700077
0.00669442
0.00631887
0.00587974
0.00537164
0.00479461
0.004156
0.00346632
0.00273818
0.00197328
0.00119642
0.000404383
-0.164688
-0.17477
-0.183877
-0.190128
-0.19497
-0.19273
-0.190837
-0.182413
-0.134763
-0.139844
-0.143993
-0.146288
-0.14735
-0.147029
-0.14593
-0.148196
-0.107889
-0.110425
-0.11175
-0.113798
-0.115282
-0.117665
-0.117137
-0.11921
-0.0869942
-0.0881125
-0.0886014
-0.0904698
-0.0911798
-0.0925006
-0.0913799
-0.0931123
-0.0690196
-0.06957
-0.0696197
-0.0705371
-0.0703214
-0.0705909
-0.0702603
-0.0728351
-0.0546302
-0.0545799
-0.0541933
-0.0542621
-0.0539074
-0.0543821
-0.0551594
-0.0578572
-0.0425938
-0.0422371
-0.0417583
-0.0417199
-0.0418108
-0.0424969
-0.0432502
-0.0449289
-0.032905
-0.0324594
-0.0320467
-0.0319655
-0.0319873
-0.032245
-0.0326149
-0.0340923
-0.0249111
-0.0244478
-0.0240031
-0.0237718
-0.0236695
-0.0238309
-0.0243126
-0.0257147
-0.018278
-0.0178536
-0.0174382
-0.0172025
-0.0171199
-0.0172626
-0.0176764
-0.0188006
-0.0127916
-0.0124449
-0.0120925
-0.0118616
-0.0117604
-0.0118601
-0.0122252
-0.0131626
-0.00822546
-0.00796298
-0.00768577
-0.00749701
-0.00742834
-0.00752344
-0.00781962
-0.00854262
-0.0044492
-0.00427698
-0.00408918
-0.00395359
-0.00389154
-0.0039363
-0.00415023
-0.0047197
-0.00130739
-0.0012119
-0.00109416
-0.000999664
-0.00095486
-0.00100016
-0.00118703
-0.00163733
0.00128073
0.00131058
0.00136239
0.00140417
0.00141551
0.00136864
0.00122653
0.000896689
0.0033859
0.0033679
0.00337114
0.00337564
0.0033674
0.00332374
0.00321242
0.00296568
0.00509197
0.00504248
0.00501195
0.00498762
0.00495919
0.00490959
0.00481656
0.00463437
0.00645506
0.00638534
0.00633167
0.00628616
0.00624219
0.00618802
0.00610913
0.00597458
0.00752642
0.00744558
0.00737794
0.00731867
0.00726368
0.00720524
0.00713475
0.00703246
0.00834417
0.00825871
0.00818386
0.00811702
0.00805538
0.00799444
0.00792894
0.00784784
0.00894008
0.00885412
0.00877678
0.0087066
0.00864162
0.00857928
0.00851644
0.00844788
0.0093321
0.00924832
0.00917153
0.00910081
0.00903492
0.00897211
0.00891091
0.00884898
0.00952547
0.00944681
0.00937273
0.00930305
0.00923721
0.00917428
0.00911347
0.00905402
0.00958037
0.0112314
0.0119358
0.0112217
0.00859418
0.00399114
-0.00273363
-0.0121753
-0.0253944
-0.0439017
-0.0697976
-0.106052
-0.157443
-0.227341
-0.292895
-0.0178909
-0.0190732
-0.02292
-0.0286064
-0.0359162
-0.0451978
-0.0570774
-0.072441
-0.0924857
-0.118829
-0.153704
-0.200117
-0.263003
-0.346092
-0.418292
-0.0445583
-0.0489844
-0.0573103
-0.0675368
-0.0792093
-0.0929832
-0.109793
-0.130674
-0.156915
-0.190249
-0.233087
-0.28849
-0.360603
-0.45552
-0.526906
-0.0720055
-0.0799106
-0.0918227
-0.105468
-0.120719
-0.138492
-0.159784
-0.185613
-0.217292
-0.256623
-0.306121
-0.369168
-0.448585
-0.548412
-0.616583
-0.0996283
-0.11094
-0.125563
-0.141787
-0.16
-0.181239
-0.206409
-0.236424
-0.272548
-0.316719
-0.371315
-0.439884
-0.52408
-0.622693
-0.685762
-0.125903
-0.14045
-0.157303
-0.175748
-0.196601
-0.220827
-0.249188
-0.282566
-0.32203
-0.369727
-0.427935
-0.499489
-0.584735
-0.678398
-0.733907
-0.150089
-0.167382
-0.186109
-0.206674
-0.230045
-0.256865
-0.287781
-0.323659
-0.365689
-0.415528
-0.475326
-0.547044
-0.630039
-0.715211
-0.762005
-0.172136
-0.191122
-0.21182
-0.234743
-0.260482
-0.28953
-0.322468
-0.360127
-0.403576
-0.454187
-0.513704
-0.583229
-0.660611
-0.733699
-0.772414
0.183449
0.197991
0.214359
0.232928
0.253719
0.276626
0.301563
0.32849
0.357329
0.38782
0.419369
0.450786
0.480049
0.503084
0.52196
0.175902
0.189153
0.204452
0.222133
0.242021
0.263868
0.287554
0.313041
0.340239
0.368845
0.398199
0.427019
0.453157
0.472555
0.487843
0.164124
0.175345
0.188968
0.205198
0.223545
0.24355
0.265017
0.287881
0.312005
0.337005
0.3621
0.385865
0.40592
0.418342
0.427007
0.148116
0.156756
0.168252
0.182492
0.198608
0.215947
0.23426
0.253445
0.273279
0.293227
0.31231
0.32888
0.340208
0.342394
0.342002
0.128042
0.133817
0.143017
0.154977
0.16832
0.182219
0.196427
0.210852
0.225202
0.238778
0.250359
0.258017
0.258627
0.248081
0.236079
0.104136
0.106608
0.113343
0.122825
0.133067
0.143097
0.152666
0.161658
0.169668
0.175824
0.178676
0.17602
0.164325
0.13924
0.113321
0.0771907
0.0767394
0.0811084
0.08752
0.0938127
0.0992311
0.103638
0.106785
0.108014
0.106203
0.099655
0.0858834
0.0609888
0.020569
-0.0200327
0.0456541
0.0440223
0.0473452
0.0506615
0.0524944
0.0527373
0.0514719
0.0483085
0.042334
0.0321786
0.0159063
-0.00927212
-0.0476819
-0.103432
-0.157919
0.0262409
0.0306447
0.0269749
0.0308777
0.0284164
0.0327039
0.0309186
0.035286
0.0346227
0.0390572
0.0397667
0.0445325
0.0469555
0.0525075
0.05713
0.0642874
0.0715809
0.081408
0.0922542
0.106037
0.121714
0.141059
0.163259
0.026189
0.030555
0.0269223
0.030767
0.0283532
0.0325623
0.0308226
0.0350932
0.0344726
0.0388021
0.0395064
0.0441912
0.0465809
0.0519842
0.0565266
0.0634917
0.0705018
0.0800962
0.0903532
0.103711
0.11839
0.136885
0.157497
0.0261476
0.03044
0.0268878
0.0306278
0.0283137
0.0323888
0.030748
0.0348638
0.0343568
0.0385166
0.0392787
0.0438245
0.0461619
0.0513471
0.0558253
0.062528
0.069169
0.0784783
0.0878999
0.100613
0.113805
0.130906
0.148757
0.0261155
0.0303015
0.0268712
0.0304642
0.0282963
0.0321879
0.0307335
0.0346118
0.0342689
0.0382089
0.0390821
0.0434674
0.0458016
0.0508763
0.0552184
0.0617351
0.0678996
0.0768841
0.0851881
0.0970254
0.108103
0.123124
0.136942
0.0260918
0.0301436
0.0268638
0.0302802
0.0282987
0.0319635
0.0307106
0.0343403
0.0341984
0.0378715
0.038889
0.0430339
0.0453495
0.0500713
0.0544001
0.0604919
0.0661931
0.0745134
0.0816841
0.0922908
0.100963
0.11325
0.121906
0.0260724
0.0299699
0.02687
0.0300803
0.0283134
0.0317265
0.030717
0.0340819
0.0341514
0.0375655
0.0387634
0.042731
0.0450962
0.0498345
0.0538689
0.0597308
0.0648209
0.0725526
0.0782256
0.0872985
0.0927081
0.101641
0.103951
0.0260665
0.029782
0.0268797
0.0298731
0.0283359
0.0314802
0.0307118
0.0337962
0.0340945
0.0372082
0.0385615
0.0422293
0.0445893
0.0488719
0.052851
0.0580112
0.0627124
0.069216
0.0738014
0.0807675
0.0833536
0.0876233
0.0832415
0.0260539
0.0295869
0.0268933
0.0296677
0.0283633
0.0312588
0.0307547
0.0335911
0.0340799
0.0370152
0.0385488
0.0421141
0.0445118
0.0488763
0.0524221
0.0574125
0.0613654
0.0670443
0.0695681
0.0741911
0.0721857
0.0721637
0.059111
0.0260375
0.0293282
0.0269183
0.0293746
0.0283863
0.0308833
0.0307023
0.0331766
0.033943
0.0364317
0.0381411
0.0412129
0.0435312
0.0471741
0.050443
0.0540351
0.0574798
0.060453
0.0618483
0.0620469
0.057254
0.0480707
0.0281117
0.0260255
0.028974
0.0269544
0.0289746
0.0283827
0.0303551
0.0305928
0.0324347
0.0335766
0.0354637
0.0372779
0.0396368
0.0418597
0.0445771
0.047245
0.0493048
0.05153
0.0520622
0.0516145
0.0478865
0.0414754
0.0296246
0.0140804
0.0260324
0.0285423
0.0270076
0.0284964
0.0283986
0.0297398
0.0304514
0.0316942
0.0331119
0.0344781
0.0363067
0.0380058
0.040002
0.0418023
0.043677
0.0445246
0.0452898
0.0441041
0.0416775
0.0361844
0.0285504
0.0169742
0.00254976
0.0260586
0.0280233
0.0270808
0.0279543
0.0283747
0.0291526
0.0301961
0.0309845
0.032483
0.0334398
0.0351419
0.0362395
0.0378838
0.0388544
0.0397766
0.0396858
0.0389597
0.0364972
0.0326261
0.0262723
0.0181549
0.00736001
-0.00553845
0.0261076
0.0274099
0.0271299
0.0274528
0.0282315
0.0286081
0.0298173
0.0302594
0.0316752
0.0323537
0.0337368
0.0343541
0.0354813
0.0357744
0.0356931
0.0348241
0.0329072
0.029507
0.0248452
0.01832
0.010468
0.000756028
-0.0105907
0.0261742
0.0267697
0.0270699
0.0270017
0.027996
0.0280712
0.0293025
0.0295154
0.0307
0.031185
0.0321325
0.0323327
0.0329016
0.0325809
0.0316322
0.0300773
0.0273988
0.0234557
0.0185497
0.0123047
0.00505901
-0.00354092
-0.0134592
0.0262118
0.0261522
0.0268948
0.0265872
0.0276481
0.027538
0.0286445
0.0287361
0.0295842
0.0299064
0.0303798
0.0301909
0.0302312
0.0293589
0.0277592
0.0256828
0.0226145
0.0185126
0.0136725
0.00794738
0.00149733
-0.00591822
-0.0143814
0.026197
0.0255744
0.0266123
0.0261934
0.02718
0.0269954
0.0278585
0.027892
0.028369
0.0285098
0.0285358
0.0279788
0.0275561
0.0262411
0.0242117
0.0218068
0.0186331
0.01466
0.0101027
0.00502583
-0.000516685
-0.00671414
-0.0137204
0.026102
0.0250576
0.0262113
0.0258061
0.0265997
0.0264284
0.0269774
0.0269583
0.0270909
0.0270118
0.0266527
0.0257737
0.0249686
0.0233433
0.0210919
0.0185575
0.0154686
0.0118109
0.00770823
0.00333293
-0.00129307
-0.00633147
-0.0119963
0.0259095
0.024613
0.0256936
0.0254071
0.0259293
0.0257985
0.0260409
0.025927
0.0257714
0.0254525
0.0247845
0.0236603
0.0225623
0.0207638
0.0184662
0.0159684
0.0130935
0.00984897
0.006298
0.00262593
-0.00115363
-0.00517238
-0.00967861
0.0256077
0.0242382
0.0250802
0.0249655
0.0252113
0.0250856
0.0250729
0.0248171
0.0244293
0.0238814
0.0229855
0.0217056
0.0204145
0.0185683
0.0163528
0.0140118
0.011432
0.0086372
0.00565722
0.0026466
-0.00039171
-0.00356188
-0.00710859
0.025194
0.023918
0.024408
0.0244242
0.024473
0.0242993
0.0240875
0.0236681
0.0230936
0.0223591
0.0213109
0.0199596
0.0185813
0.0167855
0.0147329
0.0126228
0.0103778
0.00802591
0.00558072
0.00315726
0.000747355
-0.00173396
-0.00450525
0.0246772
0.023622
0.0237388
0.0237597
0.0237081
0.023461
0.0230941
0.0225244
0.0218055
0.0209397
0.0198086
0.018457
0.017078
0.0154
0.0135597
0.0117166
0.00981066
0.00786577
0.00588943
0.00396355
0.00207116
0.000140002
-0.00201168
0.02408
0.0232936
0.0231204
0.0230188
0.0228998
0.0225763
0.0221003
0.0214238
0.020605
0.0196634
0.018512
0.0172102
0.0158922
0.0143756
0.0127714
0.0111996
0.00961104
0.00802278
0.00644079
0.00492138
0.00344145
0.00193957
0.000272126
0.023431
0.0228651
0.0225418
0.0223069
0.0220724
0.0216659
0.0211183
0.0203851
0.0195199
0.018554
0.01743
0.0162128
0.0149976
0.0136632
0.0122935
0.0109756
0.00966889
0.00838372
0.00712531
0.00593101
0.0047764
0.0036098
0.00231962
0.0227623
0.02235
0.0219781
0.0216243
0.0212582
0.0207726
0.0201743
0.0194212
0.0185561
0.0176132
0.0165584
0.015452
0.014362
0.0132089
0.012054
0.0109587
0.00988995
0.00885322
0.00785348
0.0069151
0.00601431
0.00510823
0.00411291
0.0220973
0.021777
0.0213937
0.0209638
0.020492
0.019938
0.0193025
0.0185528
0.0177198
0.016835
0.0158786
0.0148995
0.0139447
0.0129617
0.0119929
0.0110816
0.0102035
0.00936307
0.00856551
0.00782584
0.00712209
0.00641904
0.00565455
0.0214523
0.021182
0.0207961
0.0203261
0.0197911
0.0191892
0.0185312
0.0177999
0.0170158
0.0162051
0.0153577
0.0145084
0.0136872
0.012858
0.0120478
0.0112859
0.0105579
0.00987007
0.00922727
0.00863829
0.00808462
0.00753795
0.00695331
0.0208417
0.0205965
0.0202116
0.0197257
0.0191644
0.018542
0.017879
0.0171755
0.0164467
0.0157126
0.0149694
0.0142379
0.0135347
0.0128364
0.0121586
0.0115197
0.0109129
0.0103446
0.00981927
0.00934196
0.00889869
0.00846905
0.00802207
0.0202852
0.0200538
0.0196724
0.0191837
0.0186194
0.0179996
0.0173484
0.0166804
0.0160073
0.0153433
0.0146885
0.0140547
0.0134499
0.0128591
0.0122903
0.0117542
0.0112471
0.0107732
0.0103358
0.00993826
0.00957237
0.00922549
0.00887814
0.0198102
0.0195884
0.0192132
0.018729
0.0181735
0.0175696
0.0169396
0.0163055
0.0156801
0.015071
0.0144819
0.0139223
0.0133945
0.0128885
0.0124074
0.0119565
0.0115338
0.0111394
0.0107725
0.0104338
0.0101207
0.00982874
0.00954985
0.0194485
0.0192321
0.0188649
0.0183891
0.0178457
0.0172616
0.016655
0.016051
0.0154649
0.0149001
0.0143603
0.0138533
0.0133793
0.0129313
0.0125073
0.0121095
0.0117383
0.0113939
0.011075
0.0107801
0.0105069
0.0102543
0.0100202
0.0192513
0.0190397
0.0186746
0.0181994
0.0176589
0.0170832
0.016489
0.0158996
0.0153325
0.0147923
0.014282
0.0138068
0.0133665
0.0129544
0.0125654
0.0121999
0.0118608
0.0115495
0.0112646
0.0110029
0.0107612
0.010539
0.0103379
0.00624723
-0.018638
-0.0454373
-0.069324
-0.0920597
-0.113835
-0.13396
-0.150938
-0.0034756
-0.0264089
-0.0522926
-0.0730597
-0.0891843
-0.103654
-0.116572
-0.127008
-0.0120766
-0.0303196
-0.0514019
-0.0671032
-0.0777496
-0.0873056
-0.0958636
-0.103117
-0.0182763
-0.0329124
-0.0490356
-0.0610695
-0.0687236
-0.0750897
-0.0803564
-0.0847007
-0.0219603
-0.0335926
-0.0447779
-0.0530689
-0.0583049
-0.0622739
-0.0653164
-0.0678217
-0.023377
-0.0322823
-0.0394791
-0.0447915
-0.0484486
-0.0511068
-0.052947
-0.0542594
-0.0227597
-0.0293741
-0.0336874
-0.0367984
-0.0392347
-0.04103
-0.0421164
-0.0426606
-0.0206113
-0.0254692
-0.0278759
-0.0294928
-0.0310156
-0.0322542
-0.0329641
-0.033177
-0.0175547
-0.0211131
-0.0223271
-0.0229851
-0.023846
-0.0246822
-0.0251615
-0.0252154
-0.0140911
-0.0166955
-0.0172021
-0.0172843
-0.0176866
-0.0182282
-0.0185615
-0.0185616
-0.0105675
-0.0124705
-0.01258
-0.0123461
-0.0124504
-0.0127794
-0.0130188
-0.0130174
-0.00718974
-0.00857618
-0.00848054
-0.00810077
-0.00802844
-0.00820708
-0.00837763
-0.00838666
-0.00407142
-0.00507362
-0.0048868
-0.00446711
-0.00430831
-0.00439262
-0.00451814
-0.00454476
-0.00129395
-0.00201171
-0.00179723
-0.00138783
-0.00118874
-0.00121162
-0.00130398
-0.00134608
0.00113372
0.000621846
0.000830957
0.0012018
0.00141075
0.00142475
0.00135221
0.00129211
0.00322373
0.00286248
0.00304717
0.00335855
0.00354657
0.00357182
0.00350803
0.00343363
0.00499347
0.00473951
0.00488925
0.00513341
0.00528469
0.00530571
0.00524508
0.00516247
0.0064664
0.00628756
0.00639839
0.00657564
0.00668349
0.00669029
0.00662758
0.00653944
0.0076663
0.00753859
0.00761066
0.00772576
0.00778923
0.00777681
0.00770904
0.00761777
0.00861529
0.00851838
0.00855344
0.00861392
0.00863647
0.00860407
0.0085303
0.00843767
0.00934745
0.00926186
0.00925795
0.00926854
0.00925396
0.00920305
0.00912427
0.00903238
0.00985315
0.00976822
0.00973034
0.00970064
0.00965661
0.00959157
0.00951013
0.00942091
0.0101862
0.0100822
0.00999779
0.00992294
0.00984923
0.00977193
0.00969064
0.00960745
-0.33216
-0.340728
-0.353115
-0.36933
-0.390815
-0.418676
-0.450281
-0.478712
-0.332069
-0.339121
-0.349062
-0.362327
-0.379975
-0.402159
-0.428029
-0.452618
-0.327955
-0.33491
-0.343543
-0.354632
-0.369683
-0.387701
-0.404781
-0.416454
-0.320509
-0.328248
-0.336254
-0.34513
-0.355354
-0.365382
-0.371828
-0.371521
-0.310714
-0.319039
-0.325822
-0.331041
-0.33496
-0.336842
-0.334878
-0.326873
-0.299699
-0.307444
-0.31168
-0.312535
-0.310951
-0.307015
-0.299611
-0.286934
-0.289092
-0.294475
-0.295051
-0.291824
-0.286307
-0.278645
-0.26787
-0.252379
-0.280099
-0.281373
-0.277646
-0.271027
-0.262731
-0.252677
-0.239782
-0.222645
-0.27309
-0.268754
-0.260698
-0.251292
-0.240918
-0.229226
-0.214988
-0.196955
-0.267313
-0.256645
-0.244697
-0.233003
-0.220927
-0.208134
-0.193035
-0.174655
-0.261623
-0.244551
-0.22976
-0.215886
-0.202674
-0.189037
-0.173558
-0.15519
-0.253787
-0.232465
-0.215324
-0.199762
-0.185853
-0.171624
-0.156194
-0.138145
-0.244415
-0.22007
-0.200813
-0.184468
-0.169963
-0.155729
-0.14053
-0.12324
-0.231667
-0.206132
-0.186094
-0.169656
-0.15512
-0.141039
-0.126385
-0.110038
-0.216539
-0.191636
-0.171378
-0.155667
-0.140883
-0.127099
-0.113036
-0.0980555
-0.431054
-0.405407
-0.385379
-0.36911
-0.355134
-0.343111
-0.333635
-0.329393
-0.433507
-0.40584
-0.384092
-0.366857
-0.352986
-0.34186
-0.333443
-0.329687
-0.434816
-0.404545
-0.38101
-0.362649
-0.348048
-0.33652
-0.328091
-0.32481
-0.437149
-0.403324
-0.377245
-0.356789
-0.340227
-0.327034
-0.318132
-0.31581
-0.440598
-0.402567
-0.373409
-0.350138
-0.330573
-0.314526
-0.304223
-0.303157
-0.444817
-0.402348
-0.369977
-0.343635
-0.320689
-0.301462
-0.290423
-0.291217
-0.449232
-0.402866
-0.36767
-0.338413
-0.312161
-0.29014
-0.279156
-0.281109
-0.453279
-0.404598
-0.367517
-0.335876
-0.306684
-0.282877
-0.272628
-0.274527
-0.456743
-0.408431
-0.371041
-0.337606
-0.305908
-0.281554
-0.272077
-0.272287
-0.460065
-0.415709
-0.37965
-0.345183
-0.311776
-0.287941
-0.277448
-0.273257
-0.464487
-0.428018
-0.394873
-0.359177
-0.324294
-0.300589
-0.287231
-0.276245
-0.471976
-0.446337
-0.41742
-0.381013
-0.345679
-0.319807
-0.299345
-0.277773
-0.484111
-0.471611
-0.445602
-0.406679
-0.369527
-0.339487
-0.309637
-0.276184
-0.501331
-0.502439
-0.480112
-0.439011
-0.397425
-0.358064
-0.316015
-0.27037
-0.518004
-0.531976
-0.511057
-0.464826
-0.418049
-0.367709
-0.313182
-0.260697
-0.568129
-0.587925
-0.563166
-0.493089
-0.428302
-0.358653
-0.292849
-0.248829
-0.604071
-0.619819
-0.591121
-0.530957
-0.452221
-0.371569
-0.303877
-0.256358
-0.498185
-0.517345
-0.501361
-0.455885
-0.395579
-0.334973
-0.286497
-0.245852
-0.347369
-0.359518
-0.35315
-0.329641
-0.299371
-0.269127
-0.244722
-0.220583
-0.235083
-0.235781
-0.231679
-0.222931
-0.212935
-0.202338
-0.19367
-0.184923
-0.186984
-0.177846
-0.170219
-0.162577
-0.156359
-0.152046
-0.148877
-0.146813
-0.186163
-0.158839
-0.143022
-0.135477
-0.129342
-0.124084
-0.119695
-0.120755
-0.205548
-0.158745
-0.12581
-0.110469
-0.107231
-0.104264
-0.0991495
-0.0957394
-0.198109
-0.14428
-0.0996537
-0.0778634
-0.0783391
-0.0868531
-0.0930036
-0.0847654
-0.161324
-0.136424
-0.115279
-0.0991954
-0.0984757
-0.098624
-0.11499
-0.119015
-0.147318
-0.141345
-0.1347
-0.130275
-0.129795
-0.137662
-0.14994
-0.16215
-0.13563
-0.133931
-0.132104
-0.134
-0.136721
-0.14027
-0.138996
-0.133221
-0.114574
-0.115639
-0.118656
-0.124056
-0.130162
-0.13229
-0.128558
-0.124382
-0.102029
-0.104146
-0.108722
-0.117933
-0.129205
-0.135496
-0.141242
-0.132577
-0.115756
-0.117175
-0.119811
-0.123954
-0.129015
-0.116898
-0.155562
-0.130444
-0.140192
-0.138976
-0.137003
-0.134248
-0.131968
-0.127127
-0.127783
-0.120191
-0.139956
-0.137661
-0.133859
-0.128614
-0.121958
-0.113884
-0.107006
-0.0985716
-0.125894
-0.127564
-0.127371
-0.124937
-0.120012
-0.1122
-0.1018
-0.0895323
-0.112974
-0.120546
-0.126026
-0.12888
-0.128744
-0.125811
-0.119284
-0.109317
-0.131605
-0.140867
-0.148625
-0.154385
-0.157454
-0.157396
-0.154114
-0.146382
-0.147458
-0.15866
-0.169113
-0.17843
-0.185424
-0.19008
-0.189683
-0.191036
-0.137177
-0.136534
-0.13386
-0.130946
-0.127103
-0.124663
-0.119619
-0.117397
-0.107473
-0.0940732
-0.0789903
-0.0641688
-0.0510039
-0.0410122
-0.0341652
-0.0294651
-0.118702
-0.104668
-0.0906166
-0.0775592
-0.065795
-0.0557591
-0.0477261
-0.0409972
-0.12249
-0.107417
-0.0916197
-0.0758619
-0.0607839
-0.0471126
-0.0348639
-0.0235536
-0.187219
-0.183542
-0.176216
-0.165022
-0.150499
-0.132989
-0.112044
-0.089888
-0.226455
-0.243515
-0.253701
-0.256519
-0.252464
-0.242134
-0.227155
-0.20786
-0.164833
-0.164957
-0.162002
-0.15735
-0.150096
-0.141824
-0.130374
-0.119489
-0.0642566
-0.0551574
-0.0459336
-0.0377686
-0.0308216
-0.0256956
-0.0223424
-0.0202406
-0.0522222
-0.0464101
-0.0399984
-0.033477
-0.0271685
-0.0214643
-0.0163984
-0.0118428
-0.039924
-0.0402039
-0.0397
-0.0384622
-0.0365905
-0.0342737
-0.0316304
-0.0286797
-0.0292172
-0.0300546
-0.0303786
-0.0301883
-0.0294824
-0.0284001
-0.0269282
-0.0253795
-0.0115411
-0.011025
-0.0105536
-0.0101711
-0.00988522
-0.00972036
-0.00963723
-0.00968791
-0.00810562
-0.00777343
-0.00746135
-0.00718241
-0.00694434
-0.00675499
-0.00661097
-0.00651232
-0.00694717
-0.00699803
-0.00700375
-0.00696058
-0.00687074
-0.00674166
-0.00658325
-0.00639916
-0.00465904
-0.00469328
-0.00470561
-0.00469717
-0.00465997
-0.00458936
-0.0044944
-0.00439299
-0.00272564
-0.00270839
-0.00269569
-0.00268442
-0.00266778
-0.00263947
-0.0025925
-0.00252596
-0.000838182
-0.000813105
-0.000793283
-0.000778407
-0.000767445
-0.00075891
-0.000750786
-0.000742636
-0.222896
-0.165
-0.128435
-0.0990581
-0.0717168
-0.0516001
-0.0361017
-0.0230664
-0.0133599
-0.00589292
3.74232e-06
0.00446045
0.00787688
0.0105042
0.0124871
0.0139876
0.015105
0.0159189
0.0165034
0.0169061
0.0171661
0.0173206
0.0173904
-0.231866
-0.17677
-0.140902
-0.107737
-0.0793539
-0.058141
-0.0406893
-0.0268692
-0.0163761
-0.00814762
-0.00177557
0.00306588
0.00679905
0.00965359
0.0118228
0.0134712
0.0146996
0.0156003
0.0162474
0.0166948
0.016986
0.0171596
0.0172388
-0.215926
-0.163307
-0.133259
-0.102207
-0.0766485
-0.0566468
-0.0398975
-0.0268259
-0.0165656
-0.00848763
-0.0022287
0.00260744
0.0063622
0.00923518
0.0114481
0.0131382
0.0144082
0.0153476
0.0160264
0.0164997
0.01681
0.0169959
0.0170815
-0.189697
-0.14029
-0.116317
-0.0871621
-0.0660274
-0.0487344
-0.0342232
-0.0229645
-0.0139754
-0.00686435
-0.00129489
0.0031115
0.00657183
0.00926723
0.0113746
0.013004
0.014246
0.0151741
0.01585
0.0163247
0.0166389
0.016829
0.0169177
-0.155703
-0.114391
-0.0960961
-0.0681646
-0.0523139
-0.0377463
-0.0259781
-0.0169798
-0.0097366
-0.00400259
0.000577066
0.00429564
0.00727555
0.00966089
0.0115518
0.0130424
0.0141987
0.0150727
0.0157168
0.0161736
0.0164784
0.0166636
0.0167504
-0.122231
-0.089271
-0.0739006
-0.0491954
-0.0372669
-0.0251517
-0.0165115
-0.0100078
-0.00473703
-0.000542907
0.00292073
0.00581636
0.00822637
0.010236
0.0118654
0.0131846
0.0142244
0.0150206
0.0156133
0.0160364
0.0163204
0.0164949
0.0165772
-0.0999541
-0.0727216
-0.056022
-0.0325714
-0.0229785
-0.0123486
-0.006753
-0.00265676
0.000549101
0.00312158
0.00539754
0.00743648
0.00926903
0.0108737
0.0122269
0.0133563
0.0142656
0.0149753
0.0155113
0.0158987
0.0161617
0.0163236
0.0164003
-0.0788146
-0.0545176
-0.0350424
-0.0140142
-0.00633994
0.00145918
0.00343622
0.00494147
0.00593277
0.00682838
0.00788914
0.00906473
0.0102954
0.0114823
0.0125665
0.0135139
0.0142981
0.0149246
0.0154046
0.0157553
0.0159952
0.0161451
0.0162167
-0.0605487
-0.0372461
-0.00637567
0.0115888
0.0173384
0.0188243
0.0155552
0.0133319
0.0116031
0.0106339
0.0104076
0.0107226
0.0113505
0.0121178
0.0129212
0.013675
0.0143303
0.0148703
0.015293
0.0156077
0.0158266
0.0159635
0.0160292
-0.0892581
-0.0519166
0.0097252
0.0351136
0.0411013
0.0344619
0.0269359
0.021123
0.0169791
0.0142134
0.0128396
0.0123358
0.0123897
0.0127759
0.0133119
0.0138763
0.0143975
0.0148433
0.0152003
0.0154703
0.0156588
0.0157782
0.015836
-0.123761
-0.0678611
0.0257966
0.0547534
0.0559364
0.0456659
0.0351209
0.026932
0.0209773
0.0171505
0.0149629
0.0138198
0.0134138
0.013455
0.0137289
0.0140975
0.014477
0.0148221
0.015109
0.0153308
0.015489
0.015589
0.0156371
-0.108879
-0.0644456
0.0111515
0.0525399
0.0561887
0.0476824
0.0370044
0.0286166
0.0226672
0.0187928
0.0163557
0.0149421
0.0142674
0.0140697
0.0141369
0.0143322
0.0145752
0.0148159
0.0150266
0.0151952
0.0153171
0.0153948
0.0154321
-0.109142
-0.0779167
-0.0344904
0.00169876
0.0227456
0.0297598
0.0286795
0.0251352
0.021766
0.0190272
0.0170413
0.0157578
0.0149758
0.0146054
0.0144852
0.0145233
0.0146414
0.0147868
0.014926
0.0150433
0.0151327
0.0151901
0.0152176
-0.125754
-0.109715
-0.0784698
-0.0401492
-0.00857933
0.0093037
0.0171989
0.0196723
0.0198021
0.0184544
0.0173241
0.0162617
0.0155472
0.0151115
0.0148603
0.0147568
0.0147466
0.0147865
0.0148439
0.014903
0.0149515
0.0149827
0.0149974
-0.133259
-0.10221
-0.0762923
-0.0433245
-0.0186143
-0.0014244
0.00896206
0.0147525
0.0172156
0.0177384
0.0175271
0.0167519
0.0161033
0.0155635
0.0151841
0.0149573
0.0148368
0.0147807
0.0147579
0.0147538
0.0147578
0.0147618
0.0147633
-0.110698
-0.0853356
-0.0609627
-0.032074
-0.0134422
0.00285214
0.00994995
0.0155978
0.0170468
0.0178591
0.0176857
0.0171469
0.0165822
0.0159918
0.0155158
0.015175
0.0149435
0.0147825
0.0146741
0.0146061
0.014565
0.0145385
0.0145238
-0.0862686
-0.062203
-0.0416321
-0.0163919
-0.00442184
0.0103873
0.0146599
0.0195284
0.0193032
0.0195984
0.0186128
0.0177945
0.0169881
0.0162697
0.0157248
0.0153028
0.014993
0.0147476
0.0145637
0.0144333
0.0143466
0.0142924
0.0142639
-0.0751358
-0.0505671
-0.0274652
-0.00243489
0.0111059
0.0198392
0.0219573
0.0233307
0.02168
0.020946
0.0194471
0.0183873
0.017347
0.0165301
0.0159134
0.015419
0.0150187
0.0146885
0.0144324
0.0142463
0.0141228
0.0140399
0.013996
-0.100008
-0.0792458
-0.0457834
-0.0127646
0.0165434
0.0238607
0.0266886
0.0255133
0.0231828
0.0215106
0.0198114
0.018532
0.0174737
0.016688
0.0160618
0.0155206
0.0150402
0.0146277
0.014294
0.0140471
0.0138728
0.0137612
0.0137022
-0.133714
-0.120104
-0.0833886
-0.0421251
0.000142563
0.0102265
0.019324
0.0204513
0.0206751
0.0200276
0.0189508
0.0179977
0.0171742
0.0165765
0.0160292
0.0154859
0.0149535
0.0144803
0.0140959
0.0138061
0.0135997
0.0134665
0.0133939
-0.174137
-0.15708
-0.111877
-0.0598096
-0.013685
0.0045589
0.0142841
0.0169828
0.0185957
0.0187366
0.0182801
0.017569
0.016966
0.0164505
0.0159253
0.015376
0.0148113
0.0143017
0.0138708
0.0135376
0.0132923
0.0131387
0.0130528
-0.109308
-0.0959381
-0.0662175
-0.0337044
-0.00883072
0.00298265
0.010806
0.0149876
0.0168914
0.0174977
0.0176209
0.017355
0.0169591
0.0164037
0.0158023
0.0151594
0.0145474
0.0140102
0.0135595
0.0132081
0.0129488
0.0127775
0.0126844
-0.0265449
-0.0145591
-0.00319395
-3.81115e-05
-0.00318041
-0.00294536
0.00571414
0.0124628
0.014735
0.0164751
0.016912
0.0169673
0.0165538
0.0160457
0.0154717
0.0148488
0.0142507
0.0136961
0.013221
0.012848
0.0125703
0.012381
0.0122796
-0.0353271
-0.0228474
-0.012392
-0.00238969
-8.08702e-05
0.00723479
0.013316
0.0180679
0.0182316
0.0193
0.0187136
0.0181887
0.0169522
0.0160927
0.0152301
0.0144748
0.0138179
0.0132483
0.0127775
0.0124063
0.0121267
0.0119349
0.0118324
-0.0172346
-0.00295927
0.00517296
0.0142177
0.0189938
0.0235643
0.0236415
0.0227395
0.0212948
0.0206308
0.0191324
0.017874
0.0164746
0.0155895
0.0147967
0.0140707
0.0133797
0.0127785
0.012291
0.0119161
0.0116388
0.0114471
0.011345
-0.0730544
-0.0462834
-0.015665
0.0172164
0.0430253
0.0535999
0.0519453
0.0416457
0.0329771
0.0262697
0.0217415
0.0186296
0.0165158
0.015195
0.0142105
0.0134249
0.012737
0.012166
0.0116991
0.01135
0.0110819
0.0108982
0.0108007
-0.177248
-0.142159
-0.0938311
-0.0472386
-0.00387859
0.0114978
0.020279
0.0199503
0.0199328
0.0193448
0.0182742
0.0168279
0.0154531
0.0143245
0.0133981
0.0126075
0.0119547
0.0114173
0.0110017
0.0106911
0.0104608
0.0102978
0.0102098
-0.102909
-0.0820949
-0.0518885
-0.0206589
0.00538856
0.0166909
0.0148219
0.0110946
0.0108188
0.0118611
0.012601
0.0128599
0.0125292
0.0121681
0.0117332
0.0113007
0.0108934
0.0105228
0.0102108
0.00996534
0.00977356
0.0096328
0.00955593
-0.0194571
-0.0124413
-0.00642467
-0.00165908
0.00358789
0.00790842
0.00938837
0.0100936
0.0101491
0.0107925
0.0110435
0.0112356
0.0109183
0.0106567
0.0103197
0.0100137
0.00972261
0.00947865
0.00927984
0.00912536
0.0090013
0.00890429
0.00884933
-0.00948643
-0.00704851
-0.00537591
-0.00331683
-0.00113613
0.000817816
0.0020941
0.00308384
0.00390862
0.0049282
0.0059023
0.00689525
0.00762354
0.00818371
0.00846364
0.00854851
0.00850958
0.00842919
0.00834011
0.00825474
0.00818168
0.00811833
0.00808081
-0.0249673
-0.0201667
-0.0150403
-0.00970873
-0.00477135
-0.00119541
0.00112214
0.00215388
0.00293784
0.00337847
0.00404225
0.00473056
0.00541091
0.0060888
0.0065819
0.00690487
0.00707367
0.0071804
0.00724014
0.00727648
0.00728399
0.0072688
0.00725526
-0.0227145
-0.0195648
-0.0157883
-0.011791
-0.00776468
-0.00464702
-0.00242612
-0.00094012
0.000278516
0.00129472
0.00220155
0.00297846
0.00365312
0.00430834
0.00490235
0.00539565
0.00574965
0.00599126
0.00614967
0.00627311
0.00634748
0.00637012
0.00637818
-0.00966715
-0.00934729
-0.0090804
-0.00896548
-0.00871077
-0.00825635
-0.00736257
-0.00597535
-0.00423778
-0.00252849
-0.000974172
0.000361894
0.00146276
0.00241707
0.00319037
0.00384303
0.00436494
0.00477164
0.0050279
0.00524806
0.00537656
0.00543346
0.0054589
-0.00645828
-0.00631223
-0.0062343
-0.00610945
-0.00582107
-0.00525157
-0.00436353
-0.00339865
-0.00239114
-0.00147597
-0.000535226
0.000313768
0.00105119
0.0017229
0.00229828
0.00283109
0.00322514
0.00363097
0.00391197
0.00418703
0.00435367
0.00444822
0.00449722
-0.00614684
-0.00580425
-0.00543423
-0.00500747
-0.00450331
-0.00392445
-0.00321896
-0.00261048
-0.00198583
-0.00138414
-0.000762136
-0.000146154
0.00045195
0.00101713
0.00151308
0.00196147
0.00234628
0.00268889
0.00297512
0.00321435
0.00337494
0.00346551
0.00351562
-0.004213
-0.00393951
-0.0036049
-0.00321248
-0.00278219
-0.00236763
-0.0020008
-0.00176038
-0.00148774
-0.00117872
-0.000797264
-0.000360573
9.74273e-05
0.000569576
0.000975039
0.00131907
0.00160395
0.00185224
0.002066
0.00224915
0.00238119
0.00247314
0.0025235
-0.00238591
-0.0021439
-0.00181049
-0.0013928
-0.000938981
-0.000556829
-0.000292799
-0.000174265
-7.90677e-05
1.99833e-05
0.000137875
0.000272906
0.000404267
0.000570637
0.000733147
0.000906004
0.00104253
0.00115839
0.00124798
0.00133826
0.00141101
0.00147497
0.00151271
-0.000722943
-0.000681625
-0.000618921
-0.000535951
-0.000441854
-0.0003557
-0.000281356
-0.000219174
-0.000133971
-4.649e-05
3.64908e-05
0.000103754
0.000146783
0.000192716
0.000233037
0.000294286
0.000349086
0.00039799
0.000431522
0.000464292
0.00048418
0.000498126
0.00050777
-0.0834083
-0.0679381
-0.0531034
-0.0410439
-0.0304784
-0.0217987
-0.0143408
-0.00783745
-0.00252192
0.00192359
0.00564441
0.00865392
0.0110935
0.0130312
0.0145353
0.0156827
0.0165345
0.0171525
0.0175873
0.0178823
0.0180646
0.0181618
0.0181995
-0.0954649
-0.0768005
-0.0591246
-0.0450978
-0.0333147
-0.0237526
-0.0155076
-0.0084149
-0.00286275
0.00177304
0.00558335
0.00860782
0.0110407
0.0129532
0.0144321
0.0155617
0.0164038
0.0170196
0.0174567
0.0177569
0.0179465
0.0180526
0.0180973
-0.108205
-0.086138
-0.0651315
-0.0490684
-0.0362198
-0.0259307
-0.0167123
-0.00907109
-0.00329546
0.00160811
0.00552199
0.0085751
0.0110152
0.012905
0.0143586
0.0154661
0.0162937
0.0169021
0.0173377
0.01764
0.0178341
0.0179469
0.017997
-0.120927
-0.0959137
-0.0718341
-0.0536524
-0.0399899
-0.028616
-0.0180914
-0.0101181
-0.00403442
0.00124324
0.00529189
0.0084389
0.0109346
0.0128331
0.0142836
0.0153797
0.0161975
0.016799
0.0172311
0.0175326
0.0177282
0.0178446
0.017898
-0.136058
-0.106627
-0.0790518
-0.0591144
-0.0449233
-0.0316116
-0.0198475
-0.0117584
-0.00506238
0.00062514
0.00483043
0.00814012
0.0107283
0.0126736
0.0141558
0.0152649
0.0160902
0.0166942
0.017128
0.0174305
0.0176271
0.0177453
0.0178001
-0.150657
-0.116888
-0.085943
-0.0652748
-0.0499868
-0.0341064
-0.0219805
-0.0136949
-0.00613665
-0.000215576
0.0041756
0.0076941
0.0103894
0.0124149
0.0139561
0.0151021
0.0159542
0.0165737
0.0170178
0.0173259
0.0175263
0.017647
0.017703
-0.169464
-0.127461
-0.0940724
-0.0738312
-0.0551048
-0.0371459
-0.0252866
-0.0158543
-0.0074926
-0.00142528
0.00329269
0.00703798
0.00986301
0.0120124
0.0136437
0.0148589
0.0157633
0.0164184
0.016888
0.0172125
0.0174228
0.0175491
0.0176071
-0.191269
-0.140712
-0.10613
-0.0839241
-0.0608948
-0.0422594
-0.0296525
-0.0185432
-0.00970941
-0.00322347
0.0019856
0.00600912
0.0090572
0.0114006
0.0131724
0.0145028
0.0154937
0.0162124
0.0167274
0.0170821
0.0173119
0.0174491
0.0175113
0.0685992
0.0469637
0.0252945
0.00353518
-0.0187256
-0.040295
-0.0607666
-0.0808929
0.0722618
0.0485546
0.024599
7.62613e-05
-0.0248771
-0.0490007
-0.0714057
-0.0917549
0.0756796
0.04842
0.0208782
-0.00672246
-0.0337887
-0.0593925
-0.0827642
-0.103895
0.0782618
0.0468244
0.0154951
-0.0149957
-0.0439929
-0.0709965
-0.0955433
-0.117833
0.0791986
0.0436743
0.00874329
-0.0246358
-0.0558395
-0.0845753
-0.1106
-0.134031
0.0782972
0.0386581
6.76979e-05
-0.0364513
-0.0702495
-0.101018
-0.128558
-0.152967
0.0754256
0.0312796
-0.0113511
-0.0513804
-0.0880268
-0.120923
-0.149947
-0.175131
0.0700534
0.0207506
-0.0264614
-0.07039
-0.110122
-0.145179
-0.175476
-0.20111
0.0611844
0.00594222
-0.04645
-0.0946704
-0.137687
-0.174866
-0.20617
-0.231779
0.0473793
-0.0146797
-0.0729073
-0.125787
-0.172155
-0.211486
-0.243399
-0.268235
0.0266631
-0.0432077
-0.108057
-0.166112
-0.215977
-0.257126
-0.288821
-0.311683
-0.00369956
-0.0823549
-0.154697
-0.218593
-0.272132
-0.313952
-0.343788
-0.362584
-0.0481761
-0.136433
-0.216079
-0.28568
-0.341305
-0.38185
-0.407235
-0.418331
-0.110205
-0.209949
-0.298199
-0.368564
-0.420786
-0.454718
-0.470287
-0.46875
-0.165944
-0.269614
-0.355983
-0.423126
-0.469911
-0.496644
-0.505188
-0.49834
0.18667
0.185564
0.180325
0.17094
0.157458
0.140237
0.119506
0.0953494
0.201516
0.19971
0.192945
0.181442
0.165488
0.145336
0.12241
0.0971296
0.218068
0.215571
0.207488
0.194195
0.176331
0.154046
0.129276
0.103009
0.236778
0.233678
0.224455
0.209471
0.189767
0.165443
0.138054
0.109132
0.257726
0.254027
0.243615
0.22672
0.204672
0.177746
0.146883
0.114082
0.280809
0.276385
0.264516
0.245319
0.220213
0.189915
0.154971
0.117573
0.305926
0.30058
0.286874
0.264924
0.236079
0.201626
0.162074
0.119595
0.333026
0.326554
0.31058
0.285374
0.252162
0.212755
0.167941
0.119801
0.36203
0.354232
0.335519
0.306455
0.268201
0.222953
0.171981
0.117364
0.392684
0.383334
0.36135
0.327669
0.283539
0.231413
0.173148
0.110996
0.424398
0.413207
0.387324
0.348079
0.296994
0.236748
0.16983
0.0988599
0.455989
0.442587
0.41205
0.366093
0.306702
0.236842
0.159663
0.0783335
0.485446
0.469351
0.4332
0.379065
0.309636
0.228296
0.138919
0.045313
0.508728
0.489513
0.446946
0.383263
0.301897
0.20702
0.103494
-0.0040426
0.527853
0.505567
0.456904
0.38475
0.29281
0.185276
0.0685678
-0.0510002
0.0263027
0.026374
0.0264552
0.0265448
0.0266425
0.0267431
0.0268506
0.0269586
0.0307081
0.0307454
0.030757
0.0307449
0.0307127
0.0306618
0.0305953
0.0305208
0.0270459
0.0271377
0.0272456
0.0273647
0.0274987
0.0276392
0.0277867
0.0279301
0.030958
0.031007
0.0310268
0.0310185
0.030986
0.0309356
0.0308743
0.0308096
0.0285003
0.0286019
0.0287953
0.0289488
0.0291217
0.0293041
0.029489
0.0296855
0.0328057
0.0328679
0.0328963
0.032896
0.032873
0.032838
0.0327858
0.0327618
0.0310419
0.0311909
0.0313717
0.031576
0.0317986
0.0320323
0.0322635
0.0325076
0.0354365
0.0355419
0.035613
0.0356497
0.0356565
0.0356567
0.0356289
0.0356776
0.0347924
0.0349695
0.0351745
0.0354217
0.0356969
0.0360024
0.0362429
0.0366149
0.0392666
0.0394235
0.0395388
0.0396456
0.0397128
0.0398262
0.0398561
0.0400691
0.0400345
0.040308
0.0406163
0.0409394
0.0412559
0.041631
0.041877
0.0423712
0.0448248
0.0450609
0.0452379
0.0454644
0.0455308
0.0458436
0.0457989
0.0463772
0.0473348
0.0476906
0.0480415
0.0484564
0.0487762
0.049275
0.0494782
0.0501348
0.0529874
0.053409
0.0537125
0.0541483
0.054228
0.0548571
0.0545962
0.0556267
0.0576559
0.0580918
0.0584455
0.0588985
0.0590594
0.05957
0.0594472
0.0602072
0.0649322
0.0654762
0.0657944
0.0663978
0.0663773
0.0671575
0.066553
0.0677483
0.0724061
0.073
0.0733318
0.0736632
0.0734532
0.073708
0.0729012
0.0734078
0.0823553
0.0829909
0.0833056
0.0836775
0.0831294
0.0834363
0.0817649
0.0824616
0.0934892
0.0941051
0.0941483
0.093955
0.0928365
0.0920563
0.0896831
0.0885403
0.107508
0.108154
0.108
0.107407
0.105489
0.10385
0.0997933
0.0975236
0.123549
0.123945
0.12313
0.121261
0.11781
0.113679
0.107664
0.101181
0.143239
0.143486
0.142006
0.138756
0.133388
0.12646
0.116951
0.106063
0.165937
0.165633
0.162502
0.156384
0.147075
0.134976
0.119847
0.101127
0.0270868
0.0272533
0.0274535
0.0276888
0.0279635
0.0282726
0.0285679
0.0288269
0.0290231
0.0291382
0.0291588
0.0290805
0.0289095
0.0286631
0.0283671
0.0280465
0.027718
0.0273901
0.0270686
0.0267627
0.0264902
0.0262735
0.0261386
0.0304097
0.0302403
0.0300083
0.0297049
0.0293236
0.0289379
0.0285913
0.0283016
0.0280895
0.0279642
0.0279228
0.0279459
0.0280005
0.0280247
0.0279468
0.0277738
0.0275308
0.0272438
0.0269391
0.026637
0.0263644
0.0261479
0.0260125
0.0281159
0.0283505
0.028619
0.0289239
0.0292178
0.0294202
0.0295284
0.0295464
0.0294617
0.029275
0.0290049
0.0286843
0.0283726
0.0281107
0.0278822
0.0276535
0.0273861
0.0270795
0.0267559
0.0264399
0.0261565
0.0259365
0.0258031
0.0306868
0.0305024
0.0302581
0.0299718
0.0297495
0.0295894
0.0294819
0.0294106
0.0293604
0.0293097
0.0292237
0.0290434
0.0287387
0.0283559
0.0279898
0.0276324
0.0272708
0.0269009
0.0265329
0.0261888
0.0258879
0.0256605
0.0255303
0.0298939
0.0301357
0.0304083
0.0306644
0.0308243
0.030907
0.0308928
0.0307724
0.0305529
0.0302503
0.0299048
0.0295376
0.0291347
0.0286747
0.0281755
0.0276647
0.0271705
0.0267062
0.0262771
0.0258955
0.0255724
0.0253346
0.0252077
0.0326311
0.0323885
0.0320687
0.0318027
0.0315837
0.031396
0.0312328
0.0310747
0.0308971
0.0306575
0.0303318
0.0299201
0.0294378
0.028882
0.0282699
0.0276426
0.0270378
0.0264813
0.0259878
0.0255671
0.0252221
0.0249743
0.0248503
0.0327532
0.0329674
0.0331872
0.0332791
0.0332664
0.0331347
0.0328759
0.032496
0.0320255
0.0314979
0.0309273
0.0303177
0.0296712
0.0289859
0.02827
0.027547
0.0268521
0.0262164
0.0256637
0.0252076
0.024846
0.024592
0.0244705
0.0355158
0.035191
0.0348521
0.0345647
0.0342913
0.0339955
0.0336629
0.0332594
0.0327583
0.032144
0.0314266
0.0306352
0.0298068
0.0289722
0.0281469
0.0273424
0.0265837
0.0258965
0.0253044
0.0248231
0.0244526
0.0241944
0.024073
0.0367791
0.0368274
0.0368193
0.0367059
0.0364324
0.0359913
0.0353879
0.0346597
0.0338306
0.032917
0.0319345
0.0309068
0.0298686
0.0288597
0.0279078
0.0270238
0.0262206
0.0255103
0.024905
0.0244168
0.0240481
0.0237891
0.0236656
0.0399893
0.0394492
0.0390236
0.0384737
0.0379105
0.0372529
0.036481
0.0355738
0.0345308
0.0333825
0.0321649
0.030926
0.0297162
0.0285741
0.0275261
0.0265869
0.0257641
0.0250572
0.0244646
0.0239896
0.0236386
0.0233864
0.0232616
0.0424429
0.0421415
0.0417592
0.0411671
0.0403371
0.039306
0.0381204
0.0368054
0.0353883
0.0339053
0.0323977
0.0309174
0.0295183
0.0282359
0.0270939
0.0261055
0.025272
0.0245794
0.0240093
0.0235554
0.0232282
0.0229882
0.0228657
0.0461096
0.0453179
0.0444598
0.0434793
0.0423596
0.0410649
0.039564
0.0378779
0.0360706
0.034219
0.0324011
0.030687
0.0291208
0.0277309
0.0265325
0.0255298
0.0247155
0.0240618
0.0235311
0.0231093
0.0228086
0.022586
0.0224717
0.04999
0.049076
0.0479682
0.0465239
0.0447593
0.0427721
0.0406323
0.0384037
0.0361585
0.0339699
0.0319143
0.0300448
0.0283924
0.0269746
0.0257896
0.0248279
0.0240724
0.0234863
0.0230177
0.0226449
0.0223781
0.0221801
0.0220781
0.0547098
0.0530146
0.051154
0.0490698
0.0467469
0.0441797
0.0414552
0.0387089
0.0360428
0.0335452
0.0312819
0.0292896
0.0275857
0.0261687
0.0250202
0.0241157
0.0234252
0.0229063
0.0225016
0.0221818
0.021951
0.0217816
0.0216922
0.0593786
0.0573226
0.0549562
0.0521365
0.0489919
0.0456574
0.0422548
0.0389179
0.0357816
0.0329461
0.0304693
0.0283746
0.0266533
0.0252736
0.0241939
0.0233701
0.0227576
0.0223119
0.0219791
0.0217202
0.0215316
0.0213983
0.0213236
0.0657081
0.0621608
0.0584043
0.0543798
0.0501694
0.0459297
0.0418457
0.0380512
0.0346374
0.0316598
0.0291443
0.0270868
0.0254552
0.024198
0.0232529
0.0225552
0.0220489
0.0216936
0.0214452
0.0212573
0.0211202
0.021032
0.0209761
0.0709425
0.0665576
0.0617327
0.0565136
0.0511744
0.0459684
0.0411265
0.0368204
0.0331165
0.0300346
0.0275516
0.0256092
0.0241339
0.0230485
0.0222724
0.0217256
0.0213419
0.0210842
0.0209211
0.0208056
0.0207228
0.0206824
0.020648
0.0776738
0.0707548
0.0638894
0.0571654
0.0507355
0.0447788
0.0394595
0.0348759
0.0310711
0.0280358
0.0257018
0.0239658
0.0227169
0.0218511
0.0212739
0.0208976
0.0206507
0.0204977
0.0204178
0.0203723
0.0203436
0.0203484
0.0203363
0.0827815
0.07409
0.0652897
0.0568726
0.0491937
0.0425378
0.0369279
0.032304
0.0286139
0.0257824
0.0237
0.0222359
0.0212554
0.0206366
0.020276
0.0200819
0.0199824
0.0199416
0.0199451
0.0199664
0.0199892
0.0200324
0.0200415
0.0875108
0.0750245
0.0641436
0.0544948
0.0461214
0.0391019
0.0333996
0.0289258
0.02555
0.0231046
0.0214196
0.0203311
0.0196866
0.0193583
0.0192431
0.0192517
0.0193168
0.0194025
0.0194983
0.0195888
0.0196635
0.0197403
0.0197696
0.0887923
0.0739261
0.0609455
0.0501162
0.0413483
0.0343697
0.0289185
0.0248377
0.0219521
0.0200404
0.018878
0.0182589
0.0180139
0.0180178
0.0181758
0.0184057
0.0186501
0.018875
0.0190735
0.0192388
0.0193679
0.0194778
0.019528
0.0862811
0.0681451
0.0546793
0.0436184
0.0349952
0.028409
0.0235131
0.0200808
0.0178713
0.0166247
0.0160838
0.0160108
0.0162205
0.0165967
0.0170559
0.0175267
0.0179642
0.0183417
0.0186556
0.0189059
0.0190958
0.019245
0.0193196
0.0761214
0.059652
0.0464143
0.0355772
0.0274096
0.021398
0.0172372
0.014642
0.0132747
0.0128161
0.012985
0.0135232
0.0142376
0.015029
0.015824
0.0165634
0.0172172
0.0177683
0.0182166
0.0185686
0.0188318
0.0190328
0.0191386
0.0625247
0.0503903
0.0393954
0.029329
0.0211802
0.0153888
0.0117169
0.00978685
0.00914922
0.0094017
0.0102232
0.011328
0.0125068
0.0136791
0.0147781
0.0157606
0.0166073
0.0173103
0.0178752
0.0183143
0.0186379
0.0188784
0.0190077
0.0439035
0.0334978
0.0263017
0.0193569
0.0133483
0.00903124
0.0066772
0.00588656
0.00619302
0.00719777
0.00860694
0.0101581
0.0116606
0.0130718
0.0143412
0.0154455
0.0163776
0.0171398
0.0177452
0.0182099
0.0185472
0.0187875
0.0189165
0.0213262
0.0113673
0.00741669
0.00416316
0.00238734
0.00164708
0.00190682
0.00293731
0.00447434
0.00628408
0.00820265
0.0100604
0.0117291
0.0132212
0.0145121
0.0156031
0.0165024
0.0172239
0.0177888
0.0182158
0.0185193
0.0187225
0.0188292
0.00163572
-0.00745235
-0.00877937
-0.00919883
-0.00727329
-0.00486653
-0.00223583
0.000461608
0.00312055
0.005653
0.0080166
0.0101497
0.0119828
0.013539
0.0148261
0.0158762
0.0167159
0.0173715
0.0178733
0.0182441
0.0184994
0.0186569
0.0187349
-0.0172021
-0.0219497
-0.0192607
-0.0173645
-0.0134788
-0.00950298
-0.00551858
-0.00173977
0.00173036
0.00483905
0.00759285
0.00999543
0.0120251
0.0136852
0.0150074
0.0160505
0.0168578
0.0174683
0.017921
0.0182454
0.0184588
0.0185784
0.0186316
-0.0358141
-0.0347325
-0.0278948
-0.0236033
-0.0181009
-0.0130903
-0.00825675
-0.00375091
0.000304934
0.00386717
0.00696165
0.00960933
0.0118234
0.0136071
0.0150006
0.0160739
0.016883
0.0174782
0.0179062
0.0182029
0.0183894
0.0184856
0.0185227
-0.0541998
-0.0473777
-0.0370471
-0.0299383
-0.0225363
-0.0163203
-0.0106536
-0.0054933
-0.000957936
0.00296549
0.00633667
0.00917066
0.0115173
0.0133997
0.0148631
0.015979
0.0168084
0.0174091
0.0178325
0.0181195
0.0182948
0.018382
0.0184126
-0.0697316
-0.0581898
-0.0457285
-0.0359455
-0.0268041
-0.019281
-0.0127012
-0.00686865
-0.00191115
0.00230056
0.00587921
0.00883293
0.0112531
0.013187
0.0146892
0.0158329
0.0166796
0.0172909
0.0177191
0.0180076
0.0181834
0.0182726
0.0183045
)
;

boundaryField
{
    outlet
    {
        type            fixedValue;
        value           uniform 0;
    }
    upperWall
    {
        type            symmetryPlane;
    }
    lowerWall
    {
        type            symmetryPlane;
    }
    inlet
    {
        type            zeroGradient;
    }
    cylinder
    {
        type            zeroGradient;
    }
    frontAndBack
    {
        type            empty;
    }
}


// ************************************************************************* //
