/*--------------------------------*- C++ -*----------------------------------*\
| =========                 |                                                 |
| \\      /  F ield         | OpenFOAM: The Open Source CFD Toolbox           |
|  \\    /   O peration     | Version:  2312                                  |
|   \\  /    A nd           | Website:  www.openfoam.com                      |
|    \\/     M anipulation  |                                                 |
\*---------------------------------------------------------------------------*/
FoamFile
{
    version     2.0;
    format      ascii;
    arch        "LSB;label=32;scalar=64";
    class       volScalarField;
    location    "56.6";
    object      p;
}
// * * * * * * * * * * * * * * * * * * * * * * * * * * * * * * * * * * * * * //

dimensions      [0 2 -2 0 0 0 0];

internalField   nonuniform List<scalar> 
5478
(
-0.329196
-0.328994
-0.325748
-0.320187
-0.312486
-0.302997
-0.292442
-0.281758
-0.271749
-0.262695
-0.254536
-0.246003
-0.237305
-0.226454
-0.214504
-0.337197
-0.335578
-0.331885
-0.326233
-0.318286
-0.30775
-0.295148
-0.281592
-0.268008
-0.254873
-0.242151
-0.229852
-0.217837
-0.20549
-0.193185
-0.348483
-0.344636
-0.339486
-0.332687
-0.32303
-0.309879
-0.294132
-0.277271
-0.260497
-0.244488
-0.229538
-0.215491
-0.201967
-0.18846
-0.175136
-0.363302
-0.356694
-0.34933
-0.340092
-0.326768
-0.309478
-0.290036
-0.270258
-0.25128
-0.233593
-0.217127
-0.201716
-0.187089
-0.173166
-0.160265
-0.38289
-0.37274
-0.362649
-0.348824
-0.329599
-0.307121
-0.283985
-0.261727
-0.241007
-0.221937
-0.204453
-0.18837
-0.173372
-0.159419
-0.146084
-0.408321
-0.392818
-0.378684
-0.357498
-0.330686
-0.302686
-0.275993
-0.251469
-0.229248
-0.209209
-0.191079
-0.174555
-0.1594
-0.145468
-0.13233
-0.437066
-0.416012
-0.393955
-0.362928
-0.328164
-0.294941
-0.264994
-0.238453
-0.214982
-0.194162
-0.175638
-0.159108
-0.144269
-0.130889
-0.118265
-0.463164
-0.438078
-0.404169
-0.361931
-0.319815
-0.28209
-0.249421
-0.221279
-0.196936
-0.175777
-0.157295
-0.141094
-0.126903
-0.114361
-0.103013
-0.400251
-0.40248
-0.40354
-0.405098
-0.407291
-0.40999
-0.412689
-0.41509
-0.416784
-0.417512
-0.417416
-0.417165
-0.418061
-0.421433
-0.427494
-0.379994
-0.381081
-0.380632
-0.379784
-0.378791
-0.377558
-0.375962
-0.374084
-0.372217
-0.37098
-0.371402
-0.374741
-0.382154
-0.399224
-0.414761
-0.364047
-0.364307
-0.362412
-0.359652
-0.356222
-0.352126
-0.347478
-0.342728
-0.338652
-0.336257
-0.336823
-0.343042
-0.352561
-0.373861
-0.394991
-0.351304
-0.350788
-0.348127
-0.3439
-0.338495
-0.332126
-0.325041
-0.318078
-0.312215
-0.30893
-0.308527
-0.316116
-0.324656
-0.345395
-0.36677
-0.340964
-0.340277
-0.337139
-0.331509
-0.324313
-0.315844
-0.306771
-0.298029
-0.290658
-0.286718
-0.285667
-0.293482
-0.302945
-0.320848
-0.341029
-0.332767
-0.332314
-0.328748
-0.3223
-0.313441
-0.303195
-0.292621
-0.28296
-0.275504
-0.271941
-0.272369
-0.279106
-0.289036
-0.302589
-0.317432
-0.326929
-0.327092
-0.3234
-0.316553
-0.307151
-0.296414
-0.285921
-0.276797
-0.270137
-0.266547
-0.266888
-0.270305
-0.276046
-0.2829
-0.287835
-0.32553
-0.325815
-0.322306
-0.315921
-0.30711
-0.297401
-0.287415
-0.278328
-0.270986
-0.265652
-0.262687
-0.260427
-0.258649
-0.255775
-0.251072
-0.458374
-0.526874
-0.558837
-0.496335
-0.352711
-0.237743
-0.184686
-0.191031
-0.218458
-0.214793
-0.159345
-0.125494
-0.10879
-0.078155
-0.0546371
-0.0530035
-0.0717409
-0.0806927
-0.0629662
-0.0211893
-0.00915297
-0.0205846
-0.0370892
-0.0680848
-0.0978911
-0.09955
-0.085855
-0.0552962
-0.0303558
-0.0143933
-0.00225526
0.00179582
0.00210655
0.00295977
0.00257855
0.00146221
0.000657691
0.000173557
-0.46422
-0.552776
-0.585724
-0.517474
-0.366108
-0.236736
-0.171936
-0.158936
-0.170336
-0.17102
-0.138596
-0.121953
-0.110192
-0.0851471
-0.0682971
-0.0610698
-0.0732317
-0.0819497
-0.0671842
-0.0235213
-0.00864159
-0.0221228
-0.0435852
-0.0797151
-0.111713
-0.108766
-0.0909265
-0.0572156
-0.0307255
-0.0143784
-0.00217299
0.00191061
0.00227016
0.00317316
0.0027662
0.00156614
0.000716358
0.00019188
-0.440924
-0.538001
-0.571622
-0.502626
-0.357609
-0.228849
-0.15983
-0.134062
-0.124257
-0.125073
-0.116745
-0.116897
-0.112148
-0.0984724
-0.0901174
-0.0743437
-0.0760377
-0.0832225
-0.0710254
-0.0280607
-0.00938748
-0.0236151
-0.0488803
-0.090434
-0.124476
-0.11786
-0.0961457
-0.0595931
-0.0315122
-0.0147667
-0.00250758
0.00177041
0.00231636
0.00327246
0.00289062
0.00166139
0.00078037
0.000217807
-0.402764
-0.491346
-0.52857
-0.463465
-0.333857
-0.217109
-0.148307
-0.118101
-0.0925026
-0.0755624
-0.0962355
-0.112214
-0.117093
-0.114871
-0.116688
-0.0929923
-0.08004
-0.0839815
-0.0734624
-0.0343549
-0.0105602
-0.0248749
-0.0532387
-0.09904
-0.13546
-0.126399
-0.101383
-0.0623599
-0.0326846
-0.0154608
-0.00313321
0.00144615
0.00223744
0.00324284
0.00293571
0.00174257
0.000848238
0.000251811
-0.366008
-0.427528
-0.462327
-0.407284
-0.302191
-0.205218
-0.138701
-0.109231
-0.0796651
-0.0543529
-0.0803809
-0.104998
-0.11797
-0.130109
-0.14268
-0.115663
-0.0858815
-0.0850658
-0.074832
-0.0418878
-0.0123678
-0.0251143
-0.0556295
-0.106748
-0.14538
-0.134825
-0.106644
-0.0654509
-0.0341803
-0.0163671
-0.00392637
0.00101918
0.00204711
0.00309148
0.00289648
0.00179883
0.000915223
0.000291432
-0.329897
-0.366398
-0.387701
-0.346353
-0.270429
-0.194262
-0.133211
-0.103231
-0.0779502
-0.0489081
-0.0752162
-0.102618
-0.118733
-0.138632
-0.160851
-0.132527
-0.091714
-0.0857488
-0.0754002
-0.0501811
-0.0147365
-0.0253719
-0.0574935
-0.111502
-0.152577
-0.141792
-0.111526
-0.0686594
-0.0358847
-0.0174208
-0.00481401
0.000541801
0.00177509
0.00284578
0.00278107
0.0018202
0.000974301
0.000331652
-0.285955
-0.30558
-0.320497
-0.29707
-0.247337
-0.188031
-0.131972
-0.0985117
-0.077792
-0.0556311
-0.0715082
-0.0981168
-0.111255
-0.140607
-0.174302
-0.153024
-0.100464
-0.0861609
-0.0754078
-0.0585446
-0.0200292
-0.0239797
-0.0566662
-0.115596
-0.159051
-0.148719
-0.116446
-0.0722853
-0.0379841
-0.0187294
-0.00582938
1.09303e-05
0.00144366
0.00253842
0.00260688
0.00180452
0.00101837
0.000366615
-0.245496
-0.256988
-0.262336
-0.251156
-0.223327
-0.182578
-0.135757
-0.101408
-0.0755621
-0.0585212
-0.0759579
-0.0985145
-0.105341
-0.134722
-0.175482
-0.155061
-0.109047
-0.0892769
-0.0763408
-0.0592732
-0.0281759
-0.023926
-0.0553629
-0.116581
-0.161637
-0.152918
-0.121111
-0.0762344
-0.0403428
-0.0201158
-0.00685955
-0.00053346
0.00108294
0.00220043
0.00239091
0.00175167
0.00104222
0.000391759
-0.223545
-0.236389
-0.231605
-0.216246
-0.190543
-0.153985
-0.115321
-0.0840616
-0.0586173
-0.0424528
-0.0542997
-0.0782884
-0.0836525
-0.117331
-0.176324
-0.171636
-0.112985
-0.0870153
-0.0769693
-0.0570293
-0.0309628
-0.0164634
-0.0503624
-0.11677
-0.165749
-0.159768
-0.123089
-0.0770541
-0.0407331
-0.0205901
-0.00746847
-0.000976252
0.00071929
0.00181868
0.00214275
0.00164883
0.00104656
0.000407627
-0.173981
-0.188314
-0.182336
-0.164674
-0.141201
-0.114051
-0.0850834
-0.0603785
-0.0414956
-0.023554
-0.0396294
-0.042151
-0.052062
-0.090514
-0.158188
-0.157915
-0.106546
-0.079012
-0.0709359
-0.0566842
-0.0359147
-0.030419
-0.0567237
-0.119272
-0.168769
-0.159855
-0.122021
-0.0765165
-0.0408883
-0.0210738
-0.00822045
-0.00161446
0.000246062
0.0013343
0.00170855
0.00145524
0.000990469
0.000389431
-0.139329
-0.153151
-0.149281
-0.135179
-0.117053
-0.0960659
-0.0715584
-0.0463781
-0.023259
0.0107657
0.0511393
0.0145304
-0.0143274
-0.0602376
-0.123862
-0.131212
-0.0952095
-0.0759706
-0.0663968
-0.0568663
-0.0444783
-0.0432376
-0.0659959
-0.120866
-0.166272
-0.157954
-0.118723
-0.0747642
-0.0406838
-0.0214254
-0.00895163
-0.00225808
-0.000207997
0.000872909
0.00132058
0.00123844
0.000895945
0.000351321
-0.110192
-0.120717
-0.11801
-0.105393
-0.0882956
-0.0684669
-0.0482637
-0.0263576
-0.00478785
0.0260728
0.0566059
0.0391509
0.00777695
-0.033748
-0.0809893
-0.0909461
-0.0773335
-0.0662445
-0.0579697
-0.0544499
-0.0568287
-0.0635296
-0.077061
-0.117379
-0.15611
-0.148428
-0.111291
-0.0707925
-0.0396177
-0.021406
-0.00952547
-0.00287408
-0.000649476
0.000441833
0.000941037
0.00100252
0.00077394
0.000301624
-0.0837447
-0.092374
-0.0913952
-0.0821138
-0.0690005
-0.0544761
-0.0381025
-0.0195106
8.74643e-05
0.0281104
0.0533978
0.044329
0.0178291
-0.0147651
-0.0461211
-0.0575676
-0.059238
-0.0587993
-0.0516569
-0.051272
-0.0698545
-0.0831251
-0.0844972
-0.105876
-0.137974
-0.134076
-0.100563
-0.0649646
-0.0376534
-0.0209605
-0.00988824
-0.0034222
-0.00105986
4.96965e-05
0.000594845
0.000769036
0.000643597
0.00025192
-0.0628827
-0.0703437
-0.0702116
-0.0633267
-0.0529426
-0.040586
-0.0264795
-0.0110014
0.00501011
0.024768
0.0417732
0.0399149
0.0200745
-0.00481066
-0.0250276
-0.0335416
-0.0412201
-0.0459379
-0.0389851
-0.0403259
-0.079159
-0.10402
-0.0873701
-0.0868195
-0.110859
-0.110647
-0.0856927
-0.0570454
-0.0345994
-0.0199755
-0.00995826
-0.00384868
-0.00141925
-0.000298919
0.000272876
0.000539781
0.00050786
0.000199729
-0.0468923
-0.0524039
-0.0524661
-0.0475322
-0.0396775
-0.0304075
-0.0200847
-0.00879553
0.00308658
0.0165071
0.0278031
0.0292671
0.0167314
0.000201644
-0.0125772
-0.0198537
-0.0270548
-0.0339181
-0.0286096
-0.0276725
-0.071939
-0.106467
-0.0783973
-0.060574
-0.0794074
-0.086651
-0.069551
-0.0479198
-0.0305773
-0.0184152
-0.00969295
-0.00411994
-0.00170583
-0.000593396
-3.7911e-06
0.00032835
0.000378342
0.000154326
-0.0336697
-0.0379023
-0.0384741
-0.0352947
-0.0296975
-0.0228506
-0.0152292
-0.00698286
0.0015829
0.0101516
0.0171894
0.019217
0.0125463
0.00222927
-0.00602035
-0.0107122
-0.0161807
-0.0216989
-0.0169025
-0.0127309
-0.0408449
-0.0616058
-0.0426621
-0.0306293
-0.051143
-0.0612532
-0.0519874
-0.0379255
-0.02592
-0.0165255
-0.00921524
-0.00427133
-0.00193537
-0.000844173
-0.000249829
0.000134807
0.00025305
0.00010762
-0.0232642
-0.0268322
-0.0276161
-0.0254941
-0.0215502
-0.0167203
-0.0114403
-0.00592447
-0.000501978
0.00518971
0.00966628
0.0114362
0.00843162
0.00278281
-0.00205016
-0.00537925
-0.0087812
-0.0118411
-0.00817734
-0.002464
-0.00863963
-0.0132453
-0.00434989
-0.00622244
-0.0282946
-0.0414574
-0.0373597
-0.0289775
-0.0211531
-0.0141619
-0.00829046
-0.0041417
-0.00203086
-0.00102069
-0.000439446
-2.89996e-05
0.000139345
7.19631e-05
-0.0156013
-0.0182741
-0.0189538
-0.0176763
-0.0151362
-0.0119107
-0.00830537
-0.00449584
-0.000445716
0.0027659
0.00534274
0.00660246
0.00556668
0.00277361
9.067e-05
-0.00171865
-0.00333328
-0.00445336
-0.00153906
0.00440868
0.00833666
0.00923966
0.0143666
0.00638696
-0.0121581
-0.022566
-0.0238635
-0.0202686
-0.0161303
-0.0115704
-0.00718545
-0.00387236
-0.00203175
-0.00113174
-0.000595774
-0.000164958
3.75422e-05
2.72369e-05
-0.00945711
-0.0114796
-0.0122332
-0.0116535
-0.0100964
-0.00800377
-0.00566691
-0.00325901
-0.000860399
0.00127271
0.00294998
0.00390626
0.00375823
0.00263408
0.0014259
0.000502193
-2.36264e-06
-1.97592e-05
0.00231124
0.00704347
0.0117358
0.0139037
0.0165854
0.00975411
-0.00331747
-0.012206
-0.0152535
-0.0139638
-0.0119828
-0.00910993
-0.00597684
-0.00348343
-0.00194707
-0.00118048
-0.000668949
-0.000244939
-2.43628e-05
1.86544e-05
-0.00465294
-0.00633225
-0.0071002
-0.00690352
-0.00600401
-0.00473446
-0.00330733
-0.00185226
-0.000414064
0.000918521
0.0020085
0.00272663
0.00294816
0.00268605
0.00230836
0.00209522
0.0020971
0.00269293
0.00445926
0.00775952
0.01133
0.0134804
0.0144443
0.00941116
0.000825094
-0.00557777
-0.00839193
-0.00844432
-0.00794079
-0.00645602
-0.00449163
-0.00287139
-0.00173195
-0.00114164
-0.000762976
-0.000327913
-0.000103955
-3.41733e-05
-0.00106039
-0.00238274
-0.00307187
-0.00312123
-0.00268976
-0.00198115
-0.00115804
-0.000322417
0.00051005
0.00129814
0.00198855
0.00251009
0.00282869
0.00294472
0.00300393
0.00316358
0.00345406
0.004051
0.00534591
0.00747236
0.00973814
0.0111811
0.0113761
0.00804146
0.00268995
-0.00170802
-0.00396967
-0.00458428
-0.0048667
-0.00427744
-0.00319283
-0.00226838
-0.00144666
-0.00102448
-0.00065971
-0.00027472
-6.39953e-05
6.00193e-06
0.00176255
0.000709088
6.97317e-05
-0.000136628
2.80893e-06
0.000354039
0.000788547
0.00123059
0.00165942
0.00208018
0.00249052
0.0028488
0.00314442
0.00337043
0.00357935
0.00385239
0.00419158
0.0047693
0.00564681
0.00691338
0.00822304
0.00902133
0.00888402
0.00672728
0.00348251
0.00070557
-0.000975478
-0.00154909
-0.00216717
-0.00215923
-0.00179049
-0.00158162
-0.00113721
-0.000862148
-0.000714204
-0.000330002
-0.000133729
-5.92333e-05
0.00396944
0.00311595
0.00254039
0.00226133
0.00222402
0.00234193
0.00252168
0.00270675
0.00288359
0.00307161
0.00328843
0.00350551
0.00371669
0.00391672
0.00413019
0.00439193
0.00468026
0.00510996
0.00564906
0.00637873
0.00705901
0.00740214
0.00723052
0.00583186
0.003947
0.00222439
0.00104811
0.000541092
-0.000167165
-0.000436507
-0.000524189
-0.000784982
-0.00063172
-0.000546021
-0.000382355
-9.429e-05
4.61024e-05
4.36084e-05
0.0056685
0.00497788
0.00447029
0.00416435
0.00402763
0.00400649
0.00403175
0.00405242
0.0040727
0.00410559
0.0041803
0.00427362
0.00438443
0.00450775
0.00464484
0.00482605
0.00500684
0.00528084
0.00558213
0.00597981
0.00632348
0.00642768
0.0062115
0.00529357
0.00422159
0.00323968
0.0024577
0.00217248
0.00148602
0.00100368
0.000558939
-0.000185329
-0.000289011
-0.000253048
-0.000359056
-0.000118934
-1.54117e-05
-2.75647e-05
0.00702087
0.00646863
0.00602896
0.00572011
0.00552415
0.00541253
0.00533403
0.00525798
0.005178
0.00511115
0.00508596
0.00508437
0.00510585
0.00514138
0.0051925
0.0052758
0.00534539
0.00548134
0.00560774
0.0057935
0.00591025
0.00585205
0.00565876
0.00506673
0.00450302
0.00393169
0.00339484
0.00325403
0.00276301
0.00236947
0.00177228
0.000807938
0.000467899
0.000283927
0.000223665
0.000322661
0.000302194
0.000131568
0.00805004
0.00760052
0.00722024
0.00692798
0.00671035
0.00655071
0.00641345
0.00627042
0.00613284
0.00600571
0.00591704
0.00584731
0.00579797
0.00575898
0.00572111
0.00571026
0.00566921
0.00568916
0.00569446
0.00575391
0.00577012
0.00564183
0.00548491
0.00506774
0.00477713
0.00452774
0.00416263
0.00412286
0.00374376
0.00326351
0.00261625
0.00150076
0.000995616
0.000804736
0.000433891
0.000383836
0.000275281
7.07785e-05
0.00890105
0.0085406
0.00821342
0.00793877
0.00771148
0.00752435
0.00735021
0.00717489
0.00700433
0.00684757
0.00671579
0.00660014
0.00649257
0.00639617
0.00629012
0.00619714
0.00608048
0.00599724
0.00591831
0.00585981
0.00583897
0.00569261
0.00553526
0.00527942
0.00508612
0.00499064
0.00472069
0.00474885
0.00465774
0.00427537
0.0036541
0.00266579
0.00200024
0.00158956
0.00125069
0.000979706
0.000661216
0.000255517
0.0095491
0.00926112
0.00898714
0.00874042
0.00852051
0.0083208
0.00812994
0.0079381
0.00775069
0.00757627
0.00740936
0.00725858
0.00710222
0.00696707
0.00682686
0.00669383
0.00656432
0.0064217
0.00634428
0.00621554
0.00610741
0.00593
0.00573296
0.00559899
0.00532216
0.00530541
0.00511667
0.00496477
0.00496766
0.00453944
0.00419746
0.00363405
0.00284757
0.00228792
0.0016983
0.00113467
0.000648749
0.000208371
0.00988315
0.0096577
0.00943591
0.00922237
0.00901677
0.00881923
0.00862375
0.00843017
0.00823665
0.00804973
0.00786065
0.00767594
0.0074886
0.00731214
0.00713844
0.00696286
0.00679365
0.0066165
0.00645812
0.00630327
0.00614777
0.0059837
0.00577111
0.00562364
0.00541894
0.00529131
0.00511366
0.00488268
0.00479931
0.00444978
0.00408614
0.0036532
0.00308397
0.00256859
0.00206523
0.00149327
0.000922611
0.000329714
0.0101936
0.00999617
0.00979523
0.00959558
0.00939424
0.00919351
0.00898962
0.00878589
0.00858169
0.00838145
0.00818184
0.00798335
0.00778324
0.0075874
0.00739549
0.00720873
0.00701864
0.00683393
0.00665168
0.00647946
0.00629455
0.00612835
0.00594067
0.00576027
0.00555877
0.005393
0.00522435
0.00501103
0.00485635
0.00453736
0.00419003
0.00373818
0.00313461
0.0025966
0.00197665
0.00138984
0.00085575
0.000281969
0.0103214
0.0101394
0.00995194
0.00976055
0.00956316
0.00936285
0.00915903
0.00895508
0.00874993
0.00854568
0.0083397
0.00813373
0.00792507
0.00771982
0.00751302
0.00731499
0.00710945
0.00691603
0.00671172
0.00652915
0.00633103
0.00615143
0.00595609
0.00576601
0.00557674
0.00537145
0.00519846
0.00496063
0.00477547
0.00447601
0.00412118
0.00373745
0.00319518
0.00267985
0.00210345
0.00151913
0.000962568
0.000335444
-0.0892753
-0.101746
-0.11467
-0.127637
-0.142406
-0.156892
-0.174622
-0.195804
-0.0746406
-0.0841018
-0.0939432
-0.104082
-0.115098
-0.125939
-0.136847
-0.150955
-0.0602301
-0.0668959
-0.0736375
-0.0807995
-0.0885422
-0.0963173
-0.105215
-0.117699
-0.0486429
-0.0534074
-0.0582274
-0.0634718
-0.0696257
-0.0762678
-0.0844858
-0.0945883
-0.0383386
-0.0418421
-0.0454348
-0.0495319
-0.0544555
-0.059597
-0.0651994
-0.0720655
-0.0297731
-0.0322566
-0.0347969
-0.0376722
-0.040956
-0.0442112
-0.0479827
-0.053462
-0.022338
-0.0239442
-0.025557
-0.0273995
-0.0295692
-0.0319808
-0.0352722
-0.0398822
-0.0160271
-0.0169831
-0.0179474
-0.0191838
-0.0209279
-0.0231346
-0.0256997
-0.0288318
-0.0105999
-0.011227
-0.0119157
-0.0129198
-0.0142503
-0.0156292
-0.0171383
-0.0194181
-0.00617848
-0.00660795
-0.00704584
-0.00762376
-0.00834761
-0.00923099
-0.0105275
-0.0125642
-0.0024084
-0.00267222
-0.00290591
-0.00326535
-0.00385321
-0.00469676
-0.00580778
-0.00730804
0.00069276
0.000474968
0.000272717
-3.48574e-05
-0.000502925
-0.00109582
-0.00185188
-0.00296658
0.00316513
0.00296498
0.0027979
0.00258661
0.00227871
0.00184661
0.00122278
0.000288135
0.00518616
0.00499516
0.00484107
0.00466308
0.00440521
0.00403915
0.00352736
0.0027973
0.00678619
0.00658717
0.00642156
0.00625209
0.00603751
0.00575015
0.00535207
0.00478265
0.00804709
0.00784524
0.00767409
0.00751361
0.00732978
0.00709286
0.00676788
0.00631305
0.00901777
0.00882093
0.00864683
0.00848853
0.00832335
0.00812705
0.0078701
0.00752003
0.00978635
0.00959917
0.00942882
0.00927475
0.00912112
0.00894761
0.00873084
0.00844841
0.0103687
0.0101981
0.010038
0.0098918
0.0097499
0.00960055
0.00942576
0.00920949
0.01081
0.0106607
0.0105148
0.0103771
0.0102423
0.0101071
0.00995828
0.00978903
0.0110598
0.010922
0.0107823
0.0106422
0.0105012
0.0103612
0.0102189
0.0100734
0.0112156
0.0110892
0.0109687
0.0108497
0.0107285
0.010606
0.0104815
0.0103562
0.0113048
0.0111783
0.0110627
0.0109504
0.0108351
0.0107161
0.0105942
0.0104732
0.0667025
0.0704081
0.073767
0.076419
0.0776058
0.0770963
0.0747334
0.070006
0.0619691
0.0492544
0.0299802
0.0015367
-0.0403239
-0.0988429
-0.151041
0.045085
0.0465815
0.0463977
0.0449523
0.042145
0.0376146
0.0308547
0.0211099
0.00730999
-0.0120044
-0.0388302
-0.0757638
-0.126886
-0.196377
-0.252394
0.0230439
0.0222874
0.0187087
0.0136462
0.0073339
-0.000798026
-0.0115209
-0.0257283
-0.0445506
-0.0695113
-0.102737
-0.146895
-0.205082
-0.282668
-0.33708
0.000303885
-0.00288978
-0.00926003
-0.0170152
-0.0260831
-0.0372447
-0.0513691
-0.0693602
-0.0923354
-0.121784
-0.160017
-0.209774
-0.273419
-0.351716
-0.403211
-0.022565
-0.028345
-0.0367057
-0.0462889
-0.0574604
-0.0710947
-0.0879574
-0.108902
-0.135039
-0.167688
-0.209303
-0.262567
-0.328147
-0.403206
-0.449697
-0.0446564
-0.052863
-0.0626181
-0.0735549
-0.086398
-0.101964
-0.120847
-0.143844
-0.172012
-0.206752
-0.250052
-0.303924
-0.368236
-0.436952
-0.476832
-0.0657183
-0.0754613
-0.0861831
-0.098317
-0.112608
-0.129618
-0.149875
-0.174085
-0.203212
-0.238519
-0.281566
-0.333622
-0.393604
-0.452909
-0.486368
-0.0855665
-0.0958909
-0.107454
-0.120693
-0.1361
-0.154093
-0.175103
-0.199729
-0.228795
-0.263325
-0.304448
-0.352575
-0.405123
-0.452398
-0.480953
0.18774
0.202646
0.219234
0.237923
0.258775
0.281692
0.306572
0.333366
0.361994
0.392206
0.423423
0.454489
0.483431
0.506317
0.525194
0.18592
0.200101
0.215995
0.234085
0.254349
0.276564
0.300573
0.326315
0.353714
0.382497
0.412032
0.441096
0.467623
0.487729
0.503873
0.180036
0.192688
0.207279
0.224241
0.243321
0.264097
0.286313
0.309872
0.33466
0.360341
0.38619
0.410868
0.432122
0.44623
0.456654
0.170065
0.180608
0.193443
0.208769
0.225997
0.244525
0.264046
0.284428
0.30547
0.326695
0.347203
0.365462
0.378922
0.383994
0.386347
0.156111
0.164216
0.175143
0.188616
0.203527
0.21908
0.234987
0.25115
0.267317
0.282861
0.296652
0.306908
0.310713
0.30435
0.296746
0.13849
0.143809
0.152665
0.164078
0.176366
0.188576
0.200414
0.211755
0.22226
0.231154
0.237107
0.238097
0.230857
0.211495
0.191865
0.117622
0.120705
0.127707
0.136554
0.145444
0.153653
0.160974
0.167171
0.171672
0.17348
0.171056
0.162141
0.143155
0.110192
0.0779586
0.0933258
0.0952617
0.101213
0.107423
0.11253
0.116278
0.118667
0.119363
0.117569
0.112063
0.101093
0.0821611
0.051345
0.00498915
-0.0387725
0.0228124
0.0279621
0.0238019
0.0279516
0.0256515
0.0298011
0.0283251
0.0327554
0.0322421
0.0367917
0.037835
0.042749
0.0454012
0.0512236
0.0561414
0.0636673
0.0713818
0.0817033
0.0931869
0.107604
0.124007
0.14401
0.166919
0.0228731
0.027978
0.0238642
0.0279807
0.0257284
0.0298534
0.0284303
0.0328273
0.0324035
0.0369023
0.0380394
0.0429505
0.0456752
0.0515764
0.0565133
0.0640753
0.0718204
0.0821247
0.093512
0.107877
0.123921
0.143688
0.165952
0.022939
0.0279678
0.0239423
0.0279816
0.0258303
0.0298733
0.0285682
0.0328682
0.0325974
0.0369876
0.0382794
0.0430901
0.045965
0.0517748
0.056821
0.064333
0.0720373
0.0822806
0.0933033
0.107395
0.122669
0.141695
0.162217
0.0230151
0.0279337
0.0240349
0.0279583
0.0259524
0.029864
0.0287304
0.032886
0.0328323
0.0370433
0.0385597
0.0432563
0.0463408
0.0522802
0.0571704
0.0647379
0.0722207
0.0824563
0.0928618
0.10652
0.120423
0.138007
0.155536
0.0230956
0.0278782
0.0241361
0.0279139
0.026091
0.0298298
0.0289105
0.0328794
0.033051
0.0370607
0.038854
0.0433023
0.0466085
0.0522591
0.057288
0.0647011
0.0719281
0.0817908
0.0915076
0.104307
0.116574
0.132193
0.145758
0.023183
0.0278045
0.0242465
0.0278531
0.0262393
0.0297835
0.0291053
0.0328696
0.0333107
0.0371295
0.039225
0.0435263
0.0470881
0.0529065
0.0576776
0.0652579
0.0720479
0.0818654
0.0905083
0.102425
0.112127
0.124909
0.133145
0.0232764
0.0277158
0.0243624
0.0277823
0.0263914
0.0297168
0.0292947
0.0328276
0.0335141
0.037122
0.0394233
0.0435105
0.0472253
0.0526274
0.0575033
0.0646383
0.0711695
0.0800858
0.0879289
0.0981061
0.105757
0.11509
0.117744
0.0233701
0.0276175
0.0244768
0.0277132
0.0265531
0.0296827
0.0295105
0.0328652
0.0338285
0.0373226
0.0399151
0.043818
0.0478516
0.0535483
0.058203
0.0656458
0.0715644
0.0804767
0.0866239
0.0955294
0.099061
0.103836
0.0989824
0.0234796
0.0274762
0.0246246
0.0275775
0.0267194
0.0295245
0.0296992
0.0327102
0.0339623
0.0371832
0.0399357
0.0439457
0.0475576
0.0525653
0.0571939
0.0634981
0.068976
0.0755664
0.0806746
0.0853057
0.0864474
0.0840303
0.0740315
0.0236218
0.027269
0.0248128
0.0273767
0.0269027
0.0292536
0.0298399
0.0323087
0.0339319
0.0366253
0.0395213
0.0426247
0.0465428
0.0507203
0.0549711
0.0597735
0.0642538
0.0683204
0.0715354
0.0724331
0.0712188
0.0654582
0.0570834
0.0237957
0.0269946
0.0250314
0.0271142
0.0271015
0.0288949
0.0300002
0.0318704
0.0338603
0.0360607
0.0390277
0.0416778
0.0453053
0.0486476
0.0523585
0.0557868
0.0590732
0.0611542
0.0623553
0.0611135
0.0578873
0.0517221
0.0437277
0.0240043
0.0266421
0.0252825
0.0267928
0.0273055
0.0285204
0.0300657
0.0314913
0.0336345
0.0354489
0.0383079
0.0405527
0.0437294
0.0463495
0.0493132
0.0515664
0.0535215
0.0541123
0.0535611
0.050987
0.0465632
0.0402435
0.0327952
0.0242527
0.0261975
0.0255514
0.0264757
0.0274355
0.0282256
0.0299951
0.0311062
0.033245
0.0347767
0.0373276
0.0392835
0.0418287
0.0438073
0.0459141
0.0471243
0.0478595
0.047301
0.0455201
0.0422158
0.0373758
0.0311344
0.0239615
0.0245378
0.0257105
0.025742
0.0262315
0.0274689
0.0279523
0.0297938
0.0307057
0.0326862
0.0340145
0.0361327
0.0378265
0.0396835
0.0410074
0.0423094
0.0426096
0.0423573
0.0409813
0.0385432
0.0349003
0.0300799
0.0241534
0.0173798
0.0248123
0.0252614
0.0258243
0.0260345
0.0274031
0.0277049
0.0294549
0.0302715
0.031965
0.0331125
0.0347679
0.0361555
0.0373608
0.038031
0.0386253
0.0382278
0.0372409
0.0353482
0.0326161
0.0289092
0.0243059
0.0188597
0.0126684
0.0250478
0.0248597
0.0258176
0.0258703
0.0272268
0.0274629
0.0289848
0.0297643
0.0311077
0.0320501
0.033269
0.034295
0.0349255
0.0350186
0.0350027
0.0341172
0.0326714
0.0304848
0.0276769
0.0241174
0.0198878
0.0150376
0.00957082
0.0252185
0.024526
0.0257089
0.0257213
0.0269365
0.0271894
0.028408
0.0291595
0.0301452
0.0308238
0.0316626
0.0323167
0.0324543
0.0320828
0.0315783
0.0303879
0.0287035
0.026413
0.02368
0.0204128
0.0166703
0.0124723
0.00778059
0.025304
0.0242689
0.0254966
0.0255659
0.0265445
0.0268575
0.0277638
0.0284386
0.0290909
0.0294683
0.0299848
0.0302977
0.0300281
0.0293074
0.0284617
0.0271098
0.0253526
0.0231164
0.0205654
0.0176625
0.0144489
0.0109085
0.00697388
0.025288
0.0240905
0.0251933
0.0253752
0.0260845
0.0264411
0.0270781
0.0276015
0.0279524
0.0280408
0.0282838
0.0283112
0.0277291
0.0267652
0.0257106
0.0243161
0.0226119
0.0205365
0.018229
0.0157054
0.0130078
0.010091
0.00685629
0.0251605
0.0239778
0.0248225
0.025104
0.0255802
0.0259363
0.0263641
0.0266743
0.0267429
0.0265924
0.0266133
0.0264246
0.0256289
0.0245015
0.0233424
0.0220022
0.0204427
0.0185866
0.0165432
0.0143794
0.0121516
0.009796
0.00718326
0.0249246
0.0239068
0.0244316
0.0247176
0.0250268
0.0253519
0.0256293
0.0257063
0.0254988
0.0251573
0.0250203
0.0246926
0.023768
0.022541
0.0213522
0.0201314
0.0187765
0.0171669
0.015379
0.0135306
0.0117047
0.00983027
0.00775309
0.0245923
0.0238217
0.0240668
0.0242436
0.0244204
0.0246899
0.02487
0.0247387
0.0242779
0.0237769
0.0235357
0.0231393
0.0221654
0.0208933
0.0197192
0.0186471
0.0175228
0.0161677
0.0146204
0.013037
0.0115362
0.0100543
0.00842194
0.0241912
0.0236549
0.0237387
0.0237681
0.0237652
0.02395
0.0240797
0.0237923
0.0231236
0.0224943
0.0221853
0.0217746
0.0208175
0.0195538
0.0184197
0.0174928
0.0165877
0.0154761
0.0141571
0.012799
0.0115534
0.0103785
0.00910503
0.0237466
0.0234124
0.0234281
0.0232937
0.0230939
0.023176
0.0232634
0.0228804
0.0220767
0.0213479
0.0209873
0.0205909
0.0196964
0.0184915
0.0174182
0.0166176
0.0158983
0.0150038
0.0138956
0.0127343
0.0116895
0.0107483
0.0097568
0.0232845
0.0230838
0.0230823
0.0228188
0.0224568
0.0224209
0.0224431
0.0220091
0.0211488
0.0203632
0.0199624
0.0195862
0.0187765
0.0176701
0.0166809
0.0159844
0.015405
0.0146848
0.0137623
0.0127766
0.0118952
0.0111296
0.0103529
0.0228504
0.0227231
0.0226783
0.0223339
0.0218725
0.0217224
0.0216544
0.0211921
0.0203453
0.0195397
0.019105
0.0187468
0.0180208
0.0170313
0.0161415
0.0155344
0.0150545
0.0144653
0.0136953
0.0128615
0.0121175
0.0114906
0.0108826
0.0224156
0.0223324
0.0222567
0.0218671
0.0213546
0.0210872
0.0209208
0.0204612
0.019674
0.0188762
0.0184113
0.018075
0.0174443
0.0165703
0.0157671
0.0152219
0.0148183
0.0143427
0.0137081
0.0129988
0.0123552
0.0118244
0.0113407
0.0220324
0.0219567
0.0218315
0.0214389
0.0209085
0.0205258
0.0202713
0.0198455
0.0191363
0.0183492
0.0178503
0.0175413
0.017007
0.0162316
0.0154793
0.0149567
0.0146116
0.0142524
0.0137624
0.0131715
0.0126026
0.0121303
0.0117315
0.0217063
0.0216128
0.0214498
0.0210648
0.0205373
0.0200712
0.0197428
0.0193404
0.0186905
0.0179335
0.0174197
0.0171236
0.0166781
0.0160023
0.0152891
0.0147547
0.0144291
0.0141626
0.0138095
0.0133418
0.0128418
0.0124044
0.0120622
0.0214504
0.0213467
0.0211582
0.0207687
0.0202516
0.0197578
0.0193798
0.0189697
0.0183613
0.0176619
0.0171413
0.0168226
0.016456
0.0158941
0.0152317
0.0146625
0.0142898
0.0140472
0.0137967
0.0134503
0.0130274
0.0126098
0.0122655
0.0213162
0.0212004
0.0209838
0.0205955
0.0200933
0.0195681
0.0191412
0.0187485
0.0182058
0.0175265
0.0169588
0.0166158
0.0163186
0.0158585
0.015248
0.0146497
0.01421
0.0139457
0.0137568
0.013523
0.0132001
0.0128299
0.012487
0.0604103
0.0418611
0.0193008
-0.00184738
-0.0214668
-0.0402768
-0.0584517
-0.0748932
0.0478925
0.0306367
0.00829243
-0.0112036
-0.0268128
-0.0402913
-0.0529853
-0.0642897
0.0365517
0.0230809
0.00397269
-0.0129532
-0.0246834
-0.0340318
-0.0432876
-0.0523429
0.0266079
0.0158757
-8.93953e-05
-0.0145287
-0.0238194
-0.0304614
-0.0368412
-0.0430653
0.0184361
0.0103123
-0.00207328
-0.0134144
-0.0204844
-0.0252009
-0.0296683
-0.0341927
0.0118624
0.00540784
-0.00335378
-0.0113368
-0.0166968
-0.0203681
-0.0236617
-0.0268461
0.00740175
0.00220793
-0.00356186
-0.00878272
-0.0126899
-0.0155891
-0.0180802
-0.0203177
0.00480643
0.000719051
-0.00296096
-0.00622262
-0.00894977
-0.0112038
-0.0131356
-0.0147663
0.0036455
0.000494549
-0.00176599
-0.0036877
-0.00548754
-0.00714435
-0.00858416
-0.00973497
0.00349239
0.00110133
-0.000222303
-0.0012696
-0.00240522
-0.00359765
-0.00468901
-0.00555726
0.00398976
0.00219303
0.0014693
0.000977287
0.000307826
-0.000518368
-0.00132555
-0.00197018
0.00486534
0.00352316
0.00316795
0.00301436
0.00266289
0.00211448
0.00152577
0.00103535
0.00590977
0.00491172
0.00476875
0.00480327
0.00465226
0.00429549
0.00385716
0.00346129
0.00697614
0.00623526
0.00620266
0.00633196
0.00631108
0.00609543
0.00577314
0.00544988
0.00798521
0.00743765
0.00745508
0.00761463
0.00766231
0.00754002
0.00730261
0.00703235
0.00890041
0.00849999
0.00853321
0.00867949
0.00874591
0.0086775
0.00850211
0.00827608
0.0097045
0.00941642
0.00945017
0.00956259
0.00961366
0.00956082
0.00941918
0.00922629
0.0103975
0.010192
0.0102163
0.0102899
0.0103157
0.0102644
0.0101435
0.00997577
0.0109812
0.0108376
0.0108505
0.0108845
0.0108751
0.0108076
0.0106901
0.0105384
0.0114655
0.0113653
0.0113618
0.0113543
0.0113054
0.0112152
0.0110954
0.010958
0.0118636
0.0117833
0.0117493
0.011694
0.0115986
0.0114737
0.0113362
0.0111976
0.0120747
0.0120028
0.0119714
0.0119138
0.011808
0.0116646
0.0115068
0.0113544
0.0122673
0.0121539
0.0120844
0.0120102
0.0119038
0.0117635
0.011605
0.0114478
-0.54649
-0.554317
-0.566652
-0.584073
-0.606794
-0.634165
-0.661863
-0.683491
-0.542379
-0.549475
-0.560622
-0.575792
-0.594259
-0.615387
-0.637276
-0.654211
-0.538629
-0.544319
-0.553537
-0.565679
-0.579895
-0.593975
-0.604149
-0.606385
-0.536389
-0.539513
-0.545153
-0.55166
-0.557638
-0.560985
-0.558789
-0.548479
-0.536517
-0.534996
-0.533947
-0.531809
-0.527918
-0.521312
-0.510114
-0.492199
-0.537695
-0.528705
-0.518616
-0.507221
-0.494969
-0.48128
-0.464362
-0.44199
-0.536664
-0.518208
-0.4988
-0.47972
-0.461644
-0.443455
-0.423088
-0.39824
-0.529838
-0.501757
-0.474737
-0.450619
-0.429062
-0.408321
-0.386056
-0.360014
-0.514505
-0.478728
-0.447243
-0.420684
-0.397546
-0.375652
-0.352608
-0.32628
-0.489708
-0.449989
-0.4173
-0.390449
-0.367118
-0.345138
-0.322157
-0.296233
-0.456734
-0.417009
-0.385929
-0.360202
-0.337793
-0.316503
-0.294247
-0.269254
-0.417435
-0.381715
-0.353771
-0.33032
-0.309552
-0.289541
-0.268533
-0.244886
-0.375582
-0.345116
-0.321472
-0.301012
-0.282331
-0.264122
-0.244722
-0.222852
-0.330189
-0.307696
-0.28942
-0.272492
-0.256395
-0.240124
-0.222655
-0.202864
-0.283902
-0.271896
-0.257876
-0.245429
-0.231301
-0.21709
-0.201573
-0.184334
-0.424658
-0.451431
-0.477722
-0.500581
-0.518105
-0.529917
-0.537031
-0.541601
-0.427676
-0.454623
-0.480445
-0.502225
-0.518297
-0.528605
-0.53445
-0.538123
-0.430593
-0.459122
-0.485916
-0.507764
-0.522906
-0.531342
-0.534782
-0.536106
-0.435091
-0.466382
-0.495166
-0.51768
-0.531959
-0.538095
-0.5383
-0.536367
-0.441337
-0.476527
-0.508153
-0.531744
-0.545341
-0.548944
-0.545468
-0.539929
-0.448799
-0.489146
-0.524537
-0.549515
-0.562685
-0.563535
-0.55602
-0.546527
-0.456933
-0.503489
-0.543543
-0.569757
-0.582989
-0.580335
-0.568748
-0.553413
-0.465162
-0.517806
-0.563674
-0.594982
-0.603881
-0.597187
-0.579719
-0.556331
-0.472086
-0.530561
-0.580996
-0.612358
-0.620263
-0.608828
-0.583784
-0.550829
-0.476229
-0.538715
-0.59179
-0.622315
-0.62691
-0.609248
-0.575826
-0.533565
-0.476295
-0.539268
-0.591798
-0.618916
-0.61825
-0.593851
-0.552733
-0.504114
-0.471615
-0.529896
-0.577483
-0.598326
-0.59056
-0.560276
-0.514643
-0.463506
-0.462423
-0.50942
-0.544662
-0.555574
-0.541535
-0.508512
-0.463784
-0.416254
-0.449969
-0.480165
-0.500229
-0.497939
-0.478126
-0.447437
-0.408396
-0.366252
-0.436586
-0.441271
-0.434082
-0.421671
-0.400788
-0.375785
-0.347157
-0.315117
-0.432079
-0.394931
-0.351389
-0.311834
-0.290122
-0.277714
-0.267072
-0.261696
-0.45648
-0.366839
-0.275577
-0.199466
-0.16399
-0.16638
-0.175167
-0.198779
-0.479976
-0.359641
-0.23793
-0.141381
-0.07739
-0.0750376
-0.0879097
-0.121354
-0.419508
-0.304065
-0.185373
-0.0779631
0.00209401
0.0248298
0.000633844
-0.0444927
-0.304898
-0.24001
-0.176645
-0.0870253
0.0362203
0.107753
0.113324
0.0503184
-0.228164
-0.21629
-0.194811
-0.141154
-0.0395355
0.0641356
0.133155
0.123201
-0.1974
-0.203831
-0.194454
-0.168127
-0.117923
-0.0532103
0.0175135
0.068927
-0.216332
-0.227428
-0.225281
-0.222037
-0.210271
-0.175591
-0.13169
-0.055909
-0.257668
-0.280062
-0.287125
-0.286878
-0.279162
-0.240628
-0.232152
-0.128095
-0.249757
-0.269211
-0.274005
-0.268777
-0.256391
-0.22915
-0.210313
-0.158342
-0.177224
-0.189783
-0.1959
-0.194687
-0.186531
-0.170994
-0.160192
-0.134054
-0.127489
-0.128354
-0.127358
-0.1262
-0.123786
-0.118848
-0.115288
-0.103742
-0.107417
-0.10618
-0.103879
-0.101609
-0.0979593
-0.0929605
-0.0893423
-0.0850398
-0.0774396
-0.0804088
-0.0842315
-0.0849147
-0.0809093
-0.0750686
-0.0695809
-0.0641626
-0.0498521
-0.0518761
-0.0588507
-0.0675803
-0.0748918
-0.0774889
-0.0730698
-0.0620073
-0.0514191
-0.0556471
-0.0642475
-0.0751967
-0.0848631
-0.0898001
-0.0912187
-0.0875819
-0.0710565
-0.0735807
-0.0793199
-0.0872438
-0.0957671
-0.102425
-0.100975
-0.111284
-0.079358
-0.0787734
-0.0800463
-0.0828653
-0.0853023
-0.0889004
-0.0877023
-0.0885932
-0.0591374
-0.0564664
-0.0555163
-0.0561033
-0.056881
-0.0579816
-0.0576002
-0.0580113
-0.0209456
-0.0225369
-0.0255717
-0.0297004
-0.0340371
-0.0378563
-0.0411494
-0.0431544
-0.0111552
-0.0142609
-0.0189644
-0.024175
-0.0294046
-0.0334805
-0.036912
-0.0382386
-0.0201143
-0.0202392
-0.0214288
-0.0230069
-0.024754
-0.0262255
-0.0278389
-0.0279519
-0.0310231
-0.0254825
-0.020876
-0.0174215
-0.0150904
-0.0136976
-0.0133285
-0.0125357
-0.0557762
-0.0437227
-0.032338
-0.0225708
-0.0145526
-0.00843764
-0.00419675
-0.000634287
-0.0830496
-0.0682993
-0.0541504
-0.0414458
-0.0301987
-0.0206344
-0.0117928
-0.00434778
-0.0900553
-0.0806557
-0.0718148
-0.0636897
-0.0562613
-0.0491192
-0.041953
-0.0348523
-0.0809288
-0.0763236
-0.0723677
-0.0690138
-0.0661815
-0.0637828
-0.061906
-0.0604035
-0.0538964
-0.0531518
-0.0533435
-0.0544394
-0.0563289
-0.0588364
-0.0618828
-0.0652843
-0.0304387
-0.03104
-0.0323183
-0.0342517
-0.0367466
-0.0397975
-0.0432895
-0.0472621
-0.0148522
-0.0157893
-0.017173
-0.0189005
-0.0208797
-0.0231244
-0.0255259
-0.0283366
-0.00279413
-0.00375763
-0.00504385
-0.00654501
-0.00817406
-0.00993084
-0.011743
-0.0137439
0.00140309
0.000779266
-1.23537e-05
-0.00092222
-0.0019161
-0.00299893
-0.00406084
-0.00528179
0.00185146
0.00153107
0.00115679
0.000729048
0.000244639
-0.000300595
-0.000870742
-0.00152054
0.00266136
0.00231081
0.00192828
0.00152198
0.00109263
0.000638351
0.000162619
-0.000343859
0.00234708
0.00209151
0.00181889
0.00153076
0.00122609
0.000903714
0.000563868
0.00020527
0.00135097
0.0012335
0.0011074
0.000970162
0.000820294
0.000657458
0.000481986
0.000294135
0.000603172
0.000550158
0.000494984
0.00043467
0.000367193
0.0002914
0.000206489
0.00011188
0.000160275
0.000149248
0.000137814
0.000124049
0.000106788
8.54684e-05
5.97894e-05
2.95022e-05
-0.231893
-0.181087
-0.145646
-0.11488
-0.0907599
-0.0720321
-0.0561696
-0.0435596
-0.0335823
-0.0254116
-0.0187537
-0.0133611
-0.00896035
-0.00540798
-0.00252784
-0.000216925
0.00164231
0.00309043
0.00423704
0.00511482
0.00571246
0.00609187
0.0062829
-0.189129
-0.149941
-0.128145
-0.104758
-0.0861524
-0.0698686
-0.055907
-0.0444335
-0.0347848
-0.0266979
-0.01997
-0.0144183
-0.0098413
-0.00611877
-0.0030736
-0.000635878
0.0013236
0.00285153
0.0040495
0.00497481
0.00558991
0.00598446
0.00617799
-0.116844
-0.0921773
-0.0886064
-0.0776917
-0.0691266
-0.0591901
-0.049901
-0.0411129
-0.0330177
-0.0258437
-0.0196199
-0.0143281
-0.00989485
-0.00622908
-0.00320122
-0.000768932
0.00119529
0.00273171
0.00393267
0.00487344
0.0054832
0.00588014
0.00606991
-0.0451035
-0.0358766
-0.0460121
-0.0461753
-0.0476889
-0.0445055
-0.0403296
-0.0348347
-0.0289876
-0.0232741
-0.0179789
-0.0132802
-0.00923998
-0.00581704
-0.00296346
-0.000647999
0.00123585
0.00271614
0.00387487
0.00480215
0.00539094
0.00577778
0.00595981
0.0386313
0.021106
-0.006794
-0.0174343
-0.0273581
-0.0300295
-0.030168
-0.0276517
-0.0239989
-0.0198044
-0.0155921
-0.011658
-0.00813833
-0.00507725
-0.00249258
-0.000361798
0.00138663
0.00277084
0.00385922
0.00475349
0.0053118
0.00568091
0.00585228
0.111467
0.0629385
0.0270651
0.0047752
-0.0110287
-0.0182569
-0.0212871
-0.0210719
-0.0191178
-0.0161972
-0.012972
-0.00978955
-0.00681036
-0.0041647
-0.00188631
2.40101e-05
0.00160497
0.00287029
0.0038726
0.00471744
0.00523928
0.00558636
0.00574631
0.0880849
0.0578224
0.0328816
0.0128505
-0.00199343
-0.0103633
-0.014489
-0.0153735
-0.0145811
-0.0126448
-0.0102949
-0.00779991
-0.00536472
-0.00315209
-0.00119289
0.000476376
0.00187355
0.00300596
0.00391039
0.00469837
0.0051784
0.0054991
0.00564452
-0.0187805
-0.00124461
0.0035021
0.000585057
-0.00411512
-0.00826503
-0.0106025
-0.0111916
-0.0107356
-0.00940471
-0.0076839
-0.00577527
-0.00385744
-0.00206649
-0.000432851
0.000982215
0.00218445
0.00317332
0.00397064
0.00469574
0.00512119
0.0054143
0.00554342
-0.0897593
-0.0502536
-0.0273996
-0.017137
-0.0116869
-0.0103625
-0.00909241
-0.00854089
-0.00767851
-0.00653421
-0.00524003
-0.0038118
-0.00235911
-0.000962738
0.000353738
0.00151664
0.00252008
0.00336054
0.00405039
0.00470844
0.00507349
0.00533489
0.00544508
-0.115817
-0.0709357
-0.0443428
-0.0272544
-0.0169099
-0.0113453
-0.0077988
-0.00618187
-0.00480925
-0.00375089
-0.00282612
-0.0018439
-0.000837793
0.000175493
0.00116796
0.00207974
0.00287786
0.00357004
0.00415246
0.00473179
0.0050287
0.00525542
0.00534581
-0.102786
-0.0660729
-0.0458679
-0.0270148
-0.0173747
-0.0095214
-0.0054127
-0.00324673
-0.00165711
-0.00092704
-0.000379827
0.000173147
0.000738347
0.0013673
0.00203391
0.00268732
0.00328974
0.00382175
0.00427469
0.00477395
0.00499867
0.00518122
0.005249
-0.0814191
-0.0565334
-0.0396499
-0.022685
-0.0141515
-0.00569762
-0.00225708
0.000161878
0.001605
0.00197913
0.00220348
0.00229738
0.00241036
0.00265108
0.00298838
0.00337239
0.00375952
0.00412078
0.00443757
0.00482989
0.00497677
0.00511002
0.00515126
-0.0683933
-0.0509418
-0.0357648
-0.0176134
-0.00908863
0.00109608
0.00333131
0.00585695
0.00599483
0.005634
0.00519548
0.00463632
0.00424183
0.00405917
0.00404311
0.00414201
0.00429038
0.004467
0.00463261
0.00491321
0.00496526
0.00504379
0.00505636
-0.0537845
-0.0375258
-0.0242954
-0.00753395
0.000379585
0.00969822
0.0105508
0.0124661
0.0108621
0.00956834
0.00815864
0.00690924
0.00603404
0.00545816
0.00511858
0.00493366
0.00483777
0.00481891
0.00482153
0.00498954
0.00495126
0.00497352
0.00495652
-0.0508026
-0.0326208
-0.0120645
0.00431907
0.0146566
0.0196567
0.0185652
0.0173374
0.014448
0.0126936
0.0107075
0.00901919
0.00771694
0.00678614
0.00615357
0.00570569
0.00537826
0.00516132
0.00500122
0.00505364
0.00493042
0.00489636
0.0048535
-0.0725962
-0.0556771
-0.0208451
0.00765197
0.0304942
0.0350865
0.0309314
0.0246864
0.0191697
0.0156282
0.0128777
0.0108046
0.0091957
0.00801518
0.00712941
0.00644165
0.00589417
0.00547401
0.00514964
0.00508721
0.00489941
0.00480619
0.00473683
-0.0781876
-0.0878437
-0.0340446
0.00162551
0.0292889
0.0361373
0.0341025
0.0282923
0.0223662
0.0177842
0.0143771
0.0119884
0.010298
0.00904747
0.00803575
0.00717644
0.00642486
0.00580282
0.00531361
0.00513285
0.00486723
0.00471104
0.00461247
-0.0760016
-0.0631895
-0.0374227
-0.0117775
0.00751437
0.0155566
0.0185184
0.0180705
0.0167768
0.0155611
0.0141505
0.0125657
0.0111075
0.00989208
0.00884541
0.00784289
0.00692129
0.00610303
0.00544653
0.00516838
0.00481932
0.00459864
0.00446941
-0.0544926
-0.0441521
-0.0289935
-0.0163537
-0.00757458
-0.00184034
0.00281404
0.0043975
0.00652311
0.00900765
0.0109399
0.0115593
0.0112354
0.0105178
0.00958792
0.00847738
0.00739212
0.00639254
0.00559808
0.00518819
0.00474997
0.00446327
0.00430886
-0.0455544
-0.0397731
-0.0312887
-0.0216623
-0.012874
-0.00634315
-0.00321905
-0.00204608
-0.00132004
0.00273718
0.00768989
0.0103245
0.0112319
0.0110327
0.0102119
0.0090056
0.0077736
0.00662181
0.00570333
0.00515737
0.00462841
0.00429069
0.00411539
-0.0430941
-0.0396785
-0.0339386
-0.0241075
-0.0149753
-0.00644177
-0.00494392
-0.00454185
-0.00377662
0.00088428
0.00683107
0.0106963
0.0118943
0.0117826
0.0108641
0.00946481
0.00805213
0.00673811
0.00571852
0.00505861
0.00445472
0.00407515
0.00388794
-0.0295646
-0.0268825
-0.0227364
-0.0155134
-0.00887316
-0.00125803
-0.00139519
3.45441e-05
-0.000861039
0.00520655
0.0105048
0.0135205
0.0139426
0.0131851
0.0117064
0.00991404
0.00821474
0.00672777
0.00560669
0.00487924
0.00420433
0.00380963
0.00361466
-0.0103676
-0.00670458
-0.00337683
0.00126761
0.00453087
0.00669545
0.00412923
-0.00110279
-0.00589084
-0.00167756
0.00983842
0.0169466
0.0178718
0.0156682
0.012905
0.010312
0.00817775
0.00644281
0.00522885
0.00448076
0.00384712
0.00346903
0.00329578
0.00439524
0.0110448
0.0171225
0.0231939
0.0274459
0.0272774
0.0230938
0.00896503
-0.0121955
-0.0170538
9.22467e-05
0.0168564
0.0206029
0.0178699
0.0139906
0.0105745
0.00791768
0.00593916
0.00463688
0.0039248
0.00334228
0.00304946
0.0029106
0.00612817
0.00830601
0.0208755
0.0276104
0.0327914
0.0320991
0.0263752
0.009714
-0.01836
-0.0256704
-0.00110092
0.0189027
0.023408
0.0193866
0.0142451
0.0100546
0.00704201
0.0049707
0.00370962
0.00310021
0.00271372
0.00255451
0.00247505
-0.0250008
-0.0196676
-0.0146419
-0.0125812
-0.0138101
-0.0201674
-0.0298917
-0.0426162
-0.0531657
-0.0458124
-0.0163264
0.0064929
0.0146214
0.0137764
0.0104724
0.00728135
0.00485437
0.00322354
0.00223594
0.00203026
0.00194616
0.00196398
0.00198847
-0.0585188
-0.0594374
-0.0628072
-0.0696738
-0.0803307
-0.0943577
-0.108949
-0.117026
-0.11198
-0.089095
-0.0533847
-0.0241346
-0.00746
-0.000661988
0.00137216
0.00147221
0.000985418
0.000596105
0.000369536
0.000700514
0.00103438
0.0013362
0.0014753
-0.070201
-0.0773788
-0.0868335
-0.0995229
-0.114973
-0.131846
-0.146606
-0.151508
-0.140899
-0.113845
-0.0772484
-0.0460414
-0.0255002
-0.0142692
-0.00840301
-0.00550912
-0.00380486
-0.00281179
-0.00206135
-0.000990321
4.26195e-05
0.000697391
0.000970623
-0.0527944
-0.0589912
-0.0668287
-0.076286
-0.0869673
-0.0983315
-0.107206
-0.109424
-0.10228
-0.0852624
-0.0634543
-0.0439305
-0.0295526
-0.0201591
-0.014074
-0.0101292
-0.00758151
-0.00556227
-0.00436483
-0.00239602
-0.000788949
0.000137148
0.000524596
-0.0318221
-0.0352649
-0.0395253
-0.0442255
-0.0491758
-0.0538238
-0.0570514
-0.0575504
-0.0545828
-0.0480862
-0.0399893
-0.0319644
-0.0250796
-0.0195339
-0.0151763
-0.0118363
-0.00923006
-0.00703823
-0.0053636
-0.00316126
-0.00124485
-0.00019394
0.000224904
-0.016223
-0.0186042
-0.0215123
-0.0241826
-0.0267457
-0.028923
-0.0302741
-0.0304437
-0.0293957
-0.0271136
-0.0243804
-0.0214955
-0.0187327
-0.0160661
-0.0135818
-0.0113461
-0.00934057
-0.00730944
-0.00557582
-0.00318237
-0.00134439
-0.000383418
1.47344e-05
-0.00668561
-0.00833909
-0.0101653
-0.0119753
-0.0137249
-0.0153129
-0.0164918
-0.0171708
-0.0172855
-0.0167761
-0.0159563
-0.0148799
-0.0137134
-0.0124587
-0.011131
-0.00980046
-0.00846974
-0.00678804
-0.00534517
-0.00290313
-0.00141148
-0.000549367
-0.000221435
-0.00231444
-0.00332232
-0.00446073
-0.0056718
-0.00690723
-0.00814782
-0.00923359
-0.0101324
-0.0107698
-0.0110571
-0.0111331
-0.0109273
-0.0105512
-0.0100346
-0.00931801
-0.00862195
-0.00773454
-0.0065429
-0.0053952
-0.00296365
-0.00158857
-0.00079676
-0.000493221
-0.00100974
-0.00183345
-0.00273792
-0.0036973
-0.00467181
-0.00564762
-0.00653809
-0.00732492
-0.00796605
-0.00841104
-0.00871396
-0.00883915
-0.00879409
-0.00865748
-0.00824893
-0.00793793
-0.00732655
-0.00658332
-0.0056539
-0.00320997
-0.00181773
-0.00104369
-0.000741809
-0.000261226
-0.000848156
-0.00150033
-0.00219992
-0.00292583
-0.00366533
-0.00437066
-0.00502946
-0.00560188
-0.00606062
-0.0064183
-0.00664906
-0.00674738
-0.00677599
-0.00662965
-0.00647725
-0.00616445
-0.00556612
-0.00520342
-0.00274644
-0.00185899
-0.00112347
-0.000849682
4.89318e-05
-0.000272167
-0.000638252
-0.00104336
-0.00148236
-0.00194957
-0.002422
-0.0028969
-0.00334356
-0.00373836
-0.00408533
-0.00435024
-0.00453007
-0.00463873
-0.0046485
-0.00455193
-0.00444556
-0.00396871
-0.00371014
-0.00209879
-0.00152003
-0.00093145
-0.000781855
-1.53088e-05
-0.00018328
-0.000374625
-0.000588566
-0.000823837
-0.00107874
-0.00134088
-0.00161556
-0.00188239
-0.0021305
-0.00235792
-0.00254449
-0.00269057
-0.00275886
-0.00282942
-0.00269991
-0.00272624
-0.00227578
-0.00220374
-0.00120439
-0.000987016
-0.000580546
-0.00053396
-1.20605e-05
-6.47017e-05
-0.000126001
-0.000194433
-0.000269332
-0.000352872
-0.000433537
-0.000525926
-0.000607827
-0.000691196
-0.000769091
-0.000818856
-0.000895212
-0.000874139
-0.000964108
-0.000832465
-0.000940336
-0.00066354
-0.000756072
-0.000341244
-0.000357399
-0.000171523
-0.000181085
-0.160549
-0.133773
-0.109079
-0.0889975
-0.0718229
-0.0579315
-0.0460536
-0.03623
-0.028179
-0.0214409
-0.0158226
-0.0111865
-0.00729728
-0.00409205
-0.00144183
0.000699571
0.00243878
0.00379744
0.00488691
0.00574357
0.00634471
0.00672968
0.00690353
-0.172938
-0.141383
-0.113521
-0.091408
-0.0734298
-0.0587592
-0.0462508
-0.036144
-0.0279704
-0.0211682
-0.0155663
-0.0109682
-0.00714378
-0.0039971
-0.00140196
0.000695152
0.00240007
0.0037433
0.0048152
0.00564963
0.00624258
0.00663224
0.00682205
-0.185101
-0.148415
-0.116859
-0.0931622
-0.0746803
-0.0593104
-0.0462487
-0.0360538
-0.0277685
-0.0208918
-0.0153017
-0.0107362
-0.0069713
-0.0038846
-0.00134423
0.000705361
0.00237794
0.003701
0.00475744
0.00557266
0.00615429
0.00653629
0.00673294
-0.195688
-0.154538
-0.120561
-0.0963867
-0.0771029
-0.0603094
-0.0466404
-0.0363673
-0.0278177
-0.0208018
-0.0151738
-0.0105951
-0.00685763
-0.0038051
-0.0013037
0.000706666
0.00235635
0.0036594
0.00470491
0.00550675
0.00607991
0.00644886
0.00664472
-0.206555
-0.159163
-0.123295
-0.0991582
-0.0787424
-0.0606986
-0.0471747
-0.0368485
-0.0279816
-0.0208795
-0.0152035
-0.0105851
-0.00684094
-0.00378651
-0.0013043
0.000685317
0.00232373
0.00361139
0.00465116
0.00544633
0.00601463
0.00637222
0.00656393
-0.212529
-0.161722
-0.128178
-0.103295
-0.080554
-0.0615955
-0.0484672
-0.0375985
-0.0283694
-0.021193
-0.0154218
-0.010735
-0.00694512
-0.00385759
-0.00137075
0.000625928
0.00226704
0.00355042
0.0045906
0.00538492
0.00595203
0.00630386
0.00649191
-0.218951
-0.164771
-0.132139
-0.105502
-0.0812478
-0.0631004
-0.050063
-0.0384103
-0.0290987
-0.0218388
-0.0159146
-0.0111175
-0.00723083
-0.00407524
-0.00154218
0.000498429
0.00216461
0.00346391
0.00451596
0.00531876
0.00588725
0.00624032
0.00642672
-0.221537
-0.172689
-0.139414
-0.109674
-0.0847286
-0.0669946
-0.0525985
-0.0402866
-0.0307981
-0.023197
-0.0169858
-0.011967
-0.0078829
-0.00457852
-0.00191547
0.000229938
0.00196773
0.00332137
0.00440725
0.0052361
0.0058144
0.00617642
0.00636385
0.0172421
-0.00953249
-0.0356588
-0.0625844
-0.089891
-0.116073
-0.140622
-0.164034
0.0194537
-0.010072
-0.0392695
-0.0695181
-0.100069
-0.129419
-0.156527
-0.180696
0.0209245
-0.0130069
-0.0465242
-0.080189
-0.113205
-0.144473
-0.173003
-0.198809
0.0209702
-0.0177239
-0.0555763
-0.0924312
-0.127737
-0.160858
-0.191206
-0.218985
0.0190563
-0.024081
-0.0660263
-0.10617
-0.144116
-0.179498
-0.211971
-0.241677
0.0151509
-0.0324009
-0.0785171
-0.122316
-0.16336
-0.201312
-0.235896
-0.267314
0.00912729
-0.0432828
-0.0939624
-0.141838
-0.186303
-0.226968
-0.263581
-0.296445
0.000392254
-0.0575983
-0.113385
-0.165743
-0.213846
-0.25722
-0.295817
-0.329814
-0.0121153
-0.0765273
-0.138042
-0.195327
-0.247326
-0.293448
-0.333743
-0.368387
-0.0298991
-0.101665
-0.169608
-0.232278
-0.288529
-0.337341
-0.378937
-0.413487
-0.055023
-0.135214
-0.210455
-0.27893
-0.339233
-0.391099
-0.433364
-0.466643
-0.0903728
-0.180009
-0.263574
-0.338994
-0.40395
-0.457329
-0.498602
-0.528624
-0.140709
-0.24074
-0.332205
-0.414414
-0.482837
-0.535964
-0.573746
-0.596932
-0.209494
-0.322215
-0.424454
-0.508154
-0.573668
-0.620895
-0.649352
-0.659858
-0.272551
-0.390143
-0.490107
-0.570805
-0.630983
-0.670509
-0.69077
-0.694294
0.185276
0.178496
0.167485
0.152259
0.132908
0.109695
0.0833735
0.0524283
0.199918
0.191904
0.178925
0.161175
0.139045
0.112578
0.0834829
0.0514859
0.216326
0.207273
0.192662
0.172829
0.148488
0.11965
0.0882906
0.0554096
0.234874
0.224956
0.208937
0.187159
0.160621
0.129435
0.0951027
0.0592794
0.255578
0.244781
0.227265
0.203311
0.174069
0.139914
0.101765
0.0616383
0.278321
0.266481
0.247164
0.220607
0.187993
0.150093
0.107499
0.0623767
0.303009
0.289922
0.268413
0.238769
0.20213
0.159716
0.112143
0.0615661
0.329596
0.315055
0.290937
0.25768
0.216376
0.168662
0.115446
0.0588108
0.358
0.341788
0.314598
0.277107
0.230429
0.176525
0.116746
0.0531956
0.38796
0.369813
0.339006
0.29651
0.243577
0.182423
0.114922
0.043357
0.418887
0.398465
0.363376
0.314905
0.254588
0.184897
0.10828
0.0273741
0.449608
0.426476
0.386286
0.330648
0.261542
0.181752
0.0943436
0.00249122
0.478133
0.451714
0.405362
0.341012
0.261322
0.169471
0.0692328
-0.0356028
0.5005
0.470251
0.416804
0.342194
0.249907
0.143816
0.0286968
-0.0908615
0.518861
0.484844
0.42471
0.341097
0.237286
0.117608
-0.011598
-0.144146
0.0227647
0.022726
0.0226975
0.0226778
0.022666
0.022659
0.0226608
0.0226617
0.0279198
0.027852
0.0277598
0.0276452
0.0275115
0.027362
0.0271995
0.0270319
0.0237555
0.023725
0.0237106
0.02371
0.0237204
0.0237392
0.0237631
0.0237843
0.027892
0.0278014
0.0276828
0.02754
0.0273775
0.0272
0.0270159
0.0268328
0.0255979
0.0255669
0.0255612
0.0255753
0.0256056
0.0256476
0.0256923
0.0257441
0.0297106
0.0295822
0.0294231
0.0292377
0.0290319
0.0288182
0.0285972
0.0284036
0.028244
0.0281811
0.0281483
0.0281602
0.0281903
0.0282397
0.0282668
0.0283635
0.0326382
0.0324747
0.0322741
0.0320581
0.0318102
0.031587
0.0313103
0.0311339
0.0320985
0.031975
0.0318906
0.0318452
0.0318031
0.031795
0.0317673
0.0318147
0.036631
0.0364243
0.0361293
0.0360622
0.0357158
0.0354894
0.0352583
0.0350774
0.0376144
0.0374065
0.0372282
0.0370669
0.036915
0.0367911
0.0366379
0.0365889
0.0424741
0.0421053
0.041857
0.0415325
0.0411352
0.0408868
0.0404423
0.0403686
0.0451114
0.0447621
0.0444209
0.0441113
0.0437845
0.0435367
0.0431711
0.0431023
0.0508345
0.0503635
0.049844
0.0494464
0.0487735
0.0485415
0.0477269
0.0478136
0.0556806
0.0551284
0.0546756
0.0540472
0.0532517
0.0529691
0.0519154
0.0519188
0.0631256
0.0624625
0.0616536
0.0610734
0.0597759
0.0595097
0.0575076
0.0577944
0.0706846
0.0696976
0.0688017
0.0676902
0.0661408
0.0651272
0.0630821
0.0619964
0.0809276
0.0798912
0.0784785
0.0773029
0.0749922
0.0734443
0.0701343
0.0684712
0.0921594
0.0907404
0.0886103
0.0862568
0.0829098
0.0797682
0.0754785
0.0716377
0.1064
0.104626
0.101836
0.0986333
0.0941311
0.0895456
0.0831447
0.0771352
0.12254
0.119806
0.115579
0.110335
0.10358
0.0957797
0.0867125
0.0760325
0.142296
0.13875
0.133251
0.126036
0.116619
0.10553
0.0918037
0.0768346
0.164859
0.159778
0.151674
0.140538
0.12606
0.108728
0.0884455
0.0648484
0.0226545
0.0226529
0.0226733
0.0227157
0.022782
0.0228764
0.022994
0.0230807
0.0231059
0.023038
0.022861
0.0225647
0.0221519
0.0216354
0.021042
0.0204052
0.0197483
0.019108
0.0184949
0.0179268
0.017447
0.01707
0.0168482
0.0268066
0.0264962
0.0261095
0.0256392
0.0250726
0.0244018
0.0237038
0.0230484
0.0224492
0.0219278
0.0214863
0.0211149
0.0207899
0.0204736
0.0201065
0.0196641
0.0191598
0.0186
0.0180487
0.0175357
0.0170934
0.0167541
0.0165584
0.0238262
0.023887
0.0239614
0.0240516
0.0241535
0.0242093
0.0241291
0.0238977
0.0235492
0.0230793
0.0224982
0.0218381
0.0211397
0.020455
0.0198098
0.0192035
0.0186284
0.0180638
0.0175259
0.017025
0.0165845
0.0162694
0.0160901
0.0265678
0.0261837
0.0257367
0.0252317
0.0246876
0.0242167
0.0238259
0.0234759
0.0231349
0.0227765
0.0223736
0.0218919
0.021299
0.0206041
0.019861
0.0191273
0.0184305
0.0177958
0.017204
0.0166636
0.0162149
0.0158805
0.015687
0.0257958
0.025791
0.0258076
0.0258027
0.0256963
0.025454
0.0251077
0.0246496
0.0240842
0.0234325
0.0227351
0.0220251
0.0213158
0.0206004
0.019856
0.0190857
0.0183142
0.0175767
0.0168997
0.0163133
0.0158287
0.0154744
0.0152781
0.0280527
0.0275735
0.0270094
0.0264363
0.0259302
0.025459
0.0249934
0.0245146
0.0239998
0.0234227
0.022763
0.0220019
0.0211784
0.0203276
0.0194745
0.0186271
0.0178023
0.0170212
0.0163276
0.0157551
0.0152812
0.0149467
0.0147741
0.0283261
0.0282437
0.0281263
0.0278903
0.0275148
0.0269973
0.0263373
0.0255498
0.0246648
0.023721
0.0227419
0.0217322
0.0206954
0.019648
0.0186324
0.0176831
0.0168245
0.0160784
0.0154462
0.0149498
0.0145656
0.0142885
0.0141516
0.0307139
0.0300581
0.029326
0.028673
0.0279798
0.0272523
0.0264892
0.0256506
0.0247133
0.0236623
0.0225145
0.0213174
0.0201223
0.0189587
0.0178582
0.016854
0.0159738
0.0152395
0.0146336
0.0141515
0.0138093
0.0135738
0.0134564
0.0316733
0.0313353
0.0308803
0.0302902
0.0295113
0.0285734
0.0274811
0.0262704
0.0249862
0.0236582
0.0223082
0.0209651
0.0196656
0.0184412
0.0173169
0.016305
0.0154239
0.0146784
0.0140628
0.0135598
0.0132031
0.0129784
0.0128575
0.0345158
0.0335852
0.032581
0.0315256
0.0304122
0.0292319
0.0279533
0.0265623
0.0250682
0.0235097
0.0219435
0.0204265
0.0190062
0.0177185
0.0165846
0.0156049
0.0147773
0.0140964
0.0135451
0.0131002
0.0127702
0.012542
0.0124191
0.0362896
0.0354439
0.0345084
0.0333736
0.0319908
0.0303975
0.0286458
0.0267988
0.0249021
0.0230023
0.0211534
0.0194137
0.017838
0.0164651
0.0153137
0.0143826
0.0136494
0.0130918
0.0126785
0.012389
0.0121818
0.0120225
0.0119545
0.0397714
0.0378461
0.0365487
0.0347479
0.0328688
0.0308284
0.0286492
0.026374
0.0240845
0.0218758
0.0198149
0.017951
0.0163186
0.0149387
0.0138188
0.0129594
0.01233
0.0118934
0.0116003
0.0114335
0.0113458
0.0112971
0.0113109
0.0423853
0.040588
0.0388072
0.0366084
0.0341376
0.0314803
0.0287334
0.0259782
0.0232991
0.0207895
0.0185302
0.0165782
0.0149499
0.0136387
0.0126182
0.0118666
0.0113424
0.0110084
0.010791
0.0106694
0.0106174
0.010598
0.0106197
0.046423
0.0434921
0.040981
0.0379831
0.0348805
0.0316068
0.028285
0.0250491
0.0220196
0.0192976
0.0169506
0.0150207
0.013504
0.0123697
0.0115529
0.010993
0.0106274
0.0104173
0.0102914
0.0102254
0.0101911
0.0101509
0.0101196
0.0500548
0.0467066
0.0432199
0.0392617
0.0351354
0.0309885
0.0269998
0.0233003
0.0200082
0.0171974
0.0148949
0.0131011
0.0117814
0.0108856
0.0103267
0.0100116
0.00985236
0.00980785
0.00982314
0.00987842
0.00991673
0.00990721
0.00986344
0.0541527
0.0493936
0.0445915
0.0395582
0.034516
0.0295784
0.0249919
0.0209186
0.01746
0.0146541
0.0124887
0.0109098
0.00983759
0.00918962
0.00887125
0.0087881
0.00883934
0.00897495
0.00915808
0.0093753
0.00954917
0.00965422
0.00968734
0.0579381
0.0520446
0.0457938
0.0393289
0.0331176
0.0273745
0.0222981
0.01799
0.0144922
0.0118027
0.00986312
0.00857236
0.00780394
0.00743272
0.00735323
0.00748272
0.00772772
0.00803314
0.00836931
0.00871543
0.00901501
0.0092567
0.00940395
0.0617275
0.0533453
0.0451858
0.0373383
0.0301298
0.0238155
0.0185266
0.0142741
0.0110125
0.00866348
0.00711065
0.00621651
0.00582715
0.00578984
0.00598395
0.00633056
0.00675517
0.00721308
0.007669
0.00808938
0.00845031
0.00876966
0.00898347
0.0637648
0.0535052
0.0433297
0.0339921
0.0259004
0.0192106
0.0139078
0.00989175
0.00704709
0.00521664
0.00420433
0.00382269
0.00389357
0.00425446
0.00477816
0.00538051
0.00599975
0.00661006
0.00716945
0.00764086
0.00801365
0.0083334
0.00853392
0.0647884
0.0504899
0.0384121
0.0281434
0.0197503
0.013196
0.00829453
0.00483466
0.00264595
0.0015045
0.00115575
0.00137088
0.00195509
0.00274817
0.00363249
0.00452302
0.00536099
0.00613683
0.00680984
0.00735286
0.00774736
0.00804585
0.00818898
0.0609723
0.0448822
0.0314083
0.0204884
0.0122038
0.00614393
0.00192308
-0.000740228
-0.00208464
-0.00241285
-0.0020236
-0.00117013
-5.10763e-05
0.00118043
0.00242766
0.00361727
0.00469227
0.00564532
0.00645316
0.00710224
0.00756776
0.00789147
0.00799965
0.0527124
0.0338156
0.0204536
0.0101621
0.00280209
-0.00227786
-0.00544945
-0.00699429
-0.00725187
-0.00660626
-0.00538442
-0.00384148
-0.00216143
-0.000482809
0.00112256
0.00260701
0.00392321
0.00505739
0.00601361
0.00679037
0.00737162
0.00778595
0.00791805
0.0343855
0.0192035
0.00676583
-0.00221589
-0.0082167
-0.0120461
-0.0139082
-0.014075
-0.013039
-0.01126
-0.00908821
-0.0067717
-0.0044677
-0.0022944
-0.000304386
0.00148674
0.00305265
0.00437743
0.00548558
0.00639242
0.00710194
0.0076476
0.00785608
0.0135644
0.00279635
-0.00683104
-0.0141269
-0.019035
-0.0216646
-0.022173
-0.0209659
-0.0186477
-0.0157407
-0.0126176
-0.00952423
-0.0065936
-0.00392041
-0.00154988
0.000529585
0.00231958
0.00381461
0.00504548
0.00604433
0.00683402
0.00746902
0.0077612
-0.010549
-0.0196692
-0.0246427
-0.0284928
-0.0306427
-0.0307032
-0.0289883
-0.0260316
-0.0223832
-0.0184804
-0.0146135
-0.010969
-0.00762934
-0.00465285
-0.00206911
0.000152576
0.00204001
0.00359883
0.00486851
0.00588394
0.00667369
0.00730408
0.00763312
-0.0371697
-0.0455184
-0.0461379
-0.0454098
-0.0426846
-0.0386616
-0.0339185
-0.0289047
-0.023937
-0.019224
-0.0148775
-0.0109635
-0.00748332
-0.00444425
-0.00184601
0.000355282
0.00220158
0.00370955
0.00493356
0.00589788
0.00661753
0.00715832
0.00746632
-0.0609641
-0.0668294
-0.0626703
-0.0584141
-0.0518518
-0.0447251
-0.0376236
-0.0309596
-0.0249136
-0.0195316
-0.0147959
-0.0106804
-0.00711381
-0.00405744
-0.00147406
0.000682934
0.00246655
0.00390233
0.0050675
0.00597761
0.00661997
0.00705451
0.007306
-0.0838605
-0.0836068
-0.0740783
-0.0668182
-0.0577172
-0.0489322
-0.04052
-0.032834
-0.0260331
-0.0201183
-0.0150268
-0.0106955
-0.00700477
-0.0038917
-0.00128078
0.000870951
0.00262834
0.00401992
0.00514949
0.006033
0.00662888
0.00698884
0.00718046
-0.106111
-0.0987044
-0.0843149
-0.073873
-0.0623202
-0.0521426
-0.0427741
-0.034414
-0.0271217
-0.0208357
-0.0154686
-0.0109526
-0.00713262
-0.00394564
-0.00128654
0.000885532
0.0026487
0.00402558
0.00514306
0.00602357
0.006608
0.00694078
0.00709352
-0.127148
-0.112581
-0.0940058
-0.0800693
-0.0661594
-0.0546338
-0.0443882
-0.0354909
-0.027869
-0.0213547
-0.0158227
-0.0112037
-0.00729947
-0.00406409
-0.00137349
0.000811759
0.00258367
0.00395773
0.00507075
0.00595334
0.00654568
0.006888
0.0070306
-0.145245
-0.124188
-0.102674
-0.0854779
-0.0696267
-0.0567324
-0.0455471
-0.0361081
-0.0282184
-0.0215531
-0.0159366
-0.0112949
-0.00736274
-0.00412296
-0.00143657
0.000737502
0.00250179
0.00387123
0.0049755
0.00585047
0.00645158
0.00681779
0.00697185
)
;

boundaryField
{
    outlet
    {
        type            fixedValue;
        value           uniform 0;
    }
    upperWall
    {
        type            symmetryPlane;
    }
    lowerWall
    {
        type            symmetryPlane;
    }
    inlet
    {
        type            zeroGradient;
    }
    cylinder
    {
        type            zeroGradient;
    }
    frontAndBack
    {
        type            empty;
    }
}


// ************************************************************************* //
