/*--------------------------------*- C++ -*----------------------------------*\
| =========                 |                                                 |
| \\      /  F ield         | OpenFOAM: The Open Source CFD Toolbox           |
|  \\    /   O peration     | Version:  2312                                  |
|   \\  /    A nd           | Website:  www.openfoam.com                      |
|    \\/     M anipulation  |                                                 |
\*---------------------------------------------------------------------------*/
FoamFile
{
    version     2.0;
    format      ascii;
    arch        "LSB;label=32;scalar=64";
    class       volScalarField;
    location    "157.8";
    object      p;
}
// * * * * * * * * * * * * * * * * * * * * * * * * * * * * * * * * * * * * * //

dimensions      [0 2 -2 0 0 0 0];

internalField   nonuniform List<scalar> 
5478
(
-0.330976
-0.330907
-0.326862
-0.319482
-0.309783
-0.29881
-0.288144
-0.278991
-0.271777
-0.265842
-0.260119
-0.252414
-0.243205
-0.23068
-0.21579
-0.339373
-0.337809
-0.333644
-0.327033
-0.317877
-0.306328
-0.293374
-0.280255
-0.267613
-0.255495
-0.243429
-0.231377
-0.219087
-0.205352
-0.191042
-0.351575
-0.347588
-0.342118
-0.334861
-0.324486
-0.31043
-0.293888
-0.276551
-0.259644
-0.243677
-0.228775
-0.214429
-0.200031
-0.185402
-0.170782
-0.367576
-0.360653
-0.353008
-0.343553
-0.329569
-0.311201
-0.29062
-0.269923
-0.250267
-0.232049
-0.215008
-0.198946
-0.18371
-0.168987
-0.15509
-0.388792
-0.378065
-0.367816
-0.353602
-0.333387
-0.309559
-0.285069
-0.261618
-0.239903
-0.219993
-0.201805
-0.185055
-0.169241
-0.154453
-0.140272
-0.416334
-0.399978
-0.38562
-0.36351
-0.335209
-0.30559
-0.277386
-0.251548
-0.228205
-0.207203
-0.188187
-0.170837
-0.15499
-0.140356
-0.126468
-0.447696
-0.425579
-0.40257
-0.369912
-0.333229
-0.298176
-0.266606
-0.238655
-0.213974
-0.192112
-0.172708
-0.155407
-0.139799
-0.125692
-0.112371
-0.476017
-0.450021
-0.414202
-0.369619
-0.325246
-0.285521
-0.251134
-0.221535
-0.195956
-0.173746
-0.154358
-0.137373
-0.122515
-0.109355
-0.0973864
-0.430433
-0.43292
-0.434236
-0.436656
-0.440138
-0.444351
-0.448668
-0.452458
-0.455395
-0.457775
-0.460747
-0.466237
-0.475801
-0.49003
-0.506521
-0.404457
-0.40503
-0.403816
-0.402649
-0.401866
-0.401481
-0.401615
-0.402658
-0.405413
-0.411213
-0.421637
-0.437781
-0.46096
-0.490015
-0.518253
-0.384168
-0.383058
-0.38008
-0.376369
-0.372489
-0.368837
-0.366047
-0.365103
-0.3674
-0.374465
-0.387931
-0.408659
-0.435165
-0.468845
-0.498286
-0.36778
-0.365706
-0.361623
-0.35586
-0.349236
-0.34259
-0.336966
-0.333715
-0.334422
-0.3407
-0.353272
-0.373924
-0.398477
-0.430816
-0.457607
-0.353817
-0.351815
-0.347016
-0.339376
-0.329882
-0.320021
-0.31128
-0.305295
-0.303702
-0.308512
-0.319774
-0.340106
-0.363168
-0.391236
-0.413151
-0.341899
-0.34072
-0.335538
-0.326292
-0.31405
-0.301152
-0.289753
-0.282079
-0.280003
-0.285366
-0.296998
-0.315348
-0.334765
-0.353643
-0.364711
-0.332551
-0.332382
-0.327166
-0.31746
-0.303768
-0.290143
-0.278784
-0.271854
-0.270645
-0.275218
-0.284355
-0.296014
-0.306474
-0.313405
-0.311783
-0.328321
-0.328629
-0.323856
-0.315042
-0.302506
-0.290654
-0.280448
-0.273563
-0.270863
-0.271383
-0.274073
-0.275582
-0.274332
-0.269014
-0.260037
-0.553865
-0.593087
-0.501593
-0.350834
-0.235638
-0.187078
-0.179466
-0.20242
-0.197384
-0.162947
-0.149193
-0.140156
-0.116184
-0.107286
-0.120653
-0.146184
-0.143249
-0.126284
-0.108961
-0.124205
-0.137887
-0.141297
-0.119296
-0.137415
-0.140092
-0.166644
-0.158805
-0.163946
-0.113128
-0.0864871
-0.0336726
-0.0232504
-0.0178548
-0.012317
-0.00693807
-0.0043251
-0.00274996
-0.000960048
-0.573538
-0.611658
-0.522069
-0.365179
-0.238022
-0.17889
-0.154884
-0.159404
-0.143846
-0.138876
-0.143782
-0.138577
-0.116721
-0.109099
-0.12168
-0.144845
-0.140769
-0.128412
-0.11699
-0.134424
-0.149074
-0.143867
-0.106198
-0.12468
-0.125709
-0.166825
-0.18062
-0.173814
-0.103221
-0.0808497
-0.0362494
-0.0246423
-0.0172227
-0.0118601
-0.00703716
-0.0044014
-0.00272333
-0.000942749
-0.547431
-0.586693
-0.506427
-0.360015
-0.234695
-0.171803
-0.140806
-0.128691
-0.100639
-0.119065
-0.137555
-0.136361
-0.118999
-0.112326
-0.124009
-0.142585
-0.136897
-0.128414
-0.122954
-0.142904
-0.159442
-0.143927
-0.0913624
-0.111597
-0.111019
-0.162745
-0.197335
-0.179334
-0.0913211
-0.073648
-0.038268
-0.0257848
-0.0164808
-0.0113571
-0.00712171
-0.00447178
-0.002693
-0.000924253
-0.492085
-0.531724
-0.461775
-0.336375
-0.226226
-0.164738
-0.133893
-0.113531
-0.0803439
-0.104417
-0.133104
-0.137772
-0.12339
-0.11966
-0.128488
-0.139451
-0.131673
-0.125928
-0.126355
-0.149232
-0.168838
-0.143081
-0.076742
-0.098827
-0.0966171
-0.154374
-0.208681
-0.181948
-0.0789352
-0.0654092
-0.0395284
-0.0266366
-0.0156971
-0.0108314
-0.00718041
-0.00453172
-0.0026609
-0.000905503
-0.427121
-0.454697
-0.400972
-0.30514
-0.215986
-0.159118
-0.128506
-0.109271
-0.0812204
-0.105457
-0.131594
-0.13979
-0.128699
-0.129176
-0.133984
-0.136451
-0.125184
-0.120827
-0.126939
-0.152698
-0.17698
-0.140902
-0.0635777
-0.0864837
-0.082797
-0.142332
-0.215302
-0.181274
-0.0671014
-0.0564863
-0.0399284
-0.027124
-0.0149229
-0.0103082
-0.00720398
-0.00457643
-0.00262808
-0.000887183
-0.35832
-0.374023
-0.339041
-0.27341
-0.204789
-0.154761
-0.123722
-0.104586
-0.0889843
-0.0930049
-0.137621
-0.142983
-0.130733
-0.134013
-0.13511
-0.130927
-0.116836
-0.112752
-0.124925
-0.15288
-0.183321
-0.139312
-0.0533503
-0.074998
-0.0699442
-0.126971
-0.217514
-0.177878
-0.0569593
-0.0474989
-0.0395753
-0.0272682
-0.0142218
-0.00980492
-0.00718905
-0.00460433
-0.00259583
-0.000869961
-0.292992
-0.305133
-0.288957
-0.247799
-0.195628
-0.151045
-0.119866
-0.0987514
-0.0944361
-0.108339
-0.149387
-0.142252
-0.126671
-0.136655
-0.136991
-0.128767
-0.109702
-0.101946
-0.119806
-0.149919
-0.185533
-0.134783
-0.0462874
-0.0647856
-0.0587201
-0.107428
-0.216623
-0.170436
-0.049392
-0.0382771
-0.0384879
-0.0269879
-0.0135971
-0.00934901
-0.00713334
-0.00460889
-0.0025625
-0.000853661
-0.248366
-0.256317
-0.246801
-0.22239
-0.186249
-0.148335
-0.121224
-0.0955473
-0.0856199
-0.110564
-0.164317
-0.136747
-0.122872
-0.127487
-0.127269
-0.119745
-0.101543
-0.089166
-0.111772
-0.142227
-0.191409
-0.13201
-0.0415482
-0.054919
-0.0481946
-0.086218
-0.211745
-0.160773
-0.0440948
-0.0296494
-0.0365187
-0.0265129
-0.0131216
-0.00894023
-0.00704381
-0.00460506
-0.00253414
-0.000840042
-0.222804
-0.23204
-0.21655
-0.191194
-0.157012
-0.123159
-0.100177
-0.0789927
-0.059963
-0.0826291
-0.121787
-0.110854
-0.108225
-0.119923
-0.130522
-0.109361
-0.0895428
-0.0750434
-0.103138
-0.13037
-0.168373
-0.123151
-0.0382442
-0.0470227
-0.0413486
-0.0728727
-0.196496
-0.147082
-0.039729
-0.0231906
-0.0337033
-0.0249858
-0.012486
-0.00851556
-0.00684619
-0.00452602
-0.00247775
-0.000817543
-0.164871
-0.177025
-0.163704
-0.141161
-0.115045
-0.0896214
-0.0724716
-0.0541923
-0.0356026
-0.0480451
-0.0679861
-0.0642847
-0.0762895
-0.104226
-0.0891284
-0.0837093
-0.0646468
-0.0514627
-0.0835741
-0.119476
-0.159236
-0.110762
-0.0251877
-0.0361243
-0.0246209
-0.0512334
-0.172312
-0.135037
-0.0258538
-0.0172127
-0.0294296
-0.0230141
-0.0113854
-0.0077131
-0.00652767
-0.00437108
-0.00238718
-0.000784591
-0.128377
-0.141013
-0.133372
-0.116685
-0.0962224
-0.0742022
-0.0556593
-0.0347968
-0.00518726
0.0124496
0.0275235
0.0152109
-0.0305008
-0.074901
-0.0705333
-0.0593527
-0.0438052
-0.0298322
-0.0515564
-0.0867314
-0.119003
-0.0801469
-0.0100239
-0.0266211
-0.0156077
-0.0273341
-0.135808
-0.108661
-0.0117687
-0.0130579
-0.0244484
-0.0201045
-0.0102435
-0.00716798
-0.00615322
-0.00415203
-0.00227861
-0.00075042
-0.0989106
-0.107726
-0.102114
-0.0872365
-0.0679487
-0.049077
-0.0320786
-0.0136273
0.0124262
0.036316
0.0556703
0.0565952
0.00648961
-0.0370682
-0.0399889
-0.0308545
-0.0182774
-0.00584969
-0.0178071
-0.048475
-0.0704726
-0.0405719
-0.00140543
-0.0163434
-0.00496726
-0.00168855
-0.0885715
-0.069958
-0.00153589
-0.00850758
-0.0183369
-0.0167531
-0.00930188
-0.0067266
-0.00570792
-0.0038612
-0.00214783
-0.000712477
-0.0714812
-0.0791818
-0.076379
-0.0658301
-0.0518944
-0.03702
-0.0224944
-0.00595108
0.0181278
0.0416583
0.0572262
0.0592385
0.0266857
-0.00566821
-0.0168298
-0.0119895
-0.00464817
0.00733227
0.0131456
-0.00755532
-0.0227511
-0.00681503
-0.000453721
-0.0117035
0.0018827
0.0181936
-0.0338919
-0.0221569
0.00690188
-0.00239608
-0.0111902
-0.012669
-0.00838591
-0.00639888
-0.00520017
-0.00349574
-0.00199016
-0.000669018
-0.0512163
-0.0577899
-0.0562092
-0.048314
-0.0371792
-0.0247341
-0.0116443
0.00224769
0.0200464
0.0360851
0.0471046
0.0501493
0.0325928
0.0119828
1.33307e-05
0.00396881
0.0107855
0.0171926
0.021921
0.00428276
-0.00339264
0.00775054
0.000496393
-0.00401005
0.00992731
0.0291015
0.00683748
0.0161476
0.0126511
0.00406843
-0.00439674
-0.00862261
-0.00740699
-0.00590263
-0.00463231
-0.00308808
-0.00181036
-0.000622342
-0.0356383
-0.040202
-0.0393183
-0.0336637
-0.0253217
-0.0159714
-0.00596651
0.00433692
0.0167928
0.0284296
0.0365135
0.0390629
0.030772
0.0193337
0.0102967
0.011013
0.015301
0.0200999
0.024997
0.0160643
0.00881328
0.0133979
0.00570628
0.00536919
0.0155836
0.0314579
0.0288445
0.0334039
0.0148245
0.00801898
0.00025191
-0.00557335
-0.00625228
-0.00516632
-0.00402022
-0.00267704
-0.00161241
-0.000567804
-0.0224979
-0.0262549
-0.0261574
-0.0223115
-0.0162698
-0.00936663
-0.00181562
0.00588034
0.0145145
0.0224754
0.0282346
0.0303093
0.0267236
0.0213236
0.0159447
0.0163584
0.0199128
0.0223177
0.0238802
0.0194454
0.0136067
0.0151708
0.0114237
0.0133998
0.0191252
0.0281985
0.0305382
0.0316178
0.0157236
0.010143
0.002177
-0.00362718
-0.00480799
-0.00420803
-0.00338473
-0.00226948
-0.00139591
-0.000503193
-0.0127076
-0.0156923
-0.0158456
-0.0132598
-0.00898713
-0.00402527
0.00139629
0.00682759
0.0126165
0.0179434
0.0220519
0.024026
0.0229977
0.0209803
0.0180983
0.0176369
0.0195511
0.0212518
0.0219451
0.0201152
0.0164443
0.0162604
0.0145171
0.01601
0.0201306
0.0254835
0.0280923
0.0279698
0.0165309
0.0110867
0.00381442
-0.00179041
-0.00319118
-0.00312331
-0.00265746
-0.00183064
-0.00114864
-0.000418106
-0.00520692
-0.00741734
-0.00773096
-0.00610937
-0.00322862
0.000219285
0.00397078
0.0077245
0.0116431
0.0153178
0.018303
0.019985
0.0200841
0.0195903
0.0185171
0.0184106
0.0197916
0.0208219
0.0206928
0.0195793
0.0175285
0.016977
0.0162005
0.0177375
0.020693
0.023116
0.0239534
0.0238237
0.017042
0.0116439
0.00516334
3.07081e-05
-0.00168492
-0.00207087
-0.00191436
-0.00137166
-0.000886774
-0.000328076
0.000735693
-0.00100759
-0.00144399
-0.000512793
0.00136346
0.00371382
0.00623803
0.00876781
0.0113297
0.0137904
0.0158859
0.017359
0.017992
0.018271
0.0182485
0.018218
0.0188593
0.0195084
0.0192767
0.0187993
0.017711
0.0173216
0.0168381
0.0174545
0.0197483
0.0209095
0.0210258
0.0204754
0.0162782
0.0118273
0.00637176
0.00176566
-0.000289225
-0.00103228
-0.00113941
-0.000878346
-0.00059905
-0.000224109
0.00524293
0.00385848
0.00338952
0.00390393
0.00508718
0.00662743
0.00825988
0.00991848
0.0115762
0.0132185
0.0146914
0.0158606
0.0166286
0.0171249
0.0174598
0.0176872
0.0181341
0.0186404
0.0185912
0.018242
0.0176338
0.0173606
0.0172693
0.0176588
0.018921
0.0192113
0.0187895
0.0179353
0.0152327
0.0117996
0.0073115
0.00325886
0.000984769
-5.91816e-05
-0.000408192
-0.000391556
-0.00030954
-0.000124198
0.00864411
0.0075727
0.00713159
0.00735491
0.00804938
0.00902782
0.0100649
0.0111166
0.0121563
0.013219
0.0142341
0.0150967
0.0157793
0.0162897
0.0167723
0.0171182
0.0174201
0.0177614
0.0177727
0.0175951
0.0172746
0.0171019
0.0169687
0.0170374
0.0176217
0.0176178
0.0170368
0.0160051
0.0139297
0.0114056
0.00791192
0.00446738
0.00213841
0.000839849
0.000270789
7.88184e-05
-2.11757e-05
-2.40094e-05
0.0112729
0.0104282
0.0100019
0.0100381
0.0104207
0.011016
0.0116418
0.0122666
0.0128929
0.0135585
0.0142272
0.0148126
0.0153392
0.0157841
0.0162072
0.0165436
0.0167804
0.0170287
0.0171149
0.0170251
0.0168359
0.016702
0.0166037
0.0165406
0.0166655
0.0163439
0.0156504
0.0146407
0.0129678
0.01097
0.0082801
0.00541773
0.00319174
0.00170766
0.000917684
0.000528381
0.000262834
8.053e-05
0.013249
0.0125856
0.0122039
0.0121311
0.0123004
0.0126217
0.0129737
0.013319
0.0136656
0.0140478
0.0144541
0.014829
0.0151726
0.0154943
0.01581
0.016083
0.0162638
0.0164242
0.0165012
0.0164567
0.0163239
0.0161867
0.0160272
0.0157897
0.0156329
0.0152201
0.0144996
0.0135342
0.0121146
0.0104585
0.00838032
0.00606214
0.00404434
0.00249245
0.00150086
0.000921772
0.000504626
0.000166979
0.0147382
0.0142194
0.013881
0.0137436
0.0137761
0.013918
0.0140834
0.0142379
0.0143924
0.0145788
0.014794
0.0149994
0.0151884
0.0153781
0.015575
0.015749
0.0158548
0.015933
0.015974
0.0159263
0.0157928
0.0156297
0.0154247
0.0151281
0.014823
0.0143219
0.0135899
0.012687
0.0114804
0.0100622
0.00838503
0.00650228
0.00472076
0.0032015
0.00206432
0.00130066
0.000732478
0.000252053
0.015842
0.0154332
0.0151377
0.0149708
0.0149186
0.0149393
0.0149761
0.0150018
0.015029
0.0150805
0.0151559
0.0152299
0.0152907
0.0153614
0.0154451
0.0155188
0.0155451
0.0155485
0.0155288
0.0154438
0.0152897
0.0150925
0.0148426
0.0144949
0.0140899
0.0135571
0.0128517
0.0119992
0.0109387
0.00970478
0.0082969
0.00673795
0.00518773
0.00376487
0.00256808
0.00164963
0.000929449
0.000315558
0.0166452
0.0163226
0.0160665
0.0158874
0.0157817
0.0157224
0.0156741
0.0156155
0.015558
0.0155162
0.0154916
0.0154658
0.015433
0.0154098
0.0153953
0.0153753
0.0153238
0.0152538
0.015165
0.0150304
0.0148379
0.0146005
0.0143084
0.013931
0.0134876
0.0129389
0.0122579
0.0114571
0.0105093
0.0094209
0.00820122
0.00687398
0.00551232
0.00419677
0.00299961
0.0019755
0.00111964
0.000376365
0.0172186
0.0169598
0.0167359
0.0165544
0.0164171
0.0163063
0.0162023
0.0160878
0.0159751
0.0158694
0.0157759
0.0156782
0.0155763
0.0154789
0.0153867
0.0152901
0.0151675
0.0150327
0.0148782
0.0146912
0.0144548
0.0141797
0.0138533
0.0134533
0.0129887
0.0124355
0.011784
0.0110284
0.01016
0.00918225
0.00809747
0.00692944
0.00571024
0.00449404
0.00332944
0.0022552
0.00129519
0.000429835
0.0176116
0.0173986
0.0172001
0.0170216
0.0168662
0.0167235
0.0165835
0.0164343
0.0162857
0.0161383
0.0159971
0.0158496
0.0156976
0.0155456
0.0153939
0.0152369
0.0150586
0.0148701
0.0146609
0.0144264
0.014151
0.0138407
0.013485
0.0130665
0.0125917
0.0120404
0.0114105
0.0106937
0.00988525
0.00898969
0.00800192
0.00694532
0.00583271
0.00469579
0.00357001
0.00247896
0.0014481
0.000478803
0.0178687
0.0176866
0.0175065
0.0173326
0.0171673
0.0170061
0.0168434
0.0166738
0.0165018
0.0163285
0.016155
0.015975
0.0157889
0.0155988
0.015405
0.015203
0.0149845
0.0147529
0.0145031
0.0142296
0.0139229
0.0135838
0.013204
0.0127732
0.0122896
0.0117434
0.0111292
0.0104423
0.00967791
0.00883763
0.00792021
0.00693811
0.00589914
0.00482164
0.00372928
0.00263856
0.00156599
0.00051863
0.0180185
0.0178559
0.0176887
0.0175196
0.0173498
0.0171786
0.0170034
0.0168225
0.0166375
0.0164485
0.0162555
0.0160556
0.0158485
0.0156345
0.0154132
0.0151821
0.0149364
0.0146764
0.0143981
0.014098
0.0137686
0.0134092
0.0130126
0.012572
0.0120833
0.0115401
0.0109367
0.0102695
0.00953402
0.00873062
0.00785823
0.00692267
0.00593203
0.00489437
0.00382612
0.00274085
0.00164536
0.000547135
0.0180831
0.0179304
0.0177704
0.0176047
0.017434
0.0172588
0.0170785
0.016893
0.0167022
0.016506
0.0163037
0.0160943
0.0158771
0.0156514
0.0154164
0.0151704
0.0149109
0.014636
0.0143428
0.0140286
0.0136874
0.0133171
0.0129113
0.0124658
0.0119742
0.0114326
0.0108349
0.0101776
0.00945766
0.00867221
0.00782309
0.0069114
0.00594456
0.00492834
0.00387228
0.00279043
0.00168542
0.000562077
-0.0826968
-0.0948277
-0.107665
-0.120388
-0.135659
-0.150176
-0.169242
-0.190815
-0.0672707
-0.0762089
-0.0856818
-0.0954246
-0.10634
-0.116495
-0.127321
-0.140504
-0.0524728
-0.0585537
-0.0646835
-0.0713536
-0.0787324
-0.0856031
-0.0939044
-0.10595
-0.0404403
-0.0445477
-0.0486297
-0.0532112
-0.0588022
-0.0649278
-0.0735457
-0.0835866
-0.0298888
-0.0327657
-0.0357479
-0.0394913
-0.0444829
-0.0495038
-0.0547203
-0.0604839
-0.0211994
-0.0231754
-0.0254049
-0.0280613
-0.0311243
-0.0335874
-0.036693
-0.041732
-0.0137303
-0.0149113
-0.016157
-0.0175129
-0.0193049
-0.021387
-0.0247392
-0.0290725
-0.00720422
-0.00778632
-0.00846485
-0.0094872
-0.0111567
-0.0130781
-0.0152815
-0.0179248
-0.00186162
-0.00220669
-0.0026591
-0.00339099
-0.00443976
-0.00548882
-0.00684777
-0.00902582
0.0026026
0.00244744
0.00227105
0.00191299
0.00129369
0.00047128
-0.00074296
-0.00252983
0.0063482
0.00628427
0.00622025
0.00599182
0.00553071
0.00487612
0.00399539
0.00269622
0.00937614
0.00932504
0.00929257
0.00915328
0.00886111
0.00841824
0.00777864
0.00676043
0.0118293
0.0117711
0.0117486
0.0116647
0.0114667
0.0111269
0.0106095
0.00980298
0.0137766
0.0136938
0.0136483
0.0135723
0.0134182
0.0131567
0.0127603
0.0121493
0.0152837
0.0151766
0.0151042
0.0150253
0.0149005
0.0146989
0.0143912
0.0139208
0.0164287
0.016305
0.0162097
0.0161202
0.0160067
0.0158426
0.0156019
0.0152456
0.0172726
0.0171405
0.0170304
0.0169323
0.0168253
0.016688
0.0164978
0.0162273
0.0178821
0.0177481
0.0176306
0.0175266
0.017422
0.0173006
0.0171452
0.016938
0.01831
0.0181779
0.018058
0.0179512
0.0178476
0.0177369
0.0176062
0.0174449
0.0185986
0.0184709
0.0183522
0.0182445
0.0181415
0.0180369
0.0179221
0.0177914
0.0187791
0.0186577
0.0185429
0.0184362
0.0183342
0.0182334
0.0181289
0.0180176
0.018874
0.0187609
0.0186517
0.0185476
0.0184469
0.0183484
0.0182496
0.0181493
0.0189038
0.0187999
0.0186969
0.0185957
0.0184962
0.0183984
0.0183017
0.0182056
0.0694348
0.0730761
0.0764662
0.0790249
0.0799469
0.079038
0.0761629
0.0707905
0.0619259
0.0481324
0.027439
-0.0028839
-0.0472897
-0.109204
-0.164768
0.0478021
0.0493621
0.0492048
0.0475966
0.0444414
0.0394253
0.0320521
0.0215346
0.00674655
-0.013843
-0.0423222
-0.0813999
-0.135368
-0.208704
-0.268118
0.0261116
0.0253885
0.0216574
0.0162752
0.00952963
0.000863828
-0.010538
-0.0256224
-0.0455717
-0.0719735
-0.107047
-0.15358
-0.214824
-0.296639
-0.354183
0.00431958
0.000842723
-0.00595541
-0.0142165
-0.0238373
-0.0356289
-0.0505281
-0.0694958
-0.0937157
-0.124747
-0.164971
-0.217297
-0.284193
-0.366732
-0.421038
-0.0179672
-0.0241474
-0.0330501
-0.0432272
-0.0550379
-0.0694074
-0.087142
-0.109174
-0.136658
-0.171008
-0.214708
-0.270671
-0.33959
-0.418706
-0.467568
-0.0396311
-0.0483479
-0.0586982
-0.0702533
-0.0837839
-0.100167
-0.119996
-0.144171
-0.173764
-0.210258
-0.255734
-0.312335
-0.379938
-0.452414
-0.494105
-0.0606076
-0.0709028
-0.0821249
-0.0948191
-0.109811
-0.127694
-0.148989
-0.174422
-0.205007
-0.242094
-0.287326
-0.342042
-0.405161
-0.467805
-0.502528
-0.0802753
-0.091116
-0.103207
-0.117084
-0.133216
-0.15208
-0.174153
-0.200027
-0.230569
-0.266867
-0.310109
-0.360741
-0.416136
-0.466156
-0.495628
0.187603
0.20245
0.219005
0.237715
0.258661
0.28174
0.306851
0.33394
0.362932
0.39357
0.425265
0.456835
0.48627
0.509531
0.52864
0.186465
0.200611
0.216469
0.234572
0.254913
0.27726
0.301441
0.327399
0.355057
0.384134
0.413979
0.443326
0.470057
0.490188
0.506217
0.181196
0.193813
0.208352
0.22531
0.244456
0.26534
0.287676
0.311359
0.336273
0.362073
0.388013
0.412702
0.433812
0.447523
0.457454
0.171783
0.18228
0.195027
0.210294
0.227528
0.246106
0.265687
0.28611
0.307158
0.328338
0.34871
0.366684
0.379616
0.38378
0.385243
0.158279
0.166304
0.177138
0.190559
0.205444
0.220963
0.236805
0.252863
0.268873
0.284179
0.297598
0.307268
0.310167
0.302404
0.293304
0.14104
0.146143
0.154847
0.166225
0.178502
0.190644
0.20233
0.213435
0.223607
0.23204
0.237347
0.237416
0.22885
0.20757
0.185837
0.120309
0.123208
0.130062
0.138823
0.147632
0.1557
0.162782
0.168627
0.172645
0.173792
0.170458
0.160282
0.13954
0.104141
0.0692655
0.0961585
0.0979327
0.103789
0.109889
0.114821
0.118299
0.12031
0.120506
0.118058
0.111684
0.0995483
0.0790342
0.0460469
-0.00324164
-0.0500943
0.0270999
0.0314962
0.0278298
0.0317598
0.0293065
0.03361
0.031838
0.036246
0.0355772
0.0400713
0.0408802
0.0456659
0.0481802
0.0538412
0.0585055
0.0657967
0.0732697
0.0832278
0.0943697
0.108401
0.124453
0.14416
0.166875
0.0271714
0.0315336
0.0279202
0.0318089
0.0294303
0.0336732
0.0319857
0.0363563
0.0357477
0.0402307
0.0411509
0.0458897
0.04854
0.0542661
0.0589398
0.0663339
0.0738603
0.0838567
0.0949779
0.109034
0.124834
0.144387
0.166539
0.0272528
0.0315455
0.0280276
0.0318277
0.0295704
0.0337018
0.0321655
0.0364301
0.0360005
0.0403485
0.0414574
0.0460335
0.0488859
0.0545669
0.0592908
0.0666557
0.0741912
0.0841721
0.0950199
0.108877
0.124009
0.14289
0.16338
0.0273427
0.0315336
0.0281463
0.031819
0.0297285
0.0337021
0.0323689
0.0364699
0.0362523
0.0404645
0.0417789
0.0462751
0.0493078
0.0550092
0.0597423
0.0672612
0.0745213
0.084546
0.0948253
0.108283
0.122133
0.139629
0.157236
0.0274405
0.0315014
0.028287
0.0317866
0.0299031
0.0336793
0.0325906
0.0364793
0.0365146
0.0405376
0.0420948
0.0463247
0.0496309
0.055092
0.0599013
0.0672443
0.0743099
0.084
0.0937032
0.106358
0.118671
0.134244
0.147907
0.0275418
0.0314505
0.0284269
0.0317363
0.030087
0.0336447
0.0328238
0.0364813
0.0368141
0.0406488
0.042468
0.0466789
0.0501382
0.0557196
0.0604108
0.0680328
0.0745634
0.0843143
0.092921
0.104723
0.114533
0.127311
0.13578
0.0276493
0.031384
0.0285735
0.0316751
0.0302732
0.0335927
0.0330546
0.0364546
0.0370491
0.0406943
0.0427079
0.0465644
0.050352
0.0554667
0.060285
0.0674313
0.0737534
0.0826459
0.0905374
0.100655
0.108506
0.117784
0.120652
0.0277585
0.0313094
0.0287166
0.0316107
0.0304709
0.0335687
0.0332984
0.0365055
0.0374187
0.0408961
0.0432148
0.0472206
0.0510006
0.0564775
0.061052
0.0686419
0.0742587
0.0833535
0.089389
0.0983939
0.102025
0.106905
0.101936
0.0278868
0.031198
0.0289018
0.0314879
0.0306801
0.0334392
0.0335443
0.0363391
0.0375792
0.0408418
0.0432774
0.0468619
0.0508611
0.0555605
0.0602284
0.066605
0.0717774
0.0785649
0.0835988
0.0883723
0.0896359
0.0871249
0.0769965
0.0280539
0.0310287
0.0291357
0.0313039
0.0309213
0.0331951
0.0337555
0.0360177
0.0376156
0.0403223
0.0429811
0.046104
0.0499619
0.0538596
0.0581686
0.0630696
0.0673852
0.0716482
0.074899
0.0758734
0.0747472
0.0689579
0.0605126
0.028255
0.0307964
0.0294038
0.0310602
0.0311918
0.0328731
0.0339786
0.0356738
0.0375988
0.0398658
0.0426071
0.0452383
0.0488571
0.0520029
0.0558013
0.0593157
0.0625529
0.0647674
0.0660926
0.064953
0.0617579
0.0554985
0.0472994
0.0284911
0.0304927
0.029709
0.0307746
0.0314465
0.0326027
0.0340733
0.0353852
0.0374815
0.039294
0.0420163
0.0442486
0.0474109
0.0499332
0.0529682
0.0552904
0.0573317
0.0580173
0.0576806
0.0552931
0.0509317
0.0444492
0.03647
0.0287666
0.0301103
0.0300037
0.0305532
0.0316056
0.0323816
0.0340638
0.0351113
0.0372058
0.0387237
0.0411934
0.0431204
0.045637
0.047631
0.0498058
0.0510727
0.0520044
0.0515647
0.0500086
0.0469247
0.0421696
0.0358289
0.0282852
0.0290765
0.0297236
0.0302054
0.0303941
0.031689
0.0321921
0.0339327
0.0348153
0.0367701
0.0380579
0.0401632
0.0418197
0.0436331
0.0450876
0.0464596
0.0468017
0.0468096
0.045601
0.0433541
0.039912
0.0351946
0.029245
0.0222611
0.0293721
0.0293756
0.0303128
0.0302868
0.031677
0.0320277
0.0336727
0.0344812
0.0361725
0.0372802
0.0389768
0.0403189
0.0414749
0.0423756
0.0430524
0.0426824
0.0419738
0.0402914
0.0377447
0.0342084
0.0297421
0.0243461
0.0180832
0.0296312
0.0290846
0.0303296
0.0302148
0.0315587
0.0318685
0.0332907
0.0340767
0.0354492
0.0363703
0.0376583
0.0386386
0.0392287
0.0396247
0.0397194
0.038859
0.0376648
0.0357198
0.0331206
0.0297242
0.0256503
0.0209053
0.0154708
0.0298274
0.0288713
0.0302434
0.030164
0.03134
0.0316888
0.0328186
0.033571
0.0346237
0.0353249
0.0362345
0.0368403
0.0369657
0.0369437
0.0365928
0.0354288
0.0339482
0.0319172
0.0294318
0.0263392
0.0227494
0.0186827
0.0140889
0.0299422
0.0287453
0.0300549
0.0301123
0.0310376
0.0314464
0.0322894
0.0329496
0.0337116
0.0341734
0.0347416
0.0349988
0.0347637
0.0344241
0.0337662
0.0324447
0.0308485
0.0288729
0.0266016
0.023892
0.0208243
0.0174203
0.0136161
0.029962
0.0287035
0.0297833
0.0300245
0.0306912
0.031116
0.0317175
0.0322262
0.0327285
0.0329526
0.0332219
0.0331883
0.0326999
0.0321349
0.0312905
0.0299285
0.0283493
0.0265227
0.0245162
0.0222094
0.019655
0.0168655
0.0137717
0.0298824
0.0287265
0.0294603
0.029842
0.0303244
0.0306974
0.0311044
0.0314309
0.0316987
0.0317112
0.031729
0.0314769
0.0308267
0.0301177
0.0291893
0.0278719
0.0263958
0.0247695
0.0230442
0.0211229
0.0190351
0.0167847
0.0143013
0.0297096
0.0287823
0.0291458
0.0295346
0.0299238
0.0302096
0.0304513
0.0305976
0.0306579
0.0304984
0.030317
0.0299088
0.0291724
0.0283939
0.0274573
0.0262391
0.0249137
0.0235067
0.0220535
0.0204774
0.0187917
0.0169918
0.0150101
0.0294594
0.0288096
0.0288826
0.0291451
0.0294665
0.0296532
0.0297583
0.0297555
0.0296453
0.0293529
0.0290225
0.0285131
0.0277517
0.0269617
0.0260658
0.0249773
0.0238229
0.022631
0.0214248
0.0201453
0.018796
0.0173671
0.0157973
0.02916
0.028734
0.0286537
0.0287703
0.0289674
0.0290463
0.0290372
0.0289201
0.0286866
0.0283001
0.0278693
0.0273058
0.0265614
0.025801
0.0249758
0.0240271
0.0230429
0.0220479
0.0210572
0.0200261
0.0189532
0.0178259
0.0165904
0.0288361
0.0285606
0.0284262
0.0284054
0.0284527
0.0284225
0.0283136
0.028108
0.0277935
0.0273537
0.0268694
0.0262905
0.0255899
0.0248854
0.0241442
0.0233281
0.0224982
0.0216732
0.0208619
0.0200317
0.0191792
0.0182919
0.0173237
0.0285047
0.0283167
0.0281603
0.0280388
0.0279511
0.0278164
0.0276187
0.0273445
0.0269806
0.026521
0.0260232
0.0254609
0.0248212
0.0241856
0.0235306
0.0228312
0.0221304
0.0214425
0.0207727
0.0200987
0.0194179
0.0187184
0.0179644
0.0281744
0.0280277
0.0278546
0.0276665
0.0274783
0.0272539
0.0269814
0.0266533
0.0262599
0.0258012
0.0253162
0.024792
0.0242229
0.0236619
0.0230901
0.0224907
0.0218933
0.02131
0.0207462
0.0201897
0.019639
0.0190849
0.0185
0.0278509
0.0277194
0.0275301
0.0272981
0.0270419
0.0267511
0.0264224
0.026056
0.0256477
0.0252017
0.0247425
0.0242633
0.02376
0.0232628
0.0227598
0.0222423
0.02173
0.0212312
0.0207515
0.0202855
0.0198341
0.0193908
0.0189355
0.0275443
0.0274156
0.0272122
0.0269511
0.0266514
0.0263172
0.0259525
0.0255639
0.0251523
0.0247236
0.0242923
0.0238536
0.0234032
0.0229578
0.022512
0.022062
0.0216196
0.0211905
0.0207788
0.0203835
0.0200061
0.0196433
0.0192826
0.0272726
0.0271435
0.0269294
0.0266502
0.0263248
0.025965
0.0255801
0.0251798
0.0247688
0.0243536
0.0239432
0.0235342
0.0231238
0.0227207
0.0223234
0.0219306
0.0215489
0.0211809
0.0208278
0.0204879
0.0201636
0.0198561
0.0195614
0.0270572
0.0269255
0.0267058
0.0264185
0.0260811
0.0257096
0.0253169
0.0249147
0.0245087
0.0241047
0.0237082
0.0233196
0.0229374
0.0225645
0.0222004
0.0218452
0.0215023
0.021174
0.020861
0.0205626
0.0202798
0.0200145
0.0197667
0.0269421
0.0268109
0.026585
0.0262881
0.0259403
0.025559
0.0251591
0.0247521
0.0243454
0.023946
0.0235602
0.0231891
0.0228297
0.0224794
0.0221381
0.0218069
0.021489
0.0211871
0.0209026
0.0206355
0.0203866
0.0201576
0.0199502
0.0633953
0.0447891
0.0222012
0.00245904
-0.0163706
-0.0348937
-0.0529672
-0.0688673
0.0512645
0.034369
0.0122456
-0.00659084
-0.0211313
-0.0338873
-0.0465417
-0.0574052
0.0402973
0.0272014
0.00831421
-0.00791797
-0.0184784
-0.0271139
-0.0363067
-0.0450108
0.0302693
0.020283
0.00504217
-0.00840626
-0.0166508
-0.0228864
-0.0292563
-0.0352727
0.0221139
0.0143013
0.00325107
-0.006512
-0.012781
-0.0174018
-0.0218721
-0.0261524
0.0162931
0.00994296
0.00248243
-0.00412171
-0.00881268
-0.0124072
-0.0156657
-0.0186334
0.012586
0.00754235
0.00271426
-0.00149979
-0.00482704
-0.00757718
-0.00999805
-0.0120518
0.010625
0.00671367
0.00372267
0.00119444
-0.0010404
-0.00306434
-0.00482496
-0.00620538
0.00996421
0.00699343
0.00524459
0.0038544
0.0024409
0.00100389
-0.000272496
-0.00122996
0.0101999
0.00798117
0.00704477
0.0063894
0.00556103
0.00457875
0.00366606
0.00299466
0.011009
0.00937966
0.00895694
0.00875418
0.00832388
0.00768578
0.00705471
0.00659076
0.0121093
0.0109315
0.0108199
0.0108932
0.0107329
0.0103411
0.00990154
0.00955812
0.0132845
0.012435
0.0124937
0.0127329
0.0127694
0.0125625
0.0122581
0.0119889
0.0144521
0.0138444
0.0139879
0.0142949
0.0144363
0.0143529
0.0141474
0.0139311
0.0155478
0.0151119
0.0152797
0.0155859
0.0157626
0.0157505
0.0156134
0.0154366
0.0165239
0.0162115
0.0163682
0.0166358
0.0168051
0.0168231
0.0167269
0.0165783
0.017358
0.0171336
0.017261
0.0174717
0.0176086
0.0176278
0.0175498
0.0174181
0.0180442
0.0178813
0.0179724
0.0181214
0.0182148
0.0182187
0.0181444
0.0180222
0.0185924
0.0184693
0.0185227
0.0186133
0.0186614
0.0186427
0.0185634
0.0184451
0.0190186
0.0189165
0.0189321
0.01897
0.0189758
0.0189328
0.0188452
0.0187284
0.0193487
0.0192504
0.0192249
0.0192123
0.0191785
0.0191125
0.0190169
0.0189021
0.0195849
0.0194803
0.0194142
0.0193555
0.0192862
0.0192003
0.0190992
0.0189885
0.0197862
0.0196585
0.019538
0.0194255
0.0193188
0.0192149
0.0191116
0.0190079
-0.625997
-0.635075
-0.649171
-0.668604
-0.693366
-0.721392
-0.747058
-0.764397
-0.621
-0.62939
-0.642234
-0.65888
-0.678298
-0.699671
-0.719707
-0.732062
-0.617109
-0.623562
-0.633656
-0.64627
-0.659875
-0.671622
-0.677861
-0.67429
-0.615164
-0.617632
-0.622169
-0.626725
-0.629812
-0.629165
-0.622209
-0.606489
-0.614903
-0.610016
-0.605002
-0.598681
-0.590673
-0.579902
-0.564392
-0.541847
-0.612699
-0.597265
-0.581107
-0.564703
-0.548427
-0.531176
-0.510721
-0.484542
-0.603435
-0.576732
-0.550985
-0.527599
-0.506392
-0.485544
-0.462483
-0.434656
-0.583252
-0.547519
-0.515922
-0.489145
-0.465736
-0.443336
-0.419234
-0.39099
-0.550877
-0.510658
-0.477578
-0.450357
-0.426757
-0.404232
-0.380202
-0.352421
-0.508082
-0.468635
-0.43749
-0.411911
-0.389507
-0.367877
-0.344741
-0.318061
-0.458722
-0.423903
-0.396932
-0.37429
-0.354007
-0.33402
-0.312321
-0.287231
-0.40616
-0.37859
-0.356842
-0.337881
-0.320322
-0.302425
-0.282589
-0.259433
-0.353988
-0.333854
-0.317849
-0.303017
-0.288413
-0.272981
-0.25526
-0.234353
-0.301394
-0.290271
-0.280399
-0.269949
-0.258498
-0.245551
-0.230112
-0.211587
-0.250423
-0.249978
-0.244597
-0.239132
-0.230135
-0.219545
-0.206379
-0.190571
-0.462691
-0.499144
-0.53553
-0.56708
-0.590835
-0.606303
-0.615095
-0.62037
-0.466988
-0.504304
-0.540451
-0.570672
-0.592306
-0.605438
-0.612201
-0.616129
-0.471563
-0.51176
-0.549689
-0.58004
-0.600278
-0.610582
-0.613801
-0.614487
-0.478264
-0.523158
-0.564315
-0.595585
-0.614387
-0.621273
-0.619819
-0.616014
-0.487104
-0.538137
-0.583688
-0.616191
-0.633572
-0.636755
-0.629724
-0.621301
-0.497505
-0.554688
-0.606039
-0.640005
-0.65581
-0.654482
-0.642573
-0.627584
-0.50783
-0.571631
-0.62775
-0.663518
-0.677193
-0.671336
-0.65297
-0.629214
-0.516109
-0.585204
-0.645072
-0.681733
-0.692017
-0.680461
-0.653984
-0.619911
-0.520296
-0.591369
-0.652079
-0.686675
-0.692532
-0.674271
-0.639075
-0.595578
-0.518938
-0.586554
-0.643585
-0.672742
-0.67204
-0.646814
-0.604625
-0.555502
-0.511873
-0.569014
-0.616134
-0.635637
-0.62685
-0.596816
-0.551891
-0.503026
-0.500447
-0.539308
-0.569919
-0.57718
-0.560387
-0.528209
-0.486369
-0.443191
-0.487386
-0.4996
-0.504443
-0.496177
-0.475058
-0.44814
-0.415441
-0.381483
-0.475814
-0.455988
-0.435214
-0.410672
-0.386381
-0.365847
-0.345835
-0.322014
-0.465537
-0.409213
-0.353934
-0.316266
-0.296668
-0.286064
-0.277726
-0.264544
-0.477708
-0.379028
-0.280546
-0.205907
-0.177129
-0.183056
-0.192788
-0.205954
-0.501933
-0.359171
-0.224777
-0.126582
-0.0670441
-0.0768683
-0.0992119
-0.133736
-0.415975
-0.285122
-0.157831
-0.0493413
0.0249571
0.0320641
-0.00562144
-0.0548429
-0.301104
-0.226471
-0.157821
-0.074777
0.0382765
0.105736
0.100608
0.0382709
-0.222613
-0.204013
-0.178544
-0.128686
-0.0388095
0.0576912
0.126393
0.113444
-0.19616
-0.203246
-0.199081
-0.171603
-0.114204
-0.045042
0.0301478
0.0794509
-0.209586
-0.232609
-0.237721
-0.225889
-0.200277
-0.163093
-0.116235
-0.0405929
-0.246949
-0.28087
-0.295806
-0.292575
-0.278118
-0.246919
-0.209635
-0.135363
-0.249933
-0.285418
-0.300935
-0.296374
-0.281085
-0.24774
-0.223849
-0.168322
-0.187423
-0.208022
-0.222532
-0.227096
-0.219388
-0.199094
-0.184353
-0.148674
-0.15345
-0.156702
-0.156425
-0.155069
-0.150614
-0.143014
-0.138074
-0.121959
-0.141558
-0.141977
-0.139425
-0.135057
-0.128898
-0.12148
-0.116066
-0.108671
-0.117654
-0.119528
-0.122126
-0.122097
-0.117522
-0.108619
-0.0982504
-0.0884993
-0.10736
-0.107632
-0.110334
-0.114276
-0.117417
-0.117223
-0.110469
-0.0956228
-0.12081
-0.121968
-0.125359
-0.130674
-0.13656
-0.139238
-0.138861
-0.134218
-0.14604
-0.145008
-0.144201
-0.144564
-0.146329
-0.149246
-0.150402
-0.154117
-0.144024
-0.143482
-0.142309
-0.141748
-0.140599
-0.141279
-0.139045
-0.141892
-0.122812
-0.118515
-0.113062
-0.107721
-0.102177
-0.0995845
-0.0952978
-0.0959484
-0.0993202
-0.0885894
-0.0771643
-0.0665134
-0.0573242
-0.0506445
-0.0464435
-0.0438095
-0.112987
-0.10132
-0.0895494
-0.0783914
-0.0684021
-0.0597321
-0.0530556
-0.0464385
-0.126048
-0.113664
-0.101149
-0.0889535
-0.0776788
-0.0669619
-0.057882
-0.0497534
-0.136299
-0.128965
-0.119917
-0.10933
-0.0977349
-0.0845293
-0.0690389
-0.0535884
-0.129808
-0.136866
-0.140389
-0.1403
-0.136813
-0.130146
-0.11961
-0.105641
-0.149409
-0.159759
-0.167576
-0.172151
-0.173106
-0.170333
-0.164154
-0.154416
-0.153326
-0.164604
-0.173285
-0.179142
-0.182097
-0.18226
-0.17827
-0.174943
-0.162063
-0.153076
-0.140287
-0.126637
-0.113683
-0.104248
-0.0948477
-0.0897584
-0.132807
-0.104147
-0.0756378
-0.0502459
-0.0288342
-0.0129162
-0.0020736
0.0045435
-0.149402
-0.131216
-0.110687
-0.0891997
-0.0678417
-0.0475906
-0.0280879
-0.0108183
-0.120317
-0.124216
-0.124799
-0.122156
-0.116744
-0.109067
-0.0996438
-0.0885906
-0.0903406
-0.092298
-0.0925721
-0.0912096
-0.0879238
-0.0833077
-0.0768943
-0.0702334
-0.0307815
-0.0277763
-0.0249524
-0.0225476
-0.0205651
-0.0191927
-0.0182673
-0.0179038
-0.021681
-0.0199946
-0.0182687
-0.0165924
-0.0150315
-0.0136655
-0.0125121
-0.0115175
-0.0183217
-0.0185875
-0.0186235
-0.0184264
-0.0180078
-0.0174128
-0.0166885
-0.0158367
-0.0126897
-0.0129663
-0.0131393
-0.0131998
-0.0131351
-0.0129682
-0.0126778
-0.0123623
-0.00683474
-0.00673559
-0.00665213
-0.0065897
-0.00654713
-0.00652815
-0.00651408
-0.00653556
-0.00424689
-0.00417083
-0.00410388
-0.00404991
-0.00401048
-0.00399765
-0.00398831
-0.00403303
-0.0027704
-0.00278301
-0.00278634
-0.00277886
-0.00276027
-0.00275342
-0.00271408
-0.00267213
-0.000974754
-0.000986709
-0.000993696
-0.00099553
-0.000991993
-0.00098378
-0.000970113
-0.000953174
-0.183955
-0.147743
-0.118682
-0.0950492
-0.0759261
-0.0605891
-0.0469396
-0.0360211
-0.0271839
-0.0198063
-0.01381
-0.00884408
-0.00478593
-0.00149891
0.00120144
0.00337917
0.00512584
0.00650936
0.00758873
0.00841028
0.00900378
0.00939572
0.00959613
-0.132648
-0.106702
-0.0944326
-0.0809571
-0.0684824
-0.0566098
-0.045625
-0.0361359
-0.02784
-0.0207214
-0.0147203
-0.00966807
-0.00551121
-0.00208151
0.000735675
0.00301279
0.0048445
0.00629209
0.00741876
0.0082731
0.00888798
0.00929258
0.00949875
-0.0558459
-0.0464577
-0.0526644
-0.0520829
-0.0499112
-0.0452386
-0.0390978
-0.032363
-0.0257621
-0.0196483
-0.0141729
-0.0094528
-0.00546013
-0.00210933
0.000655617
0.00291296
0.00473793
0.00618477
0.00731338
0.00816968
0.00878701
0.00919347
0.00940059
0.0296709
0.0152175
-0.0107975
-0.0217646
-0.0292965
-0.031332
-0.0298855
-0.0263115
-0.021826
-0.0170578
-0.0124828
-0.00838056
-0.00476376
-0.0016795
0.000903056
0.00304025
0.00478148
0.00617301
0.00726541
0.00809834
0.00870134
0.00909972
0.00930324
0.104967
0.059844
0.0251177
0.00279269
-0.0119021
-0.0188107
-0.0208993
-0.0198734
-0.0172247
-0.0137882
-0.0102234
-0.00681595
-0.00369037
-0.00098116
0.00134683
0.0033023
0.00491454
0.0062184
0.00725115
0.00804484
0.0086242
0.00900949
0.00920727
0.102114
0.0655061
0.0366639
0.0142428
-0.00114281
-0.00960318
-0.0134996
-0.014019
-0.0126699
-0.0103718
-0.00773102
-0.00500882
-0.00242634
-0.000132959
0.00190583
0.00364646
0.00510624
0.00630396
0.00726428
0.00800985
0.0085581
0.00892525
0.00911473
-0.00322158
0.0110761
0.0113208
0.00500246
-0.00154762
-0.0062394
-0.00877452
-0.00934756
-0.00861033
-0.00707537
-0.00516842
-0.00308755
-0.00104761
0.000839349
0.00255765
0.0040614
0.00535145
0.00642746
0.00730246
0.00798984
0.008501
0.00884624
0.00902548
-0.0877503
-0.0437456
-0.0222822
-0.0129606
-0.00795185
-0.00707567
-0.00626127
-0.00588691
-0.00508773
-0.00397989
-0.00263755
-0.00113943
0.000391967
0.00188439
0.00327789
0.00453863
0.00564687
0.00658967
0.00737037
0.00799174
0.00845795
0.00877532
0.00894099
-0.121224
-0.0720607
-0.0435115
-0.0253676
-0.0143207
-0.00841727
-0.00477365
-0.00327729
-0.00203944
-0.00111325
-0.000196295
0.000810688
0.00186815
0.0029624
0.00403847
0.00505341
0.00597229
0.0067747
0.00745325
0.00800233
0.00842077
0.00870859
0.00885983
-0.111464
-0.0708875
-0.0471844
-0.0269592
-0.0161236
-0.00752055
-0.00285535
-0.000514642
0.00102917
0.00164754
0.00216061
0.00270288
0.00331393
0.00402588
0.00479168
0.00556747
0.00630061
0.00696555
0.00754407
0.00802163
0.00839065
0.00864734
0.00878318
-0.0962433
-0.0661691
-0.0450217
-0.0240601
-0.0133568
-0.00305569
0.000951068
0.00351824
0.00460261
0.00466346
0.00468893
0.00467649
0.00481068
0.00512236
0.00557062
0.00609964
0.00664501
0.00716923
0.00764315
0.00804606
0.00836475
0.00858971
0.00870988
-0.0879828
-0.0639261
-0.0456888
-0.021182
-0.010546
0.0030061
0.00566954
0.00886909
0.00860766
0.00798339
0.00732375
0.00671322
0.0063686
0.00627918
0.00640008
0.00667341
0.00702405
0.00740208
0.00776624
0.00808892
0.008351
0.00853952
0.00864137
-0.074829
-0.0524313
-0.0336242
-0.0110936
0.000838036
0.0117677
0.013362
0.0151524
0.013271
0.0117662
0.0101501
0.00883952
0.00796761
0.00747729
0.00728371
0.00730221
0.00744891
0.00767105
0.00791465
0.00814826
0.0083474
0.00849509
0.00857624
-0.0820769
-0.0591254
-0.0279661
-0.00124289
0.0185177
0.0258716
0.0257827
0.0228834
0.0184364
0.0153132
0.0127043
0.0108125
0.00947303
0.00862064
0.00813706
0.00792137
0.00787729
0.0079471
0.0080716
0.0082147
0.00834907
0.00845454
0.00851423
-0.118803
-0.103767
-0.0570445
-0.0127591
0.0259785
0.0368431
0.0354806
0.0288084
0.0226738
0.0181259
0.0147978
0.012366
0.0107071
0.00962426
0.00892084
0.00850476
0.00829077
0.00821764
0.00822829
0.00828435
0.0083538
0.00841629
0.00845379
-0.119998
-0.12942
-0.0779645
-0.0281244
0.0119647
0.0271306
0.0295405
0.0267065
0.0225715
0.0188966
0.0158481
0.0134661
0.01169
0.0104749
0.00961761
0.0090497
0.00869135
0.00848558
0.00838575
0.00835442
0.00835941
0.00837881
0.00839392
-0.12811
-0.109603
-0.0717916
-0.0325308
-0.00279679
0.0116767
0.0178019
0.0190881
0.0183422
0.0169244
0.0152997
0.013729
0.0123081
0.011157
0.0102377
0.00955837
0.00908012
0.00875368
0.0085495
0.00843262
0.00837015
0.00834309
0.00833344
-0.0911384
-0.0763129
-0.0519432
-0.0293358
-0.0113179
0.00124074
0.00967714
0.0134972
0.0150029
0.015041
0.0144698
0.0135648
0.0125762
0.0116066
0.010736
0.0100034
0.00942861
0.00899995
0.00869707
0.00849687
0.00837195
0.0083016
0.00826903
-0.0436959
-0.0370099
-0.0316724
-0.0278694
-0.018393
-0.00592717
0.00460462
0.0102215
0.0130917
0.0141553
0.0141691
0.0136348
0.0128018
0.011931
0.0110888
0.0103297
0.00969755
0.00919443
0.00881482
0.00854512
0.00836296
0.00825196
0.00819764
-0.0442688
-0.0377136
-0.0329742
-0.024562
-0.0143163
-0.00122067
0.0066479
0.0122814
0.0135303
0.014785
0.0143272
0.0140522
0.0131326
0.0123194
0.0114349
0.0106257
0.00992954
0.00935495
0.00890438
0.00857101
0.00833737
0.0081891
0.00811476
-0.0450504
-0.0304181
-0.0226222
-0.00950159
-0.00294295
0.00657461
0.0105134
0.0148319
0.0150408
0.0158693
0.0148848
0.0144611
0.0134414
0.0126005
0.0116902
0.0108562
0.01011
0.00947556
0.00896507
0.00857466
0.00829348
0.00811081
0.0080176
-0.0426641
-0.0241609
-0.00794871
0.0104162
0.019472
0.0225612
0.0223441
0.0206906
0.0186722
0.0175813
0.0159035
0.0149351
0.0137457
0.0127866
0.01182
0.0109697
0.0101882
0.00951897
0.00896779
0.0085365
0.00821914
0.0080086
0.00789987
-0.0924384
-0.0690349
-0.0375622
-0.00732479
0.0188567
0.0240829
0.0267011
0.0215371
0.0215137
0.0184751
0.0166907
0.0153053
0.014031
0.012933
0.0119144
0.0110089
0.0101939
0.00949481
0.00891154
0.00845023
0.0081069
0.00787609
0.00775607
-0.13836
-0.116655
-0.0818496
-0.0456483
-0.0123046
-0.00181389
0.00805455
0.0127866
0.0155701
0.015749
0.0154879
0.0147188
0.0137779
0.0128001
0.0118352
0.0109252
0.0101101
0.00939666
0.00879809
0.00831967
0.00795708
0.00771114
0.00758191
-0.156586
-0.129874
-0.090951
-0.0521443
-0.0203091
-0.00578009
0.00270595
0.0083197
0.0121358
0.0139524
0.0144405
0.0141416
0.013385
0.0125054
0.0115851
0.0106987
0.00990017
0.00919267
0.00859872
0.00811747
0.00775262
0.00750226
0.00737013
-0.0827041
-0.0615597
-0.0288955
0.00170076
0.0229654
0.0275363
0.0231837
0.0193511
0.017318
0.0161968
0.0152482
0.0143892
0.0133014
0.0123197
0.0113039
0.0104052
0.00959858
0.00890621
0.00832548
0.00785497
0.00749549
0.00724744
0.00711569
0.0067355
0.019333
0.0273082
0.0340493
0.0361839
0.0347261
0.0286663
0.0255016
0.0218958
0.019406
0.0167839
0.0149653
0.0132419
0.0120249
0.0108738
0.00996806
0.00916488
0.0085057
0.00795402
0.00751311
0.00717406
0.00693889
0.0068131
-0.0011466
0.0104572
0.022263
0.0350015
0.0418713
0.0430195
0.0385062
0.032084
0.0260375
0.0213094
0.017589
0.0149521
0.0128906
0.0114298
0.0102389
0.00933963
0.00858928
0.00798449
0.00748671
0.00708941
0.00678425
0.00657149
0.00645718
-0.0733015
-0.0540298
-0.0324843
-0.0120081
0.0057646
0.0152276
0.0188036
0.0170353
0.0161296
0.0149895
0.0137305
0.0123944
0.0110982
0.0100264
0.00912841
0.00841045
0.00781348
0.00732093
0.00691415
0.00658417
0.00632632
0.00614416
0.00604517
-0.0598805
-0.0482871
-0.0336848
-0.0194476
-0.00695294
0.000932555
0.00408006
0.00504416
0.00633688
0.00735496
0.00802648
0.00827712
0.00814905
0.00789755
0.00751902
0.00716288
0.00681505
0.00649886
0.00621972
0.00598255
0.00579189
0.00565226
0.0055753
-0.0175297
-0.0150743
-0.0126789
-0.0107635
-0.00854233
-0.00616587
-0.00388658
-0.00160852
0.000544136
0.00228887
0.00362706
0.00463159
0.00525427
0.00565021
0.00576724
0.00578945
0.00570446
0.0055876
0.00545033
0.00531512
0.00519447
0.00510103
0.00504767
-0.0110283
-0.0103825
-0.0100779
-0.00959048
-0.00864836
-0.00719916
-0.00552996
-0.00386302
-0.00226877
-0.000810617
0.00052522
0.00171442
0.0026753
0.00344249
0.00395151
0.00430709
0.00448789
0.00458061
0.00459814
0.00457793
0.00453665
0.00449498
0.00446761
-0.0147509
-0.0132879
-0.0117158
-0.010059
-0.00840931
-0.00693864
-0.00565382
-0.00458717
-0.00340393
-0.00226266
-0.00116207
-0.000115458
0.000833543
0.00169682
0.00238725
0.00293608
0.00331011
0.00356684
0.00371482
0.0037961
0.00383018
0.00383864
0.00383773
-0.0116568
-0.0106744
-0.00956146
-0.00840728
-0.00728342
-0.00633401
-0.00547694
-0.00465165
-0.00369851
-0.00275181
-0.00184017
-0.000977646
-0.000189377
0.000566315
0.00123348
0.0018198
0.00227768
0.0026268
0.00286195
0.00301716
0.00310538
0.00315204
0.00317131
-0.00647846
-0.00632984
-0.00616577
-0.00596779
-0.00568844
-0.00532086
-0.00480934
-0.00418173
-0.00342258
-0.00268011
-0.00195194
-0.00126346
-0.000638194
-4.33124e-05
0.000484899
0.000982521
0.00141255
0.00177382
0.00204579
0.00224319
0.00236939
0.00244442
0.00247881
-0.00402756
-0.00394765
-0.00395464
-0.00388678
-0.00375136
-0.00353041
-0.00319182
-0.00280278
-0.00235104
-0.00191673
-0.00145723
-0.00100743
-0.000583147
-0.000176647
0.000177435
0.000517575
0.00082392
0.00110222
0.00133488
0.00151684
0.00164606
0.0017286
0.00176874
-0.00260091
-0.00249544
-0.0023782
-0.00222362
-0.00206345
-0.00189482
-0.00171029
-0.0015274
-0.00131081
-0.00109627
-0.000853581
-0.000608031
-0.000369642
-0.000129468
7.48049e-05
0.000270244
0.000438456
0.0005996
0.000744308
0.000866611
0.000960025
0.00102398
0.00105621
-0.000922852
-0.000878523
-0.000828193
-0.000772738
-0.000716981
-0.000665566
-0.000611587
-0.000557514
-0.000479254
-0.00040294
-0.000311454
-0.000221762
-0.000138918
-4.82467e-05
2.33184e-05
9.587e-05
0.000148839
0.000200069
0.000244028
0.000283873
0.000315808
0.00033898
0.000350904
-0.164037
-0.134222
-0.10738
-0.0864656
-0.0684593
-0.0540393
-0.0419633
-0.0321684
-0.0241422
-0.0174807
-0.0119717
-0.00739255
-0.00361132
-0.000471735
0.00210691
0.00419575
0.00587845
0.00721152
0.00825415
0.00904827
0.00961954
0.00999069
0.0101764
-0.174305
-0.139467
-0.110038
-0.0876555
-0.0690581
-0.0540176
-0.0416135
-0.0317354
-0.0236806
-0.0170521
-0.0116193
-0.00712492
-0.00343532
-0.000373867
0.00213748
0.00417655
0.00582653
0.00713923
0.00817033
0.00895872
0.00952924
0.00990348
0.0100932
-0.183702
-0.143851
-0.111496
-0.0882183
-0.0691584
-0.0536627
-0.0411447
-0.0313349
-0.0232383
-0.0166356
-0.0112642
-0.00684495
-0.00324576
-0.000255503
0.00218837
0.00417725
0.00579258
0.0070821
0.00809921
0.00887989
0.00944761
0.00982275
0.0100148
-0.190318
-0.146411
-0.113634
-0.0901808
-0.0701533
-0.0537848
-0.0411268
-0.0312685
-0.023011
-0.0163954
-0.0110263
-0.00665029
-0.00310599
-0.000158161
0.00223113
0.00418084
0.00576612
0.00703377
0.00803667
0.00880903
0.00937314
0.00974788
0.00994098
-0.195732
-0.147719
-0.11525
-0.0910121
-0.0700235
-0.0534766
-0.0412278
-0.0313057
-0.022919
-0.0163161
-0.0109245
-0.00657902
-0.00304163
-0.000111894
0.00224208
0.00417095
0.00573546
0.00698695
0.00797855
0.00874384
0.00930427
0.00967786
0.00987109
-0.194084
-0.147627
-0.117829
-0.0924893
-0.070401
-0.0539941
-0.0419321
-0.0315842
-0.023081
-0.0164505
-0.0110156
-0.00666711
-0.00307965
-0.000151898
0.00219836
0.00412911
0.00568636
0.00693186
0.0079182
0.00867988
0.00923828
0.00961112
0.00980424
-0.193039
-0.146895
-0.117568
-0.0915385
-0.0701434
-0.0547931
-0.042711
-0.0319759
-0.0235656
-0.0168658
-0.0113795
-0.00695883
-0.00328666
-0.000333887
0.00205996
0.00402068
0.00559498
0.00685306
0.0078465
0.00861212
0.00917238
0.0095462
0.00973952
-0.185526
-0.149623
-0.119992
-0.0934996
-0.0728192
-0.0575771
-0.0444563
-0.033463
-0.0249627
-0.0179802
-0.012305
-0.00766817
-0.00384211
-0.000772419
0.00174153
0.00378352
0.00542008
0.00672319
0.00774628
0.00853062
0.00910161
0.00948096
0.00967613
0.0107043
-0.0167599
-0.0434311
-0.0708888
-0.0985347
-0.124847
-0.149102
-0.171234
0.012399
-0.0178883
-0.0477949
-0.078728
-0.109777
-0.13932
-0.166314
-0.190141
0.013162
-0.0216735
-0.0560551
-0.0905716
-0.124328
-0.156096
-0.184956
-0.210746
0.0125109
-0.027297
-0.0662157
-0.104147
-0.140475
-0.174457
-0.205424
-0.23356
0.00994593
-0.0345433
-0.0778201
-0.119322
-0.158605
-0.195217
-0.228688
-0.259174
0.00540487
-0.0437584
-0.0915215
-0.137015
-0.179753
-0.219341
-0.255391
-0.288084
-0.00125692
-0.0555678
-0.108255
-0.158221
-0.204827
-0.247594
-0.286181
-0.320873
-0.0106335
-0.0708579
-0.129055
-0.18396
-0.234742
-0.280856
-0.321925
-0.358372
-0.0237852
-0.0908271
-0.155212
-0.215547
-0.27076
-0.320197
-0.363812
-0.40165
-0.0422227
-0.117093
-0.18846
-0.254781
-0.314821
-0.367767
-0.4135
-0.452082
-0.0680464
-0.151888
-0.23121
-0.30418
-0.369304
-0.425843
-0.473143
-0.511412
-0.104226
-0.198219
-0.286522
-0.367124
-0.437755
-0.497263
-0.544701
-0.580747
-0.155541
-0.261024
-0.358547
-0.446442
-0.52184
-0.582378
-0.627542
-0.657947
-0.225366
-0.344037
-0.453379
-0.546181
-0.620357
-0.67593
-0.712586
-0.730894
-0.290863
-0.416187
-0.524727
-0.614313
-0.683377
-0.731381
-0.759317
-0.769546
0.184402
0.176886
0.165142
0.149167
0.129121
0.105238
0.0783052
0.0467703
0.198956
0.190153
0.176382
0.15783
0.134923
0.107737
0.0778905
0.0451798
0.215334
0.205465
0.190023
0.169348
0.144152
0.114504
0.0822995
0.0485566
0.23391
0.223161
0.206274
0.183614
0.156145
0.124028
0.0887564
0.05193
0.254708
0.243063
0.224643
0.199759
0.169523
0.134314
0.0950976
0.053819
0.277618
0.264923
0.244669
0.217127
0.183459
0.144389
0.100565
0.0541163
0.302557
0.28862
0.266156
0.235468
0.197701
0.154003
0.105023
0.0529059
0.329484
0.314116
0.289039
0.254681
0.212162
0.163038
0.108222
0.0498002
0.358321
0.341322
0.313181
0.274542
0.226548
0.171093
0.109505
0.0438863
0.388806
0.369934
0.338197
0.294519
0.240162
0.177296
0.10775
0.0337943
0.420347
0.399292
0.36331
0.313632
0.251783
0.180197
0.101261
0.0175877
0.451754
0.428116
0.387092
0.330233
0.259484
0.177593
0.0875501
-0.00752252
0.481007
0.454258
0.407167
0.341594
0.260141
0.165953
0.0627197
-0.0458613
0.504035
0.473665
0.419612
0.343819
0.249645
0.140929
0.0223663
-0.101541
0.522907
0.488962
0.4283
0.343462
0.237692
0.115068
-0.0181726
-0.155966
0.0270378
0.026986
0.0269445
0.0269123
0.0268887
0.026869
0.0268638
0.0268509
0.0314326
0.0313426
0.0312272
0.0310884
0.0309301
0.0307559
0.0305677
0.0303723
0.0277589
0.0277063
0.0276718
0.0276548
0.0276477
0.0276544
0.0276643
0.0276774
0.0316792
0.031568
0.0314285
0.0312645
0.0310802
0.0308803
0.030673
0.0304674
0.0292225
0.0291598
0.0291153
0.029093
0.0290947
0.0291112
0.0291351
0.0291633
0.0335071
0.0333639
0.0331884
0.0329853
0.0327591
0.0325208
0.0322735
0.0320519
0.0317157
0.0316202
0.0315462
0.0315329
0.0315114
0.0315178
0.0315135
0.0315559
0.036091
0.0358957
0.0356648
0.0354113
0.0351396
0.0348808
0.0345956
0.0343906
0.0354184
0.0352762
0.035166
0.0350831
0.0350173
0.0349738
0.0349205
0.0349083
0.0398591
0.0395987
0.03931
0.0389983
0.0386572
0.0383486
0.0379888
0.0377959
0.0406115
0.0403458
0.0401045
0.0399156
0.0397271
0.0396075
0.0394099
0.039407
0.0453789
0.0450346
0.0446655
0.0443088
0.0438769
0.0435728
0.0430705
0.0429551
0.0478002
0.0474103
0.0469951
0.0466298
0.046178
0.0459203
0.0454124
0.0453366
0.0533653
0.0528406
0.0522081
0.0517279
0.0509385
0.0506934
0.0497362
0.0497399
0.05798
0.057377
0.056674
0.0560674
0.0552472
0.0547154
0.0536976
0.0532628
0.0651441
0.0643481
0.063376
0.0625901
0.0613425
0.0605876
0.0588685
0.0582782
0.0724435
0.0713671
0.0700327
0.0687662
0.0670643
0.065694
0.063587
0.0622455
0.0822805
0.0809717
0.0793548
0.0777654
0.0753969
0.0734409
0.0701046
0.0679449
0.0931363
0.0912439
0.088794
0.0860856
0.0825864
0.0791341
0.0747157
0.0704933
0.10693
0.104618
0.101523
0.0979393
0.0932096
0.0882242
0.0816955
0.0751334
0.122622
0.11931
0.114737
0.109045
0.101918
0.0936753
0.0843342
0.0731807
0.141975
0.137819
0.13186
0.124093
0.114235
0.102639
0.0886301
0.0731744
0.164185
0.158455
0.149744
0.137956
0.122944
0.105013
0.0843126
0.0601866
0.0268345
0.0268226
0.0268295
0.0268559
0.0269054
0.0269721
0.0270075
0.0269894
0.0268916
0.0266962
0.0263916
0.0259751
0.0254561
0.0248577
0.0242077
0.0235389
0.0228745
0.0222299
0.0216187
0.0210588
0.0205761
0.0202038
0.0199803
0.0301132
0.0297585
0.0293264
0.0288065
0.0281919
0.0275561
0.0269431
0.02637
0.0258573
0.0254152
0.0250417
0.0247219
0.0244246
0.0240961
0.0236607
0.0231404
0.022563
0.0219638
0.0213758
0.0208285
0.0203546
0.0199906
0.0197715
0.0277022
0.0277376
0.0277904
0.027864
0.0279103
0.0278464
0.0276713
0.0273883
0.0269867
0.0264689
0.0258559
0.0251856
0.0245195
0.0239038
0.0233278
0.022764
0.0221774
0.0215763
0.0209886
0.0204463
0.0199803
0.0196276
0.0194211
0.0301743
0.0297734
0.0292942
0.0287523
0.0282545
0.0278027
0.0273863
0.026991
0.026603
0.0262034
0.0257597
0.0252151
0.0245452
0.0238041
0.0230897
0.0224048
0.0217419
0.0211019
0.0204989
0.0199571
0.0194997
0.0191602
0.0189717
0.0291875
0.029185
0.029202
0.0291762
0.0290325
0.0287956
0.0284464
0.0279767
0.0273948
0.0267224
0.0260034
0.0252646
0.0244992
0.0236918
0.0228628
0.0220469
0.0212769
0.0205709
0.0199382
0.0193922
0.0189445
0.018621
0.0184542
0.0316752
0.0311471
0.0305334
0.029949
0.0294043
0.0288675
0.0283341
0.0277906
0.0272219
0.0265899
0.0258742
0.0250839
0.0242423
0.0233548
0.0224459
0.0215548
0.0207201
0.0199687
0.0193163
0.0187738
0.0183422
0.0180386
0.0178937
0.0315041
0.0313955
0.0312528
0.0309974
0.0306194
0.0301057
0.0294463
0.0286585
0.027775
0.0268364
0.0258674
0.0248803
0.0238836
0.0228845
0.0218981
0.0209519
0.0200784
0.0193051
0.0186502
0.0181235
0.017717
0.017438
0.0173136
0.0339799
0.0332269
0.0324854
0.0317702
0.0310442
0.0303005
0.0295305
0.028686
0.0277511
0.0267183
0.0256067
0.0244564
0.0233111
0.0222079
0.0211648
0.0201976
0.0193266
0.01857
0.0179417
0.01745
0.0170828
0.0168364
0.0167303
0.034778
0.0344122
0.0339497
0.0333204
0.0325098
0.0315299
0.0304102
0.0291897
0.0279068
0.0265828
0.0252355
0.023894
0.0225991
0.0213915
0.0202988
0.0193289
0.0184889
0.01778
0.017206
0.016769
0.0164554
0.0162477
0.0161574
0.0372079
0.0362429
0.0352594
0.0342226
0.0331339
0.031966
0.0306871
0.0292914
0.0277947
0.0262372
0.0246679
0.0231472
0.0217282
0.0204497
0.0193344
0.0183855
0.0176
0.016963
0.0164647
0.0160962
0.0158462
0.0156797
0.015604
0.039004
0.0381413
0.0371701
0.0359997
0.0345869
0.0329738
0.0312141
0.0293648
0.0274759
0.0256016
0.0237948
0.0221123
0.020603
0.0192999
0.0182108
0.0173296
0.0166401
0.0161114
0.0157167
0.0154329
0.0152557
0.0151335
0.0150749
0.0420415
0.040482
0.0388483
0.0370892
0.0352078
0.0331891
0.0310478
0.0288309
0.0266178
0.0244944
0.0225301
0.0207752
0.0192635
0.0180069
0.0169995
0.0162263
0.0156611
0.0152625
0.0149855
0.0147942
0.0146904
0.0146133
0.014574
0.044352
0.0426725
0.0408093
0.0386836
0.0362729
0.03369
0.0310189
0.0283445
0.0257578
0.0233515
0.0212036
0.0193716
0.0178698
0.0166835
0.0157849
0.01514
0.0147103
0.0144472
0.0142882
0.0141892
0.014153
0.0141215
0.0141038
0.0480531
0.0454526
0.0426762
0.0397247
0.036638
0.0334347
0.0301974
0.0270649
0.0241578
0.021572
0.0193713
0.0175828
0.0161921
0.0151637
0.0144477
0.0139877
0.013732
0.0136272
0.013599
0.0136015
0.0136357
0.0136555
0.0136634
0.0512863
0.0480783
0.0445085
0.0406056
0.0365228
0.0324632
0.0285884
0.0250355
0.0219099
0.0192795
0.0171633
0.01554
0.0143615
0.0135661
0.0130816
0.012837
0.0127715
0.0128294
0.0129339
0.0130396
0.0131439
0.0132176
0.0132525
0.054901
0.0501676
0.045379
0.0405255
0.0356473
0.0308911
0.0264957
0.0226231
0.0193745
0.0167828
0.0148231
0.0134319
0.0125236
0.0120016
0.0117706
0.011749
0.0118701
0.0120793
0.0123073
0.0125106
0.012682
0.0128099
0.0128713
0.058358
0.0524032
0.0461547
0.0398184
0.0337571
0.0282366
0.0234392
0.0194486
0.0162783
0.0139006
0.0122374
0.0111821
0.0106148
0.0104134
0.0104677
0.0106867
0.0109997
0.0113573
0.0117067
0.0120069
0.0122464
0.0124302
0.0125186
0.0613467
0.0529419
0.044967
0.037346
0.0303492
0.0242924
0.0193405
0.0154767
0.0126171
0.0106498
0.00943636
0.00882513
0.00866565
0.00882236
0.00918218
0.00965138
0.0101596
0.0106646
0.0111329
0.0115288
0.0118372
0.0120764
0.0121928
0.0627694
0.0525221
0.0425715
0.0335018
0.0257044
0.0193952
0.0145083
0.0109296
0.00852557
0.00710731
0.00646136
0.0063824
0.00668971
0.00723933
0.00792196
0.00864866
0.00935538
0.0100085
0.010592
0.0110802
0.0114571
0.0117482
0.0118928
0.0629734
0.0487889
0.0370686
0.0271391
0.0191717
0.0131416
0.00877351
0.00584595
0.00414949
0.00343897
0.00345634
0.00396499
0.00476958
0.00572458
0.00673013
0.00770902
0.00860896
0.00940564
0.0100969
0.0106704
0.0111117
0.0114475
0.0116194
0.0582383
0.0424322
0.0294711
0.0190389
0.0113225
0.00589102
0.00231393
0.000293944
-0.000482647
-0.00034213
0.00042051
0.00156009
0.00288388
0.00425226
0.00558253
0.00681229
0.00790462
0.00884453
0.00964146
0.0102967
0.0107997
0.0111749
0.011373
0.0490551
0.0305775
0.0178869
0.00822993
0.00158969
-0.00273291
-0.00512401
-0.00592368
-0.00553869
-0.00437438
-0.00275758
-0.000923733
0.000954527
0.00275549
0.00442323
0.00591362
0.00720715
0.00829878
0.00920828
0.00994835
0.0105143
0.0109291
0.0111535
0.0291672
0.0150719
0.00346698
-0.00468196
-0.00977862
-0.0126769
-0.0136085
-0.0129457
-0.0112157
-0.0088908
-0.00631209
-0.00369927
-0.00119776
0.00109041
0.00313846
0.00492598
0.00645169
0.00772167
0.00876494
0.00960408
0.0102425
0.0107045
0.0109583
0.00732842
-0.00244925
-0.0111297
-0.0174039
-0.0211543
-0.0226139
-0.0220077
-0.0198543
-0.0167862
-0.01331
-0.00977426
-0.00638508
-0.00325728
-0.000474968
0.00195475
0.00404119
0.00579813
0.007244
0.00841603
0.00934606
0.0100466
0.0105446
0.0108178
-0.0175581
-0.0253927
-0.0293744
-0.0320388
-0.0327884
-0.0315221
-0.0286268
-0.0247168
-0.0203471
-0.015914
-0.011675
-0.0077689
-0.00425726
-0.00119204
0.00144277
0.00367981
0.00554544
0.00706859
0.00829148
0.00925079
0.00996532
0.0104613
0.0107293
-0.0443823
-0.0513125
-0.0505035
-0.0481973
-0.0439861
-0.0387162
-0.0329333
-0.0271139
-0.021551
-0.0164116
-0.0117769
-0.00766719
-0.00406601
-0.000975482
0.00165146
0.00386133
0.00569035
0.00717577
0.00836143
0.00928341
0.00996206
0.0104196
0.0106603
-0.0682838
-0.0721132
-0.0662366
-0.0602571
-0.0522887
-0.0440262
-0.0360375
-0.0287209
-0.0221992
-0.0164853
-0.0115358
-0.00728129
-0.00364101
-0.000561142
0.00202475
0.0041715
0.0059298
0.00734742
0.00847187
0.00933925
0.00997
0.0103833
0.0105939
-0.0910518
-0.0882799
-0.0769213
-0.0679461
-0.0575576
-0.0477104
-0.0384925
-0.0302492
-0.0230598
-0.0168854
-0.0116372
-0.00720618
-0.00347966
-0.000358318
0.00223625
0.00435965
0.0060781
0.0074503
0.00853032
0.00935684
0.00995112
0.0103323
0.010521
-0.112874
-0.102802
-0.0865256
-0.0743571
-0.0615633
-0.0504007
-0.040313
-0.0314957
-0.0238985
-0.0174266
-0.0119637
-0.00738194
-0.00356162
-0.000378629
0.0022523
0.00438581
0.00609809
0.00745396
0.00851373
0.00931981
0.0098955
0.0102613
0.0104398
-0.133071
-0.115797
-0.0951528
-0.0796846
-0.064655
-0.052286
-0.04144
-0.0322161
-0.0243842
-0.0177636
-0.0122035
-0.00755119
-0.00368585
-0.000470623
0.00217935
0.00432119
0.00603605
0.00738876
0.0084426
0.00924209
0.00981228
0.0101754
0.0103526
-0.150143
-0.126338
-0.102505
-0.084109
-0.067219
-0.0536443
-0.0420354
-0.0324183
-0.0244406
-0.0177638
-0.0121991
-0.00755633
-0.00370917
-0.000511135
0.00211929
0.00424581
0.00595183
0.00729857
0.00834839
0.00914558
0.00971604
0.0100827
0.0102636
)
;

boundaryField
{
    outlet
    {
        type            fixedValue;
        value           uniform 0;
    }
    upperWall
    {
        type            symmetryPlane;
    }
    lowerWall
    {
        type            symmetryPlane;
    }
    inlet
    {
        type            zeroGradient;
    }
    cylinder
    {
        type            zeroGradient;
    }
    frontAndBack
    {
        type            empty;
    }
}


// ************************************************************************* //
