/*--------------------------------*- C++ -*----------------------------------*\
| =========                 |                                                 |
| \\      /  F ield         | OpenFOAM: The Open Source CFD Toolbox           |
|  \\    /   O peration     | Version:  2312                                  |
|   \\  /    A nd           | Website:  www.openfoam.com                      |
|    \\/     M anipulation  |                                                 |
\*---------------------------------------------------------------------------*/
FoamFile
{
    version     2.0;
    format      ascii;
    arch        "LSB;label=32;scalar=64";
    class       volScalarField;
    location    "137.55";
    object      p;
}
// * * * * * * * * * * * * * * * * * * * * * * * * * * * * * * * * * * * * * //

dimensions      [0 2 -2 0 0 0 0];

internalField   nonuniform List<scalar> 
5478
(
-0.33167
-0.331561
-0.327412
-0.319903
-0.310133
-0.299192
-0.288731
-0.279933
-0.273136
-0.26755
-0.262011
-0.254276
-0.244919
-0.232141
-0.21689
-0.340197
-0.338597
-0.334365
-0.327681
-0.318486
-0.306964
-0.294125
-0.281186
-0.268734
-0.256761
-0.244762
-0.232715
-0.220339
-0.20639
-0.191881
-0.352581
-0.348551
-0.343035
-0.335742
-0.325338
-0.311267
-0.294745
-0.277458
-0.260617
-0.244703
-0.229825
-0.215435
-0.20094
-0.186214
-0.171462
-0.368798
-0.361825
-0.354143
-0.34466
-0.330619
-0.312182
-0.291552
-0.270833
-0.251169
-0.232938
-0.215866
-0.199763
-0.184477
-0.169663
-0.155673
-0.390274
-0.379472
-0.369198
-0.354919
-0.334592
-0.310646
-0.28606
-0.262537
-0.240767
-0.220811
-0.202581
-0.185778
-0.169897
-0.155052
-0.140802
-0.418118
-0.401652
-0.387242
-0.364998
-0.336526
-0.306751
-0.27842
-0.252482
-0.229058
-0.207986
-0.188905
-0.171498
-0.1556
-0.140908
-0.12696
-0.449775
-0.427547
-0.404385
-0.371516
-0.33462
-0.299386
-0.267667
-0.239594
-0.214812
-0.192867
-0.173393
-0.156029
-0.140362
-0.126207
-0.11284
-0.478311
-0.452226
-0.416156
-0.371292
-0.326676
-0.286751
-0.252199
-0.222466
-0.196776
-0.174472
-0.155004
-0.137954
-0.123041
-0.109831
-0.0978249
-0.429533
-0.431999
-0.433313
-0.435637
-0.439137
-0.443436
-0.447983
-0.452233
-0.455973
-0.459627
-0.464413
-0.472251
-0.484668
-0.502183
-0.517576
-0.404235
-0.404696
-0.403454
-0.402307
-0.401664
-0.401601
-0.402324
-0.40431
-0.408435
-0.416023
-0.42863
-0.447204
-0.472727
-0.503547
-0.533022
-0.384474
-0.383215
-0.380202
-0.376545
-0.372864
-0.369633
-0.367573
-0.367706
-0.371534
-0.38044
-0.395934
-0.418699
-0.447041
-0.48171
-0.512807
-0.368413
-0.366162
-0.362017
-0.356272
-0.349796
-0.343521
-0.33857
-0.336333
-0.338374
-0.346244
-0.360474
-0.382517
-0.408237
-0.440522
-0.466034
-0.354593
-0.352423
-0.347517
-0.339794
-0.330317
-0.32067
-0.312422
-0.307248
-0.306773
-0.312913
-0.325626
-0.347123
-0.370993
-0.398841
-0.419297
-0.342688
-0.341381
-0.336046
-0.326619
-0.314271
-0.30142
-0.29035
-0.283352
-0.282281
-0.288872
-0.301714
-0.321012
-0.340779
-0.359318
-0.368928
-0.333262
-0.333017
-0.327637
-0.317662
-0.303904
-0.290229
-0.279138
-0.272828
-0.272511
-0.278087
-0.288071
-0.300281
-0.310704
-0.317091
-0.314303
-0.328981
-0.329234
-0.324314
-0.315267
-0.302673
-0.290803
-0.280854
-0.274481
-0.272467
-0.273651
-0.276819
-0.278476
-0.276983
-0.27118
-0.26156
-0.566894
-0.599563
-0.497153
-0.345733
-0.233932
-0.187458
-0.183435
-0.206191
-0.198531
-0.160554
-0.147819
-0.137858
-0.115953
-0.108051
-0.123216
-0.146931
-0.143009
-0.123486
-0.109459
-0.121718
-0.137446
-0.137441
-0.118171
-0.137938
-0.142293
-0.161845
-0.148684
-0.161927
-0.11962
-0.0893155
-0.0299974
-0.0210537
-0.0171849
-0.0109837
-0.00657292
-0.00444348
-0.00241561
-0.000699063
-0.588887
-0.617497
-0.516896
-0.359029
-0.234487
-0.177983
-0.156149
-0.161268
-0.144868
-0.137136
-0.142697
-0.13632
-0.117587
-0.110359
-0.124809
-0.146419
-0.140788
-0.126507
-0.117109
-0.131444
-0.147754
-0.139247
-0.105878
-0.125743
-0.129006
-0.163202
-0.169406
-0.172095
-0.110514
-0.0839998
-0.0321078
-0.0220914
-0.0166991
-0.0107591
-0.00663907
-0.00443826
-0.00240477
-0.000703078
-0.5658
-0.590568
-0.50074
-0.352813
-0.230239
-0.170361
-0.140378
-0.128411
-0.0995049
-0.117595
-0.136645
-0.134664
-0.120903
-0.114261
-0.12742
-0.144892
-0.137137
-0.127823
-0.122699
-0.139661
-0.157067
-0.13929
-0.0921095
-0.113456
-0.115404
-0.160243
-0.185331
-0.177582
-0.0992305
-0.0769275
-0.0338646
-0.0229935
-0.0161238
-0.0104956
-0.00669395
-0.00442989
-0.00239083
-0.000705524
-0.493489
-0.531499
-0.45581
-0.329708
-0.221702
-0.163186
-0.133046
-0.111842
-0.0773588
-0.102577
-0.132329
-0.136876
-0.126074
-0.122616
-0.131742
-0.142278
-0.132305
-0.126845
-0.125703
-0.146074
-0.165433
-0.139101
-0.0784607
-0.101621
-0.101963
-0.152986
-0.196438
-0.17983
-0.0870925
-0.06865
-0.0351042
-0.0237271
-0.0155023
-0.0102014
-0.00673145
-0.00441768
-0.00237383
-0.000706139
-0.42928
-0.453543
-0.395915
-0.299771
-0.211972
-0.157234
-0.127876
-0.107643
-0.0780881
-0.0992588
-0.130563
-0.139666
-0.132016
-0.13304
-0.137434
-0.139597
-0.126389
-0.123255
-0.125954
-0.15003
-0.172862
-0.137984
-0.0658717
-0.0902264
-0.0890061
-0.142087
-0.203504
-0.178778
-0.0750906
-0.0594862
-0.0356974
-0.0242376
-0.014865
-0.00988983
-0.006743
-0.00440014
-0.00235364
-0.000704796
-0.35966
-0.372925
-0.335373
-0.269653
-0.201496
-0.152737
-0.123229
-0.104024
-0.0885734
-0.100751
-0.137163
-0.143433
-0.134343
-0.138408
-0.137655
-0.134147
-0.118523
-0.116597
-0.123877
-0.151053
-0.178839
-0.137523
-0.0556537
-0.0794525
-0.0768738
-0.127853
-0.206739
-0.175016
-0.0644083
-0.0501895
-0.0357162
-0.0245283
-0.0142564
-0.00956559
-0.0067361
-0.00437971
-0.00233187
-0.000701834
-0.293771
-0.305015
-0.286946
-0.245398
-0.193072
-0.149039
-0.119435
-0.0983056
-0.0964983
-0.112976
-0.14847
-0.142797
-0.130863
-0.141292
-0.139695
-0.132076
-0.111564
-0.10687
-0.119152
-0.149269
-0.181243
-0.134175
-0.0484092
-0.0697311
-0.0663948
-0.109389
-0.207122
-0.167229
-0.0561115
-0.0405266
-0.035161
-0.0245102
-0.0136896
-0.00925425
-0.00668871
-0.00434951
-0.00230714
-0.000696978
-0.249378
-0.257103
-0.246103
-0.221355
-0.184597
-0.146757
-0.12106
-0.0944612
-0.0889568
-0.113926
-0.16237
-0.136669
-0.127143
-0.130652
-0.128507
-0.123171
-0.103616
-0.094336
-0.111985
-0.142791
-0.18676
-0.13217
-0.0429934
-0.0598119
-0.0565332
-0.0891407
-0.203455
-0.157162
-0.0500799
-0.0313043
-0.0338051
-0.0243233
-0.0132103
-0.0089495
-0.00662551
-0.00432478
-0.00228856
-0.000692353
-0.22332
-0.232552
-0.216078
-0.190258
-0.155692
-0.122218
-0.10018
-0.0788254
-0.0620388
-0.0852231
-0.124707
-0.111044
-0.112948
-0.123358
-0.130913
-0.112444
-0.0920254
-0.0796666
-0.10442
-0.131626
-0.16824
-0.12471
-0.03892
-0.0515585
-0.0499741
-0.0763701
-0.189571
-0.143033
-0.0446535
-0.0240378
-0.0316756
-0.0233354
-0.012596
-0.00857477
-0.00645461
-0.00424274
-0.00224907
-0.000678619
-0.16507
-0.177121
-0.163196
-0.140609
-0.11437
-0.0893185
-0.0728135
-0.0542328
-0.0366482
-0.0494422
-0.0683636
-0.0641939
-0.0818544
-0.109945
-0.093958
-0.0875058
-0.0672522
-0.0562618
-0.0859174
-0.122187
-0.159479
-0.114359
-0.0261517
-0.0408528
-0.0324267
-0.0560035
-0.167045
-0.132006
-0.0290604
-0.0166791
-0.0282496
-0.0221917
-0.0115148
-0.00789221
-0.00617621
-0.00412374
-0.00218781
-0.00065543
-0.128486
-0.14119
-0.133117
-0.11659
-0.0958934
-0.0739534
-0.0556846
-0.0345852
-0.00519947
0.0127298
0.0251972
0.0146974
-0.0357809
-0.0813319
-0.0747202
-0.0629452
-0.0469592
-0.0346831
-0.0544716
-0.0932009
-0.120552
-0.0866606
-0.0123995
-0.0313446
-0.022873
-0.033198
-0.133733
-0.108273
-0.0125929
-0.0110195
-0.0242453
-0.0201455
-0.0103111
-0.00729202
-0.00582132
-0.00397681
-0.00212909
-0.000629956
-0.0990121
-0.107887
-0.101985
-0.087285
-0.0677868
-0.0490288
-0.0323033
-0.0138092
0.0122388
0.0378749
0.054362
0.0562025
0.00283215
-0.0419194
-0.0437153
-0.0341304
-0.0213718
-0.0104773
-0.0201611
-0.0613565
-0.0726404
-0.0479318
-0.00624305
-0.0211283
-0.0111992
-0.00725807
-0.0892576
-0.0735114
-8.57101e-05
-0.00566464
-0.0190844
-0.0174318
-0.00927062
-0.00674412
-0.0053453
-0.00379953
-0.00207937
-0.00059925
-0.0715629
-0.0794334
-0.0764174
-0.0661136
-0.0519138
-0.0370836
-0.0227964
-0.00623301
0.0175859
0.040217
0.0552815
0.0583257
0.024104
-0.00898512
-0.0199168
-0.0143835
-0.00707242
0.00385121
0.0129776
-0.0114074
-0.0214871
-0.0114825
-0.00728193
-0.0154476
-0.00325726
0.0154712
-0.0354175
-0.0295252
0.00900743
0.00010467
-0.0126085
-0.0135135
-0.0083179
-0.00625266
-0.00469764
-0.00357994
-0.00204291
-0.000562502
-0.0514267
-0.058145
-0.0563925
-0.048715
-0.0373177
-0.0249164
-0.0120732
0.00180874
0.0192122
0.0347996
0.0451127
0.048827
0.0304024
0.0105794
-0.00140533
0.00228421
0.00919934
0.014919
0.023834
-0.00108591
-0.000766587
0.00867551
-0.00683489
-0.00670524
0.00527981
0.0307973
0.00649762
0.00668424
0.0140061
0.00579752
-0.00555886
-0.00874581
-0.00751532
-0.00571014
-0.00382277
-0.00331588
-0.00202481
-0.000519523
-0.0358709
-0.0405981
-0.0396227
-0.0341089
-0.0255617
-0.0162596
-0.00645631
0.00389579
0.0159901
0.0276465
0.034743
0.0377417
0.0285788
0.0168843
0.00713178
0.00971568
0.0141111
0.0181671
0.0274582
0.0110789
0.0109408
0.0166491
0.000399766
0.00346963
0.010811
0.0370687
0.029382
0.0235846
0.0147509
0.00886654
-0.000104346
-0.00457677
-0.00662741
-0.00491552
-0.00291469
-0.00302265
-0.00197759
-0.000461381
-0.0227978
-0.026707
-0.0265412
-0.022771
-0.0165894
-0.00972674
-0.00232358
0.00539729
0.013683
0.0217601
0.0268069
0.0292293
0.0250105
0.0197436
0.0143154
0.0155183
0.0196905
0.0206044
0.0261925
0.0171856
0.0144569
0.0181524
0.00882334
0.0120543
0.0144398
0.0332648
0.0275139
0.0226055
0.0142
0.0100231
0.00278189
-0.00177597
-0.00531414
-0.00385811
-0.00215226
-0.002699
-0.0018487
-0.000395278
-0.0130666
-0.0161575
-0.0162679
-0.0137209
-0.00936797
-0.00443345
0.000874601
0.00632995
0.0118673
0.0173969
0.0210409
0.0231654
0.021709
0.0198408
0.0172844
0.0169671
0.0193771
0.0201425
0.0235067
0.0193836
0.0180395
0.0182941
0.0125164
0.0152981
0.0159333
0.0286214
0.0260215
0.0206879
0.014331
0.00975012
0.00407894
0.000145931
-0.0035748
-0.00269973
-0.00151333
-0.0022774
-0.00159634
-0.000321626
-0.00557433
-0.00787952
-0.00816919
-0.00656572
-0.0036354
-0.000224627
0.00345758
0.00721838
0.0109594
0.0146972
0.0173533
0.0192402
0.0191316
0.0187728
0.017997
0.0179417
0.0199994
0.0201391
0.0213365
0.0188855
0.0156921
0.0176337
0.0150854
0.0176628
0.0175772
0.0241909
0.0232459
0.0186959
0.0147381
0.00982404
0.00469844
0.00147282
-0.00181795
-0.00158606
-0.000957461
-0.00175276
-0.00126023
-0.00025335
0.000352937
-0.00145727
-0.00188384
-0.000964246
0.000954662
0.00327176
0.00576089
0.00829029
0.0107703
0.0132906
0.0152292
0.0167774
0.0172959
0.0177204
0.017898
0.0178485
0.0189316
0.0191834
0.0196167
0.0183611
0.0171237
0.0176875
0.0160569
0.0175683
0.0174962
0.0209176
0.0209562
0.0173163
0.0145192
0.0100087
0.00551106
0.00263266
-0.000224925
-0.000544653
-0.000389725
-0.00115014
-0.00087735
-0.0001765
0.00485275
0.00342664
0.00297791
0.00347947
0.00469109
0.0062043
0.00782921
0.00948283
0.0111212
0.0128069
0.0141981
0.0154142
0.0161152
0.0167062
0.0172066
0.0174541
0.0182103
0.0184539
0.0187031
0.0179861
0.0174429
0.0175879
0.0167152
0.017824
0.0179106
0.0190194
0.0189056
0.0160634
0.0141259
0.0103855
0.0063497
0.00360981
0.00109618
0.000382995
0.000181088
-0.000548951
-0.000504346
-9.86606e-05
0.0082939
0.00719335
0.00675482
0.00696773
0.00768431
0.00863999
0.00967949
0.0107244
0.0117636
0.0128386
0.0138328
0.0147318
0.0154178
0.0160041
0.0165713
0.0169412
0.0173905
0.0176084
0.0177824
0.0174559
0.0172421
0.0172938
0.0166766
0.0171056
0.0170691
0.0173796
0.0170389
0.0148322
0.0131703
0.0104019
0.00702957
0.00445618
0.00215438
0.00118359
0.000724403
9.14949e-06
-0.000149373
-1.22773e-05
0.0109463
0.0100807
0.00965489
0.00968434
0.010081
0.0106648
0.0113001
0.0119165
0.0125462
0.0132188
0.0138893
0.01451
0.0150422
0.0155321
0.0159955
0.016376
0.0167026
0.0168991
0.017097
0.0169328
0.0168047
0.0167484
0.0163463
0.0164486
0.0162653
0.0160912
0.015516
0.0137986
0.0124457
0.0103251
0.00756656
0.0052225
0.00310043
0.00192662
0.00124368
0.000512612
0.000182202
8.23537e-05
0.0129454
0.0122689
0.0118859
0.0118096
0.0119867
0.0123034
0.0126605
0.013004
0.0133577
0.0137492
0.0141603
0.0145525
0.0149066
0.0152598
0.0156058
0.0159009
0.0161344
0.0162748
0.0164152
0.0163379
0.0162132
0.0161366
0.0158222
0.0156913
0.0153499
0.0149239
0.0142907
0.0129211
0.0116826
0.0100368
0.00784965
0.00581209
0.00389744
0.00258203
0.00170989
0.000931222
0.00046567
0.000169237
0.0144566
0.0139294
0.0135886
0.0134499
0.0134865
0.0136281
0.0137973
0.0139529
0.0141139
0.014307
0.0145293
0.0147479
0.0149421
0.0151528
0.0153701
0.0155581
0.0156962
0.0157676
0.0158377
0.0157801
0.0156475
0.0155088
0.0152171
0.0149614
0.014552
0.0140228
0.0133352
0.0122225
0.0111038
0.00973367
0.00799694
0.00625184
0.00454296
0.00319249
0.00217453
0.00131354
0.000717493
0.000255061
0.0155792
0.0151648
0.0148664
0.0146993
0.0146491
0.0146722
0.0147108
0.0147398
0.0147707
0.014829
0.0149106
0.0149923
0.0150653
0.0151433
0.0152424
0.0153197
0.0153676
0.0153684
0.0153666
0.0152786
0.015112
0.01493
0.0146274
0.0142921
0.0138446
0.0132757
0.0125865
0.0116389
0.0106169
0.00942688
0.00800313
0.00651501
0.00500895
0.00370161
0.00260314
0.00164864
0.000924158
0.000319446
0.0163984
0.0160718
0.0158127
0.0156339
0.0155288
0.015473
0.0154247
0.0153701
0.0153136
0.0152779
0.0152561
0.0152362
0.0152106
0.0151903
0.0151877
0.0151688
0.0151322
0.0150611
0.0149814
0.0148465
0.0146434
0.0144152
0.014094
0.0137233
0.0132515
0.0126794
0.012003
0.0111606
0.0102317
0.00916959
0.00796251
0.00667702
0.00534239
0.00410281
0.00298027
0.00195753
0.00111497
0.000380411
0.0169847
0.0167226
0.0164959
0.0163149
0.0161773
0.0160705
0.0159646
0.015855
0.0157402
0.0156412
0.015547
0.0154552
0.0153558
0.0152605
0.0151755
0.0150775
0.0149678
0.0148296
0.0146835
0.0144941
0.0142538
0.0139815
0.013639
0.013244
0.0127616
0.0122015
0.0115475
0.0107776
0.0099213
0.00895782
0.00789539
0.00675157
0.00556041
0.00439118
0.00327683
0.00222621
0.00128473
0.000430104
0.0173868
0.0171714
0.0169709
0.0167927
0.0166367
0.016497
0.016355
0.0162096
0.0160586
0.0159163
0.0157737
0.0156306
0.0154798
0.0153294
0.0151833
0.0150239
0.0148545
0.0146614
0.0144597
0.0142223
0.013946
0.0136376
0.0132721
0.0128596
0.0123724
0.0118238
0.0111933
0.0104736
0.00967839
0.00878706
0.00782339
0.00678621
0.0056969
0.00459453
0.00350436
0.00243995
0.00142772
0.00047556
0.0176494
0.017466
0.0172849
0.017111
0.0169454
0.0167853
0.0166219
0.0164539
0.0162815
0.0161102
0.0159366
0.0157588
0.0155735
0.0153848
0.0151933
0.0149912
0.0147762
0.0145439
0.0142976
0.0140234
0.0137172
0.0133787
0.0129962
0.0125676
0.0120803
0.011538
0.0109247
0.0102421
0.00948677
0.00865364
0.00775713
0.00678721
0.0057717
0.00472271
0.00365312
0.00259137
0.00154001
0.000511063
0.017804
0.0176405
0.0174727
0.0173033
0.0171334
0.0169624
0.0167867
0.0166067
0.0164213
0.0162336
0.0160403
0.0158419
0.015635
0.0154223
0.015202
0.0149715
0.0147276
0.0144676
0.0141917
0.0138917
0.0135636
0.0132048
0.012808
0.0123701
0.0118814
0.011342
0.0107421
0.0100791
0.00935389
0.0085583
0.00770187
0.00678064
0.0058083
0.00479747
0.00374896
0.00268819
0.00161714
0.000538124
0.0178712
0.0177177
0.0175573
0.0173913
0.0172204
0.017045
0.0168643
0.016679
0.0164881
0.0162927
0.0160903
0.0158819
0.0156647
0.0154402
0.0152056
0.0149606
0.0147019
0.0144278
0.0141362
0.0138227
0.0134831
0.0131132
0.0127092
0.0122654
0.0117763
0.0112382
0.0106448
0.00999289
0.0092817
0.00850633
0.007671
0.00677377
0.00582368
0.00483236
0.003795
0.00273587
0.00165701
0.000552883
-0.0831239
-0.0952332
-0.108069
-0.120802
-0.136083
-0.15066
-0.169683
-0.191401
-0.0676228
-0.0765303
-0.0859738
-0.0957296
-0.106569
-0.116797
-0.127472
-0.140758
-0.0527741
-0.0588284
-0.0649074
-0.0716076
-0.0788873
-0.0857989
-0.093969
-0.106135
-0.0407022
-0.0447827
-0.048799
-0.0533962
-0.0588966
-0.0650992
-0.0736846
-0.0838417
-0.0301235
-0.03298
-0.0359189
-0.0397079
-0.0446709
-0.0497566
-0.0548819
-0.0607007
-0.0214329
-0.0234012
-0.0256059
-0.0282972
-0.0313132
-0.0338131
-0.0368737
-0.0420221
-0.0139575
-0.0151367
-0.0163604
-0.0177422
-0.019517
-0.0216625
-0.024994
-0.029376
-0.0074432
-0.00802877
-0.00870082
-0.00975237
-0.0114127
-0.0133538
-0.0155277
-0.0182149
-0.00212143
-0.00246738
-0.00291466
-0.0036546
-0.00469806
-0.00576644
-0.00714003
-0.00935476
0.00233295
0.00217927
0.00200133
0.00163792
0.00100438
0.000168688
-0.00106208
-0.00285706
0.006067
0.0060031
0.00593076
0.00569982
0.00522385
0.00456708
0.00366976
0.00236241
0.00909012
0.00903951
0.00899873
0.00885876
0.0085521
0.00810393
0.00744382
0.00641257
0.0115445
0.0114869
0.0114576
0.0113725
0.0111634
0.0108199
0.0102912
0.00947832
0.013497
0.0134149
0.0133654
0.0132889
0.0131284
0.0128645
0.0124607
0.0118428
0.0150132
0.014907
0.0148328
0.014754
0.0146255
0.0144213
0.0141077
0.0136312
0.016169
0.0160461
0.0159502
0.015861
0.0157454
0.0155791
0.0153344
0.0149734
0.0170247
0.016893
0.016783
0.016685
0.0165768
0.0164378
0.0162447
0.0159704
0.0176455
0.0175116
0.0173943
0.01729
0.0171847
0.0170617
0.0169045
0.0166944
0.0180827
0.0179502
0.0178309
0.0177233
0.0176196
0.0175072
0.0173755
0.0172115
0.0183781
0.0182501
0.018132
0.0180238
0.0179208
0.017815
0.0176995
0.0175669
0.0185643
0.0184426
0.0183277
0.0182207
0.0181184
0.0180168
0.0179116
0.0177992
0.0186643
0.0185502
0.0184405
0.0183357
0.0182346
0.0181354
0.0180361
0.0179351
0.0186975
0.0185923
0.0184883
0.0183863
0.0182862
0.0181879
0.0180907
0.0179941
0.0690636
0.0727138
0.0761116
0.078659
0.0795503
0.0785961
0.0756635
0.0702198
0.061266
0.0473595
0.0265221
-0.00398583
-0.0486359
-0.110868
-0.166753
0.0474042
0.0489785
0.0488176
0.0471859
0.0439922
0.0389252
0.0314874
0.0208884
0.00599751
-0.0147219
-0.0433655
-0.0826515
-0.136891
-0.210591
-0.270338
0.0257269
0.025003
0.0212471
0.015827
0.00903482
0.00031242
-0.0111613
-0.0263368
-0.0464014
-0.072948
-0.108204
-0.154967
-0.216503
-0.298732
-0.356589
0.00396448
0.000467357
-0.00637078
-0.0146818
-0.0243599
-0.0362189
-0.0511994
-0.0702679
-0.0946144
-0.125805
-0.166225
-0.218804
-0.286015
-0.368978
-0.423574
-0.0183239
-0.0245172
-0.0334646
-0.0437001
-0.0555784
-0.0700255
-0.0878493
-0.109993
-0.137613
-0.172136
-0.21604
-0.272271
-0.341523
-0.421055
-0.470175
-0.039933
-0.0486881
-0.0591082
-0.0707334
-0.0843377
-0.100808
-0.120738
-0.145032
-0.174765
-0.211434
-0.257127
-0.314003
-0.381944
-0.454819
-0.496717
-0.0605806
-0.0711985
-0.0825332
-0.0953122
-0.110384
-0.128358
-0.149761
-0.175315
-0.206042
-0.243305
-0.288757
-0.343745
-0.407198
-0.470212
-0.505084
-0.0806478
-0.0915339
-0.103678
-0.11762
-0.133826
-0.152775
-0.174949
-0.200941
-0.231625
-0.268095
-0.311551
-0.362446
-0.418158
-0.468504
-0.498077
0.187612
0.20245
0.219012
0.23773
0.258683
0.28177
0.306888
0.333986
0.362988
0.393637
0.425344
0.456923
0.486366
0.509629
0.528735
0.186443
0.200578
0.216433
0.234537
0.254882
0.277232
0.301415
0.327373
0.355031
0.384107
0.413947
0.443284
0.469996
0.490095
0.506088
0.181137
0.193739
0.208269
0.225226
0.244373
0.265255
0.287588
0.311262
0.336164
0.361949
0.387865
0.412521
0.433583
0.447226
0.457088
0.171685
0.182163
0.194898
0.210157
0.227386
0.245958
0.265528
0.285935
0.306962
0.328112
0.348444
0.366361
0.379213
0.383266
0.384631
0.158139
0.166144
0.176965
0.190378
0.205254
0.220758
0.236579
0.25261
0.268585
0.283845
0.297205
0.306795
0.309585
0.301672
0.29242
0.140856
0.145927
0.154615
0.165988
0.178257
0.190382
0.202041
0.213107
0.223231
0.231602
0.236828
0.236789
0.228081
0.206609
0.184672
0.120078
0.12295
0.129789
0.138537
0.147329
0.155371
0.162418
0.168216
0.172174
0.173244
0.169807
0.159498
0.138579
0.102946
0.0678213
0.0958697
0.0976258
0.103481
0.109569
0.114476
0.117916
0.119878
0.120015
0.117492
0.111024
0.0987647
0.0780907
0.0448919
-0.00467298
-0.0518156
0.02704
0.0314543
0.0277833
0.0317064
0.0292467
0.0335607
0.0317976
0.0361992
0.035539
0.0400373
0.0408087
0.0455315
0.0481461
0.0538161
0.0584937
0.0658069
0.0732739
0.0832455
0.0943884
0.10846
0.124536
0.144203
0.166892
0.0271091
0.0314917
0.0278706
0.0317557
0.0294031
0.033623
0.0319439
0.0363059
0.0357088
0.0401923
0.0410951
0.0459675
0.0485159
0.054235
0.0589214
0.0663212
0.0738471
0.0838578
0.0949797
0.109062
0.12487
0.144403
0.166533
0.0271881
0.0315038
0.0279747
0.0317742
0.0295368
0.0336504
0.0321223
0.0363764
0.035965
0.0403047
0.0414096
0.0460826
0.0488612
0.0545274
0.0592666
0.0666358
0.0741685
0.0841609
0.0950086
0.108878
0.124009
0.142873
0.163342
0.0272755
0.0314921
0.0280914
0.0317648
0.0296903
0.0336493
0.0323242
0.0364131
0.036215
0.0404156
0.0417332
0.0463016
0.0492783
0.0549675
0.0597061
0.067222
0.0744824
0.0845135
0.0947894
0.10825
0.122094
0.139573
0.157165
0.0273712
0.0314597
0.0282277
0.0317318
0.0298608
0.033625
0.0325443
0.0364194
0.0364768
0.0404834
0.0420489
0.0463378
0.0495932
0.0550471
0.0598648
0.0672041
0.0742629
0.0839562
0.0936524
0.106305
0.118606
0.134158
0.147798
0.0274694
0.0314086
0.0283662
0.0316808
0.0300409
0.0335886
0.0327758
0.0364186
0.0367755
0.0405883
0.0424205
0.0466802
0.0500889
0.0556603
0.060356
0.0679651
0.0744958
0.0842426
0.0928395
0.104631
0.11443
0.127184
0.135644
0.027575
0.031342
0.0285102
0.0316185
0.0302238
0.0335349
0.0330045
0.036389
0.03701
0.040625
0.0426574
0.0465799
0.050297
0.0554123
0.0602247
0.0673587
0.07368
0.0825639
0.0904453
0.10055
0.108387
0.117628
0.120478
0.0276803
0.0312674
0.0286513
0.031553
0.0304178
0.0335091
0.0332469
0.0364374
0.0373774
0.0408174
0.0431572
0.0471627
0.0509232
0.056397
0.0609779
0.0685412
0.0741632
0.0832391
0.0892622
0.0982481
0.101857
0.106709
0.101706
0.0278059
0.0311558
0.0288338
0.0314287
0.0306239
0.033376
0.0334889
0.0362699
0.03754
0.0407762
0.0432129
0.0468168
0.0507679
0.055491
0.0601504
0.06649
0.0716764
0.0784338
0.0834663
0.0882133
0.0894487
0.0869014
0.076701
0.0279691
0.0309857
0.0290649
0.0312425
0.0308614
0.0331296
0.0336977
0.0359437
0.0375753
0.0402293
0.0429094
0.046057
0.0498587
0.053777
0.0580775
0.0629335
0.0672724
0.0714954
0.0747568
0.0756933
0.0745526
0.0687273
0.0602163
0.0281659
0.0307524
0.0293296
0.0309966
0.0311285
0.0328031
0.0339164
0.0355937
0.0375588
0.0397731
0.0425253
0.0451876
0.048738
0.0519071
0.0556978
0.0591596
0.0624268
0.0645999
0.0659375
0.0647726
0.0615572
0.0552549
0.0469806
0.0283975
0.0304474
0.0296308
0.0307064
0.031383
0.0325241
0.0340078
0.0352993
0.0374384
0.0392054
0.0419239
0.0441955
0.0472808
0.0498206
0.0528572
0.0551163
0.0571925
0.0578441
0.0575094
0.0551044
0.0507212
0.0441979
0.0361428
0.0286683
0.0300635
0.0299255
0.0304749
0.0315395
0.0322995
0.0339941
0.0350174
0.037155
0.0386308
0.0410891
0.0430657
0.0454976
0.0474965
0.0496912
0.0508856
0.0518447
0.0513873
0.0498217
0.0467192
0.0419434
0.0355701
0.0279679
0.0289739
0.0296708
0.0301277
0.0303092
0.0316197
0.0321055
0.0338585
0.0347131
0.0367087
0.037962
0.0400472
0.0417595
0.0434898
0.044929
0.0463388
0.0466162
0.0466284
0.045413
0.0431539
0.0396873
0.0349515
0.0289741
0.0219451
0.0292668
0.0293179
0.0302333
0.0301957
0.0316037
0.0319363
0.0335933
0.0343724
0.0360995
0.0371801
0.0388497
0.0402483
0.04133
0.0421967
0.04292
0.0425022
0.0417747
0.0400837
0.0375321
0.0339709
0.029485
0.0240663
0.0177717
0.0295238
0.0290217
0.030248
0.0301178
0.0314814
0.0317724
0.0332052
0.0339633
0.0353641
0.0362646
0.0375217
0.0385529
0.0390819
0.0394355
0.0395711
0.0386824
0.0374548
0.0354917
0.032896
0.0294825
0.0253864
0.02062
0.0151637
0.0297178
0.028803
0.0301592
0.0300614
0.0312587
0.0315872
0.0327252
0.0334552
0.0345267
0.0352131
0.0360905
0.0367372
0.0368176
0.0367497
0.0364267
0.0352495
0.0337352
0.0316775
0.0291958
0.0260965
0.0224858
0.0183971
0.0137853
0.0298303
0.0286711
0.0299678
0.0300042
0.0309517
0.0313412
0.032187
0.0328326
0.0336034
0.0340549
0.0345919
0.034878
0.0346129
0.0342287
0.0335845
0.0322594
0.0306373
0.0286317
0.0263572
0.0236469
0.0205648
0.0171396
0.0133182
0.0298481
0.0286224
0.0296928
0.0299107
0.0305995
0.0310084
0.0316057
0.0321069
0.0326106
0.0328271
0.0330677
0.0330506
0.0325453
0.0319405
0.031098
0.0297363
0.02814
0.0262859
0.0242688
0.0219616
0.0193998
0.0165928
0.0134823
0.0297664
0.0286383
0.0293665
0.0297232
0.0302251
0.0305895
0.0309845
0.0313067
0.0315724
0.031578
0.0315711
0.0313251
0.0306667
0.0299256
0.0289903
0.0276733
0.0261864
0.0245382
0.0227986
0.0208739
0.0187826
0.0165191
0.0140203
0.0295914
0.0286842
0.0290487
0.0294112
0.0298146
0.0301006
0.0303258
0.0304665
0.0305237
0.0303583
0.0301565
0.0297462
0.0290057
0.0282039
0.0272556
0.0260353
0.0247027
0.0232795
0.0218121
0.0202296
0.0185408
0.0167315
0.014737
0.0293415
0.0287054
0.0287804
0.0290202
0.0293469
0.0295395
0.0296294
0.0296181
0.0295038
0.0292068
0.0288604
0.0283438
0.0275784
0.0267726
0.0258646
0.0247711
0.0236106
0.0224067
0.0211883
0.0199008
0.0185474
0.0171113
0.0155315
0.0290403
0.0286183
0.0285446
0.0286458
0.028839
0.0289231
0.0289044
0.0287778
0.0285389
0.0281491
0.0277064
0.027133
0.0263827
0.0256117
0.0247763
0.0238205
0.0228297
0.0218254
0.0208247
0.0197854
0.0187073
0.017574
0.0163308
0.028714
0.0284385
0.0283093
0.0282804
0.0283182
0.0282899
0.0281757
0.0279613
0.0276406
0.0271986
0.0267064
0.0261175
0.0254093
0.0246963
0.0239467
0.0231219
0.0222836
0.0214501
0.0206309
0.0197939
0.0189366
0.0180445
0.0170705
0.0283793
0.0281883
0.0280351
0.0279113
0.0278126
0.027676
0.0274752
0.0271936
0.0268231
0.026362
0.0258603
0.0252898
0.0246414
0.0239978
0.0233343
0.022624
0.0219124
0.021216
0.0205407
0.0198633
0.0191801
0.0184778
0.0177195
0.0280447
0.0278947
0.0277223
0.0275348
0.0273374
0.0271082
0.0268328
0.026499
0.0260997
0.0256396
0.0251533
0.0246226
0.0240438
0.0234724
0.0228896
0.0222774
0.0216685
0.021078
0.0205124
0.0199569
0.0194076
0.0188533
0.0182657
0.0277166
0.0275821
0.0273921
0.0271615
0.0268989
0.0266025
0.0262705
0.0258993
0.0254857
0.0250374
0.0245772
0.024092
0.023578
0.0230694
0.0225556
0.0220268
0.0215045
0.0209997
0.0205195
0.0200566
0.0196087
0.0191671
0.0187108
0.027406
0.027275
0.0270697
0.0268098
0.026506
0.0261662
0.0257982
0.0254054
0.0249884
0.0245555
0.0241215
0.0236767
0.0232167
0.0227614
0.0223071
0.0218492
0.0213999
0.0209661
0.0205535
0.0201599
0.0197851
0.0194241
0.0190634
0.0271319
0.0270007
0.026784
0.0265047
0.0261765
0.0258117
0.025423
0.0250192
0.024603
0.0241811
0.0237646
0.0233501
0.0229331
0.022523
0.0221198
0.0217226
0.0213375
0.0209667
0.0206113
0.0202704
0.0199464
0.0196399
0.0193459
0.0269157
0.0267822
0.0265588
0.02627
0.0259303
0.0255534
0.0251553
0.0247497
0.02434
0.0239291
0.023526
0.023133
0.022747
0.0223691
0.0220001
0.0216409
0.0212949
0.0209632
0.0206465
0.0203451
0.020061
0.0197961
0.0195491
0.0267994
0.0266665
0.0264364
0.0261371
0.0257873
0.0254011
0.0249956
0.0245859
0.024177
0.0237721
0.0233792
0.0230027
0.0226392
0.0222848
0.0219391
0.0216043
0.0212836
0.0209788
0.0206907
0.0204198
0.0201676
0.0199359
0.0197262
0.0630153
0.0443563
0.0217768
0.00210511
-0.0167636
-0.0353866
-0.0537443
-0.0693678
0.0509039
0.0339864
0.011841
-0.00697001
-0.0214952
-0.0342798
-0.0469561
-0.0577946
0.0399255
0.0268061
0.00789982
-0.00829122
-0.0187996
-0.0274417
-0.0366473
-0.0453458
0.0298626
0.0198644
0.00464834
-0.00871559
-0.0169084
-0.023162
-0.0295458
-0.0355684
0.0217123
0.0138563
0.00287239
-0.00679646
-0.0130271
-0.0176623
-0.0221384
-0.0264219
0.0159134
0.00953364
0.0021273
-0.00439866
-0.00905665
-0.012655
-0.0159173
-0.0188934
0.01223
0.00716878
0.00237934
-0.00177666
-0.00507702
-0.00782718
-0.0102483
-0.0123016
0.0102877
0.00636663
0.00340263
0.000915274
-0.00129847
-0.00331883
-0.00507767
-0.00645808
0.00964052
0.00666532
0.00493454
0.00357177
0.00217245
0.000739102
-0.000537299
-0.00149645
0.00988662
0.00766686
0.00674223
0.00610573
0.00528452
0.00430683
0.00339242
0.0027226
0.0107054
0.00907609
0.00866142
0.0084727
0.00804414
0.00740971
0.00677415
0.0063123
0.0118135
0.010634
0.0105276
0.0106132
0.0104536
0.0100642
0.00961846
0.00927643
0.0129973
0.0121441
0.012206
0.0124553
0.0124926
0.0122869
0.0119766
0.0117079
0.0141742
0.0135619
0.0137071
0.0140214
0.0141639
0.0140812
0.0138709
0.0136542
0.0152789
0.0148386
0.0150073
0.0153185
0.0154967
0.0154852
0.0153451
0.0151677
0.0162639
0.015948
0.0161055
0.0163766
0.0165477
0.0165664
0.0164686
0.0163194
0.017108
0.0168811
0.0170092
0.0172225
0.0173612
0.017381
0.0173024
0.0171704
0.0178061
0.017641
0.0177325
0.0178831
0.017978
0.0179824
0.017908
0.0177855
0.0183655
0.0182407
0.0182942
0.0183853
0.0184342
0.0184154
0.0183363
0.0182175
0.0187988
0.0186964
0.0187124
0.0187504
0.0187564
0.0187129
0.0186249
0.0185076
0.0191337
0.0190361
0.0190114
0.0189993
0.0189656
0.018899
0.0188029
0.0186875
0.0193692
0.0192674
0.0192046
0.019148
0.0190795
0.0189934
0.0188915
0.0187797
0.0195627
0.0194394
0.0193258
0.019219
0.0191155
0.0190124
0.0189083
0.0188031
-0.626978
-0.635988
-0.649975
-0.669288
-0.693901
-0.721738
-0.747182
-0.764287
-0.622006
-0.630293
-0.64302
-0.659546
-0.678824
-0.700015
-0.719823
-0.731928
-0.618237
-0.624519
-0.634442
-0.646891
-0.660311
-0.671851
-0.677874
-0.674087
-0.616457
-0.618646
-0.62292
-0.627237
-0.6301
-0.629246
-0.622104
-0.606216
-0.61626
-0.610982
-0.605622
-0.599016
-0.590782
-0.579832
-0.564175
-0.541507
-0.613834
-0.597967
-0.581457
-0.564789
-0.548328
-0.530947
-0.510394
-0.484136
-0.603979
-0.576926
-0.550927
-0.527373
-0.506064
-0.485151
-0.462045
-0.434182
-0.582882
-0.547022
-0.515368
-0.488572
-0.465168
-0.442778
-0.418686
-0.39045
-0.549426
-0.509411
-0.476512
-0.449438
-0.425954
-0.403515
-0.379551
-0.351816
-0.505589
-0.466687
-0.435956
-0.410677
-0.388493
-0.367017
-0.343995
-0.317398
-0.455371
-0.421386
-0.395009
-0.372795
-0.352813
-0.33304
-0.311496
-0.286518
-0.402224
-0.375655
-0.354639
-0.336188
-0.31899
-0.301351
-0.281701
-0.258679
-0.3497
-0.330691
-0.315467
-0.301198
-0.286988
-0.271843
-0.254328
-0.23357
-0.297059
-0.287032
-0.277947
-0.268068
-0.257023
-0.244378
-0.229155
-0.210786
-0.246275
-0.246771
-0.242176
-0.237227
-0.228661
-0.218361
-0.20542
-0.189764
-0.461167
-0.497348
-0.533925
-0.56604
-0.590461
-0.60655
-0.6158
-0.621307
-0.465506
-0.502671
-0.539091
-0.569933
-0.592244
-0.605955
-0.613091
-0.617156
-0.469954
-0.510166
-0.548433
-0.579474
-0.600488
-0.611415
-0.614994
-0.61573
-0.476535
-0.521596
-0.563077
-0.595153
-0.614848
-0.622428
-0.621379
-0.617508
-0.485465
-0.536236
-0.582298
-0.615804
-0.634177
-0.638091
-0.631552
-0.622984
-0.495705
-0.552568
-0.604208
-0.639417
-0.656293
-0.655864
-0.644273
-0.629116
-0.505819
-0.568914
-0.625314
-0.662207
-0.677107
-0.672161
-0.65407
-0.630128
-0.513917
-0.5817
-0.641554
-0.678881
-0.690644
-0.680002
-0.653839
-0.619713
-0.518051
-0.586947
-0.647163
-0.682826
-0.689251
-0.67182
-0.637147
-0.593925
-0.516922
-0.581238
-0.636808
-0.66629
-0.666129
-0.641856
-0.600613
-0.552317
-0.510562
-0.563099
-0.607487
-0.626501
-0.618124
-0.589342
-0.545987
-0.498523
-0.500462
-0.533355
-0.559739
-0.565561
-0.549234
-0.518696
-0.479055
-0.437782
-0.489402
-0.494453
-0.493747
-0.48254
-0.461956
-0.437233
-0.407344
-0.375587
-0.480326
-0.452287
-0.424165
-0.395249
-0.372219
-0.354258
-0.337318
-0.316003
-0.47228
-0.407577
-0.343831
-0.298297
-0.281515
-0.274772
-0.269417
-0.258689
-0.488444
-0.382446
-0.273816
-0.183025
-0.162462
-0.173297
-0.185019
-0.200303
-0.511715
-0.367415
-0.232281
-0.141307
-0.0673441
-0.0717358
-0.0943618
-0.128579
-0.413865
-0.28675
-0.163273
-0.0550208
0.0236654
0.0374248
0.000983964
-0.0496831
-0.298927
-0.229796
-0.165543
-0.0845725
0.029335
0.109761
0.109197
0.0470944
-0.223916
-0.208435
-0.184383
-0.134162
-0.0439418
0.0523589
0.124705
0.115821
-0.199052
-0.208496
-0.205293
-0.177829
-0.120683
-0.0524316
0.0223832
0.0747729
-0.215815
-0.240236
-0.246892
-0.237433
-0.213207
-0.175054
-0.126642
-0.0475223
-0.252227
-0.287283
-0.303119
-0.300858
-0.286383
-0.252082
-0.215261
-0.137961
-0.250193
-0.284815
-0.299879
-0.295449
-0.280016
-0.246447
-0.223631
-0.169076
-0.184174
-0.204071
-0.218263
-0.223146
-0.216118
-0.196869
-0.182963
-0.148336
-0.151735
-0.154784
-0.154305
-0.152661
-0.147882
-0.14031
-0.135637
-0.120507
-0.139664
-0.140566
-0.138512
-0.134281
-0.128106
-0.12085
-0.115775
-0.10879
-0.116563
-0.117595
-0.119639
-0.119615
-0.115581
-0.107076
-0.096893
-0.087579
-0.107521
-0.107248
-0.109706
-0.114062
-0.11819
-0.119296
-0.114063
-0.100049
-0.122493
-0.122764
-0.125433
-0.13036
-0.136038
-0.138418
-0.137515
-0.13264
-0.145872
-0.1439
-0.142145
-0.141606
-0.142529
-0.144872
-0.145821
-0.14859
-0.143438
-0.142525
-0.141023
-0.140225
-0.138854
-0.139445
-0.137194
-0.14006
-0.119565
-0.11511
-0.109669
-0.104306
-0.0987302
-0.096022
-0.0918005
-0.092511
-0.100269
-0.0899957
-0.0787981
-0.0680476
-0.0585177
-0.051306
-0.0466237
-0.0432275
-0.111024
-0.0998011
-0.0884943
-0.0778645
-0.0685359
-0.0606349
-0.0548592
-0.049206
-0.126227
-0.114249
-0.101934
-0.0898006
-0.0784946
-0.0676554
-0.0581637
-0.0494344
-0.133722
-0.127735
-0.119912
-0.110348
-0.0995296
-0.0868888
-0.0718442
-0.0568478
-0.12824
-0.135171
-0.138744
-0.138764
-0.135389
-0.128884
-0.118597
-0.104878
-0.14967
-0.160065
-0.168226
-0.173339
-0.17496
-0.17289
-0.167312
-0.158079
-0.154539
-0.165111
-0.173328
-0.179034
-0.181886
-0.182099
-0.178135
-0.174533
-0.155991
-0.145696
-0.131968
-0.118032
-0.105273
-0.096306
-0.0873947
-0.0829437
-0.123602
-0.0957675
-0.0680888
-0.0433893
-0.0226279
-0.00725814
0.00300505
0.00897771
-0.147077
-0.128728
-0.108195
-0.0867316
-0.0655114
-0.0455185
-0.0264458
-0.00959741
-0.125869
-0.128748
-0.12824
-0.124467
-0.117941
-0.109238
-0.0989615
-0.0872608
-0.0926872
-0.0940321
-0.0935969
-0.0914597
-0.0874303
-0.0821713
-0.075277
-0.0683187
-0.0277007
-0.0253596
-0.023209
-0.0214198
-0.0199694
-0.0190179
-0.0184319
-0.0182563
-0.0199397
-0.0187809
-0.0176222
-0.0165097
-0.0154787
-0.014572
-0.0137774
-0.013064
-0.0175442
-0.017754
-0.0177932
-0.0176554
-0.0173385
-0.0168695
-0.016277
-0.0155487
-0.0111521
-0.0112626
-0.0113188
-0.0113203
-0.0112623
-0.0111604
-0.0110004
-0.0108429
-0.00649939
-0.00642342
-0.00635222
-0.00629054
-0.00623962
-0.00621016
-0.00618503
-0.00618787
-0.00444542
-0.00444278
-0.0044361
-0.00442387
-0.0044031
-0.00437524
-0.00432739
-0.00428032
-0.00242396
-0.00242951
-0.00243368
-0.00243649
-0.00243753
-0.00243676
-0.00243124
-0.00242519
-0.000693776
-0.000687979
-0.00068285
-0.000679515
-0.000679122
-0.000682908
-0.00069116
-0.000706841
-0.179176
-0.14492
-0.116832
-0.0937982
-0.0751026
-0.0600191
-0.0465042
-0.0357096
-0.0269598
-0.0196458
-0.0136845
-0.00872713
-0.004674
-0.00139225
0.00130094
0.00346803
0.0052046
0.00657977
0.00765225
0.00846768
0.00905696
0.00944661
0.00964586
-0.128144
-0.104096
-0.0926081
-0.0798428
-0.067807
-0.0561762
-0.0452973
-0.0359026
-0.0276721
-0.0206025
-0.0146164
-0.00957122
-0.00541911
-0.00199222
0.000820467
0.00309152
0.00491645
0.006358
0.00747909
0.0083278
0.00893924
0.00934214
0.00954745
-0.0506288
-0.0448039
-0.0512281
-0.0513494
-0.0494906
-0.0450219
-0.0388519
-0.0322227
-0.0256693
-0.01958
-0.0140956
-0.00936774
-0.0053744
-0.00202414
0.000739162
0.00299214
0.00481117
0.00625214
0.00737547
0.00822675
0.00883997
0.00924342
0.00944887
0.0383203
0.0132881
-0.00991227
-0.0217298
-0.0292889
-0.0314624
-0.0298892
-0.0263121
-0.0218086
-0.0170246
-0.0124299
-0.00831248
-0.00469287
-0.00160797
0.000975242
0.0031115
0.00484898
0.00623629
0.00732392
0.00815197
0.00875158
0.00914774
0.00935007
0.107759
0.0592613
0.0247059
0.0023652
-0.0121966
-0.0193441
-0.0210142
-0.0199914
-0.0172951
-0.0138108
-0.0102022
-0.00676791
-0.00363281
-0.000906114
0.00142022
0.00337483
0.00498381
0.00628347
0.00731177
0.00810129
0.00867637
0.0090581
0.00925379
0.096967
0.0621116
0.0346556
0.0131969
-0.00156832
-0.0104123
-0.0139554
-0.0142158
-0.0127611
-0.0103937
-0.00771001
-0.00497296
-0.00238345
-6.05966e-05
0.0019789
0.00371789
0.00517296
0.00636571
0.00732057
0.00806119
0.00860602
0.00897106
0.00915933
-0.010143
0.00646586
0.0087671
0.00376667
-0.0014584
-0.00809551
-0.00963638
-0.00977652
-0.00883327
-0.00717353
-0.00518834
-0.00307022
-0.00102227
0.000883761
0.00261965
0.00412714
0.00541538
0.00648849
0.00735961
0.00804313
0.00855033
0.00889245
0.0090698
-0.0939843
-0.047092
-0.0232565
-0.0138069
-0.00846521
-0.00795256
-0.00684999
-0.00621509
-0.00524857
-0.00404006
-0.00264306
-0.00111534
0.000426449
0.00193326
0.00334436
0.00460778
0.00571125
0.00664877
0.00742365
0.00803992
0.00850292
0.00881842
0.00898306
-0.122693
-0.0732298
-0.0444842
-0.0261637
-0.0150339
-0.00912166
-0.00536042
-0.00368601
-0.00228029
-0.00123091
-0.000237147
0.000807178
0.00188159
0.00299024
0.00408071
0.00510658
0.00602953
0.00682974
0.00750568
0.00805151
0.00846666
0.00875169
0.00890131
-0.11125
-0.0711715
-0.0476311
-0.0272814
-0.0164001
-0.00770832
-0.00300898
-0.000609399
0.000994869
0.00165103
0.00217628
0.00272011
0.00334972
0.00407815
0.00485397
0.00563099
0.00636216
0.00702101
0.00759427
0.00806736
0.00843325
0.00868751
0.00882203
-0.0958348
-0.0665573
-0.0456877
-0.0246685
-0.0139164
-0.0034089
0.000643695
0.00331518
0.00450206
0.0046353
0.00468359
0.00467526
0.00482526
0.00515481
0.00561767
0.0061491
0.00669547
0.00721829
0.00768949
0.00808939
0.0084057
0.00862837
0.00874721
-0.0882526
-0.0646119
-0.0463714
-0.0218218
-0.0107335
0.00296271
0.00585644
0.00909145
0.00879338
0.00810435
0.00737131
0.00673693
0.00640668
0.00633512
0.00646813
0.00673691
0.00708298
0.00745456
0.00781287
0.0081319
0.00839054
0.00857597
0.00867607
-0.0750981
-0.0532535
-0.034526
-0.012151
0.000114306
0.0112279
0.013198
0.0152475
0.0133897
0.0118571
0.0101837
0.00885762
0.00800958
0.00752523
0.00733678
0.00735468
0.00750063
0.00771441
0.00795336
0.00818419
0.00838191
0.00852813
0.0086085
-0.0854596
-0.062459
-0.0304251
-0.00248158
0.018856
0.0266983
0.0266779
0.0233592
0.0186585
0.0153612
0.0126778
0.0108101
0.00951061
0.00866981
0.00818929
0.00797483
0.00793146
0.0079937
0.00811353
0.008254
0.00838509
0.00848688
0.00854446
-0.118215
-0.104038
-0.0580645
-0.0137748
0.0258831
0.036769
0.0352258
0.028716
0.0227932
0.0182608
0.014788
0.0124574
0.0108016
0.00969394
0.00898134
0.00855984
0.00833866
0.0082565
0.00826029
0.00831177
0.00838129
0.00844318
0.00848055
-0.122546
-0.126075
-0.0788021
-0.0295234
0.0110469
0.0266159
0.0291132
0.0262623
0.0221647
0.0186249
0.015664
0.0134131
0.0116868
0.0104861
0.00964492
0.00908862
0.00873257
0.00852601
0.0084229
0.00838845
0.00839064
0.00840589
0.00841889
-0.126729
-0.108442
-0.0721428
-0.0331453
-0.00304114
0.0120197
0.018289
0.0194088
0.0185434
0.0170878
0.015424
0.0138135
0.0123791
0.0112065
0.0102905
0.00961043
0.00911759
0.00878575
0.00857431
0.00845263
0.00839042
0.00836321
0.00835382
-0.0888084
-0.0752655
-0.0523083
-0.030619
-0.012791
2.8813e-05
0.00876834
0.0127393
0.0143958
0.0146985
0.0142574
0.0134233
0.0125044
0.0115699
0.0107267
0.0100225
0.0094542
0.00902655
0.00872318
0.00852068
0.00839349
0.0083206
0.00828689
-0.0427527
-0.0375992
-0.0337948
-0.0299275
-0.0195696
-0.00608097
0.00498686
0.0107388
0.0133241
0.0144683
0.0142441
0.0136447
0.0128448
0.0119422
0.0111101
0.0103602
0.00971828
0.00920755
0.00882693
0.00855683
0.00837535
0.00826452
0.0082106
-0.0469895
-0.0391687
-0.0334258
-0.0243186
-0.0142128
-0.00119523
0.00626894
0.012134
0.0128472
0.0148251
0.0143866
0.013906
0.0131413
0.0122778
0.0114409
0.0106443
0.00994615
0.00936693
0.00891519
0.00858032
0.00834666
0.008198
0.00812389
-0.0441409
-0.0306375
-0.0217362
-0.00854537
-0.0017516
0.00756437
0.011269
0.0149904
0.0149894
0.0157541
0.0149134
0.0143543
0.013445
0.0125602
0.0116803
0.010844
0.0101032
0.00947099
0.00896397
0.00857945
0.00829912
0.0081165
0.00802304
-0.0457909
-0.0265854
-0.00933493
0.00949342
0.0191721
0.022364
0.0222963
0.0210117
0.0187649
0.0175886
0.0159428
0.0150269
0.0138134
0.0128192
0.0118537
0.0109729
0.0101876
0.00951
0.0089576
0.00852881
0.00821507
0.00800666
0.00789984
-0.0926009
-0.0704736
-0.039967
-0.0102056
0.0162906
0.0226717
0.0253387
0.0223568
0.0199222
0.0177172
0.0162398
0.015052
0.013808
0.0128032
0.0118227
0.0109449
0.0101481
0.00946531
0.00889515
0.00844685
0.00810467
0.00787347
0.00775327
-0.141925
-0.120016
-0.084547
-0.0467312
-0.0110087
0.000631402
0.0104282
0.0143099
0.0163305
0.0162242
0.0158275
0.0149721
0.0138599
0.0128188
0.0118106
0.0108926
0.0100647
0.00935718
0.00876316
0.0082936
0.0079385
0.00769748
0.00757174
-0.156559
-0.130548
-0.0921935
-0.0528004
-0.0201208
-0.00548282
0.00212674
0.00765465
0.0116157
0.0136477
0.0141769
0.0141612
0.0131923
0.0123642
0.0114807
0.0106246
0.00984352
0.00915259
0.00857084
0.00810017
0.00773814
0.00748824
0.00735677
-0.0764874
-0.0554172
-0.02396
0.00475608
0.0238953
0.0267798
0.022034
0.0188021
0.01682
0.0171495
0.0147668
0.0155127
0.0127108
0.0121414
0.0111287
0.0102904
0.0095074
0.00883693
0.00826993
0.00781671
0.00746731
0.00722498
0.00709614
0.0101403
0.0209397
0.0275415
0.0337596
0.0356818
0.0344445
0.0283523
0.025776
0.0219659
0.0197723
0.016852
0.0153371
0.0132547
0.0119864
0.0108112
0.00989587
0.00909784
0.00844577
0.0079061
0.00747548
0.00714461
0.00691171
0.00678829
-0.000359047
0.0105698
0.0216406
0.0336206
0.0404145
0.0417751
0.0375486
0.0313447
0.0253395
0.0207482
0.0172305
0.0147646
0.0126864
0.0112586
0.0100927
0.00922532
0.00849069
0.00790116
0.00742167
0.00704675
0.00675027
0.00654205
0.00642986
-0.0713911
-0.0522013
-0.0309928
-0.0111347
0.00641577
0.0159488
0.0196433
0.0178882
0.0166706
0.015193
0.0137565
0.0123382
0.0110223
0.00993405
0.00902166
0.00830367
0.00771214
0.0072345
0.00683958
0.00652438
0.00627922
0.00610462
0.00601056
-0.0578565
-0.0464055
-0.032545
-0.0191808
-0.00729931
0.00054553
0.00394142
0.00497129
0.00621387
0.00717303
0.00778378
0.00801904
0.00793972
0.00772992
0.00740327
0.00706383
0.00672454
0.00641832
0.00615249
0.00593106
0.00575029
0.00561515
0.00554026
-0.0182113
-0.0161689
-0.0142012
-0.0125964
-0.0105005
-0.00808067
-0.00560204
-0.00295503
-0.000383762
0.00167845
0.00315236
0.00426719
0.00493107
0.0053848
0.00556817
0.00563691
0.00558841
0.00549172
0.00536524
0.00525056
0.00514302
0.00505738
0.00500729
-0.0126472
-0.0119733
-0.0114032
-0.0105485
-0.00916765
-0.00733537
-0.00545835
-0.00379221
-0.00223121
-0.000835364
0.000429464
0.00156222
0.00246539
0.00323646
0.00376783
0.00413901
0.00435424
0.00447197
0.00451578
0.00451699
0.00448948
0.00445137
0.00442701
-0.0145532
-0.0131731
-0.0116093
-0.00992588
-0.00810901
-0.0068094
-0.0055963
-0.00462613
-0.00349199
-0.00233956
-0.00120676
-0.000142022
0.000777808
0.00162003
0.00229443
0.00283712
0.00321893
0.00348227
0.00364449
0.00374342
0.00378563
0.00379636
0.00379778
-0.0104499
-0.00987661
-0.00923992
-0.00859228
-0.00791103
-0.00724556
-0.00648691
-0.00557583
-0.00442463
-0.00326118
-0.00215546
-0.00113871
-0.00026965
0.000517678
0.00116867
0.00174654
0.00220869
0.00256188
0.00279702
0.00296213
0.00305734
0.00310636
0.0031283
-0.00618866
-0.00590945
-0.00590804
-0.00581175
-0.0055834
-0.00520488
-0.00462643
-0.00396372
-0.00324408
-0.00258561
-0.00191583
-0.00125255
-0.000630162
-3.788e-05
0.00047769
0.000953679
0.00137373
0.00172845
0.0020042
0.00220155
0.00233009
0.00240481
0.00244207
-0.00418509
-0.00392754
-0.0036807
-0.00335615
-0.00296888
-0.00261234
-0.00228068
-0.00203074
-0.00176749
-0.00149102
-0.00116396
-0.000803103
-0.000436903
-5.8827e-05
0.00027473
0.00058797
0.000862547
0.00111253
0.00132717
0.00149785
0.00161901
0.00169897
0.00174021
-0.0023929
-0.00233643
-0.00226317
-0.00217259
-0.0020692
-0.00196947
-0.00185788
-0.00171826
-0.00149913
-0.00124278
-0.000956054
-0.000668042
-0.000396562
-0.00012153
0.000113498
0.000324016
0.000485599
0.000629639
0.000751351
0.000858393
0.000942659
0.00100457
0.00103756
-0.000726807
-0.000756112
-0.000798061
-0.000848081
-0.000891889
-0.000913779
-0.000887854
-0.000816647
-0.00069719
-0.000573744
-0.000444079
-0.000322588
-0.000211823
-9.94613e-05
-3.83346e-06
8.61794e-05
0.000153355
0.000207585
0.000247662
0.00028348
0.000312134
0.000333971
0.000345856
-0.163229
-0.133435
-0.106653
-0.0858272
-0.067908
-0.0535597
-0.041543
-0.0318872
-0.0238966
-0.0172683
-0.0117903
-0.00723764
-0.00347855
-0.000356442
0.00220724
0.0042848
0.0059589
0.00728511
0.00832133
0.00910911
0.00967577
0.0100446
0.01023
-0.173359
-0.138571
-0.109249
-0.0869927
-0.0685006
-0.053545
-0.0412189
-0.0314484
-0.0234378
-0.016843
-0.01144
-0.00697221
-0.00330625
-0.000263493
0.00223294
0.0042619
0.00590445
0.00721126
0.00823655
0.00901897
0.00958501
0.00995698
0.0101462
-0.182523
-0.142768
-0.110599
-0.0874993
-0.0685682
-0.0531714
-0.0407466
-0.0310309
-0.022989
-0.0164314
-0.0110928
-0.00670004
-0.00312155
-0.000146717
0.00228394
0.00426309
0.00587059
0.00715384
0.00816486
0.00893948
0.00950277
0.00987567
0.0100671
-0.188892
-0.145181
-0.112718
-0.0894454
-0.0695563
-0.0533002
-0.0407488
-0.0309691
-0.0227638
-0.0161932
-0.0108541
-0.00650677
-0.00298489
-5.43699e-05
0.00232148
0.00426245
0.00584108
0.00710359
0.00810116
0.00886791
0.00942793
0.00980056
0.00999293
-0.193858
-0.146265
-0.114201
-0.0901765
-0.0693595
-0.0529549
-0.0408274
-0.0309811
-0.0226655
-0.0161181
-0.0107604
-0.00644387
-0.00292311
-7.47992e-06
0.00233483
0.00425452
0.00581142
0.00705703
0.00804289
0.00880249
0.00935886
0.00973028
0.00992266
-0.191816
-0.146077
-0.116734
-0.0916388
-0.0697454
-0.0535123
-0.041563
-0.0312739
-0.0228378
-0.0162506
-0.0108505
-0.00653275
-0.00296455
-5.45626e-05
0.00228456
0.00420743
0.00575883
0.00699975
0.00798123
0.00873769
0.00929243
0.00966338
0.0098557
-0.190078
-0.145035
-0.116266
-0.090561
-0.0694174
-0.0542803
-0.0423052
-0.0316506
-0.0233236
-0.016673
-0.0112279
-0.00683052
-0.00317232
-0.000233995
0.00215034
0.00410216
0.00566942
0.00692183
0.00790991
0.00867021
0.00922668
0.0095984
0.00979073
-0.181976
-0.147549
-0.118599
-0.0925033
-0.0721412
-0.0571149
-0.0440802
-0.0331667
-0.0247248
-0.0177864
-0.0121528
-0.00754
-0.00373418
-0.000680916
0.00182411
0.00385922
0.00549078
0.00678961
0.00780824
0.00858769
0.00915523
0.00953279
0.00972708
0.0110624
-0.0163704
-0.0430269
-0.0704704
-0.098078
-0.124338
-0.148513
-0.17055
0.012754
-0.017503
-0.0473896
-0.0783035
-0.109313
-0.138804
-0.165722
-0.18946
0.013514
-0.0212884
-0.0556432
-0.0901359
-0.123856
-0.155576
-0.18437
-0.210075
0.0128699
-0.0269037
-0.065792
-0.103697
-0.139995
-0.173935
-0.204846
-0.232907
0.0103239
-0.0341326
-0.0773802
-0.118859
-0.158116
-0.194695
-0.228121
-0.258544
0.00581153
-0.0433225
-0.0910604
-0.136534
-0.179254
-0.218818
-0.254835
-0.287482
-0.000813177
-0.0550985
-0.107765
-0.157717
-0.204313
-0.247067
-0.285636
-0.320302
-0.0101435
-0.0703454
-0.128527
-0.183426
-0.234206
-0.280324
-0.32139
-0.357835
-0.0232368
-0.0902585
-0.154634
-0.214969
-0.270192
-0.319645
-0.363284
-0.401147
-0.0416
-0.116452
-0.187816
-0.254147
-0.314209
-0.367192
-0.412973
-0.451609
-0.067329
-0.151155
-0.23048
-0.303472
-0.36864
-0.425233
-0.472607
-0.510966
-0.103389
-0.19737
-0.285681
-0.366313
-0.437006
-0.496602
-0.544148
-0.580323
-0.15455
-0.260025
-0.357571
-0.44551
-0.520992
-0.581652
-0.626964
-0.657544
-0.224183
-0.342847
-0.452205
-0.545102
-0.619407
-0.675141
-0.71199
-0.730517
-0.289496
-0.414832
-0.523455
-0.61316
-0.682381
-0.73058
-0.758736
-0.769198
0.184459
0.176972
0.165261
0.14932
0.129308
0.105458
0.0785534
0.0470642
0.199027
0.190254
0.176517
0.158001
0.135127
0.107979
0.0781621
0.045489
0.215403
0.205575
0.190171
0.169534
0.144371
0.114761
0.0825883
0.0488738
0.23398
0.223277
0.206431
0.183813
0.156378
0.124294
0.0890592
0.0522593
0.254783
0.243187
0.224811
0.19997
0.169772
0.134596
0.0954177
0.0541681
0.277703
0.265059
0.244853
0.217357
0.18373
0.144695
0.100911
0.0544939
0.302655
0.288774
0.266362
0.235724
0.198003
0.154343
0.105402
0.0533205
0.329597
0.314293
0.289274
0.254971
0.212503
0.163422
0.108647
0.0502609
0.358452
0.341525
0.313451
0.274875
0.226937
0.171531
0.109986
0.044405
0.38896
0.370171
0.338512
0.294904
0.240611
0.1778
0.108303
0.0343866
0.420528
0.399569
0.363678
0.314082
0.252307
0.180785
0.101903
0.0182736
0.451965
0.428441
0.387526
0.330763
0.260101
0.178286
0.0883062
-0.0067177
0.481251
0.454641
0.40768
0.342225
0.260874
0.166778
0.0636201
-0.0449044
0.504312
0.474111
0.420217
0.344572
0.250523
0.141919
0.0234466
-0.100394
0.523213
0.489467
0.428988
0.344316
0.238709
0.116222
-0.0169122
-0.154631
0.0269805
0.0269309
0.0268917
0.0268617
0.0268402
0.0268233
0.0268183
0.0268084
0.0313907
0.0313007
0.0311853
0.0310466
0.0308885
0.0307146
0.0305268
0.0303318
0.0277147
0.0276645
0.0276326
0.0276178
0.0276121
0.0276279
0.0276393
0.0276542
0.0316259
0.0315152
0.0313763
0.0312131
0.0310296
0.0308306
0.0306241
0.0304193
0.0291679
0.0291085
0.0290696
0.0290524
0.0290578
0.0290772
0.0291035
0.0291344
0.033459
0.033317
0.0331433
0.0329431
0.0327194
0.0324832
0.032238
0.0320183
0.0316768
0.0315839
0.0315078
0.0315119
0.0314869
0.0314963
0.0314931
0.0315378
0.0360482
0.0358568
0.0356297
0.0353789
0.0351096
0.0348535
0.0345702
0.0343671
0.0353807
0.0352395
0.0351303
0.0350483
0.0349835
0.0349407
0.0348888
0.0348765
0.0398298
0.0395754
0.0392934
0.038987
0.0386513
0.0383467
0.0379922
0.0378014
0.0405311
0.0403275
0.0400833
0.0398888
0.0396988
0.0395786
0.0393802
0.0393774
0.0452759
0.044958
0.0446072
0.0442616
0.043839
0.04354
0.0430464
0.0429335
0.0477659
0.0473772
0.0469695
0.0466101
0.0461663
0.0459091
0.0454098
0.045346
0.0533465
0.0528247
0.0521969
0.0517065
0.0509545
0.0506791
0.0497334
0.0497311
0.0579711
0.0573743
0.0566722
0.0560713
0.0552566
0.0547335
0.0537201
0.0532887
0.065143
0.064354
0.063357
0.0626004
0.0613585
0.0606158
0.0589072
0.0583297
0.0724487
0.0713869
0.0700547
0.0688006
0.0671104
0.065755
0.0636576
0.0623311
0.0822836
0.0809865
0.07938
0.0778041
0.0754468
0.0735071
0.0701796
0.0680351
0.0931504
0.0912705
0.0888331
0.0861448
0.0826607
0.0792324
0.0748267
0.0706291
0.106914
0.104627
0.101559
0.0980038
0.093294
0.088333
0.08182
0.0752755
0.122591
0.119323
0.114785
0.109128
0.102024
0.0938129
0.0844889
0.0733681
0.141991
0.137858
0.13193
0.124196
0.114367
0.102795
0.0888191
0.073364
0.164231
0.158521
0.14984
0.138082
0.123103
0.105196
0.0845239
0.0604381
0.0267945
0.0267858
0.026796
0.0268258
0.0268786
0.0269485
0.0269868
0.0269717
0.0268769
0.0266849
0.0263839
0.0259713
0.0254559
0.0248608
0.0242144
0.0235486
0.0228865
0.0222442
0.0216356
0.0210786
0.0205993
0.0202305
0.0200107
0.030073
0.029719
0.0292877
0.0287689
0.0281557
0.0275216
0.0269099
0.0263382
0.0258275
0.0253881
0.0250185
0.0247031
0.0244113
0.024086
0.0236581
0.0231442
0.022573
0.0219788
0.0213952
0.0208513
0.0203806
0.0200193
0.0198035
0.0276816
0.0277202
0.027776
0.0278524
0.0279002
0.0278388
0.0276666
0.0273869
0.0269885
0.0264737
0.0258633
0.0251952
0.0245302
0.0239151
0.0233396
0.022777
0.0221932
0.021596
0.0210124
0.0204735
0.0200103
0.0196598
0.0194551
0.0301273
0.029728
0.0292503
0.0287108
0.0282177
0.02777
0.0273579
0.026967
0.026583
0.0261877
0.0257489
0.0252102
0.0245485
0.0238135
0.0231051
0.0224243
0.021764
0.0211262
0.0205253
0.019986
0.0195309
0.0191937
0.0190051
0.0291613
0.0291626
0.0291837
0.0291596
0.0290187
0.0287844
0.0284378
0.0279709
0.027392
0.0267227
0.0260065
0.0252698
0.0245066
0.0237018
0.0228764
0.0220643
0.0212988
0.0205969
0.0199676
0.0194246
0.0189787
0.0186566
0.0184874
0.0316444
0.0311194
0.0305095
0.0299316
0.0293901
0.0288568
0.0283276
0.0277881
0.0272233
0.0265975
0.0258879
0.0251042
0.0242681
0.0233846
0.0224766
0.021586
0.0207524
0.0200025
0.0193523
0.0188119
0.018381
0.0180779
0.0179291
0.0314884
0.0313829
0.0312424
0.0309883
0.0306114
0.0300992
0.0294429
0.028659
0.0277806
0.0268478
0.0258831
0.0248997
0.023907
0.0229121
0.0219291
0.0209859
0.0201148
0.0193437
0.0186911
0.0181659
0.0177598
0.0174806
0.0173517
0.0339575
0.0332132
0.0324804
0.031773
0.0310552
0.0303165
0.029541
0.0286995
0.0277672
0.0267374
0.0256293
0.0244823
0.0233402
0.0222392
0.0211983
0.0202327
0.0193633
0.0186093
0.0179845
0.0174948
0.0171286
0.0168807
0.0167704
0.0347477
0.034384
0.0339215
0.0332947
0.0324889
0.0315168
0.0304047
0.0291936
0.0279194
0.0266024
0.0252608
0.0239247
0.0226352
0.0214326
0.0203441
0.0193765
0.0185371
0.0178289
0.0172558
0.0168181
0.0165034
0.0162918
0.0161988
0.0372215
0.0362582
0.0352796
0.0342482
0.0331663
0.0320031
0.0307284
0.0293352
0.0278415
0.0262877
0.0247217
0.0232028
0.0217842
0.0205058
0.0193911
0.0184431
0.0176579
0.0170213
0.0165217
0.0161497
0.0158966
0.0157245
0.0156474
0.0389747
0.0381177
0.0371533
0.0359921
0.0345903
0.0329876
0.031238
0.0293967
0.0275135
0.0256432
0.0238411
0.022164
0.0206599
0.019361
0.0182744
0.0173949
0.0167061
0.016178
0.0157796
0.0154901
0.0153077
0.0151793
0.01512
0.0420326
0.0404769
0.0388501
0.0370964
0.0352179
0.0332019
0.0310652
0.0288572
0.0266551
0.0245415
0.0225828
0.0208303
0.0193204
0.0180665
0.0170623
0.0162933
0.0157324
0.0153364
0.0150544
0.0148554
0.0147424
0.0146584
0.0146188
0.0443675
0.0426994
0.0408499
0.0387398
0.036343
0.0337691
0.0311012
0.028426
0.025838
0.0234324
0.021286
0.0194532
0.0179477
0.0167559
0.0158529
0.0152071
0.0147801
0.0145191
0.0143553
0.0142496
0.0142037
0.0141652
0.0141474
0.0480667
0.0454688
0.0427025
0.0397594
0.0366832
0.0334922
0.03027
0.0271502
0.0242483
0.0216629
0.0194618
0.017674
0.0162829
0.0152512
0.0145287
0.0140622
0.0138017
0.0136915
0.0136571
0.0136553
0.0136828
0.013698
0.0137064
0.0513225
0.0481285
0.044569
0.0406748
0.0365985
0.032542
0.0286709
0.0251242
0.0220055
0.0193795
0.0172632
0.0156366
0.0144544
0.0136563
0.0131682
0.0129175
0.0128425
0.0128868
0.012982
0.0130836
0.0131845
0.0132577
0.0132942
0.0549685
0.0502498
0.0454741
0.0406365
0.0357735
0.0310257
0.0266299
0.0227508
0.0194956
0.0168993
0.0149357
0.0135389
0.0126233
0.0120946
0.0118587
0.0118312
0.0119409
0.0121319
0.0123481
0.012546
0.0127151
0.0128453
0.0129089
0.058454
0.0525106
0.0462726
0.0399476
0.0338965
0.0283871
0.023599
0.0196114
0.016437
0.0140491
0.0123737
0.0113067
0.010728
0.0105157
0.0105605
0.0107698
0.0110688
0.0114069
0.0117438
0.0120372
0.0122737
0.0124602
0.0125502
0.0614523
0.0530633
0.0451054
0.0374969
0.0305054
0.0244513
0.0195043
0.015646
0.0127888
0.0108163
0.00959048
0.00896324
0.00878785
0.00893029
0.00927707
0.0097329
0.0102251
0.0107122
0.0111689
0.0115575
0.0118629
0.0121032
0.0122192
0.0629217
0.0526856
0.0427443
0.0336828
0.0258884
0.0195796
0.0146904
0.0111082
0.00869984
0.00727507
0.00661869
0.00652568
0.00681732
0.00735158
0.00801899
0.00872969
0.00941946
0.0100573
0.0106305
0.011112
0.0114865
0.0117762
0.0119182
0.0631378
0.0489805
0.0372753
0.0273531
0.019389
0.0133613
0.00899072
0.00605453
0.00434454
0.00361835
0.00361952
0.00411171
0.00489968
0.00583844
0.0068279
0.00779046
0.00867468
0.00945916
0.0101413
0.0107088
0.0111482
0.011481
0.0116486
0.0584464
0.0426551
0.0297011
0.0192754
0.0115625
0.00613493
0.00255736
0.000528763
-0.000263703
-0.000143163
0.000598025
0.00171684
0.00302076
0.00437039
0.00568303
0.00689658
0.00797524
0.0089058
0.00969478
0.0103439
0.0108445
0.0112165
0.0114097
0.0492883
0.0308358
0.018157
0.00850715
0.00186946
-0.00245267
-0.00485095
-0.00566438
-0.00529758
-0.00415546
-0.00256345
-0.000754461
0.00110009
0.00287942
0.00452791
0.00600216
0.00728372
0.00836801
0.00927056
0.0100038
0.0105661
0.0109781
0.011198
0.0294672
0.0153783
0.00379042
-0.00435054
-0.00944382
-0.0123495
-0.0133025
-0.012665
-0.0109599
-0.00865952
-0.00610591
-0.00351882
-0.00104285
0.00122131
0.00324842
0.00501915
0.00653328
0.00779667
0.0088338
0.00966578
0.010299
0.0107589
0.0110086
0.00768173
-0.00211082
-0.0107693
-0.0170269
-0.0207636
-0.0222382
-0.0216641
-0.0195476
-0.0165145
-0.0130692
-0.00956152
-0.00619821
-0.00309521
-0.000337035
0.00207111
0.00413961
0.00588376
0.00732221
0.00848833
0.00941108
0.0101054
0.0106016
0.0108714
-0.0171571
-0.0250128
-0.0289732
-0.0316269
-0.032369
-0.0311246
-0.0282668
-0.0244003
-0.0200703
-0.0156705
-0.0114604
-0.00757996
-0.0040925
-0.00105129
0.00156198
0.00378078
0.00563296
0.00714792
0.00836492
0.00931719
0.0100252
0.0105193
0.010785
-0.0439738
-0.0508894
-0.0500675
-0.0477768
-0.0435814
-0.038336
-0.0325853
-0.0268064
-0.0212799
-0.0161725
-0.0115673
-0.00748417
-0.00390724
-0.00083949
0.00176778
0.00396098
0.00577734
0.00725435
0.00843394
0.00934919
0.0100219
0.0104774
0.0107171
-0.067869
-0.0716762
-0.0657943
-0.0598372
-0.0518963
-0.0436641
-0.0357075
-0.0284343
-0.0219459
-0.0162586
-0.0113341
-0.00710417
-0.00348777
-0.000430107
0.00213685
0.00426824
0.00601511
0.00742464
0.00854296
0.00940407
0.0100295
0.0104407
0.0106511
-0.090595
-0.0878101
-0.0764659
-0.0675163
-0.0571548
-0.0473402
-0.0381559
-0.0299671
-0.0228123
-0.0166654
-0.0114426
-0.00703606
-0.00333286
-0.000231948
0.00234491
0.00445401
0.00616194
0.00752632
0.00859997
0.00942027
0.0100098
0.0103888
0.0105779
-0.112362
-0.102278
-0.0860212
-0.073881
-0.0611234
-0.0500012
-0.0399551
-0.031218
-0.0236563
-0.0172105
-0.0117723
-0.00721463
-0.00341794
-0.000255313
0.00235783
0.00447759
0.00618024
0.00752887
0.00858244
0.00938249
0.0099537
0.0103173
0.010496
-0.132469
-0.115189
-0.0945765
-0.0791486
-0.0641704
-0.0518468
-0.04104
-0.0319372
-0.0241374
-0.017547
-0.0120159
-0.00738927
-0.00354665
-0.000349721
0.00228376
0.00441252
0.00611789
0.00746332
0.0085107
0.00930394
0.00986966
0.0102305
0.0104079
-0.149458
-0.125657
-0.101867
-0.083525
-0.0667018
-0.05318
-0.0415904
-0.0321707
-0.0241966
-0.0175473
-0.0120116
-0.00739553
-0.00357233
-0.000393616
0.00222029
0.00433472
0.00603215
0.00737225
0.00841597
0.00920703
0.00977302
0.0101374
0.0103181
)
;

boundaryField
{
    outlet
    {
        type            fixedValue;
        value           uniform 0;
    }
    upperWall
    {
        type            symmetryPlane;
    }
    lowerWall
    {
        type            symmetryPlane;
    }
    inlet
    {
        type            zeroGradient;
    }
    cylinder
    {
        type            zeroGradient;
    }
    frontAndBack
    {
        type            empty;
    }
}


// ************************************************************************* //
