/*--------------------------------*- C++ -*----------------------------------*\
| =========                 |                                                 |
| \\      /  F ield         | OpenFOAM: The Open Source CFD Toolbox           |
|  \\    /   O peration     | Version:  2312                                  |
|   \\  /    A nd           | Website:  www.openfoam.com                      |
|    \\/     M anipulation  |                                                 |
\*---------------------------------------------------------------------------*/
FoamFile
{
    version     2.0;
    format      ascii;
    arch        "LSB;label=32;scalar=64";
    class       volScalarField;
    location    "21.15";
    object      p;
}
// * * * * * * * * * * * * * * * * * * * * * * * * * * * * * * * * * * * * * //

dimensions      [0 2 -2 0 0 0 0];

internalField   nonuniform List<scalar> 
5478
(
-0.253644
-0.251745
-0.248257
-0.244384
-0.241682
-0.241214
-0.243359
-0.247799
-0.253859
-0.260327
-0.267015
-0.271724
-0.275464
-0.274483
-0.269836
-0.256056
-0.254117
-0.250125
-0.245577
-0.241673
-0.239345
-0.238882
-0.240117
-0.242307
-0.244732
-0.24625
-0.246219
-0.244119
-0.239243
-0.233468
-0.262273
-0.259416
-0.254869
-0.249401
-0.243946
-0.239127
-0.235381
-0.232679
-0.230581
-0.228308
-0.225365
-0.221451
-0.216581
-0.210881
-0.204948
-0.272289
-0.267581
-0.261639
-0.254608
-0.246739
-0.238665
-0.231103
-0.224287
-0.217959
-0.211926
-0.205931
-0.199898
-0.193589
-0.186896
-0.180242
-0.286149
-0.278714
-0.270577
-0.260902
-0.249338
-0.237119
-0.225437
-0.214726
-0.205056
-0.19623
-0.188007
-0.180178
-0.172442
-0.164985
-0.157783
-0.304307
-0.292937
-0.281949
-0.267821
-0.2509
-0.233752
-0.217902
-0.203776
-0.191262
-0.180131
-0.170119
-0.16097
-0.152476
-0.144654
-0.136988
-0.326516
-0.309859
-0.294219
-0.273212
-0.249621
-0.227226
-0.207416
-0.190251
-0.175424
-0.162555
-0.151284
-0.141293
-0.132347
-0.124297
-0.116601
-0.349226
-0.327677
-0.303712
-0.273704
-0.243131
-0.215842
-0.192582
-0.172959
-0.156362
-0.142255
-0.13017
-0.119765
-0.110819
-0.103091
-0.0961326
-0.226591
-0.233472
-0.240569
-0.250885
-0.264191
-0.279716
-0.296836
-0.315154
-0.334086
-0.353115
-0.371719
-0.389444
-0.406067
-0.421559
-0.435528
-0.225784
-0.232222
-0.238989
-0.248768
-0.261347
-0.276023
-0.292264
-0.309425
-0.327166
-0.345126
-0.362918
-0.380089
-0.396313
-0.411779
-0.426941
-0.232116
-0.237024
-0.242958
-0.251856
-0.263429
-0.277005
-0.292074
-0.30817
-0.324934
-0.342077
-0.359364
-0.376582
-0.393124
-0.409198
-0.42437
-0.241199
-0.243931
-0.248624
-0.256273
-0.266484
-0.278623
-0.292215
-0.306877
-0.322326
-0.338323
-0.354368
-0.371892
-0.386342
-0.405644
-0.416859
-0.248992
-0.24943
-0.252482
-0.258289
-0.266514
-0.276643
-0.288269
-0.301066
-0.314696
-0.329566
-0.343479
-0.361103
-0.373452
-0.392874
-0.40438
-0.253474
-0.252122
-0.253202
-0.256497
-0.26196
-0.269406
-0.27856
-0.289256
-0.300769
-0.314368
-0.325736
-0.343119
-0.35458
-0.37237
-0.383689
-0.254684
-0.252417
-0.251481
-0.251818
-0.253922
-0.258119
-0.264388
-0.272548
-0.282079
-0.294542
-0.306019
-0.320489
-0.332371
-0.346998
-0.358623
-0.254015
-0.251719
-0.249185
-0.24685
-0.245874
-0.247149
-0.251117
-0.257885
-0.266554
-0.276258
-0.286637
-0.296318
-0.305599
-0.314324
-0.322956
-0.452067
-0.45282
-0.432742
-0.387253
-0.319229
-0.229299
-0.120624
-0.0109135
0.0664188
0.1041
0.108689
0.0973688
0.0813862
0.0662957
0.0538253
0.0440241
0.0359292
0.0298637
0.0245713
0.0209321
0.017614
0.0150898
0.0131434
0.0111903
0.00978735
0.00861909
0.00742033
0.00667611
0.00602354
0.00519893
0.00478811
0.00444668
0.00377922
0.00331128
0.00291951
0.0028504
0.00217355
0.000590973
-0.449444
-0.453084
-0.436741
-0.394077
-0.328846
-0.241877
-0.130525
-0.0147918
0.0665766
0.105742
0.110825
0.0992178
0.0831385
0.0677596
0.0550805
0.0448383
0.0367264
0.0302997
0.0250478
0.0212235
0.0178689
0.0153287
0.0132748
0.0113259
0.00991163
0.00866818
0.00749094
0.006753
0.00602945
0.00523545
0.00485272
0.00443794
0.00378072
0.00334474
0.00296173
0.00282023
0.00213098
0.000634723
-0.453105
-0.46109
-0.450256
-0.411908
-0.351372
-0.270502
-0.15938
-0.0344442
0.0542083
0.0991112
0.107968
0.0984905
0.0831965
0.0682671
0.0558064
0.0454885
0.0374143
0.0306225
0.0255301
0.0214092
0.0181259
0.0155406
0.0133721
0.011477
0.0100234
0.00872025
0.00756596
0.00682885
0.00603912
0.00527352
0.00491636
0.00443136
0.00378474
0.0033779
0.00300296
0.00278985
0.0020933
0.000677676
-0.449814
-0.463744
-0.458101
-0.426538
-0.371374
-0.296168
-0.189524
-0.064811
0.0308417
0.082703
0.0976353
0.0929476
0.0804611
0.0668251
0.0549919
0.0452479
0.0375364
0.0307338
0.0258156
0.021508
0.0183258
0.0157024
0.0134498
0.0116225
0.0101236
0.00877738
0.00764231
0.0069018
0.00605564
0.00531284
0.0049761
0.00442952
0.00379315
0.0034092
0.00304075
0.00276052
0.00206448
0.000717862
-0.431283
-0.455419
-0.458635
-0.435373
-0.388746
-0.321594
-0.22189
-0.0991588
0.000678308
0.0593472
0.0816967
0.083266
0.0757135
0.0646915
0.0543687
0.0454502
0.0375694
0.0309023
0.0259664
0.02162
0.0184559
0.0158176
0.0135195
0.011739
0.0102144
0.00883624
0.00771513
0.00697067
0.00607919
0.00535216
0.0050301
0.00443365
0.00380622
0.00343723
0.00307332
0.00273338
0.00204806
0.000752872
-0.400908
-0.432015
-0.443012
-0.428051
-0.388767
-0.328711
-0.243463
-0.131641
-0.032157
0.0316383
0.0624409
0.0705396
0.0678865
0.060124
0.051235
0.0438059
0.0369462
0.030816
0.0259746
0.0217677
0.0185655
0.015933
0.0136235
0.0118387
0.01031
0.00890554
0.00778539
0.00703569
0.00611227
0.00539206
0.00507583
0.0044447
0.00382517
0.00346111
0.00309853
0.00270928
0.00204711
0.000780168
-0.371085
-0.402494
-0.421693
-0.417794
-0.38815
-0.334053
-0.254426
-0.157133
-0.0607198
0.00768361
0.0445566
0.0595558
0.062205
0.057726
0.0512742
0.0431593
0.0365102
0.0306904
0.0259307
0.0218051
0.0185953
0.0159874
0.013677
0.0119115
0.010378
0.00896886
0.00785326
0.00708847
0.0061503
0.00543514
0.00511198
0.00445975
0.00385165
0.00348208
0.0031144
0.00268684
0.00206528
0.00079754
-0.336402
-0.359981
-0.376125
-0.377772
-0.361691
-0.322865
-0.260955
-0.179601
-0.0972336
-0.027711
0.018232
0.0422093
0.05129
0.0510651
0.0470428
0.041087
0.0358115
0.0305363
0.0259742
0.0220475
0.0187501
0.0161601
0.0138482
0.0120108
0.0105068
0.00905373
0.00792216
0.00716314
0.00619641
0.00547433
0.00514682
0.00448406
0.00388188
0.00349606
0.00312446
0.00266859
0.00210266
0.00080255
-0.296178
-0.323744
-0.336911
-0.338713
-0.323429
-0.28984
-0.237902
-0.170128
-0.0975916
-0.0353074
0.00780305
0.0321008
0.0439327
0.0467736
0.0449227
0.0398693
0.0348369
0.0297938
0.0254904
0.0216087
0.01859
0.0159699
0.0137535
0.012036
0.010416
0.0091365
0.00797863
0.00711169
0.00630644
0.00553586
0.00510071
0.0045413
0.0039565
0.00350156
0.00308347
0.00268138
0.00217562
0.000795253
-0.243252
-0.271719
-0.278578
-0.271907
-0.25607
-0.229725
-0.189926
-0.13869
-0.0856604
-0.0388048
-0.00314947
0.0190663
0.0305736
0.0347121
0.0347338
0.0327081
0.0298715
0.0265405
0.0234198
0.0203381
0.017652
0.0153852
0.013361
0.0117367
0.0102408
0.00903179
0.00790406
0.00706561
0.00631414
0.00551734
0.00507476
0.00457854
0.00396426
0.00348763
0.00305811
0.00271929
0.00220495
0.000770165
-0.199617
-0.225383
-0.232737
-0.227674
-0.214708
-0.193795
-0.164916
-0.128519
-0.0878666
-0.0484014
-0.0157539
0.00650481
0.0196551
0.0267511
0.0295771
0.029222
0.0274149
0.0246708
0.0218518
0.0192071
0.0168924
0.0148077
0.0129727
0.011451
0.0100359
0.00891515
0.00783296
0.00700313
0.00630011
0.00550922
0.00505463
0.00458681
0.00396427
0.00349136
0.00303886
0.00273647
0.00221094
0.000752086
-0.164132
-0.184843
-0.191602
-0.186639
-0.174607
-0.157659
-0.135437
-0.107367
-0.0757541
-0.0450885
-0.019019
7.79291e-05
0.0122682
0.0193388
0.0228355
0.0234525
0.0227385
0.0212066
0.0196176
0.0176316
0.0157746
0.0140247
0.0124211
0.0110765
0.00975727
0.00876023
0.00773051
0.00690839
0.00628326
0.00549767
0.00501514
0.00459609
0.00397945
0.00349091
0.00301051
0.0027514
0.00223454
0.000748185
-0.132775
-0.149614
-0.155759
-0.152482
-0.143646
-0.130813
-0.114324
-0.0943618
-0.0718625
-0.0487578
-0.0273739
-0.00978796
0.00255757
0.0106876
0.0155973
0.0181391
0.0189765
0.0185325
0.0174362
0.0160161
0.0146249
0.0131743
0.0118065
0.0106383
0.00943198
0.0085607
0.00758482
0.00680012
0.00624551
0.00546016
0.00497671
0.00460451
0.00398299
0.00348253
0.00298857
0.00277027
0.00227153
0.000748028
-0.107178
-0.120741
-0.126177
-0.124151
-0.117392
-0.107491
-0.0951464
-0.0802541
-0.0630299
-0.0447361
-0.0273048
-0.0124369
-0.00134185
0.00628117
0.0113096
0.0140474
0.0153138
0.0154328
0.0150582
0.0142157
0.0132988
0.0121822
0.0110723
0.0101161
0.00904554
0.00830217
0.00740342
0.00666719
0.00617404
0.0054102
0.00493693
0.00459429
0.00397645
0.0034798
0.0029705
0.00278133
0.00230655
0.000749531
-0.0861777
-0.0967893
-0.101393
-0.100246
-0.095364
-0.0881208
-0.078994
-0.0682004
-0.0558387
-0.0426312
-0.029605
-0.0176943
-0.00789933
-0.000381889
0.00497521
0.00874929
0.011153
0.0122192
0.0125726
0.0122893
0.0118451
0.011077
0.0102312
0.00950674
0.00858575
0.00798586
0.00717914
0.00649981
0.00607783
0.00534405
0.00488228
0.00457
0.00396751
0.00347472
0.00294627
0.00278065
0.00234062
0.000757157
-0.0688394
-0.0771626
-0.0810496
-0.0805852
-0.0772169
-0.0720155
-0.0654426
-0.0575405
-0.0485163
-0.0385802
-0.0282758
-0.0183653
-0.00974487
-0.00286648
0.0022419
0.00574804
0.00819972
0.00954971
0.0102281
0.0103812
0.0103761
0.00992977
0.00934849
0.0088433
0.00807839
0.00762357
0.00691149
0.00630293
0.00595395
0.00524953
0.00481582
0.00453645
0.00394515
0.00346033
0.00291966
0.00277048
0.0023738
0.000769117
-0.0547544
-0.0612219
-0.0644169
-0.0643488
-0.062051
-0.0583408
-0.0536399
-0.0480342
-0.0415447
-0.0343377
-0.0267693
-0.019313
-0.0125255
-0.00658252
-0.00180727
0.00190826
0.0048205
0.00666791
0.00783014
0.00839968
0.00878557
0.00867715
0.00834859
0.00808344
0.007496
0.00720073
0.00659657
0.00607037
0.00579918
0.00513255
0.0047391
0.00448972
0.00390947
0.00344145
0.00289516
0.00275193
0.00240078
0.000786545
-0.0434032
-0.0483789
-0.0509635
-0.0511339
-0.049627
-0.0470416
-0.0437365
-0.0397847
-0.0351687
-0.0300013
-0.0243787
-0.0185686
-0.0130316
-0.00792806
-0.00363475
-0.000227693
0.00258487
0.00454938
0.00583159
0.0066256
0.00732148
0.00748225
0.00737348
0.00730295
0.0068716
0.00672134
0.00623156
0.00578308
0.00559846
0.00498422
0.00462603
0.00441307
0.00385591
0.00340847
0.00284772
0.00271469
0.00241602
0.00078861
-0.0340841
-0.0378855
-0.0399443
-0.0402345
-0.0392838
-0.0375187
-0.0352347
-0.0325027
-0.029285
-0.0256251
-0.0215335
-0.0171811
-0.0129552
-0.00885506
-0.00523586
-0.00224512
0.000465844
0.00250579
0.00394246
0.00491542
0.00585513
0.00627523
0.00639395
0.00650962
0.00625426
0.00626145
0.00587507
0.00553182
0.00542367
0.00485001
0.0045572
0.00436756
0.00381316
0.00340311
0.00284262
0.00268574
0.00243374
0.000840889
-0.0267476
-0.0296451
-0.0312608
-0.0315807
-0.0309961
-0.0298003
-0.0282353
-0.0263682
-0.0241459
-0.0216113
-0.0187221
-0.0155511
-0.0123697
-0.00911363
-0.00608809
-0.00348588
-0.00100855
0.000986911
0.0024214
0.00343826
0.00449004
0.00508569
0.00533718
0.00562433
0.0054996
0.00562934
0.00537651
0.00510251
0.00509217
0.00458987
0.00432702
0.00419552
0.00367961
0.00327906
0.00271582
0.00253031
0.00236768
0.000774207
-0.0205174
-0.0227141
-0.0239664
-0.0242797
-0.0239452
-0.0231435
-0.0220727
-0.0207937
-0.0192542
-0.017505
-0.0154771
-0.0131842
-0.0108454
-0.00833931
-0.00594248
-0.00384086
-0.00173183
7.10869e-05
0.00141147
0.00240056
0.00352648
0.00422896
0.0046361
0.00500651
0.00501394
0.0052699
0.0050941
0.00492429
0.00498198
0.00452423
0.00432947
0.00422371
0.00370196
0.00335122
0.00278809
0.00264307
0.0024289
0.00090548
-0.0158925
-0.0175338
-0.0184816
-0.0187557
-0.0185795
-0.0180551
-0.0173485
-0.0165165
-0.0154991
-0.0143459
-0.0129694
-0.0113697
-0.00972137
-0.00785989
-0.00599916
-0.00433927
-0.00254738
-0.000935472
0.000286882
0.00122042
0.00231507
0.00309071
0.00354061
0.00403638
0.0041343
0.00446765
0.00442454
0.00431654
0.00445482
0.00408771
0.00392588
0.00387379
0.00341504
0.00306486
0.00249458
0.00211094
0.00218501
0.00073215
-0.0114371
-0.0126985
-0.0134186
-0.0136362
-0.0135431
-0.0131875
-0.0127121
-0.0121658
-0.0114821
-0.0107128
-0.00977438
-0.00865791
-0.00751344
-0.00614557
-0.00475408
-0.00351128
-0.00208908
-0.000752708
0.000259063
0.00104218
0.00207379
0.00281801
0.003312
0.00379285
0.00395626
0.00435521
0.00435391
0.00430919
0.00452001
0.0041806
0.00406122
0.00406751
0.00357463
0.00327596
0.0027324
0.00263316
0.00233804
0.000945859
-0.00854823
-0.00948871
-0.0100206
-0.0101991
-0.0101801
-0.00996457
-0.00966882
-0.00933931
-0.0089171
-0.00846142
-0.00787682
-0.00715516
-0.00641827
-0.0054629
-0.00446794
-0.00358986
-0.00245262
-0.00133434
-0.000512661
0.000148238
0.00106504
0.00179692
0.00225543
0.00279638
0.00300567
0.00341954
0.00353668
0.00353852
0.00377802
0.00355767
0.00347588
0.00349769
0.00311284
0.00280918
0.00216525
0.00112658
0.0018468
0.000696135
-0.00505924
-0.00577834
-0.00618427
-0.00633579
-0.00636624
-0.00624327
-0.00607074
-0.00589278
-0.0056321
-0.0053591
-0.00497457
-0.00448726
-0.0040153
-0.00335283
-0.00265326
-0.00208424
-0.00123836
-0.000359262
0.000248883
0.00073562
0.00150905
0.00215715
0.00254215
0.00303119
0.00321327
0.00364356
0.0037638
0.00374791
0.00411321
0.00383651
0.00377804
0.00391429
0.0034251
0.00324961
0.0028278
0.00269093
0.00222654
0.00096477
-0.00304428
-0.00362208
-0.00394072
-0.00408455
-0.00416333
-0.0041257
-0.00406253
-0.00400406
-0.00388836
-0.00379183
-0.00360999
-0.00338482
-0.00316567
-0.00276571
-0.00231784
-0.00195868
-0.00131722
-0.000683602
-0.000269658
0.000145644
0.000753126
0.00133474
0.00161526
0.00212321
0.00231382
0.00267785
0.00292452
0.00290573
0.00322975
0.00313188
0.00308152
0.0031818
0.00288244
0.00269466
0.00222583
0.00176599
0.00169446
0.0007527
-0.000221024
-0.000667187
-0.000936277
-0.0010986
-0.00122919
-0.00127812
-0.00130256
-0.00133958
-0.001311
-0.00130515
-0.00120105
-0.00108093
-0.000959503
-0.000743406
-0.000478188
-0.000314226
0.000164714
0.000606304
0.000880844
0.00115734
0.00162524
0.00213362
0.00227288
0.0027823
0.00277444
0.00321646
0.00339118
0.0032946
0.00382163
0.00355625
0.00350927
0.00373003
0.00331284
0.0031761
0.00265799
0.00199067
0.00195776
0.000929405
0.00158373
0.00118198
0.000873989
0.00064366
0.000451375
0.000275603
0.000132753
-3.96695e-05
-0.000165759
-0.000296213
-0.000359249
-0.000376405
-0.000319876
-0.000282911
-0.000116324
-5.49047e-05
0.000135578
0.000367653
0.000644039
0.00086055
0.00108427
0.00156461
0.00161783
0.0021845
0.00209528
0.00249274
0.00280511
0.00255106
0.00316672
0.00305242
0.00286161
0.00324016
0.00301644
0.00277238
0.00230072
0.00190154
0.00185177
0.000907861
0.00307101
0.00279205
0.0025295
0.00230103
0.00211782
0.00194395
0.00179673
0.00165725
0.00152825
0.00141686
0.00132817
0.00124514
0.00124011
0.00122149
0.00129069
0.00137845
0.00144267
0.00151641
0.00168328
0.00190517
0.00201309
0.00228658
0.00239527
0.00269118
0.00280129
0.00296278
0.00322532
0.00316415
0.0034465
0.00344529
0.00335396
0.00351521
0.00322985
0.00307254
0.00284687
0.00208692
0.00153109
0.000816154
0.00360932
0.00337639
0.00315529
0.002944
0.00274241
0.00254349
0.00235754
0.00217977
0.00201817
0.00186569
0.00173851
0.00162804
0.00155055
0.00147865
0.00144897
0.00143536
0.0014328
0.00148076
0.00155683
0.00168581
0.00174928
0.00193563
0.00203405
0.00223666
0.00237731
0.0024779
0.0027322
0.00270388
0.00292361
0.00301148
0.00287838
0.00309021
0.00291822
0.0025988
0.00244735
0.00183232
0.00110209
0.00049651
0.00415232
0.00394593
0.00374047
0.00354019
0.00335169
0.00316954
0.00299536
0.00282928
0.00267026
0.0025221
0.00238446
0.00225449
0.00215875
0.00208419
0.00203447
0.00202115
0.00200967
0.00200325
0.00203065
0.00212636
0.00219857
0.00230614
0.00240928
0.00253781
0.0026862
0.00276851
0.0029419
0.00300374
0.00309193
0.00321035
0.00312823
0.00315638
0.00306412
0.00272444
0.00247521
0.0019358
0.00114316
0.000477652
-0.0885609
-0.1074
-0.126988
-0.148216
-0.171229
-0.196904
-0.224686
-0.256841
-0.0811414
-0.0969648
-0.112757
-0.129884
-0.147108
-0.165932
-0.184403
-0.206943
-0.0705358
-0.0825849
-0.094246
-0.106749
-0.119596
-0.133438
-0.149094
-0.168344
-0.0621575
-0.071432
-0.0807245
-0.0905078
-0.101315
-0.112779
-0.125965
-0.140886
-0.0540506
-0.0613876
-0.0688955
-0.0766426
-0.0851356
-0.0937435
-0.103352
-0.114655
-0.0470756
-0.0526842
-0.0583559
-0.0640479
-0.0702204
-0.0765806
-0.0839635
-0.0929849
-0.0405198
-0.0446514
-0.0488233
-0.0530747
-0.0577724
-0.0627404
-0.0684805
-0.0754298
-0.0346795
-0.0377056
-0.0407682
-0.0439401
-0.0474438
-0.0511361
-0.0553746
-0.0606416
-0.0294911
-0.0316409
-0.0338011
-0.0360586
-0.0385658
-0.0412545
-0.0444215
-0.0484839
-0.0248219
-0.0263138
-0.0278017
-0.0293857
-0.031182
-0.0331625
-0.0355415
-0.0386488
-0.0206546
-0.0216698
-0.0226738
-0.0237603
-0.0250127
-0.026421
-0.0281542
-0.0304932
-0.0169145
-0.0176239
-0.018324
-0.0190806
-0.0199539
-0.0209573
-0.0222359
-0.0240191
-0.0135652
-0.0140512
-0.0145041
-0.0149843
-0.0155436
-0.016212
-0.0171188
-0.0184522
-0.0106939
-0.0109968
-0.0113135
-0.0116855
-0.0121273
-0.0126452
-0.0133339
-0.0143428
-0.00788036
-0.00811821
-0.00835248
-0.00859477
-0.00884489
-0.00912279
-0.00954162
-0.0102588
-0.00568195
-0.00579128
-0.00594018
-0.00613555
-0.00636511
-0.00663863
-0.00703165
-0.00763153
-0.00322093
-0.00333811
-0.00347557
-0.00362026
-0.00374562
-0.00385854
-0.00404081
-0.00440467
-0.00128279
-0.00132626
-0.00142718
-0.00156505
-0.00170913
-0.00186329
-0.00209532
-0.00246827
0.00115954
0.00105877
0.000914799
0.000762083
0.00063883
0.000541192
0.000412027
0.000180591
0.00345343
0.003251
0.00304593
0.00283796
0.0026357
0.00243019
0.00220934
0.00194266
0.0042796
0.00413085
0.00399249
0.00385458
0.00371656
0.00357847
0.00344085
0.00328788
0.0049488
0.00478229
0.00461937
0.0044565
0.00429291
0.0041299
0.00396935
0.00380903
0.00528227
0.00513502
0.00499394
0.00485787
0.00472434
0.00459106
0.00445759
0.00432319
0.0962717
0.101668
0.107118
0.111905
0.115195
0.116817
0.116672
0.114298
0.108818
0.0989789
0.0830545
0.0586603
0.0219797
-0.0299379
-0.0748996
0.0744097
0.0775506
0.0794701
0.0803138
0.079889
0.0778664
0.0737897
0.0669544
0.0563654
0.0406848
0.0180931
-0.0137851
-0.0585051
-0.11968
-0.167441
0.0514323
0.0524778
0.0511184
0.0485205
0.0448601
0.0395895
0.0319921
0.0212449
0.00630217
-0.0142555
-0.0423463
-0.0803143
-0.131033
-0.197894
-0.244236
0.0267284
0.0255633
0.0217492
0.016811
0.0107639
0.00286513
-0.00765898
-0.0216079
-0.0399824
-0.0642127
-0.0964059
-0.138765
-0.193485
-0.259897
-0.303323
0.00089119
-0.00240331
-0.00778921
-0.0141319
-0.0218179
-0.0316971
-0.0444207
-0.0606951
-0.081453
-0.108031
-0.14264
-0.18736
-0.242681
-0.305091
-0.343861
-0.0248783
-0.029982
-0.0363034
-0.043563
-0.0524554
-0.0636982
-0.0777999
-0.0954313
-0.117516
-0.145294
-0.180494
-0.224733
-0.277665
-0.333219
-0.366519
-0.0501363
-0.0561152
-0.0629179
-0.0709224
-0.0807399
-0.0927945
-0.107552
-0.125654
-0.147925
-0.175402
-0.209402
-0.250886
-0.298532
-0.34464
-0.373223
-0.0740926
-0.0804141
-0.0876751
-0.0962709
-0.106588
-0.118908
-0.133642
-0.151367
-0.172767
-0.198661
-0.229949
-0.2668
-0.30652
-0.341442
-0.366514
0.208966
0.224351
0.241241
0.25994
0.280511
0.302883
0.326956
0.35266
0.379904
0.408445
0.437733
0.466703
0.493509
0.514635
0.532278
0.209337
0.224227
0.240491
0.258624
0.278707
0.300556
0.323979
0.348884
0.375186
0.402621
0.430594
0.457979
0.482845
0.501712
0.517148
0.205671
0.219194
0.234164
0.251269
0.270388
0.291062
0.312986
0.336047
0.360129
0.384909
0.409704
0.433284
0.453549
0.467159
0.477611
0.197383
0.208914
0.222401
0.238228
0.255816
0.274537
0.294085
0.314342
0.335116
0.355955
0.376011
0.393873
0.407167
0.412688
0.415929
0.185
0.194081
0.205896
0.220187
0.235789
0.251894
0.268231
0.284721
0.301124
0.316851
0.33085
0.341477
0.346017
0.341153
0.335554
0.168332
0.174858
0.18486
0.197356
0.210637
0.22376
0.236453
0.248612
0.259914
0.269628
0.276521
0.278726
0.273205
0.25649
0.240176
0.147943
0.152503
0.160926
0.17116
0.181377
0.190864
0.19945
0.206936
0.212792
0.216079
0.215367
0.208574
0.192382
0.16329
0.135711
0.123271
0.126908
0.134691
0.14271
0.149552
0.155004
0.15912
0.161615
0.161756
0.158407
0.149949
0.134086
0.107222
0.0660609
0.0282938
0.0244285
0.0253591
0.0246786
0.0275474
0.026308
0.0309405
0.0294553
0.0345589
0.0350319
0.0401531
0.0422601
0.0481017
0.0519748
0.0589418
0.065257
0.0741488
0.0833049
0.0951261
0.1081
0.124039
0.141904
0.163265
0.18737
0.0244406
0.0253581
0.0246789
0.0275859
0.0263809
0.0308848
0.0295359
0.0345328
0.0350937
0.0401224
0.0423981
0.0480786
0.0520778
0.0590349
0.0655002
0.0744511
0.0837452
0.0956739
0.108702
0.1248
0.142645
0.164194
0.188131
0.0244515
0.0253476
0.0246878
0.0275977
0.0264825
0.0307949
0.0296512
0.0347993
0.0351833
0.0400706
0.0425218
0.0480454
0.0521962
0.0591102
0.0657106
0.0746763
0.0840444
0.0960448
0.108873
0.12486
0.141991
0.163129
0.186026
0.0244608
0.0253299
0.0247053
0.0275852
0.0266017
0.0306762
0.0297882
0.03465
0.0352847
0.0399837
0.0425983
0.0479801
0.0523021
0.0591553
0.065858
0.0748069
0.0841111
0.09616
0.108672
0.124648
0.140858
0.161093
0.180653
0.0244679
0.0253084
0.0247295
0.0275504
0.0267348
0.0305396
0.029939
0.0344486
0.035389
0.0399099
0.0427412
0.0479261
0.052437
0.0592298
0.0660223
0.0749539
0.0841292
0.0958772
0.107614
0.122666
0.137308
0.156489
0.173031
0.0244724
0.0252866
0.0247592
0.0274972
0.0268661
0.0303884
0.0301198
0.0342891
0.0355161
0.0397717
0.0427054
0.047836
0.0525275
0.0593299
0.0661227
0.0750898
0.0841855
0.0959506
0.107313
0.121876
0.134587
0.149988
0.161136
0.0244746
0.0252675
0.02479
0.0274277
0.0270152
0.0302493
0.0302417
0.0341272
0.0356226
0.0397167
0.0429336
0.0478334
0.0527238
0.0594215
0.0662174
0.0748968
0.0836464
0.0944489
0.104623
0.117386
0.127139
0.14123
0.145739
0.0244721
0.0252588
0.0248233
0.0273401
0.0271068
0.0301352
0.0304598
0.0343444
0.0358236
0.0395957
0.0426696
0.0477649
0.0529237
0.0598795
0.0667393
0.0758391
0.0844435
0.0954796
0.104984
0.116554
0.124038
0.131531
0.126806
0.0244511
0.0252276
0.0248443
0.0272414
0.0273718
0.0298755
0.0304976
0.0339041
0.0358338
0.0394798
0.0429187
0.0476769
0.0530269
0.0590189
0.0656986
0.0732813
0.0813698
0.0898322
0.0977304
0.104397
0.107522
0.10603
0.0988518
0.024411
0.0252003
0.0248756
0.0270456
0.0273044
0.029437
0.0306446
0.0334133
0.035611
0.0385758
0.0417259
0.0458825
0.0510468
0.0563366
0.0624754
0.0686938
0.0755261
0.081568
0.0871912
0.090023
0.0911527
0.0873811
0.0802416
0.0243697
0.0251375
0.0248804
0.0267941
0.0274378
0.0289548
0.0307191
0.0327704
0.0352377
0.0377981
0.0412344
0.0445721
0.0493862
0.053873
0.0591157
0.0640063
0.0692428
0.0731688
0.0761946
0.0766217
0.0749159
0.069788
0.0624765
0.0243185
0.0250478
0.0248678
0.0265175
0.0275003
0.0284169
0.030707
0.0321619
0.0347222
0.0368918
0.0398736
0.0428608
0.0470308
0.0508353
0.0549561
0.0586295
0.0621893
0.0643717
0.0652098
0.0637335
0.0602872
0.0546881
0.0476151
0.0242536
0.0249345
0.0248272
0.0262038
0.0275194
0.0278791
0.03056
0.0315269
0.0339526
0.0359469
0.0384868
0.0409704
0.0444542
0.0474917
0.0504633
0.052904
0.0549533
0.0555365
0.0547034
0.0519024
0.0476625
0.0417938
0.0350512
0.0241694
0.0247995
0.0247489
0.0258683
0.0274457
0.0273345
0.0302496
0.0308752
0.0329804
0.034868
0.0367441
0.0387047
0.0415608
0.0437712
0.0455902
0.0468682
0.0476737
0.0469963
0.0449916
0.0413812
0.0366287
0.0308467
0.0245202
0.0240606
0.0246435
0.0246216
0.0255101
0.0272666
0.0267929
0.0297461
0.0301665
0.0317922
0.0335837
0.0348565
0.0361315
0.0384249
0.0398556
0.040561
0.0408239
0.0406703
0.0391092
0.0362948
0.0322444
0.027346
0.021641
0.0156554
0.0239207
0.0244639
0.024437
0.0251329
0.026951
0.0262392
0.0290626
0.0293724
0.0304518
0.0320811
0.0328145
0.0333249
0.0350593
0.0358527
0.0355552
0.0349441
0.034115
0.0320186
0.0287046
0.0245087
0.0198142
0.0144565
0.00872818
0.0237437
0.0242592
0.0241905
0.0247259
0.0265036
0.0256563
0.0282486
0.0284497
0.0289843
0.0303497
0.0306415
0.0304365
0.0315737
0.0318642
0.0307791
0.0294517
0.0281681
0.0258201
0.0222762
0.0181167
0.0137984
0.00900644
0.0036691
0.0235254
0.0240242
0.0238778
0.0242812
0.0259252
0.0249991
0.0268417
0.0273471
0.0274256
0.0284577
0.0283719
0.0275631
0.0280994
0.0279732
0.0263483
0.0244946
0.0229233
0.0205267
0.016988
0.0129919
0.00909974
0.00492771
0.000159048
0.0232632
0.0237533
0.0234988
0.0237868
0.0252487
0.0243229
0.0258402
0.0261452
0.025813
0.0264801
0.0260534
0.0247832
0.0248022
0.0243398
0.0223726
0.0201715
0.0184358
0.0161172
0.0127605
0.00904885
0.00561622
0.00208294
-0.00202589
0.0229539
0.0234438
0.0230577
0.0232304
0.0244866
0.0235936
0.0247299
0.0248428
0.0241679
0.0244875
0.0237438
0.0221296
0.0217646
0.0210763
0.018939
0.0165805
0.014794
0.0126113
0.00951263
0.00614964
0.00317989
0.000230815
-0.00324012
0.0225987
0.0230846
0.0225572
0.0226134
0.0236647
0.0227823
0.0235512
0.0234579
0.0225435
0.0225917
0.0215833
0.0197183
0.0190618
0.0181984
0.0159847
0.0136085
0.0118833
0.00990745
0.00713972
0.00419508
0.00170727
-0.000683149
-0.00356259
0.0222063
0.0226872
0.0219855
0.0219155
0.0228118
0.0219435
0.0223415
0.0220261
0.0209503
0.020795
0.019592
0.0176188
0.0168381
0.0159182
0.0137179
0.011405
0.00977559
0.00797883
0.0054911
0.00291178
0.000835463
-0.00109475
-0.00345594
0.0217658
0.0222464
0.021381
0.0211798
0.0219434
0.0210624
0.0211319
0.0206337
0.0194804
0.0191954
0.0178193
0.0157703
0.0149395
0.014029
0.0119324
0.00980117
0.00836955
0.00681053
0.00464415
0.00245927
0.000789674
-0.000746945
-0.00270519
0.0213244
0.0217377
0.0206796
0.0204028
0.0211201
0.0201836
0.0199007
0.0192728
0.0182133
0.0178941
0.0164064
0.014384
0.0136073
0.0127497
0.0107565
0.00876093
0.00744254
0.00601254
0.00405947
0.00217354
0.000822166
-0.000388452
-0.00197536
0.0208515
0.0212492
0.0200003
0.0196483
0.0203646
0.0193909
0.0187531
0.0180234
0.0171297
0.0167743
0.0152125
0.0132864
0.0126475
0.0119549
0.0102187
0.00850889
0.0073971
0.00614854
0.00445226
0.0028783
0.00179506
0.000788748
-0.000585999
0.0204132
0.0206176
0.0193061
0.0189728
0.0196524
0.0185916
0.0177225
0.0170274
0.0163611
0.0159946
0.0143779
0.012652
0.0121739
0.0115575
0.00999884
0.00850571
0.00749271
0.00629298
0.00475381
0.00343277
0.00257767
0.00176166
0.000621207
0.0200281
0.0200709
0.018672
0.0184581
0.0190139
0.0179491
0.0168901
0.0162622
0.0158532
0.0153606
0.0137863
0.0124411
0.012206
0.0117634
0.010533
0.00935819
0.00848278
0.00739962
0.00610306
0.00505471
0.00434453
0.00359658
0.00259646
0.0196218
0.019544
0.0182817
0.017926
0.0185277
0.0176631
0.0163817
0.0158399
0.0155992
0.0149915
0.0138606
0.0127678
0.0123211
0.0120122
0.0112385
0.0102437
0.00940428
0.00868073
0.00790978
0.00714954
0.00647655
0.0058369
0.00511253
0.0190527
0.0190921
0.0182178
0.0173131
0.0174642
0.017103
0.0159072
0.0150952
0.0148044
0.0143269
0.0134119
0.0122758
0.0114546
0.0110237
0.0105405
0.00980514
0.00905462
0.00846555
0.00795709
0.00744875
0.00696081
0.00654354
0.00615193
0.0186899
0.0187416
0.0178812
0.0168928
0.0169653
0.0167739
0.0157229
0.0147694
0.0144385
0.0141718
0.0133729
0.0123473
0.0115572
0.0110709
0.010635
0.0100864
0.00946391
0.00887166
0.00834536
0.00787819
0.00744877
0.00704424
0.00664574
0.0184494
0.0184026
0.0178958
0.0169166
0.0164615
0.01621
0.0155696
0.0147082
0.0140971
0.0136348
0.0130543
0.0122637
0.0114483
0.0108024
0.0103072
0.00982981
0.00931232
0.00880869
0.00836072
0.00796741
0.00760797
0.00728144
0.00698831
0.0885976
0.0698476
0.0459329
0.0227467
-0.000456271
-0.0240084
-0.0469433
-0.0686189
0.0717823
0.0521787
0.0273183
0.00614658
-0.0125084
-0.0309451
-0.0488463
-0.0652933
0.0556202
0.0402323
0.0188464
-0.000189055
-0.0157246
-0.0299334
-0.0438861
-0.0576889
0.0415847
0.0289104
0.0100508
-0.00712276
-0.0206726
-0.0317877
-0.0422419
-0.0524231
0.0294652
0.019065
0.00332733
-0.0113905
-0.0224564
-0.0308231
-0.0386359
-0.0463944
0.0195435
0.0111397
-0.00175807
-0.0141118
-0.0231677
-0.0296081
-0.0354548
-0.0412609
0.0113073
0.00479713
-0.00534142
-0.0153443
-0.0226393
-0.0276107
-0.0319438
-0.0362223
0.00442843
-0.000634873
-0.00800498
-0.0153741
-0.0209725
-0.0249312
-0.0282948
-0.0315093
-0.000635861
-0.00481662
-0.00982347
-0.0147523
-0.0188451
-0.0220291
-0.0247304
-0.02718
-0.003911
-0.00735576
-0.0106702
-0.0138172
-0.016682
-0.0191559
-0.0212995
-0.0231557
-0.00567342
-0.00846221
-0.0106288
-0.0125687
-0.0145054
-0.0163662
-0.0180466
-0.0194764
-0.00639882
-0.00860587
-0.00998645
-0.011134
-0.0124052
-0.0137589
-0.0150274
-0.016072
-0.00625744
-0.00801574
-0.00887319
-0.00947724
-0.0102564
-0.0112123
-0.0121635
-0.012954
-0.00569109
-0.00704258
-0.00754306
-0.00783441
-0.0083205
-0.00900608
-0.00971876
-0.0102881
-0.00459482
-0.00569224
-0.00598555
-0.00603504
-0.00624913
-0.00668132
-0.00717799
-0.00758645
-0.00350881
-0.00432171
-0.00443916
-0.00439164
-0.00452177
-0.00485426
-0.00524052
-0.00552047
-0.00190751
-0.00258966
-0.00263118
-0.00247226
-0.00245101
-0.00262578
-0.00287782
-0.00308542
-0.0004492
-0.000949348
-0.000919764
-0.000761982
-0.000746151
-0.000900077
-0.00110454
-0.00123711
0.0017178
0.0013396
0.00140633
0.00157081
0.00160931
0.00150269
0.00135108
0.00124421
0.00446625
0.00412576
0.0040764
0.00413206
0.0041355
0.00403125
0.00385324
0.00365272
0.00577185
0.00545832
0.0052043
0.00502446
0.0048921
0.00476281
0.00461204
0.00444396
0.00632185
0.00609998
0.00592437
0.00577006
0.00561851
0.00545978
0.00529221
0.00511989
0.00675048
0.00654612
0.00633011
0.00612003
0.00592709
0.00575246
0.00559033
0.00543433
-0.298146
-0.303833
-0.313975
-0.328218
-0.346876
-0.370391
-0.397954
-0.424969
-0.295923
-0.301333
-0.310116
-0.322344
-0.33819
-0.357687
-0.380232
-0.403123
-0.291108
-0.296473
-0.304908
-0.315872
-0.329772
-0.346454
-0.363495
-0.376908
-0.285891
-0.291283
-0.299228
-0.308832
-0.319822
-0.33115
-0.340134
-0.34354
-0.282528
-0.287244
-0.293862
-0.300795
-0.307225
-0.312071
-0.313517
-0.309454
-0.282397
-0.285262
-0.289049
-0.291919
-0.293197
-0.292293
-0.288023
-0.278841
-0.285707
-0.28532
-0.284816
-0.282817
-0.279206
-0.273681
-0.265235
-0.252508
-0.291616
-0.286632
-0.280859
-0.273838
-0.265972
-0.2568
-0.245268
-0.230036
-0.298561
-0.288024
-0.276622
-0.265039
-0.25368
-0.241612
-0.227788
-0.210773
-0.30485
-0.288319
-0.271601
-0.256416
-0.242182
-0.227916
-0.212367
-0.194157
-0.309314
-0.286558
-0.265683
-0.247745
-0.231298
-0.215419
-0.198622
-0.17969
-0.310246
-0.282482
-0.25881
-0.238899
-0.220846
-0.203837
-0.186246
-0.166992
-0.30825
-0.276196
-0.25108
-0.229683
-0.210601
-0.19295
-0.174991
-0.155823
-0.30096
-0.267663
-0.242264
-0.22001
-0.200729
-0.182638
-0.164731
-0.145885
-0.290396
-0.258752
-0.232715
-0.210634
-0.190995
-0.172557
-0.154877
-0.136723
-0.236431
-0.252527
-0.269764
-0.283672
-0.292338
-0.296075
-0.29668
-0.296479
-0.242573
-0.256835
-0.271546
-0.282888
-0.289522
-0.292265
-0.293029
-0.293617
-0.249599
-0.263153
-0.276564
-0.286104
-0.290474
-0.29084
-0.28972
-0.289199
-0.260244
-0.273508
-0.285871
-0.293475
-0.294976
-0.291753
-0.287234
-0.284561
-0.274174
-0.287392
-0.298815
-0.304478
-0.302931
-0.29569
-0.287202
-0.282016
-0.290551
-0.303917
-0.314508
-0.318332
-0.313931
-0.302927
-0.290698
-0.283195
-0.308707
-0.322368
-0.332218
-0.334326
-0.327373
-0.313175
-0.298075
-0.288723
-0.328052
-0.34208
-0.351267
-0.351793
-0.342691
-0.326052
-0.309033
-0.297819
-0.348011
-0.362425
-0.371027
-0.370091
-0.358957
-0.340388
-0.322628
-0.309141
-0.368019
-0.382804
-0.390867
-0.388842
-0.376548
-0.356695
-0.337379
-0.320454
-0.387493
-0.402661
-0.410096
-0.40654
-0.392321
-0.372261
-0.35183
-0.331049
-0.405825
-0.421384
-0.428919
-0.425063
-0.41048
-0.389234
-0.365019
-0.338435
-0.422541
-0.438222
-0.444403
-0.439172
-0.423308
-0.402024
-0.375405
-0.343099
-0.437428
-0.452919
-0.460593
-0.455322
-0.438554
-0.414698
-0.383948
-0.344525
-0.450266
-0.464934
-0.469911
-0.464207
-0.446805
-0.421409
-0.387647
-0.342846
-0.465835
-0.48208
-0.489001
-0.479746
-0.455886
-0.423599
-0.385488
-0.341372
-0.463417
-0.47946
-0.488013
-0.48408
-0.467335
-0.437537
-0.399177
-0.353434
-0.441615
-0.456358
-0.467519
-0.468349
-0.458149
-0.434005
-0.402369
-0.355188
-0.395071
-0.409376
-0.4228
-0.428044
-0.424474
-0.406233
-0.382844
-0.344335
-0.325322
-0.340137
-0.355455
-0.365114
-0.367326
-0.357317
-0.34314
-0.319015
-0.235762
-0.252747
-0.272365
-0.286922
-0.293721
-0.291083
-0.286678
-0.279386
-0.131528
-0.152035
-0.176495
-0.197502
-0.211898
-0.217217
-0.220155
-0.227166
-0.0226224
-0.0445604
-0.0718795
-0.0994171
-0.124571
-0.14264
-0.154687
-0.170776
0.0547481
0.0342476
0.00756127
-0.0208974
-0.0488479
-0.0734715
-0.0925727
-0.115555
0.0941754
0.076282
0.0525176
0.0268794
0.00182594
-0.0213002
-0.0400197
-0.0652839
0.100867
0.0869437
0.0684039
0.0485186
0.0292331
0.0111337
-0.00415061
-0.02555
0.0915584
0.0815325
0.0687569
0.0550899
0.041533
0.0289146
0.0170201
0.00109858
0.0771051
0.0702355
0.0620098
0.0535073
0.0448597
0.0361498
0.0275747
0.0164662
0.0633633
0.0589527
0.0538138
0.0485318
0.0431703
0.0376395
0.0319059
0.0243554
0.051711
0.0488081
0.0455957
0.0423149
0.0389278
0.0353442
0.0317274
0.0265253
0.0426167
0.0407048
0.0386216
0.0365035
0.0343529
0.031977
0.0298116
0.0264436
0.0348862
0.0336588
0.0323671
0.0310161
0.0296091
0.0279979
0.0265576
0.0244959
0.0291496
0.028244
0.027315
0.0263863
0.025466
0.0243905
0.0234124
0.0221339
0.0240767
0.0235685
0.023033
0.0224405
0.0218263
0.0211239
0.0204689
0.0197157
0.0205133
0.0200217
0.0195424
0.0190731
0.0186119
0.0181021
0.017613
0.0171078
0.0173484
0.0170789
0.0168039
0.0165086
0.0162099
0.0158862
0.015561
0.0152536
0.0148331
0.014568
0.0143098
0.0140521
0.0137985
0.0135383
0.0132902
0.0130697
0.0129722
0.0127776
0.0125884
0.0124005
0.0122121
0.0120146
0.0118138
0.0116379
0.0110659
0.0109506
0.0108379
0.0107225
0.0106078
0.0104913
0.0103823
0.0102839
0.00965076
0.00950414
0.0093626
0.0092269
0.00909844
0.00897739
0.00886955
0.00878671
0.00856708
0.00851324
0.00845964
0.0084032
0.00834268
0.00827603
0.00821015
0.00813577
0.00735125
0.00728572
0.00722381
0.00716626
0.00711315
0.00706247
0.00702143
0.00698616
0.00659908
0.0065189
0.00644186
0.0063685
0.00630097
0.0062414
0.0061911
0.00615325
0.00601806
0.00601402
0.0060095
0.00600153
0.00598732
0.00596679
0.00594533
0.00589889
0.00516183
0.00512716
0.00509441
0.00506489
0.00503782
0.00501234
0.00499535
0.00497898
0.00472467
0.00466009
0.00459918
0.00454426
0.00449822
0.00446237
0.00443684
0.00443113
0.00445649
0.00446668
0.00447547
0.00447978
0.00447821
0.00447218
0.00446016
0.00442076
0.0037779
0.00377974
0.00378278
0.00378603
0.00378756
0.00378912
0.00379516
0.00378533
0.00327767
0.00324485
0.00321452
0.00318875
0.00316792
0.00315204
0.00314583
0.0031515
0.00287841
0.00283716
0.0027988
0.00276523
0.00273874
0.00272013
0.00270942
0.00271436
0.00288035
0.00290942
0.00293593
0.00295807
0.00297523
0.00298704
0.00299004
0.00297238
0.00221819
0.00226453
0.00230887
0.00234823
0.00238163
0.00240948
0.00242593
0.00241566
0.000548089
0.000508048
0.000472825
0.000444228
0.000424347
0.000417463
0.000428503
0.000455535
-0.306676
-0.252924
-0.213065
-0.17842
-0.147224
-0.123268
-0.101661
-0.0838967
-0.0690814
-0.0567503
-0.0464949
-0.0379196
-0.0308896
-0.0249206
-0.0201075
-0.0159042
-0.0126178
-0.00924584
-0.00709523
-0.00254066
-0.00114447
0.00034997
0.000846143
-0.325316
-0.273785
-0.2332
-0.195063
-0.161882
-0.134795
-0.111246
-0.0917259
-0.0753816
-0.0617788
-0.0504975
-0.0410751
-0.0333597
-0.0268365
-0.0215779
-0.0169948
-0.0134849
-0.00980714
-0.00761993
-0.00309085
-0.00158308
4.88037e-05
0.000572915
-0.322259
-0.273879
-0.234559
-0.197892
-0.165834
-0.138508
-0.114883
-0.0950555
-0.0783089
-0.064295
-0.0526239
-0.042841
-0.0348007
-0.028001
-0.0225072
-0.0176895
-0.0140531
-0.0101758
-0.0079024
-0.00350765
-0.00192148
-0.00024808
0.000303725
-0.309272
-0.261535
-0.224569
-0.190723
-0.161227
-0.135599
-0.113321
-0.0943505
-0.0781558
-0.0644784
-0.0529887
-0.0432886
-0.0352591
-0.0284394
-0.0229144
-0.0180068
-0.0143438
-0.0103734
-0.00803115
-0.00379805
-0.00217812
-0.000520735
4.11519e-05
-0.287383
-0.24206
-0.209045
-0.178584
-0.15201
-0.128857
-0.108597
-0.0910976
-0.0759896
-0.0630866
-0.0521267
-0.0427847
-0.0349762
-0.0282918
-0.0228645
-0.0179523
-0.0143356
-0.0103424
-0.0080064
-0.00400145
-0.00241044
-0.00076883
-0.000216032
-0.255073
-0.216014
-0.18927
-0.16287
-0.139949
-0.119839
-0.102006
-0.0863462
-0.0726499
-0.0607902
-0.0505761
-0.0417668
-0.0343149
-0.0278619
-0.0226062
-0.0177488
-0.0142084
-0.0102317
-0.00791995
-0.00412744
-0.00262316
-0.000987725
-0.000465255
-0.212785
-0.18344
-0.164954
-0.143524
-0.125325
-0.108886
-0.093892
-0.080415
-0.0684125
-0.0578176
-0.0485262
-0.0403892
-0.0334019
-0.0272641
-0.0222408
-0.0175008
-0.0140667
-0.0101382
-0.00787703
-0.00424109
-0.00282287
-0.00118465
-0.000699912
-0.164437
-0.145625
-0.136311
-0.120751
-0.108278
-0.0960362
-0.0842772
-0.0733121
-0.0632714
-0.0541601
-0.0459583
-0.0386256
-0.0322049
-0.0264539
-0.0217189
-0.0171458
-0.0138489
-0.0100021
-0.00781115
-0.00431428
-0.00301776
-0.00136231
-0.000917279
-0.115004
-0.106481
-0.105127
-0.0957391
-0.0894833
-0.081518
-0.0732463
-0.0651158
-0.0573037
-0.0498733
-0.0429171
-0.0365322
-0.0307844
-0.0255018
-0.021112
-0.0167548
-0.0136295
-0.00987679
-0.00778328
-0.00437776
-0.00317952
-0.00152856
-0.00110952
-0.0694315
-0.0699669
-0.0743137
-0.0706334
-0.0700366
-0.0658627
-0.0610858
-0.0559736
-0.0505048
-0.044846
-0.0392833
-0.0339718
-0.0289931
-0.0242653
-0.020287
-0.0161926
-0.0132793
-0.00964661
-0.00767687
-0.00440552
-0.00331818
-0.00166798
-0.00128129
-0.0322299
-0.0388102
-0.0465262
-0.0476118
-0.0512401
-0.0502
-0.0487274
-0.0464453
-0.0431388
-0.0392651
-0.0351844
-0.0310126
-0.0268878
-0.0227925
-0.019292
-0.0155103
-0.0128644
-0.00938334
-0.00757846
-0.00440807
-0.0034099
-0.00178629
-0.00142576
-0.00658168
-0.0154134
-0.0241972
-0.0283028
-0.0343302
-0.0357047
-0.0370944
-0.0370099
-0.0355673
-0.03341
-0.0307649
-0.0277134
-0.0244949
-0.0210801
-0.0181039
-0.0146692
-0.0123277
-0.00901041
-0.00739012
-0.00438232
-0.00345239
-0.00187541
-0.00153512
0.00903783
-1.89047e-05
-0.00845936
-0.0138267
-0.0205055
-0.0233739
-0.026686
-0.0280009
-0.028114
-0.0274575
-0.0260664
-0.0240626
-0.0217412
-0.0190285
-0.0166119
-0.0135663
-0.0115786
-0.00847407
-0.00710379
-0.00432567
-0.00347895
-0.00193719
-0.00162568
0.0181691
0.0096124
0.00196393
-0.00370428
-0.0102859
-0.013811
-0.0180196
-0.0201145
-0.0213821
-0.021877
-0.0214958
-0.0204211
-0.0189337
-0.0168917
-0.015049
-0.0124264
-0.0107922
-0.00793992
-0.00674633
-0.00414697
-0.0034449
-0.00194571
-0.00168978
0.0220339
0.0147619
0.00853658
0.0031196
-0.00286866
-0.00659762
-0.0110072
-0.0135169
-0.0155363
-0.0167872
-0.0171715
-0.0168813
-0.0161146
-0.0146909
-0.0134013
-0.0112111
-0.00994568
-0.00734593
-0.00637876
-0.00397954
-0.00337276
-0.00192951
-0.00171452
0.0230804
0.0170916
0.0123389
0.00757394
0.00239072
-0.00119645
-0.00544105
-0.00806804
-0.0105071
-0.0121681
-0.0130929
-0.0134064
-0.0132338
-0.0123427
-0.0115577
-0.00976204
-0.00884889
-0.00656991
-0.00580041
-0.00367051
-0.00329582
-0.00185922
-0.0017181
0.0220147
0.0174944
0.0138847
0.00985109
0.00564515
0.00235015
-0.00147767
-0.00404463
-0.00662429
-0.00844612
-0.00970625
-0.0104384
-0.0107139
-0.0102707
-0.00992371
-0.00849914
-0.00793328
-0.00594825
-0.00542072
-0.00332639
-0.00307804
-0.00173897
-0.00166414
0.0203088
0.0168707
0.0141861
0.0108137
0.00747378
0.00461734
0.001283
-0.00110587
-0.00365357
-0.00550291
-0.00695051
-0.00794092
-0.00854894
-0.00844954
-0.00847691
-0.00737656
-0.00711546
-0.00534168
-0.00500987
-0.00300078
-0.00281973
-0.00159412
-0.00154646
0.0182982
0.0158388
0.0137567
0.0110916
0.00849639
0.00609231
0.00335086
0.00122197
-0.00110809
-0.00287441
-0.00436878
-0.00548071
-0.00629433
-0.00644077
-0.00675384
-0.0059275
-0.00595858
-0.00439832
-0.00434572
-0.00266278
-0.00259261
-0.00143041
-0.00140843
0.0161801
0.0143495
0.0128437
0.0107751
0.00882806
0.00686985
0.00465876
0.0028463
0.000809067
-0.000801057
-0.00225196
-0.00339718
-0.00433363
-0.00464248
-0.00518226
-0.00456743
-0.00485676
-0.00352796
-0.00366716
-0.00220243
-0.00235559
-0.00123152
-0.0012648
0.0144031
0.0130783
0.0118662
0.0102733
0.00876801
0.00716777
0.00538918
0.00384179
0.00210813
0.000671068
-0.000685074
-0.00179089
-0.0027868
-0.0031837
-0.00388143
-0.00343716
-0.00390621
-0.00279091
-0.00310146
-0.00173979
-0.00199541
-0.00094595
-0.00106715
0.0125538
0.0115906
0.0106937
0.00949548
0.00834057
0.00706037
0.00564868
0.00434935
0.00290158
0.00164298
0.00042715
-0.000612543
-0.00159538
-0.00204884
-0.00285251
-0.00253345
-0.0031882
-0.0021739
-0.00268603
-0.00136091
-0.00162658
-0.000691523
-0.000819427
0.0111796
0.0104477
0.00975517
0.00883454
0.00794714
0.00693866
0.00582918
0.00476795
0.00358263
0.00250891
0.00144103
0.000527139
-0.000432646
-0.000852197
-0.00172163
-0.00146893
-0.00221463
-0.00136215
-0.00196849
-0.000796811
-0.00125765
-0.000351918
-0.000557627
0.0099117
0.00939104
0.00882478
0.00813973
0.00743435
0.00663578
0.00576701
0.00489969
0.00394532
0.00304282
0.00214052
0.00132784
0.000469044
5.2253e-05
-0.000813458
-0.000630693
-0.00150125
-0.00072002
-0.00151597
-0.000412375
-0.000859609
-7.12429e-05
-0.000273426
0.00862076
0.00820965
0.00781723
0.00731293
0.00678212
0.00617157
0.00550013
0.00480711
0.00404619
0.00329618
0.00253928
0.00185521
0.00106153
0.000727231
-0.000138929
6.54998e-05
-0.000799548
-7.63512e-05
-0.000803029
0.000243549
-0.000485044
0.000302301
1.2908e-05
0.0078935
0.00757954
0.00725252
0.00685438
0.00643378
0.0059537
0.00542775
0.00487024
0.00426313
0.00365042
0.00301684
0.00244566
0.00174391
0.00145146
0.000630737
0.000789917
-0.00013545
0.00049413
-0.000427398
0.00050564
-9.75813e-05
0.000617993
0.00031758
0.00682977
0.00662095
0.00636278
0.00606869
0.00574019
0.00536766
0.00495734
0.0045162
0.0040344
0.00353418
0.0030289
0.00253873
0.00194078
0.00170593
0.000923663
0.00114649
0.000222834
0.000940793
0.000102184
0.00103578
0.000240673
0.000921612
0.000603227
0.00611843
0.00594689
0.00578696
0.0055817
0.00534931
0.00507951
0.00477486
0.00443877
0.00407156
0.00367654
0.00326347
0.00290609
0.00235864
0.00223581
0.00150113
0.0017438
0.00086079
0.00145677
0.000520768
0.00139709
0.000582104
0.00128796
0.000883662
0.00575125
0.00560088
0.00544166
0.00525326
0.00505294
0.00482815
0.00458174
0.00430943
0.00401403
0.00370152
0.00336057
0.00304988
0.00259805
0.00247024
0.00178789
0.00201569
0.00108056
0.00171106
0.000749725
0.00156701
0.000841329
0.00146976
0.00113114
0.00489661
0.00481733
0.0046959
0.00456404
0.00440893
0.00423343
0.00403821
0.00382488
0.00358851
0.00333594
0.0030872
0.00283276
0.00246535
0.0024282
0.0018146
0.00216547
0.00134668
0.00207921
0.00118911
0.00209689
0.00113966
0.00180326
0.00136063
0.00445727
0.00439166
0.004338
0.00426646
0.00417991
0.00407611
0.00395311
0.00381301
0.0036555
0.00347025
0.00326935
0.00313005
0.00277286
0.00281905
0.0022253
0.00254106
0.00167669
0.00226167
0.00126667
0.00216317
0.00128587
0.00197284
0.00154627
0.00433952
0.00425349
0.00417444
0.00407698
0.00397775
0.00386899
0.003752
0.00362325
0.0034893
0.00334557
0.00316896
0.00302806
0.00274731
0.00275741
0.00221317
0.00253835
0.00170852
0.00237251
0.00149554
0.00232334
0.00142041
0.00205273
0.00166432
0.00371212
0.00366955
0.00360326
0.00353516
0.00345671
0.00336941
0.00327265
0.00316491
0.00304612
0.00293161
0.00281708
0.00268979
0.00249721
0.00256814
0.00212148
0.00255688
0.00183981
0.00261226
0.00164813
0.00262184
0.00161939
0.00228595
0.00179531
0.00315476
0.00314707
0.00312876
0.00311165
0.00308662
0.0030567
0.00301945
0.00297567
0.00291643
0.00284358
0.0027862
0.00272918
0.00254564
0.00266361
0.00221717
0.00260697
0.00181238
0.00251694
0.00156185
0.00255717
0.00154005
0.00222412
0.00179605
0.00274864
0.00274242
0.00274187
0.0027305
0.0027145
0.00269142
0.00266377
0.0026325
0.00259849
0.00254668
0.00248461
0.00247733
0.00227755
0.00243257
0.00196457
0.00239782
0.0016502
0.002384
0.00163179
0.00260689
0.00155137
0.00217531
0.00170941
0.00293109
0.00288521
0.0028511
0.00280969
0.00276968
0.00272582
0.00267926
0.00262892
0.00258222
0.00253532
0.00247072
0.00244448
0.00232906
0.00249578
0.00210227
0.00264546
0.00192813
0.00270758
0.00169273
0.00256473
0.00164497
0.00222129
0.00164537
0.00237804
0.00235859
0.00233206
0.00230955
0.00228468
0.00226047
0.00223376
0.00220338
0.00216957
0.0021413
0.0021049
0.00205531
0.00199815
0.00208526
0.00177901
0.00220388
0.00152753
0.00236275
0.00138373
0.00230663
0.00140444
0.00179557
0.00135934
0.000493845
0.000530784
0.000554971
0.000575864
0.0005894
0.000598511
0.000603203
0.000603923
0.00059859
0.000590205
0.000585416
0.000566699
0.000510927
0.000593694
0.000375065
0.000645681
0.000267741
0.000804498
0.000407686
0.00101365
0.000447637
0.000662827
0.000492445
-0.125806
-0.114134
-0.100606
-0.0891627
-0.0784369
-0.0690109
-0.0601408
-0.052189
-0.044986
-0.0385001
-0.0326858
-0.0275002
-0.0229148
-0.0189331
-0.0153719
-0.0124479
-0.00958674
-0.00720077
-0.00472829
-0.000693684
0.00117651
0.0019624
0.00249521
-0.141974
-0.127184
-0.110303
-0.096798
-0.0843845
-0.0734975
-0.0634267
-0.054598
-0.0467082
-0.0397285
-0.0335803
-0.0281756
-0.0234426
-0.0193742
-0.0157533
-0.0127795
-0.0098978
-0.00749476
-0.0049492
-0.000942338
0.000927116
0.00174368
0.00227401
-0.158798
-0.140478
-0.12005
-0.104529
-0.090502
-0.0781137
-0.0668428
-0.0571084
-0.0484842
-0.0409727
-0.0344562
-0.0287986
-0.0239053
-0.0197292
-0.0160541
-0.0130277
-0.010137
-0.00771601
-0.00516252
-0.00117538
0.00067274
0.00152867
0.00205942
-0.176989
-0.15488
-0.130761
-0.112996
-0.0971705
-0.083058
-0.0705921
-0.0599175
-0.0505085
-0.0424184
-0.0354748
-0.0295008
-0.0244026
-0.0200641
-0.016313
-0.0132044
-0.010295
-0.00784043
-0.00532279
-0.00136428
0.000412893
0.00132061
0.00185056
-0.197241
-0.170023
-0.142022
-0.122322
-0.104467
-0.0884961
-0.0748287
-0.063115
-0.0528637
-0.044154
-0.0367289
-0.0303856
-0.0250358
-0.0204835
-0.0166288
-0.0133924
-0.0104544
-0.007924
-0.00545683
-0.00151516
0.000147212
0.00112538
0.00164685
-0.218934
-0.185927
-0.154232
-0.132561
-0.112159
-0.0943615
-0.0794647
-0.0666097
-0.0555125
-0.0461695
-0.038236
-0.0314994
-0.0258706
-0.0210739
-0.0170922
-0.0136883
-0.0107208
-0.0080622
-0.00566261
-0.00165845
-0.000123098
0.00094531
0.00144955
-0.243818
-0.201989
-0.16788
-0.144048
-0.120594
-0.101166
-0.0847731
-0.0706294
-0.0586343
-0.048584
-0.0400896
-0.032919
-0.0269731
-0.0218981
-0.0177524
-0.014147
-0.0111413
-0.00830056
-0.00599053
-0.00183463
-0.000410655
0.000772234
0.00125891
-0.271313
-0.221836
-0.185371
-0.157582
-0.130902
-0.109794
-0.0914199
-0.0758336
-0.0627617
-0.0518225
-0.0426343
-0.0349108
-0.0285411
-0.0231066
-0.0187058
-0.0148511
-0.0117524
-0.00868252
-0.00646781
-0.00209845
-0.000725671
0.000594014
0.00107436
0.0480168
0.024584
0.00111907
-0.0232375
-0.0479822
-0.0722889
-0.0958679
-0.117316
0.0515292
0.0256401
-0.000225893
-0.0269768
-0.0539035
-0.079857
-0.103747
-0.125626
0.054177
0.0248523
-0.00421189
-0.0332031
-0.0614941
-0.0881885
-0.112553
-0.134954
0.0559005
0.0229102
-0.00930203
-0.0403859
-0.0699192
-0.0973737
-0.122705
-0.145751
0.056146
0.0197185
-0.0154647
-0.0487811
-0.0799125
-0.108614
-0.134769
-0.158337
0.0547509
0.0148455
-0.0234062
-0.0592431
-0.0922672
-0.122289
-0.149186
-0.173033
0.051511
0.00774607
-0.0338827
-0.0725354
-0.107608
-0.138941
-0.166453
-0.190271
0.0458564
-0.00232183
-0.0477215
-0.0894266
-0.126703
-0.159337
-0.187258
-0.210653
0.0368367
-0.0163834
-0.0659934
-0.110924
-0.15049
-0.184431
-0.212462
-0.234914
0.0231364
-0.0358171
-0.0901423
-0.138657
-0.180528
-0.215441
-0.24309
-0.263931
0.0029602
-0.0625377
-0.122164
-0.174522
-0.218716
-0.254159
-0.280579
-0.29867
-0.0261286
-0.0989936
-0.164647
-0.221197
-0.267378
-0.302267
-0.325922
-0.339284
-0.0680312
-0.148573
-0.220083
-0.280327
-0.32693
-0.359325
-0.377605
-0.382866
-0.125704
-0.215408
-0.291354
-0.350822
-0.393281
-0.418547
-0.427064
-0.420768
-0.174756
-0.265607
-0.34
-0.396217
-0.433602
-0.45293
-0.456164
-0.445916
0.20467
0.196525
0.184577
0.168906
0.149858
0.127777
0.103534
0.076803
0.21963
0.210233
0.19641
0.178481
0.157054
0.132466
0.106029
0.0783866
0.236276
0.225798
0.210428
0.190657
0.167328
0.140813
0.112529
0.0836406
0.254819
0.243451
0.226734
0.205219
0.179912
0.151285
0.120438
0.0887676
0.275203
0.262939
0.244782
0.221276
0.193503
0.162155
0.128019
0.0926357
0.297315
0.283992
0.2641
0.238196
0.207377
0.172646
0.134682
0.0951205
0.321074
0.306485
0.284492
0.255736
0.221312
0.182559
0.140298
0.0961964
0.346428
0.330367
0.305887
0.273789
0.235196
0.19176
0.144612
0.0954527
0.373281
0.355531
0.32814
0.292129
0.248723
0.199836
0.147008
0.0920604
0.401378
0.381677
0.35087
0.310242
0.261222
0.205969
0.146475
0.0848166
0.43016
0.408173
0.373331
0.327211
0.271566
0.208834
0.141507
0.0720442
0.458548
0.433853
0.394216
0.341533
0.278022
0.206468
0.129927
0.0513647
0.484682
0.456734
0.41132
0.350692
0.277739
0.195699
0.108286
0.0190733
0.505035
0.473357
0.421338
0.351426
0.267318
0.173013
0.0731227
-0.028025
0.521926
0.486606
0.428439
0.350516
0.256516
0.150918
0.0397941
-0.0709751
0.0244154
0.0244013
0.0243866
0.0243714
0.0243559
0.0243399
0.0243228
0.0243076
0.0253488
0.0253249
0.0252871
0.0252348
0.0251678
0.0250867
0.0249892
0.0248743
0.024686
0.0246984
0.0247162
0.0247368
0.0247566
0.0247733
0.0247889
0.0247888
0.0274819
0.0273921
0.0272843
0.0271652
0.0270427
0.0269228
0.0268173
0.0267291
0.0262542
0.0262252
0.0262247
0.0262451
0.0262802
0.0263281
0.0263706
0.026449
0.0309535
0.0309268
0.0308613
0.030762
0.0306321
0.0304815
0.0303079
0.0301551
0.0293967
0.0293568
0.0293435
0.0293535
0.0293821
0.0294153
0.0294588
0.0294959
0.0345564
0.0345054
0.034432
0.0343241
0.0342046
0.0340665
0.033937
0.0338211
0.0349906
0.0349616
0.034977
0.0350149
0.0350816
0.0351621
0.0352349
0.0353746
0.0401265
0.0400438
0.0399265
0.0397899
0.0396027
0.0394824
0.0391952
0.039237
0.0420434
0.0420119
0.0419474
0.0419588
0.0418936
0.0420485
0.0418642
0.0422874
0.0480278
0.0478875
0.0477331
0.0475902
0.0473475
0.0473064
0.0468936
0.0473369
0.0517872
0.0515408
0.0513275
0.0511447
0.0509161
0.0508491
0.0504616
0.0506955
0.0587065
0.0583653
0.0580208
0.0576887
0.0572184
0.0569943
0.0562744
0.0563806
0.064821
0.0642341
0.0636504
0.063078
0.0623944
0.0619026
0.0609722
0.0607581
0.0735885
0.0728223
0.0720418
0.0713002
0.0703365
0.069516
0.0680371
0.0673659
0.0824748
0.0812904
0.0800337
0.0786736
0.0770673
0.0755258
0.0734909
0.0720583
0.0940689
0.0925513
0.0909508
0.0891804
0.0869441
0.0847494
0.0816426
0.0792031
0.106642
0.104386
0.101844
0.0988967
0.095406
0.091739
0.0873804
0.0832498
0.122209
0.11941
0.116095
0.112232
0.107429
0.102381
0.0959151
0.0897019
0.13951
0.135571
0.13067
0.124728
0.117518
0.109406
0.100313
0.0901035
0.16039
0.155533
0.149163
0.141172
0.131386
0.120069
0.107059
0.0921932
0.183802
0.177308
0.168222
0.156355
0.141797
0.124599
0.105664
0.0838108
0.0242969
0.0242849
0.0242543
0.024205
0.0241314
0.024027
0.0238857
0.0236999
0.0234627
0.023169
0.022814
0.0223965
0.0219143
0.0213646
0.0207599
0.0200695
0.0193499
0.0186064
0.0178995
0.0172629
0.0168645
0.016491
0.0163193
0.024751
0.0245517
0.0243452
0.0241191
0.0238662
0.02359
0.0232902
0.0229682
0.022624
0.0222544
0.0218536
0.0214089
0.0209207
0.0203672
0.0197456
0.0191321
0.0183949
0.0178721
0.0172441
0.0169512
0.0163829
0.0159846
0.0158969
0.0247706
0.0247144
0.0246594
0.0245817
0.0244755
0.0243236
0.0241126
0.0238319
0.0234737
0.0230336
0.0225162
0.0219302
0.0212882
0.0206222
0.0199241
0.0193149
0.0187039
0.0182062
0.0177428
0.0173931
0.0165437
0.0161172
0.0156609
0.0265546
0.0263296
0.0260472
0.0257075
0.0253415
0.0249548
0.0245549
0.0241419
0.0237101
0.0232464
0.0227406
0.0221827
0.0215662
0.0209186
0.0202161
0.0195478
0.0188322
0.0181349
0.0174419
0.0170909
0.0166021
0.0162566
0.0157801
0.0264209
0.0264304
0.0264212
0.0263783
0.0262651
0.0260582
0.0257363
0.0252873
0.0247089
0.0240193
0.0232363
0.0223935
0.0214997
0.0205828
0.0196317
0.0186405
0.0176615
0.0166681
0.0158516
0.0154352
0.0153392
0.0150574
0.0151124
0.0298357
0.0294135
0.0289193
0.0284084
0.0278702
0.0273128
0.0267324
0.0261169
0.0254424
0.0246798
0.0238067
0.0228159
0.0217257
0.0205394
0.0193324
0.0181507
0.0171573
0.0162227
0.0154783
0.0149011
0.0143331
0.0138725
0.0139987
0.0295295
0.0293944
0.0292131
0.0289909
0.0286384
0.0281234
0.0274222
0.0265456
0.0255239
0.0243931
0.0231848
0.0219146
0.0206057
0.0192604
0.0179983
0.0168267
0.0164071
0.0155921
0.0149811
0.0147781
0.0141455
0.0135956
0.0133053
0.0336737
0.032757
0.0320164
0.0311904
0.0303631
0.0295008
0.0285777
0.0275471
0.0263812
0.0250661
0.0236431
0.022149
0.0206278
0.0189982
0.0175826
0.0157208
0.0165637
0.0151351
0.0140465
0.0139477
0.0136424
0.0133607
0.0129442
0.0353676
0.0349453
0.0345893
0.033978
0.0331482
0.0320993
0.030876
0.0295048
0.0280167
0.0264216
0.0247289
0.022975
0.0211855
0.0194251
0.017774
0.0162499
0.0154685
0.0142815
0.0132096
0.0126818
0.0125732
0.0123889
0.0123225
0.0385474
0.0375202
0.0365092
0.0354166
0.0341971
0.0328081
0.0312383
0.0294654
0.0275301
0.0255001
0.023432
0.021375
0.0193611
0.0174726
0.0157427
0.0142394
0.0131484
0.0121515
0.0114848
0.011484
0.0114833
0.0111949
0.0114334
0.0414551
0.0406364
0.0395438
0.0382197
0.0365848
0.0347382
0.0326649
0.0303838
0.027936
0.0253905
0.0228196
0.0203314
0.0179888
0.0158625
0.014062
0.0125457
0.0115279
0.0107053
0.010395
0.0107678
0.0107289
0.0104614
0.0106284
0.0461046
0.0447553
0.043063
0.0411095
0.0389165
0.0365461
0.0339346
0.0311493
0.0282789
0.0253865
0.0225315
0.0198176
0.0173478
0.0151527
0.0133679
0.0119391
0.0109965
0.0103151
0.0101141
0.0104363
0.0103882
0.010184
0.0100978
0.0493997
0.0478381
0.0457893
0.0432661
0.0404121
0.0373299
0.0339866
0.0305276
0.0270887
0.0237673
0.0206497
0.0178198
0.0153661
0.0132725
0.0116483
0.0104073
0.00969181
0.00910126
0.00908677
0.0098048
0.0100831
0.00992462
0.00972779
0.0545316
0.0519886
0.0487308
0.0450718
0.041272
0.0373089
0.0331414
0.0289928
0.0249993
0.0212651
0.0179052
0.0149813
0.0125603
0.010605
0.00917093
0.00814633
0.007703
0.00733014
0.00760325
0.00876535
0.00942121
0.00937722
0.00927953
0.0587474
0.055547
0.0514435
0.0469032
0.0422241
0.0373257
0.0323352
0.0275557
0.0231219
0.019122
0.0156454
0.0127172
0.0103789
0.00857871
0.0073272
0.00651656
0.00627565
0.00621884
0.00671868
0.00791237
0.00859225
0.00863816
0.00868461
0.0643373
0.0594207
0.0535168
0.047515
0.0416864
0.0358
0.0300908
0.0248642
0.0202073
0.0161706
0.0127981
0.0100721
0.00798677
0.00647587
0.00551242
0.00500666
0.00501876
0.00534305
0.00615409
0.00743564
0.00792958
0.0079262
0.00804743
0.0684018
0.0619334
0.0545324
0.0471563
0.0399777
0.0329332
0.0264594
0.020804
0.0159729
0.0119732
0.00879519
0.00636446
0.00463639
0.00350718
0.00292374
0.00279631
0.00316014
0.00388134
0.00513751
0.00695243
0.00742673
0.00734866
0.00748152
0.0734563
0.0641688
0.0543616
0.0452561
0.0367887
0.0288781
0.0219769
0.0161509
0.0113381
0.00750057
0.00458588
0.00250287
0.00116716
0.000438129
0.000244165
0.000478065
0.00118462
0.00224793
0.00385233
0.00621847
0.0068386
0.00684155
0.00697932
0.0761557
0.0645262
0.0528251
0.0422602
0.0326407
0.0241509
0.0171307
0.0114228
0.00688924
0.00341568
0.000920305
-0.000718201
-0.00161015
-0.0019278
-0.00175114
-0.00120331
-0.000244178
0.0010907
0.00281003
0.00537923
0.00613116
0.00633497
0.00649278
0.0784856
0.0628273
0.0488055
0.0370498
0.0267906
0.0182218
0.0114109
0.00610331
0.00207758
-0.000834411
-0.00273692
-0.00379562
-0.00415225
-0.00400085
-0.00342618
-0.00256456
-0.00138006
0.000171516
0.00194193
0.00455895
0.00540574
0.00580267
0.00599542
0.0764076
0.0583327
0.0428623
0.0302691
0.0196515
0.0112325
0.00476808
-4.02058e-05
-0.00349917
-0.00578458
-0.0070198
-0.00742269
-0.00718336
-0.00651699
-0.00550206
-0.00430002
-0.00284721
-0.00109168
0.000863767
0.00373628
0.0047418
0.00526928
0.00550946
0.071404
0.0496347
0.0341405
0.0216931
0.0114094
0.00350865
-0.00244067
-0.00672136
-0.00961099
-0.0112376
-0.0117775
-0.0115091
-0.0106629
-0.00947719
-0.00801173
-0.00646434
-0.00470958
-0.00276265
-0.000537359
0.00280287
0.00407695
0.00474652
0.00504983
0.0573489
0.0380135
0.0240198
0.0121483
0.00265511
-0.00450111
-0.00976747
-0.0135392
-0.0158433
-0.0167425
-0.0165349
-0.0155638
-0.0140948
-0.0123753
-0.0104576
-0.00856155
-0.00650931
-0.00437717
-0.00196826
0.00175596
0.0033496
0.00424404
0.00461694
0.0408888
0.0269887
0.0151132
0.0039138
-0.00468937
-0.0112484
-0.0159082
-0.0192956
-0.0211125
-0.0213564
-0.0204679
-0.0188435
-0.0168005
-0.0145813
-0.0122456
-0.0100423
-0.0077242
-0.00546094
-0.00303834
0.000853105
0.0027336
0.00383594
0.00427301
0.0206104
0.0077177
-0.000326982
-0.0090497
-0.0151718
-0.0199237
-0.0230047
-0.0250075
-0.0256071
-0.0248356
-0.0231416
-0.0208802
-0.0183531
-0.0157523
-0.0131331
-0.0107373
-0.00825488
-0.00595721
-0.00357658
0.000365006
0.00239246
0.00354685
0.00402533
-0.00277179
-0.0160234
-0.0209996
-0.0268566
-0.0296739
-0.031553
-0.0320243
-0.0313471
-0.0297376
-0.0274468
-0.0247596
-0.0218597
-0.0189355
-0.0160862
-0.0133264
-0.0108695
-0.00832903
-0.00608936
-0.00375775
0.000221315
0.00225675
0.00330917
0.0038085
-0.0250378
-0.0364191
-0.0394079
-0.0430071
-0.0430278
-0.0422202
-0.0400934
-0.0370332
-0.0334514
-0.0297726
-0.0261664
-0.022679
-0.0193898
-0.0163315
-0.0134533
-0.0109714
-0.00839407
-0.0062124
-0.00390985
0.000178652
0.00218823
0.00309351
0.00360395
-0.0470529
-0.0541376
-0.0534966
-0.0547757
-0.052373
-0.04965
-0.0457274
-0.0412734
-0.0365424
-0.0319526
-0.0276564
-0.0236737
-0.0200373
-0.0167619
-0.0137339
-0.0112041
-0.00857226
-0.00640091
-0.00412142
9.07936e-05
0.00208447
0.00287643
0.00339719
-0.0689063
-0.070651
-0.0657726
-0.0641015
-0.059259
-0.0549104
-0.0496947
-0.0443805
-0.0390214
-0.0338974
-0.0291301
-0.0247578
-0.0208122
-0.0173168
-0.0141205
-0.0115011
-0.0088034
-0.00658811
-0.00432564
-6.51532e-05
0.00190992
0.00264942
0.00318039
-0.0896189
-0.0861417
-0.0778375
-0.0728842
-0.0657176
-0.059682
-0.0532356
-0.04708
-0.0411598
-0.0356075
-0.0304737
-0.0257886
-0.0215844
-0.0178854
-0.0145337
-0.011796
-0.00903416
-0.00674434
-0.0044621
-0.000255972
0.00167922
0.0024168
0.0029535
-0.108523
-0.100517
-0.089887
-0.0811844
-0.0721945
-0.0643863
-0.0567291
-0.0496713
-0.0431318
-0.0371287
-0.0316539
-0.0267043
-0.0222909
-0.0184267
-0.0149531
-0.0121056
-0.00928673
-0.0069366
-0.00456978
-0.000465231
0.00142842
0.00218698
0.00272294
)
;

boundaryField
{
    outlet
    {
        type            fixedValue;
        value           uniform 0;
    }
    upperWall
    {
        type            symmetryPlane;
    }
    lowerWall
    {
        type            symmetryPlane;
    }
    inlet
    {
        type            zeroGradient;
    }
    cylinder
    {
        type            zeroGradient;
    }
    frontAndBack
    {
        type            empty;
    }
}


// ************************************************************************* //
