/*--------------------------------*- C++ -*----------------------------------*\
| =========                 |                                                 |
| \\      /  F ield         | OpenFOAM: The Open Source CFD Toolbox           |
|  \\    /   O peration     | Version:  2312                                  |
|   \\  /    A nd           | Website:  www.openfoam.com                      |
|    \\/     M anipulation  |                                                 |
\*---------------------------------------------------------------------------*/
FoamFile
{
    version     2.0;
    format      ascii;
    arch        "LSB;label=32;scalar=64";
    class       volScalarField;
    location    "181.7";
    object      p;
}
// * * * * * * * * * * * * * * * * * * * * * * * * * * * * * * * * * * * * * //

dimensions      [0 2 -2 0 0 0 0];

internalField   nonuniform List<scalar> 
5478
(
-0.537395
-0.536102
-0.536427
-0.537883
-0.538242
-0.533377
-0.519173
-0.493408
-0.456794
-0.412484
-0.36458
-0.31636
-0.270437
-0.227239
-0.187023
-0.545007
-0.54145
-0.538736
-0.535997
-0.530521
-0.518425
-0.497274
-0.466933
-0.42948
-0.388062
-0.345586
-0.30413
-0.264998
-0.228127
-0.194406
-0.55455
-0.54896
-0.543033
-0.535233
-0.522391
-0.50226
-0.474704
-0.44129
-0.404385
-0.36628
-0.328587
-0.292402
-0.258183
-0.226242
-0.196585
-0.568132
-0.560004
-0.550147
-0.535715
-0.514108
-0.48594
-0.45326
-0.418153
-0.382317
-0.346914
-0.312722
-0.280196
-0.249624
-0.221134
-0.194805
-0.586589
-0.574254
-0.559499
-0.536428
-0.505309
-0.470037
-0.433559
-0.397422
-0.362384
-0.328862
-0.297078
-0.267182
-0.239156
-0.213178
-0.188898
-0.609156
-0.590815
-0.568824
-0.535294
-0.494961
-0.453791
-0.414358
-0.377319
-0.342717
-0.310452
-0.280438
-0.252557
-0.226726
-0.202835
-0.180327
-0.631806
-0.607685
-0.574523
-0.529407
-0.480964
-0.435103
-0.393353
-0.35559
-0.321304
-0.290069
-0.261536
-0.235443
-0.211547
-0.189678
-0.169204
-0.648479
-0.619603
-0.572705
-0.516083
-0.460946
-0.41151
-0.368164
-0.330056
-0.296273
-0.266119
-0.239065
-0.214716
-0.192818
-0.173096
-0.155045
-0.444322
-0.446471
-0.448155
-0.452626
-0.460403
-0.471527
-0.485907
-0.50314
-0.522508
-0.543068
-0.563576
-0.582364
-0.597061
-0.604597
-0.603006
-0.446891
-0.450809
-0.453769
-0.458993
-0.466686
-0.476176
-0.486475
-0.496226
-0.503955
-0.508474
-0.508935
-0.504501
-0.494517
-0.479267
-0.456772
-0.454509
-0.459748
-0.464154
-0.47059
-0.478897
-0.487682
-0.49498
-0.498295
-0.495114
-0.483724
-0.463321
-0.433585
-0.395131
-0.351714
-0.301426
-0.467267
-0.473206
-0.478948
-0.486736
-0.496202
-0.505217
-0.510873
-0.509544
-0.497708
-0.473234
-0.4357
-0.38627
-0.323279
-0.260845
-0.183758
-0.483854
-0.489778
-0.496337
-0.504846
-0.515673
-0.525142
-0.529603
-0.524504
-0.505902
-0.471516
-0.420263
-0.362114
-0.284523
-0.215902
-0.133807
-0.501337
-0.506482
-0.513464
-0.523278
-0.533273
-0.54174
-0.544062
-0.534862
-0.510295
-0.468814
-0.412858
-0.347683
-0.273908
-0.205233
-0.137143
-0.516783
-0.520204
-0.525927
-0.534108
-0.542604
-0.54832
-0.546488
-0.53225
-0.502629
-0.457613
-0.401589
-0.339157
-0.275244
-0.215776
-0.160399
-0.528678
-0.529799
-0.533201
-0.538336
-0.543326
-0.544437
-0.53686
-0.516814
-0.482907
-0.43724
-0.384411
-0.328841
-0.27495
-0.22473
-0.179652
-0.571592
-0.473128
-0.341704
-0.265334
-0.253777
-0.273854
-0.290347
-0.226947
-0.171144
-0.140345
-0.128277
-0.108597
-0.109633
-0.131272
-0.153113
-0.135668
-0.113795
-0.106494
-0.138777
-0.142396
-0.133434
-0.124232
-0.156578
-0.134422
-0.144371
-0.177108
-0.202822
-0.12766
-0.110624
-0.0656532
-0.0420713
-0.023687
-0.0125689
-0.00938178
-0.00648569
-0.00403705
-0.00220988
-0.000711511
-0.414805
-0.369739
-0.288041
-0.254947
-0.270744
-0.31604
-0.330203
-0.252309
-0.18028
-0.140269
-0.126437
-0.106286
-0.102614
-0.126907
-0.149457
-0.131491
-0.109291
-0.0964529
-0.128166
-0.134067
-0.128462
-0.135189
-0.169416
-0.14093
-0.142256
-0.151194
-0.16904
-0.135138
-0.122028
-0.0640132
-0.0387363
-0.0237082
-0.0134359
-0.00941034
-0.00634995
-0.00402179
-0.00222216
-0.000713718
-0.252451
-0.218752
-0.189753
-0.213922
-0.265601
-0.339449
-0.347292
-0.264592
-0.184225
-0.138375
-0.123905
-0.109604
-0.0996747
-0.123871
-0.145041
-0.127211
-0.103913
-0.0865677
-0.115364
-0.124508
-0.121184
-0.143838
-0.179046
-0.145277
-0.137448
-0.126498
-0.134297
-0.138285
-0.129932
-0.061589
-0.0351455
-0.0234712
-0.0141861
-0.00941029
-0.0061991
-0.0040004
-0.00223146
-0.000715102
-0.118792
-0.0603406
-0.0514339
-0.135064
-0.238465
-0.336321
-0.341431
-0.262463
-0.183889
-0.135462
-0.119927
-0.114985
-0.0998607
-0.123615
-0.141999
-0.123635
-0.0981043
-0.0775575
-0.094853
-0.114128
-0.111795
-0.149431
-0.185677
-0.148013
-0.130862
-0.104871
-0.100945
-0.137332
-0.133733
-0.0589922
-0.0319537
-0.022982
-0.0148332
-0.00938673
-0.00604291
-0.00397079
-0.002237
-0.000715367
-0.0530175
0.0291118
0.068052
-0.0416981
-0.18522
-0.301898
-0.312937
-0.244618
-0.177239
-0.131296
-0.11474
-0.116537
-0.100814
-0.128206
-0.142046
-0.119493
-0.0921663
-0.0708255
-0.0851633
-0.103976
-0.101057
-0.151638
-0.188672
-0.149016
-0.12359
-0.0870855
-0.0709361
-0.133067
-0.133005
-0.0563739
-0.0278946
-0.0222282
-0.0152827
-0.00933875
-0.00588917
-0.00393439
-0.00223766
-0.000714295
-0.0610129
0.0376032
0.116404
0.0293352
-0.127235
-0.244558
-0.266725
-0.216905
-0.163852
-0.126035
-0.108854
-0.110374
-0.102022
-0.133915
-0.145612
-0.118662
-0.087695
-0.0662505
-0.0761741
-0.093975
-0.0887366
-0.149597
-0.184463
-0.148864
-0.117394
-0.0742942
-0.0457347
-0.125998
-0.12849
-0.0540257
-0.023842
-0.0212802
-0.0156055
-0.00927908
-0.00574806
-0.00389429
-0.0022337
-0.000711997
-0.0952353
-0.0138832
0.0954954
0.0676982
-0.0578486
-0.179956
-0.216142
-0.192029
-0.151141
-0.122589
-0.103578
-0.0978808
-0.101441
-0.140215
-0.14834
-0.115324
-0.0832997
-0.0630945
-0.0711205
-0.0849047
-0.0741986
-0.142759
-0.176599
-0.146125
-0.110641
-0.0653451
-0.0242989
-0.116365
-0.12099
-0.0515789
-0.0203302
-0.0202189
-0.0156195
-0.00918736
-0.00561647
-0.00384281
-0.00222171
-0.000708022
-0.127922
-0.0715824
0.0134115
0.0433618
-0.00913044
-0.0993224
-0.148448
-0.149209
-0.128093
-0.111938
-0.097746
-0.0843942
-0.0930513
-0.141781
-0.152794
-0.117326
-0.0814848
-0.061709
-0.0641177
-0.0759327
-0.0605835
-0.131648
-0.165654
-0.145013
-0.104681
-0.0628498
-0.00816997
-0.104749
-0.112219
-0.0499425
-0.0171877
-0.0189127
-0.0157795
-0.00912558
-0.00551527
-0.00379708
-0.00220912
-0.000704275
-0.126701
-0.0879165
-0.0235373
0.0185655
-0.00755176
-0.0670982
-0.104458
-0.115091
-0.102293
-0.0896363
-0.0810727
-0.0701783
-0.0842364
-0.126258
-0.138667
-0.110066
-0.075993
-0.0605442
-0.069089
-0.0685601
-0.0521579
-0.118469
-0.149988
-0.134207
-0.0928801
-0.059753
-0.00391652
-0.0899029
-0.0987438
-0.0465645
-0.0155704
-0.017396
-0.0150372
-0.00887714
-0.00537245
-0.00370612
-0.00216587
-0.000692018
-0.116058
-0.0846032
-0.0419337
-0.0135322
-0.0191025
-0.0472651
-0.0707264
-0.0782035
-0.0715184
-0.0651796
-0.0593667
-0.050344
-0.0661415
-0.113187
-0.134826
-0.0995819
-0.0649564
-0.0492119
-0.0377013
-0.0521146
-0.03435
-0.0936456
-0.135125
-0.116097
-0.0748115
-0.0370484
0.00608023
-0.0680044
-0.0915552
-0.0393344
-0.0126484
-0.0153802
-0.0139414
-0.00842198
-0.00512604
-0.003553
-0.00209443
-0.000670885
-0.09858
-0.0814189
-0.0555059
-0.0340065
-0.0282271
-0.0393227
-0.0509076
-0.0561646
-0.0549197
-0.0479853
-0.0437259
-0.0322807
-0.0290675
-0.0616773
-0.0799023
-0.0698573
-0.0508392
-0.040338
-0.0366153
-0.0385877
-0.0204623
-0.0618706
-0.100643
-0.087755
-0.0481103
-0.0126507
0.0165819
-0.0440038
-0.0709041
-0.0291891
-0.0107862
-0.0133701
-0.0123764
-0.00786061
-0.00490035
-0.00339595
-0.00200741
-0.000646887
-0.0811081
-0.0737771
-0.0576073
-0.0418215
-0.0334669
-0.033987
-0.0379981
-0.0381907
-0.0347559
-0.0276285
-0.0197032
-0.0105541
-0.00108875
-0.0102845
-0.0164861
-0.0306914
-0.0370857
-0.0317825
-0.02762
-0.0209245
-0.0052103
-0.0263194
-0.0619347
-0.0586055
-0.025159
0.00729136
0.0291876
-0.0164849
-0.0480077
-0.0193287
-0.0100183
-0.0111201
-0.0106047
-0.00726052
-0.00469194
-0.0032052
-0.00189977
-0.000618739
-0.0657807
-0.0632886
-0.0537866
-0.0428427
-0.0344758
-0.0302657
-0.0293143
-0.0274167
-0.024948
-0.0182194
-0.0103653
0.00185457
0.0212394
0.0309962
0.0261625
0.000479374
-0.0193018
-0.0183946
-0.0151401
-0.00811583
0.00407734
0.0100013
-0.00908358
-0.0321338
-0.00989398
0.0205102
0.0339726
0.0111177
-0.0189332
-0.00904989
-0.0095647
-0.0084646
-0.00840769
-0.00656584
-0.00446697
-0.00298113
-0.00177225
-0.000586544
-0.0520597
-0.05216
-0.047047
-0.0395519
-0.0320925
-0.0266271
-0.0233855
-0.0192271
-0.0145779
-0.00690127
0.00251746
0.0123171
0.0277083
0.0413646
0.0380839
0.0168215
-0.00259638
-0.00549794
-0.00164209
0.00557139
0.012307
0.0232782
0.00530027
-0.0187483
-0.00544981
0.0240116
0.0354996
0.0307419
0.00424068
-8.47955e-05
-0.00322468
-0.00528084
-0.00627567
-0.00583213
-0.00416582
-0.00271658
-0.001628
-0.000549022
-0.0400441
-0.0414703
-0.0387651
-0.0335552
-0.0277193
-0.0222919
-0.0178606
-0.0131601
-0.00868015
-0.0025511
0.00476491
0.0138864
0.0267875
0.0378458
0.0369927
0.0224961
0.0090246
0.00533569
0.00595448
0.0111878
0.015821
0.027622
0.0163524
-0.00711346
-0.000295607
0.0215755
0.0325324
0.03908
0.016913
0.00487973
-0.00186312
-0.00268831
-0.00460009
-0.00506568
-0.00371968
-0.00241066
-0.0014704
-0.000502546
-0.0299924
-0.0317807
-0.0304843
-0.0270258
-0.0225143
-0.0178285
-0.0135515
-0.0091283
-0.00475738
0.000868638
0.00756819
0.0150142
0.0232822
0.0296722
0.03108
0.0224376
0.0140368
0.0111419
0.0116758
0.0159587
0.0182314
0.0234478
0.0180014
0.00347217
0.00562028
0.0189223
0.029233
0.0349809
0.0186321
0.00674903
0.000161232
-0.00152708
-0.00345356
-0.00418435
-0.00312103
-0.00207303
-0.00129444
-0.00044309
-0.0215254
-0.0233322
-0.0228615
-0.0205532
-0.017175
-0.0133671
-0.00961182
-0.00570139
-0.00179224
0.00273128
0.00763437
0.0130281
0.0187852
0.0230263
0.0250669
0.0207396
0.0159409
0.0142732
0.01357
0.0158925
0.0176792
0.0201779
0.0181468
0.0100314
0.00997473
0.0167226
0.0249393
0.0291591
0.0190308
0.00828595
0.00228994
-0.000103548
-0.00231939
-0.00313438
-0.00242863
-0.00169139
-0.00108091
-0.000365999
-0.0145817
-0.0162165
-0.0161115
-0.0145205
-0.0120802
-0.00918842
-0.00617245
-0.00300783
0.000151668
0.00362054
0.00741197
0.0114764
0.0155546
0.0184476
0.0201685
0.0185851
0.0160313
0.0151101
0.0151013
0.0164802
0.0174049
0.0180295
0.0168878
0.012914
0.0127173
0.016577
0.021489
0.0234757
0.0177792
0.00941042
0.00398007
0.00107191
-0.0012023
-0.00209496
-0.00175955
-0.0012991
-0.000854893
-0.000290447
-0.00891009
-0.0102165
-0.0102759
-0.00926942
-0.00759008
-0.00546613
-0.00314702
-0.000706678
0.00176317
0.0043799
0.00722135
0.010115
0.0129963
0.0150667
0.0165036
0.0164606
0.0154495
0.0150886
0.015016
0.0155712
0.0160979
0.016402
0.0159997
0.0140959
0.0138848
0.0154976
0.018268
0.0194335
0.0162249
0.0100723
0.0052751
0.00222066
-8.67458e-05
-0.0011103
-0.00109213
-0.00087101
-0.000597102
-0.000200258
-0.00420838
-0.00529371
-0.00548745
-0.00486607
-0.00368085
-0.00216042
-0.000458301
0.00133898
0.00318055
0.00507464
0.00713204
0.00920892
0.0112688
0.0128982
0.0140846
0.0146416
0.0144977
0.014468
0.0146921
0.0151108
0.0153547
0.0154111
0.0151867
0.0142922
0.0142133
0.0151709
0.0161987
0.0164185
0.0144184
0.0102104
0.00623702
0.00326797
0.00096374
-0.000219211
-0.000473499
-0.000459634
-0.000347928
-0.000118318
-0.000453444
-0.00131867
-0.00151985
-0.00113594
-0.000358693
0.000677467
0.00187568
0.00315274
0.00447364
0.00581788
0.00726911
0.0087583
0.0102371
0.0115034
0.0124793
0.0131841
0.0135258
0.0137284
0.0139663
0.0142528
0.0143969
0.0144292
0.0143848
0.0139285
0.0137847
0.0141112
0.0144031
0.0141876
0.0127538
0.00990876
0.00678618
0.00410541
0.0019151
0.000593547
9.84128e-05
-6.98895e-05
-0.000106134
-3.4986e-05
0.00257248
0.00190954
0.0017093
0.00191005
0.0023938
0.00307211
0.00389389
0.00478024
0.00568922
0.00660953
0.00760338
0.00866201
0.00971448
0.0106645
0.0114642
0.0121349
0.0126193
0.0129303
0.0132065
0.0134946
0.0136218
0.0136499
0.0136177
0.0133673
0.0132076
0.0132475
0.013138
0.012631
0.0114543
0.0094692
0.00709021
0.0047763
0.0027639
0.00135936
0.000647192
0.000301821
0.000125034
4.95483e-05
0.00501524
0.00449741
0.00429969
0.00438137
0.00466129
0.00508231
0.00561185
0.00620042
0.00680356
0.00741389
0.00807364
0.00879731
0.0095345
0.0102258
0.0108467
0.0113998
0.0118724
0.0122165
0.0124847
0.0127382
0.0128591
0.0128788
0.0128551
0.0126788
0.0124691
0.0122868
0.0119761
0.0113981
0.0104041
0.00891191
0.00709746
0.00519408
0.00341958
0.00203575
0.00115423
0.000632844
0.000317443
0.000115649
0.00694738
0.00654936
0.0063668
0.00637059
0.00650626
0.00674129
0.00705915
0.00742733
0.0078067
0.00818983
0.00860668
0.00907932
0.00957689
0.0100502
0.0104952
0.0109173
0.0113067
0.0116098
0.0118368
0.0120431
0.0121557
0.0121661
0.0121212
0.0119667
0.0117398
0.0114818
0.0110882
0.0104831
0.00961506
0.00843084
0.00701336
0.00546443
0.00392906
0.00261704
0.00163726
0.000960544
0.000503532
0.000180409
0.00847089
0.0081661
0.00799775
0.00794879
0.007986
0.00809314
0.00826119
0.00846739
0.00868149
0.00889752
0.00914
0.00942705
0.00974064
0.0100449
0.01034
0.0106334
0.0109124
0.0111377
0.0113047
0.0114503
0.0115257
0.0115131
0.011447
0.0112946
0.0110504
0.0107378
0.0103118
0.00973095
0.00896864
0.00799167
0.00683613
0.00556386
0.00425464
0.00305166
0.00205263
0.00126607
0.000671292
0.000227729
0.0096535
0.00941714
0.00926305
0.00918214
0.0091548
0.00917414
0.00923609
0.00932613
0.00942226
0.0095202
0.00963794
0.00978887
0.00996249
0.010134
0.0103043
0.0104797
0.0106508
0.0107892
0.0108866
0.0109631
0.0109889
0.0109467
0.0108506
0.0106823
0.0104312
0.0101066
0.00968283
0.00913348
0.00845155
0.00761975
0.00665289
0.00558775
0.00446719
0.00337623
0.00239468
0.00154756
0.000842276
0.000278064
0.0105566
0.0103699
0.0102283
0.0101281
0.0100588
0.0100196
0.0100088
0.0100178
0.0100309
0.0100455
0.0100739
0.0101254
0.0101936
0.0102626
0.0103334
0.0104105
0.010487
0.0105424
0.0105704
0.0105804
0.0105533
0.0104735
0.0103463
0.0101611
0.00990373
0.00957404
0.00916137
0.00864911
0.00803215
0.00730378
0.00646906
0.00554959
0.00457174
0.00358496
0.00264275
0.00177726
0.000998884
0.000324172
0.0112273
0.011074
0.0109421
0.0108313
0.0107365
0.0106597
0.0106002
0.0105536
0.0105095
0.010467
0.0104334
0.0104146
0.0104064
0.0103989
0.0103938
0.0103932
0.0103925
0.0103774
0.0103436
0.0102949
0.0102173
0.0101001
0.00994298
0.00973712
0.00947161
0.00914301
0.00874394
0.00826296
0.00769686
0.00704355
0.00630296
0.00548932
0.0046178
0.00371655
0.00281869
0.00195293
0.00113123
0.000368096
0.0117036
0.0115718
0.0114474
0.0113311
0.0112218
0.0111216
0.0110308
0.0109475
0.0108659
0.0107855
0.0107103
0.0106433
0.0105818
0.0105207
0.0104605
0.0104024
0.0103428
0.0102731
0.0101896
0.0100928
0.00997309
0.0098228
0.00963885
0.00941431
0.00914067
0.00881246
0.00842402
0.00796801
0.00743974
0.00683883
0.00616369
0.00542289
0.00462515
0.00378704
0.00292911
0.00207167
0.00122627
0.000402564
0.01201
0.0118909
0.0117717
0.0116535
0.0115369
0.011424
0.011315
0.0112095
0.011105
0.0110016
0.0109006
0.0108032
0.0107079
0.0106124
0.0105162
0.0104196
0.01032
0.0102126
0.010094
0.00996266
0.00981243
0.00963723
0.00943273
0.00919364
0.00891221
0.00858383
0.0082024
0.00776255
0.00725979
0.00669268
0.00605999
0.00536578
0.00461568
0.00382005
0.00299143
0.00214361
0.00128608
0.000426149
0.0121608
0.0120479
0.0119316
0.0118135
0.0116945
0.0115763
0.0114591
0.0113432
0.0112279
0.0111135
0.011
0.0108876
0.0107753
0.0106626
0.0105483
0.0104318
0.0103111
0.0101839
0.0100465
0.00989663
0.0097297
0.00954077
0.0093247
0.00907716
0.00879118
0.00846211
0.00808411
0.00765252
0.00716286
0.00661303
0.00600194
0.00533126
0.00460549
0.0038316
0.00301839
0.00217718
0.00131487
0.000437802
-0.132189
-0.141769
-0.149664
-0.155249
-0.158354
-0.155388
-0.148927
-0.137663
-0.106871
-0.112259
-0.116083
-0.118478
-0.118601
-0.117793
-0.116454
-0.119499
-0.0842744
-0.0874144
-0.089007
-0.090897
-0.0918113
-0.0949453
-0.0963937
-0.100345
-0.0667172
-0.068551
-0.069647
-0.0717992
-0.0733406
-0.0760112
-0.076476
-0.0786443
-0.0521315
-0.0535304
-0.0544301
-0.0558525
-0.0565528
-0.057633
-0.0581589
-0.06127
-0.040413
-0.0411842
-0.0416018
-0.0422253
-0.0426624
-0.0436975
-0.0450526
-0.048015
-0.0306035
-0.0309619
-0.0311338
-0.0314957
-0.031975
-0.0328885
-0.0340788
-0.0364327
-0.0225405
-0.022647
-0.0226669
-0.0228298
-0.0231834
-0.0238749
-0.0248864
-0.0268604
-0.0158249
-0.0157886
-0.0157084
-0.0157789
-0.0160568
-0.0165672
-0.0173545
-0.0189368
-0.0102465
-0.0101689
-0.0100678
-0.0100677
-0.0102004
-0.0105094
-0.0111344
-0.0124495
-0.00558701
-0.00549738
-0.00536782
-0.00529789
-0.00536776
-0.00564348
-0.00620569
-0.00726245
-0.00168345
-0.00161614
-0.00152165
-0.0014825
-0.00156183
-0.00177478
-0.00217242
-0.00294819
0.00153262
0.00155149
0.00159728
0.00162463
0.00159099
0.00146214
0.00116191
0.000541859
0.0041993
0.00417837
0.00418736
0.00419332
0.00415482
0.00403588
0.00378688
0.00331354
0.00636675
0.00630857
0.00627475
0.00624509
0.00619347
0.00609516
0.00591089
0.00556534
0.00810357
0.00801988
0.00795733
0.00790563
0.00784748
0.00776147
0.00761558
0.00735655
0.00947987
0.00938156
0.00930019
0.00923088
0.0091625
0.00908007
0.00896123
0.00876992
0.0105503
0.0104453
0.0103536
0.0102735
0.0101983
0.0101184
0.0100184
0.00987439
0.0113698
0.0112632
0.0111671
0.0110812
0.0110018
0.010923
0.0108349
0.0107229
0.0119791
0.011874
0.0117774
0.0116896
0.0116085
0.0115306
0.0114499
0.011358
0.0124085
0.0123077
0.0122136
0.0121268
0.0120459
0.0119689
0.0118925
0.0118124
0.0126773
0.0125836
0.0124945
0.0124105
0.0123309
0.0122549
0.0121806
0.0121065
0.0128006
0.012716
0.012633
0.0125523
0.0124739
0.0123982
0.0123244
0.0122522
0.0336208
0.0358486
0.0374032
0.0379976
0.0370666
0.0344481
0.0299689
0.0230874
0.0128435
-0.00214754
-0.0238179
-0.054884
-0.0997713
-0.161711
-0.218957
0.00844213
0.00796045
0.00533677
0.00128386
-0.00410609
-0.0112117
-0.0206077
-0.0330903
-0.0497515
-0.072084
-0.10215
-0.142662
-0.198058
-0.272189
-0.335292
-0.0168385
-0.0201221
-0.0267217
-0.0349379
-0.0444104
-0.055747
-0.0697731
-0.0874235
-0.109873
-0.138709
-0.176164
-0.225033
-0.288605
-0.373454
-0.43529
-0.0430415
-0.0493018
-0.0591246
-0.0704734
-0.0832579
-0.0982967
-0.11646
-0.138669
-0.166152
-0.200512
-0.243996
-0.300002
-0.369986
-0.458129
-0.517241
-0.0691035
-0.0784821
-0.0908114
-0.104552
-0.120072
-0.138302
-0.159997
-0.18592
-0.217489
-0.256266
-0.304146
-0.364931
-0.439209
-0.525238
-0.579765
-0.0936514
-0.106255
-0.120622
-0.136354
-0.154278
-0.175249
-0.199957
-0.228563
-0.263265
-0.305106
-0.356214
-0.419113
-0.493862
-0.574728
-0.622525
-0.116052
-0.131518
-0.147459
-0.165181
-0.185399
-0.20867
-0.235575
-0.2668
-0.303474
-0.347018
-0.399289
-0.461824
-0.533796
-0.606281
-0.646684
-0.137333
-0.153481
-0.171226
-0.191092
-0.213474
-0.238774
-0.267505
-0.300341
-0.338147
-0.382153
-0.433789
-0.493785
-0.559784
-0.620672
-0.654569
0.184099
0.198798
0.215246
0.233845
0.254656
0.277599
0.302594
0.329592
0.358516
0.389112
0.420798
0.452397
0.481903
0.505265
0.524488
0.17924
0.192957
0.208574
0.226454
0.246528
0.268616
0.292606
0.318448
0.346054
0.375146
0.405094
0.434657
0.461741
0.482321
0.498802
0.17021
0.182154
0.196288
0.212876
0.231586
0.252051
0.274084
0.297602
0.322475
0.348353
0.37451
0.399588
0.421308
0.435801
0.446448
0.156991
0.166576
0.178762
0.193535
0.210207
0.228224
0.24735
0.267475
0.288392
0.309614
0.330235
0.348702
0.36243
0.367683
0.370012
0.139673
0.146541
0.156565
0.169235
0.18336
0.198193
0.213492
0.229165
0.244948
0.260207
0.273815
0.283964
0.287695
0.281137
0.273101
0.118498
0.122302
0.129986
0.140297
0.151498
0.162695
0.173634
0.184193
0.194007
0.202283
0.207683
0.20815
0.200358
0.180237
0.1595
0.0940675
0.0952102
0.100754
0.108222
0.115713
0.122551
0.128592
0.133603
0.136991
0.137737
0.134273
0.124287
0.10412
0.0696538
0.0353526
0.0655375
0.0654022
0.0697525
0.0742836
0.0776216
0.0796206
0.0803205
0.0793688
0.0759487
0.068815
0.0561861
0.0354819
0.00266424
-0.0461213
-0.0932459
0.0256782
0.0300894
0.0264101
0.0303248
0.0278811
0.0321456
0.0303649
0.0347604
0.0340901
0.0385221
0.0392711
0.04405
0.0464914
0.0520802
0.056726
0.0638728
0.0712463
0.0810612
0.0920589
0.105937
0.121771
0.141242
0.163652
0.0256795
0.0300534
0.0264177
0.0302819
0.0278924
0.0320901
0.0303822
0.0346926
0.0341007
0.0384208
0.039229
0.043961
0.0463647
0.0519159
0.0565478
0.0635576
0.0708757
0.080676
0.0912362
0.104823
0.119973
0.138886
0.160147
0.0256912
0.0299917
0.0264434
0.0302099
0.0279304
0.0320005
0.030421
0.0345937
0.0341214
0.0382867
0.0392327
0.0438337
0.0462507
0.0516477
0.0562545
0.0631309
0.0701886
0.0796641
0.089661
0.1028
0.116813
0.134688
0.153692
0.0257121
0.0299066
0.0264856
0.0301129
0.0279899
0.0318813
0.0304843
0.034469
0.0341646
0.0381328
0.0392564
0.0437118
0.0461894
0.0515437
0.0560977
0.0627782
0.0695891
0.078908
0.0880606
0.100549
0.112782
0.128876
0.144248
0.0257408
0.0298019
0.0265375
0.0299956
0.0280714
0.0317379
0.030564
0.0343247
0.0342357
0.0379487
0.0392783
0.0435118
0.0460176
0.0511249
0.0556258
0.0619796
0.0684713
0.0771892
0.0854433
0.0968688
0.107045
0.120833
0.131596
0.0257752
0.0296808
0.0266047
0.029862
0.0281585
0.0315826
0.0306593
0.0341827
0.0343469
0.0378087
0.0393795
0.0434351
0.0460608
0.0511691
0.0555136
0.0618372
0.0678687
0.0762164
0.0832535
0.0933815
0.100645
0.111198
0.11594
0.0258161
0.0295456
0.0266724
0.0297191
0.0282501
0.0314158
0.0307484
0.0340153
0.0344091
0.0376086
0.0393645
0.0431485
0.0458096
0.0506747
0.0548522
0.0605917
0.0662837
0.0734825
0.0796281
0.0877884
0.0925838
0.0992144
0.0976442
0.0258583
0.0294029
0.0267418
0.029575
0.0283558
0.0312811
0.0308679
0.033919
0.0345687
0.0375981
0.0395842
0.0432666
0.0460613
0.05099
0.0548659
0.0607401
0.0658011
0.0724997
0.0769023
0.0829627
0.0835805
0.0852419
0.0754957
0.0259042
0.0292083
0.0268366
0.0293571
0.028461
0.031004
0.0309323
0.0336394
0.0345739
0.0372018
0.0393817
0.0426248
0.0454031
0.0497702
0.0533925
0.0580618
0.0625665
0.0667055
0.0700272
0.0717083
0.069654
0.0631368
0.047606
0.0259701
0.0289349
0.0269587
0.0290475
0.0285635
0.0306118
0.0309598
0.0330281
0.0343762
0.0364897
0.0387607
0.041388
0.0440731
0.0475222
0.0506649
0.0538503
0.0571643
0.0589464
0.0603016
0.0583861
0.0543628
0.0451149
0.0326302
0.0260617
0.0285905
0.0271052
0.0286683
0.0286938
0.0301339
0.0309688
0.0324475
0.0341154
0.035743
0.038038
0.0400791
0.0425811
0.0451349
0.0476387
0.0495829
0.0514819
0.0515999
0.0508135
0.047139
0.0414306
0.0323067
0.0208152
0.0261796
0.0281658
0.0272801
0.0282338
0.0287911
0.029693
0.0308764
0.0319067
0.0336922
0.0349493
0.0371196
0.0386358
0.0408184
0.0425212
0.0442504
0.0451752
0.0455868
0.0444597
0.0420415
0.0373474
0.0309157
0.022279
0.012094
0.0263279
0.0276538
0.0274363
0.0278506
0.0287757
0.029292
0.0306715
0.0313778
0.0330983
0.0341009
0.0359523
0.0370788
0.038764
0.0397453
0.0406049
0.0406857
0.0398397
0.0377586
0.034379
0.0293042
0.022893
0.0149993
0.00607398
0.0265014
0.0271251
0.0274913
0.0275244
0.0286758
0.0289065
0.0303405
0.030832
0.0323389
0.0331755
0.0345872
0.0353739
0.0364981
0.036812
0.0368905
0.0362423
0.0345183
0.0317965
0.0280446
0.0230268
0.0170186
0.00998197
0.0020928
0.0266515
0.0266263
0.0274418
0.0272428
0.0284723
0.028531
0.0298651
0.030257
0.0314441
0.0321355
0.0330734
0.0335222
0.034097
0.0338108
0.033259
0.0320408
0.0297972
0.0267633
0.0229684
0.0182893
0.0128675
0.00670749
-0.000198645
0.026756
0.0261747
0.0272917
0.0269904
0.0281559
0.0281542
0.0292617
0.0296147
0.0304467
0.0309655
0.0314579
0.0315584
0.0316423
0.0308724
0.029847
0.0282357
0.0257741
0.0226865
0.0190466
0.0148441
0.0100937
0.00482037
-0.00106455
0.0267882
0.0257913
0.0270294
0.0267523
0.0277327
0.0277542
0.0285621
0.028876
0.0293757
0.0296736
0.0297812
0.0295519
0.0292211
0.0281045
0.0267611
0.0249415
0.0224628
0.0195082
0.0161634
0.0124934
0.00845404
0.00405862
-0.000828578
0.0267302
0.0254861
0.0266567
0.0265085
0.027222
0.0272944
0.0278048
0.028031
0.0282463
0.0282961
0.0280896
0.0275835
0.026923
0.0255925
0.0240852
0.0222106
0.0198436
0.0171395
0.0141823
0.0110594
0.00770801
0.00411853
0.00013676
0.0265696
0.025257
0.0261937
0.0262241
0.0266667
0.026753
0.0270108
0.0270968
0.0270739
0.0268782
0.0264286
0.0257223
0.0248251
0.0233998
0.0218509
0.0200346
0.017865
0.0154753
0.0129426
0.0103454
0.0076153
0.00472795
0.00152983
0.0263029
0.0250877
0.0256773
0.0258452
0.0260908
0.0261327
0.0261904
0.0261078
0.0258849
0.025479
0.02485
0.0240177
0.022989
0.0215559
0.0200511
0.0183729
0.0164507
0.0143959
0.0122769
0.0101564
0.00796623
0.00567237
0.00313546
0.0259376
0.0249461
0.0251655
0.025339
0.025485
0.0254533
0.025349
0.0251033
0.0247176
0.0241535
0.0234015
0.0225083
0.0214346
0.0200576
0.0186566
0.017162
0.0155062
0.0137756
0.0120318
0.0103234
0.00858594
0.00678041
0.00478935
0.0254945
0.0247715
0.0247039
0.0247582
0.0248332
0.0247173
0.02449
0.0241184
0.0236105
0.0229406
0.0221195
0.0212104
0.0201578
0.0188864
0.0176229
0.0163252
0.0149301
0.0134971
0.0120787
0.0107116
0.00933987
0.00792349
0.0063674
0.0250009
0.0244969
0.0242797
0.0241982
0.0241525
0.0239464
0.0236263
0.0231703
0.0225892
0.0218642
0.0210186
0.0201281
0.0191418
0.0180059
0.0168935
0.0157851
0.0146283
0.0134582
0.0123143
0.0112243
0.0101438
0.0090352
0.00782231
0.024486
0.0241333
0.0238639
0.0236575
0.0234738
0.023179
0.0227854
0.0222762
0.0216629
0.0209301
0.0201023
0.0192575
0.0183606
0.0173706
0.0164101
0.0154731
0.0145205
0.0135715
0.0126526
0.0117834
0.0109304
0.0100623
0.00912104
0.0239701
0.0237068
0.0234195
0.0231262
0.0228269
0.0224521
0.0219993
0.0214586
0.0208423
0.0201372
0.0193616
0.018584
0.0177863
0.0169389
0.016122
0.0153338
0.014547
0.0137738
0.0130315
0.0123335
0.0116556
0.0109743
0.0102454
0.0234656
0.0232484
0.0229516
0.0226052
0.022227
0.0217903
0.021294
0.0207372
0.0201334
0.0194741
0.0187699
0.0180739
0.0173794
0.0166657
0.0159803
0.0153202
0.0146653
0.0140251
0.0134134
0.0128417
0.0122951
0.0117552
0.0111908
0.022983
0.0227872
0.0224841
0.0221069
0.0216827
0.0212086
0.0206882
0.0201286
0.0195469
0.0189401
0.0183127
0.0177004
0.0171004
0.0164972
0.0159179
0.015359
0.014809
0.0142744
0.0137648
0.0132903
0.0128423
0.0124092
0.0119701
0.022537
0.0223504
0.0220445
0.0216527
0.0212052
0.0207144
0.0201885
0.0196396
0.0190861
0.0185306
0.017974
0.0174356
0.0169122
0.016394
0.0158961
0.0154171
0.0149508
0.014501
0.0140737
0.0136754
0.0133024
0.0129487
0.0126017
0.022151
0.0219696
0.0216643
0.0212686
0.0208136
0.0203197
0.0197995
0.0192673
0.0187408
0.0182265
0.017724
0.0172407
0.0167744
0.0163203
0.0158866
0.0154729
0.015076
0.0146967
0.0143369
0.0139991
0.0136829
0.0133871
0.0131064
0.021851
0.0216711
0.0213693
0.0209781
0.0205261
0.0200385
0.0195311
0.0190191
0.0185168
0.0180312
0.0175632
0.0171159
0.0166887
0.0162791
0.0158899
0.0155212
0.0151714
0.01484
0.0145275
0.0142349
0.0139622
0.0137093
0.0134749
0.0216899
0.0215136
0.0212111
0.0208174
0.0203632
0.0198749
0.0193708
0.0188653
0.0183719
0.0179004
0.0174543
0.0170339
0.0166364
0.016258
0.015898
0.0155569
0.0152353
0.0149334
0.0146523
0.0143929
0.0141559
0.0139416
0.0137502
0.0293818
0.00743222
-0.0181589
-0.0417726
-0.0636408
-0.0842277
-0.103136
-0.11929
0.0184743
-0.00201587
-0.0263618
-0.0471488
-0.0632565
-0.0770822
-0.0892076
-0.0992598
0.00934302
-0.00652521
-0.0266435
-0.0433578
-0.0547471
-0.0638717
-0.0721454
-0.0793679
0.00230966
-0.0103365
-0.0264773
-0.0399827
-0.0486183
-0.0546595
-0.0597682
-0.0640658
-0.00229545
-0.0121807
-0.0243811
-0.0344906
-0.0407496
-0.0446013
-0.0476748
-0.0503518
-0.00529554
-0.01295
-0.0214372
-0.0285731
-0.033208
-0.0358867
-0.0378036
-0.0393734
-0.00671207
-0.0125708
-0.018001
-0.0225657
-0.0258534
-0.0278386
-0.0291237
-0.0300346
-0.00659623
-0.0109826
-0.014287
-0.0170147
-0.0192408
-0.0207529
-0.0217047
-0.0222616
-0.00539583
-0.00863506
-0.0105482
-0.0120639
-0.0134936
-0.014611
-0.0153343
-0.0157022
-0.00355747
-0.00593127
-0.00696251
-0.00770432
-0.00856441
-0.00935979
-0.00991431
-0.0101843
-0.00141396
-0.00314293
-0.00363139
-0.00389851
-0.0043704
-0.0049174
-0.00534035
-0.00555118
0.000821557
-0.000429246
-0.00059841
-0.000593117
-0.000812708
-0.0011729
-0.00148734
-0.00165298
0.00299928
0.00210617
0.00211413
0.00225907
0.00218956
0.00195825
0.00172323
0.00158138
0.00499756
0.00436799
0.00446726
0.00468252
0.00471211
0.00457695
0.00440079
0.00427033
0.00677884
0.00633631
0.00647252
0.00670937
0.00679516
0.00672296
0.00658531
0.00645894
0.00833286
0.00802348
0.00816186
0.00838131
0.00848128
0.0084428
0.00833125
0.00820956
0.00965514
0.00943938
0.00955996
0.00974123
0.00982977
0.00980402
0.00970851
0.0095922
0.0107517
0.0106005
0.0106939
0.010829
0.0108925
0.0108648
0.0107763
0.0106642
0.0116428
0.0115322
0.0115936
0.0116817
0.0117151
0.0116781
0.0115912
0.0114824
0.0123516
0.0122611
0.0122868
0.0123289
0.0123316
0.0122823
0.0121948
0.0120889
0.0129057
0.0128169
0.0128006
0.0127954
0.012766
0.0127033
0.0126147
0.012513
0.0133034
0.0132054
0.0131458
0.0130946
0.0130337
0.0129576
0.0128689
0.0127736
0.0135976
0.0134755
0.0133585
0.0132512
0.0131531
0.0130613
0.0129729
0.0128862
-0.413987
-0.425527
-0.441971
-0.463098
-0.49009
-0.524039
-0.559421
-0.589278
-0.412253
-0.42257
-0.436735
-0.454843
-0.477309
-0.504497
-0.534677
-0.560823
-0.405922
-0.416707
-0.429854
-0.445787
-0.465378
-0.486574
-0.50486
-0.515809
-0.396992
-0.408836
-0.421207
-0.433925
-0.446831
-0.457827
-0.463536
-0.46125
-0.388108
-0.39963
-0.409172
-0.416119
-0.420649
-0.422062
-0.418611
-0.408238
-0.380963
-0.389267
-0.393393
-0.393616
-0.391062
-0.385758
-0.376453
-0.36121
-0.376294
-0.378146
-0.375284
-0.369332
-0.361577
-0.351851
-0.338819
-0.320665
-0.373307
-0.366364
-0.356275
-0.345286
-0.333721
-0.321061
-0.305611
-0.285752
-0.369908
-0.353439
-0.337195
-0.322212
-0.307914
-0.293218
-0.276247
-0.255462
-0.363714
-0.33897
-0.318153
-0.300207
-0.283997
-0.267962
-0.250129
-0.229035
-0.353164
-0.322677
-0.298991
-0.278972
-0.261706
-0.244851
-0.226746
-0.205812
-0.337552
-0.304838
-0.279205
-0.258437
-0.240616
-0.223561
-0.205634
-0.185284
-0.319189
-0.284795
-0.25894
-0.238268
-0.220468
-0.203826
-0.186432
-0.167076
-0.295199
-0.262367
-0.238144
-0.218346
-0.20142
-0.18533
-0.168897
-0.15071
-0.267429
-0.239946
-0.216844
-0.199429
-0.182807
-0.167653
-0.152161
-0.135775
-0.44456
-0.444758
-0.442273
-0.436381
-0.427971
-0.418969
-0.411617
-0.409145
-0.444597
-0.442354
-0.437776
-0.430691
-0.422408
-0.414676
-0.409062
-0.407434
-0.445221
-0.441984
-0.435873
-0.426641
-0.416145
-0.406867
-0.40058
-0.400052
-0.449213
-0.44512
-0.436994
-0.424283
-0.409361
-0.396305
-0.388359
-0.38833
-0.457238
-0.452595
-0.442297
-0.425384
-0.404857
-0.386782
-0.376714
-0.377857
-0.469861
-0.465205
-0.45283
-0.431454
-0.405088
-0.381912
-0.369933
-0.371643
-0.487663
-0.484
-0.46952
-0.44352
-0.411642
-0.384329
-0.371117
-0.371184
-0.510825
-0.50923
-0.492768
-0.462104
-0.425446
-0.395472
-0.380585
-0.376041
-0.538965
-0.540636
-0.522301
-0.486947
-0.446226
-0.414553
-0.395981
-0.383448
-0.570992
-0.57678
-0.55651
-0.516855
-0.473528
-0.439109
-0.412985
-0.38892
-0.605031
-0.615492
-0.592821
-0.549021
-0.503254
-0.463359
-0.426614
-0.389571
-0.638304
-0.653471
-0.629086
-0.582014
-0.53247
-0.483758
-0.433048
-0.381683
-0.667909
-0.686574
-0.659543
-0.609164
-0.552794
-0.491943
-0.427369
-0.366142
-0.689788
-0.711866
-0.682276
-0.627225
-0.560588
-0.486682
-0.411876
-0.345243
-0.700729
-0.723308
-0.689269
-0.625368
-0.545869
-0.460465
-0.383513
-0.320169
-0.679074
-0.705575
-0.663716
-0.582285
-0.489248
-0.39872
-0.334258
-0.295974
-0.544845
-0.56843
-0.539703
-0.480066
-0.415076
-0.353657
-0.309507
-0.27925
-0.375318
-0.390287
-0.377084
-0.344973
-0.311658
-0.281262
-0.26006
-0.243037
-0.26116
-0.252175
-0.239935
-0.227358
-0.217445
-0.204999
-0.197593
-0.195814
-0.221262
-0.194333
-0.176855
-0.165037
-0.155771
-0.14926
-0.14424
-0.146798
-0.221446
-0.172422
-0.138664
-0.1237
-0.119962
-0.118759
-0.114053
-0.117616
-0.225922
-0.158396
-0.101163
-0.0750764
-0.0767479
-0.0842017
-0.08611
-0.0817045
-0.18886
-0.145054
-0.103252
-0.0723072
-0.0691918
-0.0803278
-0.0916602
-0.0839427
-0.15699
-0.140515
-0.124494
-0.110349
-0.10768
-0.118941
-0.118651
-0.120462
-0.140504
-0.139337
-0.139157
-0.13784
-0.134904
-0.13693
-0.131022
-0.12971
-0.131712
-0.136472
-0.142638
-0.148965
-0.146828
-0.13971
-0.121222
-0.10552
-0.116564
-0.131505
-0.149624
-0.168313
-0.176823
-0.171274
-0.156632
-0.132904
-0.121184
-0.138846
-0.159566
-0.180514
-0.191298
-0.189165
-0.179229
-0.146782
-0.136424
-0.141435
-0.147895
-0.154673
-0.161091
-0.160157
-0.159656
-0.142223
-0.154196
-0.152436
-0.149662
-0.145603
-0.141732
-0.135386
-0.131386
-0.121813
-0.138897
-0.140424
-0.139906
-0.136221
-0.130103
-0.121745
-0.114349
-0.104642
-0.117672
-0.120665
-0.122043
-0.121115
-0.117312
-0.10973
-0.0985537
-0.0860192
-0.116152
-0.1254
-0.13351
-0.13992
-0.143761
-0.143618
-0.138948
-0.129098
-0.147297
-0.155046
-0.161212
-0.166048
-0.168301
-0.167341
-0.163351
-0.15557
-0.149024
-0.154243
-0.158242
-0.161412
-0.163055
-0.164232
-0.162257
-0.162765
-0.135881
-0.136125
-0.134408
-0.132334
-0.129558
-0.127956
-0.12412
-0.12264
-0.111595
-0.0982
-0.0848671
-0.0733208
-0.0637988
-0.057303
-0.0524347
-0.0511286
-0.141979
-0.126021
-0.0921824
-0.0758872
-0.0606116
-0.0470893
-0.0360105
-0.0268125
-0.125852
-0.115497
-0.103597
-0.0911326
-0.0783103
-0.0655114
-0.0534472
-0.042464
-0.143188
-0.13865
-0.130626
-0.119186
-0.104941
-0.0885567
-0.0687478
-0.0477613
-0.201639
-0.222604
-0.238687
-0.248398
-0.251529
-0.247834
-0.23893
-0.225689
-0.232382
-0.255025
-0.269069
-0.274786
-0.271798
-0.261435
-0.244773
-0.225634
-0.116545
-0.103337
-0.0899341
-0.0787178
-0.0701396
-0.0645225
-0.0603361
-0.0604901
-0.0965817
-0.080725
-0.0639572
-0.0474615
-0.0319619
-0.0184353
-0.00682467
0.00420621
-0.0659166
-0.0645776
-0.06175
-0.0578026
-0.0530091
-0.0477563
-0.0419999
-0.035718
-0.0449016
-0.0470848
-0.0483709
-0.0486125
-0.047712
-0.0460076
-0.0433719
-0.04044
-0.0234452
-0.0230195
-0.0225036
-0.0219502
-0.0213537
-0.0207875
-0.0201498
-0.0196665
-0.0118689
-0.0111863
-0.0105517
-0.00999583
-0.00954332
-0.00921143
-0.00901003
-0.00889062
-0.00932454
-0.00923772
-0.0091242
-0.0089861
-0.00882603
-0.00864898
-0.008468
-0.00826961
-0.00659481
-0.00666915
-0.00670296
-0.00681372
-0.00679565
-0.00674977
-0.00664804
-0.00656532
-0.00404262
-0.00403917
-0.00403009
-0.0040169
-0.00399773
-0.00397638
-0.00394464
-0.00392362
-0.002195
-0.0021806
-0.00216389
-0.00214846
-0.00213475
-0.00212398
-0.00211217
-0.00210815
-0.000708648
-0.000705229
-0.000701462
-0.000698213
-0.000695094
-0.000693224
-0.000690448
-0.000690064
-0.257177
-0.189497
-0.148394
-0.113748
-0.0840647
-0.0627887
-0.0455993
-0.0319643
-0.0216405
-0.0136019
-0.00725135
-0.0024342
0.00136878
0.00434667
0.00665193
0.00845369
0.00983758
0.0108906
0.0116829
0.0122637
0.0126672
0.012924
0.0130489
-0.251914
-0.190462
-0.152776
-0.116876
-0.0877273
-0.065889
-0.0480641
-0.0342812
-0.0236523
-0.0152679
-0.00865831
-0.00362
0.000411711
0.00356632
0.00603468
0.00796622
0.00945564
0.0105935
0.0114488
0.0120756
0.0125107
0.0127875
0.0129224
-0.214672
-0.160772
-0.134015
-0.102724
-0.0788086
-0.0598733
-0.0442721
-0.0320986
-0.0224446
-0.0146998
-0.00854549
-0.00368316
0.000208662
0.00330585
0.00576913
0.00770989
0.0092238
0.0103882
0.0112673
0.0119138
0.0123641
0.0126515
0.0127921
-0.167849
-0.123677
-0.105377
-0.0781302
-0.0614686
-0.0470561
-0.0352808
-0.0259969
-0.0183682
-0.0121121
-0.00697236
-0.0027318
0.00073694
0.00356606
0.00586154
0.00769887
0.00915488
0.0102858
0.0111471
0.0117847
0.0122317
0.0125185
0.0126596
-0.124575
-0.0893251
-0.0750104
-0.0524707
-0.0417361
-0.0318044
-0.024126
-0.0180869
-0.0128812
-0.00841705
-0.00451495
-0.00113605
0.0017463
0.00418492
0.00621117
0.0078729
0.00921215
0.010266
0.0110779
0.0116841
0.0121122
0.0123887
0.0125256
-0.0941094
-0.0643848
-0.0489958
-0.029366
-0.0230079
-0.0163834
-0.0126524
-0.00971769
-0.00699774
-0.00436356
-0.00176162
0.000692594
0.00295234
0.00495832
0.00668006
0.00813473
0.00932936
0.0102858
0.0110327
0.0115962
0.0119981
0.0122598
0.0123904
-0.0602216
-0.0369812
-0.0203296
-0.00512163
-0.00300661
-0.000615291
-0.0011958
-0.00143816
-0.00117199
-0.00030362
0.00101587
0.00255683
0.00418654
0.00574561
0.00716782
0.0084102
0.00945627
0.0103122
0.0109912
0.0115101
0.0118843
0.0121302
0.0122539
-0.0377679
-0.00735469
0.0175317
0.0258131
0.0213713
0.0163454
0.0104393
0.0066042
0.00437518
0.00356976
0.00367552
0.00438911
0.00541265
0.00653711
0.00766112
0.00868846
0.00958666
0.0103415
0.0109517
0.0114253
0.011771
0.0120005
0.0121168
-0.0531569
0.00458883
0.0489566
0.050916
0.0416056
0.0305858
0.0207071
0.0138339
0.00947745
0.00719867
0.00620563
0.0061665
0.00662808
0.00735554
0.00818164
0.00899548
0.00974188
0.0103896
0.0109257
0.011349
0.0116621
0.0118719
0.011979
-0.0726216
0.00890006
0.0571638
0.0593294
0.0495842
0.0372201
0.0262739
0.0184564
0.0131627
0.0100541
0.00845038
0.00783837
0.00783382
0.00819861
0.00873789
0.0093395
0.00992899
0.0104618
0.0109165
0.0112832
0.0115584
0.0117449
0.0118408
-0.0670016
-0.00685145
0.0336714
0.0447963
0.0409934
0.0332546
0.0255506
0.0194894
0.0149662
0.0119793
0.010145
0.00925316
0.00892976
0.0090049
0.00929493
0.00969654
0.01013
0.0105452
0.0109147
0.0112212
0.011456
0.0116173
0.0117009
-0.107484
-0.0664534
-0.023328
0.00611527
0.0187602
0.0213622
0.0201338
0.0174478
0.0149878
0.0128536
0.0113532
0.0104266
0.00990268
0.00974563
0.00981809
0.0100384
0.0103252
0.0106273
0.0109126
0.0111588
0.0113527
0.0114883
0.0115595
-0.140198
-0.113118
-0.0661727
-0.0243026
-0.0026641
0.00955658
0.0138732
0.0148676
0.0145298
0.013268
0.0122659
0.0114045
0.0107937
0.0104666
0.0103446
0.0103865
0.0105281
0.0107166
0.0109159
0.0110991
0.0112496
0.0113579
0.0114157
-0.132652
-0.0992786
-0.0661266
-0.0334032
-0.0121839
0.00194697
0.00945148
0.0131463
0.0142809
0.0138965
0.0132937
0.0123587
0.0116632
0.0111773
0.0108843
0.010762
0.0107577
0.0108284
0.0109357
0.0110501
0.0111514
0.011228
0.0112697
-0.105152
-0.0756987
-0.0521323
-0.0254579
-0.0116487
0.00341477
0.0086286
0.0135746
0.0143694
0.0146757
0.0141652
0.0133051
0.0125295
0.0118785
0.0114189
0.0111395
0.0109959
0.0109491
0.010962
0.0110039
0.0110531
0.0110956
0.01112
-0.0861295
-0.0591596
-0.0369517
-0.0116026
-9.03014e-05
0.012641
0.0153224
0.0184975
0.0172176
0.0166467
0.015277
0.0141907
0.0132458
0.0124756
0.0118898
0.0114781
0.011209
0.0110555
0.0109795
0.0109519
0.0109498
0.0109585
0.0109655
-0.0745401
-0.0511174
-0.0276514
-0.0038839
0.0111848
0.0202118
0.0224043
0.0228995
0.0204225
0.0187849
0.0166702
0.0151629
0.0138958
0.0129849
0.0122758
0.0117529
0.0113839
0.011138
0.0109812
0.0108885
0.0108377
0.0108137
0.0108037
-0.115656
-0.093343
-0.055874
-0.018985
0.015245
0.0244687
0.0265195
0.0242343
0.0212154
0.0190429
0.0170259
0.0155818
0.0143097
0.0134216
0.0126108
0.0120004
0.0115413
0.0112095
0.010976
0.0108195
0.0107192
0.0106612
0.0106333
-0.141371
-0.129831
-0.0897717
-0.0460611
0.00494412
0.0162874
0.0217698
0.0209363
0.019484
0.0178703
0.0164407
0.0153208
0.014351
0.013545
0.0128024
0.0121762
0.0116584
0.0112552
0.0109521
0.0107356
0.010588
0.010497
0.0104517
-0.149705
-0.131551
-0.0940318
-0.0538069
-0.0179853
-0.000969005
0.00910536
0.0136955
0.0153969
0.0157299
0.0153536
0.014831
0.0141668
0.0135
0.0128458
0.012234
0.0116922
0.0112437
0.0108884
0.0106227
0.010435
0.0103153
0.0102547
-0.113342
-0.095629
-0.0634255
-0.0336289
-0.0145448
-0.0045971
0.00367201
0.00919065
0.0124001
0.0139439
0.0144234
0.0144158
0.0140109
0.0134698
0.0128575
0.0122383
0.0116738
0.0111854
0.0107867
0.0104803
0.0102579
0.010113
0.0100386
-0.0492753
-0.0316336
-0.0129885
-0.00368539
-0.00225138
-0.000628475
0.00422013
0.00866641
0.0116146
0.0133091
0.0139953
0.0142531
0.0138969
0.0134436
0.012835
0.0122052
0.0116146
0.0110875
0.0106501
0.0103069
0.010054
0.00988662
0.00980003
-0.0230857
-0.0146826
-0.00864794
-0.00186178
-0.00274348
0.00216152
0.00739986
0.0120702
0.0130439
0.0146228
0.0143081
0.0145671
0.0139306
0.0134345
0.0127404
0.0120879
0.0114688
0.0109177
0.010456
0.0100882
0.00981365
0.00962975
0.009534
-0.0345764
-0.0207233
-0.0106374
0.000470046
0.00662374
0.0123675
0.0155338
0.0176868
0.017546
0.0173812
0.0161118
0.0154535
0.0143495
0.0135471
0.0126619
0.0119279
0.0112537
0.0106801
0.0102
0.00981784
0.00953069
0.0093367
0.00923515
-0.0391334
-0.0214888
-0.00366097
0.0120661
0.0221136
0.0248693
0.0254749
0.0231199
0.0210257
0.019298
0.0174712
0.0160052
0.0146141
0.0134941
0.0124908
0.0116693
0.0109597
0.0103695
0.00988123
0.00949412
0.00920198
0.00900367
0.00889932
-0.200969
-0.161835
-0.111374
-0.0580361
-0.00908432
0.0189224
0.0289211
0.0218528
0.0205143
0.0183999
0.0167824
0.01537
0.0141072
0.0129987
0.0120355
0.011216
0.0105289
0.00995185
0.00947941
0.00910306
0.0088185
0.00862404
0.00852137
-0.197439
-0.17162
-0.121402
-0.06224
-0.00945673
0.019658
0.0253101
0.0228692
0.0206559
0.0182778
0.0162899
0.0147058
0.013388
0.0123126
0.0113855
0.0106153
0.00996931
0.00943118
0.00899233
0.00864187
0.00837617
0.00819327
0.0080963
-0.0586831
-0.0417573
-0.0190794
0.00163011
0.0177188
0.0252718
0.0240666
0.0212512
0.0189054
0.017004
0.0151252
0.0137189
0.0123862
0.0114078
0.010538
0.00985775
0.00927695
0.00880348
0.00841523
0.00810657
0.00787118
0.00770846
0.00762154
0.000523944
0.00451059
0.00433009
0.00836634
0.0121855
0.0149488
0.0148279
0.0152816
0.0147149
0.014177
0.0130579
0.0120327
0.0109668
0.0101721
0.00945475
0.00890767
0.00843695
0.00805745
0.00774391
0.00749349
0.00730058
0.00716546
0.00709279
-0.02957
-0.0214598
-0.0133384
-0.00476474
0.00282055
0.00777184
0.00981243
0.00946209
0.00934322
0.0093665
0.00931619
0.00915747
0.00880315
0.00844757
0.00805764
0.00773194
0.00743659
0.00718915
0.00697745
0.00680284
0.00666427
0.00656474
0.00651019
-0.0354687
-0.030167
-0.0226617
-0.0154857
-0.00842801
-0.0036375
-0.000832454
0.000487957
0.00197658
0.00330663
0.00440909
0.00524352
0.00578154
0.00613494
0.00626363
0.00631057
0.00626871
0.00620354
0.00612105
0.0060386
0.00596401
0.00590598
0.00587257
-0.0185114
-0.0166088
-0.0144197
-0.0123892
-0.0102368
-0.00832157
-0.00654608
-0.00472924
-0.00272677
-0.000922685
0.00066074
0.00199276
0.00302719
0.00384655
0.00439404
0.00478626
0.00500617
0.00513824
0.00519639
0.00521474
0.00520961
0.00519569
0.00518467
-0.00895007
-0.00874571
-0.0087043
-0.00859492
-0.00817382
-0.00733637
-0.00614174
-0.0047711
-0.00336826
-0.00211373
-0.000923643
0.000192368
0.00119947
0.00210036
0.0028104
0.00338033
0.00377728
0.00406144
0.00423957
0.00434963
0.0044099
0.00443949
0.00445076
-0.00800403
-0.00760258
-0.00717765
-0.00666461
-0.00604367
-0.00534526
-0.00458939
-0.0038378
-0.00300268
-0.00219325
-0.00137581
-0.00057039
0.000195236
0.000947208
0.00161937
0.00221393
0.00268005
0.00304395
0.00329957
0.00347619
0.00358658
0.00365037
0.00367949
-0.00632445
-0.00594808
-0.00553901
-0.00508699
-0.00461085
-0.00415687
-0.00369379
-0.00320565
-0.00261748
-0.00201703
-0.00140504
-0.000805985
-0.000243456
0.000314473
0.000832925
0.00133036
0.00176383
0.00213017
0.00240973
0.00261619
0.00275511
0.00284041
0.00288125
-0.00385013
-0.00372531
-0.00358964
-0.00343175
-0.00324361
-0.00302432
-0.00274601
-0.00241045
-0.00200073
-0.00158285
-0.00115076
-0.000726456
-0.000330178
5.55624e-05
0.000403122
0.000746971
0.00106549
0.00135753
0.00160256
0.0017954
0.00193268
0.00202111
0.00206469
-0.00208627
-0.00204416
-0.00200119
-0.00194246
-0.00186133
-0.00175194
-0.00160003
-0.00141838
-0.00119581
-0.000971715
-0.00072536
-0.000477606
-0.000242972
-1.07601e-05
0.000187315
0.000383357
0.000561864
0.00073729
0.000897596
0.0010342
0.00113685
0.00120523
0.00123941
-0.000682295
-0.000668321
-0.000653035
-0.000631665
-0.000603707
-0.000568288
-0.000519121
-0.000463942
-0.000389585
-0.000320823
-0.000238106
-0.000155839
-7.87127e-05
4.93572e-06
7.04899e-05
0.000138235
0.000190646
0.000244411
0.000293185
0.000338223
0.000374291
0.000399589
0.000412485
-0.117331
-0.097187
-0.0781222
-0.0624484
-0.0487581
-0.0376594
-0.0280153
-0.0199208
-0.0132391
-0.00764156
-0.0030273
0.000734258
0.00380646
0.00627971
0.00824896
0.00979455
0.0109894
0.0119011
0.0125868
0.0130919
0.0134403
0.0136551
0.0137544
-0.129658
-0.105534
-0.083537
-0.0656057
-0.0508407
-0.038951
-0.028569
-0.0200827
-0.0131989
-0.00748508
-0.00286111
0.000865436
0.00389078
0.00630675
0.00822625
0.00973339
0.0109041
0.0118022
0.0124811
0.0129844
0.0133348
0.0135549
0.0136598
-0.143433
-0.115034
-0.0892582
-0.0688196
-0.0531894
-0.0404591
-0.0291986
-0.0203724
-0.0132424
-0.00736764
-0.00271229
0.00100468
0.00399993
0.00636535
0.00823682
0.00970231
0.0108444
0.0117234
0.0123912
0.0128889
0.0132381
0.0134603
0.0135684
-0.156181
-0.124262
-0.0952304
-0.0728993
-0.0567574
-0.0426081
-0.0303537
-0.0211858
-0.0136505
-0.00752351
-0.00276542
0.00101623
0.00403015
0.00638152
0.00823182
0.00967154
0.0107935
0.0116562
0.0123131
0.0128038
0.0131495
0.0133714
0.0134807
-0.172526
-0.135114
-0.10128
-0.0778093
-0.0609842
-0.044757
-0.0319048
-0.0223713
-0.0143221
-0.00794494
-0.00304279
0.000860651
0.00392994
0.00630693
0.00816848
0.00960749
0.0107267
0.0115834
0.0122355
0.0127221
0.0130653
0.0132864
0.0133958
-0.186202
-0.14438
-0.107114
-0.083999
-0.0651393
-0.0468924
-0.0339158
-0.023766
-0.0151854
-0.00861113
-0.00352062
0.000534484
0.00367948
0.00611964
0.00802128
0.0094875
0.0106245
0.01149
0.0121477
0.0126368
0.0129812
0.0132032
0.0133132
-0.20486
-0.153676
-0.114595
-0.0912247
-0.0689583
-0.0497645
-0.0364798
-0.0253613
-0.0163634
-0.00958706
-0.00422563
-6.98573e-06
0.00324424
0.00578821
0.0077599
0.00928571
0.0104647
0.0113597
0.0120382
0.0125406
0.0128932
0.01312
0.0132319
-0.22526
-0.165928
-0.126861
-0.100369
-0.0740975
-0.0546946
-0.040127
-0.0278367
-0.0184054
-0.0111842
-0.0054206
-0.000972819
0.00248831
0.00520962
0.00731319
0.00895109
0.010212
0.0111694
0.0118926
0.0124251
0.012797
0.0130349
0.0131513
0.042907
0.0192642
-0.0033825
-0.0265084
-0.0506482
-0.073926
-0.0959991
-0.117172
0.046132
0.0201281
-0.00549374
-0.0317989
-0.0587606
-0.0848351
-0.109202
-0.130805
0.048763
0.0187092
-0.0110984
-0.040742
-0.0699292
-0.097621
-0.123003
-0.145843
0.0500161
0.0154559
-0.0185331
-0.0513084
-0.0825619
-0.111785
-0.138502
-0.162827
0.0492356
0.0104103
-0.0274529
-0.0633895
-0.0970319
-0.128178
-0.156553
-0.182281
0.046352
0.0032624
-0.0385043
-0.077888
-0.114376
-0.147776
-0.177844
-0.204761
0.0412495
-0.00655166
-0.0526207
-0.0958308
-0.13549
-0.171278
-0.202997
-0.230868
0.0333416
-0.0199017
-0.0708544
-0.118286
-0.161321
-0.199497
-0.232795
-0.26133
0.021544
-0.0380021
-0.0944927
-0.146588
-0.193232
-0.233827
-0.268395
-0.297103
0.00430048
-0.0624999
-0.125246
-0.182466
-0.232975
-0.275969
-0.311388
-0.339499
-0.020518
-0.095653
-0.165533
-0.228333
-0.282678
-0.328135
-0.363736
-0.390029
-0.0558534
-0.140354
-0.218392
-0.28781
-0.346425
-0.392985
-0.427015
-0.449385
-0.106578
-0.201354
-0.287168
-0.363092
-0.424661
-0.470421
-0.500301
-0.515111
-0.176353
-0.283825
-0.379892
-0.456972
-0.515148
-0.554346
-0.574229
-0.575763
-0.239962
-0.351864
-0.445584
-0.519252
-0.571589
-0.602621
-0.614028
-0.608698
0.184615
0.18079
0.172819
0.16069
0.144481
0.124535
0.101338
0.0739616
0.199246
0.19442
0.184664
0.170187
0.151365
0.128207
0.102568
0.0742714
0.215642
0.209901
0.198639
0.182184
0.161318
0.135908
0.108194
0.0791497
0.234229
0.227728
0.21517
0.196845
0.173962
0.146424
0.11584
0.0840272
0.25505
0.247791
0.233868
0.213446
0.187991
0.157703
0.123404
0.0874248
0.277981
0.269795
0.254199
0.231269
0.202501
0.168636
0.130021
0.0891286
0.302916
0.293566
0.275876
0.24996
0.217182
0.178907
0.135451
0.0891675
0.329807
0.319057
0.298806
0.269364
0.231926
0.188395
0.139417
0.0871536
0.358577
0.346185
0.322864
0.289244
0.24644
0.196715
0.141259
0.0821638
0.388962
0.374644
0.347672
0.309056
0.26
0.202986
0.139839
0.0727964
0.420361
0.403753
0.372428
0.327793
0.27133
0.205713
0.133425
0.0570705
0.451581
0.432207
0.395679
0.343771
0.278449
0.202637
0.119481
0.0321677
0.480596
0.457833
0.414993
0.354205
0.27817
0.190157
0.0940426
-0.00632532
0.503358
0.476633
0.426506
0.355209
0.266375
0.163927
0.0527576
-0.0624705
0.521985
0.49136
0.434383
0.353898
0.253292
0.137064
0.0117058
-0.116505
0.0256865
0.0257046
0.0257326
0.0257694
0.0258145
0.0258615
0.0259259
0.0259791
0.0300993
0.0300829
0.030041
0.0299755
0.0298897
0.0297855
0.0296662
0.0295394
0.0264205
0.0264485
0.0264966
0.0265575
0.0266339
0.026716
0.0268047
0.0268914
0.0303364
0.0303163
0.0302667
0.0301909
0.0300929
0.0299788
0.0298551
0.0297306
0.0278944
0.0279327
0.0279974
0.0280819
0.0281834
0.0282947
0.0284113
0.0285337
0.0321623
0.0321433
0.0320891
0.0320061
0.0319005
0.0317817
0.031649
0.0315396
0.0303903
0.0304393
0.0305196
0.030626
0.0307516
0.0308945
0.0310311
0.0311996
0.0347879
0.0347672
0.0347093
0.0346225
0.034508
0.0343964
0.0342539
0.0342021
0.0341069
0.0341525
0.0342411
0.03435
0.0344739
0.0346195
0.0347347
0.0349305
0.0385739
0.0385761
0.0385542
0.0385036
0.0384183
0.0383744
0.0382416
0.0382963
0.0393198
0.0393719
0.0394618
0.0395657
0.039672
0.03983
0.039899
0.0401647
0.0440896
0.0440796
0.0440309
0.0440012
0.0438537
0.0439355
0.0436813
0.0440877
0.0465921
0.0466657
0.0467304
0.0468548
0.0468941
0.0471098
0.0470746
0.0474288
0.052192
0.0522509
0.0521917
0.0522414
0.05202
0.0521561
0.0517719
0.0522558
0.0568348
0.0568269
0.0567744
0.0567833
0.0565923
0.0566476
0.056201
0.0564963
0.0640794
0.0641258
0.0640162
0.0640855
0.0636526
0.0637704
0.0627389
0.0631695
0.071456
0.0713639
0.0710665
0.0706928
0.0699006
0.069392
0.0680725
0.0677219
0.0813694
0.0812271
0.0808489
0.0804023
0.0791981
0.0785502
0.0762822
0.0758245
0.092414
0.0920007
0.0911075
0.0898361
0.0878259
0.085801
0.0826443
0.0800233
0.106361
0.105772
0.104502
0.102625
0.0996417
0.0965419
0.0915815
0.087546
0.122252
0.121087
0.118839
0.115351
0.110521
0.104581
0.0973514
0.0887198
0.141787
0.140165
0.136906
0.131726
0.124526
0.115656
0.10413
0.0916124
0.164213
0.161616
0.156214
0.147782
0.136081
0.121802
0.104402
0.0833957
0.0260446
0.0261337
0.0262501
0.0263948
0.026572
0.0267762
0.0269589
0.0270977
0.0271663
0.0271468
0.0270262
0.0268015
0.0264798
0.02608
0.0256298
0.0251569
0.0246811
0.0242141
0.0237651
0.0233474
0.0229812
0.0226934
0.0225143
0.0293637
0.0291135
0.0287941
0.028396
0.0279123
0.0274177
0.0269559
0.0265437
0.0262011
0.0259377
0.0257514
0.0256238
0.0255235
0.0253931
0.0251575
0.0248316
0.0244423
0.0240181
0.0235877
0.0231768
0.0228136
0.0225295
0.0223526
0.0270065
0.0271537
0.0273269
0.027529
0.027714
0.0277998
0.0277844
0.0276711
0.0274482
0.0271172
0.0266983
0.0262263
0.0257616
0.0253457
0.0249655
0.0245898
0.0241842
0.0237507
0.0233128
0.0228972
0.0225324
0.0222513
0.022084
0.0295339
0.0292581
0.0289134
0.0285167
0.0281741
0.0278849
0.0276402
0.0274251
0.0272266
0.0270227
0.0267863
0.026445
0.0259809
0.0254431
0.024922
0.0244188
0.0239229
0.023434
0.0229646
0.0225349
0.0221667
0.0218894
0.0217366
0.0286626
0.0288006
0.028963
0.0291007
0.0291346
0.0290831
0.0289258
0.0286554
0.0282795
0.0278159
0.0273068
0.0267752
0.0262106
0.0255966
0.0249501
0.0243021
0.0236808
0.0231038
0.0225796
0.0221225
0.0217444
0.0214685
0.0213312
0.0313077
0.0309315
0.0304769
0.0300659
0.0297044
0.0293657
0.0290438
0.028719
0.0283685
0.0279563
0.0274604
0.0268823
0.0262439
0.025546
0.0248084
0.0240695
0.0233642
0.0227198
0.0221509
0.0216706
0.0212844
0.0210102
0.0208853
0.0313234
0.0313987
0.031466
0.0313971
0.0312152
0.0309058
0.030465
0.0299016
0.0292475
0.0285382
0.027791
0.0270119
0.0262077
0.0253811
0.0245456
0.0237281
0.0229591
0.0222671
0.0216696
0.0211804
0.0207972
0.0205313
0.0204164
0.0339017
0.0334493
0.0329435
0.032478
0.0320072
0.0315154
0.0309903
0.0303962
0.0297063
0.028909
0.0280169
0.0270628
0.0260847
0.0251178
0.0241818
0.0232947
0.0224805
0.0217598
0.0211501
0.0206649
0.020296
0.0200462
0.0199378
0.0349518
0.0348259
0.034616
0.034299
0.0338148
0.0331556
0.032332
0.0313867
0.0303523
0.0292521
0.0281049
0.0269366
0.0257842
0.0246871
0.0236697
0.0227416
0.021915
0.0211972
0.0205999
0.0201341
0.0197909
0.0195628
0.0194589
0.0380245
0.0372271
0.0365539
0.0357618
0.0349469
0.0340476
0.0330406
0.0319075
0.0306567
0.0293222
0.0279462
0.0265829
0.0252833
0.0240854
0.0230111
0.0220689
0.0212609
0.0205789
0.0200228
0.0195947
0.0192901
0.0190867
0.0189864
0.0400668
0.0394989
0.0388768
0.0380472
0.0369729
0.0357071
0.0342883
0.0327501
0.0311272
0.0294624
0.0278063
0.0262168
0.024749
0.0234375
0.0223014
0.0213455
0.0205636
0.0199325
0.0194356
0.0190584
0.0188008
0.0186225
0.0185274
0.0435099
0.0424055
0.0412331
0.0399087
0.0384642
0.0368547
0.0350667
0.0331365
0.031134
0.0291404
0.0272328
0.0254786
0.0239153
0.0225664
0.0214368
0.0205206
0.0198028
0.0192519
0.018836
0.0185236
0.0183195
0.0181702
0.0180857
0.0469029
0.0456569
0.0441867
0.042373
0.0402645
0.03796
0.0355473
0.0330962
0.0306835
0.0283903
0.0262932
0.0244386
0.0228495
0.0215307
0.0204678
0.0196393
0.0190188
0.0185694
0.0182448
0.0180025
0.0178502
0.0177332
0.0176634
0.0509466
0.0488743
0.0466423
0.0442187
0.0416023
0.0387817
0.0358354
0.032901
0.0300981
0.0275279
0.0252571
0.0233222
0.0217308
0.0204641
0.0194887
0.0187653
0.0182538
0.0179124
0.0176777
0.0175046
0.0173987
0.0173153
0.0172626
0.0552204
0.0527038
0.0498184
0.0464913
0.0429146
0.0392444
0.0356072
0.0321386
0.0289716
0.026187
0.0238259
0.0218995
0.0203852
0.019239
0.0184066
0.0178291
0.0174547
0.0172382
0.0171055
0.0170119
0.0169579
0.016915
0.0168834
0.0604485
0.0564338
0.052174
0.0477167
0.0431307
0.0385882
0.0343119
0.0304534
0.0270906
0.0242612
0.0219698
0.020186
0.0188537
0.0179056
0.017268
0.0168689
0.0166491
0.0165631
0.0165373
0.0165281
0.0165302
0.0165333
0.0165254
0.0646314
0.0597026
0.0543164
0.0486604
0.0430239
0.0376345
0.0327357
0.0284803
0.02493
0.0220957
0.0199323
0.0183549
0.0172635
0.0165583
0.0161444
0.0159391
0.0158782
0.0159167
0.0159922
0.016064
0.0161216
0.0161725
0.0161891
0.0702229
0.0626428
0.0551691
0.0479832
0.0412641
0.0352333
0.030024
0.0256747
0.0222013
0.0195664
0.0176748
0.0164011
0.0156146
0.0151928
0.0150286
0.0150323
0.0151365
0.0152973
0.0154701
0.0156207
0.0157341
0.0158332
0.015875
0.0733878
0.0642193
0.0550088
0.0463373
0.0385506
0.0319322
0.0265161
0.0222472
0.0190389
0.0167602
0.0152559
0.0143643
0.01393
0.0138183
0.0139187
0.0141399
0.0144134
0.014698
0.0149679
0.0151969
0.0153688
0.0155149
0.0155829
0.0767705
0.0633971
0.052055
0.0422773
0.0339863
0.0272179
0.0219137
0.0179805
0.0152583
0.0135259
0.0125614
0.0121613
0.0121513
0.0123946
0.0127866
0.0132404
0.0136934
0.0141097
0.0144811
0.0147912
0.0150255
0.015217
0.0153126
0.0752157
0.0598812
0.0469308
0.0362418
0.0277471
0.0212396
0.0164404
0.0131358
0.0110913
0.0100377
0.00970874
0.00986796
0.0103272
0.0109544
0.0116541
0.0123489
0.012987
0.0135409
0.0140165
0.0144088
0.0147068
0.0149405
0.0150643
0.0702117
0.0515787
0.0383008
0.0277665
0.0197516
0.0139058
0.00994543
0.00756784
0.00643591
0.00622337
0.00663699
0.0074256
0.00840114
0.00944639
0.0104782
0.0114319
0.0122695
0.0129756
0.0135648
0.0140444
0.0144091
0.0146856
0.0148386
0.0557291
0.0398394
0.0270334
0.0171123
0.00997031
0.00516061
0.00235589
0.00116147
0.00114919
0.00193548
0.0032059
0.00470351
0.00625315
0.00776316
0.00916643
0.0104141
0.0114849
0.0123729
0.0130987
0.0136812
0.0141227
0.0144496
0.0146354
0.0377285
0.027016
0.0167967
0.00759566
0.00105208
-0.00293573
-0.00472762
-0.00484767
-0.00382001
-0.00208761
3.75446e-06
0.00218396
0.00428411
0.00623714
0.00799349
0.0095233
0.0108178
0.0118796
0.0127336
0.0134081
0.0139138
0.014278
0.0144844
0.0162676
0.00791147
0.00178598
-0.00417977
-0.00842935
-0.0104194
-0.0104947
-0.00921231
-0.00707994
-0.00449576
-0.00175823
0.000900335
0.00334812
0.00555667
0.00749824
0.00916462
0.0105595
0.0116941
0.0125969
0.0133004
0.0138208
0.0141827
0.0143826
-0.00644904
-0.0153579
-0.0179866
-0.0190973
-0.0185858
-0.0170114
-0.0145571
-0.0115569
-0.00830364
-0.00501878
-0.00186624
0.00101711
0.00356809
0.00580853
0.00773456
0.00936229
0.0107099
0.0117983
0.0126589
0.0133226
0.0138062
0.0141282
0.0142976
-0.0264809
-0.0340321
-0.0332718
-0.0310205
-0.0268996
-0.0224059
-0.0177972
-0.0133091
-0.00907516
-0.00517899
-0.0016717
0.00140708
0.00404695
0.00629047
0.00816489
0.00971516
0.0109771
0.0119842
0.0127741
0.0133768
0.0138079
0.014082
0.014217
-0.0468179
-0.0488907
-0.0433205
-0.0386495
-0.0325353
-0.0264777
-0.0205735
-0.0150783
-0.0101035
-0.00568582
-0.00183076
0.00147797
0.00426837
0.00657529
0.00845146
0.00996641
0.0111731
0.0121195
0.0128517
0.0134029
0.0137891
0.0140248
0.0141331
-0.0668204
-0.0627127
-0.0526593
-0.0454383
-0.0373807
-0.0300688
-0.0231698
-0.0168978
-0.0113329
-0.00647137
-0.00229435
0.00123627
0.00418453
0.0065904
0.00851753
0.0100449
0.0112381
0.0121577
0.0128582
0.0133783
0.0137363
0.0139498
0.0140435
-0.0862913
-0.0761531
-0.062233
-0.051993
-0.0417374
-0.0331362
-0.0252981
-0.0183696
-0.0123559
-0.00716835
-0.00275866
0.000925873
0.00397993
0.00646142
0.00843954
0.00999362
0.0111943
0.0121097
0.0127992
0.0133063
0.0136527
0.0138588
0.0139487
-0.102672
-0.0872558
-0.0709564
-0.0579082
-0.0457049
-0.0357889
-0.0269744
-0.0194095
-0.0130121
-0.00757687
-0.00302161
0.000737556
0.00382926
0.0063324
0.00832657
0.00989041
0.0110957
0.0120121
0.0126997
0.0132044
0.0135497
0.0137582
0.0138515
)
;

boundaryField
{
    outlet
    {
        type            fixedValue;
        value           uniform 0;
    }
    upperWall
    {
        type            symmetryPlane;
    }
    lowerWall
    {
        type            symmetryPlane;
    }
    inlet
    {
        type            zeroGradient;
    }
    cylinder
    {
        type            zeroGradient;
    }
    frontAndBack
    {
        type            empty;
    }
}


// ************************************************************************* //
