/*--------------------------------*- C++ -*----------------------------------*\
| =========                 |                                                 |
| \\      /  F ield         | OpenFOAM: The Open Source CFD Toolbox           |
|  \\    /   O peration     | Version:  2312                                  |
|   \\  /    A nd           | Website:  www.openfoam.com                      |
|    \\/     M anipulation  |                                                 |
\*---------------------------------------------------------------------------*/
FoamFile
{
    version     2.0;
    format      ascii;
    arch        "LSB;label=32;scalar=64";
    class       volScalarField;
    location    "118.7";
    object      p;
}
// * * * * * * * * * * * * * * * * * * * * * * * * * * * * * * * * * * * * * //

dimensions      [0 2 -2 0 0 0 0];

internalField   nonuniform List<scalar> 
5478
(
-0.339726
-0.341025
-0.339672
-0.335838
-0.327865
-0.315137
-0.297875
-0.277598
-0.256439
-0.236338
-0.218619
-0.203129
-0.189984
-0.177587
-0.166155
-0.347088
-0.346449
-0.34409
-0.339371
-0.330735
-0.317034
-0.298626
-0.277379
-0.255442
-0.234432
-0.215123
-0.197809
-0.182437
-0.168393
-0.155609
-0.356568
-0.353312
-0.348843
-0.342267
-0.331556
-0.315555
-0.295189
-0.27261
-0.249844
-0.228256
-0.20853
-0.190785
-0.174741
-0.159765
-0.145823
-0.368851
-0.362642
-0.355492
-0.345943
-0.331415
-0.311743
-0.288819
-0.264909
-0.241689
-0.220057
-0.200226
-0.182129
-0.165477
-0.150222
-0.136504
-0.385582
-0.375829
-0.365564
-0.351169
-0.33082
-0.306464
-0.280793
-0.255649
-0.231998
-0.210188
-0.190282
-0.172189
-0.155678
-0.140639
-0.126623
-0.407935
-0.392906
-0.378453
-0.356737
-0.329038
-0.299668
-0.271221
-0.24473
-0.220498
-0.198543
-0.17871
-0.160746
-0.144415
-0.129623
-0.115883
-0.433713
-0.412983
-0.390843
-0.359543
-0.324201
-0.290066
-0.258958
-0.23111
-0.206292
-0.184175
-0.164456
-0.146889
-0.13123
-0.117186
-0.104108
-0.4572
-0.432177
-0.398494
-0.356328
-0.313966
-0.275736
-0.242365
-0.213402
-0.188191
-0.166175
-0.146895
-0.129979
-0.115166
-0.102123
-0.0904135
-0.483324
-0.485371
-0.48855
-0.496244
-0.508058
-0.52263
-0.537933
-0.551415
-0.558044
-0.557923
-0.547834
-0.52683
-0.49669
-0.461178
-0.423589
-0.444291
-0.445786
-0.446016
-0.448224
-0.452088
-0.456153
-0.458557
-0.457021
-0.451385
-0.439625
-0.42154
-0.398059
-0.372825
-0.351655
-0.324769
-0.410652
-0.411589
-0.409732
-0.407791
-0.405446
-0.401383
-0.394457
-0.383377
-0.367767
-0.347826
-0.325247
-0.302283
-0.278362
-0.276785
-0.260742
-0.383612
-0.384403
-0.381648
-0.377325
-0.371116
-0.362189
-0.3493
-0.332164
-0.31116
-0.28733
-0.262461
-0.245349
-0.222848
-0.225884
-0.225337
-0.36276
-0.363917
-0.361194
-0.355858
-0.347506
-0.335296
-0.31889
-0.298415
-0.274813
-0.250299
-0.225668
-0.211032
-0.194995
-0.197309
-0.206257
-0.347544
-0.349331
-0.346944
-0.341193
-0.331513
-0.317541
-0.299354
-0.277616
-0.253809
-0.230433
-0.209347
-0.196252
-0.187341
-0.188352
-0.199207
-0.33826
-0.340538
-0.338543
-0.332974
-0.32328
-0.309293
-0.291288
-0.27036
-0.248138
-0.226908
-0.209407
-0.197262
-0.190946
-0.189895
-0.1943
-0.335823
-0.338056
-0.336557
-0.331872
-0.323457
-0.310488
-0.293337
-0.2733
-0.252289
-0.232402
-0.215919
-0.202868
-0.193956
-0.187606
-0.182785
-0.391734
-0.413162
-0.459362
-0.443701
-0.327399
-0.222036
-0.168995
-0.152262
-0.157113
-0.162623
-0.15047
-0.149144
-0.147216
-0.130991
-0.102308
-0.110324
-0.133539
-0.150612
-0.124974
-0.110531
-0.123266
-0.157739
-0.122425
-0.121523
-0.152713
-0.175546
-0.138272
-0.154679
-0.0963148
-0.0671097
-0.0401534
-0.0147613
-0.0124988
-0.0110343
-0.00646057
-0.00355697
-0.00199607
-0.000442326
-0.345305
-0.430937
-0.498094
-0.47389
-0.353239
-0.236389
-0.168986
-0.14371
-0.131272
-0.12331
-0.120289
-0.136939
-0.142843
-0.126887
-0.0987155
-0.106416
-0.128653
-0.144307
-0.126359
-0.117267
-0.13851
-0.171942
-0.12002
-0.112407
-0.134401
-0.150968
-0.153691
-0.175249
-0.0956346
-0.0661746
-0.0397205
-0.0161244
-0.0127629
-0.0105591
-0.00631139
-0.00365221
-0.00205684
-0.000455406
-0.286525
-0.413078
-0.49552
-0.474364
-0.359059
-0.239667
-0.166683
-0.138122
-0.117806
-0.0992037
-0.0968063
-0.125678
-0.137452
-0.12274
-0.0966626
-0.103201
-0.123791
-0.136247
-0.126076
-0.121915
-0.152594
-0.183025
-0.116644
-0.102199
-0.116673
-0.125466
-0.165183
-0.190099
-0.0934205
-0.0606745
-0.0386685
-0.0173064
-0.0128931
-0.010057
-0.00612012
-0.00374252
-0.00211877
-0.000465816
-0.246483
-0.362871
-0.452964
-0.434516
-0.336264
-0.232964
-0.163179
-0.133171
-0.113621
-0.0912592
-0.0859248
-0.117289
-0.132494
-0.118449
-0.0958276
-0.10097
-0.117155
-0.12738
-0.123956
-0.123835
-0.164513
-0.191386
-0.114158
-0.091615
-0.100725
-0.100635
-0.172173
-0.198415
-0.0908204
-0.0544711
-0.0370988
-0.0182334
-0.0128966
-0.00956713
-0.00589863
-0.00381943
-0.00217356
-0.000473099
-0.224787
-0.311572
-0.394331
-0.381883
-0.304955
-0.222244
-0.160811
-0.129339
-0.11139
-0.0943554
-0.0899655
-0.118001
-0.129758
-0.116173
-0.0977866
-0.101615
-0.114241
-0.118797
-0.119787
-0.122448
-0.173439
-0.19664
-0.112569
-0.0809189
-0.0873977
-0.0784018
-0.174612
-0.199722
-0.0884181
-0.047908
-0.0350957
-0.0188286
-0.0127786
-0.00911474
-0.00566658
-0.00387779
-0.00221249
-0.000476855
-0.21301
-0.26707
-0.327167
-0.320266
-0.267487
-0.205945
-0.155759
-0.125062
-0.107724
-0.0974837
-0.101083
-0.123254
-0.13063
-0.116001
-0.100926
-0.102529
-0.108916
-0.110165
-0.113262
-0.117709
-0.177984
-0.199348
-0.112982
-0.0707291
-0.07713
-0.0599579
-0.172685
-0.194594
-0.0866879
-0.0412557
-0.032835
-0.0190925
-0.0125728
-0.00871971
-0.00544605
-0.00391718
-0.0022284
-0.000476642
-0.197827
-0.215264
-0.258882
-0.26364
-0.236277
-0.193112
-0.151978
-0.122265
-0.105186
-0.0937124
-0.115239
-0.125419
-0.1331
-0.113267
-0.103393
-0.104021
-0.108518
-0.103212
-0.104806
-0.10835
-0.178166
-0.197899
-0.111994
-0.0618652
-0.0706541
-0.0448549
-0.167245
-0.184759
-0.0847925
-0.0353844
-0.0305353
-0.0190333
-0.0122682
-0.00837119
-0.00525417
-0.00394143
-0.00221553
-0.000471613
-0.178494
-0.183551
-0.204481
-0.210948
-0.201606
-0.176847
-0.145589
-0.120332
-0.105381
-0.0843549
-0.12037
-0.167037
-0.142976
-0.114754
-0.106786
-0.100928
-0.101738
-0.0945165
-0.0946898
-0.0958797
-0.172814
-0.197822
-0.113325
-0.0538004
-0.0669416
-0.0319467
-0.158003
-0.173417
-0.0845414
-0.029417
-0.027725
-0.018623
-0.0120013
-0.00809594
-0.00541326
-0.00395729
-0.00217476
-0.000461592
-0.167999
-0.179189
-0.182286
-0.180061
-0.170601
-0.149185
-0.121884
-0.101301
-0.0897196
-0.0743125
-0.10216
-0.138764
-0.131395
-0.108706
-0.105776
-0.104521
-0.104711
-0.0858949
-0.0815635
-0.0895203
-0.158952
-0.185552
-0.110165
-0.0461018
-0.062192
-0.0275083
-0.142649
-0.154303
-0.0829681
-0.0260284
-0.0247069
-0.0175334
-0.0113188
-0.00770444
-0.00525398
-0.00394798
-0.00206391
-0.000435393
-0.135803
-0.146753
-0.14724
-0.138847
-0.127066
-0.11106
-0.0915791
-0.0786296
-0.0684132
-0.0570997
-0.0791614
-0.113952
-0.113337
-0.0921544
-0.0952659
-0.100359
-0.0862857
-0.0674119
-0.0597324
-0.0709947
-0.141296
-0.180158
-0.101965
-0.0340268
-0.0465083
-0.0165417
-0.119941
-0.147474
-0.0756941
-0.0204655
-0.0209649
-0.0160321
-0.0104666
-0.00706875
-0.00510402
-0.00393638
-0.00186587
-0.000378696
-0.111403
-0.122938
-0.12227
-0.114372
-0.104604
-0.092257
-0.0771003
-0.0643952
-0.050811
-0.0323722
-0.0274261
-0.0371943
-0.0445752
-0.0519187
-0.0735698
-0.0851049
-0.0700762
-0.0505529
-0.0383679
-0.0444878
-0.10701
-0.141896
-0.0815887
-0.0226562
-0.0331768
-0.00965289
-0.0936373
-0.114232
-0.0616423
-0.0161748
-0.0174497
-0.0143
-0.00947347
-0.00631307
-0.00513164
-0.00398186
-0.0015981
-0.000292529
-0.0880639
-0.0976964
-0.0975132
-0.0898065
-0.0793958
-0.0661977
-0.0528682
-0.0414445
-0.0280321
-0.0111304
0.00223184
0.0197822
0.016991
-0.0105293
-0.0445456
-0.0532178
-0.0439097
-0.0278187
-0.0140353
-0.0182275
-0.0656812
-0.0857417
-0.0544952
-0.0194072
-0.0216421
-0.00259166
-0.0602082
-0.0790869
-0.046436
-0.0147849
-0.0141452
-0.0127123
-0.00855649
-0.00543338
-0.00527044
-0.00408552
-0.00126349
-0.000174472
-0.0662801
-0.0748007
-0.075608
-0.0697295
-0.0612542
-0.0516621
-0.0410805
-0.0308895
-0.0177567
0.00146255
0.0218679
0.0466104
0.0458785
0.0139941
-0.0166047
-0.0272737
-0.0228935
-0.0166332
-0.000455621
0.00400355
-0.0193727
-0.0250273
-0.0264847
-0.0235975
-0.0136883
-0.000274335
-0.0213325
-0.0332022
-0.0278313
-0.0159484
-0.0109052
-0.0116674
-0.00774278
-0.00432807
-0.005479
-0.0042807
-0.000875335
-2.77318e-05
-0.0487278
-0.0562197
-0.057413
-0.0531229
-0.0461978
-0.0376281
-0.0278733
-0.0177075
-0.00597876
0.00978731
0.0250685
0.0403405
0.0463117
0.0249365
0.00228785
-0.00863026
-0.00581427
-0.00127669
0.0100464
0.0116091
0.00108308
0.00410242
-0.00780032
-0.0258427
-0.00725776
0.0053471
0.0135668
0.00508294
-0.00747085
-0.0151935
-0.00715606
-0.0112927
-0.00769377
-0.0030545
-0.00570728
-0.00455789
-0.000506212
0.000129379
-0.0350378
-0.0406672
-0.0417744
-0.0386967
-0.0331613
-0.0263549
-0.0188654
-0.0108549
-0.0019555
0.00999786
0.0221196
0.0326372
0.0378313
0.0265504
0.0115762
0.00210502
0.00336025
0.00437843
0.0132616
0.0168287
0.0118141
0.0142461
0.00447345
-0.0129925
-0.000152141
0.0113117
0.0355947
0.0286235
0.00734828
-0.0131243
-0.00408998
-0.0113474
-0.00858839
-0.00189145
-0.00586521
-0.00485362
-0.000179759
0.000268259
-0.0232732
-0.0277216
-0.0290274
-0.0270621
-0.0229493
-0.0177279
-0.0119656
-0.00555406
0.00147709
0.0101619
0.0185553
0.0253528
0.0289273
0.0237388
0.0154558
0.0084573
0.00991957
0.0112058
0.0158107
0.0184284
0.01164
0.0140169
0.011857
0.00074842
0.00771459
0.0166321
0.039372
0.0321531
0.0125782
-0.00814457
-0.00318335
-0.0112886
-0.00953668
-0.00126449
-0.005834
-0.00499863
7.90784e-05
0.00035712
-0.0140396
-0.0176848
-0.0188567
-0.0175499
-0.0145613
-0.0106875
-0.0064001
-0.00163274
0.00340215
0.0092323
0.0149066
0.0196235
0.0220173
0.0201262
0.0163925
0.0117882
0.0122841
0.0127031
0.0151403
0.0177442
0.0146562
0.0148868
0.0147065
0.00802683
0.0128308
0.0184728
0.0350043
0.0324818
0.0148418
-0.00123598
-0.000976537
-0.00949572
-0.00876352
-0.000887667
-0.00525427
-0.00461394
0.000274277
0.000403466
-0.00708641
-0.0097184
-0.0106507
-0.00989591
-0.00787067
-0.00513797
-0.00210887
0.00124633
0.00473324
0.00867167
0.0124265
0.0155827
0.0174578
0.0170821
0.0158428
0.0134104
0.0137203
0.0144973
0.0154574
0.017
0.0151652
0.0151361
0.0153781
0.0127897
0.0163904
0.0196925
0.0291151
0.0302281
0.0162251
0.00505866
0.00192822
-0.00596522
-0.00590804
-0.000556192
-0.00402648
-0.00353865
0.000377031
0.00039612
-0.00132552
-0.00335628
-0.00421214
-0.00386151
-0.00255938
-0.000693979
0.00138095
0.00366626
0.00599381
0.00856988
0.0110284
0.0131802
0.0146673
0.0149485
0.0149619
0.0139716
0.0140325
0.0144901
0.01498
0.0156556
0.0151921
0.0153521
0.0155991
0.0144165
0.0173523
0.0195335
0.0244904
0.0267187
0.0168444
0.00911617
0.00480117
-0.0021485
-0.00256013
0.000175802
-0.00244918
-0.00214226
0.000501253
0.000379104
0.00313247
0.00154654
0.000802456
0.0009262
0.00171827
0.00292802
0.00428589
0.00576765
0.00727009
0.0089262
0.010564
0.0120096
0.0131713
0.0136781
0.0140613
0.0138716
0.0140427
0.0145194
0.0149287
0.0154209
0.0151933
0.0153879
0.0156496
0.0156135
0.0175699
0.0190181
0.0210005
0.0226407
0.0165568
0.0112512
0.00710276
0.00102977
0.000119007
0.00100846
-0.00104077
-0.000959252
0.000577085
0.000351756
0.00655021
0.00535325
0.00473376
0.00469461
0.00511986
0.00585604
0.00671129
0.00763368
0.00856585
0.00958762
0.0106425
0.0116168
0.0124583
0.0129889
0.0134682
0.0137029
0.0139681
0.0142961
0.0146475
0.0149315
0.0149062
0.0151837
0.0154002
0.0152814
0.0167612
0.0177578
0.0183395
0.0190675
0.0154877
0.0117151
0.00827821
0.00333912
0.00186267
0.00171338
3.79496e-05
-0.000181686
0.000637135
0.000324102
0.00923156
0.00831295
0.00777586
0.00763031
0.00782531
0.00824218
0.00875225
0.00928578
0.00981988
0.0104157
0.0110673
0.0117046
0.0122786
0.0127344
0.013162
0.0134926
0.0137714
0.0140423
0.014355
0.0146144
0.0146696
0.0148921
0.0150898
0.0151837
0.015949
0.0164733
0.016388
0.0164375
0.0141926
0.011448
0.00881815
0.00495654
0.00307532
0.00232251
0.000880563
0.000449569
0.000721239
0.000321911
0.0112978
0.0105861
0.0101304
0.00993397
0.0099698
0.0101658
0.0104349
0.0107136
0.010985
0.0113001
0.0116691
0.0120608
0.0124206
0.0127456
0.0130714
0.0133684
0.0136274
0.0138443
0.01408
0.0142939
0.0143617
0.0145146
0.0146656
0.0146975
0.0149764
0.0151264
0.0147972
0.0144818
0.0129176
0.0108198
0.00884438
0.00590518
0.00395787
0.00287018
0.00153695
0.000915445
0.000795888
0.000321265
0.0128797
0.0123304
0.0119444
0.0117227
0.0116575
0.0117072
0.0118147
0.0119247
0.0120234
0.0121535
0.0123285
0.0125381
0.0127318
0.0129266
0.0131343
0.0133479
0.0135323
0.0136811
0.0138326
0.0139876
0.0140364
0.0141028
0.0141527
0.0141275
0.0141355
0.0140536
0.0136032
0.0130773
0.0118967
0.0102635
0.00869175
0.00647261
0.00466471
0.00339902
0.00211345
0.00133548
0.000911315
0.000339046
0.0140843
0.0136553
0.0133259
0.0130997
0.0129773
0.0129346
0.0129318
0.0129278
0.012914
0.0129219
0.0129649
0.0130393
0.0131074
0.013187
0.0132831
0.0134002
0.0134935
0.0135719
0.0136447
0.0137138
0.0137079
0.0136935
0.0136538
0.0135378
0.0133732
0.0131039
0.0126387
0.0120192
0.0110617
0.00975089
0.00841452
0.00672454
0.00513747
0.00383758
0.0025967
0.00170205
0.00103964
0.000356246
0.0149845
0.0146472
0.0143665
0.0141465
0.0139919
0.0138897
0.0138147
0.0137368
0.0136509
0.0135788
0.0135324
0.0135086
0.0134829
0.0134703
0.0134701
0.0134947
0.0134972
0.0134989
0.0134839
0.0134729
0.0134046
0.0133128
0.0131908
0.0129959
0.0127521
0.0124094
0.011907
0.0112497
0.0104164
0.00934643
0.00818099
0.00682572
0.0054581
0.00419506
0.00299397
0.00203018
0.00120003
0.000392575
0.0156482
0.0153783
0.0151361
0.0149267
0.0147557
0.0146177
0.0144962
0.0143708
0.0142388
0.0141145
0.0140079
0.0139148
0.0138206
0.013736
0.0136581
0.0136026
0.0135252
0.0134547
0.0133605
0.0132741
0.0131395
0.0129797
0.0127931
0.0125323
0.0122345
0.0118257
0.0113278
0.0106994
0.00992304
0.00901631
0.00798054
0.00683359
0.00564953
0.0044606
0.00330302
0.00231135
0.00137138
0.000437392
0.0161186
0.0158966
0.0156849
0.015488
0.0153106
0.0151517
0.0150005
0.014846
0.0146852
0.0145289
0.014381
0.0142409
0.0140974
0.0139599
0.0138246
0.0137025
0.0135634
0.0134274
0.0132734
0.0131186
0.0129299
0.0127114
0.0124697
0.0121611
0.0118197
0.0113881
0.0108813
0.0102749
0.00955547
0.00874666
0.00782972
0.00680788
0.005746
0.0046515
0.00353153
0.00251888
0.00152903
0.000497621
0.016439
0.0162495
0.0160605
0.0158745
0.0156959
0.0155249
0.015356
0.0151844
0.0150063
0.0148305
0.0146551
0.0144842
0.0143071
0.014133
0.0139564
0.0137842
0.0136011
0.0134126
0.0132132
0.0130031
0.0127691
0.0125074
0.0122183
0.0118809
0.0115038
0.0110591
0.0105493
0.00996013
0.0092832
0.00853078
0.00768255
0.00675385
0.00577025
0.00473823
0.00367225
0.00264091
0.0016095
0.000532513
0.0166377
0.0164686
0.0162945
0.0161171
0.0159396
0.0157626
0.0155842
0.0154026
0.0152157
0.0150277
0.0148364
0.0146457
0.0144481
0.0142508
0.0140467
0.0138433
0.0136281
0.0134075
0.0131734
0.0129274
0.0126618
0.0123682
0.012051
0.0116887
0.0112916
0.0108379
0.0103252
0.00974913
0.00909497
0.0083764
0.00757497
0.00670247
0.00576815
0.00478275
0.00375349
0.00270964
0.00165587
0.000556468
0.016729
0.0165701
0.0164043
0.0162326
0.0160569
0.015878
0.0156955
0.0155099
0.0153193
0.0151262
0.0149276
0.0147272
0.01452
0.014311
0.0140941
0.0138739
0.0136431
0.0134047
0.0131532
0.012888
0.0126049
0.0122961
0.0119616
0.0115886
0.0111795
0.0107216
0.0102092
0.00963691
0.00899622
0.00829412
0.00751547
0.00667121
0.00576189
0.00479929
0.00379115
0.00274374
0.00167634
0.000566885
-0.0763548
-0.0872208
-0.0977154
-0.107745
-0.118122
-0.127593
-0.138159
-0.151743
-0.0615665
-0.0696574
-0.0776379
-0.0856783
-0.0939386
-0.102197
-0.109777
-0.120331
-0.0475762
-0.0533297
-0.0588853
-0.0646635
-0.070812
-0.0771019
-0.083977
-0.0942878
-0.0365827
-0.0406966
-0.0447126
-0.0489507
-0.0540205
-0.0596484
-0.0664718
-0.0751894
-0.0270216
-0.0301002
-0.0331574
-0.0365681
-0.0407994
-0.0452764
-0.0500828
-0.0561677
-0.0192496
-0.0214628
-0.0236899
-0.0261349
-0.0290033
-0.0318928
-0.0352652
-0.0402913
-0.0126123
-0.0140884
-0.0155099
-0.0170596
-0.018982
-0.0212117
-0.0242722
-0.0285654
-0.00692011
-0.0078304
-0.00870701
-0.00981111
-0.0114336
-0.0134381
-0.0157757
-0.0187041
-0.00210514
-0.00272103
-0.00337078
-0.0042542
-0.00543259
-0.00666816
-0.00811873
-0.0103492
0.00186521
0.00144441
0.0010442
0.000539716
-0.000146675
-0.00103064
-0.00231532
-0.00424959
0.00527922
0.00501035
0.00477413
0.00442701
0.00386536
0.00309115
0.00209361
0.000702486
0.00809075
0.00786939
0.00767647
0.00740772
0.0070069
0.00647698
0.00577349
0.00470852
0.0103944
0.0101964
0.0100401
0.00985043
0.00957159
0.00916977
0.00860127
0.00775359
0.0122666
0.012076
0.0119249
0.01176
0.0115334
0.0112136
0.0107727
0.0101328
0.0137411
0.0135508
0.0133942
0.0132404
0.0130552
0.0128085
0.0124709
0.0119834
0.0148858
0.0147005
0.0145417
0.0143936
0.0142323
0.0140317
0.0137668
0.0133964
0.0157529
0.0155755
0.0154178
0.0152738
0.0151289
0.0149624
0.0147541
0.0144739
0.0163989
0.0162322
0.0160802
0.0159419
0.0158087
0.015665
0.0154958
0.0152806
0.0168685
0.0167132
0.016569
0.0164368
0.0163121
0.0161845
0.0160436
0.0158758
0.017196
0.0170528
0.016918
0.0167928
0.0166752
0.0165584
0.0164362
0.0163
0.0174131
0.0172814
0.017156
0.0170378
0.016926
0.0168166
0.0167065
0.0165904
0.01754
0.0174184
0.0173019
0.0171903
0.0170834
0.016979
0.0168759
0.0167712
0.0175897
0.0174775
0.0173682
0.0172616
0.0171577
0.0170555
0.0169551
0.0168549
0.0743703
0.0780938
0.0815514
0.0844242
0.0859417
0.085841
0.083953
0.0797824
0.0724141
0.060511
0.0422223
0.0149691
-0.0254422
-0.0822446
-0.133111
0.053249
0.0547392
0.0546594
0.0534072
0.0508542
0.0466356
0.0402651
0.0310091
0.0178158
-0.000752063
-0.0266606
-0.0624691
-0.112225
-0.18002
-0.234985
0.0314545
0.0307446
0.0273286
0.0224422
0.0163078
0.00839054
-0.00204414
-0.0158624
-0.0341753
-0.0584853
-0.0908892
-0.134012
-0.1909
-0.267012
-0.32044
0.00896313
0.00583396
-0.000390107
-0.00802497
-0.0169867
-0.0280128
-0.0419398
-0.059649
-0.0822371
-0.111168
-0.148701
-0.197556
-0.26003
-0.336949
-0.387636
-0.013356
-0.0191329
-0.0274978
-0.037101
-0.0482826
-0.0618848
-0.0786603
-0.0994503
-0.125337
-0.157639
-0.198689
-0.25119
-0.315768
-0.389613
-0.435497
-0.0348377
-0.0430731
-0.0529531
-0.0640597
-0.0770618
-0.0927544
-0.111712
-0.134727
-0.162822
-0.19737
-0.24031
-0.293596
-0.357095
-0.424818
-0.464313
-0.0551789
-0.065061
-0.0759915
-0.0884272
-0.103033
-0.120346
-0.140887
-0.165334
-0.194618
-0.229964
-0.272881
-0.324585
-0.38397
-0.442515
-0.475818
-0.0741725
-0.0847103
-0.0966345
-0.110305
-0.126192
-0.144703
-0.166243
-0.191381
-0.220898
-0.255767
-0.297046
-0.345098
-0.397291
-0.44405
-0.472603
0.187503
0.202452
0.219065
0.237801
0.258756
0.28185
0.306988
0.334115
0.363153
0.39385
0.425624
0.457298
0.486872
0.510317
0.529616
0.186963
0.20133
0.217359
0.235557
0.255972
0.278432
0.302786
0.328965
0.356893
0.386302
0.41657
0.446464
0.473904
0.494913
0.511824
0.182292
0.19524
0.210034
0.227146
0.246427
0.267516
0.290164
0.314256
0.339672
0.366091
0.392805
0.418479
0.440865
0.456158
0.467597
0.173508
0.184407
0.197486
0.212993
0.230453
0.249332
0.269332
0.290303
0.312041
0.334087
0.35556
0.374942
0.389703
0.396207
0.399732
0.160616
0.169077
0.180243
0.193925
0.209122
0.22508
0.241506
0.258291
0.275191
0.291598
0.306413
0.317871
0.323085
0.318319
0.3121
0.143971
0.149625
0.158683
0.170293
0.182887
0.195529
0.20791
0.219897
0.231159
0.240944
0.247953
0.250187
0.244416
0.226744
0.208648
0.123868
0.127302
0.13449
0.143546
0.152756
0.161397
0.169246
0.176067
0.181314
0.184015
0.182655
0.175002
0.157515
0.126281
0.0956149
0.100244
0.10242
0.108518
0.114966
0.120427
0.12462
0.127521
0.128809
0.127724
0.123077
0.113145
0.0954556
0.0661329
0.0215094
-0.0207503
0.0259932
0.0304045
0.0267476
0.0306723
0.0282475
0.0325508
0.0308029
0.035226
0.0345964
0.0391055
0.0399178
0.0447535
0.0473053
0.0530122
0.0577375
0.065053
0.072568
0.0826089
0.0937592
0.107824
0.12398
0.143753
0.166603
0.0260677
0.0304461
0.0268391
0.0307258
0.0283642
0.0326191
0.0309597
0.0353439
0.0348117
0.0392768
0.0402237
0.0450316
0.0476804
0.0534649
0.0582523
0.0656442
0.0733178
0.0832961
0.0946065
0.108791
0.124741
0.144431
0.166783
0.0261519
0.0304621
0.0269489
0.0307496
0.0285057
0.0326527
0.0311485
0.0354283
0.0350443
0.0394076
0.0405585
0.0452595
0.0480507
0.0538012
0.0586236
0.0658488
0.0736679
0.0836716
0.0946814
0.108672
0.124041
0.143174
0.164033
0.0262446
0.0304544
0.0270725
0.0307471
0.0286586
0.0326567
0.03136
0.0354853
0.0353092
0.0395202
0.040912
0.045508
0.0484799
0.0543013
0.0591845
0.0666377
0.0741802
0.0842296
0.09476
0.108423
0.122564
0.140404
0.158411
0.0263449
0.0304264
0.0272079
0.0307219
0.0288561
0.0326377
0.0315891
0.0355125
0.0355884
0.0395998
0.0412547
0.0456353
0.0488095
0.054408
0.0593557
0.0665376
0.0740052
0.0836855
0.0936803
0.106573
0.11924
0.135315
0.14955
0.0264498
0.0303803
0.0273549
0.0306783
0.0290451
0.0326083
0.0318289
0.0355312
0.03593
0.0397293
0.0416683
0.045939
0.0493443
0.0551275
0.0599652
0.0674651
0.0744919
0.084239
0.0932954
0.105367
0.115625
0.128912
0.137912
0.0265594
0.0303191
0.0275049
0.0306233
0.029238
0.0325624
0.0320646
0.0355209
0.0361739
0.0397757
0.041933
0.0459727
0.0495376
0.0548921
0.0598662
0.0669045
0.073737
0.0825744
0.0909789
0.101347
0.109689
0.119717
0.123122
0.0266728
0.0302498
0.027652
0.0305647
0.0294457
0.0325491
0.0323157
0.0355826
0.0365848
0.0400254
0.0424705
0.0464813
0.0502914
0.0560532
0.0606717
0.068245
0.074497
0.0835215
0.0903637
0.0994883
0.103905
0.109233
0.10523
0.0268035
0.0301449
0.0278422
0.0304495
0.029664
0.0324214
0.0325645
0.0354506
0.0367712
0.0399334
0.0425588
0.0463648
0.0501969
0.0552375
0.0598873
0.0664296
0.072188
0.0789061
0.0847556
0.0895691
0.0917136
0.0897695
0.080789
0.026974
0.0299832
0.0280831
0.0302716
0.0299134
0.0322024
0.0327919
0.0351093
0.0368318
0.0395009
0.0422935
0.0455222
0.0493075
0.0535533
0.0578771
0.0629363
0.0677599
0.0720905
0.0759411
0.0772307
0.0768723
0.0717314
0.0641851
0.0271789
0.029759
0.0283583
0.0300354
0.0301949
0.0318981
0.0330252
0.0347715
0.0368442
0.0390672
0.0419183
0.0446993
0.0482814
0.0517157
0.0555788
0.0592945
0.0629535
0.0653904
0.0670895
0.0663899
0.0637808
0.0582362
0.0509941
0.0274189
0.0294637
0.0286709
0.0297556
0.0304619
0.03164
0.0331454
0.0344929
0.0367314
0.0385742
0.0413413
0.0437404
0.0469325
0.0496277
0.0528483
0.0553654
0.0577069
0.058735
0.0586167
0.0566171
0.0527736
0.0469924
0.0401528
0.0276984
0.0290913
0.0289773
0.0295351
0.0306281
0.0314329
0.0331583
0.0342322
0.0364577
0.0380482
0.0405215
0.0426381
0.0452501
0.0472923
0.0497446
0.0512411
0.0523299
0.0522738
0.0508974
0.0481164
0.0438298
0.0380817
0.0315148
0.0280134
0.0287082
0.0291924
0.029383
0.03072
0.0312554
0.0330494
0.0339472
0.0360217
0.0374219
0.0394911
0.0413532
0.0433185
0.0447102
0.0464165
0.0470477
0.0471055
0.0462248
0.0441737
0.0410064
0.0366904
0.0312591
0.0251109
0.0283174
0.0283648
0.0293083
0.0292846
0.0307172
0.0311007
0.0328056
0.0336257
0.0354306
0.0366736
0.0383035
0.0398615
0.0412046
0.0419735
0.0429911
0.0429442
0.0422422
0.0407894
0.0384531
0.0352011
0.0310554
0.026092
0.0204869
0.0285864
0.0280783
0.0293341
0.0292219
0.030608
0.0309512
0.032437
0.0332334
0.0347156
0.0357797
0.0369841
0.0381785
0.0389723
0.0392138
0.0396139
0.0390655
0.0378889
0.0360858
0.0336697
0.0305492
0.0267261
0.0222953
0.0173334
0.0287921
0.0278696
0.029257
0.029179
0.0303984
0.030782
0.0319721
0.0327374
0.033897
0.0347364
0.0355587
0.0363668
0.0366961
0.0365232
0.0364147
0.035529
0.0340963
0.0321414
0.0297774
0.0269202
0.0235296
0.0196729
0.0153923
0.0289163
0.0277486
0.0290769
0.0291345
0.0301037
0.0305492
0.0314456
0.0321257
0.0329872
0.0335735
0.0340624
0.034501
0.0344546
0.0339804
0.0335008
0.0324116
0.0308796
0.0289368
0.026724
0.0241889
0.0212746
0.0180033
0.0143909
0.0289456
0.0277111
0.028812
0.0290533
0.0297631
0.0302265
0.0308718
0.0314066
0.0319995
0.0323296
0.032534
0.0326555
0.0323263
0.0316528
0.0309304
0.0297468
0.0282294
0.0264102
0.0244154
0.0222187
0.0197714
0.0170637
0.0140797
0.0288745
0.0277393
0.0284946
0.0288769
0.0293991
0.0298144
0.030255
0.0306077
0.0309575
0.0310545
0.0310239
0.0308943
0.0303728
0.0295805
0.0287266
0.0275355
0.0261068
0.0244725
0.0227299
0.0208654
0.0188429
0.0166416
0.0142236
0.0287089
0.0277981
0.0281833
0.0285747
0.0289976
0.0293295
0.0295972
0.0297653
0.0298964
0.0298007
0.0295838
0.0292679
0.0286272
0.0277848
0.0268881
0.0257506
0.0244524
0.023027
0.0215422
0.0199854
0.0183302
0.0165559
0.0146157
0.0284667
0.0278244
0.0279211
0.028187
0.0285342
0.028769
0.0288977
0.0289102
0.0288563
0.0286098
0.0282536
0.0278076
0.0271096
0.0262709
0.0253917
0.0243457
0.0231982
0.0219811
0.0207378
0.0194529
0.0181059
0.0166806
0.0151327
0.0281719
0.027749
0.0276911
0.0278144
0.0280279
0.0281476
0.0281638
0.0280576
0.0278655
0.0275102
0.0270585
0.026534
0.0258249
0.0250242
0.0241995
0.0232647
0.0222709
0.0212467
0.0202185
0.0191684
0.0180791
0.0169393
0.0157117
0.0278509
0.0275789
0.027462
0.0274502
0.0275048
0.0275049
0.0274197
0.0272222
0.0269363
0.026517
0.026015
0.0254565
0.0247685
0.0240251
0.0232716
0.0224488
0.0215968
0.020741
0.019896
0.0190425
0.0181649
0.0172557
0.0162852
0.0275202
0.0273337
0.0271922
0.0270816
0.0269957
0.0268799
0.0267011
0.0264312
0.0260852
0.0256376
0.0251247
0.0245701
0.0239269
0.0232497
0.0225694
0.0218474
0.0211165
0.0203994
0.0197037
0.0190106
0.0183054
0.0175818
0.0168177
0.027189
0.0270434
0.0268803
0.0267036
0.0265152
0.0262995
0.0260385
0.025712
0.0253283
0.0248742
0.0243742
0.0238476
0.023263
0.0226555
0.0220462
0.0214135
0.0207842
0.0201773
0.0195978
0.0190309
0.0184633
0.0178885
0.0172901
0.026863
0.0267315
0.026549
0.026327
0.0260703
0.0257807
0.025456
0.0250877
0.0246815
0.0242326
0.0237566
0.0232657
0.0227396
0.0221983
0.0216558
0.021103
0.0205598
0.0200406
0.0195498
0.019078
0.0186155
0.018157
0.0176896
0.0265537
0.0264246
0.0262233
0.0259691
0.0256698
0.0253318
0.0249652
0.0245715
0.0241537
0.0237138
0.0232627
0.0228062
0.0223315
0.0218501
0.021371
0.0208904
0.020421
0.0199726
0.0195489
0.0191456
0.018758
0.0183831
0.0180123
0.0262807
0.0261507
0.025935
0.0256572
0.0253316
0.0249655
0.0245736
0.0241654
0.0237419
0.023308
0.0228753
0.0224464
0.0220132
0.021582
0.0211589
0.0207434
0.020342
0.0199583
0.0195915
0.019239
0.0189014
0.0185815
0.0182777
0.0260647
0.0259319
0.0257075
0.0254162
0.0250766
0.0246969
0.0242922
0.0238789
0.0234578
0.0230336
0.0226169
0.0222104
0.0218086
0.0214124
0.0210248
0.020649
0.0202894
0.0199473
0.0196205
0.0193064
0.0190064
0.0187251
0.0184649
0.0259486
0.0258156
0.0255835
0.025279
0.0249273
0.0245381
0.0241253
0.0237067
0.0232865
0.0228682
0.0224617
0.0220716
0.0216924
0.0213196
0.0209549
0.0206043
0.0202726
0.0199605
0.0196645
0.0193811
0.0191105
0.0188575
0.0186281
0.0681479
0.0501924
0.0279797
0.00710733
-0.0119828
-0.030126
-0.0475937
-0.0631824
0.0556289
0.0389329
0.0170835
-0.00191005
-0.0169732
-0.0297656
-0.0417361
-0.0522414
0.0445609
0.0317746
0.0132378
-0.00329564
-0.0146722
-0.0234458
-0.0320459
-0.0403718
0.0348136
0.0248914
0.00946834
-0.00473907
-0.0138521
-0.0200247
-0.0258409
-0.0314758
0.0267434
0.0193931
0.00756333
-0.00362965
-0.0106404
-0.0150359
-0.0190936
-0.0231895
0.0203417
0.0145997
0.00619156
-0.00177641
-0.00713637
-0.010604
-0.0136349
-0.0165424
0.015899
0.0112687
0.00567215
0.000396485
-0.00352566
-0.00629197
-0.00862415
-0.0107263
0.0131581
0.00950592
0.0059012
0.00256323
-0.000177945
-0.0023227
-0.00413032
-0.00565234
0.0117512
0.00894017
0.00670336
0.00469021
0.00285674
0.0012596
-0.000119928
-0.0012343
0.0113078
0.00918299
0.00786292
0.00672363
0.00554319
0.0043847
0.00333489
0.00249329
0.0115333
0.00994988
0.00922599
0.00864417
0.00791895
0.00710737
0.00633576
0.00571836
0.0121743
0.0110173
0.0106715
0.0104352
0.0100165
0.00946227
0.00889843
0.00843034
0.0129917
0.0121551
0.0120366
0.0120226
0.0118309
0.0114735
0.0110577
0.0106828
0.0138604
0.0132612
0.0132717
0.0133841
0.0133431
0.0131284
0.0128247
0.0125208
0.0147211
0.0142929
0.0143659
0.0145277
0.0145628
0.0144402
0.0142192
0.0139707
0.0155204
0.0152151
0.0153078
0.0154715
0.0155335
0.0154626
0.0152979
0.0150925
0.0162314
0.0160122
0.0160988
0.016238
0.0162969
0.0162473
0.0161155
0.01594
0.0168427
0.0166814
0.0167462
0.0168476
0.0168863
0.0168393
0.0167243
0.0165691
0.0173488
0.0172245
0.0172601
0.0173186
0.0173293
0.0172744
0.0171662
0.0170243
0.0177481
0.0176449
0.0176494
0.0176663
0.0176471
0.0175793
0.017472
0.0173392
0.0180641
0.0179664
0.0179366
0.0179129
0.0178638
0.0177813
0.0176719
0.0175456
0.0182815
0.0181828
0.018124
0.0180671
0.0179929
0.0178972
0.0177851
0.0176636
0.0184568
0.0183382
0.0182363
0.0181388
0.018038
0.0179308
0.0178186
0.0177038
-0.61549
-0.62866
-0.6477
-0.67224
-0.702721
-0.736744
-0.767683
-0.789606
-0.61035
-0.623117
-0.64077
-0.661941
-0.686341
-0.713555
-0.739267
-0.756274
-0.603257
-0.615828
-0.631376
-0.649063
-0.667761
-0.684279
-0.694776
-0.694612
-0.596969
-0.607379
-0.618451
-0.628493
-0.636324
-0.639613
-0.635934
-0.622862
-0.593003
-0.597187
-0.599395
-0.598743
-0.595232
-0.588014
-0.575331
-0.55498
-0.589819
-0.583368
-0.574383
-0.563583
-0.551561
-0.537547
-0.519542
-0.495189
-0.583567
-0.564504
-0.54503
-0.526595
-0.509026
-0.490908
-0.469843
-0.443475
-0.570437
-0.539827
-0.512774
-0.489532
-0.468738
-0.448351
-0.425691
-0.3985
-0.54799
-0.509621
-0.478609
-0.453004
-0.430779
-0.409393
-0.386218
-0.359064
-0.516313
-0.475077
-0.443185
-0.417244
-0.394888
-0.373536
-0.350631
-0.324201
-0.477577
-0.437497
-0.407138
-0.382277
-0.360889
-0.340304
-0.3183
-0.293101
-0.434124
-0.398326
-0.370855
-0.348327
-0.328581
-0.309374
-0.288769
-0.265193
-0.388874
-0.358202
-0.334929
-0.315464
-0.297875
-0.280546
-0.261698
-0.240096
-0.340333
-0.317814
-0.299647
-0.283911
-0.268936
-0.253583
-0.236786
-0.21728
-0.291426
-0.279847
-0.26512
-0.254318
-0.241077
-0.227948
-0.21309
-0.196242
-0.523843
-0.559932
-0.586459
-0.601994
-0.608167
-0.608658
-0.607623
-0.608925
-0.525817
-0.560473
-0.584726
-0.597637
-0.601701
-0.601358
-0.600731
-0.602935
-0.531919
-0.567961
-0.59157
-0.601713
-0.601852
-0.59777
-0.59457
-0.595746
-0.544968
-0.584112
-0.607398
-0.614234
-0.608952
-0.599089
-0.591477
-0.590437
-0.564341
-0.607718
-0.631233
-0.634621
-0.623442
-0.607187
-0.594612
-0.590206
-0.588655
-0.637404
-0.661523
-0.661479
-0.644602
-0.622343
-0.604946
-0.595073
-0.615773
-0.670828
-0.695891
-0.692568
-0.670447
-0.642967
-0.619662
-0.60094
-0.642441
-0.704489
-0.730839
-0.724498
-0.697741
-0.664778
-0.632711
-0.601675
-0.664418
-0.733923
-0.761233
-0.752388
-0.721222
-0.680573
-0.63685
-0.59169
-0.676408
-0.753003
-0.780435
-0.769183
-0.732577
-0.682114
-0.625369
-0.567881
-0.673998
-0.753653
-0.780677
-0.76625
-0.723054
-0.662381
-0.595426
-0.530933
-0.654572
-0.732517
-0.755478
-0.736033
-0.687166
-0.61951
-0.548149
-0.483598
-0.616806
-0.685472
-0.699992
-0.674908
-0.622924
-0.555373
-0.488893
-0.431491
-0.565375
-0.619118
-0.622228
-0.591604
-0.543107
-0.483231
-0.42702
-0.378176
-0.50413
-0.535871
-0.525144
-0.492555
-0.450861
-0.405916
-0.362809
-0.324571
-0.420637
-0.415483
-0.381046
-0.349493
-0.324778
-0.301191
-0.282421
-0.273627
-0.367257
-0.30549
-0.242372
-0.206945
-0.201759
-0.206207
-0.205227
-0.215614
-0.383009
-0.263264
-0.165713
-0.115345
-0.107463
-0.119665
-0.125342
-0.145553
-0.374716
-0.227737
-0.114009
-0.0552204
-0.0424964
-0.0523879
-0.0611679
-0.0830026
-0.273783
-0.183247
-0.0879679
-0.0273804
-0.00586708
-0.00190269
-0.00174316
-0.0270306
-0.19662
-0.159978
-0.118772
-0.0869019
-0.0592116
-0.0201709
0.0325821
0.0207795
-0.167453
-0.162278
-0.150931
-0.135769
-0.120807
-0.0920251
-0.0322469
0.0211703
-0.165873
-0.178847
-0.182495
-0.16839
-0.144274
-0.110729
-0.0703168
-0.02743
-0.19149
-0.223702
-0.242433
-0.235626
-0.207393
-0.168502
-0.137489
-0.0956034
-0.210957
-0.256576
-0.285952
-0.288948
-0.272899
-0.242496
-0.213458
-0.169497
-0.183133
-0.214223
-0.239778
-0.251991
-0.252087
-0.231019
-0.215985
-0.177818
-0.160702
-0.17037
-0.177393
-0.181866
-0.182231
-0.174385
-0.169079
-0.149006
-0.150945
-0.151808
-0.150479
-0.147657
-0.143424
-0.1365
-0.131845
-0.124809
-0.135162
-0.1378
-0.137782
-0.13326
-0.125854
-0.116382
-0.107103
-0.0972955
-0.106966
-0.112751
-0.119054
-0.123576
-0.125405
-0.123176
-0.115636
-0.102572
-0.114266
-0.118466
-0.122915
-0.126151
-0.127357
-0.125428
-0.120745
-0.111956
-0.137666
-0.141382
-0.145226
-0.148889
-0.152482
-0.155259
-0.156902
-0.154877
-0.154482
-0.156304
-0.156435
-0.156442
-0.155679
-0.156645
-0.154925
-0.156215
-0.121925
-0.117854
-0.113003
-0.109085
-0.105186
-0.103745
-0.100361
-0.100867
-0.102219
-0.0932252
-0.0838566
-0.074909
-0.0668534
-0.0601902
-0.0550147
-0.0512652
-0.107772
-0.0928299
-0.079189
-0.0676258
-0.0582959
-0.0510155
-0.0460625
-0.0423752
-0.141148
-0.123209
-0.105169
-0.0881753
-0.0729083
-0.0593775
-0.0480688
-0.0376248
-0.122917
-0.120643
-0.115592
-0.107713
-0.0978754
-0.0861023
-0.0721156
-0.0580002
-0.129183
-0.134412
-0.136506
-0.134681
-0.128652
-0.118956
-0.105136
-0.0872647
-0.170587
-0.187062
-0.201222
-0.211467
-0.217187
-0.21758
-0.213486
-0.205566
-0.196788
-0.212617
-0.221549
-0.224561
-0.222053
-0.215529
-0.20411
-0.191501
-0.119775
-0.100006
-0.0805006
-0.0642902
-0.052177
-0.0447557
-0.0399559
-0.0411222
-0.13023
-0.103601
-0.0761885
-0.0501953
-0.0264861
-0.00677169
0.00955851
0.0225627
-0.0944769
-0.0898441
-0.0829565
-0.0745177
-0.0651704
-0.0554106
-0.0451191
-0.0344989
-0.0703069
-0.0725198
-0.0730986
-0.0717652
-0.0686811
-0.0650676
-0.0595809
-0.0534333
-0.040055
-0.0394595
-0.0385069
-0.0372485
-0.0356483
-0.0338843
-0.0317054
-0.0296961
-0.0133329
-0.0119206
-0.0106381
-0.00956946
-0.00875366
-0.00824568
-0.00800913
-0.00802214
-0.0121176
-0.0116341
-0.0110795
-0.0104841
-0.00987567
-0.00928721
-0.00874036
-0.00823921
-0.0114414
-0.0117476
-0.0119186
-0.0119329
-0.0117827
-0.0114776
-0.0110371
-0.0104703
-0.00655592
-0.00659585
-0.00658888
-0.00654358
-0.00646518
-0.00636611
-0.00624129
-0.00613162
-0.00346494
-0.00338232
-0.00331514
-0.00326362
-0.00322458
-0.00319454
-0.00315722
-0.00312791
-0.00194291
-0.0019013
-0.00187508
-0.00186273
-0.00186188
-0.00186746
-0.00187245
-0.00187265
-0.000427233
-0.000411101
-0.000395871
-0.000384733
-0.000380569
-0.00038662
-0.000405657
-0.000440862
-0.241107
-0.183141
-0.143494
-0.111623
-0.0865692
-0.0674244
-0.0518049
-0.0393153
-0.0298068
-0.0219124
-0.0155789
-0.0104907
-0.00632733
-0.00297752
-0.000240263
0.00198012
0.00376409
0.00518829
0.00630558
0.00716236
0.00778742
0.0082029
0.00841764
-0.200397
-0.153529
-0.126324
-0.100809
-0.0801652
-0.0638843
-0.0501831
-0.0390728
-0.0301784
-0.0225931
-0.0164036
-0.0112698
-0.0070389
-0.00357488
-0.000722766
0.00159408
0.00346664
0.00496129
0.0061319
0.00702728
0.00767906
0.00811052
0.00833301
-0.130369
-0.0971336
-0.0853877
-0.0706945
-0.0599235
-0.0506427
-0.0420849
-0.03426
-0.0272477
-0.0210103
-0.0155798
-0.0108909
-0.0069285
-0.00358467
-0.000800229
0.00148976
0.00335816
0.00485562
0.00603311
0.00693499
0.00759111
0.00802569
0.00824969
-0.0658098
-0.0431706
-0.040979
-0.0354165
-0.0345767
-0.0328358
-0.0301702
-0.0263667
-0.0221018
-0.0177127
-0.0134544
-0.00955104
-0.00607709
-0.00305203
-0.000488261
0.00166037
0.00343383
0.00486872
0.00600573
0.0068814
0.00752227
0.00794814
0.00816803
-0.00726171
0.00780698
0.0021419
-0.00225759
-0.0106516
-0.0157402
-0.0181422
-0.0178945
-0.0163062
-0.0137174
-0.0107345
-0.0077238
-0.00484537
-0.00224668
2.65555e-05
0.00197679
0.00360989
0.00494886
0.0060215
0.0068546
0.00746758
0.00787746
0.00808984
0.0654409
0.0672655
0.0499222
0.0290029
0.0110646
-0.000370004
-0.00724937
-0.0101487
-0.0107429
-0.00970908
-0.00789746
-0.00571025
-0.0034415
-0.00129697
0.000658095
0.00237657
0.00384315
0.00506673
0.00605936
0.00683908
0.00741952
0.00781053
0.00801427
0.102693
0.0912236
0.0725468
0.047918
0.0259381
0.010719
0.00120307
-0.00378845
-0.00589003
-0.00601389
-0.00515331
-0.00369304
-0.0020153
-0.000309819
0.00132407
0.00280664
0.00410435
0.00520775
0.00611692
0.00684036
0.00738316
0.00775175
0.0079449
0.0340462
0.0492848
0.050752
0.0395387
0.0253371
0.0138494
0.00558464
0.000608257
-0.00191157
-0.00275688
-0.0025626
-0.00170905
-0.000551426
0.000745971
0.00205967
0.00329741
0.00441488
0.00538646
0.00620077
0.00685758
0.00735694
0.00769904
0.00787953
-0.0631373
-0.0262836
0.00156223
0.0103464
0.0112544
0.00853486
0.0054541
0.00251749
0.000763508
-7.85357e-05
-0.000213891
0.000183207
0.000904681
0.00182681
0.00283462
0.00382879
0.00476227
0.00559552
0.00631028
0.00689669
0.00734691
0.00765772
0.00782252
-0.135948
-0.0794014
-0.0369831
-0.0147122
-0.00362487
0.00106925
0.00323488
0.00295091
0.00257613
0.00208147
0.00184251
0.00195042
0.00231147
0.00289993
0.00361949
0.00438033
0.00512985
0.00582352
0.00643414
0.00694417
0.00734214
0.00762042
0.00776908
-0.142541
-0.0854347
-0.0500956
-0.0241766
-0.0104637
-0.00194851
0.0022699
0.00366396
0.00434232
0.00405558
0.00378014
0.00363599
0.00368696
0.00396667
0.00440266
0.00493866
0.00550391
0.00605724
0.00656469
0.00700109
0.00734813
0.00759288
0.00772439
-0.118745
-0.078176
-0.0502251
-0.0256385
-0.0118928
-0.00142514
0.00342308
0.00581846
0.00657814
0.00616729
0.00577847
0.00532682
0.00505943
0.00502665
0.00519067
0.00550879
0.00589706
0.00631253
0.00671344
0.00706943
0.00735932
0.00756857
0.00768244
-0.102606
-0.0738804
-0.0516438
-0.025688
-0.0124238
0.00159782
0.00568004
0.00946253
0.00942217
0.00879135
0.0079745
0.00710747
0.00651178
0.00616834
0.00605381
0.00614337
0.00633501
0.00659979
0.00688646
0.00715755
0.00738793
0.00755662
0.00764944
-0.0816336
-0.0574815
-0.0380529
-0.0142719
-0.00358703
0.00830912
0.0109681
0.0138166
0.0124079
0.011533
0.0101505
0.00887249
0.00791372
0.00726135
0.00690562
0.00678235
0.00680285
0.00691835
0.00708735
0.00726443
0.00742464
0.00754877
0.00761896
-0.0857068
-0.0599433
-0.0310519
-0.0031808
0.0143078
0.0229163
0.0237682
0.0221445
0.0173926
0.0146898
0.0122866
0.0105447
0.0092509
0.00831874
0.00773432
0.00740631
0.00725532
0.00722787
0.0072809
0.00736999
0.00746817
0.0075484
0.00759509
-0.103513
-0.0899538
-0.0533885
-0.0177273
0.016474
0.0276128
0.0296236
0.0273821
0.0197393
0.0169628
0.0140575
0.0118738
0.0102717
0.00918792
0.00846899
0.00799763
0.00770582
0.00754938
0.0074887
0.00748611
0.00751602
0.00755038
0.00757325
-0.139169
-0.12656
-0.0866878
-0.0403917
0.0104341
0.0223737
0.0255236
0.0237276
0.0199875
0.0172573
0.014762
0.0127164
0.0111024
0.00995992
0.00912307
0.00852839
0.00811526
0.00784622
0.00768453
0.00759849
0.00756434
0.00755393
0.00755251
-0.144007
-0.130217
-0.0917347
-0.0459024
-0.0053735
0.0118698
0.01763
0.0182146
0.0170763
0.0156046
0.0140192
0.0126186
0.0114709
0.0105254
0.00971208
0.0090569
0.00854337
0.00816377
0.00789719
0.00772392
0.00761961
0.00756074
0.00753346
-0.0956495
-0.0819458
-0.0585483
-0.0364824
-0.0174486
-0.00345597
0.0065483
0.0113457
0.0132138
0.0136307
0.0130931
0.0123928
0.0116115
0.0108156
0.0100699
0.00941177
0.00885451
0.00840955
0.00806744
0.00782063
0.00765591
0.00755503
0.00750549
-0.0473313
-0.0370373
-0.028642
-0.0263502
-0.0210396
-0.0100563
0.0014361
0.00817377
0.0114686
0.0129606
0.01268
0.0125567
0.011871
0.0111451
0.0104379
0.00976349
0.00915968
0.00864161
0.00822175
0.00790735
0.0076894
0.00754799
0.00747617
-0.0390142
-0.0272183
-0.0194436
-0.0152933
-0.0145435
-0.00322281
0.00267324
0.00943079
0.0110296
0.013212
0.0131291
0.0128914
0.0121936
0.0114422
0.0107447
0.0100578
0.00941835
0.00884118
0.00835187
0.00797019
0.00769521
0.00751609
0.00742435
-0.0331828
-0.0229068
-0.0152557
-0.00511712
-0.000939783
0.00646584
0.00975766
0.0131856
0.0132983
0.014492
0.0136818
0.0131743
0.0122837
0.0116302
0.0109971
0.010321
0.00963331
0.00898356
0.00843264
0.00799993
0.00768721
0.00747629
0.00736602
-0.0462131
-0.027136
-0.00990908
0.00734038
0.0171118
0.0211075
0.0222702
0.0216773
0.0196396
0.0180554
0.0159678
0.0142582
0.0128498
0.0119918
0.0112517
0.0105297
0.00978294
0.00908304
0.00847746
0.00799135
0.00763817
0.00739832
0.00727344
-0.0763759
-0.0564323
-0.0303739
-0.0078197
0.0102163
0.0147
0.0192546
0.0176865
0.0182203
0.0172408
0.0157418
0.0142986
0.0131108
0.0122617
0.0114446
0.0106115
0.00978236
0.00904299
0.00841893
0.0079218
0.00755354
0.00729867
0.00716317
-0.185054
-0.153243
-0.108752
-0.0608475
-0.0167228
0.00843059
0.0185456
0.0168893
0.0174522
0.0161738
0.0151031
0.013939
0.0129856
0.0121313
0.0113149
0.0104873
0.00968641
0.00895333
0.00831489
0.00780369
0.00741931
0.00715088
0.00700758
-0.169937
-0.144085
-0.0993828
-0.0472722
-0.00207718
0.0202829
0.0232414
0.0210364
0.0191883
0.0176321
0.0164033
0.0149854
0.0135431
0.0122368
0.0111333
0.0101757
0.00936556
0.00866434
0.00807169
0.00759079
0.00721993
0.00695536
0.00681235
-0.0409526
-0.0219467
0.0014988
0.0205984
0.0317497
0.0311225
0.0239787
0.0193516
0.0167771
0.0161024
0.0146954
0.013441
0.0122183
0.0113579
0.0105846
0.00981163
0.0090551
0.00836596
0.00778275
0.0073178
0.00696393
0.00670793
0.00656897
0.0214828
0.0238487
0.0257549
0.0317901
0.0342258
0.0343865
0.0313238
0.028061
0.0238723
0.020495
0.0172065
0.0145089
0.0123684
0.011015
0.0100422
0.00926286
0.00853106
0.00791452
0.00738012
0.00695834
0.00663009
0.0063942
0.00626486
-0.0249234
-0.0128689
-0.00123973
0.00910325
0.0159726
0.0174963
0.0156553
0.0121379
0.0108274
0.0108448
0.0109987
0.0109154
0.0104359
0.00985253
0.00920269
0.00853421
0.00788641
0.00732767
0.00686949
0.00651042
0.00623378
0.00602774
0.00591188
-0.0436269
-0.0372194
-0.0184817
-0.0108085
-0.00139951
0.00196346
0.00308995
0.00170267
0.00231569
0.00348635
0.0049641
0.00622626
0.00698459
0.00736528
0.00734017
0.00713973
0.00683951
0.00653074
0.00623176
0.00597353
0.0057551
0.00558186
0.00548266
-0.0261122
-0.0211932
-0.0153398
-0.00988348
-0.00450164
-0.000426261
0.0022865
0.00336752
0.00384291
0.00416642
0.00459232
0.00499757
0.00531415
0.00564303
0.00581952
0.00583612
0.00572437
0.0055919
0.00545072
0.00531881
0.00519163
0.00507189
0.0050004
-0.00834126
-0.00809103
-0.00820674
-0.00850402
-0.00840688
-0.00773413
-0.00640284
-0.00466118
-0.00283994
-0.00117959
0.000255107
0.00146047
0.00245427
0.00334357
0.00402232
0.00444955
0.00465772
0.00472247
0.00470517
0.00465317
0.00458573
0.00450169
0.00445194
-0.00784658
-0.00734799
-0.00702019
-0.00668539
-0.00611057
-0.00519293
-0.00399879
-0.00274848
-0.0016034
-0.000636424
0.000245183
0.00103798
0.0017052
0.00230363
0.00277901
0.00317338
0.00347435
0.00369121
0.0038168
0.00389158
0.00391324
0.00387249
0.0038515
-0.0096378
-0.00850122
-0.00717454
-0.00572677
-0.00388245
-0.00268084
-0.00167087
-0.0010369
-0.000473659
4.95149e-05
0.000578128
0.00105442
0.00145114
0.00180137
0.00210244
0.00238136
0.00262946
0.00283945
0.0030111
0.00314087
0.00320616
0.00320476
0.0032036
-0.00589282
-0.00553801
-0.0051527
-0.00475108
-0.00429773
-0.00394698
-0.00359066
-0.00322361
-0.00269546
-0.0020276
-0.00128611
-0.000540243
0.000146181
0.000753424
0.00122111
0.00158016
0.00186869
0.00210219
0.0022863
0.00242
0.00249054
0.00251406
0.00252343
-0.00301023
-0.00278792
-0.00250036
-0.00214829
-0.00174216
-0.00140388
-0.00114729
-0.0010083
-0.000833452
-0.000612293
-0.000340722
1.18486e-05
0.0003214
0.000657693
0.000930357
0.00114622
0.00130824
0.00145163
0.00156811
0.00167657
0.00175014
0.00179234
0.0018155
-0.00184583
-0.00178048
-0.00166688
-0.00148926
-0.00125026
-0.000984782
-0.000719433
-0.000494443
-0.000273026
-7.63128e-05
9.41982e-05
0.000231465
0.000315169
0.000439892
0.000572592
0.00072317
0.000841964
0.00092721
0.000982984
0.00103142
0.00106337
0.00107858
0.00109196
-0.000498338
-0.000585607
-0.00069506
-0.000812958
-0.0009085
-0.000951926
-0.000914868
-0.000807683
-0.000634991
-0.000465366
-0.000304553
-0.000175532
-8.02707e-05
8.56396e-06
7.963e-05
0.000161444
0.000235268
0.00029356
0.000335442
0.000368074
0.000377551
0.000372573
0.000372154
-0.169767
-0.140145
-0.113117
-0.0918595
-0.0732653
-0.0581961
-0.0455424
-0.035246
-0.0267607
-0.0197274
-0.0139616
-0.00921296
-0.00530087
-0.00207766
0.000566219
0.00270663
0.00443866
0.00581961
0.00690525
0.00773812
0.00834043
0.00873445
0.00893325
-0.181015
-0.146278
-0.116347
-0.093262
-0.0738974
-0.0581015
-0.0450966
-0.0346722
-0.0261519
-0.0191578
-0.0134998
-0.00885913
-0.0050509
-0.00192071
0.000643336
0.00272264
0.00441299
0.00576658
0.00683656
0.0076612
0.00826173
0.00865932
0.0088622
-0.192511
-0.152522
-0.118881
-0.0944176
-0.0742617
-0.0578645
-0.0446674
-0.0341723
-0.0255993
-0.0186279
-0.0130604
-0.00849941
-0.00478438
-0.00174086
0.000745364
0.00276335
0.00440988
0.00573222
0.00678257
0.00759535
0.00819085
0.00858866
0.00879366
-0.201549
-0.15712
-0.12208
-0.0971592
-0.0757468
-0.0584436
-0.0448845
-0.0341499
-0.0253637
-0.0183464
-0.0128015
-0.00825836
-0.00459806
-0.00160473
0.000826399
0.00279934
0.00441102
0.00570603
0.00673758
0.00753796
0.00812707
0.00852272
0.00872793
-0.211983
-0.161319
-0.1252
-0.0990916
-0.0763705
-0.0587475
-0.0451448
-0.0342571
-0.0252933
-0.0182824
-0.0127161
-0.00815582
-0.00451558
-0.00153819
0.00085985
0.00280912
0.00439911
0.00567546
0.00669314
0.00748365
0.00806706
0.00845994
0.00866451
-0.215686
-0.163786
-0.129326
-0.101643
-0.0776235
-0.0597119
-0.0458438
-0.0346106
-0.0254639
-0.0184723
-0.012821
-0.00822893
-0.00456436
-0.00157219
0.000821597
0.00277459
0.00435961
0.00563015
0.0066422
0.00742817
0.0080089
0.00840003
0.00860398
-0.223565
-0.16662
-0.131584
-0.10239
-0.0783931
-0.0606571
-0.0466113
-0.0350876
-0.0259666
-0.0189534
-0.013161
-0.00852298
-0.00478478
-0.00175484
0.000675331
0.0026638
0.00426798
0.00555331
0.00657416
0.00736536
0.00794889
0.00834116
0.00854555
-0.22644
-0.174068
-0.137288
-0.106158
-0.0818032
-0.0635201
-0.0487333
-0.0366597
-0.0274576
-0.0201041
-0.0140748
-0.00927714
-0.00536513
-0.0022168
0.0003312
0.00240939
0.00407931
0.00541554
0.00647063
0.00728465
0.00788231
0.00828187
0.00848916
0.00483026
-0.0226194
-0.0486396
-0.0754996
-0.103084
-0.129399
-0.153882
-0.176233
0.00672946
-0.0236186
-0.053228
-0.0836854
-0.114585
-0.144045
-0.171208
-0.195303
0.00753503
-0.0275253
-0.0618658
-0.0960159
-0.129576
-0.161217
-0.190165
-0.216075
0.00660299
-0.0335115
-0.0725312
-0.110215
-0.146295
-0.18007
-0.210962
-0.239101
0.00345122
-0.0413683
-0.0847913
-0.126134
-0.165119
-0.201448
-0.234706
-0.265048
-0.00193105
-0.051433
-0.09934
-0.14473
-0.187156
-0.226404
-0.262107
-0.294487
-0.00967162
-0.0643462
-0.117185
-0.167084
-0.213397
-0.255771
-0.293881
-0.328073
-0.0203973
-0.0810483
-0.139438
-0.194304
-0.244825
-0.290502
-0.330977
-0.366718
-0.0352399
-0.102821
-0.167474
-0.227803
-0.28275
-0.331685
-0.374632
-0.411593
-0.0558122
-0.131384
-0.203126
-0.269504
-0.329295
-0.381703
-0.426644
-0.464144
-0.0843467
-0.169093
-0.248946
-0.322071
-0.386975
-0.442943
-0.489318
-0.526273
-0.123987
-0.219121
-0.308151
-0.389047
-0.459503
-0.518433
-0.564787
-0.599222
-0.179779
-0.286713
-0.385159
-0.473513
-0.548811
-0.608618
-0.652439
-0.68088
-0.255234
-0.375817
-0.486642
-0.57995
-0.653806
-0.708272
-0.743028
-0.758652
-0.326311
-0.453593
-0.563038
-0.652686
-0.720883
-0.767028
-0.792163
-0.798857
0.183714
0.1756
0.163267
0.146722
0.126123
0.101705
0.0742832
0.042034
0.198192
0.188682
0.174225
0.155019
0.131533
0.103648
0.0733311
0.0401314
0.214509
0.203829
0.187623
0.166209
0.140425
0.110059
0.0773575
0.0433303
0.233046
0.221413
0.2037
0.180214
0.152119
0.11933
0.0834627
0.046349
0.253805
0.241206
0.221894
0.196092
0.165135
0.129265
0.0893527
0.0476732
0.276651
0.262902
0.241659
0.213104
0.178572
0.138787
0.0941906
0.0471933
0.30149
0.286355
0.262763
0.230949
0.192153
0.147626
0.0978007
0.0449946
0.328281
0.31153
0.285138
0.249509
0.205779
0.155666
0.0999069
0.0406622
0.356942
0.338334
0.308648
0.268544
0.219135
0.162481
0.0998024
0.0332123
0.387207
0.366449
0.332882
0.287483
0.231467
0.167142
0.0962931
0.0211762
0.418471
0.395181
0.357016
0.305286
0.241471
0.168105
0.0875767
0.00249154
0.449531
0.423213
0.379563
0.320223
0.247116
0.163044
0.0710284
-0.0257889
0.478352
0.448346
0.398051
0.329444
0.245137
0.148259
0.042556
-0.0682189
0.50086
0.466529
0.408542
0.328939
0.231257
0.119208
-0.00242457
-0.129068
0.519221
0.480628
0.415409
0.326148
0.215946
0.0891939
-0.0477405
-0.188764
0.0259282
0.0258738
0.0258292
0.0257937
0.0257677
0.0257437
0.0257299
0.0257122
0.0303368
0.0302426
0.0301231
0.02998
0.0298174
0.0296382
0.0294444
0.0292438
0.0266738
0.0266188
0.0265816
0.026561
0.0265534
0.0265544
0.0265615
0.0265704
0.0305867
0.0304699
0.0303242
0.0301538
0.029963
0.0297571
0.0295438
0.0293329
0.0281544
0.0280846
0.0280404
0.0280175
0.0280131
0.0280201
0.0280357
0.0280542
0.0324431
0.0322963
0.032117
0.0319106
0.0316829
0.0314404
0.0311877
0.0309563
0.0306735
0.0305719
0.0305058
0.0304636
0.0304417
0.0304398
0.0304298
0.0304716
0.0350637
0.034857
0.0346166
0.0343506
0.0340624
0.0337881
0.0334856
0.0332737
0.034409
0.0342458
0.0341173
0.0340133
0.033928
0.0338616
0.0337899
0.0337558
0.0388866
0.0386371
0.0383483
0.0380379
0.0376949
0.0373793
0.0370061
0.036791
0.0396296
0.0393475
0.0390969
0.0388707
0.0386555
0.0384971
0.038279
0.038234
0.0444134
0.0440592
0.0436472
0.0432635
0.0427912
0.042477
0.0419404
0.0418385
0.0469151
0.0464941
0.0460691
0.0456975
0.0452303
0.044982
0.0444646
0.0443451
0.0524959
0.0519666
0.0512766
0.0508001
0.0499178
0.0496645
0.0486296
0.0485583
0.0571662
0.0564932
0.055746
0.0550877
0.0542496
0.0536383
0.0525957
0.0521187
0.0643995
0.0635873
0.0626287
0.0617905
0.0605334
0.059648
0.0578612
0.0571186
0.0717
0.0705128
0.069128
0.0677115
0.0659247
0.0643568
0.0621675
0.0606081
0.0815986
0.0801728
0.0785194
0.0767793
0.0743548
0.0722156
0.06883
0.0664803
0.0924599
0.0904006
0.0878637
0.0849342
0.0813327
0.0775617
0.0730318
0.0684146
0.10629
0.103771
0.100561
0.096717
0.0918607
0.0865798
0.0799434
0.0731167
0.122005
0.1184
0.113649
0.107627
0.100331
0.0916398
0.0821739
0.0703671
0.141386
0.136852
0.130599
0.122423
0.112232
0.10027
0.0858123
0.0703678
0.163585
0.157365
0.148229
0.136011
0.120525
0.102295
0.0812526
0.056513
0.0256921
0.0256747
0.0256751
0.0256939
0.0257347
0.0257915
0.0258168
0.025788
0.0256785
0.0254708
0.025153
0.0247226
0.0241889
0.0235753
0.0229103
0.0222266
0.0215481
0.0208909
0.0202695
0.0197019
0.0192151
0.0188414
0.0186213
0.028978
0.0286149
0.0281738
0.0276448
0.0270201
0.0263729
0.0257471
0.0251602
0.0246336
0.0241778
0.0237911
0.0234587
0.0231474
0.0227941
0.0223461
0.0218154
0.0212274
0.0206188
0.0200229
0.0194693
0.0189918
0.0186264
0.0184106
0.0265895
0.0266178
0.0266627
0.0267269
0.0267626
0.0266873
0.0264985
0.026201
0.025784
0.0252506
0.0246219
0.0239343
0.0232502
0.0226152
0.0220207
0.0214409
0.020841
0.0202288
0.0196327
0.0190845
0.0186152
0.0182616
0.0180562
0.0290313
0.0286226
0.0281325
0.0275791
0.0270699
0.0266055
0.0261768
0.025768
0.0253647
0.0249478
0.0244875
0.0239262
0.023242
0.022486
0.0217603
0.0210656
0.0203937
0.0197451
0.019135
0.0185885
0.018129
0.0177893
0.017599
0.028067
0.0280532
0.0280545
0.0280126
0.0278553
0.0276033
0.027238
0.0267518
0.0261522
0.0254606
0.0247213
0.0239621
0.0231761
0.0223482
0.0215028
0.0206748
0.0198985
0.0191911
0.0185593
0.018015
0.0175675
0.0172446
0.017073
0.0305731
0.0300218
0.0293884
0.0287881
0.0282266
0.0276708
0.027117
0.0265513
0.0259651
0.0253108
0.0245771
0.023771
0.022914
0.0220107
0.021082
0.0201737
0.0193279
0.018573
0.0179241
0.0173873
0.0169596
0.0166595
0.016509
0.0304127
0.030288
0.0301298
0.0298427
0.0294303
0.028881
0.0281901
0.0273738
0.0264674
0.0255086
0.0245201
0.0235153
0.0225052
0.0214972
0.0205044
0.0195514
0.0186725
0.0178976
0.0172466
0.0167262
0.0163269
0.0160537
0.0159249
0.0328036
0.032101
0.0313378
0.0306067
0.0298533
0.0290886
0.0282804
0.0274077
0.0264429
0.0253799
0.02424
0.0230641
0.0218983
0.0207819
0.0197351
0.018768
0.0179002
0.0171503
0.0165307
0.0160467
0.0156873
0.0154444
0.0153349
0.0335894
0.0332045
0.0327061
0.0320591
0.0312307
0.0302311
0.0290821
0.0278304
0.0265147
0.0251601
0.0237878
0.0224272
0.0211205
0.0199086
0.0188202
0.0178602
0.0170338
0.016343
0.0157863
0.0153618
0.0150583
0.0148528
0.0147611
0.0361764
0.0351304
0.0340911
0.0329948
0.0318516
0.0306216
0.0292901
0.0278483
0.0263157
0.0247328
0.0231481
0.0216197
0.0201986
0.0189241
0.0178196
0.0168884
0.0161252
0.0155145
0.0150392
0.0146873
0.0144512
0.0142889
0.0142159
0.0378119
0.0369059
0.0359002
0.0347008
0.0332627
0.0316242
0.0298375
0.0279563
0.0260324
0.0241231
0.0222888
0.0205883
0.0190716
0.0177692
0.0166893
0.0158267
0.015163
0.0146639
0.0142912
0.0140238
0.0138595
0.0137438
0.0136939
0.0409097
0.0392509
0.0375883
0.035761
0.0338198
0.0317409
0.0295425
0.0272788
0.0250284
0.0228735
0.0208852
0.0191216
0.0176155
0.0163795
0.0154031
0.0146694
0.0141485
0.0137916
0.0135421
0.013372
0.0132813
0.0132148
0.0131899
0.0433097
0.0415456
0.0395784
0.0373255
0.0347907
0.0320986
0.0293427
0.0266091
0.023988
0.0215688
0.0194271
0.0176108
0.0161334
0.0149824
0.0141279
0.0135354
0.0131614
0.0129465
0.0128207
0.0127492
0.0127294
0.0127121
0.0127105
0.0467073
0.0440414
0.0412067
0.0382237
0.0351078
0.031874
0.0285996
0.0254216
0.0224686
0.0198495
0.0176331
0.0158482
0.0144773
0.0134787
0.0127997
0.0123838
0.0121751
0.0121102
0.0121162
0.0121505
0.012205
0.0122418
0.0122652
0.0500488
0.0467591
0.0430735
0.0390383
0.0348477
0.0307061
0.026772
0.0231814
0.020043
0.0174117
0.015304
0.0137046
0.0125651
0.01182
0.0113906
0.0111995
0.0111813
0.0112781
0.0114251
0.0115726
0.0117076
0.011806
0.0118578
0.0535297
0.0486955
0.0437559
0.038748
0.0337198
0.0288406
0.0243678
0.0204705
0.0172372
0.0146869
0.0127861
0.0114622
0.0106246
0.0101783
0.0100243
0.0100707
0.0102439
0.0104939
0.0107721
0.0110266
0.0112401
0.0114015
0.0114829
0.0565891
0.0506046
0.0442741
0.0378709
0.0317514
0.0261562
0.0212959
0.0172569
0.0140723
0.0117202
0.0101176
0.0091436
0.00866478
0.00855381
0.00869524
0.0089888
0.00935645
0.00975577
0.0101565
0.0105109
0.0107993
0.011022
0.0111324
0.0596963
0.0511302
0.0429212
0.0351429
0.0280553
0.021965
0.0170069
0.0131487
0.0103166
0.00840256
0.00726411
0.00674398
0.00668421
0.00694221
0.00739707
0.00794702
0.00851528
0.00906646
0.00958381
0.0100311
0.0103892
0.0106665
0.0108034
0.0604809
0.0502572
0.0402563
0.0311229
0.0232468
0.0168596
0.0119399
0.00839239
0.006069
0.00475451
0.00422018
0.00425602
0.00467806
0.00533891
0.00612465
0.00694105
0.00771914
0.00842888
0.00906197
0.00959718
0.0100202
0.0103426
0.0105024
0.0607896
0.0462646
0.0343537
0.0243819
0.0163543
0.0102533
0.00586363
0.00299241
0.00142556
0.000879713
0.00106749
0.00173873
0.00269102
0.00378006
0.00490649
0.00599167
0.00698126
0.0078505
0.00859773
0.00921683
0.00970007
0.0100604
0.010241
0.0552226
0.0393108
0.0263505
0.015904
0.00810661
0.00262591
-0.000908793
-0.00280139
-0.00340004
-0.00305878
-0.00208858
-0.000751316
0.000747973
0.00227211
0.00373949
0.00509044
0.00628863
0.00731625
0.00817869
0.00888214
0.00942457
0.00982234
0.0100253
0.0458921
0.0269895
0.0141943
0.00446115
-0.00229145
-0.0065958
-0.0088209
-0.00936508
-0.00871096
-0.00728213
-0.00540926
-0.00334006
-0.00125647
0.000725266
0.00254912
0.00417554
0.00558881
0.00678295
0.00777042
0.00856691
0.00917535
0.00961839
0.00984957
0.0248518
0.0105427
-0.00121313
-0.00952183
-0.0147352
-0.0174066
-0.0179196
-0.0168258
-0.0147074
-0.0120279
-0.00913015
-0.00624028
-0.00350608
-0.00101413
0.00121004
0.0031484
0.00480748
0.00619436
0.00733047
0.00823943
0.0089289
0.00943142
0.0096992
0.0013067
-0.00768864
-0.0165931
-0.0232156
-0.0269906
-0.0280285
-0.0268466
-0.0241526
-0.0206017
-0.0166956
-0.0127823
-0.00907236
-0.0056836
-0.00267666
-5.13729e-05
0.00220139
0.00410413
0.00567887
0.00695792
0.0079729
0.00873673
0.00928842
0.009586
-0.0243248
-0.0309221
-0.0351853
-0.0380746
-0.0386464
-0.0368728
-0.033423
-0.0289997
-0.0241617
-0.0193068
-0.0146958
-0.0104731
-0.00670712
-0.00342156
-0.000592333
0.0018113
0.00382277
0.00547519
0.00680913
0.00786076
0.00864614
0.00920213
0.00950238
-0.0495599
-0.0566688
-0.0558949
-0.053063
-0.048572
-0.0430088
-0.036937
-0.0308059
-0.0249228
-0.0194698
-0.0145445
-0.0101809
-0.00637662
-0.00310596
-0.000317291
0.00203404
0.00398914
0.00558723
0.00687248
0.00788156
0.00862988
0.00914493
0.00942067
-0.0724272
-0.07639
-0.0707165
-0.0641631
-0.0559294
-0.0474855
-0.0393693
-0.0318688
-0.0251269
-0.0191773
-0.0140033
-0.0095532
-0.00575468
-0.00253696
0.000170447
0.00242684
0.00428592
0.00579434
0.00700008
0.00794142
0.00863281
0.00909451
0.00933703
-0.0953274
-0.0922989
-0.0809083
-0.0715369
-0.060984
-0.0509305
-0.0415769
-0.0331564
-0.0257571
-0.0193587
-0.0139003
-0.00929279
-0.00542347
-0.00218699
0.000498609
0.00270535
0.00450283
0.00594695
0.00709069
0.00797618
0.00861908
0.00903739
0.00925169
-0.117293
-0.107117
-0.0907403
-0.0783482
-0.0654086
-0.0539245
-0.0435562
-0.0344427
-0.0265627
-0.019823
-0.0141289
-0.0093666
-0.00540443
-0.00211481
0.000595152
0.00279915
0.00457822
0.00599511
0.00710752
0.00796166
0.00857602
0.00896977
0.00916727
-0.137887
-0.120716
-0.0999198
-0.0842536
-0.0689122
-0.0561208
-0.0448867
-0.0352665
-0.0270828
-0.020146
-0.0143279
-0.00948448
-0.00547272
-0.00215556
0.000570434
0.00277696
0.00455228
0.00596076
0.00706195
0.00790369
0.00850712
0.00889337
0.00908547
-0.15526
-0.131682
-0.10764
-0.0891213
-0.0717918
-0.0577125
-0.0456165
-0.0355479
-0.0271449
-0.020111
-0.0142768
-0.00944684
-0.00545709
-0.0021641
0.00054042
0.00272764
0.00449026
0.00589
0.00698544
0.00782296
0.00842489
0.00881356
0.00900764
)
;

boundaryField
{
    outlet
    {
        type            fixedValue;
        value           uniform 0;
    }
    upperWall
    {
        type            symmetryPlane;
    }
    lowerWall
    {
        type            symmetryPlane;
    }
    inlet
    {
        type            zeroGradient;
    }
    cylinder
    {
        type            zeroGradient;
    }
    frontAndBack
    {
        type            empty;
    }
}


// ************************************************************************* //
