/*--------------------------------*- C++ -*----------------------------------*\
| =========                 |                                                 |
| \\      /  F ield         | OpenFOAM: The Open Source CFD Toolbox           |
|  \\    /   O peration     | Version:  2312                                  |
|   \\  /    A nd           | Website:  www.openfoam.com                      |
|    \\/     M anipulation  |                                                 |
\*---------------------------------------------------------------------------*/
FoamFile
{
    version     2.0;
    format      ascii;
    arch        "LSB;label=32;scalar=64";
    class       volScalarField;
    location    "164.3";
    object      p;
}
// * * * * * * * * * * * * * * * * * * * * * * * * * * * * * * * * * * * * * //

dimensions      [0 2 -2 0 0 0 0];

internalField   nonuniform List<scalar> 
5478
(
-0.603724
-0.598734
-0.591547
-0.585057
-0.580929
-0.578007
-0.572757
-0.561435
-0.541436
-0.512433
-0.476253
-0.43503
-0.391668
-0.344425
-0.296426
-0.616839
-0.611395
-0.604186
-0.595836
-0.58599
-0.572947
-0.555346
-0.53235
-0.504057
-0.471468
-0.435729
-0.398199
-0.359431
-0.320123
-0.282948
-0.635814
-0.629016
-0.619809
-0.607335
-0.589084
-0.56516
-0.537103
-0.50628
-0.473617
-0.439679
-0.405035
-0.370006
-0.335167
-0.300765
-0.266923
-0.660298
-0.650176
-0.637653
-0.617903
-0.589271
-0.555314
-0.519548
-0.483713
-0.448396
-0.413802
-0.379921
-0.346959
-0.314959
-0.284137
-0.255163
-0.690711
-0.674656
-0.656712
-0.626392
-0.586547
-0.544064
-0.502641
-0.463407
-0.426456
-0.391515
-0.3584
-0.326886
-0.296876
-0.268543
-0.24119
-0.725058
-0.702126
-0.673845
-0.63046
-0.580087
-0.530718
-0.485072
-0.443432
-0.405324
-0.370256
-0.337747
-0.307478
-0.279238
-0.252783
-0.227586
-0.756633
-0.728483
-0.685159
-0.627618
-0.568151
-0.513345
-0.464518
-0.421158
-0.382409
-0.347483
-0.315763
-0.286781
-0.260198
-0.235728
-0.212421
-0.779409
-0.746462
-0.686006
-0.615436
-0.548556
-0.48962
-0.438656
-0.394365
-0.355544
-0.321236
-0.290645
-0.2632
-0.23851
-0.216069
-0.195384
-0.520633
-0.52218
-0.527818
-0.540541
-0.55958
-0.583904
-0.611764
-0.640592
-0.667705
-0.682412
-0.684654
-0.670492
-0.637369
-0.588812
-0.526631
-0.554485
-0.554475
-0.561101
-0.577064
-0.599751
-0.62891
-0.662443
-0.696712
-0.733389
-0.753999
-0.760455
-0.746527
-0.706915
-0.646429
-0.565091
-0.578967
-0.576707
-0.582733
-0.597645
-0.620431
-0.64989
-0.683974
-0.719482
-0.751988
-0.776212
-0.783373
-0.766791
-0.720358
-0.649542
-0.555844
-0.592831
-0.588039
-0.591273
-0.602662
-0.62184
-0.647688
-0.678284
-0.710719
-0.740561
-0.761937
-0.766217
-0.745302
-0.693577
-0.617327
-0.520646
-0.597806
-0.591084
-0.590474
-0.596435
-0.609677
-0.629756
-0.655022
-0.682531
-0.708161
-0.72411
-0.721505
-0.694214
-0.6379
-0.563587
-0.47396
-0.597562
-0.590209
-0.586036
-0.586353
-0.593293
-0.607448
-0.627535
-0.650028
-0.668282
-0.674428
-0.661056
-0.625116
-0.566707
-0.497825
-0.421795
-0.596144
-0.589324
-0.582781
-0.578907
-0.581112
-0.590658
-0.605298
-0.619523
-0.626455
-0.619248
-0.594432
-0.552189
-0.496639
-0.437345
-0.374114
-0.597349
-0.591331
-0.583982
-0.578161
-0.57733
-0.581884
-0.588239
-0.590625
-0.583463
-0.563211
-0.52999
-0.485863
-0.436241
-0.384741
-0.332388
-0.43543
-0.361539
-0.361598
-0.359306
-0.274033
-0.203619
-0.166073
-0.161486
-0.180904
-0.201478
-0.181675
-0.166421
-0.155352
-0.139453
-0.110009
-0.111692
-0.131974
-0.15104
-0.126761
-0.109057
-0.121205
-0.152047
-0.124201
-0.117133
-0.141922
-0.18148
-0.18353
-0.178969
-0.0980926
-0.0527354
-0.0395412
-0.0263507
-0.0151562
-0.00773981
-0.00599859
-0.0042381
-0.00225001
-0.000735658
-0.441182
-0.314651
-0.265311
-0.236526
-0.185098
-0.162317
-0.157358
-0.169777
-0.208851
-0.245788
-0.213811
-0.177284
-0.156813
-0.14131
-0.117265
-0.118444
-0.137436
-0.155103
-0.123677
-0.101102
-0.106691
-0.133733
-0.122943
-0.122948
-0.159377
-0.198918
-0.168589
-0.15185
-0.099031
-0.0591636
-0.0398649
-0.0243021
-0.014947
-0.00814972
-0.0060591
-0.00415384
-0.00224624
-0.000742852
-0.411258
-0.263408
-0.176524
-0.117618
-0.0879462
-0.112323
-0.143158
-0.171251
-0.22526
-0.274872
-0.241716
-0.185718
-0.155945
-0.140255
-0.124793
-0.124639
-0.142222
-0.157524
-0.119992
-0.0922759
-0.0931627
-0.11498
-0.119113
-0.125748
-0.174721
-0.210543
-0.151107
-0.121889
-0.0969219
-0.0642467
-0.039601
-0.0220542
-0.0146259
-0.00854451
-0.00610847
-0.00406164
-0.00224015
-0.000750091
-0.378048
-0.232671
-0.130046
-0.0613377
-0.0339809
-0.0734584
-0.128198
-0.158786
-0.217508
-0.278744
-0.255284
-0.1911
-0.153709
-0.135372
-0.129928
-0.128237
-0.146198
-0.159557
-0.117279
-0.0832314
-0.0815038
-0.0972616
-0.112769
-0.124996
-0.186561
-0.215781
-0.133796
-0.0918298
-0.0917234
-0.0678144
-0.0389306
-0.0197559
-0.0142089
-0.00910587
-0.00615084
-0.0039679
-0.00223131
-0.000756886
-0.346878
-0.225591
-0.125206
-0.0543158
-0.0182727
-0.0437569
-0.117396
-0.138445
-0.188937
-0.262694
-0.256047
-0.191752
-0.150038
-0.128284
-0.131665
-0.128538
-0.149804
-0.161061
-0.114377
-0.0743353
-0.0720475
-0.0814215
-0.104702
-0.120446
-0.19433
-0.216375
-0.119234
-0.0631364
-0.0842221
-0.0687171
-0.0378792
-0.0175351
-0.0137123
-0.00944307
-0.00618162
-0.0038768
-0.00221917
-0.000762599
-0.316494
-0.22471
-0.136119
-0.0678689
-0.0166046
-0.00868597
-0.0917154
-0.108123
-0.151078
-0.23142
-0.234521
-0.183099
-0.143481
-0.119658
-0.128594
-0.125558
-0.152263
-0.163507
-0.11383
-0.0664401
-0.0645111
-0.0677527
-0.0948212
-0.112591
-0.197324
-0.213476
-0.109102
-0.0387916
-0.0754263
-0.0674675
-0.0366133
-0.015529
-0.0131602
-0.0106255
-0.00620516
-0.00379405
-0.00220491
-0.000766732
-0.293881
-0.219709
-0.14014
-0.0740158
-0.0188728
0.010267
-0.0372115
-0.0693836
-0.119848
-0.201834
-0.219149
-0.17669
-0.13942
-0.111636
-0.11985
-0.120257
-0.153896
-0.163347
-0.110935
-0.0602367
-0.0591364
-0.0569943
-0.0828588
-0.101051
-0.195898
-0.206939
-0.100785
-0.0265816
-0.0655223
-0.063624
-0.0349877
-0.013845
-0.0125828
-0.0105539
-0.00619607
-0.00371786
-0.00218559
-0.000768097
-0.28304
-0.226577
-0.158896
-0.0947982
-0.0413105
0.00464358
0.0112594
-0.0280327
-0.0818425
-0.160415
-0.180155
-0.154371
-0.131382
-0.10321
-0.105706
-0.111921
-0.151942
-0.166312
-0.11169
-0.0552756
-0.0549934
-0.0464744
-0.0701993
-0.0859598
-0.190374
-0.199606
-0.0975293
-0.00984535
-0.0546556
-0.0587518
-0.0335642
-0.0124118
-0.0119242
-0.0103894
-0.00618929
-0.00366225
-0.00216962
-0.000767314
-0.248613
-0.210205
-0.141971
-0.0771438
-0.0202772
0.0437972
0.0917273
0.0396903
-0.047317
-0.129668
-0.14812
-0.12432
-0.108494
-0.088066
-0.0874523
-0.104849
-0.137916
-0.15437
-0.106829
-0.0504238
-0.0500728
-0.0442271
-0.0593665
-0.0773144
-0.174964
-0.182653
-0.0946472
-0.00554317
-0.0446883
-0.0512839
-0.0308861
-0.0114177
-0.0111737
-0.0100111
-0.00607731
-0.00358007
-0.00213171
-0.000756729
-0.188805
-0.160903
-0.106216
-0.052534
-0.00352152
0.0553412
0.0858824
0.0529448
-0.016198
-0.0766175
-0.0893338
-0.082178
-0.079181
-0.0630804
-0.0616633
-0.0906344
-0.127299
-0.14376
-0.0964508
-0.0406906
-0.0362886
-0.0315209
-0.0416659
-0.0603366
-0.150887
-0.16519
-0.0759359
0.00730122
-0.0328215
-0.0447866
-0.0271448
-0.00975816
-0.0101909
-0.0094431
-0.0058611
-0.003454
-0.00206436
-0.000736512
-0.148214
-0.132385
-0.0930632
-0.0488178
-0.00699224
0.0413383
0.0685651
0.0523379
0.00654332
-0.0353871
-0.0520723
-0.0534112
-0.0557421
-0.0437289
-0.0349691
-0.0547
-0.0901646
-0.101684
-0.0723058
-0.0328858
-0.0263557
-0.0234062
-0.0245272
-0.0378266
-0.115659
-0.12504
-0.044688
0.0122666
-0.0206268
-0.031621
-0.0223826
-0.00854032
-0.00931656
-0.00867056
-0.0055707
-0.00334988
-0.00200575
-0.000708834
-0.115391
-0.105515
-0.0765169
-0.0414881
-0.00887071
0.0226232
0.0445543
0.0399523
0.0125644
-0.0146185
-0.0258884
-0.0285758
-0.0298471
-0.0198538
-0.00807579
-0.0193371
-0.0471072
-0.0500378
-0.0438
-0.0323917
-0.0217243
-0.0130983
-0.00544235
-0.0167913
-0.0746887
-0.0738451
-0.0107025
0.0229487
-0.00686985
-0.0415697
-0.0182964
-0.0080592
-0.00846696
-0.00774565
-0.00521862
-0.00326948
-0.00194008
-0.000671298
-0.0896262
-0.0838542
-0.0644999
-0.0394403
-0.016048
0.00645177
0.0231737
0.0245081
0.0116729
-0.0032468
-0.0115868
-0.0144193
-0.0156153
-0.00881315
0.00807845
0.014641
0.00479309
-0.00596121
-0.0176793
-0.0274796
-0.0168206
-0.00836366
0.00636982
0.000496944
-0.0342193
-0.0244449
0.0191622
0.0250665
0.00795162
-0.0194354
-0.0126477
-0.00784072
-0.00754466
-0.00656402
-0.00478848
-0.00320011
-0.00187338
-0.000624991
-0.0699917
-0.066852
-0.0541096
-0.0362977
-0.0187469
-0.00332637
0.00841882
0.0123615
0.00785808
9.178e-05
-0.00336527
-0.00397898
-0.00184794
0.00401914
0.017621
0.0250792
0.0158799
0.00984094
-0.00111198
-0.0148169
-0.00652737
-0.000952717
0.0129602
0.00543137
-0.00940766
0.00358216
0.0348677
0.0282067
0.0198458
-0.0046317
-0.00722352
-0.0073096
-0.0063776
-0.00538143
-0.00432047
-0.00310832
-0.00179074
-0.000575065
-0.0540384
-0.0526751
-0.0448649
-0.0329903
-0.0208426
-0.0097665
-0.000922978
0.00377135
0.004042
0.00163642
0.000517709
0.000988142
0.00274721
0.00741806
0.0192019
0.0266067
0.0206
0.0149436
0.00805744
-0.00194078
-0.000358418
0.00236734
0.0155692
0.013631
0.00300141
0.0126465
0.0342639
0.0258509
0.0250878
0.00429725
-0.00353967
-0.0061959
-0.00515362
-0.00439637
-0.00384384
-0.0029212
-0.00166578
-0.000522177
-0.0413019
-0.0412672
-0.036649
-0.0288603
-0.0203149
-0.0123811
-0.00585263
-0.00133387
0.000893282
0.00111921
0.00170277
0.00339535
0.00666749
0.0109407
0.0184551
0.0236213
0.0200528
0.0154961
0.0112542
0.00538086
0.00675035
0.00697033
0.015703
0.0141191
0.00661128
0.014158
0.0276399
0.0242134
0.023494
0.00689298
-0.00144051
-0.00449299
-0.00399914
-0.00365301
-0.00334069
-0.00260612
-0.00149421
-0.000470329
-0.0316471
-0.0321177
-0.0292944
-0.0242092
-0.0184303
-0.0127754
-0.0078571
-0.00381853
-0.00106206
0.000647847
0.00232404
0.00435051
0.00700227
0.0100932
0.0149435
0.0190112
0.0175235
0.0145945
0.0119982
0.00872634
0.00831443
0.00840682
0.0140708
0.0149059
0.0101762
0.0142128
0.0218476
0.0215563
0.0202312
0.0085154
0.000524661
-0.00263198
-0.00293757
-0.002932
-0.00276016
-0.00219069
-0.00127928
-0.000406571
-0.0236634
-0.024444
-0.0229451
-0.0196715
-0.0156701
-0.0116248
-0.00791483
-0.00465298
-0.00196701
0.000149949
0.00205886
0.00407595
0.00658769
0.00945266
0.0125469
0.015355
0.0150608
0.0133153
0.0118717
0.0102382
0.0110015
0.0105468
0.013058
0.0141838
0.0116317
0.0136428
0.0177406
0.0188536
0.0172415
0.00904153
0.00226742
-0.00103472
-0.00199053
-0.002225
-0.0021633
-0.00176178
-0.00106298
-0.000345044
-0.0172405
-0.0181408
-0.017369
-0.0152811
-0.0125556
-0.00973042
-0.00699631
-0.00443157
-0.00208792
-6.18561e-05
0.00183846
0.00380666
0.00592275
0.00818584
0.0102166
0.0121866
0.0126566
0.0118979
0.0111827
0.0102647
0.00993822
0.0103207
0.0118832
0.0131392
0.0120743
0.0129974
0.0148597
0.0157278
0.0147131
0.009179
0.00367747
0.000397853
-0.0010141
-0.00149607
-0.00156223
-0.00131595
-0.000818557
-0.000267576
-0.012087
-0.0129277
-0.0125765
-0.0112755
-0.00944856
-0.00747795
-0.00547337
-0.00352563
-0.00164618
0.000103372
0.00175618
0.00344092
0.00514044
0.00696703
0.00854499
0.00996423
0.0107269
0.0106185
0.0103878
0.0100873
0.0102235
0.0105379
0.0113288
0.0121519
0.01173
0.0121681
0.0130311
0.0134206
0.0125649
0.00888245
0.00463544
0.00162143
-8.02376e-05
-0.000807214
-0.00100795
-0.000900954
-0.000583703
-0.00019498
-0.00787033
-0.00863307
-0.00854116
-0.00773432
-0.00650714
-0.00514882
-0.00373117
-0.00230582
-0.000874254
0.000519638
0.00185163
0.00322711
0.00460272
0.00604164
0.00729497
0.00836683
0.00916904
0.00947587
0.00958465
0.00960485
0.00981609
0.0100051
0.0104972
0.0111286
0.0110379
0.0112132
0.0114512
0.011413
0.0106968
0.00831009
0.00517738
0.0025678
0.000786403
-0.000156831
-0.000506249
-0.000521104
-0.000355562
-0.000120537
-0.00447627
-0.0051173
-0.00514375
-0.00465142
-0.00385025
-0.00294338
-0.00197425
-0.000953529
0.000108092
0.00116327
0.00218206
0.00323949
0.00432126
0.00542828
0.00643332
0.00730324
0.008052
0.00852847
0.0088173
0.00903017
0.00934436
0.0095945
0.00989782
0.0102473
0.0102288
0.0102606
0.0102731
0.0100338
0.00932361
0.00767528
0.00542934
0.00328036
0.00158058
0.000484641
-2.79611e-05
-0.000171589
-0.000137327
-4.15719e-05
-0.00170272
-0.00222118
-0.00231654
-0.00204047
-0.00153578
-0.000940918
-0.00029309
0.000408022
0.00115613
0.0019192
0.00266907
0.00344903
0.00426837
0.00510759
0.00589841
0.00659885
0.00723533
0.00774791
0.00812483
0.00841249
0.00871963
0.0089483
0.0091477
0.00938277
0.00938465
0.00933329
0.00918359
0.00883161
0.0082054
0.00700955
0.00538342
0.00369623
0.00219898
0.00107176
0.000405052
0.000120251
3.62627e-05
1.93832e-05
0.000547738
0.000131607
7.34755e-06
0.000147532
0.000450253
0.000820844
0.00123209
0.0016916
0.00219943
0.00272979
0.00325748
0.00380556
0.00439939
0.00502115
0.00561765
0.0061711
0.00669586
0.00715668
0.00752714
0.00781977
0.00810663
0.00832508
0.00847388
0.00860942
0.00858948
0.00849326
0.00830897
0.00794213
0.00737182
0.00645257
0.00525237
0.00394045
0.00266612
0.00159491
0.00082973
0.000402482
0.000197798
7.95358e-05
0.00235421
0.00203181
0.00190325
0.00195377
0.00211458
0.00232512
0.00256758
0.00285156
0.00317627
0.00352203
0.00387274
0.00424404
0.00465796
0.0050985
0.00553243
0.0059401
0.00634238
0.00671998
0.00703896
0.00730107
0.00754362
0.00772836
0.00783476
0.00790733
0.00787708
0.00775352
0.00753801
0.00718029
0.00668049
0.00595955
0.00503309
0.00399859
0.00294657
0.00198838
0.00120563
0.000662202
0.000333085
0.0001196
0.00379772
0.00354971
0.00342478
0.00341682
0.00348154
0.0035814
0.00370487
0.00386163
0.00404993
0.00425781
0.00447257
0.00470703
0.00497558
0.00526944
0.00556513
0.00585158
0.00614125
0.00642142
0.00666758
0.00687278
0.00705743
0.00719617
0.00727004
0.00730053
0.00725015
0.00711633
0.00690432
0.00658008
0.00613683
0.00554696
0.00481308
0.00398703
0.00311649
0.00227187
0.00151865
0.000908879
0.00047026
0.000159664
0.00493264
0.00474162
0.00462475
0.00458013
0.00458049
0.00460468
0.00464542
0.00471247
0.00480216
0.00490947
0.00502231
0.00515346
0.00530988
0.0054887
0.0056726
0.00585539
0.00604589
0.00623319
0.0064022
0.00654249
0.00666794
0.00675615
0.0067948
0.00679068
0.00672454
0.00658978
0.00638018
0.00608501
0.00569383
0.00519935
0.00459907
0.00391625
0.00318379
0.00244374
0.00174271
0.00111658
0.000599665
0.000195212
0.00580211
0.00565272
0.00554418
0.00547678
0.00543528
0.00540933
0.00539482
0.00539981
0.00542043
0.00545548
0.00549547
0.00555074
0.00562387
0.00571489
0.00581187
0.00591148
0.00601995
0.00612744
0.00622614
0.00630532
0.00637391
0.00641388
0.00641709
0.00638463
0.00630103
0.00616304
0.00596066
0.0056915
0.0053436
0.0049155
0.00440753
0.00382851
0.00320007
0.00254543
0.00189555
0.00127646
0.000714582
0.000230598
0.0064401
0.00631939
0.00621791
0.00613686
0.00606935
0.00601123
0.00596153
0.00592481
0.00589946
0.00588432
0.00587492
0.00587649
0.00589087
0.00591781
0.00595082
0.00598815
0.00603212
0.00607758
0.00611772
0.00614658
0.0061659
0.00616516
0.00613654
0.00607839
0.00598025
0.00583753
0.00564198
0.00539023
0.00507506
0.00469446
0.00424838
0.00374085
0.00318455
0.00259315
0.00198612
0.00138348
0.00080205
0.000260239
0.00686484
0.00676217
0.00666598
0.0065777
0.00649555
0.00641908
0.00634865
0.00628669
0.00623252
0.00618602
0.00614522
0.00611267
0.00608873
0.0060736
0.00606404
0.00605922
0.0060589
0.00606047
0.00605928
0.00605102
0.00603436
0.00600286
0.00594966
0.00587198
0.00576164
0.00561393
0.00542197
0.00518162
0.0048881
0.00453754
0.00413113
0.00366932
0.00315901
0.00261124
0.00203497
0.00144673
0.00085873
0.000281723
0.00708061
0.00698699
0.00689401
0.00680309
0.00671478
0.00663034
0.00655057
0.00647668
0.00640858
0.0063467
0.00629051
0.00624097
0.00619771
0.00616114
0.0061296
0.00610287
0.0060791
0.00605723
0.00603368
0.00600527
0.00596872
0.00592008
0.00585322
0.00576403
0.00564675
0.0054954
0.00530519
0.00507032
0.00478756
0.00445296
0.00406583
0.00362733
0.00314029
0.00261468
0.00205538
0.00147537
0.000885735
0.000292732
-0.169355
-0.180871
-0.192714
-0.202342
-0.213547
-0.218415
-0.227363
-0.231953
-0.140246
-0.146679
-0.153243
-0.158507
-0.163048
-0.1661
-0.169482
-0.17779
-0.113608
-0.117088
-0.119841
-0.123297
-0.126613
-0.131243
-0.134144
-0.140611
-0.0925435
-0.0941361
-0.0954476
-0.0984741
-0.100732
-0.103752
-0.104956
-0.109219
-0.0741709
-0.0749706
-0.0755
-0.0772593
-0.0781115
-0.0796517
-0.0806522
-0.0844371
-0.0592425
-0.0592982
-0.0591814
-0.0599627
-0.0603911
-0.0615928
-0.0626997
-0.0658782
-0.0466934
-0.0463634
-0.0460141
-0.0463935
-0.0467472
-0.0476473
-0.0485169
-0.0508744
-0.0364619
-0.0359801
-0.035541
-0.0356509
-0.0358307
-0.0363457
-0.0368898
-0.0386138
-0.0280195
-0.0274854
-0.0269851
-0.0268507
-0.0268377
-0.027117
-0.0276644
-0.029256
-0.0210105
-0.020497
-0.0200105
-0.0197966
-0.0197793
-0.0200434
-0.0205767
-0.0218019
-0.0152562
-0.0148359
-0.0144365
-0.014226
-0.0141887
-0.0143462
-0.0147317
-0.0156865
-0.0105159
-0.0101938
-0.00987029
-0.00966312
-0.00960099
-0.00970763
-0.0100384
-0.010824
-0.00660655
-0.00638094
-0.0061439
-0.00598229
-0.00593366
-0.00601117
-0.00626383
-0.00687077
-0.00338424
-0.00324724
-0.0030914
-0.00297607
-0.00293683
-0.00299484
-0.00320144
-0.00368582
-0.000736688
-0.000676855
-0.000594319
-0.000530706
-0.000518095
-0.000576415
-0.000742074
-0.0011064
0.00140735
0.00140819
0.00143277
0.00145396
0.00144751
0.00139662
0.00126999
0.000998347
0.00313896
0.00310102
0.00308526
0.00307431
0.00304963
0.00299649
0.00289132
0.00268766
0.00452081
0.0044574
0.0044129
0.00437666
0.0043357
0.00427901
0.00419077
0.0040403
0.00560803
0.00552952
0.00546692
0.00541344
0.00536074
0.00530062
0.00522344
0.00510961
0.00644248
0.00635626
0.00628279
0.00621805
0.00615696
0.00609392
0.00602343
0.00593403
0.00705199
0.00696392
0.00688535
0.00681456
0.00674843
0.00668373
0.00661722
0.00654319
0.00745072
0.00736576
0.00728709
0.00721434
0.00714598
0.00708046
0.00701611
0.00695066
0.00764578
0.00756771
0.00749228
0.00742001
0.00735083
0.00728462
0.00722074
0.00715858
0.00552141
0.00750232
0.00839431
0.00754987
0.00447741
-0.000835368
-0.00851442
-0.0191855
-0.033982
-0.0545193
-0.0830309
-0.122658
-0.178448
-0.25391
-0.32489
-0.0218281
-0.0227284
-0.0265171
-0.0323823
-0.0401269
-0.0500893
-0.0629066
-0.0795174
-0.101203
-0.129682
-0.167313
-0.217255
-0.284742
-0.373798
-0.451268
-0.0477365
-0.0522076
-0.0607095
-0.0712307
-0.0833466
-0.0977529
-0.115456
-0.137568
-0.165462
-0.200969
-0.24664
-0.305688
-0.382446
-0.483791
-0.559653
-0.0744923
-0.0825387
-0.0947104
-0.10874
-0.124481
-0.142893
-0.165055
-0.192078
-0.225375
-0.266855
-0.319174
-0.385921
-0.470036
-0.57599
-0.64816
-0.102007
-0.113341
-0.128142
-0.144656
-0.163262
-0.185068
-0.211059
-0.242217
-0.279882
-0.326123
-0.383425
-0.455607
-0.544421
-0.648703
-0.715163
-0.128301
-0.142757
-0.159698
-0.17829
-0.199399
-0.224073
-0.253128
-0.287496
-0.328358
-0.377963
-0.438735
-0.513687
-0.603219
-0.702
-0.760091
-0.152811
-0.169899
-0.18858
-0.20908
-0.2325
-0.259553
-0.290945
-0.327616
-0.370808
-0.422303
-0.484391
-0.559164
-0.64599
-0.73556
-0.784047
-0.17527
-0.194027
-0.214469
-0.23715
-0.262711
-0.291724
-0.324848
-0.362979
-0.407276
-0.459194
-0.520605
-0.592706
-0.673358
-0.749988
-0.789645
0.183425
0.197904
0.214219
0.232752
0.253504
0.27634
0.301164
0.327934
0.356568
0.386799
0.418023
0.449035
0.477803
0.500255
0.518569
0.175403
0.188499
0.20365
0.221233
0.241025
0.262711
0.286148
0.311296
0.338066
0.366135
0.394809
0.42277
0.447816
0.465906
0.479922
0.163174
0.174154
0.187561
0.203644
0.221842
0.241604
0.262693
0.28504
0.308507
0.332685
0.356745
0.379201
0.397576
0.407939
0.414696
0.146739
0.155069
0.166275
0.180288
0.196174
0.213188
0.231023
0.249559
0.268554
0.287434
0.305156
0.319989
0.329079
0.328417
0.325496
0.126252
0.131707
0.140628
0.152345
0.165378
0.17882
0.192393
0.205998
0.219316
0.231593
0.241519
0.247059
0.244944
0.230898
0.21544
0.101959
0.103954
0.110405
0.119716
0.129683
0.139225
0.148068
0.156093
0.162878
0.167489
0.16838
0.163222
0.148308
0.119099
0.0889477
0.0746476
0.0737731
0.0778554
0.0840108
0.0899479
0.0948243
0.0984579
0.10057
0.100453
0.0969111
0.0881405
0.0715136
0.0429347
-0.00217425
-0.047589
0.0425583
0.0407441
0.0440068
0.0470865
0.0484698
0.0480421
0.0458848
0.0415812
0.0341457
0.0221073
0.00340131
-0.0249207
-0.0674154
-0.128343
-0.188065
0.0254352
0.0298535
0.0261779
0.0301037
0.0276806
0.0319574
0.0302073
0.0345877
0.0339372
0.0384395
0.0391575
0.0439597
0.0464752
0.0520396
0.0567495
0.0639999
0.0713024
0.0811903
0.0920646
0.105915
0.121667
0.141071
0.163288
0.0253759
0.029755
0.0261171
0.0299833
0.0276019
0.0318073
0.030102
0.0343744
0.0337708
0.0381919
0.0388669
0.0436119
0.0460602
0.0515562
0.056083
0.0631906
0.0701147
0.0797889
0.0900342
0.103425
0.118095
0.136585
0.157138
0.0253266
0.029631
0.0260743
0.0298339
0.0275491
0.0316254
0.0300226
0.0341252
0.0336387
0.0378981
0.0386082
0.0431963
0.0456289
0.0508258
0.0553371
0.0622437
0.0687429
0.0781538
0.0875226
0.100254
0.113397
0.130396
0.148089
0.0252864
0.0294837
0.0260465
0.0296594
0.0275179
0.031417
0.0299796
0.0338507
0.0335307
0.0375833
0.0383731
0.0428151
0.045264
0.0503763
0.0546831
0.0614017
0.0673289
0.0764232
0.0846155
0.0964414
0.10742
0.122278
0.135959
0.0252556
0.0293168
0.0260354
0.0294644
0.0275054
0.0311847
0.0299464
0.0335563
0.0334425
0.0372351
0.0381503
0.04234
0.0447771
0.0494731
0.053856
0.060157
0.0655483
0.0740127
0.0810383
0.0916201
0.100174
0.112155
0.120563
0.0252264
0.0291328
0.0260295
0.0292546
0.0275045
0.0309378
0.0299454
0.0332763
0.03337
0.0369117
0.0379848
0.0420332
0.04455
0.0491976
0.0532206
0.0592538
0.0639845
0.0718878
0.0772892
0.0863765
0.0915332
0.10026
0.102439
0.0252078
0.0289344
0.0260313
0.0290373
0.0275127
0.0306816
0.0299261
0.032968
0.0332966
0.0365311
0.037759
0.0414935
0.0440097
0.0481515
0.0521836
0.0574704
0.0618029
0.0685146
0.0727774
0.0797717
0.0821106
0.0858672
0.0814714
0.0251851
0.0287294
0.0260343
0.028822
0.0275236
0.030446
0.0299665
0.0327505
0.0332519
0.0363064
0.0377107
0.0414024
0.0438804
0.0480916
0.0517228
0.0567266
0.0602573
0.0661927
0.0681918
0.0730066
0.0703648
0.070506
0.0568402
0.0251594
0.0284579
0.0260461
0.028515
0.0275282
0.0300551
0.0298997
0.0322709
0.033082
0.0356776
0.0372758
0.040472
0.042824
0.0462252
0.0496506
0.053124
0.0562442
0.0594166
0.0602779
0.0607091
0.0552399
0.0461133
0.0252091
0.0251349
0.028088
0.026065
0.0280995
0.027503
0.0294934
0.0297611
0.0315452
0.0326914
0.0346223
0.0363478
0.0388071
0.0410493
0.0435436
0.0463651
0.0482682
0.0502641
0.0508357
0.0500556
0.0461674
0.0392858
0.027116
0.0107411
0.025128
0.027639
0.0260993
0.0276024
0.0274942
0.0288448
0.0295889
0.0307784
0.0321904
0.0335707
0.0353175
0.0371334
0.0390679
0.0406834
0.0426644
0.0433013
0.0439237
0.042606
0.0400298
0.0342162
0.0262604
0.0142138
-0.00113022
0.0251391
0.0271008
0.0261517
0.0270395
0.0274462
0.0282226
0.029295
0.0300298
0.0315312
0.0324642
0.0340962
0.0352904
0.0368028
0.0376666
0.0386098
0.0382742
0.0374887
0.0348046
0.0308493
0.0241809
0.0157309
0.00436048
-0.00959047
0.0251716
0.0264655
0.0261759
0.0265186
0.0272813
0.0276443
0.0288735
0.0292601
0.0306899
0.0313139
0.0326376
0.0333313
0.0342592
0.0345113
0.0343929
0.0332339
0.0313188
0.0276701
0.0229085
0.0160648
0.0078244
-0.00253912
-0.0149775
0.0252195
0.0258071
0.0260886
0.0260413
0.0270213
0.0270736
0.0283128
0.0284723
0.0296738
0.0300789
0.0309803
0.0312291
0.0315572
0.031237
0.0302116
0.0283376
0.0256632
0.0215101
0.0164425
0.00986243
0.00222121
-0.00699489
-0.0178142
0.0252342
0.0251701
0.0258887
0.0255971
0.0266459
0.0265059
0.0276097
0.027648
0.028503
0.0287358
0.0291752
0.028998
0.028788
0.0279237
0.0262187
0.0238365
0.0207438
0.0164646
0.0114284
0.00536789
-0.00143435
-0.00936621
-0.0184856
0.0251933
0.0245712
0.0255796
0.0251715
0.0261473
0.0259267
0.0267787
0.0267597
0.0272245
0.0272762
0.0272763
0.0266913
0.0260331
0.0247155
0.0225602
0.0198974
0.0166512
0.0125176
0.00777768
0.00239056
-0.00343747
-0.0100404
-0.0175354
0.0250707
0.0240313
0.0251503
0.0247507
0.0255336
0.0253199
0.025853
0.025782
0.0258792
0.0257181
0.025335
0.0243899
0.0233795
0.021741
0.0193545
0.0166041
0.0134117
0.00960749
0.00535262
0.000717023
-0.00413669
-0.00949571
-0.0155375
0.0248487
0.0235607
0.0246032
0.0243156
0.024828
0.0246485
0.0248698
0.0247073
0.024494
0.0241011
0.0234068
0.0221852
0.0209188
0.019104
0.0166641
0.0139829
0.0110001
0.00762822
0.0039499
7.02587e-05
-0.00388797
-0.00815668
-0.0129517
0.0245159
0.0231578
0.0239597
0.0238399
0.0240735
0.0238926
0.0238529
0.0235542
0.0230912
0.0224737
0.0215491
0.0201533
0.0187299
0.0168636
0.0145059
0.0120101
0.00933358
0.00643342
0.00334527
0.000171336
-0.00300169
-0.00635898
-0.0101255
0.0240699
0.0228068
0.0232564
0.0232569
0.0232966
0.023064
0.0228166
0.0223611
0.0217021
0.0208995
0.0198209
0.0183502
0.0168629
0.0150468
0.0128619
0.0106202
0.00829544
0.00586134
0.00332649
0.00077465
-0.00173603
-0.00435413
-0.00729226
0.0235199
0.022477
0.0225568
0.0225505
0.0224907
0.0221856
0.021773
0.0211693
0.0203674
0.0194355
0.0182731
0.0168055
0.0153344
0.0136384
0.0116814
0.00972564
0.00775724
0.00575264
0.00370509
0.00167724
-0.000292503
-0.00232339
-0.00460365
0.0228892
0.0221153
0.0219066
0.0217729
0.021641
0.0212632
0.0207325
0.0200193
0.0191263
0.0181222
0.0169366
0.01553
0.0141332
0.0125995
0.0108976
0.00923097
0.00759406
0.00596507
0.00432918
0.00273027
0.0011916
-0.000381472
-0.00214656
0.0222059
0.0216453
0.0212956
0.0210228
0.0207702
0.0203178
0.0197113
0.0189344
0.0180042
0.0169807
0.0158207
0.0145139
0.0132311
0.0118795
0.0104331
0.00903793
0.00769345
0.00638108
0.0050837
0.00382953
0.00263049
0.0014137
5.227e-05
0.0215032
0.0210905
0.0206967
0.0203043
0.0199145
0.0193904
0.0187352
0.0179328
0.0170087
0.0160122
0.0149194
0.0137384
0.0125921
0.011423
0.0102117
0.00905802
0.00796137
0.00690647
0.00587805
0.00489367
0.00395815
0.003016
0.00196888
0.0208052
0.0204798
0.0200767
0.0196092
0.019108
0.0185205
0.0178339
0.0170347
0.0161476
0.015212
0.0142162
0.0131753
0.0121744
0.0111779
0.010172
0.00922265
0.00832704
0.00747308
0.0066503
0.00587118
0.00513687
0.00440511
0.00360399
0.0201283
0.0198491
0.019444
0.0189388
0.0183707
0.0177377
0.0170357
0.0162566
0.0154222
0.0145634
0.0136774
0.0127789
0.0119229
0.011086
0.010256
0.00947414
0.00873634
0.0080346
0.00736444
0.00673668
0.00615155
0.00557954
0.00496856
0.0194874
0.0192317
0.0188272
0.0183084
0.0177117
0.0170587
0.0163576
0.0156104
0.0148365
0.0140596
0.0132819
0.0125137
0.0117855
0.0110807
0.0103909
0.00974032
0.00912652
0.00854479
0.0079935
0.00748079
0.00700788
0.00655519
0.00608731
0.0189027
0.0186598
0.0182591
0.0177409
0.0171406
0.0164892
0.0158046
0.0150976
0.0143858
0.0136871
0.0130046
0.0123433
0.0117179
0.0111175
0.0105368
0.00998939
0.00947403
0.00898798
0.00853016
0.00810597
0.00771665
0.00735095
0.00698707
0.0184018
0.0181683
0.0177747
0.0172653
0.0166757
0.0160391
0.0153787
0.0147111
0.0140527
0.0134172
0.0128075
0.0122253
0.0116775
0.0111577
0.0106625
0.0101981
0.00976365
0.00935656
0.00897446
0.00861852
0.00829018
0.00798559
0.00769523
0.0180194
0.0177914
0.0174066
0.0169098
0.0163366
0.0157202
0.015086
0.0144537
0.0138381
0.013249
0.0126892
0.0121602
0.0116652
0.011201
0.0107641
0.0103554
0.0099738
0.00961818
0.00928722
0.00898083
0.00869909
0.0084407
0.00820198
0.0178106
0.0175885
0.0172067
0.0167125
0.0161448
0.0155367
0.0149143
0.0142974
0.0137015
0.0131363
0.0126065
0.0121127
0.0116537
0.0112259
0.0108249
0.0104494
0.0100998
0.00977639
0.00947939
0.00920866
0.00896393
0.00874453
0.00854962
0.00184386
-0.0236528
-0.0487829
-0.0715921
-0.0944682
-0.116493
-0.137159
-0.154667
-0.00727371
-0.0303628
-0.0560816
-0.0758632
-0.0917892
-0.106717
-0.120409
-0.131553
-0.0163285
-0.0348119
-0.0555687
-0.0705179
-0.0807355
-0.0906875
-0.09998
-0.107916
-0.0231586
-0.037945
-0.0529834
-0.064211
-0.0716321
-0.0785663
-0.0845663
-0.0896026
-0.0271443
-0.0387634
-0.0487447
-0.0562196
-0.0613373
-0.0658884
-0.0694901
-0.0725395
-0.0283848
-0.037223
-0.0434149
-0.0479918
-0.0515
-0.0546133
-0.0568993
-0.0586307
-0.0273856
-0.0339741
-0.0375441
-0.0400611
-0.0423263
-0.044408
-0.0458154
-0.0466698
-0.0248524
-0.0297184
-0.0315764
-0.0327103
-0.0340477
-0.0354179
-0.0363053
-0.0366898
-0.0214361
-0.0250151
-0.0258197
-0.0260824
-0.0267564
-0.0276278
-0.0282012
-0.0283442
-0.0176354
-0.0202651
-0.020463
-0.0202158
-0.0204364
-0.0209514
-0.0213198
-0.0213459
-0.0138015
-0.0157335
-0.0156108
-0.0151019
-0.0150331
-0.0152996
-0.0155384
-0.0155313
-0.0101509
-0.01157
-0.0113027
-0.0106965
-0.0104644
-0.010566
-0.0107195
-0.010715
-0.00680665
-0.00784803
-0.00753994
-0.0069325
-0.00662315
-0.00662381
-0.0067225
-0.00673284
-0.00383108
-0.00459215
-0.00429622
-0.00373921
-0.00340629
-0.00334896
-0.00341468
-0.00344518
-0.00122691
-0.00178155
-0.00152374
-0.00104812
-0.00073415
-0.000649551
-0.000693363
-0.0007415
0.00100961
0.000610192
0.00081885
0.00119879
0.00146385
0.00154652
0.00150951
0.00144539
0.00289368
0.00260882
0.00276625
0.00305094
0.00325425
0.0033175
0.00327842
0.00320381
0.00444895
0.00424742
0.00435787
0.00455702
0.00469747
0.00473266
0.00468522
0.00460244
0.00570884
0.00556452
0.00563309
0.00575921
0.00584194
0.00584685
0.00578825
0.00569915
0.00670728
0.00659666
0.00662547
0.00668947
0.00672201
0.00669921
0.00663025
0.00653764
0.00748
0.00738177
0.007368
0.00737532
0.00736299
0.00731591
0.00723905
0.00714648
0.00802588
0.00792641
0.00787081
0.00782768
0.0077767
0.00770979
0.00762863
0.00753993
0.0083961
0.00827653
0.00816567
0.00806599
0.00797535
0.0078901
0.00780731
0.00772587
-0.347364
-0.354829
-0.364221
-0.376379
-0.392983
-0.415088
-0.440469
-0.463389
-0.34867
-0.354142
-0.3609
-0.370128
-0.383169
-0.400007
-0.419687
-0.438295
-0.347563
-0.351897
-0.356453
-0.362918
-0.372761
-0.385286
-0.397168
-0.404212
-0.344248
-0.347417
-0.349916
-0.353224
-0.358053
-0.363145
-0.365402
-0.361602
-0.336733
-0.338992
-0.33917
-0.338449
-0.337307
-0.334993
-0.329623
-0.318855
-0.324334
-0.325338
-0.322986
-0.318431
-0.312527
-0.305192
-0.295093
-0.280283
-0.30699
-0.306646
-0.302219
-0.295055
-0.286404
-0.276324
-0.26361
-0.246594
-0.28605
-0.284708
-0.279003
-0.270581
-0.260769
-0.249406
-0.235396
-0.217322
-0.263655
-0.261729
-0.255412
-0.246708
-0.23659
-0.224738
-0.210212
-0.191809
-0.241894
-0.239451
-0.232895
-0.224363
-0.214231
-0.202336
-0.187732
-0.169492
-0.222268
-0.218815
-0.212199
-0.203809
-0.193771
-0.182057
-0.167655
-0.149916
-0.204943
-0.200227
-0.193507
-0.185021
-0.175129
-0.163667
-0.149734
-0.132715
-0.190168
-0.183708
-0.1766
-0.167727
-0.1581
-0.146929
-0.133739
-0.117621
-0.176506
-0.168683
-0.160898
-0.151883
-0.142594
-0.131748
-0.119383
-0.104313
-0.164147
-0.155105
-0.146334
-0.137624
-0.128157
-0.117646
-0.106019
-0.0923576
-0.482115
-0.44469
-0.412295
-0.386302
-0.36648
-0.352374
-0.34428
-0.342923
-0.483977
-0.446205
-0.41342
-0.387387
-0.367976
-0.35445
-0.346758
-0.345247
-0.48697
-0.446514
-0.411831
-0.385008
-0.365741
-0.352539
-0.345226
-0.344143
-0.494602
-0.448966
-0.41033
-0.381152
-0.361198
-0.347553
-0.340415
-0.340138
-0.506497
-0.453293
-0.40862
-0.375207
-0.354091
-0.338846
-0.331635
-0.332585
-0.521418
-0.458156
-0.405555
-0.36744
-0.342253
-0.325673
-0.31856
-0.32023
-0.537474
-0.461738
-0.399488
-0.355579
-0.326362
-0.30802
-0.301066
-0.303271
-0.551846
-0.462059
-0.389405
-0.338949
-0.306011
-0.286306
-0.279911
-0.282743
-0.560898
-0.456985
-0.374326
-0.317831
-0.28183
-0.261633
-0.256588
-0.260459
-0.564671
-0.44668
-0.354534
-0.292951
-0.256151
-0.236511
-0.233346
-0.23859
-0.558214
-0.429863
-0.331466
-0.265222
-0.228378
-0.212439
-0.213002
-0.21963
-0.540214
-0.406728
-0.307411
-0.24829
-0.211188
-0.195931
-0.19752
-0.203921
-0.511367
-0.380029
-0.280266
-0.217963
-0.189007
-0.182299
-0.187674
-0.192526
-0.474834
-0.354308
-0.267268
-0.214473
-0.185684
-0.178365
-0.183165
-0.184104
-0.433841
-0.324547
-0.242738
-0.205469
-0.188517
-0.185042
-0.185097
-0.177913
-0.385919
-0.31769
-0.255836
-0.216269
-0.199179
-0.194168
-0.187301
-0.172405
-0.383188
-0.386846
-0.364217
-0.318735
-0.274849
-0.236692
-0.206038
-0.173353
-0.431196
-0.465144
-0.463225
-0.421576
-0.367602
-0.306362
-0.24496
-0.195163
-0.436245
-0.472006
-0.47252
-0.431377
-0.377485
-0.314438
-0.25635
-0.203223
-0.329839
-0.359285
-0.367368
-0.343478
-0.309532
-0.268597
-0.234115
-0.196709
-0.230641
-0.245841
-0.249425
-0.241066
-0.227615
-0.208535
-0.193628
-0.174907
-0.170411
-0.172098
-0.170749
-0.167805
-0.165069
-0.15861
-0.153242
-0.145062
-0.152742
-0.146768
-0.14124
-0.135255
-0.130494
-0.125168
-0.122045
-0.118948
-0.151606
-0.131001
-0.121104
-0.117421
-0.113847
-0.108823
-0.105687
-0.105232
-0.155764
-0.120766
-0.101117
-0.0959719
-0.0985526
-0.0988991
-0.092861
-0.0823818
-0.149615
-0.121483
-0.101818
-0.0938624
-0.0992471
-0.10993
-0.119992
-0.116938
-0.154256
-0.141902
-0.130996
-0.124781
-0.129581
-0.140052
-0.147923
-0.150531
-0.151144
-0.146319
-0.140533
-0.135909
-0.133811
-0.135289
-0.137931
-0.144846
-0.135238
-0.130478
-0.125025
-0.119466
-0.115903
-0.114619
-0.111285
-0.112733
-0.103694
-0.0983242
-0.0942604
-0.0914029
-0.0914653
-0.0930316
-0.0943733
-0.0971616
-0.104948
-0.0984725
-0.0930731
-0.0892752
-0.0887307
-0.0890441
-0.0901561
-0.0876511
-0.125524
-0.118227
-0.111363
-0.104746
-0.103428
-0.0949743
-0.0954709
-0.0878077
-0.144867
-0.13646
-0.127009
-0.117506
-0.108406
-0.0993257
-0.0915829
-0.0825244
-0.128894
-0.129054
-0.126993
-0.122375
-0.115523
-0.106584
-0.0961642
-0.0843921
-0.116035
-0.121262
-0.124218
-0.124277
-0.120809
-0.113768
-0.101997
-0.0872281
-0.13605
-0.150475
-0.163638
-0.174392
-0.181664
-0.183973
-0.181413
-0.173021
-0.168673
-0.18276
-0.193788
-0.201986
-0.206302
-0.207519
-0.203558
-0.200319
-0.122707
-0.119354
-0.115268
-0.11233
-0.109985
-0.109272
-0.106718
-0.106538
-0.108842
-0.0991975
-0.0887506
-0.0783073
-0.0684096
-0.0597975
-0.0524677
-0.0466379
-0.123219
-0.104094
-0.0855693
-0.0689832
-0.0552011
-0.0447319
-0.0381725
-0.035137
-0.159912
-0.135488
-0.109585
-0.0840016
-0.0603809
-0.0397391
-0.021128
-0.00478071
-0.194383
-0.2004
-0.20183
-0.198335
-0.19022
-0.1777
-0.161507
-0.142802
-0.201401
-0.21812
-0.228295
-0.231371
-0.227059
-0.216806
-0.202046
-0.185442
-0.0946908
-0.0896056
-0.0841356
-0.0793225
-0.0748823
-0.0714054
-0.0672235
-0.0648858
-0.0458584
-0.0385846
-0.0308348
-0.023288
-0.0163181
-0.0105884
-0.00629218
-0.00309997
-0.0385457
-0.0369433
-0.0348037
-0.0322444
-0.0294064
-0.0264513
-0.0233909
-0.0200874
-0.0280593
-0.0293107
-0.0299842
-0.0300577
-0.0295107
-0.0284425
-0.0269071
-0.0249941
-0.0152434
-0.0152118
-0.0150964
-0.0149215
-0.0146767
-0.0144029
-0.0140364
-0.0137345
-0.00731196
-0.00689576
-0.00652363
-0.00621523
-0.0059851
-0.00584794
-0.00579036
-0.00582139
-0.0059244
-0.00583759
-0.00574168
-0.00563856
-0.00553142
-0.00542371
-0.00531999
-0.00522058
-0.0043069
-0.00435531
-0.00437881
-0.00437391
-0.00434274
-0.00432231
-0.00424451
-0.00424924
-0.00225069
-0.0022483
-0.0022442
-0.00223664
-0.00222617
-0.00221476
-0.00219666
-0.00218384
-0.000728571
-0.000721519
-0.00071548
-0.00070928
-0.000703296
-0.000697864
-0.000691759
-0.000687666
-0.163894
-0.133986
-0.108143
-0.0871707
-0.0653114
-0.0478753
-0.0341824
-0.0224662
-0.0131848
-0.00641181
-0.000620856
0.00373944
0.00712621
0.00976476
0.0117801
0.0133081
0.014457
0.0152994
0.0159091
0.0163356
0.0166159
0.0167841
0.0168613
-0.173535
-0.142802
-0.119645
-0.0956569
-0.0732813
-0.0549192
-0.0395244
-0.0266828
-0.0166976
-0.00887709
-0.00252129
0.00221927
0.00599175
0.00890044
0.0111128
0.0127963
0.0140594
0.0149873
0.015658
0.0161266
0.0164346
0.0166196
0.0167049
-0.174898
-0.142662
-0.118661
-0.0949891
-0.0736702
-0.0558109
-0.0403997
-0.0278019
-0.0177646
-0.00969093
-0.00332198
0.00157168
0.00542848
0.00841333
0.0106965
0.0124432
0.0137565
0.0147276
0.0154316
0.0159256
0.0162519
0.016449
0.0165408
-0.173852
-0.13485
-0.110933
-0.0872464
-0.0676401
-0.0513452
-0.0371778
-0.0257296
-0.0163739
-0.00884771
-0.00291143
0.00176498
0.00544879
0.00831507
0.0105363
0.0122507
0.0135524
0.0145243
0.0152339
0.0157358
0.0160703
0.0162744
0.0163704
-0.166174
-0.123704
-0.101344
-0.0768838
-0.0590105
-0.0442731
-0.0315068
-0.021511
-0.0132958
-0.00674791
-0.00154778
0.0026174
0.00592772
0.00854828
0.0106036
0.0122103
0.0134478
0.0143822
0.0150715
0.0155637
0.0158947
0.0160984
0.0161952
-0.146989
-0.10866
-0.0895265
-0.0639907
-0.0494975
-0.0357794
-0.0247027
-0.0162649
-0.00937976
-0.00396024
0.000371471
0.00388424
0.00671261
0.0090077
0.0108327
0.0122855
0.0134225
0.0142914
0.0149396
0.0154066
0.0157241
0.0159213
0.0160157
-0.120836
-0.0895276
-0.0747295
-0.0503492
-0.0386697
-0.0257294
-0.0169291
-0.0102978
-0.0049371
-0.000810556
0.00253962
0.00532068
0.00763067
0.00956425
0.0111388
0.0124188
0.0134371
0.0142272
0.0148244
0.0152588
0.0155562
0.0157423
0.015832
-0.0991874
-0.0755185
-0.0615499
-0.0384898
-0.0283129
-0.0154423
-0.00892363
-0.00392531
-0.000181605
0.00255433
0.00485813
0.00684674
0.0085991
0.0101397
0.011452
0.0125555
0.013451
0.0141605
0.0147046
0.015105
0.0153827
0.0155581
0.0156433
-0.0878537
-0.065213
-0.0471234
-0.0239136
-0.0144458
-0.00302919
0.000340297
0.00334972
0.00499783
0.00613716
0.00726776
0.00842071
0.00959211
0.0107226
0.0117614
0.0126829
0.0134557
0.0140862
0.0145792
0.0149475
0.0152052
0.0153694
0.0154498
-0.071983
-0.0523387
-0.0280779
-0.00695599
0.00420967
0.0120747
0.0117068
0.0117254
0.0106602
0.0100218
0.00986223
0.01011
0.0106524
0.0113581
0.0121106
0.0128379
0.0134795
0.0140228
0.0144578
0.0147891
0.0150246
0.0151762
0.0152511
-0.0940882
-0.0678258
-0.0174782
0.0086978
0.0258679
0.0276119
0.023997
0.0201535
0.0162945
0.0138166
0.0124135
0.011805
0.0117623
0.0120581
0.012518
0.0130366
0.0135381
0.0139844
0.0143534
0.0146403
0.0148466
0.0149808
0.0150473
-0.126881
-0.101418
-0.0241579
0.0272091
0.0497507
0.0418065
0.0341098
0.026799
0.0208936
0.0170548
0.014681
0.0133241
0.0128128
0.0127489
0.0129467
0.0132647
0.0136231
0.0139632
0.014257
0.0144929
0.0146664
0.0147805
0.0148376
-0.129244
-0.106373
-0.0321012
0.025728
0.0493429
0.0476263
0.0387494
0.0299533
0.0231828
0.0188591
0.016103
0.0144992
0.0137071
0.0133618
0.0133356
0.0134762
0.0137
0.0139388
0.0141592
0.0143428
0.0144815
0.0145744
0.0146214
-0.105295
-0.0869451
-0.0438103
-0.0031115
0.0199366
0.0290542
0.0293743
0.0260324
0.0221724
0.0189664
0.016647
0.0151757
0.0143559
0.0138826
0.0136943
0.0136808
0.0137763
0.0139157
0.0140605
0.0141901
0.014292
0.0143621
0.014398
-0.0960065
-0.0844562
-0.0624397
-0.0361231
-0.0108723
0.00621797
0.0145019
0.0178056
0.01839
0.0176694
0.0166545
0.0155971
0.0148686
0.0143389
0.0140324
0.0138926
0.0138672
0.0139056
0.0139701
0.0140399
0.0141001
0.0141439
0.0141667
-0.0912933
-0.0865397
-0.0710781
-0.0461886
-0.0214413
-0.00336957
0.00645
0.01222
0.0148609
0.0159677
0.0161507
0.015685
0.0152336
0.0147305
0.0143529
0.0141029
0.0139636
0.0139011
0.0138838
0.0138909
0.0139052
0.0139191
0.0139267
-0.0953081
-0.0758542
-0.060422
-0.0363815
-0.016961
-0.000899062
0.00718052
0.0131394
0.0149794
0.0161703
0.0161847
0.0158852
0.0155061
0.0150164
0.0146045
0.0142697
0.0140323
0.0138769
0.013781
0.0137264
0.0136968
0.0136822
0.0136753
-0.074514
-0.056745
-0.0408723
-0.0191729
-0.00883165
0.00524243
0.0100109
0.0157684
0.0163582
0.0174207
0.0168855
0.0164532
0.0158542
0.0152733
0.0147822
0.0143717
0.0140545
0.013822
0.0136588
0.0135489
0.0134763
0.013433
0.0134113
-0.069667
-0.0464769
-0.0260175
-0.00352189
0.00787406
0.0163219
0.0183599
0.0200737
0.0188017
0.0186622
0.0175795
0.0169602
0.0162006
0.0155499
0.0149602
0.0144649
0.0140633
0.0137524
0.0135206
0.0133541
0.0132397
0.0131678
0.0131314
-0.0795853
-0.0589236
-0.0315957
-0.00636036
0.0138934
0.0197452
0.0228981
0.0223635
0.0205447
0.019293
0.0179357
0.0170885
0.0162767
0.0156509
0.0150305
0.0144948
0.014032
0.0136557
0.0133621
0.0131426
0.0129863
0.0128857
0.012834
-0.156031
-0.133296
-0.09243
-0.0464812
-0.000373744
0.0161105
0.0231622
0.0201522
0.0198891
0.0187075
0.0176922
0.0169387
0.0161936
0.0155613
0.0149555
0.0144063
0.0139103
0.0134917
0.0131516
0.0128906
0.0127015
0.0125775
0.0125135
-0.183274
-0.170171
-0.124378
-0.0682683
-0.0170643
0.00418349
0.0140934
0.0156486
0.0170996
0.0172618
0.0170596
0.0166507
0.0160824
0.0154806
0.0148687
0.014278
0.0137445
0.0132834
0.0129028
0.0126058
0.0123867
0.0122416
0.0121665
-0.0998425
-0.085013
-0.058213
-0.031446
-0.012237
-0.00270728
0.00500431
0.0109163
0.014
0.0154028
0.0159989
0.0160679
0.015733
0.0152467
0.0146665
0.0140668
0.0135123
0.0130174
0.0126062
0.0122804
0.0120371
0.0118743
0.0117893
-0.0400215
-0.0260603
-0.0120692
-0.00473394
-0.00410616
-0.00319526
0.00349697
0.0109973
0.0140075
0.0157834
0.0160934
0.0161475
0.0156232
0.0150885
0.0144175
0.0137827
0.0131939
0.0126759
0.012244
0.0118985
0.0116409
0.011467
0.0113762
-0.0323401
-0.0171672
-0.00591091
0.00335246
0.00760119
0.0116772
0.0129003
0.0157976
0.0171002
0.0180635
0.017255
0.0168861
0.0158379
0.0150528
0.0141725
0.0134562
0.0128057
0.0122649
0.0118171
0.0114634
0.0111974
0.0110172
0.0109227
0.00210288
0.0135312
0.0217628
0.0308742
0.033914
0.0348104
0.0313175
0.027762
0.0241675
0.0217415
0.0193263
0.0176093
0.0160154
0.0148688
0.0138029
0.012997
0.0123077
0.0117563
0.0113074
0.0109572
0.0106951
0.0105173
0.0104238
-0.119818
-0.0850485
-0.0461541
-0.00718491
0.0250473
0.0398242
0.0411987
0.0335535
0.0281001
0.0231223
0.0197462
0.0173782
0.0155818
0.0142545
0.0131768
0.0123465
0.0116759
0.0111409
0.0107153
0.0103823
0.0101333
0.00996386
0.00987451
-0.159039
-0.137012
-0.0919064
-0.0481498
-0.00751756
0.0144351
0.0218126
0.0213204
0.0205488
0.018847
0.0170777
0.0154422
0.0140761
0.0130072
0.0121252
0.0114245
0.0108514
0.0103853
0.010014
0.00972203
0.00950275
0.00935179
0.00927164
-0.0589443
-0.0447921
-0.0260364
-0.00854809
0.00549238
0.0133741
0.0147665
0.0143191
0.014264
0.0141035
0.013623
0.0129593
0.0121323
0.0114536
0.0108197
0.0103104
0.00987146
0.00951075
0.0092151
0.00897973
0.00880091
0.00867643
0.00860998
-0.0031735
-0.00115906
-0.00096793
-0.000431587
0.00122605
0.0035375
0.00526215
0.00707114
0.00832438
0.00921325
0.00965744
0.00987086
0.0097532
0.00956328
0.0092693
0.00900005
0.00874044
0.00851575
0.00832121
0.00816064
0.00803254
0.00794098
0.00789081
-0.0171467
-0.0135294
-0.0100328
-0.0063201
-0.0027794
0.000111482
0.00199903
0.00296128
0.0039446
0.0049087
0.00576709
0.00649367
0.00696316
0.00729077
0.00741934
0.00747364
0.00744753
0.00739488
0.00732495
0.00725497
0.0071913
0.00714096
0.00711183
-0.0222568
-0.018965
-0.0148191
-0.0114123
-0.0071446
-0.00454468
-0.00269321
-0.00151717
-0.000168874
0.00113356
0.0023439
0.00342332
0.00429373
0.00501089
0.00550416
0.005867
0.00607703
0.00620759
0.00626954
0.00629333
0.00629364
0.00628465
0.00627677
-0.0129471
-0.0117528
-0.0103862
-0.00902005
-0.00756387
-0.00629271
-0.00509717
-0.00386893
-0.00246872
-0.00115354
5.68246e-05
0.00116965
0.00215732
0.0030423
0.00374264
0.00430562
0.0046978
0.00498283
0.0051645
0.00528043
0.00534505
0.00537839
0.0053917
-0.00590134
-0.00587026
-0.00593004
-0.00593567
-0.00573414
-0.00526074
-0.00447599
-0.00353424
-0.0025029
-0.00156542
-0.000668756
0.000177309
0.000959263
0.00171071
0.00238195
0.0029766
0.00344513
0.00381103
0.00406793
0.00424718
0.00436163
0.0044293
0.0044611
-0.0050818
-0.00487344
-0.00466367
-0.00440559
-0.00406953
-0.00365194
-0.00314334
-0.00260279
-0.00198991
-0.00138706
-0.000770436
-0.000167037
0.000398844
0.000951601
0.00146058
0.00194852
0.00237802
0.00274347
0.00302353
0.00323028
0.0033693
0.00345606
0.00349835
-0.00408529
-0.00381844
-0.00356406
-0.00328732
-0.00300382
-0.00273226
-0.00243585
-0.00210667
-0.00168866
-0.00125139
-0.000791109
-0.000338498
8.30772e-05
0.000487912
0.000843364
0.00118883
0.00150441
0.0017947
0.00204112
0.00223715
0.00237727
0.00246877
0.00251378
-0.00214081
-0.00207082
-0.00199517
-0.00190854
-0.00180878
-0.00169288
-0.00153496
-0.00133799
-0.00108236
-0.000824776
-0.000546128
-0.000272527
-1.41263e-05
0.000239136
0.000451882
0.000656081
0.000834049
0.0010061
0.00116313
0.00129858
0.00140343
0.00147554
0.00151199
-0.000675593
-0.000656498
-0.000636994
-0.000612805
-0.000581506
-0.000540683
-0.000482767
-0.000417438
-0.000333406
-0.000257287
-0.00016724
-8.01636e-05
2.3036e-06
9.11102e-05
0.000161908
0.000233737
0.000287292
0.000340423
0.000386936
0.000429788
0.000464954
0.000490585
0.000504001
-0.0779686
-0.0627738
-0.0484439
-0.0371859
-0.0273959
-0.0194428
-0.0126535
-0.00685407
-0.00194466
0.00209109
0.00554894
0.00839118
0.0107087
0.0125844
0.0140519
0.0151793
0.0160207
0.0166335
0.0170711
0.0173725
0.0175624
0.0176656
0.0177061
-0.0887258
-0.0706947
-0.0540539
-0.041183
-0.0303713
-0.0215612
-0.014045
-0.00769533
-0.00249703
0.00172004
0.00532313
0.0082051
0.0105381
0.0124156
0.0138783
0.0150067
0.015853
0.0164749
0.0169224
0.0172338
0.0174338
0.0175471
0.0175953
-0.0990079
-0.0784625
-0.0594602
-0.0450804
-0.0333262
-0.0236938
-0.015396
-0.00850768
-0.00307962
0.00137066
0.00513303
0.0080474
0.0104087
0.0122857
0.0137375
0.0148595
0.0157039
0.0163297
0.0167836
0.0171027
0.0173111
0.0174329
0.0174876
-0.108684
-0.0861433
-0.065001
-0.0491313
-0.0365613
-0.0259825
-0.0168347
-0.0095067
-0.00387876
0.000924276
0.0048397
0.00781813
0.0102505
0.0121454
0.0136016
0.0147243
0.0155695
0.0161988
0.0166573
0.0169821
0.0171964
0.0173242
0.0173832
-0.118559
-0.0940324
-0.0709136
-0.0539879
-0.0406093
-0.0287359
-0.0186823
-0.0110259
-0.00498305
0.000300111
0.0043332
0.00745441
0.0100029
0.0119437
0.013435
0.0145767
0.0154345
0.0160726
0.0165378
0.0168682
0.0170874
0.0172196
0.0172816
-0.127247
-0.101795
-0.0768868
-0.0593405
-0.0448513
-0.031467
-0.0207694
-0.012898
-0.00613696
-0.000510592
0.00361662
0.00696606
0.00963756
0.0116522
0.0132098
0.0143924
0.0152802
0.0159377
0.0164166
0.0167562
0.0169815
0.017118
0.0171822
-0.136789
-0.10907
-0.0833343
-0.0658685
-0.0495064
-0.0347645
-0.0237092
-0.0151505
-0.00750664
-0.00173252
0.00266885
0.00629991
0.00910239
0.0112388
0.0128949
0.0141457
0.0150858
0.0157788
0.0162827
0.0166388
0.0168744
0.0170171
0.0170839
-0.148937
-0.119163
-0.0928222
-0.0743135
-0.0553822
-0.0395998
-0.027823
-0.0179823
-0.00962429
-0.00361046
0.00133994
0.00527966
0.00829369
0.0106317
0.0124348
0.013798
0.0148243
0.0155782
0.0161254
0.01651
0.0167631
0.0169156
0.0169862
0.0731358
0.051923
0.0300329
0.00737463
-0.0151085
-0.0366726
-0.0570527
-0.0761049
0.0768048
0.0533281
0.0292097
0.00413506
-0.0209967
-0.0450559
-0.0671392
-0.086858
0.0801884
0.0531495
0.0256787
-0.00219972
-0.0294801
-0.0550914
-0.0782566
-0.0990016
0.082991
0.0518099
0.020691
-0.00994339
-0.0392081
-0.0663513
-0.0908841
-0.112903
0.0844548
0.0491897
0.014469
-0.019012
-0.0505182
-0.0795102
-0.105681
-0.12903
0.0843158
0.0449184
0.00647438
-0.030141
-0.0642475
-0.0953635
-0.123189
-0.147781
0.0824015
0.038506
-0.00402706
-0.0441626
-0.0811428
-0.114468
-0.143927
-0.169566
0.0782177
0.0292204
-0.0178987
-0.0619543
-0.102047
-0.137637
-0.16857
-0.194951
0.0708532
0.016014
-0.0362497
-0.0846132
-0.12804
-0.16588
-0.19805
-0.224718
0.0589768
-0.00254565
-0.060579
-0.113605
-0.160458
-0.200577
-0.233595
-0.259846
0.0407432
-0.0284198
-0.0929794
-0.15117
-0.201581
-0.243664
-0.276727
-0.301404
0.013579
-0.0641604
-0.136072
-0.200058
-0.254172
-0.297109
-0.328665
-0.34977
-0.0267027
-0.113817
-0.192885
-0.262526
-0.318838
-0.360784
-0.388319
-0.402328
-0.0833228
-0.181471
-0.268998
-0.339502
-0.392808
-0.428726
-0.447171
-0.449461
-0.134083
-0.236432
-0.322434
-0.390267
-0.438842
-0.468406
-0.48065
-0.478139
0.187119
0.186481
0.181709
0.172827
0.159832
0.14308
0.122883
0.099146
0.202065
0.200836
0.19464
0.183701
0.168261
0.148703
0.126266
0.101262
0.218673
0.216859
0.209424
0.196767
0.179406
0.157732
0.133416
0.107304
0.237401
0.235048
0.226525
0.212261
0.193065
0.169307
0.142432
0.113699
0.258344
0.255449
0.245788
0.229704
0.20824
0.181867
0.151603
0.119115
0.281425
0.277895
0.266862
0.248567
0.224184
0.194489
0.160217
0.123275
0.306548
0.302238
0.2895
0.268558
0.240606
0.206864
0.168052
0.126159
0.333659
0.328409
0.31359
0.289529
0.257399
0.21886
0.174877
0.127444
0.362679
0.356329
0.339013
0.31128
0.274318
0.230147
0.180146
0.126375
0.393356
0.385735
0.365445
0.33335
0.29076
0.239975
0.18289
0.121765
0.42511
0.416004
0.392182
0.354864
0.30563
0.247051
0.181601
0.111899
0.456764
0.445905
0.417893
0.374309
0.31717
0.249383
0.174052
0.094312
0.48632
0.473364
0.440335
0.389161
0.3225
0.243748
0.156713
0.0651356
0.509753
0.494406
0.455706
0.395789
0.317894
0.226261
0.125677
0.0207088
0.529046
0.511354
0.467222
0.399426
0.311828
0.208348
0.0952007
-0.0213839
0.025505
0.0255841
0.0256731
0.0257706
0.0258757
0.0259851
0.0260997
0.0262172
0.0299256
0.0299715
0.0299917
0.0299881
0.0299642
0.0299225
0.0298656
0.0298003
0.0262581
0.026356
0.0264716
0.026602
0.0267422
0.0268973
0.0270516
0.0272042
0.0301926
0.0302493
0.0302759
0.0302763
0.0302546
0.0302141
0.0301622
0.0301075
0.0277829
0.0279085
0.0280618
0.0282219
0.0284018
0.0285984
0.028802
0.0290188
0.0320685
0.0321404
0.0321782
0.032186
0.0321697
0.0321437
0.0321018
0.0320922
0.0303435
0.030507
0.030702
0.0309198
0.031155
0.0314009
0.0316432
0.0318992
0.0347585
0.0348819
0.0349711
0.0350318
0.035066
0.0350902
0.035085
0.0351506
0.0341275
0.0343425
0.034588
0.0348432
0.03515
0.0354875
0.0357337
0.0361544
0.0386633
0.0388392
0.038978
0.0390983
0.0391843
0.0393199
0.0393729
0.0396309
0.0394528
0.0397701
0.0401108
0.0404707
0.0408193
0.0412321
0.0415069
0.0420324
0.0443015
0.0445798
0.044811
0.0450567
0.0451921
0.0454851
0.045535
0.0460154
0.0468675
0.0472435
0.0476197
0.048049
0.0483827
0.0489272
0.0491205
0.0498875
0.0525742
0.0530293
0.0533646
0.053868
0.0539826
0.0546736
0.0545232
0.0555389
0.0573162
0.0578377
0.0581842
0.0587475
0.0589052
0.0595298
0.0594313
0.0602322
0.0646399
0.0652073
0.0655106
0.0661111
0.0661059
0.0670025
0.0664447
0.067783
0.0721472
0.0728913
0.0732612
0.0737523
0.0735642
0.0740501
0.073275
0.0740328
0.0821946
0.0828866
0.083265
0.0837894
0.0832306
0.0837713
0.0820775
0.0830016
0.0933272
0.0942391
0.0942578
0.0943128
0.0932003
0.0927985
0.0904495
0.0898118
0.107356
0.108465
0.108231
0.107967
0.106065
0.104829
0.100767
0.0988451
0.123578
0.124336
0.123563
0.122056
0.118668
0.115006
0.109014
0.103168
0.143362
0.144005
0.142671
0.139854
0.134692
0.12823
0.118972
0.108407
0.16622
0.166328
0.163487
0.157785
0.148833
0.137098
0.122233
0.104244
0.0263539
0.0265316
0.0267441
0.0269925
0.0272815
0.0276066
0.0279187
0.0281958
0.0284112
0.028546
0.0285869
0.0285289
0.0283781
0.0281525
0.0278766
0.0275763
0.0272675
0.0269568
0.0266491
0.026353
0.0260856
0.0258714
0.0257326
0.0297005
0.0295449
0.0293278
0.0290402
0.0286754
0.0283049
0.0279753
0.0277041
0.0275118
0.0274075
0.0273873
0.0274326
0.0275078
0.0275464
0.027481
0.0273235
0.0270941
0.02682
0.0265258
0.0262323
0.0259638
0.0257492
0.0256101
0.0274013
0.0276502
0.0279344
0.0282568
0.0285708
0.0287927
0.02892
0.0289572
0.0288919
0.0287248
0.028475
0.0281754
0.0278857
0.027645
0.0274368
0.0272241
0.0269683
0.0266701
0.026353
0.0260415
0.0257609
0.0255416
0.0254068
0.0299967
0.0298244
0.0295947
0.0293242
0.0291174
0.0289764
0.0288886
0.0288374
0.0288075
0.0287773
0.0287109
0.0285518
0.0282632
0.0279
0.0275514
0.0272099
0.0268612
0.0265008
0.0261386
0.0257972
0.025497
0.0252688
0.0251401
0.0292469
0.0295089
0.0298026
0.0300774
0.0302549
0.0303566
0.0303637
0.0302651
0.0300662
0.0297841
0.0294579
0.0291092
0.0287224
0.0282763
0.0277856
0.0272804
0.0267897
0.0263267
0.0258973
0.0255142
0.0251895
0.0249495
0.0248266
0.0319712
0.0317575
0.0314617
0.0312183
0.0310194
0.0308526
0.0307103
0.030576
0.0304272
0.0302137
0.0299115
0.0295213
0.0290584
0.0285192
0.0279203
0.0272999
0.0266951
0.0261322
0.0256288
0.0251982
0.0248467
0.0245947
0.024476
0.0321586
0.0323962
0.0326403
0.0327677
0.0327889
0.0326885
0.0324539
0.0320963
0.0316456
0.0311337
0.0305749
0.0299734
0.0293315
0.0286488
0.0279355
0.0272162
0.0265218
0.025881
0.0253172
0.0248481
0.0244758
0.0242148
0.0240976
0.0350211
0.0346897
0.0343712
0.034108
0.0338664
0.0335996
0.0332927
0.0329137
0.0324316
0.0318333
0.0311301
0.0303494
0.0295242
0.0286859
0.0278507
0.0270363
0.0262676
0.0255688
0.0249631
0.0244694
0.0240866
0.0238219
0.0237023
0.03634
0.0364046
0.0364141
0.0363071
0.036043
0.0356204
0.035046
0.0343519
0.0335558
0.0326696
0.0317068
0.0306916
0.0296577
0.0286437
0.027676
0.0267691
0.0259399
0.025202
0.0245726
0.0240672
0.023685
0.0234221
0.0232981
0.0395441
0.0391239
0.0387034
0.0382148
0.0377011
0.037091
0.0363587
0.0354805
0.0344525
0.0333064
0.0320797
0.030823
0.0295891
0.0284186
0.0273386
0.026364
0.025504
0.0247591
0.0241352
0.0236389
0.0232734
0.0230185
0.0228908
0.0421465
0.0418814
0.0415157
0.0409511
0.0401437
0.0391289
0.0379605
0.0366619
0.0352589
0.0337861
0.0322829
0.0308005
0.0293887
0.0280851
0.0269129
0.0258872
0.0250125
0.0242785
0.023677
0.0232013
0.02286
0.0226153
0.0224861
0.0459595
0.0450658
0.0442721
0.0433158
0.0422185
0.0409445
0.0394688
0.037809
0.0360276
0.0341959
0.0323869
0.030664
0.0290759
0.0276516
0.0264085
0.025353
0.0244819
0.023776
0.0232098
0.022762
0.0224466
0.0222146
0.022088
0.0497924
0.0489109
0.0479149
0.0465776
0.0449094
0.0429931
0.0408941
0.0386794
0.0364236
0.0342064
0.0321051
0.0301804
0.0284642
0.0269763
0.0257201
0.024687
0.0238622
0.023218
0.0227112
0.0223089
0.0220266
0.021816
0.0216985
0.0548291
0.0531192
0.0513051
0.0492313
0.0469166
0.0443597
0.0416522
0.0389215
0.0362598
0.0337472
0.0314523
0.0294138
0.0276505
0.0261658
0.0249457
0.0239695
0.0232134
0.0226446
0.0222043
0.0218548
0.0216079
0.0214244
0.0213202
0.0594613
0.0574481
0.055156
0.0524312
0.0493407
0.046032
0.0426357
0.0392965
0.0361387
0.0332678
0.030739
0.0285757
0.0267763
0.0253148
0.0241525
0.0232502
0.022571
0.0220776
0.0217026
0.0214074
0.0211963
0.0210444
0.020956
0.0659708
0.0624921
0.0588677
0.0549599
0.0508592
0.0466856
0.0426042
0.0387538
0.0352565
0.0321859
0.0295686
0.0274021
0.0256588
0.0242917
0.0232447
0.0224598
0.0218868
0.0214845
0.0211873
0.0209564
0.0207885
0.0206759
0.0206068
0.0717108
0.0672791
0.0624732
0.0572387
0.0518893
0.0467035
0.0418856
0.037579
0.0338347
0.0306683
0.0280685
0.025994
0.024383
0.0231666
0.0222731
0.0216316
0.0211816
0.020879
0.020668
0.0205077
0.0203892
0.0203207
0.0202733
0.0783656
0.0715591
0.0648772
0.0582439
0.0518107
0.0458046
0.0404262
0.0357859
0.0319037
0.0287558
0.0262809
0.0243909
0.0229876
0.0219767
0.0212721
0.0207947
0.0204789
0.02028
0.0201569
0.0200696
0.0200043
0.0199812
0.0199568
0.0841763
0.0753534
0.0665145
0.0580698
0.0503928
0.0437245
0.0380674
0.0333547
0.0295378
0.0265563
0.0243108
0.0226784
0.0215345
0.0207644
0.0202715
0.0199711
0.0197956
0.0197025
0.019665
0.0196498
0.0196393
0.0196596
0.0196591
0.0888953
0.0765619
0.0657487
0.0560105
0.0475668
0.0405308
0.0348038
0.0302306
0.0266818
0.02403
0.0221322
0.020839
0.0200067
0.0195103
0.0192519
0.0191439
0.0191199
0.0191411
0.019192
0.0192498
0.0192963
0.0193567
0.0193813
0.0909396
0.0761293
0.063087
0.0521338
0.0432615
0.0362106
0.0306669
0.0264252
0.0233117
0.0211358
0.0197058
0.0188401
0.0183778
0.018192
0.0181928
0.018295
0.0184379
0.0185863
0.0187342
0.0188685
0.0189747
0.0190736
0.0191241
0.0888904
0.0709053
0.0574868
0.0463314
0.0375155
0.0307907
0.0257279
0.02203
0.0194967
0.0179063
0.0170361
0.0166728
0.0166354
0.0167974
0.017083
0.0174142
0.01774
0.0180301
0.018286
0.018503
0.0186723
0.0188111
0.0188886
0.0797462
0.0632356
0.0501622
0.0394677
0.0309599
0.0246628
0.0201515
0.0171007
0.0152535
0.0143349
0.0140935
0.0142943
0.0147317
0.0152823
0.0158845
0.0164705
0.017001
0.0174537
0.0178335
0.0181444
0.0183833
0.0185679
0.0186748
0.066987
0.0545387
0.0435765
0.0339981
0.0261395
0.0198957
0.0155727
0.0129404
0.0116328
0.0112769
0.0115754
0.0122756
0.0131387
0.0140388
0.014919
0.0157274
0.016435
0.0170259
0.0175076
0.0178916
0.0181808
0.0183942
0.018517
0.048949
0.0377412
0.0307151
0.0239888
0.0187272
0.0141414
0.0109453
0.00930009
0.00883818
0.00917102
0.0100128
0.011141
0.0123251
0.0134611
0.014509
0.0154368
0.0162284
0.0168769
0.017394
0.0177965
0.018092
0.018298
0.0184126
0.0266832
0.0158548
0.0121827
0.00856945
0.00687256
0.00569011
0.00533008
0.00569517
0.00661145
0.00786596
0.00930506
0.0108109
0.0122213
0.0134849
0.0145932
0.0155375
0.0163201
0.0169466
0.0174356
0.0178061
0.018069
0.0182379
0.0183251
0.00566625
-0.00318003
-0.00434028
-0.00561422
-0.00434778
-0.00232449
3.14079e-05
0.00235229
0.00460489
0.00673914
0.00873737
0.0105874
0.012218
0.0136068
0.0147634
0.0157076
0.0164631
0.0170506
0.0174979
0.0178271
0.0180503
0.0181799
0.0182385
-0.0135912
-0.0183282
-0.0157674
-0.01476
-0.0113775
-0.00768588
-0.00388456
-0.0003762
0.00279085
0.00558151
0.00803451
0.0101878
0.0120407
0.0135774
0.0148081
0.0157771
0.0165269
0.0170923
0.0175114
0.0178108
0.0180044
0.0181063
0.0181447
-0.0317998
-0.0311593
-0.0245632
-0.0209215
-0.0157146
-0.0110797
-0.00658603
-0.00246894
0.0012368
0.00445935
0.00725365
0.00965971
0.0117047
0.0133797
0.0146989
0.0157166
0.0164851
0.0170508
0.0174606
0.0177462
0.0179246
0.0180131
0.0180418
-0.0492869
-0.0431045
-0.0331329
-0.0266829
-0.019688
-0.0140226
-0.00883737
-0.00420845
-8.3767e-05
0.00345875
0.0065219
0.00912898
0.0113158
0.0130972
0.0144944
0.0155644
0.0163626
0.0169425
0.0173568
0.0176414
0.0178169
0.017904
0.017932
-0.0648289
-0.0535179
-0.0413316
-0.0321819
-0.0236583
-0.0168193
-0.0108419
-0.00565158
-0.00113313
0.00266877
0.00594604
0.00869602
0.0109696
0.0128164
0.0142639
0.0153727
0.0161977
0.0167956
0.017221
0.0175123
0.0176929
0.0177862
0.0178191
)
;

boundaryField
{
    outlet
    {
        type            fixedValue;
        value           uniform 0;
    }
    upperWall
    {
        type            symmetryPlane;
    }
    lowerWall
    {
        type            symmetryPlane;
    }
    inlet
    {
        type            zeroGradient;
    }
    cylinder
    {
        type            zeroGradient;
    }
    frontAndBack
    {
        type            empty;
    }
}


// ************************************************************************* //
