/*--------------------------------*- C++ -*----------------------------------*\
| =========                 |                                                 |
| \\      /  F ield         | OpenFOAM: The Open Source CFD Toolbox           |
|  \\    /   O peration     | Version:  2312                                  |
|   \\  /    A nd           | Website:  www.openfoam.com                      |
|    \\/     M anipulation  |                                                 |
\*---------------------------------------------------------------------------*/
FoamFile
{
    version     2.0;
    format      ascii;
    arch        "LSB;label=32;scalar=64";
    class       volScalarField;
    location    "17.5";
    object      p;
}
// * * * * * * * * * * * * * * * * * * * * * * * * * * * * * * * * * * * * * //

dimensions      [0 2 -2 0 0 0 0];

internalField   nonuniform List<scalar> 
5478
(
-0.300111
-0.297758
-0.292512
-0.286874
-0.282846
-0.281951
-0.284561
-0.289839
-0.296109
-0.301456
-0.304576
-0.303807
-0.300005
-0.290925
-0.279224
-0.307591
-0.304547
-0.299312
-0.293254
-0.287877
-0.284088
-0.282212
-0.281706
-0.281398
-0.28011
-0.276961
-0.271872
-0.264807
-0.255571
-0.245695
-0.319623
-0.314748
-0.30851
-0.301318
-0.293567
-0.28591
-0.278952
-0.272667
-0.2666
-0.260281
-0.253477
-0.245833
-0.237207
-0.227364
-0.216878
-0.335807
-0.328228
-0.320053
-0.310403
-0.298702
-0.286166
-0.274051
-0.262825
-0.252426
-0.242599
-0.23292
-0.223185
-0.213184
-0.202874
-0.193126
-0.356516
-0.345065
-0.33424
-0.320013
-0.30248
-0.284365
-0.267401
-0.252056
-0.238224
-0.225572
-0.213827
-0.202691
-0.191908
-0.18156
-0.171336
-0.38172
-0.365011
-0.349576
-0.328146
-0.303467
-0.279657
-0.258298
-0.239533
-0.223017
-0.208353
-0.195107
-0.182934
-0.17163
-0.160999
-0.150781
-0.407594
-0.386244
-0.362377
-0.331643
-0.299664
-0.270663
-0.245578
-0.224062
-0.205511
-0.189345
-0.175104
-0.162422
-0.151006
-0.140619
-0.130718
-0.428386
-0.403571
-0.368514
-0.327671
-0.289075
-0.255743
-0.227752
-0.204248
-0.184375
-0.167439
-0.152844
-0.140164
-0.129093
-0.11919
-0.110164
-0.250523
-0.258111
-0.26757
-0.281748
-0.300034
-0.321375
-0.344898
-0.369739
-0.395053
-0.42
-0.44373
-0.465374
-0.484064
-0.499033
-0.509427
-0.265779
-0.271039
-0.279414
-0.292912
-0.310805
-0.332046
-0.35576
-0.381071
-0.407114
-0.433009
-0.457861
-0.480888
-0.500951
-0.51754
-0.527884
-0.281898
-0.284056
-0.290644
-0.302565
-0.31894
-0.338798
-0.361292
-0.385559
-0.410753
-0.436151
-0.460118
-0.483512
-0.502063
-0.520341
-0.529494
-0.293714
-0.292794
-0.296963
-0.306131
-0.319666
-0.336782
-0.356706
-0.378658
-0.401675
-0.425514
-0.447506
-0.470226
-0.486797
-0.503844
-0.512856
-0.299546
-0.296304
-0.297458
-0.302656
-0.311904
-0.324934
-0.341145
-0.35997
-0.380033
-0.401511
-0.42138
-0.44281
-0.45897
-0.473537
-0.480443
-0.300367
-0.296181
-0.294307
-0.294797
-0.298687
-0.306605
-0.318454
-0.333766
-0.351653
-0.37179
-0.391294
-0.4101
-0.424599
-0.435689
-0.438804
-0.29872
-0.294937
-0.290887
-0.287392
-0.286644
-0.290247
-0.298917
-0.312151
-0.328476
-0.345456
-0.361882
-0.375599
-0.385406
-0.391401
-0.389546
-0.297551
-0.294768
-0.289672
-0.284188
-0.281094
-0.282326
-0.288435
-0.298496
-0.310758
-0.322688
-0.33319
-0.339627
-0.342215
-0.340606
-0.334679
-0.515843
-0.510397
-0.492116
-0.457562
-0.407215
-0.342018
-0.264019
-0.176476
-0.0877031
-0.00760668
0.0535048
0.0907315
0.105268
0.103673
0.0933966
0.0801041
0.0672037
0.0560022
0.0466027
0.0387907
0.0323686
0.0271063
0.0228385
0.0193439
0.0164485
0.0139924
0.011897
0.0101127
0.00859481
0.0073382
0.00621981
0.00525006
0.00435955
0.00359072
0.00284351
0.00210163
0.00131424
0.000478049
-0.538974
-0.533762
-0.516183
-0.482411
-0.432205
-0.366397
-0.287381
-0.198712
-0.108676
-0.02788
0.0342649
0.072945
0.0899302
0.0914455
0.0845356
0.0741057
0.063356
0.0536296
0.0452106
0.0380355
0.0320128
0.0269929
0.0228667
0.0194582
0.0166123
0.0141918
0.0121038
0.0103223
0.00879258
0.00751728
0.00638305
0.00538447
0.00448455
0.00368704
0.00292535
0.00215453
0.00135199
0.000479437
-0.539399
-0.538986
-0.524108
-0.49357
-0.446734
-0.38424
-0.308076
-0.222056
-0.1341
-0.0550059
0.00647405
0.0464499
0.0669185
0.0734732
0.0716303
0.0654078
0.057732
0.0501076
0.043077
0.0368044
0.0313578
0.0266975
0.0227788
0.0194866
0.0167117
0.0143371
0.0122765
0.0105058
0.00897531
0.00768004
0.00653457
0.00551365
0.00460697
0.00378199
0.00300662
0.0022078
0.00139037
0.000482139
-0.518171
-0.521889
-0.514013
-0.488352
-0.446396
-0.38932
-0.319337
-0.241012
-0.159506
-0.0842433
-0.0239882
0.0174629
0.0419754
0.0540101
0.0577102
0.056193
0.0517751
0.0463314
0.0407358
0.0353938
0.0305444
0.026272
0.0225909
0.0194423
0.0167546
0.0144374
0.0124165
0.0106644
0.00914127
0.00782739
0.00667605
0.00563796
0.00472537
0.0038757
0.00308688
0.00226184
0.00142912
0.000486744
-0.478995
-0.485445
-0.485374
-0.466291
-0.431141
-0.381415
-0.31865
-0.248014
-0.177875
-0.110935
-0.0531314
-0.0101771
0.0184994
0.0356803
0.0442499
0.0471783
0.0459576
0.0426162
0.0384131
0.0339953
0.0297377
0.025841
0.0223864
0.0193811
0.0167769
0.0145183
0.0125351
0.0108049
0.00929032
0.00796142
0.00680662
0.00575754
0.00483894
0.00396811
0.00316542
0.00231685
0.00146775
0.000493924
-0.431108
-0.437252
-0.442551
-0.429215
-0.401277
-0.360656
-0.308308
-0.247929
-0.186767
-0.130531
-0.077869
-0.0344516
-0.00239811
0.0190317
0.0319931
0.0382728
0.039964
0.0386571
0.0357819
0.0322758
0.0286643
0.0252179
0.0220576
0.0192453
0.0167551
0.0145737
0.0126354
0.0109344
0.00942985
0.00809246
0.0069301
0.00587479
0.00494808
0.00405963
0.00324188
0.00237326
0.00150588
0.000504676
-0.377281
-0.383527
-0.391608
-0.38423
-0.365287
-0.335141
-0.293815
-0.244509
-0.19179
-0.142856
-0.0958414
-0.0534845
-0.0194371
0.00473784
0.0203119
0.0294293
0.0336642
0.0345044
0.0332288
0.0306782
0.0276526
0.0245912
0.0216887
0.0190529
0.0166812
0.0145825
0.0126989
0.0110328
0.0095437
0.00820882
0.00704318
0.00598859
0.00505024
0.00414939
0.00331531
0.00243136
0.00154318
0.000520534
-0.327533
-0.335406
-0.339833
-0.335329
-0.324835
-0.306822
-0.280052
-0.245122
-0.203385
-0.160162
-0.11753
-0.078223
-0.0429126
-0.0150252
0.0048241
0.0178445
0.025316
0.0286271
0.029201
0.0281759
0.0261672
0.0237528
0.0212463
0.018857
0.0166228
0.0146171
0.0127815
0.0111532
0.00967086
0.00834562
0.00715968
0.00611133
0.00515069
0.00424064
0.00338617
0.00249232
0.00157897
0.000543784
-0.295034
-0.312464
-0.313303
-0.30601
-0.294223
-0.27768
-0.255065
-0.225678
-0.190489
-0.152524
-0.114336
-0.0785786
-0.0466854
-0.0206631
-0.00152875
0.0115503
0.0197629
0.0241822
0.025844
0.0256865
0.0243858
0.022506
0.0204029
0.0182973
0.016282
0.0144277
0.0127045
0.0111523
0.00971338
0.00843024
0.00724075
0.00622373
0.0052396
0.00431802
0.00344587
0.00254653
0.00160699
0.000568493
-0.256864
-0.27729
-0.280072
-0.272102
-0.259902
-0.244731
-0.22566
-0.201723
-0.172903
-0.140895
-0.10822
-0.0773386
-0.0494254
-0.025744
-0.0074991
0.00555767
0.0143133
0.0195213
0.0220241
0.0226799
0.0221133
0.0208371
0.0192113
0.0174604
0.0157092
0.0140416
0.012464
0.0110072
0.00964407
0.0084085
0.00726525
0.00623958
0.00526322
0.00436011
0.00348489
0.00258031
0.00162505
0.00058181
-0.222859
-0.243442
-0.247965
-0.241424
-0.230539
-0.217393
-0.201579
-0.182249
-0.15892
-0.132425
-0.104596
-0.0774181
-0.052338
-0.0304798
-0.0129705
2.27304e-05
0.00913066
0.0150029
0.0183125
0.0197461
0.019869
0.0191636
0.0179948
0.0165903
0.0151041
0.0136321
0.012204
0.0108537
0.00956883
0.00838931
0.0072798
0.00626776
0.00529638
0.00439928
0.00352106
0.0026095
0.0016402
0.000590467
-0.193492
-0.211661
-0.21711
-0.212447
-0.203209
-0.191895
-0.178637
-0.162708
-0.143566
-0.12159
-0.0980594
-0.0746438
-0.0527544
-0.0333215
-0.0171942
-0.00475
0.00436196
0.0106529
0.0146047
0.0167042
0.0174547
0.0173116
0.0166198
0.0155915
0.0143995
0.0131487
0.0118898
0.0106608
0.00946611
0.00835122
0.00727796
0.00628614
0.00531916
0.00443464
0.00355615
0.00263867
0.00165665
0.00059899
-0.16593
-0.182056
-0.188009
-0.185112
-0.177691
-0.168257
-0.15726
-0.144305
-0.128944
-0.111229
-0.0919448
-0.0722899
-0.0534054
-0.0361502
-0.0212766
-0.00930389
-0.000185798
0.006432
0.0109265
0.0136439
0.0150006
0.0154079
0.0151857
0.0145305
0.0136335
0.0126107
0.0115288
0.0104308
0.00933224
0.00828799
0.00725956
0.00629509
0.00533025
0.00446583
0.00358911
0.0026664
0.00167363
0.000607133
-0.141224
-0.155472
-0.161451
-0.15991
-0.154206
-0.146588
-0.137664
-0.127262
-0.115033
-0.100878
-0.0851602
-0.0686703
-0.0523795
-0.0371782
-0.0237627
-0.0126049
-0.00382584
0.00279633
0.00758016
0.0107459
0.0125938
0.0134809
0.0136925
0.0133986
0.0127968
0.0120105
0.011114
0.0101574
0.00916494
0.00820181
0.00722401
0.00629023
0.00532269
0.00449081
0.00361844
0.00269116
0.00168979
0.000613846
-0.119509
-0.131745
-0.137413
-0.136859
-0.132637
-0.126663
-0.119585
-0.111354
-0.101705
-0.0904773
-0.0777936
-0.0642145
-0.0505083
-0.0374339
-0.0256026
-0.0154171
-0.00709914
-0.000585466
0.004372
0.00789388
0.0101707
0.0115019
0.0121314
0.0121939
0.0118911
0.0113516
0.0106502
0.00984308
0.00896107
0.00808452
0.007166
0.00627171
0.00529128
0.00451164
0.0036441
0.00271229
0.00170428
0.000618852
-0.100099
-0.110543
-0.115804
-0.115966
-0.112967
-0.108409
-0.102918
-0.0965146
-0.0889949
-0.080198
-0.0701335
-0.0591731
-0.047868
-0.0368052
-0.0265105
-0.0173273
-0.00955392
-0.00328059
0.00167954
0.00538868
0.00795446
0.00963122
0.0106145
0.0109889
0.0109539
0.0106485
0.0101425
0.00949199
0.00872858
0.00794499
0.00709029
0.00623999
0.0051027
0.00452475
0.00366335
0.00272788
0.00171581
0.000622176
-0.0828415
-0.0917485
-0.0965519
-0.0971986
-0.0951624
-0.0917691
-0.0876001
-0.0827129
-0.0769503
-0.0701776
-0.0623384
-0.0536421
-0.0444662
-0.035246
-0.0264418
-0.0183526
-0.011278
-0.00540111
-0.000589609
0.00316852
0.00590354
0.00783777
0.00912265
0.00977799
0.0099903
0.00990763
0.0095895
0.00909275
0.00845187
0.00777036
0.0069901
0.00627114
0.00565599
0.00456948
0.00368086
0.00273968
0.00172482
0.00062498
-0.0676521
-0.0751851
-0.0794929
-0.0804414
-0.0791427
-0.0766844
-0.0735899
-0.0699418
-0.0656206
-0.0605056
-0.0545053
-0.0477265
-0.0404151
-0.0328738
-0.0255012
-0.0185515
-0.0122756
-0.0069017
-0.00235222
0.00133294
0.00411878
0.00621299
0.00773522
0.0086271
0.0090509
0.0091703
0.00903433
0.00868663
0.00815251
0.00756092
0.00685184
0.00603166
0.00544607
0.00455152
0.00367306
0.00273624
0.00172519
0.000623183
-0.0541953
-0.0605377
-0.0643613
-0.0654878
-0.0647513
-0.0630365
-0.0608071
-0.0581605
-0.0550046
-0.0512329
-0.0467376
-0.0415546
-0.0358407
-0.0298022
-0.0237689
-0.0179379
-0.0125073
-0.0077213
-0.00353795
-3.6156e-05
0.00268274
0.00481953
0.00648644
0.00755087
0.00813564
0.00842188
0.00844859
0.00824996
0.00785296
0.00736756
0.00674085
0.00639542
0.00542058
0.00455888
0.00369879
0.00274629
0.00173536
0.00063258
-0.0423375
-0.0476719
-0.0510426
-0.0522531
-0.0519293
-0.0507875
-0.0492343
-0.0473745
-0.0451371
-0.0424331
-0.0391519
-0.0352896
-0.0309357
-0.0262184
-0.0213967
-0.016616
-0.0120341
-0.00789322
-0.00415597
-0.000920256
0.00164248
0.00372091
0.00544407
0.00661774
0.00731103
0.00771401
0.00786717
0.007779
0.00745189
0.00705015
0.00642718
0.00518378
0.00516269
0.00442111
0.00359347
0.00268736
0.00168172
0.0005977
-0.0317356
-0.0362169
-0.0391753
-0.0404127
-0.0403952
-0.039699
-0.038677
-0.0374368
-0.0359277
-0.0340797
-0.0317807
-0.0289979
-0.0257805
-0.0221942
-0.0184425
-0.0146346
-0.010888
-0.00742553
-0.00419938
-0.00130844
0.00101736
0.0029525
0.00465517
0.00588812
0.0066534
0.00715121
0.0074147
0.00745106
0.00725418
0.00694834
0.00653299
0.00639331
0.00530886
0.00451782
0.00370086
0.00275923
0.00177389
0.000663077
-0.0224944
-0.0262453
-0.0288293
-0.0300473
-0.0302417
-0.0298747
-0.0292494
-0.0284708
-0.0275039
-0.0262973
-0.0247481
-0.0228162
-0.020524
-0.0178895
-0.015069
-0.0121374
-0.00917835
-0.00639759
-0.00372748
-0.00125061
0.000761832
0.00245872
0.00403188
0.00522244
0.00597624
0.00648051
0.00678657
0.00687135
0.00670262
0.00646681
0.00602551
0.0056479
0.00496942
0.00418486
0.00340441
0.00253009
0.00156119
0.000535471
-0.0139886
-0.0171446
-0.0194011
-0.020579
-0.020935
-0.0208388
-0.0205472
-0.0201554
-0.0196332
-0.0189404
-0.0179859
-0.0167337
-0.0151946
-0.013355
-0.0113331
-0.00916726
-0.00690761
-0.00474967
-0.00260941
-0.000544134
0.00114685
0.00258842
0.0039996
0.00512384
0.00584769
0.00635743
0.00669219
0.00684081
0.00675287
0.00656445
0.00626387
0.00581633
0.00513884
0.00444951
0.0036923
0.00278757
0.00181563
0.000699035
-0.00680972
-0.00942971
-0.0113845
-0.0124966
-0.0129463
-0.0130261
-0.0129543
-0.0128225
-0.0126116
-0.0122958
-0.0117904
-0.0110565
-0.0101056
-0.00891134
-0.00756508
-0.00608227
-0.0044821
-0.00293854
-0.00135349
0.000236361
0.00152405
0.00261613
0.00376105
0.00470514
0.00530427
0.00571748
0.00600408
0.00613077
0.00601124
0.00582899
0.00539578
0.00504011
0.00452296
0.00380581
0.00310133
0.00227666
0.00139275
0.000464028
0.000325421
-0.00190456
-0.00363026
-0.00469694
-0.00523461
-0.00547502
-0.00560144
-0.00569766
-0.00575147
-0.00574857
-0.00561646
-0.00531012
-0.00483058
-0.00414562
-0.00333259
-0.00239606
-0.00134025
-0.000312693
0.000808035
0.00200043
0.00294093
0.00372596
0.00462507
0.00540309
0.00587769
0.00620637
0.00643564
0.00654583
0.00645549
0.00628849
0.00599547
0.0054604
0.0049353
0.00435587
0.00365918
0.00278009
0.00183274
0.000713564
0.00566308
0.00386198
0.0023954
0.00141023
0.000831139
0.00048632
0.000225506
-2.25449e-05
-0.000241636
-0.000430214
-0.000540406
-0.000547748
-0.000454956
-0.000202439
0.000147629
0.000599636
0.00117364
0.00171872
0.00235409
0.00310304
0.00364931
0.00406428
0.00464225
0.00516682
0.00544331
0.00560267
0.00571164
0.00573091
0.00553689
0.00531881
0.00488281
0.00462471
0.00406668
0.00337628
0.00274475
0.00200128
0.00122223
0.000403572
0.0122287
0.010702
0.00938174
0.00841644
0.0077686
0.007302
0.00688599
0.00645478
0.00602477
0.00560193
0.00523343
0.00495089
0.00475117
0.00467661
0.00465825
0.00471311
0.00486941
0.00499764
0.0052437
0.00565533
0.00587975
0.00597706
0.00626712
0.00657381
0.00666947
0.00667732
0.00667136
0.00661463
0.00643285
0.00617613
0.00582421
0.00525541
0.00475873
0.00424947
0.0035631
0.00269004
0.0017994
0.000692676
0.0155567
0.0143304
0.0132777
0.0124686
0.0118589
0.0113576
0.010883
0.0103953
0.00990542
0.00939967
0.00890041
0.00843227
0.00799487
0.00764005
0.00731864
0.00706302
0.00689991
0.0067125
0.00661105
0.00665941
0.00655078
0.00635995
0.00636628
0.00641772
0.00630034
0.00612337
0.00596375
0.00575669
0.00542907
0.00511007
0.0046416
0.0043035
0.00373734
0.00307217
0.00245058
0.00180548
0.00111477
0.000361004
0.0221161
0.0211122
0.0201483
0.0192945
0.0185512
0.0178731
0.0171985
0.0164899
0.0157625
0.0150207
0.0142854
0.0135868
0.0129034
0.012279
0.0116517
0.0110609
0.0105397
0.0100317
0.00960082
0.00936972
0.00898136
0.00852647
0.00823826
0.0080852
0.007788
0.00745439
0.00718861
0.00687626
0.00658481
0.00609528
0.00572627
0.00508016
0.00454502
0.00405303
0.00329445
0.00251325
0.00165192
0.000603899
0.0239233
0.0231646
0.022415
0.0217076
0.021031
0.0203544
0.019642
0.0188821
0.0180949
0.0172841
0.0164529
0.015625
0.0147912
0.0140048
0.0131999
0.0124415
0.0117398
0.0110499
0.0103995
0.00995409
0.00936202
0.00875094
0.00826301
0.00793606
0.00746536
0.00699982
0.00659
0.00618051
0.00576604
0.00526571
0.00482395
0.00422331
0.0037279
0.00307965
0.00239246
0.00184634
0.00109448
0.000339808
0.0303863
0.0295279
0.0286296
0.0276906
0.0267123
0.0257065
0.024663
0.0235814
0.0224668
0.0213444
0.0202058
0.019102
0.0179869
0.0169394
0.0158521
0.0148537
0.013866
0.012999
0.0121102
0.011508
0.0107077
0.0100107
0.00932549
0.00889235
0.00833517
0.0077931
0.00736358
0.00675544
0.00646365
0.00573795
0.00548004
0.00475037
0.00430623
0.00366709
0.00286557
0.00228649
0.00136584
0.000438415
-0.102404
-0.121167
-0.140508
-0.160386
-0.182869
-0.206007
-0.233203
-0.263385
-0.0947377
-0.11082
-0.127436
-0.144752
-0.163618
-0.183316
-0.202754
-0.226635
-0.0859213
-0.0993055
-0.112735
-0.127149
-0.141727
-0.157584
-0.173365
-0.194023
-0.0777574
-0.0888253
-0.0997672
-0.11177
-0.124062
-0.137754
-0.152427
-0.169889
-0.0692869
-0.0785551
-0.0877986
-0.0979731
-0.10874
-0.120336
-0.132612
-0.14651
-0.0614577
-0.0691159
-0.0768392
-0.0851615
-0.0940113
-0.103211
-0.113109
-0.124735
-0.0537185
-0.0599201
-0.0662259
-0.0729323
-0.080155
-0.0877115
-0.0960454
-0.105869
-0.046302
-0.0512593
-0.0563495
-0.0618098
-0.0677736
-0.0740497
-0.0808971
-0.0889228
-0.0391758
-0.0431029
-0.0471621
-0.0515749
-0.0564109
-0.061498
-0.067023
-0.0736091
-0.0323294
-0.0354113
-0.0385925
-0.0420953
-0.0459697
-0.0500981
-0.0546135
-0.0600574
-0.025695
-0.0281031
-0.0305755
-0.0333436
-0.0364533
-0.0398172
-0.0435022
-0.0479685
-0.0193162
-0.0212117
-0.0231419
-0.0253308
-0.027821
-0.0305522
-0.0335521
-0.0372217
-0.0131148
-0.014617
-0.0161312
-0.0178538
-0.0198313
-0.0220379
-0.0244874
-0.0275164
-0.00728844
-0.00854176
-0.00977077
-0.0111435
-0.0127251
-0.0145251
-0.0165397
-0.0190364
-0.00146379
-0.00248238
-0.00348764
-0.00458889
-0.00585844
-0.00733181
-0.00900513
-0.0110988
0.00356335
0.00264703
0.00179026
0.00086496
-0.000182812
-0.00139197
-0.0027608
-0.00446616
0.00939556
0.0085991
0.00772563
0.00683083
0.00593346
0.00494451
0.00379501
0.00232717
0.0129289
0.0122192
0.0116187
0.0110123
0.0103039
0.00943454
0.00843989
0.00724469
0.0192919
0.0185919
0.0177786
0.0169258
0.0161111
0.0153119
0.0144944
0.01353
0.0208342
0.0202594
0.0197539
0.0193297
0.0189019
0.0183391
0.0176074
0.0166891
0.0280152
0.0274581
0.0267798
0.026004
0.0252186
0.02446
0.0237396
0.0229945
0.0275707
0.0270743
0.0266018
0.0261804
0.0258364
0.0255108
0.0251248
0.0245954
0.0347199
0.0344501
0.0341197
0.0337013
0.0332082
0.0326227
0.0319527
0.0311985
0.0772245
0.0829682
0.0881526
0.0929212
0.096707
0.0992479
0.100384
0.0996723
0.0962884
0.0890348
0.0762425
0.0555646
0.0231933
-0.0237733
-0.0662831
0.0563015
0.0599328
0.0613946
0.0619334
0.0617512
0.0604048
0.0573259
0.0518051
0.0428803
0.0292508
0.00912856
-0.019891
-0.0617036
-0.119446
-0.168157
0.03377
0.0350815
0.0332122
0.0303066
0.0267413
0.0218649
0.0148764
0.00494991
-0.00894378
-0.0281947
-0.054732
-0.0910166
-0.140344
-0.207233
-0.256851
0.00926547
0.00806018
0.00372743
-0.00156899
-0.00771942
-0.0155524
-0.0259218
-0.0396376
-0.057739
-0.0816547
-0.113389
-0.155642
-0.210668
-0.281352
-0.329224
-0.0162458
-0.0197331
-0.0258192
-0.032798
-0.0409506
-0.0511858
-0.0642801
-0.0809777
-0.102295
-0.129727
-0.165143
-0.211421
-0.269819
-0.339159
-0.383554
-0.0413037
-0.0468972
-0.054304
-0.0625678
-0.0723295
-0.0844478
-0.0995769
-0.118376
-0.141806
-0.171413
-0.209058
-0.256946
-0.315407
-0.380111
-0.419262
-0.0653089
-0.072639
-0.0809956
-0.0903244
-0.101424
-0.114903
-0.131313
-0.151339
-0.175909
-0.206315
-0.244224
-0.291162
-0.346669
-0.403824
-0.437184
-0.0884905
-0.0966453
-0.105726
-0.116051
-0.128152
-0.142477
-0.159504
-0.179879
-0.204443
-0.234266
-0.270668
-0.314476
-0.364073
-0.411042
-0.439435
0.19133
0.206631
0.223495
0.242107
0.26251
0.28467
0.308547
0.334101
0.361237
0.389698
0.418928
0.447859
0.47463
0.49573
0.513335
0.190392
0.205128
0.221492
0.23977
0.259945
0.281894
0.30553
0.330805
0.357626
0.385735
0.414564
0.44302
0.469215
0.489615
0.506513
0.18537
0.198688
0.214127
0.231716
0.25116
0.272189
0.294675
0.318567
0.343754
0.369931
0.396461
0.42217
0.445062
0.461706
0.474973
0.176155
0.187522
0.201579
0.218067
0.23624
0.255619
0.276056
0.297518
0.319869
0.342709
0.365263
0.386204
0.403307
0.413306
0.420448
0.1632
0.172224
0.184618
0.19962
0.215979
0.233016
0.250568
0.268623
0.287006
0.30521
0.322291
0.336719
0.345956
0.346734
0.345951
0.146419
0.153042
0.163691
0.176875
0.190904
0.205032
0.21911
0.23309
0.24669
0.259249
0.269639
0.276124
0.275844
0.265385
0.254715
0.126255
0.130879
0.140079
0.151106
0.162121
0.172609
0.182589
0.191951
0.200208
0.206481
0.209432
0.207099
0.196332
0.173614
0.1517
0.102759
0.106399
0.114485
0.123053
0.130663
0.137151
0.142666
0.146998
0.14947
0.149011
0.144088
0.132504
0.110782
0.0755345
0.0424214
0.0273599
0.0287022
0.0280673
0.0304189
0.0304757
0.0331127
0.0348094
0.0378123
0.0405706
0.0446865
0.0488815
0.0541654
0.0600582
0.0670674
0.0748312
0.0837512
0.0935751
0.10455
0.116655
0.129743
0.143887
0.159136
0.175456
0.0297267
0.031042
0.0302805
0.0326203
0.032541
0.0351571
0.0366479
0.0395988
0.0421875
0.0462399
0.0502434
0.0554335
0.0611588
0.0680415
0.0756647
0.0844579
0.0941783
0.105034
0.116804
0.129917
0.143638
0.158179
0.174916
0.0320871
0.0333366
0.0324966
0.0347643
0.034591
0.037145
0.038454
0.0413405
0.0437559
0.0477405
0.0515236
0.056622
0.0621524
0.0689063
0.0763241
0.0848968
0.094334
0.104969
0.116383
0.129087
0.142609
0.15777
0.171871
0.034437
0.035588
0.0347149
0.0368475
0.0366195
0.039065
0.0402179
0.043018
0.0452815
0.0491649
0.0527192
0.0576937
0.0629834
0.0695658
0.07679
0.0852398
0.0942422
0.104473
0.115046
0.126878
0.138995
0.152211
0.164962
0.0367705
0.0378026
0.0369283
0.0388676
0.0386167
0.0409023
0.0419393
0.0446114
0.046741
0.0504803
0.0538209
0.0586613
0.0637473
0.0700983
0.0769793
0.0850173
0.093294
0.102809
0.112387
0.123221
0.133796
0.145235
0.15528
0.0390826
0.0399886
0.0391282
0.0408261
0.0405683
0.0426514
0.0436044
0.0461177
0.048136
0.0516847
0.0548109
0.0594573
0.0643702
0.070576
0.077141
0.0849185
0.0924885
0.101376
0.109548
0.118911
0.126921
0.135805
0.142127
0.0413698
0.04215
0.0413049
0.0427251
0.0424715
0.0443134
0.0451969
0.0474955
0.0494248
0.0527355
0.0557239
0.0601792
0.0648834
0.0706979
0.0767373
0.0837202
0.0902965
0.097927
0.104651
0.112289
0.117954
0.124016
0.125965
0.0436301
0.0442935
0.0434399
0.0445547
0.0443021
0.0458771
0.0467177
0.0488343
0.0506937
0.0537446
0.0565889
0.0608326
0.0654445
0.0710462
0.0766718
0.0832569
0.0890034
0.0957686
0.100415
0.105899
0.107315
0.109578
0.105988
0.0458068
0.0463864
0.0455319
0.0463539
0.0461024
0.0473615
0.048104
0.0499039
0.0517004
0.0544172
0.0572528
0.0611998
0.06547
0.0703193
0.0751874
0.0803919
0.0849873
0.0893498
0.0923602
0.0943403
0.0936714
0.0902545
0.0818097
0.0480269
0.0485521
0.0476846
0.0482178
0.0479437
0.0488844
0.0495168
0.0510123
0.0526813
0.0549438
0.0574936
0.0607224
0.0642385
0.0679981
0.0718647
0.0756349
0.0789982
0.0814653
0.0829523
0.082527
0.0802823
0.0751626
0.0683904
0.0504655
0.0509228
0.050034
0.0502391
0.0499375
0.0505219
0.0510273
0.0521594
0.053575
0.055259
0.0573571
0.0598227
0.0626128
0.0653799
0.068297
0.0708086
0.0728852
0.0737606
0.0736623
0.071714
0.0682922
0.0629691
0.056572
0.0531472
0.0535039
0.0526088
0.0524373
0.0521171
0.0522944
0.0526177
0.0533284
0.0543923
0.0555097
0.0570947
0.0588872
0.0609283
0.0627602
0.0646353
0.0659396
0.0666516
0.066185
0.0646958
0.061753
0.0575543
0.0521087
0.0459257
0.0560967
0.056318
0.0554331
0.0548368
0.0544789
0.054203
0.0542579
0.0545634
0.0552055
0.0558051
0.0568187
0.0579364
0.0591118
0.0599548
0.0607266
0.0609147
0.0604174
0.0588659
0.0563505
0.0527393
0.0481214
0.0426322
0.0366845
0.0593438
0.0594002
0.0585231
0.0574623
0.0570105
0.0562768
0.0559765
0.0559261
0.0560695
0.0561126
0.0564701
0.0568378
0.0571025
0.0570084
0.0567847
0.0560041
0.0545019
0.0520682
0.0488307
0.0447744
0.0399638
0.0345194
0.028799
0.0629248
0.0627886
0.0618949
0.0603474
0.0597304
0.0585669
0.0578096
0.0574025
0.0569653
0.0563612
0.0560464
0.0556732
0.0550679
0.0540967
0.0529877
0.051365
0.0490411
0.0459383
0.0422342
0.0379418
0.0330813
0.0277464
0.0222465
0.0668813
0.0665278
0.0655772
0.0635422
0.0626685
0.061093
0.0597634
0.0589523
0.0579237
0.0566051
0.0556313
0.0545593
0.0531172
0.0513111
0.0494343
0.0471405
0.0442076
0.0406333
0.0366529
0.0322935
0.0275076
0.0223285
0.0169967
0.0712633
0.0706782
0.0696117
0.0670899
0.0658414
0.0638536
0.0618812
0.0606005
0.0590104
0.0569394
0.0552768
0.0535535
0.0513493
0.0487831
0.0462655
0.0434757
0.0401181
0.0362279
0.0321105
0.0278165
0.0232332
0.018298
0.0131476
0.0761346
0.0753081
0.0740418
0.0710335
0.069296
0.0668803
0.0642248
0.062385
0.0602467
0.0574329
0.0550568
0.0527377
0.0498818
0.0466587
0.0436125
0.040474
0.036853
0.0327797
0.0286216
0.0244695
0.0201435
0.0154879
0.010576
0.0815791
0.0804978
0.0789288
0.0754187
0.073093
0.0702113
0.0668606
0.0643808
0.0616817
0.0581646
0.0550718
0.052197
0.0488035
0.0450376
0.0415634
0.0381938
0.0344486
0.0303118
0.0261899
0.0222254
0.0181932
0.0138699
0.00926513
0.0876981
0.0863452
0.0843748
0.0803306
0.077302
0.0738621
0.0698039
0.0666459
0.063385
0.0592343
0.0554543
0.0520567
0.0482254
0.0440348
0.0402238
0.0366964
0.0329123
0.0287946
0.024761
0.0210075
0.0172933
0.0133366
0.00906658
0.0946399
0.092967
0.0904672
0.0858289
0.0820433
0.0779722
0.0731688
0.0692593
0.0653914
0.0606513
0.056255
0.0523902
0.0482124
0.0437076
0.0396485
0.0360322
0.0322913
0.0282738
0.024385
0.0208623
0.0174672
0.0138918
0.0100464
0.102593
0.10056
0.0973827
0.0919752
0.0872927
0.082532
0.0770589
0.07244
0.0679424
0.0626182
0.0576166
0.0532824
0.0487855
0.0440271
0.0397701
0.0360921
0.0324128
0.0285178
0.0247822
0.0214751
0.0183509
0.0151383
0.0116542
0.111811
0.109299
0.105298
0.0990182
0.0933032
0.0876289
0.0813554
0.076009
0.0709568
0.0651661
0.0596749
0.0549502
0.0502036
0.0452755
0.0408969
0.0371979
0.0336128
0.02988
0.0263269
0.023237
0.0204835
0.0175923
0.0144847
0.122693
0.119498
0.114341
0.106964
0.100188
0.0935854
0.0864255
0.0801981
0.0744175
0.0680458
0.0619944
0.0568017
0.0517513
0.0466346
0.042119
0.038375
0.0348594
0.0312742
0.0279077
0.025002
0.0224384
0.0198431
0.0170473
0.135796
0.131544
0.124766
0.116002
0.108064
0.100581
0.092707
0.0857476
0.0793315
0.0724562
0.0659263
0.0603471
0.0550695
0.0498202
0.0451963
0.0414068
0.0379451
0.0344584
0.0311819
0.028505
0.026099
0.0237337
0.0212142
0.152093
0.146119
0.136669
0.125583
0.11581
0.106956
0.0980531
0.0902547
0.0831771
0.0757375
0.0686039
0.0624683
0.0568331
0.0513926
0.0466332
0.0427672
0.0393545
0.0360762
0.0330824
0.0304075
0.0281775
0.0260434
0.023829
0.172648
0.164468
0.152551
0.139506
0.128057
0.11785
0.107829
0.0988795
0.0908134
0.0826835
0.0749783
0.0683617
0.0624132
0.0567577
0.0517639
0.0476758
0.0441135
0.0406922
0.0375726
0.0349741
0.0328013
0.0307894
0.0287179
0.198838
0.182618
0.16447
0.147961
0.134422
0.123047
0.112347
0.10284
0.0942337
0.0855342
0.07718
0.069959
0.0636291
0.0577714
0.0525944
0.048326
0.0447068
0.0413973
0.0383107
0.0359229
0.0339757
0.0322352
0.0305098
0.244707
0.217571
0.191448
0.169809
0.152744
0.138594
0.125735
0.114209
0.103907
0.0941944
0.0852216
0.0774911
0.0707615
0.0646127
0.0591055
0.0544682
0.0505661
0.0471146
0.04413
0.0414768
0.0393239
0.0374922
0.0357779
0.279416
0.231681
0.19796
0.174624
0.156469
0.141424
0.128086
0.116165
0.105626
0.0959288
0.0869043
0.0789527
0.0720063
0.0657071
0.0599527
0.0549651
0.050791
0.0472446
0.0441318
0.0415301
0.0394368
0.0377139
0.036204
0.437523
0.284297
0.232649
0.201315
0.175738
0.155244
0.138157
0.123608
0.111548
0.101389
0.092287
0.0840864
0.0767706
0.0701955
0.064231
0.0590203
0.0546903
0.051132
0.0481356
0.0456371
0.0435791
0.041945
0.0406129
0.0699488
0.0500795
0.0275099
0.00528037
-0.0175633
-0.0404582
-0.0624428
-0.0829002
0.0602905
0.0408929
0.0177746
-0.00288089
-0.0225022
-0.0420932
-0.0609231
-0.0781365
0.049921
0.0335483
0.0121424
-0.0072779
-0.0243189
-0.0406244
-0.0565734
-0.071754
0.0400381
0.0262637
0.00664409
-0.0116907
-0.0269135
-0.0404872
-0.0534978
-0.0660554
0.0311942
0.0195943
0.00238876
-0.0143348
-0.0276749
-0.0387647
-0.0492096
-0.0595135
0.0235211
0.0136591
-0.00109582
-0.0159353
-0.0276009
-0.0367436
-0.0451508
-0.0534676
0.0171481
0.00872452
-0.00366102
-0.0164176
-0.0264039
-0.0339077
-0.0406323
-0.0472641
0.0119807
0.00472298
-0.00540679
-0.0159085
-0.0242363
-0.0304341
-0.0358627
-0.0411484
0.00810978
0.00159808
-0.00647361
-0.0145511
-0.0211953
-0.0263455
-0.0308203
-0.0350771
0.00560854
-0.000267508
-0.00654545
-0.0125177
-0.0176452
-0.0218869
-0.0256094
-0.0290638
0.00448794
-0.000742839
-0.00557333
-0.0099028
-0.013777
-0.0172079
-0.0202907
-0.0231047
0.00458883
-1.13771e-05
-0.00372836
-0.00684012
-0.00972194
-0.0124424
-0.0149596
-0.0172471
0.00593363
0.00191818
-0.000998481
-0.0032632
-0.00540694
-0.00754723
-0.00958939
-0.0114512
0.00790103
0.00436226
0.00204085
0.00040502
-0.00115822
-0.00280318
-0.0044222
-0.00592194
0.011133
0.00802259
0.00605048
0.00474941
0.00353187
0.00221322
0.000884312
-0.000353351
0.0140367
0.0112947
0.00963765
0.00863468
0.00772173
0.00669555
0.00561299
0.00455317
0.0185022
0.0160063
0.0144103
0.0134253
0.0126041
0.0117588
0.0109285
0.0101535
0.0214817
0.0193228
0.0179145
0.0170179
0.0162273
0.0153775
0.0145126
0.0136916
0.026533
0.0244934
0.0230618
0.0221467
0.0214909
0.0209189
0.0203902
0.0198705
0.0287121
0.0269415
0.0255279
0.024461
0.0235844
0.0227896
0.02207
0.0214271
0.0340796
0.0325095
0.0313173
0.0304863
0.0298691
0.0293474
0.0288896
0.0284668
0.0347608
0.0333396
0.0320837
0.0310418
0.0301631
0.0293814
0.0286876
0.02809
0.0393962
0.0382369
0.0372528
0.0365126
0.0359902
0.0355943
0.0352615
0.0349735
-0.303631
-0.304479
-0.309266
-0.318435
-0.331665
-0.349206
-0.371785
-0.397437
-0.300792
-0.302224
-0.306716
-0.31449
-0.325581
-0.340079
-0.357986
-0.378461
-0.296908
-0.29773
-0.302002
-0.309152
-0.318677
-0.330937
-0.345502
-0.359563
-0.293101
-0.292965
-0.296883
-0.303152
-0.310885
-0.31977
-0.328463
-0.333959
-0.291377
-0.290011
-0.292757
-0.297194
-0.301835
-0.305866
-0.307902
-0.305808
-0.293131
-0.28991
-0.290355
-0.291571
-0.291962
-0.290831
-0.287162
-0.279468
-0.298535
-0.292736
-0.289599
-0.286385
-0.282002
-0.276124
-0.267985
-0.256267
-0.30664
-0.297487
-0.289697
-0.281404
-0.272244
-0.262385
-0.250772
-0.236177
-0.316087
-0.302608
-0.289588
-0.276016
-0.262763
-0.249678
-0.235427
-0.21876
-0.324739
-0.306665
-0.288054
-0.269888
-0.253463
-0.237866
-0.221684
-0.203559
-0.332072
-0.308258
-0.284493
-0.262822
-0.244198
-0.226752
-0.209258
-0.190179
-0.335237
-0.306435
-0.278544
-0.254966
-0.234877
-0.216166
-0.197884
-0.178299
-0.335671
-0.301083
-0.270715
-0.246474
-0.225274
-0.205969
-0.187306
-0.167733
-0.329126
-0.291505
-0.261386
-0.237119
-0.215636
-0.196271
-0.177525
-0.158337
-0.317988
-0.280943
-0.251942
-0.228021
-0.206383
-0.18694
-0.168055
-0.149532
-0.242765
-0.246578
-0.259657
-0.276322
-0.290878
-0.300239
-0.304219
-0.304518
-0.251406
-0.254816
-0.26612
-0.280116
-0.291685
-0.298517
-0.300994
-0.301078
-0.261212
-0.264396
-0.27476
-0.287222
-0.296725
-0.301044
-0.300774
-0.298567
-0.275351
-0.278199
-0.287677
-0.29872
-0.306088
-0.307355
-0.303231
-0.297243
-0.293244
-0.295476
-0.303998
-0.313557
-0.318752
-0.316835
-0.308554
-0.298287
-0.313835
-0.315038
-0.322499
-0.330504
-0.333561
-0.328679
-0.316622
-0.302439
-0.336198
-0.33595
-0.342181
-0.348579
-0.349562
-0.342066
-0.32685
-0.309732
-0.359456
-0.357325
-0.362144
-0.366929
-0.365981
-0.356352
-0.338783
-0.319743
-0.382788
-0.378373
-0.381601
-0.384833
-0.382094
-0.37044
-0.350837
-0.331588
-0.405379
-0.398385
-0.399869
-0.401671
-0.397911
-0.385438
-0.364415
-0.343475
-0.426361
-0.416638
-0.416373
-0.416829
-0.410733
-0.396368
-0.375956
-0.354368
-0.444934
-0.432255
-0.430551
-0.4305
-0.425633
-0.411274
-0.388928
-0.362872
-0.460529
-0.444543
-0.441612
-0.439738
-0.432318
-0.417724
-0.396528
-0.368494
-0.473051
-0.453431
-0.449175
-0.451635
-0.445065
-0.429136
-0.405432
-0.371855
-0.481799
-0.460115
-0.45329
-0.449443
-0.445832
-0.431225
-0.408044
-0.371763
-0.486014
-0.465115
-0.460359
-0.465319
-0.453344
-0.431639
-0.404967
-0.372063
-0.478859
-0.456934
-0.451713
-0.455932
-0.454574
-0.437925
-0.413017
-0.380467
-0.458783
-0.437536
-0.433403
-0.441344
-0.445172
-0.436471
-0.419398
-0.383621
-0.425439
-0.403995
-0.403001
-0.416901
-0.424242
-0.420827
-0.411667
-0.378879
-0.37788
-0.357471
-0.360448
-0.373355
-0.391983
-0.394443
-0.392369
-0.365657
-0.316171
-0.299091
-0.308059
-0.326493
-0.350222
-0.35838
-0.363084
-0.345907
-0.242794
-0.23141
-0.24557
-0.268697
-0.297804
-0.312561
-0.321986
-0.316588
-0.161079
-0.156929
-0.177319
-0.204418
-0.237391
-0.259257
-0.271357
-0.277603
-0.0777014
-0.0805538
-0.10695
-0.136457
-0.171662
-0.199126
-0.214875
-0.229544
-0.00015673
-0.00641489
-0.0337263
-0.0665584
-0.102031
-0.133388
-0.155204
-0.176658
0.0596912
0.0526269
0.0283911
-0.00140349
-0.0353619
-0.0682568
-0.0938857
-0.123644
0.0961642
0.0900633
0.072472
0.0470755
0.0169847
-0.0144848
-0.039784
-0.0737446
0.110142
0.106241
0.0941282
0.0739793
0.0491911
0.0221915
-7.53824e-05
-0.0311096
0.107783
0.105492
0.0975424
0.0826199
0.0635926
0.0429912
0.0247854
-7.06394e-05
0.096555
0.0951826
0.0903762
0.0800805
0.0665158
0.051441
0.0384674
0.0198471
0.0824158
0.0814322
0.0785607
0.0715598
0.063079
0.0523981
0.0438755
0.0306494
0.0687685
0.0681965
0.0660093
0.0614882
0.0563948
0.0491863
0.0438375
0.0347528
0.0569319
0.0565084
0.0549505
0.0519113
0.0488056
0.0439766
0.040786
0.0346017
0.0470602
0.0466332
0.0456326
0.0434353
0.0414359
0.0381925
0.036099
0.0323074
0.0389387
0.0384946
0.0377626
0.0362897
0.0349025
0.0326167
0.0310898
0.028802
0.0323311
0.0318896
0.0312866
0.0302809
0.0292691
0.0278854
0.0263721
0.0249714
0.0269599
0.026527
0.0259897
0.0252462
0.0244589
0.0235237
0.0224338
0.0212978
0.0226294
0.0222132
0.0217216
0.0211279
0.0204817
0.0197775
0.0189487
0.0181486
0.0190901
0.0186822
0.0182217
0.0177134
0.0171608
0.0165913
0.0159176
0.0153317
0.0161832
0.0158113
0.015399
0.0149584
0.014479
0.0140036
0.0134378
0.0129779
0.0137143
0.013363
0.012987
0.012599
0.0121806
0.0117731
0.0112953
0.0109103
0.0116407
0.011339
0.0110159
0.0106804
0.010319
0.00996304
0.00955409
0.00921988
0.00986707
0.00959301
0.00930756
0.00901914
0.00870871
0.00841718
0.00807535
0.00775057
0.00837457
0.00813565
0.00788586
0.00763146
0.00736117
0.00709973
0.0068033
0.00652739
0.00714001
0.00692815
0.00669844
0.00645091
0.00618925
0.00600605
0.00575051
0.0055586
0.00604108
0.00585024
0.00564997
0.00544602
0.00523505
0.00503522
0.00480508
0.0046044
0.00510508
0.00495158
0.00479338
0.00463188
0.00446376
0.0042949
0.00411113
0.00393534
0.00422915
0.00409451
0.00395815
0.00381993
0.00367886
0.00353812
0.00338964
0.00325559
0.00349118
0.00338888
0.00328404
0.00317591
0.00306382
0.00294826
0.00282817
0.00270509
0.00276001
0.0026752
0.00258963
0.00250303
0.00241528
0.00232652
0.00223763
0.00215029
0.00204811
0.00199402
0.00193882
0.00188169
0.00182201
0.00175936
0.0016935
0.00162119
0.00127676
0.00123955
0.00120254
0.0011656
0.00112876
0.00109256
0.0010583
0.00102395
0.000477314
0.000477116
0.000476668
0.000474905
0.000470756
0.000463251
0.000451321
0.00043192
-0.334838
-0.294982
-0.258143
-0.226481
-0.197774
-0.17212
-0.149977
-0.130772
-0.114173
-0.10009
-0.088375
-0.0785643
-0.0707101
-0.0642409
-0.0595284
-0.0555448
-0.0529317
-0.0503827
-0.0491921
-0.0473248
-0.0468055
-0.0454162
-0.0449174
-0.353473
-0.315912
-0.278639
-0.244406
-0.213195
-0.185342
-0.160985
-0.139764
-0.121487
-0.105938
-0.0929311
-0.0820235
-0.0732551
-0.0660076
-0.0606426
-0.0561433
-0.0531614
-0.0502915
-0.0489203
-0.046861
-0.0462934
-0.0448408
-0.0443567
-0.356397
-0.318114
-0.281879
-0.248716
-0.217852
-0.189867
-0.165149
-0.143471
-0.124723
-0.108678
-0.0951697
-0.0837883
-0.0745859
-0.0669323
-0.0611778
-0.056359
-0.0531201
-0.0500161
-0.0485259
-0.0463153
-0.0457215
-0.0442301
-0.0437684
-0.351599
-0.308485
-0.27427
-0.242812
-0.213333
-0.186654
-0.162998
-0.142097
-0.123903
-0.108231
-0.0949557
-0.0836985
-0.0745373
-0.066861
-0.061009
-0.0560802
-0.0527366
-0.0495023
-0.0479697
-0.0456668
-0.0450768
-0.0435754
-0.0431518
-0.340892
-0.293812
-0.262626
-0.232082
-0.204163
-0.179329
-0.157222
-0.137612
-0.120495
-0.10566
-0.0930295
-0.0822518
-0.0734316
-0.0659916
-0.0602523
-0.0553681
-0.0520533
-0.0487774
-0.0472654
-0.0449303
-0.0443663
-0.0428796
-0.0425071
-0.319904
-0.277836
-0.24815
-0.218547
-0.192936
-0.170026
-0.149685
-0.131592
-0.115764
-0.101977
-0.0901808
-0.0800501
-0.0717107
-0.06464
-0.059128
-0.0543778
-0.0511794
-0.0479228
-0.0464689
-0.0441444
-0.0436155
-0.0421559
-0.041838
-0.292598
-0.256874
-0.229313
-0.202793
-0.17978
-0.159112
-0.1409
-0.124566
-0.110223
-0.0976249
-0.0867939
-0.077419
-0.0696359
-0.063007
-0.0577873
-0.0532225
-0.0501874
-0.0469933
-0.0456113
-0.0433251
-0.0428322
-0.0414032
-0.0411383
-0.258626
-0.228691
-0.206069
-0.18395
-0.164346
-0.146543
-0.130653
-0.116482
-0.103874
-0.0926736
-0.082942
-0.0744365
-0.0672957
-0.0611581
-0.0562953
-0.0519567
-0.0491122
-0.0460179
-0.0447128
-0.0424793
-0.0420265
-0.0406248
-0.0404107
-0.217256
-0.194034
-0.17821
-0.161278
-0.146005
-0.131882
-0.118963
-0.10716
-0.0965549
-0.0869852
-0.0785398
-0.0710473
-0.0646561
-0.0590568
-0.0546318
-0.0505594
-0.0479338
-0.0449686
-0.0437528
-0.0415782
-0.0411804
-0.0398024
-0.0396415
-0.170752
-0.154983
-0.146473
-0.135008
-0.124794
-0.114979
-0.105554
-0.0965676
-0.0881719
-0.080451
-0.0734735
-0.0671378
-0.0616291
-0.0566514
-0.0527493
-0.0489907
-0.0466282
-0.0438141
-0.0427214
-0.0406082
-0.0402914
-0.0389337
-0.0388335
-0.122699
-0.114885
-0.112892
-0.10674
-0.101795
-0.096344
-0.0905686
-0.0846835
-0.0788361
-0.0731328
-0.0677482
-0.0626594
-0.0581871
-0.0539311
-0.0506291
-0.0472352
-0.0451944
-0.0425412
-0.0416245
-0.0395659
-0.0393638
-0.0380197
-0.0379863
-0.0775931
-0.0772038
-0.0801775
-0.0788613
-0.078677
-0.0770599
-0.0747303
-0.071894
-0.0686525
-0.0650838
-0.0614074
-0.0576525
-0.0543161
-0.0508474
-0.0482212
-0.0452412
-0.0435899
-0.0411092
-0.0404232
-0.0384279
-0.0383691
-0.0370485
-0.0370904
-0.0388749
-0.0441227
-0.0506065
-0.0534002
-0.0569588
-0.0584409
-0.059115
-0.0589883
-0.0580977
-0.0565512
-0.0546082
-0.0522764
-0.0500885
-0.0474434
-0.045559
-0.043031
-0.0418307
-0.039549
-0.0391346
-0.0372169
-0.0373151
-0.0360257
-0.0361363
-0.00954492
-0.0176897
-0.0260325
-0.0316956
-0.0377226
-0.0415575
-0.044619
-0.0466894
-0.0477638
-0.0479872
-0.0476513
-0.0466328
-0.0455725
-0.0437884
-0.0426697
-0.0406176
-0.0399076
-0.037857
-0.0377346
-0.0359125
-0.0361794
-0.0349283
-0.0351149
0.0101789
0.0011676
-0.00763453
-0.0147115
-0.021887
-0.0271912
-0.0318723
-0.0354921
-0.0380878
-0.0397653
-0.0407589
-0.0409122
-0.0408828
-0.0399496
-0.0395739
-0.0380291
-0.0378102
-0.0360362
-0.0362043
-0.0345192
-0.0349412
-0.0337538
-0.0340029
0.0219946
0.0133577
0.00489947
-0.00249745
-0.00987295
-0.0158313
-0.0213476
-0.0258513
-0.0294731
-0.0322262
-0.0342524
-0.0353477
-0.0362749
-0.0360959
-0.0364027
-0.0353836
-0.0356171
-0.0341662
-0.0346094
-0.0330941
-0.0336606
-0.0325587
-0.0328643
0.0278781
0.0201669
0.0126346
0.00568036
-0.00130484
-0.00731919
-0.013057
-0.017919
-0.0220946
-0.0255122
-0.0282555
-0.03009
-0.0317669
-0.0322457
-0.0331557
-0.032628
-0.0332836
-0.0321584
-0.0328656
-0.0315356
-0.0322567
-0.0312375
-0.0316036
0.0295263
0.0229511
0.0166991
0.0106123
0.00437942
-0.00126767
-0.00679957
-0.0116555
-0.016015
-0.0197508
-0.0229148
-0.0252412
-0.0275008
-0.0284984
-0.0299304
-0.029827
-0.0308998
-0.0300677
-0.0310518
-0.0299158
-0.030811
-0.0298758
-0.0303347
0.0284968
0.0231277
0.0181804
0.0130632
0.00772777
0.00269698
-0.00236406
-0.00697245
-0.0112623
-0.0150813
-0.0184517
-0.0210441
-0.023736
-0.0250697
-0.0269446
-0.0271882
-0.0286436
-0.0280686
-0.0293375
-0.0283526
-0.0294158
-0.0285423
-0.0290428
0.0260142
0.0217752
0.0179692
0.0137711
0.00936168
0.005061
0.000627319
-0.00355199
-0.00757051
-0.0112772
-0.0146919
-0.0173734
-0.0204211
-0.0217545
-0.0240451
-0.024556
-0.0263292
-0.0259895
-0.0275226
-0.0266732
-0.0279254
-0.0271316
-0.0277161
0.0230003
0.0196433
0.0168157
0.0134032
0.00985526
0.00628704
0.00253097
-0.00111268
-0.00472062
-0.00814224
-0.0114534
-0.0140422
-0.0172697
-0.0186007
-0.0211518
-0.021823
-0.0238603
-0.0237242
-0.0254636
-0.0247797
-0.0261666
-0.0254738
-0.0261017
0.0198821
0.0172148
0.0151992
0.0123892
0.00958832
0.00667247
0.00353741
0.000420309
-0.00274391
-0.00580232
-0.00891883
-0.011295
-0.0145864
-0.0158887
-0.0185834
-0.0193061
-0.0215748
-0.021593
-0.0235023
-0.0229908
-0.0244919
-0.0239114
-0.0246152
0.0168889
0.0150398
0.0133119
0.0111386
0.00897615
0.00656325
0.00394488
0.00129809
-0.00145639
-0.00413004
-0.00703993
-0.00911231
-0.0124364
-0.0135294
-0.0164935
-0.01705
-0.0195067
-0.0196275
-0.021673
-0.0212728
-0.0228468
-0.0223434
-0.0230169
0.0143265
0.0129404
0.0115137
0.00982658
0.00813989
0.00614401
0.00399902
0.00177861
-0.000582811
-0.00287663
-0.00552554
-0.00730897
-0.0105085
-0.0113106
-0.0148571
-0.0147929
-0.0174659
-0.0176683
-0.0198245
-0.01951
-0.0212064
-0.0207766
-0.021542
0.0121539
0.0110865
0.00993335
0.00861936
0.00718996
0.00559621
0.00385754
0.00202695
-3.21992e-05
-0.00187753
-0.00434469
-0.00572159
-0.00888311
-0.0091822
-0.0129575
-0.0129774
-0.0155434
-0.0156658
-0.0179185
-0.0176513
-0.0193884
-0.0190502
-0.019775
0.0102548
0.00940241
0.00848083
0.00741775
0.00627899
0.00495702
0.00352884
0.00199259
0.000325134
-0.00128001
-0.00335425
-0.00466569
-0.00738926
-0.00793246
-0.0113033
-0.0110204
-0.0139117
-0.0137231
-0.0161901
-0.0158803
-0.0177098
-0.01743
-0.0182311
0.00866327
0.00797989
0.00721993
0.00636179
0.00540725
0.00433566
0.00315049
0.00184977
0.000373398
-0.000635472
-0.00274063
-0.00366395
-0.00634393
-0.00661231
-0.0102657
-0.0092606
-0.0121657
-0.0119919
-0.0144166
-0.0142211
-0.0159608
-0.0157888
-0.0164962
0.0073232
0.00669801
0.00610379
0.00541419
0.00464151
0.00377249
0.00280752
0.00175163
0.000601205
-0.000573549
-0.00204752
-0.00310714
-0.00514004
-0.00569025
-0.00843034
-0.00807329
-0.0110141
-0.0102748
-0.0128688
-0.0125107
-0.014379
-0.0141095
-0.014925
0.00613953
0.00569034
0.00519019
0.00462245
0.0039863
0.00327443
0.00248364
0.00160945
0.000633184
-0.000332973
-0.00163571
-0.00245488
-0.00429064
-0.00466688
-0.0071796
-0.00681998
-0.0100664
-0.00857013
-0.0112756
-0.0109237
-0.0127948
-0.0125565
-0.0133076
0.00522062
0.00484609
0.00442756
0.00395673
0.00343049
0.00284241
0.00218806
0.00146373
0.000664923
-0.000193587
-0.0011827
-0.00202725
-0.00340722
-0.00393282
-0.00588763
-0.00580664
-0.00832486
-0.00748256
-0.0100049
-0.00929487
-0.011276
-0.0107998
-0.0116795
0.00434663
0.00405048
0.00371648
0.00333786
0.00291115
0.0024319
0.00189637
0.00130153
0.000644681
-6.84388e-05
-0.000900485
-0.00159251
-0.00277369
-0.00319938
-0.00490126
-0.00479978
-0.00705199
-0.00632458
-0.00882602
-0.00789992
-0.00992113
-0.00941573
-0.0102905
0.00370261
0.00345632
0.00317842
0.00286491
0.00251308
0.00211914
0.00167946
0.00119102
0.000651158
6.12406e-05
-0.00059794
-0.00122447
-0.00214164
-0.00256763
-0.00393739
-0.00390792
-0.00580622
-0.00520138
-0.00740502
-0.00651759
-0.00841105
-0.00769513
-0.00863012
0.00307417
0.00287631
0.00265215
0.00240028
0.00211771
0.00180101
0.0014471
0.00105318
0.00061674
0.000136997
-0.000398267
-0.000910015
-0.00166547
-0.002013
-0.00316823
-0.00311712
-0.00477747
-0.00421278
-0.00621518
-0.00535849
-0.00719586
-0.00641667
-0.00741556
0.00255369
0.0023946
0.00221507
0.00201318
0.0017869
0.00153395
0.00125199
0.000938717
0.000592114
0.000211001
-0.000209654
-0.000636046
-0.00121693
-0.0015088
-0.00245289
-0.00236269
-0.00381475
-0.00319896
-0.00504433
-0.00409426
-0.00578844
-0.00503328
-0.00582055
0.0020402
0.00192085
0.00178565
0.00163371
0.00146321
0.00127211
0.0010584
0.000820187
0.000555893
0.000264416
-5.63381e-05
-0.000383811
-0.000836364
-0.00104237
-0.00181764
-0.0016711
-0.00290842
-0.00230491
-0.00388708
-0.00298964
-0.00451496
-0.0036771
-0.00453017
0.00153538
0.0014472
0.00134744
0.00123533
0.00111022
0.000970972
0.000816197
0.000644487
0.000454516
0.000245084
1.47895e-05
-0.000227567
-0.000538216
-0.000687447
-0.0012926
-0.00109154
-0.00215393
-0.00151527
-0.00291742
-0.00203507
-0.00334358
-0.00267584
-0.00326412
0.000979543
0.000928276
0.000869267
0.00080331
0.00072964
0.000647091
0.000554697
0.000451734
0.000337535
0.000211547
7.34908e-05
-7.38454e-05
-0.00027638
-0.000308111
-0.000772978
-0.000521806
-0.00130339
-0.000750199
-0.0017511
-0.00102105
-0.00194568
-0.00135397
-0.00182622
0.000403812
0.000376224
0.000348417
0.000320211
0.00029081
0.000259568
0.000226005
0.000189599
0.000149865
0.000106436
5.94614e-05
1.05801e-05
-6.89094e-05
-4.57966e-05
-0.000271548
-8.40486e-05
-0.000471389
-0.000155138
-0.000616092
-0.000260832
-0.000680389
-0.000377605
-0.000618936
-0.141359
-0.133513
-0.124874
-0.116328
-0.107962
-0.10036
-0.093289
-0.0867589
-0.0808363
-0.0755715
-0.0709631
-0.0669521
-0.0635992
-0.0607528
-0.058625
-0.0566807
-0.0557103
-0.0542718
-0.0539111
-0.0527043
-0.0521911
-0.0509934
-0.049788
-0.158746
-0.149011
-0.137672
-0.126695
-0.116434
-0.107289
-0.0987632
-0.0909218
-0.0839405
-0.0778171
-0.0725016
-0.0679164
-0.0641266
-0.060921
-0.0584837
-0.0563285
-0.0551598
-0.0536405
-0.0531551
-0.0519079
-0.0513636
-0.0501838
-0.0490832
-0.177261
-0.165067
-0.150181
-0.136478
-0.124592
-0.114109
-0.10416
-0.0950401
-0.0870492
-0.080071
-0.0740365
-0.0688732
-0.0646528
-0.0610912
-0.058369
-0.0560124
-0.0546709
-0.053037
-0.0524545
-0.0511425
-0.0505908
-0.049414
-0.048422
-0.196853
-0.182319
-0.163899
-0.147428
-0.133687
-0.121364
-0.109628
-0.0991819
-0.0901992
-0.0823324
-0.075552
-0.0698115
-0.0651496
-0.0612366
-0.0582428
-0.0556999
-0.0541918
-0.0524381
-0.0517684
-0.0503928
-0.0498472
-0.0486666
-0.0477886
-0.218638
-0.200425
-0.177164
-0.158354
-0.143417
-0.129195
-0.115556
-0.103777
-0.0936835
-0.0847834
-0.077184
-0.0708225
-0.065675
-0.0613877
-0.0581189
-0.0553869
-0.0537042
-0.051842
-0.0510877
-0.0496605
-0.0491276
-0.0479407
-0.0471746
-0.242817
-0.220618
-0.192483
-0.171086
-0.154035
-0.137116
-0.121582
-0.108569
-0.0972717
-0.0872918
-0.0788926
-0.0718939
-0.0662419
-0.0615681
-0.0580338
-0.0551083
-0.0532418
-0.0512793
-0.0504449
-0.0489653
-0.0484514
-0.0472465
-0.0465812
-0.26936
-0.239414
-0.207476
-0.1852
-0.165712
-0.145905
-0.128641
-0.114162
-0.101377
-0.0902471
-0.0810067
-0.0732843
-0.0670676
-0.0619489
-0.0581444
-0.0549844
-0.0529111
-0.0508267
-0.0499042
-0.0483421
-0.0478472
-0.0465981
-0.0460146
-0.301359
-0.263486
-0.227967
-0.202346
-0.178697
-0.156285
-0.137224
-0.120828
-0.106399
-0.0940625
-0.0838351
-0.0752466
-0.0683609
-0.0626833
-0.0585549
-0.0550691
-0.0527662
-0.0505066
-0.0494748
-0.0477881
-0.0473006
-0.0459867
-0.0454613
0.0344916
0.0120797
-0.0105753
-0.0348386
-0.0599742
-0.0848858
-0.108932
-0.130165
0.038383
0.013167
-0.0123753
-0.0392087
-0.0663351
-0.0922715
-0.116181
-0.138062
0.0412244
0.012098
-0.0168365
-0.0457292
-0.0738263
-0.100193
-0.124452
-0.146869
0.0424549
0.00956951
-0.0223984
-0.0531232
-0.0821956
-0.109297
-0.134208
-0.157105
0.0417463
0.00554758
-0.0291454
-0.0618395
-0.0922842
-0.120343
-0.145888
-0.169031
0.0391235
-0.000344953
-0.0378332
-0.0727392
-0.104771
-0.133821
-0.159815
-0.182895
0.0343909
-0.00867809
-0.0492315
-0.0865376
-0.120207
-0.150186
-0.176394
-0.199053
0.0269127
-0.0202522
-0.0641975
-0.104061
-0.139358
-0.170096
-0.196201
-0.217997
0.0156777
-0.0361222
-0.0837829
-0.126373
-0.16324
-0.194484
-0.220023
-0.240347
-0.00069633
-0.0577034
-0.109353
-0.154633
-0.193147
-0.224524
-0.248828
-0.266821
-0.0240817
-0.0869759
-0.143096
-0.191254
-0.230932
-0.261656
-0.283667
-0.298016
-0.0569225
-0.126416
-0.187495
-0.238606
-0.278445
-0.307047
-0.324947
-0.333447
-0.102947
-0.178832
-0.244704
-0.297249
-0.335517
-0.359657
-0.37028
-0.369268
-0.165705
-0.248651
-0.314889
-0.364208
-0.39639
-0.411582
-0.411095
-0.398344
-0.215856
-0.297231
-0.361003
-0.406009
-0.432493
-0.442177
-0.437541
-0.421412
0.188312
0.181567
0.170861
0.156273
0.137896
0.116184
0.0917778
0.0640136
0.203126
0.194973
0.182218
0.165207
0.144358
0.120022
0.0935928
0.065471
0.219619
0.210262
0.195847
0.176897
0.154137
0.127903
0.0997374
0.070752
0.237896
0.227511
0.211645
0.190846
0.166075
0.137758
0.107043
0.0753789
0.257889
0.246411
0.228944
0.206
0.178652
0.147582
0.113574
0.0782312
0.279506
0.266693
0.24725
0.221707
0.191145
0.156608
0.118772
0.0793266
0.302698
0.288254
0.266381
0.237735
0.203369
0.164695
0.122567
0.0786954
0.327427
0.311052
0.286269
0.25396
0.215202
0.171707
0.124686
0.0758866
0.353581
0.33495
0.306733
0.270103
0.226261
0.17716
0.12444
0.06999
0.380868
0.359592
0.327329
0.28557
0.235771
0.180116
0.120711
0.059713
0.408691
0.384275
0.347219
0.29934
0.242484
0.179126
0.111879
0.0432916
0.435935
0.407764
0.364997
0.309796
0.244541
0.172087
0.0956403
0.0182756
0.460689
0.427967
0.37829
0.314231
0.238904
0.155637
0.0683658
-0.0191493
0.479467
0.441524
0.383853
0.30932
0.2221
0.126251
0.0266448
-0.0722437
0.494851
0.451936
0.387067
0.303606
0.205532
0.0981354
-0.0120992
-0.119027
0.0249878
0.0226078
0.0202198
0.0178253
0.0154267
0.0130259
0.0106276
0.00824496
0.0263218
0.0239089
0.0214741
0.019028
0.0165781
0.0141253
0.0116645
0.00919746
0.0258507
0.0236208
0.0213682
0.0190994
0.0168262
0.0145588
0.0122876
0.00997817
0.0281711
0.0258961
0.0236139
0.0213365
0.0190751
0.0168482
0.0146644
0.0124616
0.0283875
0.0262744
0.0241336
0.0219863
0.0198457
0.0177338
0.0156743
0.013596
0.0310191
0.0289007
0.0267978
0.024715
0.0226557
0.0206353
0.018687
0.0167606
0.0329186
0.0309711
0.028999
0.0270281
0.0250741
0.0231599
0.0213315
0.0195043
0.0359683
0.0340796
0.0321838
0.0302853
0.0283919
0.0265248
0.0247631
0.0230383
0.0388572
0.0370378
0.0351898
0.0333442
0.0315218
0.0297159
0.0280352
0.0264658
0.0430499
0.0413279
0.0395685
0.037802
0.0360601
0.0343264
0.032682
0.0313561
0.0473571
0.0456731
0.0439401
0.0421775
0.0404667
0.0387441
0.0370218
0.0357714
0.0527347
0.0511448
0.0494891
0.0477486
0.0460149
0.0443581
0.0424101
0.0414759
0.0586877
0.0570484
0.0553411
0.0535393
0.0516226
0.0500347
0.0477029
0.0470059
0.0657958
0.0641981
0.0624527
0.060694
0.0584297
0.0570149
0.0540016
0.0536235
0.07357
0.0719117
0.069988
0.0681821
0.0653284
0.0638591
0.0594413
0.0597572
0.0825177
0.0808863
0.0788336
0.0773643
0.0738933
0.0713125
0.0667076
0.0656598
0.0922805
0.0905554
0.0876412
0.0860066
0.0819173
0.0787909
0.0733053
0.0704695
0.102974
0.101667
0.0984519
0.0954916
0.0907737
0.0868416
0.0801481
0.0759027
0.115184
0.112792
0.109127
0.105035
0.099169
0.0935585
0.0854735
0.0785364
0.128268
0.125305
0.12097
0.115787
0.108597
0.101169
0.0910575
0.0814402
0.142165
0.138509
0.133078
0.12618
0.116927
0.106563
0.0937913
0.0799046
0.157183
0.152875
0.146277
0.137545
0.126084
0.112757
0.0967501
0.0790365
0.173012
0.167668
0.15926
0.147763
0.132864
0.115176
0.0944454
0.0707973
0.00596063
0.00363545
0.00107844
-0.00174511
-0.00486987
-0.00833558
-0.0121857
-0.0164697
-0.0212439
-0.0265692
-0.0325173
-0.0391841
-0.0466676
-0.055088
-0.0646741
-0.0756713
-0.0884523
-0.103616
-0.121762
-0.144565
-0.182975
-0.20516
-0.344741
0.00679003
0.0043284
0.0016276
-0.00133739
-0.0045917
-0.00816298
-0.0120843
-0.0163952
-0.0211473
-0.0264057
-0.0322345
-0.0387266
-0.0460209
-0.0541874
-0.0633681
-0.0738653
-0.0858297
-0.0997112
-0.115737
-0.130886
-0.160036
-0.165114
-0.208054
0.00770002
0.00537451
0.0028248
1.32752e-05
-0.00309788
-0.00654882
-0.010383
-0.0146436
-0.0193718
-0.0246215
-0.030447
-0.0368759
-0.0440257
-0.0520197
-0.0607905
-0.0705411
-0.0814548
-0.0936571
-0.108153
-0.118593
-0.14264
-0.145658
-0.17813
0.0101876
0.00784055
0.00524785
0.00238449
-0.000766467
-0.00422813
-0.00803203
-0.0122228
-0.0168487
-0.0219651
-0.027654
-0.0339524
-0.0408636
-0.048582
-0.0570917
-0.0662081
-0.0762529
-0.0870754
-0.100641
-0.108737
-0.129469
-0.132884
-0.15457
0.0114505
0.00926419
0.00683706
0.00414483
0.00114039
-0.00222226
-0.0059787
-0.0101596
-0.0147933
-0.0198959
-0.0255111
-0.0317142
-0.0384574
-0.0458129
-0.0540178
-0.0627532
-0.0720072
-0.081734
-0.0944797
-0.101495
-0.11924
-0.122237
-0.136076
0.0145753
0.0122588
0.00965915
0.006799
0.00365757
0.000212766
-0.00357656
-0.00775818
-0.0123857
-0.0174947
-0.0230932
-0.0292561
-0.0359872
-0.0431389
-0.0510111
-0.059601
-0.0683762
-0.0771978
-0.0893372
-0.0957873
-0.110959
-0.114262
-0.123254
0.0174983
0.015272
0.0128024
0.0100459
0.00693876
0.0034498
-0.000440551
-0.00474264
-0.00947604
-0.0146771
-0.0203482
-0.0265205
-0.0332923
-0.0404723
-0.0480909
-0.056538
-0.0652289
-0.0733677
-0.0848964
-0.0911677
-0.104167
-0.108563
-0.115105
0.0208767
0.0184209
0.0157018
0.0126924
0.00938243
0.00573659
0.00170571
-0.00275242
-0.00766215
-0.013045
-0.0188953
-0.0251619
-0.031953
-0.0391994
-0.0466322
-0.0547629
-0.0633677
-0.0709295
-0.0815955
-0.0876679
-0.0988051
-0.104079
-0.109252
0.0243179
0.0218789
0.0191708
0.0160956
0.0126179
0.00871218
0.00437598
-0.000393122
-0.00560009
-0.0112538
-0.0173651
-0.0238588
-0.030739
-0.0380841
-0.0455025
-0.0532659
-0.0617415
-0.0688247
-0.078719
-0.0844909
-0.0942675
-0.0997563
-0.104134
0.0289597
0.0262234
0.0231695
0.0197653
0.0159979
0.0118316
0.00722599
0.0021561
-0.00337355
-0.00932979
-0.0157018
-0.0224344
-0.0294279
-0.036815
-0.0443128
-0.0517683
-0.0601353
-0.0668266
-0.0761763
-0.0816536
-0.0903902
-0.0954571
-0.0992229
0.0332128
0.0303078
0.027052
0.0233339
0.0191406
0.014483
0.00937705
0.00383869
-0.00211484
-0.00844028
-0.0150985
-0.022054
-0.0291714
-0.0365022
-0.044026
-0.051164
-0.0593329
-0.0656265
-0.074373
-0.0795349
-0.0870738
-0.0913988
-0.0942427
0.0384072
0.0349651
0.0310629
0.0267287
0.021967
0.0167492
0.0110699
0.00496313
-0.00150861
-0.00827692
-0.0152659
-0.0224328
-0.0296691
-0.0368966
-0.0443293
-0.051144
-0.0589224
-0.0648738
-0.072771
-0.0776594
-0.0839377
-0.0872547
-0.0892104
0.0434263
0.0396191
0.0352731
0.0303919
0.0250047
0.0191207
0.0128133
0.00613663
-0.000829479
-0.00800537
-0.0152943
-0.0226208
-0.0299398
-0.0370522
-0.0443162
-0.0508773
-0.0581388
-0.0639121
-0.0709105
-0.0753626
-0.0808153
-0.0831689
-0.0843537
0.0491264
0.0444067
0.0391619
0.033432
0.0272662
0.0206728
0.013726
0.0064748
-0.00094388
-0.00841973
-0.0158796
-0.0231991
-0.0305403
-0.0373367
-0.0445041
-0.0506191
-0.0575273
-0.0628416
-0.0692139
-0.0732611
-0.0779238
-0.0794329
-0.0799268
0.0540288
0.0486155
0.0425269
0.0359091
0.028783
0.021309
0.0135933
0.00573597
-0.00214075
-0.00990631
-0.0174802
-0.0247971
-0.0319016
-0.0385741
-0.0451816
-0.0510642
-0.0573162
-0.062233
-0.0679159
-0.0714321
-0.0753539
-0.0761324
-0.0759842
0.0588817
0.0523172
0.0449868
0.0372433
0.0291609
0.0208652
0.0124683
0.00409383
-0.00411866
-0.0120596
-0.0196545
-0.0268503
-0.0336915
-0.0400379
-0.0461622
-0.0515948
-0.0572561
-0.061634
-0.0666853
-0.06962
-0.0728842
-0.0731237
-0.072478
0.0627083
0.0550451
0.0466639
0.0378014
0.0287066
0.0195964
0.0106213
0.00190514
-0.00644814
-0.0143755
-0.0218296
-0.0287699
-0.035271
-0.0412027
-0.0468541
-0.0517894
-0.056911
-0.0607813
-0.0652826
-0.0677236
-0.0704968
-0.0703689
-0.0694018
0.066246
0.0567421
0.04678
0.0367185
0.0267537
0.0170481
0.0077113
-0.00114565
-0.00944402
-0.0171614
-0.0242921
-0.0308263
-0.036875
-0.0423239
-0.0474758
-0.0519181
-0.0565316
-0.0599562
-0.0639832
-0.0660014
-0.0683932
-0.0679726
-0.0667775
0.0676337
0.0567114
0.0454064
0.0342078
0.0234652
0.0133126
0.00377711
-0.00507761
-0.0132054
-0.0206096
-0.02732
-0.0333606
-0.0388775
-0.0437849
-0.0484058
-0.0523304
-0.0564374
-0.0594164
-0.0629913
-0.0645859
-0.066616
-0.0659333
-0.0645427
0.0677815
0.0544445
0.0416968
0.0297862
0.0187113
0.00842219
-0.00107351
-0.00973179
-0.0175411
-0.0245281
-0.0307455
-0.0362396
-0.0411714
-0.0454904
-0.0495533
-0.0529212
-0.0565112
-0.0590243
-0.0621598
-0.063325
-0.0650263
-0.064141
-0.0626015
0.0644686
0.0497629
0.0362667
0.024025
0.0129073
0.00276924
-0.00643093
-0.0146837
-0.0220098
-0.0284589
-0.0341035
-0.0390032
-0.0433232
-0.0470302
-0.050544
-0.0533473
-0.0564454
-0.058516
-0.0612715
-0.0620539
-0.0635204
-0.0625119
-0.0608923
0.0581953
0.0418601
0.0286951
0.0169031
0.00618562
-0.00350097
-0.0121653
-0.0198153
-0.0265005
-0.0322934
-0.0372849
-0.0415356
-0.0452324
-0.0483055
-0.0513054
-0.0535597
-0.056223
-0.0579024
-0.0603627
-0.0608328
-0.0621557
-0.061073
-0.0594171
0.0460405
0.0321151
0.0201529
0.00909681
-0.000949481
-0.00998134
-0.0179833
-0.0249599
-0.0309629
-0.0360699
-0.0403978
-0.0439731
-0.0470718
-0.0494871
-0.0520123
-0.0537311
-0.0560099
-0.0573345
-0.0595595
-0.059772
-0.0609859
-0.0598514
-0.0581644
0.0297339
0.0209808
0.0113544
0.00149597
-0.00767422
-0.016025
-0.023409
-0.029796
-0.0352176
-0.0397245
-0.0434799
-0.0464123
-0.0489938
-0.0507336
-0.0528103
-0.0539889
-0.0559046
-0.0568645
-0.0588729
-0.0588677
-0.0599502
-0.0587873
-0.0570498
0.00848883
-4.55794e-05
-0.00652004
-0.0138519
-0.0206234
-0.0269677
-0.0325964
-0.0374735
-0.0415966
-0.0449523
-0.0477351
-0.0497228
-0.0515737
-0.0524924
-0.0539744
-0.0545299
-0.0560256
-0.0565098
-0.0582331
-0.0580121
-0.0588979
-0.0577407
-0.0559827
-0.0139038
-0.0235537
-0.0284968
-0.0341333
-0.0384452
-0.0423325
-0.0455328
-0.0481553
-0.0502577
-0.0518301
-0.0531223
-0.0538164
-0.0546443
-0.0546688
-0.0554204
-0.0553308
-0.0563659
-0.0562905
-0.0576585
-0.0571778
-0.0578105
-0.0566606
-0.054946
-0.0360885
-0.0444962
-0.0481003
-0.0525729
-0.0551019
-0.0570384
-0.0581475
-0.0587042
-0.0588404
-0.0586019
-0.0582999
-0.0576801
-0.0574306
-0.0566699
-0.0567302
-0.0560821
-0.0566978
-0.0560934
-0.0571187
-0.0563705
-0.0567405
-0.0555784
-0.0539537
-0.0589809
-0.0643811
-0.0649694
-0.0675243
-0.0680382
-0.0683291
-0.0677988
-0.0668145
-0.0654789
-0.0638868
-0.0623434
-0.0607031
-0.0595635
-0.0581949
-0.0576984
-0.0566417
-0.0569026
-0.0558823
-0.0566045
-0.0556296
-0.0557457
-0.0545646
-0.053022
-0.0818843
-0.0837813
-0.0809927
-0.0807778
-0.0787847
-0.0771197
-0.0749357
-0.0726169
-0.0701524
-0.0676141
-0.0652286
-0.0628919
-0.061093
-0.0592736
-0.0583266
-0.0569858
-0.0569263
-0.0556472
-0.0560692
-0.0549494
-0.054829
-0.0536255
-0.0521516
-0.103991
-0.101433
-0.0965564
-0.0931856
-0.0888671
-0.0851103
-0.0812665
-0.0775747
-0.073985
-0.0705614
-0.0674464
-0.0645503
-0.0622006
-0.0600256
-0.0586587
-0.0571086
-0.0567117
-0.0553419
-0.0554415
-0.0542598
-0.0539479
-0.0527299
-0.0513279
-0.123489
-0.117777
-0.111307
-0.105241
-0.0988373
-0.0929653
-0.0874116
-0.0822608
-0.077491
-0.0731476
-0.069289
-0.0658517
-0.0629843
-0.0604888
-0.058718
-0.0569817
-0.056267
-0.0548712
-0.0546991
-0.0535047
-0.0530636
-0.0518473
-0.0505383
)
;

boundaryField
{
    outlet
    {
        type            fixedValue;
        value           uniform 0;
    }
    upperWall
    {
        type            symmetryPlane;
    }
    lowerWall
    {
        type            symmetryPlane;
    }
    inlet
    {
        type            zeroGradient;
    }
    cylinder
    {
        type            zeroGradient;
    }
    frontAndBack
    {
        type            empty;
    }
}


// ************************************************************************* //
