/*--------------------------------*- C++ -*----------------------------------*\
| =========                 |                                                 |
| \\      /  F ield         | OpenFOAM: The Open Source CFD Toolbox           |
|  \\    /   O peration     | Version:  2312                                  |
|   \\  /    A nd           | Website:  www.openfoam.com                      |
|    \\/     M anipulation  |                                                 |
\*---------------------------------------------------------------------------*/
FoamFile
{
    version     2.0;
    format      ascii;
    arch        "LSB;label=32;scalar=64";
    class       volScalarField;
    location    "22.45";
    object      p;
}
// * * * * * * * * * * * * * * * * * * * * * * * * * * * * * * * * * * * * * //

dimensions      [0 2 -2 0 0 0 0];

internalField   nonuniform List<scalar> 
5478
(
-0.254086
-0.25237
-0.249139
-0.245543
-0.242808
-0.24173
-0.242525
-0.244892
-0.248368
-0.252117
-0.256034
-0.258483
-0.260363
-0.258594
-0.253947
-0.257475
-0.255464
-0.251679
-0.247249
-0.24313
-0.239964
-0.237991
-0.237186
-0.23706
-0.237158
-0.236593
-0.234965
-0.23186
-0.226742
-0.221188
-0.264454
-0.261234
-0.256577
-0.25091
-0.244866
-0.238949
-0.233681
-0.229184
-0.225215
-0.221228
-0.216912
-0.21209
-0.206728
-0.200886
-0.194978
-0.274981
-0.269726
-0.26332
-0.255661
-0.246774
-0.237404
-0.228404
-0.22012
-0.212441
-0.205281
-0.198425
-0.191771
-0.185046
-0.178218
-0.17158
-0.289342
-0.281105
-0.272227
-0.2614
-0.248368
-0.234705
-0.22172
-0.209879
-0.199251
-0.189634
-0.18081
-0.172567
-0.164637
-0.157177
-0.150084
-0.30805
-0.295412
-0.283299
-0.267391
-0.248653
-0.230045
-0.213069
-0.198062
-0.184859
-0.173216
-0.162855
-0.153513
-0.144976
-0.137218
-0.129678
-0.330054
-0.312001
-0.294404
-0.271092
-0.245644
-0.221954
-0.201239
-0.18344
-0.168174
-0.15501
-0.143573
-0.133547
-0.124709
-0.116853
-0.109488
-0.351011
-0.328371
-0.301634
-0.269126
-0.236951
-0.208671
-0.184787
-0.164789
-0.147989
-0.133799
-0.121742
-0.111484
-0.102779
-0.0953567
-0.0888193
-0.226064
-0.232384
-0.23859
-0.24759
-0.259298
-0.273087
-0.288464
-0.304977
-0.322215
-0.339764
-0.357166
-0.373988
-0.390247
-0.405906
-0.420789
-0.226798
-0.232631
-0.238585
-0.247124
-0.258106
-0.270903
-0.28503
-0.300072
-0.315691
-0.331599
-0.347493
-0.363029
-0.377742
-0.392072
-0.406737
-0.233384
-0.237784
-0.243033
-0.250818
-0.260886
-0.272613
-0.285528
-0.29925
-0.313486
-0.328019
-0.342691
-0.357456
-0.371722
-0.38578
-0.399209
-0.241838
-0.244233
-0.248345
-0.254961
-0.263721
-0.274037
-0.285463
-0.297657
-0.310393
-0.323529
-0.336422
-0.35118
-0.362915
-0.379684
-0.388938
-0.248766
-0.249119
-0.251709
-0.256583
-0.263443
-0.271829
-0.28136
-0.291737
-0.302635
-0.314625
-0.325352
-0.33987
-0.349206
-0.365929
-0.375165
-0.252672
-0.251485
-0.25227
-0.254821
-0.259118
-0.265014
-0.272261
-0.2807
-0.289414
-0.300377
-0.30895
-0.323436
-0.331849
-0.346747
-0.356054
-0.253794
-0.251862
-0.250859
-0.250781
-0.25209
-0.255079
-0.259682
-0.266054
-0.273592
-0.283105
-0.291598
-0.302796
-0.311938
-0.323769
-0.333748
-0.253557
-0.251601
-0.249211
-0.246881
-0.245643
-0.246264
-0.249116
-0.253859
-0.260043
-0.266819
-0.274172
-0.280918
-0.287742
-0.294421
-0.301824
-0.440128
-0.447629
-0.436516
-0.401118
-0.343081
-0.263341
-0.162799
-0.0521598
0.039037
0.0918024
0.107
0.100979
0.0864836
0.0712027
0.0577221
0.0471865
0.0382338
0.0317234
0.025831
0.0217454
0.0181718
0.0152857
0.0133364
0.0112429
0.00971599
0.00851991
0.00723794
0.00635066
0.00571538
0.00488416
0.00433324
0.0040297
0.00344715
0.00295232
0.00243275
0.00235557
0.00206702
0.000649437
-0.430037
-0.438794
-0.429766
-0.397883
-0.344829
-0.27202
-0.17334
-0.059945
0.0361499
0.0923605
0.109386
0.103151
0.0886155
0.072796
0.0593038
0.0481409
0.0392338
0.0322721
0.0263822
0.0221195
0.0184385
0.0155721
0.0135018
0.0113962
0.00986557
0.00859426
0.00730269
0.00644301
0.00574318
0.00490269
0.00440383
0.0040467
0.00344046
0.00296626
0.00248456
0.00235356
0.00200947
0.000671384
-0.427302
-0.438431
-0.433845
-0.406791
-0.359525
-0.29506
-0.200966
-0.0842334
0.0204033
0.0835784
0.105534
0.10222
0.0892522
0.0736042
0.0602686
0.048885
0.0401369
0.0326824
0.0269638
0.0223985
0.0186935
0.0158604
0.0136053
0.0115701
0.0100031
0.00866173
0.00737604
0.00653314
0.00577278
0.0049246
0.00447314
0.00406448
0.00343654
0.00298098
0.00253513
0.00235033
0.00195651
0.000693687
-0.41995
-0.435865
-0.436301
-0.415971
-0.373288
-0.315575
-0.228994
-0.113646
-0.00504125
0.0652533
0.0939411
0.095593
0.0858447
0.0719429
0.0595451
0.0485342
0.0403119
0.0328218
0.0273375
0.0225695
0.0189017
0.0160909
0.0136738
0.0117371
0.0101239
0.00872673
0.00745445
0.0066181
0.00580622
0.00495154
0.00453794
0.00408374
0.0034379
0.00299666
0.00258167
0.00234527
0.00191241
0.000715661
-0.399689
-0.424982
-0.432654
-0.420194
-0.385881
-0.334653
-0.25736
-0.146421
-0.0357517
0.0401716
0.0760572
0.0840477
0.0799238
0.0693092
0.0588486
0.0487209
0.0402737
0.0329898
0.0275557
0.0227269
0.019068
0.0162463
0.0137412
0.0118663
0.0102269
0.00879085
0.00753035
0.00669607
0.00584368
0.0049831
0.00459575
0.00410492
0.00344542
0.00301293
0.00262198
0.00233802
0.00188114
0.000736218
-0.371186
-0.401759
-0.416563
-0.410888
-0.38333
-0.33836
-0.271328
-0.173929
-0.0671933
0.0112886
0.0543148
0.0700178
0.0708471
0.0640281
0.0554861
0.0467922
0.0394941
0.0328419
0.0275561
0.0228805
0.0192304
0.0163771
0.0138611
0.0119742
0.0103271
0.00886797
0.00760513
0.00676689
0.0058876
0.00502117
0.00464427
0.00412773
0.00346048
0.00303024
0.00265369
0.00232799
0.00186634
0.000754061
-0.34505
-0.373693
-0.395168
-0.399523
-0.380699
-0.340514
-0.278899
-0.192944
-0.0941561
-0.0140012
0.0352914
0.0565297
0.063454
0.0604217
0.0541934
0.0460875
0.0390912
0.0327207
0.0275161
0.0229424
0.0192916
0.0164467
0.013927
0.0120448
0.0104007
0.00893116
0.00767812
0.00682533
0.00592992
0.00506784
0.00468358
0.00414915
0.00348319
0.00305068
0.00267555
0.00231218
0.00187155
0.000768261
-0.314038
-0.335826
-0.35356
-0.360859
-0.352829
-0.325561
-0.277362
-0.207774
-0.124514
-0.0497167
0.00578899
0.0368532
0.0507521
0.0527078
0.0496164
0.043916
0.0381233
0.0324179
0.0274787
0.0231695
0.019503
0.0166262
0.0141433
0.0121493
0.0105207
0.00904091
0.00775312
0.00689446
0.00598511
0.00511832
0.00471387
0.00417711
0.00351404
0.00306953
0.00268828
0.00229229
0.00189856
0.000777338
-0.278273
-0.304165
-0.316881
-0.322475
-0.316797
-0.293125
-0.251904
-0.192936
-0.121916
-0.0548541
-0.00385978
0.0264429
0.0422667
0.0473662
0.046738
0.0421056
0.0372886
0.0317327
0.0270237
0.0227523
0.0193124
0.0164903
0.0139948
0.0121854
0.0104552
0.00904915
0.00785775
0.00685913
0.0060335
0.00522358
0.00469131
0.00418252
0.00359119
0.00311035
0.0026561
0.00227169
0.00196178
0.000783825
-0.231321
-0.258886
-0.268028
-0.265114
-0.253859
-0.233989
-0.201529
-0.155544
-0.102611
-0.0528809
-0.0125437
0.0142001
0.0289136
0.0349899
0.0360003
0.034179
0.0310575
0.0278273
0.0245665
0.0213019
0.0182807
0.0158324
0.0135998
0.0118529
0.010258
0.008944
0.00777628
0.00680066
0.00603889
0.00521964
0.00466032
0.00420681
0.00361425
0.00311381
0.00262663
0.00228613
0.00199482
0.000770966
-0.191577
-0.216731
-0.225278
-0.222541
-0.213324
-0.197081
-0.172634
-0.139781
-0.100647
-0.0601914
-0.0245906
0.00150142
0.0174532
0.0260911
0.0300612
0.0304169
0.029118
0.0260717
0.0229601
0.0200661
0.0174884
0.0152272
0.0131856
0.0115514
0.0100436
0.00881091
0.00769533
0.00674155
0.00601647
0.00521049
0.00464725
0.0042074
0.00361855
0.00312579
0.00261352
0.00228608
0.00200307
0.000760501
-0.158762
-0.179329
-0.187284
-0.184698
-0.175625
-0.161466
-0.142029
-0.116452
-0.0856828
-0.0539961
-0.0258642
-0.00410816
0.0102059
0.0186048
0.0230453
0.0241219
0.0234252
0.0220407
0.0203997
0.018337
0.0162362
0.0143748
0.0125834
0.0111454
0.00974543
0.0086273
0.00758839
0.00664498
0.00598057
0.00520543
0.00461621
0.00420038
0.00363488
0.0031422
0.00259302
0.00228091
0.00202239
0.000764991
-0.129565
-0.146461
-0.153591
-0.15187
-0.144712
-0.133741
-0.119128
-0.100571
-0.0787474
-0.0554167
-0.033085
-0.0138529
0.00023983
0.0095177
0.0152594
0.0183037
0.0195009
0.0191702
0.0180664
0.016558
0.0149955
0.0134655
0.0119274
0.0106796
0.00939772
0.00840252
0.00743725
0.00652536
0.00592905
0.00517545
0.00457535
0.00419636
0.00364443
0.00314696
0.00257418
0.00228022
0.00205463
0.000774319
-0.105482
-0.119171
-0.125362
-0.124474
-0.118998
-0.110413
-0.0991734
-0.0852885
-0.0686549
-0.0502078
-0.0320346
-0.0159497
-0.00349041
0.00508125
0.0107914
0.0140307
0.0156572
0.0158122
0.0154613
0.0145863
0.0135371
0.0123904
0.0111285
0.0101119
0.00898147
0.00811441
0.00724377
0.00638137
0.00584409
0.00512561
0.00453294
0.00417904
0.00363925
0.00315193
0.0025612
0.00227596
0.00208544
0.000783067
-0.0855967
-0.0963609
-0.101531
-0.101205
-0.0971682
-0.0907058
-0.0822899
-0.0720285
-0.0599847
-0.0466459
-0.0332194
-0.0206341
-0.00996954
-0.00172817
0.00420178
0.00829894
0.0109612
0.0123188
0.0127718
0.0124964
0.0119515
0.0112034
0.0102258
0.00945575
0.00848859
0.00776344
0.00700447
0.00619896
0.00573033
0.00505899
0.00447542
0.00414603
0.00362845
0.00315533
0.00254368
0.00226364
0.00211358
0.00079547
-0.0690714
-0.077528
-0.0818188
-0.0819185
-0.0790981
-0.0744049
-0.0682517
-0.060709
-0.0518676
-0.0419171
-0.0314234
-0.0210508
-0.0117721
-0.00427985
0.00137038
0.0052389
0.00798283
0.00951709
0.0102895
0.0104265
0.0103503
0.00996019
0.00927074
0.00873919
0.00794341
0.00736767
0.00671976
0.00598315
0.00559042
0.00496274
0.00440059
0.00410436
0.00360513
0.00314679
0.00252268
0.00224606
0.00214015
0.000810217
-0.0555611
-0.0621323
-0.0656084
-0.0659195
-0.063977
-0.0605892
-0.0561282
-0.0507014
-0.0443158
-0.0370479
-0.0292933
-0.0214954
-0.01429
-0.00799149
-0.00280627
0.0011617
0.00426512
0.00636956
0.00768492
0.00829189
0.00861867
0.00861269
0.00819855
0.00791649
0.00731234
0.00690277
0.00637984
0.00572741
0.00541817
0.00483909
0.00431328
0.00405161
0.00356688
0.00312946
0.00250538
0.00222765
0.00216048
0.000828386
-0.0445871
-0.0496472
-0.052428
-0.0528478
-0.0515593
-0.0491731
-0.0459911
-0.0421242
-0.037549
-0.0323085
-0.0265973
-0.0205659
-0.0147291
-0.0093571
-0.00468344
-0.00101847
0.0019406
0.00410445
0.00557461
0.00638018
0.0070309
0.00732179
0.0071549
0.00708215
0.00664584
0.00638301
0.00599004
0.00541954
0.00519043
0.0046807
0.00419098
0.00396118
0.00350573
0.00309788
0.0024682
0.00218403
0.00216782
0.000828197
-0.035521
-0.039388
-0.0415814
-0.0420267
-0.0411969
-0.0395495
-0.0373166
-0.0346061
-0.0313876
-0.0276479
-0.0234898
-0.0189616
-0.0144858
-0.0102076
-0.00628852
-0.00308072
-0.000302029
0.00192745
0.00354861
0.00454517
0.00543575
0.00600612
0.00608371
0.0062144
0.0059642
0.00587931
0.00559849
0.0051339
0.00500714
0.00453109
0.00410194
0.00391728
0.00345575
0.00308419
0.00247534
0.00225621
0.00218076
0.000876106
-0.0283177
-0.0312749
-0.0329902
-0.0334034
-0.0328721
-0.0317422
-0.0301816
-0.028294
-0.026047
-0.0234201
-0.0204768
-0.017172
-0.0138001
-0.0104474
-0.00718605
-0.00439938
-0.00187626
0.000290212
0.00193717
0.00298202
0.00397825
0.00473786
0.00498091
0.00527688
0.00516866
0.005201
0.00507213
0.00468584
0.00463183
0.00426055
0.00386382
0.00371895
0.00331295
0.00296075
0.00234897
0.00192428
0.00209431
0.000805114
-0.0221691
-0.0244065
-0.0257344
-0.0261
-0.0257804
-0.0250224
-0.0239363
-0.0226219
-0.0210488
-0.0192001
-0.0171229
-0.0147201
-0.0122191
-0.00965409
-0.0070594
-0.00479235
-0.00266459
-0.000727205
0.000827826
0.00184759
0.00291561
0.0037757
0.00417317
0.00458422
0.00461109
0.00479466
0.00474123
0.00446575
0.00451737
0.00416236
0.00383722
0.00374447
0.00331263
0.00300514
0.00246233
0.00253169
0.00215682
0.000915155
-0.0175497
-0.0192338
-0.0202428
-0.0205369
-0.0203413
-0.0198388
-0.0190959
-0.01821
-0.0171485
-0.0158949
-0.0144785
-0.0127835
-0.0109938
-0.00910645
-0.0070859
-0.00527625
-0.00349672
-0.00177384
-0.000349682
0.000614941
0.00164432
0.00258487
0.00306018
0.00357161
0.00369685
0.00395335
0.00404626
0.00383812
0.0039384
0.00371925
0.00342522
0.00336935
0.00301668
0.00270047
0.0020517
0.00138613
0.00183647
0.000739542
-0.013103
-0.0143977
-0.0151796
-0.0154018
-0.0152695
-0.014928
-0.0144109
-0.0138082
-0.0130852
-0.0122237
-0.0112507
-0.0100481
-0.00877769
-0.00740423
-0.00587189
-0.00449748
-0.00310137
-0.00167351
-0.000453201
0.000362702
0.00133054
0.00221684
0.00272272
0.0032545
0.00344958
0.00378689
0.00391853
0.00379356
0.00399258
0.00376685
0.00352594
0.00353616
0.00313899
0.00286676
0.00230825
0.00174666
0.00193497
0.000899322
-0.0101559
-0.0111238
-0.0116998
-0.0118589
-0.011782
-0.011572
-0.0112304
-0.0108421
-0.0103759
-0.00982761
-0.00921453
-0.00841427
-0.00756968
-0.00662438
-0.00550152
-0.00450451
-0.00342588
-0.00223211
-0.00122523
-0.000548099
0.000297761
0.0011794
0.00168185
0.00222981
0.00247425
0.00283156
0.00307488
0.00299642
0.00320269
0.00313633
0.00293056
0.00296037
0.00265877
0.00239395
0.00182582
0.00132104
0.00149952
0.000656728
-0.00661743
-0.00737045
-0.00783146
-0.0079595
-0.0079227
-0.00780532
-0.00758414
-0.00734825
-0.00705362
-0.00669984
-0.00629968
-0.00574463
-0.00517359
-0.00453446
-0.00372097
-0.003037
-0.00226463
-0.00131872
-0.000520141
-8.95505e-06
0.000685612
0.0014553
0.00187481
0.0023975
0.00263414
0.00298963
0.00325857
0.0031843
0.0035064
0.00338044
0.00319113
0.00331572
0.00293321
0.00271773
0.00221312
0.00152813
0.00166752
0.000837322
-0.00445487
-0.00505295
-0.00540939
-0.00551025
-0.00551809
-0.00548589
-0.00537693
-0.00527286
-0.00512587
-0.00496154
-0.00477017
-0.00447678
-0.00418554
-0.00381738
-0.00327434
-0.00283112
-0.00226845
-0.00155831
-0.0010213
-0.000610715
-6.16768e-05
0.000645275
0.000987592
0.00146078
0.00172183
0.00202115
0.0023759
0.00231418
0.00259173
0.00265938
0.00249558
0.0026101
0.00234681
0.00216882
0.00168616
0.000977057
0.00107866
0.00058173
-0.00153564
-0.00200477
-0.00230171
-0.00241962
-0.00248102
-0.0025315
-0.00251653
-0.00251801
-0.00247046
-0.00241733
-0.0023173
-0.00214961
-0.00197562
-0.00178129
-0.00143505
-0.00120774
-0.000816993
-0.000290475
9.88925e-05
0.00038834
0.000755184
0.00138705
0.00156527
0.00209062
0.00218935
0.00247797
0.00284877
0.00268697
0.0031096
0.00308385
0.00289029
0.00307452
0.00277475
0.00263612
0.00209256
0.00128143
0.00135417
0.000741507
0.000746695
0.000313622
-2.51072e-05
-0.000274326
-0.000456632
-0.000641433
-0.000789759
-0.000951929
-0.00108562
-0.0012059
-0.00126806
-0.00129781
-0.00122267
-0.00118029
-0.00101479
-0.000894121
-0.000726402
-0.000480403
-0.000185188
0.000113399
0.000258947
0.000805058
0.000883802
0.00143053
0.00152046
0.00171002
0.00222394
0.00195482
0.00237826
0.00255477
0.00225794
0.00251402
0.00243786
0.00228241
0.00182226
0.00114051
0.00118295
0.000716376
0.00220688
0.00192166
0.00165639
0.00141276
0.00121654
0.00104533
0.000890815
0.000749857
0.000624776
0.00050642
0.000433071
0.000352347
0.000346063
0.000351601
0.000404458
0.000508522
0.000608355
0.000706136
0.000847393
0.0011224
0.00124526
0.00152214
0.0016675
0.0019482
0.00215703
0.00226663
0.00257854
0.00256175
0.00277775
0.0028737
0.00275446
0.00291009
0.00269649
0.0025145
0.00240235
0.00167834
0.000999362
0.000608391
0.00276742
0.00252519
0.00229776
0.00207962
0.00187411
0.00167336
0.0014836
0.00130312
0.00114166
0.000990507
0.000864443
0.00075375
0.000680174
0.00061975
0.000587427
0.000592481
0.000601379
0.000658255
0.00073152
0.00089035
0.000970099
0.00115703
0.00129311
0.00148248
0.00169024
0.00176659
0.00204765
0.00207334
0.00222077
0.00240924
0.00227064
0.00242309
0.00237339
0.00205385
0.00191785
0.001395
0.000714401
0.000339129
0.00333621
0.00312431
0.00291457
0.00270817
0.00251143
0.00232558
0.00214766
0.00197852
0.00181925
0.00166866
0.001536
0.00141095
0.00131146
0.00124507
0.00119787
0.00118671
0.00119262
0.0012068
0.00122979
0.00133369
0.00143213
0.00154779
0.00167367
0.00180393
0.00198747
0.00208419
0.00226116
0.00237065
0.00243715
0.00259169
0.00254525
0.00254591
0.0025281
0.0022297
0.00200389
0.00157409
0.000845806
0.000347353
-0.0820472
-0.100964
-0.120204
-0.140867
-0.162965
-0.187138
-0.213233
-0.242352
-0.0754754
-0.0912002
-0.106869
-0.12361
-0.140542
-0.158532
-0.176472
-0.19763
-0.0656971
-0.0777845
-0.0895829
-0.102005
-0.114822
-0.128337
-0.143586
-0.162094
-0.0584841
-0.0679901
-0.0774428
-0.0871877
-0.0978934
-0.109154
-0.121989
-0.136478
-0.0512955
-0.0588524
-0.066496
-0.0742812
-0.0827473
-0.0913155
-0.100827
-0.111956
-0.045174
-0.0509904
-0.0568384
-0.062657
-0.0688945
-0.0753051
-0.0826829
-0.0916036
-0.0394235
-0.0437597
-0.0481331
-0.0525321
-0.0573154
-0.0623345
-0.0680913
-0.0749981
-0.0341824
-0.0374183
-0.0406874
-0.0440066
-0.0476061
-0.0513663
-0.0556601
-0.0609349
-0.0295019
-0.0318389
-0.034183
-0.0365869
-0.0392095
-0.0419886
-0.0452263
-0.0493108
-0.0252432
-0.0268951
-0.0285345
-0.0302526
-0.0321674
-0.0342406
-0.0366868
-0.0398223
-0.0213592
-0.0225266
-0.0236625
-0.0248695
-0.026236
-0.0277377
-0.0295373
-0.0319082
-0.0178729
-0.018704
-0.0194868
-0.0203295
-0.0213029
-0.0223968
-0.0237399
-0.0255562
-0.0146835
-0.0152783
-0.0158075
-0.0163641
-0.0170161
-0.0177722
-0.0187351
-0.0200877
-0.0119177
-0.0123301
-0.0126845
-0.0130923
-0.0136026
-0.0141971
-0.0149385
-0.0159711
-0.00917336
-0.00949267
-0.00976535
-0.0100472
-0.0103662
-0.010722
-0.0111901
-0.0119175
-0.00701657
-0.00719934
-0.00734578
-0.00755046
-0.00783853
-0.00818482
-0.0086196
-0.00922711
-0.00448626
-0.00467145
-0.00482814
-0.00499473
-0.00517798
-0.00536138
-0.00558506
-0.00595552
-0.00254783
-0.00263749
-0.00271821
-0.00285263
-0.00304197
-0.00325546
-0.00351535
-0.00388169
-4.85386e-05
-0.000158203
-0.000272996
-0.000421522
-0.000584679
-0.000735103
-0.000892507
-0.00112702
0.00270466
0.00247535
0.00226556
0.00205999
0.0018522
0.00163279
0.00140058
0.00112398
0.00348216
0.00332027
0.00317193
0.00302944
0.00288874
0.00274406
0.00259623
0.00243154
0.00418166
0.00400435
0.00383219
0.00366287
0.00349357
0.0033224
0.00315116
0.00297928
0.00450341
0.00434985
0.00420052
0.00405691
0.00391859
0.00378278
0.0036475
0.00351047
0.105003
0.111157
0.117537
0.123537
0.128231
0.131383
0.132909
0.132391
0.128996
0.121505
0.10823
0.0868174
0.0534487
0.00517458
-0.0378147
0.083537
0.0875499
0.0904143
0.0923676
0.0932157
0.0925977
0.0900679
0.0849511
0.0762764
0.0627304
0.0425165
0.013292
-0.0286704
-0.0869314
-0.134527
0.0605584
0.0625951
0.0622156
0.0606397
0.0581001
0.0540677
0.0478329
0.0385818
0.0252847
0.00655663
-0.0195294
-0.0553779
-0.103746
-0.169925
-0.216177
0.0357355
0.0355748
0.0326696
0.0286228
0.0235378
0.0167044
0.00733869
-0.00537893
-0.0224703
-0.0452925
-0.0759228
-0.116877
-0.170235
-0.236741
-0.28086
0.0097139
0.00737028
0.00273415
-0.0028936
-0.00979918
-0.0187903
-0.0305693
-0.0459001
-0.065771
-0.091427
-0.12497
-0.168909
-0.223855
-0.287189
-0.327316
-0.0161507
-0.0205373
-0.0263615
-0.0330622
-0.0413281
-0.0518937
-0.0653025
-0.0822852
-0.103786
-0.131053
-0.165865
-0.209999
-0.263439
-0.320855
-0.355645
-0.041345
-0.04727
-0.0536702
-0.0612017
-0.0705151
-0.0821208
-0.0964808
-0.114224
-0.136237
-0.163638
-0.197791
-0.239833
-0.288866
-0.337615
-0.367402
-0.066232
-0.0721539
-0.0790458
-0.0872899
-0.0972919
-0.109389
-0.123976
-0.141624
-0.163096
-0.189293
-0.221186
-0.259177
-0.301036
-0.338995
-0.364995
0.209672
0.225157
0.242206
0.260979
0.281591
0.303975
0.328059
0.353785
0.381059
0.409635
0.438969
0.467998
0.494873
0.516084
0.533795
0.210965
0.226201
0.242787
0.261299
0.281724
0.303939
0.327797
0.353202
0.38006
0.408124
0.436826
0.465065
0.49094
0.51094
0.527452
0.208384
0.222544
0.238186
0.255875
0.275536
0.296853
0.319562
0.343529
0.368636
0.394587
0.420741
0.445908
0.468051
0.48378
0.496193
0.201761
0.214108
0.228246
0.244622
0.2629
0.282527
0.303161
0.32466
0.346859
0.369351
0.391333
0.411442
0.427392
0.435953
0.441843
0.190394
0.200428
0.212892
0.227934
0.244548
0.261873
0.279578
0.297591
0.315732
0.333476
0.349829
0.363204
0.370985
0.369881
0.367543
0.174913
0.182215
0.192961
0.206384
0.220854
0.235373
0.249635
0.263554
0.276855
0.288864
0.298408
0.303691
0.301773
0.289203
0.276646
0.155138
0.160555
0.169978
0.181376
0.1929
0.203849
0.214084
0.223444
0.231439
0.237175
0.239272
0.235714
0.223274
0.198427
0.174618
0.131008
0.135549
0.144426
0.153746
0.162012
0.169
0.174806
0.179201
0.181496
0.180602
0.174946
0.162284
0.139078
0.101964
0.067392
0.023706
0.025005
0.0239191
0.0271952
0.0256701
0.0305256
0.0290539
0.0341277
0.034596
0.0397487
0.0417963
0.0481255
0.0517017
0.0588211
0.065189
0.0742392
0.0834651
0.0953978
0.108431
0.124446
0.142399
0.163823
0.187997
0.023727
0.0250207
0.0239233
0.0272135
0.0257587
0.0304914
0.0291467
0.0341168
0.0346931
0.0397457
0.0419528
0.0479898
0.0518166
0.0589082
0.0653704
0.0744825
0.0838201
0.0959015
0.10904
0.125284
0.143332
0.16506
0.189329
0.0237472
0.0250241
0.0239407
0.0272018
0.025866
0.0304203
0.0292683
0.0340781
0.0348226
0.0397275
0.0421257
0.0479694
0.0519738
0.0589925
0.0655482
0.0746665
0.0840621
0.0962354
0.109245
0.125536
0.14304
0.164541
0.187945
0.0237657
0.0250176
0.0239704
0.0271643
0.0259891
0.030317
0.0294104
0.0340262
0.0349832
0.0397016
0.042293
0.0478979
0.052097
0.0590356
0.0656751
0.0747536
0.0840949
0.096328
0.109014
0.125351
0.142122
0.163097
0.184077
0.0237817
0.0250044
0.0240104
0.0271046
0.0261245
0.0301906
0.0295722
0.0339546
0.035139
0.0396567
0.0424881
0.0479167
0.0522966
0.0590989
0.0658205
0.0748471
0.0840873
0.0960973
0.108158
0.123696
0.138562
0.158183
0.175902
0.0237942
0.0249871
0.0240586
0.0270295
0.0262611
0.0300404
0.0297479
0.0339127
0.0353434
0.0396591
0.042658
0.0478837
0.052418
0.0592019
0.0659469
0.0749599
0.08414
0.0961025
0.107846
0.123127
0.136889
0.154524
0.166663
0.023803
0.0249705
0.0241108
0.0269408
0.0264034
0.029894
0.0299142
0.0338149
0.0354681
0.0395903
0.0428514
0.0479777
0.0527057
0.0592511
0.0660408
0.0747261
0.083662
0.0947849
0.105458
0.118604
0.129491
0.144554
0.151874
0.023805
0.0249545
0.024173
0.0268464
0.0265059
0.0297443
0.030146
0.0338693
0.0357579
0.0397272
0.0430943
0.0480634
0.0528552
0.0596053
0.0665064
0.0755423
0.0844401
0.0957325
0.105656
0.118278
0.127266
0.136855
0.133272
0.023794
0.0249173
0.024213
0.0267103
0.0267143
0.0295052
0.0302485
0.0335173
0.035662
0.0394229
0.0431603
0.048272
0.0533901
0.0590778
0.0658947
0.0733467
0.0817691
0.0904115
0.0990976
0.106244
0.110432
0.109342
0.104469
0.0237674
0.0248669
0.0242823
0.0264997
0.0268296
0.029041
0.0303108
0.0330761
0.0354894
0.03868
0.0423606
0.0459408
0.0507705
0.0561657
0.0622629
0.0684787
0.0755142
0.081806
0.0880008
0.0917316
0.094108
0.0922646
0.0860154
0.0237384
0.0247947
0.0243403
0.0262216
0.0269696
0.0285284
0.0303558
0.0325323
0.0351282
0.0378491
0.0413932
0.0449062
0.049464
0.0537371
0.0589425
0.063835
0.0691763
0.0734896
0.0770461
0.0781782
0.0772484
0.0729018
0.0668151
0.0237005
0.0246924
0.0243832
0.0259157
0.0270935
0.0279749
0.0302785
0.0319745
0.0345869
0.0369803
0.0402264
0.042912
0.0468801
0.0506195
0.0546929
0.0583597
0.0619943
0.0645259
0.0658916
0.0650524
0.0622946
0.0575523
0.0514463
0.0236506
0.0245647
0.0244039
0.0255737
0.0271539
0.0274332
0.0300714
0.0314045
0.0338098
0.0359738
0.0387513
0.0412691
0.0442636
0.0472358
0.0501735
0.0525625
0.0547035
0.055607
0.0552678
0.0530122
0.0492817
0.0440899
0.038132
0.0235823
0.0244152
0.0243859
0.0252183
0.0271228
0.0268961
0.0296894
0.0308002
0.03282
0.0348327
0.0370057
0.0385237
0.0412171
0.0434757
0.0452841
0.0464466
0.0473391
0.0469739
0.0453942
0.0422561
0.0379926
0.0327936
0.0272366
0.0234894
0.0242472
0.0243151
0.0248479
0.0269703
0.0263706
0.0291289
0.0301368
0.0316292
0.0334714
0.0351004
0.0360174
0.037998
0.0395337
0.040283
0.0403503
0.0402343
0.0390075
0.0366015
0.0329053
0.0283868
0.0232624
0.0179993
0.0233648
0.02406
0.0241781
0.0244649
0.0266831
0.0258453
0.0283873
0.0293772
0.0302978
0.031886
0.0330586
0.0332847
0.0345508
0.0354948
0.0353428
0.0344656
0.0335832
0.0318418
0.0289514
0.0249858
0.0204756
0.0155702
0.0105647
0.0232015
0.0238524
0.0239694
0.0240618
0.0262512
0.0253032
0.0274932
0.0284664
0.0288538
0.0300789
0.0308713
0.0304549
0.0310152
0.0314554
0.0306367
0.0290172
0.0275749
0.0255799
0.0225042
0.0184972
0.0141795
0.00968211
0.00499066
0.0229943
0.0236199
0.0236841
0.02363
0.0256812
0.0247187
0.0264738
0.0274093
0.0273207
0.0281292
0.0285767
0.0276291
0.0275171
0.0275239
0.0262675
0.0241337
0.0223032
0.0202314
0.0172064
0.0133304
0.00929774
0.00528374
0.00103667
0.0227403
0.0233553
0.0233235
0.023154
0.0249931
0.0240687
0.0253655
0.0261731
0.0257114
0.0261139
0.0262265
0.0248662
0.0242128
0.0238701
0.0223495
0.019906
0.017834
0.0157876
0.0129485
0.00933275
0.00565064
0.00213945
-0.00156788
0.0224352
0.0230537
0.0228948
0.0226193
0.0242011
0.0233382
0.0242038
0.0248224
0.0240533
0.0240973
0.0238868
0.022217
0.021187
0.0206079
0.0189525
0.0163906
0.0142359
0.0122877
0.00969278
0.00639764
0.00310496
8.16295e-05
-0.00310075
0.022081
0.0227014
0.022401
0.0220193
0.0233512
0.0225159
0.0230001
0.0233949
0.0223853
0.0221612
0.0216888
0.019805
0.0184987
0.0177567
0.0160336
0.0134744
0.0113582
0.00957064
0.00725819
0.00434098
0.00148301
-0.00104397
-0.00368204
0.0216848
0.022309
0.0218385
0.0213334
0.022446
0.0216514
0.0217919
0.0218955
0.0207313
0.0203278
0.0196547
0.0176434
0.0162545
0.0154713
0.0137802
0.0113189
0.0093215
0.00770898
0.00564672
0.00305941
0.000580535
-0.00153643
-0.00374533
0.0212408
0.0218617
0.0212395
0.0206054
0.0215373
0.020745
0.0205832
0.0204555
0.019191
0.0186899
0.0178542
0.0157663
0.014345
0.0135862
0.0119759
0.00968505
0.00789585
0.00651414
0.00473383
0.00250226
0.000432025
-0.00126598
-0.00305118
0.0207844
0.0213684
0.0205514
0.0198196
0.0206566
0.0198419
0.0193765
0.0190502
0.0178077
0.01732
0.0163774
0.0142899
0.0129484
0.0122924
0.0108087
0.00869766
0.00708126
0.00585277
0.00424981
0.00226928
0.000495626
-0.000905307
-0.0023884
0.0202999
0.0208457
0.0198696
0.019065
0.0198177
0.0190162
0.0182356
0.0176153
0.0166028
0.0161699
0.0151105
0.0130573
0.0118785
0.0113802
0.010111
0.00829721
0.00695898
0.00594548
0.00457206
0.00288934
0.00143857
0.000315018
-0.000922879
0.0198329
0.0202385
0.019179
0.0183807
0.0190519
0.0182001
0.0172541
0.0166359
0.0157181
0.0153577
0.0142317
0.0123099
0.0113153
0.0109221
0.00980026
0.0082552
0.00714201
0.00623289
0.00496305
0.00348198
0.00227002
0.00133498
0.000267758
0.0194012
0.0196849
0.0185069
0.0178518
0.018407
0.0175316
0.0164274
0.0156863
0.0150897
0.0147241
0.0135216
0.0118363
0.0111548
0.0109212
0.0100489
0.00886965
0.00802273
0.00726481
0.00619528
0.0050057
0.00405021
0.00325793
0.0022996
0.0189803
0.0191116
0.0180511
0.0172971
0.0177532
0.0172024
0.0158691
0.0151375
0.0148116
0.0142698
0.0132312
0.0120321
0.0113323
0.0110572
0.0105314
0.00962737
0.00873878
0.00805051
0.0073845
0.00665149
0.00591887
0.00524303
0.00453384
0.0184529
0.0185686
0.0178679
0.0167728
0.0167578
0.0165595
0.0154402
0.0144256
0.0139876
0.013604
0.0127913
0.0116644
0.0106785
0.0101457
0.00976281
0.00915596
0.0083988
0.00775186
0.0072448
0.00677083
0.00627257
0.00580016
0.00537147
0.0180874
0.0182044
0.0175119
0.0163581
0.0162404
0.0161634
0.0152246
0.0141224
0.0136227
0.0133495
0.0126961
0.0116767
0.0107763
0.0102268
0.00983439
0.00936394
0.00877392
0.00817565
0.00764084
0.00717432
0.00674522
0.00633753
0.00593704
0.0178729
0.0178326
0.0174266
0.0164327
0.0158164
0.0155585
0.0149972
0.0141009
0.0133742
0.0128904
0.0123422
0.0115885
0.0107457
0.0100359
0.00951765
0.00907502
0.00859321
0.00808997
0.00762545
0.00722612
0.00687088
0.00654363
0.00624152
0.0963145
0.077895
0.0537542
0.0305165
0.00730011
-0.0164899
-0.040058
-0.0618261
0.0784969
0.058994
0.0339657
0.0128238
-0.00566436
-0.0240954
-0.0423012
-0.0594231
0.0608556
0.0456357
0.0243311
0.00565951
-0.00991061
-0.0242906
-0.038567
-0.0526157
0.046248
0.0338588
0.0149908
-0.00199364
-0.0157094
-0.0271975
-0.0380094
-0.0484782
0.0333116
0.0231324
0.00733103
-0.00729977
-0.018651
-0.0273854
-0.0354603
-0.0434001
0.0227746
0.014526
0.00154001
-0.0108747
-0.0202643
-0.0270648
-0.0331614
-0.0391521
0.0141114
0.00759817
-0.00281818
-0.0130884
-0.0207425
-0.0260104
-0.0305422
-0.0349946
0.00700135
0.0020068
-0.00587916
-0.0139234
-0.0200018
-0.0241389
-0.0275678
-0.0308676
0.00137116
-0.00264476
-0.00822357
-0.0138718
-0.0183966
-0.0217266
-0.0244892
-0.0270389
-0.00252809
-0.00589223
-0.00966862
-0.01335
-0.0165437
-0.0191725
-0.0214268
-0.0234236
-0.00484353
-0.00761224
-0.0101561
-0.0124931
-0.0146612
-0.0166456
-0.0184423
-0.0200083
-0.0060133
-0.00825868
-0.00994615
-0.0113766
-0.0128
-0.0142479
-0.0156392
-0.0168571
-0.00616047
-0.00796711
-0.00911616
-0.0099842
-0.0108912
-0.0119162
-0.012978
-0.0139243
-0.00588112
-0.00733688
-0.0080796
-0.00854174
-0.00908495
-0.00980155
-0.0106007
-0.0113331
-0.00482708
-0.00602209
-0.00657167
-0.00683202
-0.00713346
-0.00760308
-0.00819168
-0.00874761
-0.00390262
-0.00486428
-0.00520677
-0.00529289
-0.00544832
-0.00578687
-0.00624749
-0.00668983
-0.00222401
-0.00305924
-0.00334909
-0.00336048
-0.00338648
-0.00357271
-0.00389726
-0.00423182
-0.000864118
-0.0015541
-0.00174125
-0.00169407
-0.00168392
-0.00182915
-0.00209492
-0.00236275
0.00131188
0.000741334
0.000613172
0.000677238
0.000697729
0.000575055
0.000346268
0.000116596
0.00388298
0.00349717
0.00337658
0.00339213
0.00340747
0.00333406
0.00316299
0.00293703
0.00500496
0.00471737
0.0044712
0.00427181
0.00411346
0.00397288
0.0038248
0.00365734
0.00560905
0.00537952
0.0051922
0.00502657
0.00486817
0.00470683
0.00453763
0.004361
0.00599763
0.00579413
0.00558192
0.00537162
0.00517213
0.00498836
0.00481932
0.00465939
-0.289749
-0.294384
-0.3034
-0.316641
-0.33418
-0.356495
-0.383712
-0.412039
-0.287607
-0.292136
-0.300064
-0.311407
-0.326415
-0.34523
-0.367529
-0.391466
-0.282795
-0.287275
-0.295024
-0.305421
-0.318745
-0.335235
-0.353164
-0.368783
-0.277459
-0.282016
-0.289583
-0.299056
-0.310174
-0.322226
-0.332918
-0.33895
-0.273803
-0.278042
-0.284766
-0.292227
-0.299536
-0.305707
-0.309043
-0.30741
-0.273547
-0.276426
-0.280941
-0.284928
-0.287498
-0.288082
-0.285598
-0.278563
-0.277021
-0.277297
-0.278075
-0.277502
-0.275256
-0.271162
-0.264331
-0.253492
-0.28362
-0.279912
-0.275736
-0.270141
-0.263504
-0.255633
-0.245529
-0.231969
-0.291856
-0.283005
-0.273228
-0.262787
-0.252489
-0.241548
-0.228982
-0.213424
-0.299938
-0.285269
-0.269844
-0.255438
-0.242107
-0.22877
-0.214334
-0.197365
-0.306693
-0.285522
-0.26534
-0.247925
-0.23219
-0.217064
-0.201237
-0.183355
-0.309984
-0.283234
-0.259653
-0.240148
-0.222585
-0.206175
-0.189394
-0.171029
-0.310372
-0.278411
-0.252995
-0.231909
-0.213051
-0.195872
-0.17854
-0.160134
-0.304981
-0.27089
-0.245251
-0.223046
-0.203805
-0.186086
-0.168619
-0.15046
-0.295816
-0.263016
-0.23675
-0.21437
-0.194751
-0.176469
-0.159066
-0.141469
-0.23348
-0.247143
-0.262655
-0.275852
-0.284449
-0.288412
-0.289174
-0.288797
-0.23916
-0.251185
-0.264431
-0.275146
-0.281788
-0.28474
-0.285583
-0.285956
-0.245238
-0.256618
-0.268692
-0.277854
-0.282508
-0.283314
-0.282382
-0.28163
-0.254497
-0.265664
-0.276864
-0.284371
-0.286524
-0.284099
-0.279948
-0.276974
-0.266802
-0.27805
-0.288523
-0.294381
-0.293849
-0.287777
-0.279815
-0.274205
-0.281495
-0.293076
-0.302967
-0.307272
-0.304197
-0.294657
-0.28303
-0.274958
-0.298052
-0.310179
-0.319622
-0.322484
-0.317105
-0.304556
-0.290001
-0.280159
-0.315973
-0.328818
-0.337934
-0.339473
-0.332098
-0.317204
-0.300598
-0.289302
-0.33479
-0.348472
-0.357367
-0.357717
-0.348432
-0.331546
-0.314071
-0.301223
-0.354026
-0.368625
-0.37736
-0.376796
-0.366422
-0.348241
-0.329626
-0.31383
-0.373159
-0.388768
-0.397368
-0.395491
-0.383211
-0.36431
-0.345305
-0.326399
-0.391641
-0.408299
-0.41716
-0.415256
-0.402815
-0.383178
-0.36078
-0.336244
-0.409103
-0.42662
-0.434861
-0.431461
-0.417181
-0.397802
-0.373606
-0.343646
-0.425369
-0.443384
-0.453356
-0.450221
-0.435183
-0.413595
-0.3853
-0.348043
-0.440308
-0.458131
-0.465431
-0.461759
-0.446262
-0.423512
-0.392195
-0.349327
-0.460134
-0.480183
-0.490543
-0.483122
-0.460709
-0.431366
-0.39453
-0.351733
-0.465769
-0.485164
-0.496214
-0.494274
-0.478867
-0.450757
-0.415451
-0.365759
-0.452562
-0.472049
-0.484148
-0.485408
-0.475878
-0.452161
-0.422225
-0.372942
-0.41655
-0.434942
-0.449591
-0.453995
-0.449701
-0.430168
-0.407045
-0.364873
-0.353925
-0.371067
-0.387385
-0.397405
-0.399136
-0.387046
-0.371726
-0.342895
-0.271182
-0.287444
-0.305514
-0.319365
-0.326333
-0.322739
-0.316952
-0.305126
-0.171697
-0.189903
-0.2117
-0.230443
-0.242877
-0.246971
-0.24922
-0.253401
-0.0613986
-0.0808714
-0.10595
-0.131186
-0.153985
-0.169094
-0.178987
-0.194444
0.0287038
0.00887439
-0.0173857
-0.04526
-0.0726656
-0.0964139
-0.114489
-0.135939
0.0823024
0.0641145
0.0395439
0.0127945
-0.0135023
-0.03775
-0.057194
-0.0830243
0.0986128
0.0837404
0.0635037
0.0417274
0.020695
0.000980873
-0.0154784
-0.0385789
0.0944519
0.0832234
0.0686883
0.0530127
0.0377554
0.0232943
0.0105348
-0.00719823
0.0814538
0.0734696
0.0638229
0.0537575
0.0435695
0.0335858
0.0239028
0.0114024
0.0677432
0.0625008
0.0563286
0.0499723
0.0435706
0.0370507
0.0304618
0.0218712
0.0551573
0.0516935
0.0478457
0.0439205
0.0398993
0.0357006
0.0313356
0.0255089
0.0454962
0.0431763
0.0406358
0.0380737
0.0354997
0.0327259
0.0301268
0.0261619
0.0369723
0.0355141
0.0339814
0.0323748
0.0306999
0.028816
0.0271184
0.0246735
0.0308383
0.0297246
0.0285852
0.0274577
0.026344
0.0250656
0.0239086
0.0223706
0.0252462
0.0246301
0.0239807
0.0232731
0.022545
0.0217146
0.0209398
0.020031
0.0212554
0.0206973
0.0201497
0.0196071
0.0190682
0.0184713
0.0179022
0.0172968
0.0178632
0.0175283
0.0171905
0.0168383
0.0164843
0.0160962
0.0157018
0.0153186
0.0150138
0.0147518
0.0144914
0.0142197
0.0139464
0.0136621
0.0133884
0.0131375
0.0131114
0.012853
0.0126047
0.0123644
0.0121271
0.0118839
0.011644
0.0114369
0.0111038
0.0109758
0.0108492
0.010717
0.0105841
0.0104469
0.0103132
0.0101883
0.00955691
0.00939197
0.00923294
0.00908074
0.00893665
0.00879971
0.00867694
0.00857888
0.00843529
0.00834261
0.00825085
0.0081574
0.00806159
0.00796259
0.00786594
0.00776953
0.00717722
0.00712212
0.00706984
0.00701921
0.00696928
0.00691748
0.00687249
0.00682321
0.00625708
0.00616098
0.0060683
0.00598108
0.0059017
0.00583133
0.00577274
0.00573293
0.00568771
0.00565901
0.00563032
0.00559881
0.00556308
0.00552377
0.00548347
0.00542522
0.00486547
0.00484997
0.00483529
0.00482097
0.00480502
0.00478712
0.00477474
0.0047484
0.00426289
0.0041924
0.00412572
0.00406605
0.00401566
0.00397487
0.00394658
0.00394013
0.00401387
0.00399716
0.0039803
0.00396167
0.00394146
0.00392091
0.00389758
0.00386241
0.00345454
0.00346442
0.00347433
0.00348211
0.00348588
0.00348749
0.00348847
0.00346577
0.00293786
0.00292486
0.00291304
0.00290305
0.00289384
0.0028858
0.00288389
0.00288107
0.00238173
0.00233096
0.00228351
0.00224197
0.00220838
0.00218335
0.00216909
0.00217547
0.00235766
0.00235913
0.00236061
0.00236174
0.00236283
0.00236382
0.0023631
0.00235703
0.00212607
0.0021854
0.00224104
0.00228976
0.00233021
0.00236146
0.00237689
0.00236292
0.000628502
0.000609874
0.000594208
0.000582196
0.000575126
0.000576178
0.000588104
0.000607753
-0.314728
-0.261483
-0.220923
-0.185608
-0.154259
-0.128901
-0.106979
-0.088607
-0.0732046
-0.0603494
-0.0496283
-0.040681
-0.0332721
-0.0271694
-0.0222062
-0.0178361
-0.0146894
-0.0112667
-0.00918508
-0.00377635
-0.00218785
-0.000849504
-0.000317596
-0.33673
-0.284559
-0.242437
-0.203498
-0.169163
-0.141644
-0.117179
-0.0969284
-0.0798938
-0.0656956
-0.0538923
-0.0440483
-0.0359521
-0.0292418
-0.0237938
-0.0191185
-0.0156331
-0.0119607
-0.00992513
-0.00438474
-0.00266563
-0.0011671
-0.000602774
-0.337443
-0.286692
-0.245799
-0.207619
-0.174171
-0.14588
-0.121275
-0.100607
-0.0830974
-0.0684332
-0.0561951
-0.0459561
-0.0375177
-0.0304928
-0.0247678
-0.0198991
-0.0161987
-0.0123774
-0.0101997
-0.00493582
-0.00306183
-0.00147589
-0.000888845
-0.327157
-0.276813
-0.237569
-0.201625
-0.170497
-0.143517
-0.120113
-0.10019
-0.0831626
-0.0687879
-0.0566977
-0.0465189
-0.0380809
-0.0310104
-0.0252222
-0.0202793
-0.0164833
-0.0125819
-0.010252
-0.00528519
-0.00337673
-0.00176597
-0.00116795
-0.307882
-0.25936
-0.223473
-0.190519
-0.162107
-0.137366
-0.115813
-0.0972506
-0.081236
-0.0675851
-0.0559947
-0.0461563
-0.0379337
-0.0309926
-0.0252855
-0.0203538
-0.0165571
-0.0126301
-0.010224
-0.00552619
-0.0036338
-0.0020316
-0.0014363
-0.277483
-0.234668
-0.204657
-0.175721
-0.150726
-0.128853
-0.109595
-0.0927734
-0.0780932
-0.0654302
-0.0545489
-0.0452137
-0.0373282
-0.0306061
-0.0250544
-0.0201712
-0.0164266
-0.0125051
-0.0100904
-0.00568127
-0.00387936
-0.00226955
-0.00169863
-0.235436
-0.202422
-0.180779
-0.156956
-0.136548
-0.118271
-0.101788
-0.0870811
-0.0740435
-0.0626052
-0.0526165
-0.0439282
-0.0364857
-0.0300587
-0.0247176
-0.0199231
-0.0162614
-0.0123592
-0.00996686
-0.0058015
-0.00410806
-0.00248704
-0.00194399
-0.185708
-0.163993
-0.151835
-0.134177
-0.119527
-0.105523
-0.0923028
-0.080107
-0.0690232
-0.0590515
-0.0501451
-0.042248
-0.0353604
-0.0293091
-0.0242418
-0.0195876
-0.0160429
-0.0121875
-0.00983611
-0.00588751
-0.00432297
-0.00267793
-0.00217305
-0.134228
-0.12309
-0.119609
-0.108477
-0.100232
-0.090763
-0.081163
-0.0718566
-0.0630235
-0.0547581
-0.0471179
-0.0401657
-0.0339512
-0.0283602
-0.0236342
-0.0191742
-0.0157928
-0.0120087
-0.00973499
-0.00594635
-0.00450875
-0.00285373
-0.00237836
-0.08596
-0.0843311
-0.0872501
-0.0821098
-0.079903
-0.0745821
-0.0686832
-0.0624959
-0.0561175
-0.0497104
-0.043494
-0.0376337
-0.0322039
-0.0271603
-0.0228436
-0.0186258
-0.0154463
-0.0117505
-0.00957646
-0.00596791
-0.0046595
-0.00300446
-0.00255652
-0.0449367
-0.0504176
-0.0573945
-0.0573884
-0.0599289
-0.0580597
-0.05563
-0.0524663
-0.0484542
-0.0439296
-0.039249
-0.0345834
-0.0300336
-0.0256305
-0.0217985
-0.0178805
-0.0149648
-0.0114013
-0.00938915
-0.00596353
-0.00477262
-0.00312912
-0.00271136
-0.014962
-0.0236536
-0.0324303
-0.036062
-0.041635
-0.0424882
-0.0431299
-0.0424724
-0.0405019
-0.0377903
-0.0346435
-0.0311745
-0.027569
-0.0238689
-0.0205807
-0.0170105
-0.0143987
-0.0109984
-0.00915136
-0.00590134
-0.00482324
-0.00321593
-0.00283093
0.00368545
-0.00549138
-0.0141747
-0.0195164
-0.0261896
-0.0288792
-0.0317936
-0.0328537
-0.0325913
-0.0315148
-0.0297521
-0.0274099
-0.0247542
-0.0217906
-0.0190843
-0.0159048
-0.0136524
-0.0104431
-0.00884281
-0.00583719
-0.0048414
-0.00327781
-0.00291751
0.0150636
0.00612909
-0.00192957
-0.00775493
-0.0144992
-0.0180513
-0.0221432
-0.0241692
-0.0252129
-0.0254508
-0.0248224
-0.0234847
-0.0217261
-0.0194764
-0.0173705
-0.0146153
-0.0127371
-0.00978705
-0.00839891
-0.00565257
-0.00482582
-0.0032865
-0.00298381
0.0203852
0.0126819
0.00587195
0.000182939
-0.00608694
-0.00994082
-0.0144021
-0.0169312
-0.0188298
-0.0199675
-0.0201997
-0.0197214
-0.0187505
-0.017164
-0.0156471
-0.0133416
-0.0118517
-0.00916492
-0.0080109
-0.00543954
-0.00472831
-0.00325495
-0.00300619
0.022392
0.0159176
0.0106403
0.00553976
-4.12191e-06
-0.00379422
-0.00820729
-0.0109379
-0.0133576
-0.0150125
-0.0158566
-0.0160571
-0.0157419
-0.0147341
-0.0137631
-0.0118796
-0.0107671
-0.00837951
-0.00743992
-0.00514365
-0.00463321
-0.00318192
-0.0029956
0.0218551
0.0168941
0.0128732
0.00856495
0.00398866
0.000479234
-0.00356832
-0.00627078
-0.0089094
-0.0107796
-0.0120139
-0.0126951
-0.0128792
-0.0123575
-0.0118598
-0.0103651
-0.00962415
-0.00756043
-0.00687935
-0.00476408
-0.00444505
-0.00305086
-0.00294347
0.0203293
0.0165303
0.0135451
0.00992129
0.00626738
0.00320191
-0.000359567
-0.00289596
-0.00555224
-0.00748072
-0.00894522
-0.00993937
-0.0104968
-0.0103625
-0.0102753
-0.00912923
-0.00872469
-0.00691334
-0.00645363
-0.00438327
-0.00416137
-0.00288203
-0.00282284
0.0184153
0.0156565
0.0133341
0.0104152
0.00754276
0.00494468
0.00196024
-0.000319226
-0.0028075
-0.00467425
-0.00622666
-0.00737894
-0.00818146
-0.00832384
-0.00855575
-0.0077098
-0.0076089
-0.00601826
-0.00583363
-0.00402206
-0.003875
-0.00268276
-0.00265567
0.0162315
0.014209
0.0125136
0.0102505
0.00808171
0.00595047
0.00354003
0.00158374
-0.000611436
-0.00232502
-0.00385054
-0.00505749
-0.00600043
-0.00633334
-0.00681703
-0.00620254
-0.00639899
-0.00502497
-0.00509225
-0.00355331
-0.00361851
-0.00247565
-0.00248444
0.0143963
0.0129055
0.0115873
0.00982741
0.00817712
0.00644243
0.00449776
0.00284308
0.000958548
-0.000566793
-0.00201093
-0.00318256
-0.00420713
-0.0046376
-0.0053056
-0.00486957
-0.00526645
-0.00413936
-0.00435332
-0.00298116
-0.00325939
-0.0021626
-0.00227806
0.0125058
0.0114436
0.0104259
0.00909588
0.00782079
0.00641668
0.00487049
0.00346665
0.00188767
0.000546245
-0.000760441
-0.00186854
-0.00288843
-0.0033885
-0.00417522
-0.00388113
-0.00448227
-0.0034692
-0.00390513
-0.0025784
-0.00284475
-0.00187212
-0.00200633
0.0109794
0.0101557
0.00940537
0.00837886
0.00741443
0.00630445
0.00508446
0.00393731
0.00263131
0.00148128
0.000322644
-0.000664161
-0.00166851
-0.00214595
-0.00301456
-0.0027934
-0.00349885
-0.00263996
-0.00318422
-0.00198913
-0.00244656
-0.00150421
-0.00171139
0.00974902
0.00915653
0.00852924
0.00775867
0.00698805
0.00610465
0.00514898
0.00420768
0.00315527
0.00218445
0.00119699
0.000323586
-0.000589021
-0.00105941
-0.00193315
-0.00179771
-0.0026367
-0.00189294
-0.00267337
-0.00159322
-0.002013
-0.00117897
-0.00139296
0.00835917
0.00791374
0.00746676
0.00690245
0.00631522
0.00563386
0.00489127
0.00413468
0.00329303
0.00248165
0.00165698
0.000905086
7.33065e-05
-0.000327746
-0.00120615
-0.00104878
-0.00191792
-0.00119934
-0.00194896
-0.000894522
-0.00158676
-0.000786047
-0.00106941
0.00754497
0.00719426
0.00684491
0.00640401
0.00594763
0.00541903
0.00484064
0.00423395
0.00356423
0.00289875
0.00220252
0.00158604
0.000827886
0.00049689
-0.000353428
-0.000230264
-0.00114526
-0.000552776
-0.00144879
-0.00049292
-0.0011488
-0.000395302
-0.000725189
0.00660236
0.00635132
0.00604953
0.00570593
0.00533461
0.00491361
0.00445499
0.00396657
0.00343046
0.00288421
0.0023225
0.00178477
0.0011446
0.000851656
5.00992e-05
0.000206755
-0.000729898
-6.66464e-05
-0.0009263
-1.88565e-06
-0.000761096
-7.13493e-05
-0.000393402
0.00568769
0.00550423
0.00531686
0.0050866
0.00482306
0.0045173
0.00417389
0.00379926
0.00338766
0.00294953
0.00250002
0.00208818
0.00151981
0.00134275
0.000598547
0.000805757
-6.87972e-05
0.000529168
-0.000383297
0.000514081
-0.000366492
0.000357109
-6.76348e-05
0.00530824
0.00514296
0.00498544
0.00478858
0.00457709
0.00433627
0.00406924
0.00377329
0.00345115
0.00310811
0.00273032
0.00240255
0.00190194
0.00175745
0.00104379
0.00123217
0.000285794
0.000856017
-0.000122729
0.000695381
-6.80065e-05
0.000599385
0.000227555
0.00461551
0.00450012
0.00434737
0.00418166
0.00399818
0.00379368
0.00357086
0.00332823
0.00306161
0.00278167
0.00249572
0.00220658
0.00181177
0.00172041
0.00109066
0.00137754
0.000543531
0.00123294
0.000346098
0.00121813
0.000275186
0.000943806
0.000502116
0.00395264
0.00389134
0.00382322
0.00374174
0.00363926
0.00351708
0.00337349
0.003212
0.00302902
0.00281767
0.00260279
0.00242046
0.00206554
0.00206864
0.00148706
0.0017751
0.000945248
0.00153025
0.000538863
0.0014397
0.000503949
0.0012191
0.000750676
0.00381967
0.00373413
0.00366513
0.00357551
0.00348057
0.00337396
0.00325542
0.0031231
0.0029833
0.00282529
0.00263246
0.00249474
0.00217037
0.00218137
0.00160251
0.0018949
0.00103885
0.00164798
0.00074903
0.00157164
0.000648657
0.00131794
0.00091594
0.00338228
0.00331818
0.00324126
0.00315625
0.0030644
0.00296259
0.00285153
0.00272771
0.00259502
0.0024663
0.00232333
0.00218285
0.00196388
0.00199927
0.0015405
0.00192096
0.00121153
0.00192593
0.000989247
0.00189828
0.000914464
0.00159505
0.00110316
0.00284582
0.0028251
0.00278633
0.00275046
0.00270693
0.00265853
0.00260306
0.0025399
0.00245951
0.00237071
0.00229764
0.00221063
0.00202745
0.00211784
0.00167631
0.00205871
0.00127262
0.00199231
0.000981895
0.0019621
0.000951932
0.00165667
0.00119972
0.00221579
0.00222574
0.00223121
0.00222828
0.00221642
0.0021966
0.00217007
0.00213937
0.00210141
0.00204231
0.00198124
0.00195713
0.00176022
0.00188322
0.00142945
0.00181639
0.00108349
0.00180588
0.00104929
0.00203994
0.000974408
0.00162795
0.00117599
0.00234539
0.00230849
0.00228646
0.0022557
0.00222496
0.0021891
0.00214929
0.00210492
0.00206334
0.0020162
0.00194977
0.00194108
0.00175059
0.00198961
0.00149273
0.0020728
0.00128903
0.00204104
0.00108546
0.00200831
0.00110657
0.00171563
0.00117211
0.00231884
0.00228295
0.00224679
0.00221226
0.00217901
0.00214692
0.00211389
0.00207789
0.00204137
0.00200991
0.00196518
0.00192325
0.00184814
0.00194274
0.00161148
0.00201767
0.00130064
0.00201539
0.000988763
0.00177973
0.00103124
0.00146723
0.00105172
0.000633162
0.000661723
0.000677955
0.000691654
0.000698407
0.000701693
0.000701225
0.000697281
0.000687998
0.000678221
0.000670536
0.000650562
0.000592906
0.000679486
0.000448468
0.000729721
0.00030625
0.000825784
0.00031429
0.000816829
0.000345708
0.000560893
0.000400972
-0.130525
-0.118923
-0.1056
-0.0937941
-0.0826604
-0.0726897
-0.0635179
-0.0551814
-0.0476653
-0.0408901
-0.0348212
-0.0294245
-0.0246595
-0.020536
-0.0168737
-0.0138659
-0.0109666
-0.00843401
-0.00579504
-0.00166408
0.000135527
0.000858864
0.00132846
-0.146453
-0.132154
-0.115405
-0.10142
-0.0886965
-0.0773662
-0.06693
-0.0577065
-0.0494917
-0.0422004
-0.0357788
-0.0301422
-0.0252189
-0.020998
-0.0172677
-0.0142074
-0.0112875
-0.00874607
-0.00607088
-0.00191733
-0.000109727
0.000632693
0.00111161
-0.163271
-0.145653
-0.125178
-0.109232
-0.0949864
-0.0821779
-0.0704979
-0.0603793
-0.0514172
-0.0435716
-0.036765
-0.0308648
-0.0257664
-0.021448
-0.0176484
-0.0145502
-0.0116185
-0.0090791
-0.0063949
-0.00216751
-0.00034898
0.000411516
0.000901407
-0.181603
-0.160221
-0.135981
-0.117905
-0.101878
-0.0873258
-0.0744187
-0.0633542
-0.0535867
-0.045147
-0.0379027
-0.0316833
-0.0263654
-0.0219067
-0.0180206
-0.014862
-0.0119252
-0.00937593
-0.00673508
-0.0024059
-0.000592106
0.000195666
0.000697636
-0.202031
-0.175726
-0.147509
-0.127558
-0.109478
-0.0929978
-0.0788462
-0.0667197
-0.0560794
-0.0470014
-0.0392601
-0.0326608
-0.0270758
-0.0224162
-0.0184179
-0.0151484
-0.012205
-0.00960645
-0.00705842
-0.00261293
-0.000852991
-1.40733e-05
0.000497872
-0.224332
-0.192012
-0.159998
-0.138126
-0.117483
-0.0990978
-0.0837061
-0.0704207
-0.0588904
-0.0491475
-0.040869
-0.0338533
-0.0279648
-0.0230576
-0.0189186
-0.0154839
-0.0125264
-0.00982389
-0.00739681
-0.00279387
-0.00113005
-0.000212932
0.000301757
-0.249866
-0.208703
-0.174142
-0.150079
-0.126328
-0.106153
-0.0892872
-0.074677
-0.0621995
-0.0517167
-0.0428443
-0.0353683
-0.0291315
-0.0239341
-0.0196197
-0.015965
-0.0129832
-0.0101095
-0.00781191
-0.00299256
-0.00142999
-0.000403179
0.000108491
-0.278191
-0.229037
-0.192187
-0.164058
-0.137119
-0.115044
-0.0962578
-0.080153
-0.0665554
-0.0551491
-0.0455468
-0.0374907
-0.0307941
-0.0252281
-0.0206611
-0.0167164
-0.0136748
-0.0105668
-0.00839459
-0.00328153
-0.00175404
-0.000593234
-8.10018e-05
0.0408279
0.017161
-0.00610727
-0.0301171
-0.0543067
-0.0783312
-0.101977
-0.122799
0.0437199
0.01749
-0.00827776
-0.034672
-0.0611398
-0.086402
-0.109698
-0.13089
0.0455713
0.0159519
-0.0129858
-0.0414817
-0.0690763
-0.0947757
-0.118396
-0.140041
0.0461951
0.0131182
-0.0187912
-0.0491997
-0.0778397
-0.104331
-0.128601
-0.150718
0.0451748
0.00889137
-0.0257643
-0.0582188
-0.0882779
-0.115808
-0.140725
-0.163132
0.0424179
0.00285691
-0.0346324
-0.0693991
-0.10114
-0.129737
-0.155165
-0.177591
0.0376897
-0.00553695
-0.0461437
-0.0834296
-0.116952
-0.146634
-0.17241
-0.194518
0.030371
-0.0170525
-0.0611451
-0.101095
-0.136451
-0.167151
-0.193062
-0.214452
0.0194832
-0.0327214
-0.0807252
-0.123528
-0.160718
-0.192223
-0.217881
-0.238042
0.00368774
-0.0539202
-0.106268
-0.152227
-0.191231
-0.223183
-0.247969
-0.266126
-0.0188515
-0.0825932
-0.139639
-0.18893
-0.229812
-0.261679
-0.284601
-0.299496
-0.0505133
-0.121235
-0.183902
-0.236719
-0.278502
-0.308969
-0.328437
-0.338004
-0.0951358
-0.172541
-0.240742
-0.296121
-0.337338
-0.364366
-0.377557
-0.378295
-0.156159
-0.242416
-0.312039
-0.365134
-0.401307
-0.42038
-0.423154
-0.412134
-0.206421
-0.291356
-0.359264
-0.408745
-0.439489
-0.452704
-0.450649
-0.436075
0.204343
0.195226
0.182335
0.165708
0.145774
0.122833
0.0979701
0.0705815
0.219135
0.208555
0.193591
0.174538
0.15213
0.12664
0.0994554
0.0713016
0.235622
0.223716
0.206986
0.185912
0.161472
0.134021
0.104891
0.0755166
0.25399
0.24093
0.222611
0.199592
0.172996
0.143357
0.111607
0.0793919
0.274153
0.259907
0.239874
0.214644
0.185379
0.152896
0.11784
0.0818829
0.295974
0.280347
0.258273
0.230407
0.197895
0.161883
0.122992
0.0828936
0.31938
0.302118
0.277601
0.246623
0.210308
0.170127
0.126923
0.0823529
0.344325
0.325171
0.297781
0.263163
0.222477
0.177466
0.129345
0.079795
0.370709
0.349384
0.318648
0.27977
0.234042
0.183439
0.1296
0.0743493
0.39826
0.374429
0.339786
0.295889
0.24428
0.187162
0.12663
0.0647752
0.426404
0.399642
0.360402
0.310551
0.252004
0.187253
0.118877
0.0493612
0.454051
0.423826
0.379139
0.322195
0.25542
0.181675
0.104106
0.025707
0.47932
0.444945
0.393706
0.328206
0.251589
0.167172
0.0787786
-0.00994495
0.498701
0.4596
0.400846
0.325294
0.23708
0.140243
0.0395099
-0.0607566
0.51466
0.471007
0.405396
0.321274
0.222533
0.114231
0.00259949
-0.106443
0.0236845
0.0236633
0.0236425
0.0236228
0.0236045
0.023588
0.0235722
0.0235597
0.0249749
0.0249291
0.0248675
0.0247905
0.0246988
0.0245935
0.0244735
0.0243417
0.0239264
0.0239424
0.023968
0.0239998
0.0240328
0.0240625
0.024087
0.024089
0.0271465
0.0270672
0.0269619
0.0268371
0.0267025
0.0265663
0.0264418
0.0263247
0.025597
0.0255419
0.0255048
0.0254801
0.0254561
0.0254494
0.0254868
0.0256168
0.0305127
0.0304589
0.0303703
0.0302538
0.0301105
0.0299598
0.0297779
0.0296675
0.0289791
0.0289269
0.0289037
0.0289079
0.0289317
0.0289715
0.0290109
0.0290765
0.0340925
0.034005
0.0338822
0.0337278
0.0335578
0.0333659
0.0331844
0.0329962
0.0345211
0.0344577
0.0344555
0.0344685
0.0345647
0.0345868
0.0348843
0.0347592
0.0397071
0.03961
0.039493
0.0393437
0.0391687
0.0389995
0.0387638
0.0387244
0.0416052
0.0414394
0.0413305
0.0412983
0.0412474
0.0414205
0.0411713
0.0413677
0.0470826
0.047119
0.0469263
0.0466429
0.0461519
0.0468164
0.0462047
0.0469658
0.051482
0.0512451
0.0510424
0.0508909
0.0506786
0.0507204
0.0503305
0.050722
0.0585987
0.0582735
0.0579406
0.0576372
0.0571705
0.0570597
0.0563097
0.0566585
0.0648263
0.0643156
0.0638104
0.0633187
0.0626703
0.0622845
0.0612897
0.06126
0.0737375
0.0730264
0.072291
0.0716244
0.070655
0.0699759
0.0684225
0.0680246
0.082717
0.0816216
0.0804425
0.0791844
0.0775814
0.0761933
0.0740376
0.0728377
0.0943806
0.0929195
0.091342
0.0896351
0.0873384
0.0852626
0.0819767
0.0797611
0.106977
0.104731
0.102188
0.0992821
0.0957331
0.0921283
0.0875664
0.0835172
0.122545
0.11965
0.116251
0.11232
0.107371
0.102221
0.0954864
0.0891619
0.13978
0.135593
0.130505
0.124353
0.116902
0.108494
0.0990657
0.0885768
0.160534
0.155252
0.148515
0.140097
0.129876
0.118035
0.104444
0.0892635
0.18371
0.176505
0.16675
0.154154
0.138859
0.120876
0.101331
0.079262
0.023548
0.0235355
0.0235088
0.0234649
0.0233975
0.0232979
0.0231587
0.0229711
0.0227271
0.0224208
0.0220467
0.0216046
0.0210927
0.0205123
0.0198717
0.0191558
0.0184061
0.0176198
0.0168724
0.016157
0.0156959
0.0153021
0.0150822
0.0241885
0.0239873
0.0237549
0.0235004
0.0232146
0.0229023
0.0225659
0.0222084
0.0218315
0.0214337
0.0210084
0.0205442
0.0200352
0.0194534
0.0188318
0.0181262
0.0174222
0.0167277
0.0161142
0.0155923
0.0151486
0.0147451
0.0146454
0.0240901
0.0240313
0.0239668
0.0238785
0.0237581
0.0235925
0.0233664
0.0230661
0.022681
0.0222063
0.0216463
0.0210117
0.0203156
0.0195871
0.0188261
0.018127
0.0174405
0.0168316
0.0163021
0.015847
0.0150588
0.01463
0.0142363
0.0261327
0.0258547
0.0255355
0.0251622
0.0247675
0.0243545
0.023929
0.0234903
0.023032
0.0225393
0.0220002
0.0214015
0.0207369
0.0200307
0.019276
0.018554
0.0177956
0.017076
0.0163363
0.0159034
0.0152348
0.0148394
0.0142838
0.0255615
0.0255629
0.0255638
0.0255377
0.0254366
0.0252325
0.0249033
0.0244358
0.0238275
0.0231098
0.0222925
0.0214378
0.02053
0.0195876
0.0186147
0.0175921
0.0165625
0.0155594
0.0147124
0.0143063
0.0140454
0.0138085
0.0137433
0.0293048
0.0288716
0.0283469
0.0277964
0.0272281
0.0266473
0.0260504
0.0254224
0.0247356
0.0239553
0.0230595
0.022042
0.0209179
0.0196968
0.0184263
0.0171485
0.0159241
0.0148733
0.0140445
0.0133907
0.0128218
0.0124385
0.0125872
0.0290646
0.0289462
0.0287603
0.0285257
0.0281483
0.027615
0.0268986
0.0260141
0.0249948
0.0238736
0.0226681
0.0213913
0.0200672
0.0187116
0.0173985
0.0161447
0.0150991
0.01421
0.0136098
0.0132109
0.0124894
0.0119254
0.011716
0.0327306
0.0319519
0.0311454
0.0303
0.029421
0.0285133
0.0275361
0.0264535
0.0252316
0.0238739
0.0224158
0.0208931
0.0193673
0.0178764
0.0164978
0.0152354
0.0142061
0.0132919
0.0126837
0.0124053
0.0120621
0.0116983
0.0113013
0.0346987
0.0341822
0.0338857
0.0331849
0.0323434
0.0312635
0.0300101
0.0286038
0.0270703
0.0254186
0.0236659
0.0218584
0.020046
0.0182908
0.0167001
0.0151943
0.0139175
0.0127466
0.011794
0.011169
0.0110312
0.0108602
0.0107287
0.0381724
0.0370748
0.0360407
0.0348967
0.0336809
0.0322779
0.0306903
0.0289028
0.0269591
0.0249177
0.0228306
0.0207507
0.0187223
0.0168101
0.0150561
0.0134706
0.0121373
0.0110143
0.0102358
0.00996024
0.00986779
0.00963466
0.00983174
0.0406617
0.0398607
0.0387477
0.0374049
0.0357413
0.0338663
0.0317512
0.0294158
0.0269039
0.0242956
0.0216613
0.019129
0.0167979
0.0146526
0.012791
0.0112178
0.010024
0.00916829
0.00878158
0.00902851
0.00895535
0.0087158
0.00893665
0.0455958
0.0442026
0.0424351
0.0404823
0.0382714
0.0358397
0.0331604
0.0302933
0.0273191
0.024314
0.0213473
0.0185351
0.015991
0.0137144
0.0118471
0.0103124
0.00928488
0.00853013
0.00824101
0.00859693
0.00845962
0.00831211
0.0083066
0.0492545
0.0476262
0.0455986
0.0431481
0.0403155
0.0372108
0.0338426
0.0303275
0.026806
0.0233935
0.0201686
0.0172243
0.0146548
0.0124307
0.0106758
0.00929985
0.00842472
0.00774663
0.00753908
0.00802886
0.00815829
0.00807318
0.0079191
0.0546227
0.0520455
0.0488447
0.0452201
0.0413431
0.0373292
0.0331364
0.0289181
0.024829
0.0209939
0.0175234
0.0144887
0.0119588
0.00987753
0.0083241
0.00716121
0.00655523
0.00601665
0.0060431
0.00700365
0.00761268
0.00762497
0.00753818
0.0589126
0.0557003
0.0516854
0.0471505
0.0423383
0.0373707
0.0322907
0.0273549
0.0227535
0.0185824
0.0149372
0.0118513
0.00937996
0.00744653
0.00608966
0.00513989
0.0047878
0.00450362
0.00477346
0.00596337
0.00682284
0.00695263
0.00702519
0.064706
0.0598759
0.0541029
0.0480491
0.0420843
0.0361705
0.0303494
0.0249495
0.0201203
0.0158917
0.0123205
0.00940251
0.00715033
0.00547791
0.00438828
0.00371644
0.00361379
0.00367239
0.00420233
0.00537773
0.00611095
0.00625482
0.00643012
0.0687424
0.0624359
0.0551735
0.0477286
0.0405076
0.0334986
0.026926
0.0211576
0.0162145
0.0120698
0.00873458
0.0061437
0.00426575
0.00298959
0.0022808
0.00199877
0.0022283
0.00269999
0.00363321
0.00506433
0.005653
0.00570271
0.00588645
0.0736568
0.0646279
0.0548807
0.0456099
0.0371283
0.0292252
0.0221843
0.0162508
0.0113252
0.00736158
0.00433498
0.00214516
0.000714178
-0.000103127
-0.00037546
-0.000231773
0.000388339
0.00126008
0.00265072
0.00460638
0.00523029
0.00526818
0.00542985
0.0759307
0.0646411
0.0529209
0.0422057
0.0326422
0.0240682
0.0168643
0.0110215
0.00632913
0.00270632
9.4988e-05
-0.00162807
-0.00258095
-0.00293714
-0.00278774
-0.00225579
-0.0012956
-6.84949e-05
0.00163357
0.00395846
0.00468499
0.0048602
0.00501799
0.0777736
0.0624513
0.0482361
0.0364491
0.0263458
0.017707
0.010789
0.00538064
0.00120655
-0.00183429
-0.00383198
-0.00495378
-0.00535136
-0.00521386
-0.00464534
-0.00375772
-0.00253087
-0.00100763
0.000827112
0.00325534
0.0040381
0.00441446
0.00459375
0.0746585
0.056936
0.04135
0.0289933
0.0186708
0.010295
0.00390234
-0.000902244
-0.00441683
-0.0067335
-0.00798359
-0.00839684
-0.00816248
-0.0074822
-0.00646411
-0.00520997
-0.003726
-0.00192727
4.00123e-05
0.00256956
0.00340711
0.00394567
0.0041562
0.0686534
0.047147
0.0316196
0.0196506
0.00970153
0.00194426
-0.0037974
-0.00798416
-0.0108003
-0.0123271
-0.0127702
-0.0124237
-0.0115136
-0.0102615
-0.00875618
-0.00712527
-0.0053342
-0.00328291
-0.00108246
0.00180764
0.00280507
0.00347299
0.00372719
0.0530271
0.0339899
0.0203802
0.00915113
6.75625e-06
-0.00692204
-0.0119762
-0.015601
-0.0176931
-0.0183754
-0.0179747
-0.0168485
-0.0152448
-0.0134126
-0.0113974
-0.00939568
-0.00725885
-0.00497077
-0.00253047
0.000882769
0.00216807
0.00300909
0.00332461
0.0348645
0.021643
0.0104919
2.76434e-05
-0.00823423
-0.0144607
-0.0189813
-0.0221706
-0.0236085
-0.0235297
-0.0223719
-0.0205489
-0.0183262
-0.0159811
-0.0135091
-0.0112132
-0.00877677
-0.00632167
-0.00380908
9.36465e-06
0.00161428
0.00262704
0.00301053
0.0142448
0.00210246
-0.00524683
-0.0133402
-0.0191722
-0.0235296
-0.0264858
-0.0282233
-0.0283593
-0.0272182
-0.0252234
-0.0227481
-0.0200255
-0.0172982
-0.0145311
-0.0120568
-0.00945313
-0.0069414
-0.00446009
-0.000474006
0.00129331
0.00235734
0.00278394
-0.00900392
-0.0216003
-0.0259732
-0.0312394
-0.0337415
-0.0351714
-0.0353182
-0.0342611
-0.0322688
-0.0296745
-0.0267232
-0.0236264
-0.0205167
-0.017544
-0.0146415
-0.0121067
-0.00946126
-0.00698906
-0.00458671
-0.000593423
0.00115167
0.00214015
0.00258009
-0.031321
-0.042147
-0.0444617
-0.0474246
-0.0469488
-0.0455838
-0.043063
-0.0395883
-0.0357291
-0.0318286
-0.0280043
-0.0243366
-0.0208693
-0.0176798
-0.0146574
-0.0120815
-0.00940507
-0.00697077
-0.00461188
-0.000588412
0.0010813
0.00194704
0.00238346
-0.0532322
-0.0598617
-0.0585261
-0.0591092
-0.056148
-0.0528505
-0.0486249
-0.0437885
-0.0388095
-0.0340145
-0.0295133
-0.0253529
-0.0215382
-0.0181218
-0.0149446
-0.0123088
-0.00957168
-0.00714419
-0.00477128
-0.000641419
0.000994882
0.00175282
0.00218554
-0.074874
-0.0760906
-0.0708048
-0.068326
-0.0630192
-0.0580982
-0.0527199
-0.0470555
-0.0414397
-0.0360848
-0.0311006
-0.0265468
-0.0224237
-0.0187891
-0.0154471
-0.0127332
-0.00992856
-0.007485
-0.00506181
-0.000817245
0.00084731
0.001544
0.00198145
-0.0952777
-0.0910932
-0.0829006
-0.0770223
-0.0696232
-0.0628415
-0.056448
-0.0499146
-0.0437216
-0.0379111
-0.0325448
-0.0276739
-0.023294
-0.019466
-0.0159817
-0.0131736
-0.0103242
-0.00784865
-0.00534225
-0.00109249
0.000635579
0.00131986
0.00176877
-0.113722
-0.105264
-0.0947784
-0.0856503
-0.076294
-0.0678478
-0.0600001
-0.0525877
-0.0457583
-0.0394824
-0.0337654
-0.0286218
-0.0240335
-0.0200404
-0.0164576
-0.013537
-0.0106609
-0.00815461
-0.00557369
-0.00138995
0.000390011
0.00108966
0.00154944
)
;

boundaryField
{
    outlet
    {
        type            fixedValue;
        value           uniform 0;
    }
    upperWall
    {
        type            symmetryPlane;
    }
    lowerWall
    {
        type            symmetryPlane;
    }
    inlet
    {
        type            zeroGradient;
    }
    cylinder
    {
        type            zeroGradient;
    }
    frontAndBack
    {
        type            empty;
    }
}


// ************************************************************************* //
