/*--------------------------------*- C++ -*----------------------------------*\
| =========                 |                                                 |
| \\      /  F ield         | OpenFOAM: The Open Source CFD Toolbox           |
|  \\    /   O peration     | Version:  2312                                  |
|   \\  /    A nd           | Website:  www.openfoam.com                      |
|    \\/     M anipulation  |                                                 |
\*---------------------------------------------------------------------------*/
FoamFile
{
    version     2.0;
    format      ascii;
    arch        "LSB;label=32;scalar=64";
    class       volScalarField;
    location    "68.2";
    object      p;
}
// * * * * * * * * * * * * * * * * * * * * * * * * * * * * * * * * * * * * * //

dimensions      [0 2 -2 0 0 0 0];

internalField   nonuniform List<scalar> 
5478
(
-0.34949
-0.350639
-0.349775
-0.346994
-0.34066
-0.329622
-0.313394
-0.292895
-0.270022
-0.247012
-0.225607
-0.206468
-0.190275
-0.175688
-0.162584
-0.357041
-0.356251
-0.354142
-0.350052
-0.342304
-0.329493
-0.311531
-0.289905
-0.266735
-0.243838
-0.222335
-0.202853
-0.185469
-0.169761
-0.15593
-0.366258
-0.362944
-0.358635
-0.352299
-0.341914
-0.326256
-0.306021
-0.283148
-0.259601
-0.236851
-0.215743
-0.196538
-0.17919
-0.163313
-0.148685
-0.378109
-0.371984
-0.364883
-0.355239
-0.340673
-0.321062
-0.29815
-0.274025
-0.250312
-0.227959
-0.207287
-0.188377
-0.170988
-0.155017
-0.140635
-0.394197
-0.384585
-0.374212
-0.359538
-0.339036
-0.314672
-0.288989
-0.263719
-0.239791
-0.217579
-0.197188
-0.178535
-0.161455
-0.14599
-0.131652
-0.415393
-0.400686
-0.385962
-0.364001
-0.336248
-0.306926
-0.278516
-0.251986
-0.227614
-0.205424
-0.185283
-0.16701
-0.150392
-0.135276
-0.121202
-0.439653
-0.419305
-0.396992
-0.365657
-0.330439
-0.296462
-0.265469
-0.237665
-0.212813
-0.190594
-0.17072
-0.152931
-0.137023
-0.122781
-0.109582
-0.461485
-0.436748
-0.403226
-0.361323
-0.319276
-0.281325
-0.248163
-0.219326
-0.194163
-0.172123
-0.152761
-0.135742
-0.120787
-0.107559
-0.095679
-0.451719
-0.453117
-0.454862
-0.460135
-0.468897
-0.480534
-0.494137
-0.508305
-0.520996
-0.529825
-0.530607
-0.523698
-0.50706
-0.481218
-0.448054
-0.421716
-0.423203
-0.423291
-0.425011
-0.428289
-0.432254
-0.43581
-0.437594
-0.436095
-0.429507
-0.417708
-0.400191
-0.377962
-0.352629
-0.325039
-0.395557
-0.397023
-0.395981
-0.395001
-0.3939
-0.39165
-0.387097
-0.379127
-0.367153
-0.350478
-0.329603
-0.305382
-0.277542
-0.256072
-0.230777
-0.374574
-0.376161
-0.37468
-0.372084
-0.368047
-0.361577
-0.351659
-0.337829
-0.319391
-0.296661
-0.270222
-0.247223
-0.213173
-0.200257
-0.183095
-0.35891
-0.360815
-0.359398
-0.356043
-0.350281
-0.341259
-0.328259
-0.310548
-0.288175
-0.263509
-0.232728
-0.212721
-0.184506
-0.171266
-0.164139
-0.348474
-0.350766
-0.349601
-0.345991
-0.339323
-0.328834
-0.314182
-0.295486
-0.269619
-0.244941
-0.217409
-0.19713
-0.177195
-0.165201
-0.163083
-0.343495
-0.346001
-0.34516
-0.34177
-0.335117
-0.324461
-0.309336
-0.289745
-0.266265
-0.241616
-0.217779
-0.197871
-0.182933
-0.173488
-0.170811
-0.344262
-0.34647
-0.345884
-0.342995
-0.336958
-0.326548
-0.311273
-0.291563
-0.268834
-0.245182
-0.223416
-0.204367
-0.189787
-0.17913
-0.172114
-0.397099
-0.361179
-0.387851
-0.431804
-0.397629
-0.287417
-0.194517
-0.158148
-0.14567
-0.150284
-0.151967
-0.151215
-0.153377
-0.143265
-0.108572
-0.0938198
-0.113478
-0.131547
-0.112413
-0.0829417
-0.0804645
-0.0960364
-0.10042
-0.101741
-0.122423
-0.115074
-0.0522034
-0.00377193
-0.0002322
-0.0135333
-0.0367486
-0.0595152
-0.0612994
-0.04439
-0.0228143
-0.00689057
-4.20941e-05
0.00190533
-0.305274
-0.333376
-0.415784
-0.476742
-0.436418
-0.314056
-0.207002
-0.157595
-0.137007
-0.126265
-0.119991
-0.134891
-0.149358
-0.140108
-0.105067
-0.090558
-0.111019
-0.129991
-0.112632
-0.0846863
-0.0864397
-0.103887
-0.10617
-0.101819
-0.118765
-0.113475
-0.0546812
-0.00457479
-0.000710804
-0.0155048
-0.0408294
-0.064161
-0.0644624
-0.0459476
-0.0235465
-0.00705095
-0.000108594
0.00179376
-0.232183
-0.290874
-0.409458
-0.491671
-0.451173
-0.327155
-0.212737
-0.155262
-0.132249
-0.113782
-0.0997962
-0.121139
-0.144253
-0.135625
-0.10178
-0.0869578
-0.10735
-0.125984
-0.111893
-0.0851341
-0.0899316
-0.108767
-0.109342
-0.100035
-0.113158
-0.110146
-0.0572076
-0.00590322
-0.0011935
-0.0173003
-0.0446688
-0.0686172
-0.0675801
-0.0476052
-0.0244075
-0.00731095
-0.000256705
0.00161401
-0.185586
-0.246062
-0.366669
-0.454834
-0.422891
-0.314477
-0.210526
-0.150752
-0.127486
-0.11049
-0.0931131
-0.11339
-0.141601
-0.132962
-0.0980441
-0.0828036
-0.101659
-0.119729
-0.110234
-0.0845287
-0.0907391
-0.110726
-0.10994
-0.0970359
-0.106305
-0.105539
-0.0595351
-0.00766921
-0.00169497
-0.0188349
-0.0481518
-0.0727986
-0.0706072
-0.0493159
-0.0253398
-0.00767408
-0.000469245
0.00139057
-0.168698
-0.212846
-0.315981
-0.399092
-0.377675
-0.290859
-0.204902
-0.147712
-0.123228
-0.108932
-0.0961019
-0.116395
-0.143332
-0.130302
-0.0960156
-0.0807029
-0.0966261
-0.112649
-0.107433
-0.0833794
-0.0890808
-0.110507
-0.108352
-0.0932789
-0.0990755
-0.100228
-0.0614623
-0.00984768
-0.00200515
-0.0201058
-0.0514025
-0.0767058
-0.0735123
-0.0510355
-0.0263001
-0.0081335
-0.00072761
0.00114892
-0.168343
-0.191907
-0.265603
-0.336353
-0.323324
-0.259942
-0.19285
-0.143339
-0.11879
-0.103606
-0.10226
-0.122037
-0.147675
-0.130509
-0.0955032
-0.079645
-0.0907703
-0.10424
-0.102905
-0.0818657
-0.0857546
-0.108841
-0.105531
-0.0893136
-0.0923003
-0.0938319
-0.0628986
-0.0124479
-0.00244732
-0.0210825
-0.0540152
-0.0800943
-0.0761848
-0.0527229
-0.0272869
-0.00868212
-0.00102167
0.000911527
-0.17242
-0.17768
-0.222959
-0.270243
-0.271014
-0.233293
-0.182692
-0.140614
-0.114718
-0.0963881
-0.103106
-0.126789
-0.1536
-0.129804
-0.0968082
-0.080793
-0.0874785
-0.0978417
-0.0973182
-0.0793278
-0.081653
-0.105383
-0.101381
-0.0851307
-0.0867695
-0.093951
-0.0644476
-0.0159874
-0.00248901
-0.0216552
-0.0565002
-0.0831612
-0.0786777
-0.0544321
-0.0283452
-0.00932015
-0.00135109
0.000694571
-0.166841
-0.165032
-0.169721
-0.208527
-0.214749
-0.200287
-0.169226
-0.135276
-0.113155
-0.0894372
-0.0895936
-0.126313
-0.158579
-0.130565
-0.101445
-0.0803012
-0.0817902
-0.0901244
-0.0882412
-0.0753323
-0.0760857
-0.101774
-0.0984036
-0.081622
-0.082606
-0.0868683
-0.0632322
-0.0198984
-0.00320918
-0.0219395
-0.0578797
-0.085311
-0.0807624
-0.0559694
-0.0292551
-0.00992387
-0.00168248
0.000511855
-0.159001
-0.166769
-0.174311
-0.176809
-0.178854
-0.167644
-0.14219
-0.112203
-0.0929506
-0.0755073
-0.0671309
-0.104471
-0.131823
-0.116362
-0.102975
-0.0849162
-0.0803442
-0.0853143
-0.0790476
-0.0704223
-0.0688814
-0.0910459
-0.0916717
-0.0762883
-0.0783838
-0.0850027
-0.0624607
-0.0212831
-0.00157541
-0.0217323
-0.0599521
-0.0882501
-0.0829306
-0.0569557
-0.0297159
-0.0104098
-0.00202972
0.000330148
-0.136449
-0.144639
-0.144061
-0.142081
-0.136061
-0.124046
-0.105117
-0.0833443
-0.0685969
-0.0519465
-0.0426628
-0.0742341
-0.09572
-0.0907193
-0.0940902
-0.0911949
-0.0726996
-0.0667719
-0.0643166
-0.0604879
-0.0619504
-0.0889895
-0.0888002
-0.0700362
-0.0706281
-0.0796015
-0.062782
-0.0229864
-0.00674161
-0.0246899
-0.0628765
-0.0909263
-0.0842776
-0.0574295
-0.0300459
-0.0109503
-0.00244641
0.000137624
-0.112473
-0.122716
-0.122409
-0.116877
-0.109781
-0.100195
-0.0868675
-0.0694617
-0.0533565
-0.0333929
-0.00895532
-0.00662037
-0.00165871
-0.027858
-0.0695431
-0.0867735
-0.0665971
-0.0538597
-0.0475105
-0.0489918
-0.0491833
-0.0660035
-0.0763392
-0.057132
-0.0603775
-0.0772074
-0.0637391
-0.0264034
-0.0118882
-0.0287624
-0.0651501
-0.0918906
-0.0843226
-0.0571837
-0.0301306
-0.0114391
-0.00287155
-2.95129e-05
-0.0910603
-0.0998908
-0.100207
-0.0942366
-0.0857627
-0.07469
-0.0607252
-0.0464908
-0.0304824
-0.0136054
0.00864013
0.0260822
0.0404881
0.0233194
-0.0340792
-0.0624169
-0.0480597
-0.0322231
-0.0267389
-0.0327866
-0.0360598
-0.0546534
-0.0575367
-0.0365632
-0.0484738
-0.0726148
-0.0624931
-0.0310428
-0.0193211
-0.0331445
-0.0657912
-0.0905934
-0.082404
-0.0557403
-0.029714
-0.0117869
-0.00326952
-0.000179619
-0.0704867
-0.0786646
-0.079681
-0.0749367
-0.0670843
-0.0580792
-0.048033
-0.0364107
-0.022937
-0.00622939
0.0171734
0.0398089
0.0490599
0.0416597
-0.00303318
-0.0304737
-0.0311068
-0.0221161
-0.0117993
-0.0143495
-0.016815
-0.0387326
-0.0377127
-0.0127918
-0.0338549
-0.0646112
-0.0582756
-0.0364154
-0.0286817
-0.037439
-0.0639821
-0.0860972
-0.0780646
-0.0529092
-0.028702
-0.0119411
-0.00361298
-0.000320222
-0.053531
-0.0607582
-0.0620508
-0.0583555
-0.0518737
-0.0440199
-0.0345921
-0.0237788
-0.0116502
0.00239126
0.0188569
0.0330142
0.0418312
0.0385959
0.0132605
-0.00670818
-0.0140731
-0.00479387
0.00282976
0.00361116
-0.00362362
-0.0322176
-0.0301342
0.00190322
-0.019847
-0.0505936
-0.0487917
-0.0406847
-0.0394368
-0.0409801
-0.0590896
-0.0779443
-0.0709389
-0.0485288
-0.0269716
-0.0118085
-0.00385641
-0.00044923
-0.0395261
-0.0453318
-0.0465859
-0.0439351
-0.0387715
-0.0322917
-0.0250619
-0.0168347
-0.00792292
0.00256224
0.015098
0.0261533
0.0324878
0.0309269
0.0181752
0.00585876
-0.00119383
0.00153099
0.00960761
0.016025
0.0102115
-0.0243431
-0.0272129
0.00327599
-0.00990663
-0.0331919
-0.0346713
-0.0413915
-0.0461124
-0.0413821
-0.0507346
-0.0664111
-0.0612939
-0.0427671
-0.024559
-0.0113478
-0.00396603
-0.000554374
-0.027941
-0.0325184
-0.0338558
-0.0321922
-0.0283846
-0.0233245
-0.0177577
-0.011345
-0.00426099
0.00381806
0.0126051
0.0199678
0.024528
0.0242061
0.0177953
0.0108955
0.00717927
0.00933052
0.015764
0.0230812
0.0197181
-0.0109398
-0.0188791
0.000246772
-0.00365034
-0.0165762
-0.0180858
-0.036261
-0.0469219
-0.0371755
-0.0387084
-0.0515142
-0.049601
-0.0360337
-0.0215822
-0.0105634
-0.00392725
-0.000631996
-0.0185159
-0.0222018
-0.0235446
-0.0224443
-0.0196564
-0.0158615
-0.0116821
-0.00697168
-0.00182275
0.0036872
0.00971517
0.014854
0.0182203
0.0190157
0.0162734
0.0130392
0.0115373
0.0116966
0.0159995
0.0232142
0.0222338
0.00158839
-0.00773391
0.000305306
0.000300572
-0.00476468
-0.00411614
-0.0245726
-0.0383171
-0.0273239
-0.0257069
-0.0370988
-0.0381498
-0.0289226
-0.0181366
-0.00944232
-0.00373889
-0.000681367
-0.0112201
-0.0140413
-0.0151111
-0.0144507
-0.0125816
-0.00993647
-0.00694423
-0.00363202
1.67944e-05
0.00384221
0.00797776
0.0116262
0.014109
0.0153293
0.0145039
0.0131137
0.0130798
0.0134549
0.0159177
0.020749
0.020239
0.00824158
-0.000153121
0.00211375
0.00294258
0.00257931
0.00488739
-0.00838687
-0.0176926
-0.0132455
-0.0146786
-0.0255047
-0.0278682
-0.0221444
-0.0146586
-0.00815712
-0.00344614
-0.000720237
-0.00541768
-0.00751828
-0.00844854
-0.00816416
-0.00695086
-0.00512631
-0.00303011
-0.000757199
0.00171045
0.00427385
0.00700564
0.00959527
0.0114435
0.0126881
0.0129543
0.0126946
0.0130492
0.0133203
0.0143127
0.0170051
0.0169061
0.0102874
0.00413667
0.00389417
0.004915
0.00620259
0.00774351
0.00171054
-0.00443706
-0.00278293
-0.00753423
-0.0169856
-0.0199436
-0.0162637
-0.0113754
-0.00672578
-0.00299899
-0.000686097
-0.000736565
-0.00240826
-0.00325065
-0.00319913
-0.00243887
-0.00124224
0.000177646
0.00167367
0.00328222
0.00498706
0.00680125
0.00855916
0.00995952
0.0110407
0.0116686
0.011825
0.0122481
0.0127099
0.0131716
0.0143354
0.0142816
0.0106209
0.00644766
0.00539313
0.00597283
0.00727957
0.00848945
0.00569401
0.00147817
0.00150703
-0.00360607
-0.0108034
-0.0127549
-0.0110708
-0.00824481
-0.00519907
-0.00246057
-0.000637818
0.00281685
0.00153269
0.00084424
0.000766002
0.00117195
0.00190164
0.00279357
0.00374773
0.00475718
0.00583849
0.00699614
0.00816887
0.00919117
0.0100106
0.0106628
0.0110493
0.0114614
0.0118341
0.0119785
0.0123195
0.0121305
0.0101905
0.00755818
0.00638849
0.00653236
0.00723052
0.00767004
0.00579111
0.00317993
0.00246476
-0.00176402
-0.00674374
-0.00808978
-0.00732666
-0.00576457
-0.00386162
-0.00194811
-0.000562752
0.00560156
0.00462802
0.00404673
0.0038692
0.00403097
0.0044336
0.00496119
0.00552483
0.00611376
0.00675037
0.00746568
0.00820732
0.00889565
0.0094767
0.00999492
0.0103737
0.0106715
0.0109223
0.010973
0.0110008
0.0106886
0.00962443
0.00798982
0.00692896
0.00674666
0.00686271
0.00689449
0.00552059
0.00371827
0.00257775
-0.000713236
-0.00397954
-0.00477292
-0.00432677
-0.00351921
-0.00247193
-0.0013544
-0.000477183
0.0077763
0.00701481
0.00651401
0.00628659
0.00629266
0.00647104
0.00673785
0.00702487
0.00732048
0.00765029
0.00805201
0.00847631
0.00889357
0.00924633
0.00958812
0.0098636
0.0100612
0.0101968
0.0101639
0.010063
0.00970769
0.00905806
0.00802234
0.00716488
0.00678943
0.0064932
0.00618478
0.00500857
0.00361385
0.00240084
5.48131e-05
-0.00197118
-0.00242692
-0.00227232
-0.00183949
-0.00133306
-0.000800857
-0.000336108
0.00942167
0.00882786
0.00840328
0.00815473
0.00805966
0.00808333
0.00817036
0.00826789
0.00837014
0.00849022
0.00866868
0.00886431
0.00906837
0.00923404
0.00940513
0.00955176
0.00963322
0.00966345
0.00955509
0.00941297
0.00905597
0.0085732
0.00786583
0.00716721
0.00671589
0.0061985
0.00573262
0.00474665
0.00362227
0.00254524
0.000816886
-0.000414346
-0.000646122
-0.000602246
-0.000395274
-0.00032807
-0.000349164
-0.000270951
0.0106834
0.0102155
0.00984878
0.00959213
0.00943426
0.0093572
0.00932289
0.00929294
0.00926283
0.0092401
0.00926246
0.00929341
0.00933693
0.00935338
0.00938493
0.00940626
0.00938596
0.00932566
0.00915911
0.00897514
0.00862315
0.00823385
0.00769872
0.00712186
0.00666176
0.00607071
0.00553586
0.00466644
0.00373127
0.00282531
0.00155114
0.000779467
0.000594139
0.000574343
0.000728109
0.000633934
0.00024712
-5.5172e-05
0.0116164
0.0112412
0.0109241
0.0106721
0.0104803
0.0103386
0.010225
0.01011
0.00999576
0.00988061
0.00979789
0.00971412
0.00964188
0.00954946
0.00946995
0.00939301
0.0092808
0.00915278
0.0089319
0.00871476
0.00836687
0.00798926
0.00754482
0.00705212
0.00663154
0.00602718
0.00547385
0.00472011
0.00394869
0.00323294
0.00225913
0.00176228
0.00163891
0.00150131
0.00154171
0.00123694
0.000601477
5.6307e-05
0.0123175
0.0120099
0.0117328
0.0114885
0.0112808
0.0110974
0.0109343
0.010763
0.0105958
0.0104194
0.0102652
0.0101053
0.00994957
0.00978239
0.00961912
0.00946923
0.00928001
0.00910244
0.00884434
0.00859585
0.00826006
0.00789821
0.00752061
0.00708026
0.00669634
0.00614507
0.0055994
0.00496678
0.00428765
0.00370133
0.00297806
0.00252677
0.00235351
0.00225769
0.00219116
0.00184359
0.00113469
0.000327551
0.0128086
0.0125491
0.0123039
0.0120699
0.0118565
0.0116485
0.0114555
0.0112497
0.0110508
0.0108422
0.0106466
0.0104492
0.0102409
0.0100413
0.00981875
0.00963297
0.00938726
0.00916554
0.00888795
0.00860163
0.00829404
0.0079244
0.00761294
0.00716746
0.00679272
0.00632577
0.00578381
0.00534025
0.00467421
0.00412906
0.00358821
0.0030571
0.00282561
0.00258595
0.00230314
0.00195395
0.00143483
0.000543893
0.0131449
0.0129187
0.0126916
0.0124674
0.0122503
0.0120359
0.0118245
0.0116038
0.0113802
0.0111493
0.01092
0.0106894
0.0104493
0.0102112
0.00995706
0.00971191
0.00944506
0.00917946
0.00889154
0.00858533
0.00827895
0.00791715
0.00757847
0.00717074
0.00676731
0.00633385
0.00581555
0.00533691
0.00478189
0.00427075
0.0037996
0.00333019
0.00297043
0.00265387
0.00227456
0.00184153
0.00128919
0.000464629
0.0133504
0.0131462
0.0129337
0.0127175
0.0124999
0.0122813
0.0120598
0.0118318
0.0115975
0.0113577
0.0111146
0.0108684
0.0106149
0.010358
0.0100906
0.00981996
0.00953713
0.00924553
0.00894557
0.00862437
0.00829971
0.00793944
0.00758478
0.00719163
0.00678403
0.00636464
0.00588916
0.00545006
0.00495153
0.0044676
0.00400129
0.00352612
0.00314338
0.00276474
0.00237033
0.00188401
0.00126061
0.000437585
0.0134482
0.0132566
0.0130518
0.0128396
0.0126217
0.0124019
0.0121772
0.0119472
0.0117087
0.0114637
0.0112123
0.0109568
0.0106956
0.0104275
0.0101518
0.00986636
0.00957538
0.00927059
0.00896295
0.00863432
0.0083019
0.00794287
0.0075782
0.00719473
0.00678142
0.00637132
0.00590665
0.00546557
0.00499089
0.00451736
0.00406944
0.00360113
0.00318208
0.00276256
0.0023248
0.00181762
0.00119904
0.000416739
-0.0814584
-0.092543
-0.102695
-0.112382
-0.121585
-0.129663
-0.13779
-0.147381
-0.0664508
-0.0746935
-0.0824133
-0.0901757
-0.097818
-0.105423
-0.112693
-0.122723
-0.0522045
-0.0581389
-0.063686
-0.0694936
-0.0754916
-0.0817278
-0.0883063
-0.0977799
-0.0410856
-0.0454413
-0.0495755
-0.0538953
-0.058796
-0.0642021
-0.0705175
-0.078667
-0.0313716
-0.0346396
-0.0378491
-0.0412747
-0.0453708
-0.0496473
-0.0544298
-0.0605069
-0.0234638
-0.0258336
-0.0281831
-0.0306175
-0.0335198
-0.0364862
-0.0401072
-0.045203
-0.0166685
-0.0182543
-0.0198318
-0.0214979
-0.023618
-0.0259764
-0.0290014
-0.0331348
-0.0109102
-0.0119598
-0.0129953
-0.0141699
-0.015785
-0.0177012
-0.0200414
-0.0231464
-0.00598679
-0.00668394
-0.00739011
-0.00828238
-0.00949441
-0.0108459
-0.0124536
-0.0147831
-0.00187002
-0.00236082
-0.0028386
-0.00341535
-0.0041628
-0.00506764
-0.0063341
-0.00827644
0.00162213
0.00129224
0.00100803
0.00064471
8.39083e-05
-0.000708132
-0.00178134
-0.00326779
0.00455649
0.00429828
0.00406727
0.00376053
0.0033071
0.00272951
0.00198539
0.000902032
0.00693142
0.00670057
0.00650608
0.00628578
0.00598461
0.00557642
0.00498922
0.0041073
0.00888379
0.00867215
0.00849879
0.00831481
0.00806461
0.0077201
0.00724158
0.00656502
0.0104273
0.010216
0.0100376
0.00986204
0.00965062
0.0093813
0.00901841
0.00850886
0.0116242
0.0114153
0.0112372
0.0110732
0.0108928
0.010673
0.010382
0.00998551
0.0125391
0.0123354
0.0121584
0.0120001
0.0118373
0.0116514
0.0114176
0.011114
0.0132245
0.0130273
0.0128533
0.0127
0.012549
0.0123863
0.012192
0.011953
0.0137255
0.0135378
0.0133694
0.013222
0.0130814
0.0129375
0.0127742
0.0125843
0.0140878
0.0139075
0.0137427
0.0135976
0.0134624
0.0133291
0.0131857
0.0130276
0.0143242
0.0141535
0.0139924
0.0138481
0.0137162
0.0135911
0.0134633
0.0133288
0.0144581
0.0143063
0.0141548
0.0140125
0.0138802
0.0137567
0.0136354
0.0135135
0.0145054
0.0143729
0.0142328
0.0140937
0.0139603
0.0138356
0.0137162
0.0136001
0.0720647
0.0757501
0.0790967
0.0818855
0.0833757
0.0833006
0.081491
0.0774643
0.0703274
0.058774
0.0409947
0.0144652
-0.0249191
-0.0802939
-0.129772
0.0506194
0.0520003
0.0517986
0.0504853
0.0479466
0.0437976
0.0375453
0.0284725
0.0155581
-0.0025997
-0.0279245
-0.0629211
-0.111557
-0.177792
-0.231488
0.0285595
0.0276877
0.0241369
0.0191932
0.0130694
0.00521736
-0.00508853
-0.0186975
-0.0366978
-0.0605583
-0.0923326
-0.134593
-0.190296
-0.264884
-0.317149
0.00555394
0.00230973
-0.00397283
-0.0116175
-0.0205622
-0.031539
-0.0453521
-0.0628529
-0.0851193
-0.113593
-0.150478
-0.19847
-0.259766
-0.335211
-0.384953
-0.0174262
-0.0232241
-0.0315743
-0.0411608
-0.0523132
-0.0658524
-0.0825067
-0.103092
-0.128665
-0.160537
-0.200947
-0.252602
-0.316085
-0.388603
-0.433803
-0.0393345
-0.047612
-0.0575067
-0.068605
-0.0815959
-0.097235
-0.116069
-0.138887
-0.166686
-0.200815
-0.243176
-0.295689
-0.358221
-0.424843
-0.463913
-0.059943
-0.0699427
-0.0809453
-0.0934331
-0.108047
-0.125327
-0.145778
-0.17006
-0.199085
-0.234059
-0.276474
-0.327526
-0.386119
-0.443836
-0.476901
-0.0792946
-0.089913
-0.101916
-0.11569
-0.131657
-0.150181
-0.171674
-0.196695
-0.226012
-0.260585
-0.301463
-0.34902
-0.400656
-0.446899
-0.47526
0.188538
0.203414
0.219928
0.238518
0.259272
0.282111
0.306944
0.333717
0.362351
0.392598
0.423884
0.455055
0.484136
0.507184
0.526217
0.187438
0.201707
0.217643
0.235714
0.255948
0.278181
0.30227
0.32815
0.355742
0.384785
0.414667
0.444181
0.471283
0.492075
0.508895
0.182232
0.195076
0.209787
0.226792
0.245912
0.2668
0.289224
0.313079
0.338246
0.364406
0.390866
0.41632
0.438563
0.453863
0.465421
0.17295
0.18375
0.196767
0.212195
0.229531
0.248248
0.26807
0.288862
0.31043
0.332322
0.353677
0.373012
0.387846
0.394624
0.398495
0.159599
0.167977
0.179092
0.192701
0.207794
0.223638
0.239954
0.256644
0.273467
0.289835
0.304671
0.316254
0.321753
0.317528
0.311935
0.142544
0.148173
0.157197
0.168725
0.181214
0.193766
0.206088
0.218051
0.229332
0.239194
0.246369
0.248905
0.243636
0.226763
0.209593
0.122113
0.1255
0.132664
0.141661
0.150799
0.159388
0.167224
0.174082
0.179424
0.182301
0.181235
0.174044
0.157262
0.127067
0.0975776
0.0982641
0.100378
0.106376
0.112739
0.118145
0.122328
0.125272
0.126662
0.125751
0.121375
0.111853
0.0947703
0.0663315
0.0229572
-0.0179555
0.0256466
0.0301508
0.026579
0.0304242
0.0280526
0.0324181
0.0306993
0.0351646
0.034598
0.0391513
0.0400383
0.0449456
0.0475691
0.0533543
0.0582348
0.0656488
0.0733124
0.0834487
0.0947483
0.108927
0.125129
0.14493
0.167735
0.025699
0.0301811
0.0266476
0.0304539
0.0281506
0.0324614
0.0308164
0.0352511
0.0347497
0.0392771
0.0402792
0.0451603
0.0478627
0.0537437
0.0586561
0.0660918
0.0738455
0.0840297
0.0953255
0.10955
0.125513
0.145181
0.167411
0.0257609
0.0301865
0.026733
0.0304529
0.0282738
0.032471
0.030977
0.0353065
0.0349408
0.0393605
0.0405554
0.0453181
0.0481605
0.0539536
0.0589531
0.0663179
0.0740669
0.0841551
0.0951584
0.109154
0.12444
0.143497
0.16416
0.0258308
0.0301688
0.0268321
0.0304257
0.028417
0.0324509
0.0311581
0.0353311
0.035169
0.0394342
0.0408565
0.0455188
0.0485373
0.0543518
0.0593452
0.0667813
0.0743837
0.0845036
0.0949781
0.108615
0.122607
0.140333
0.158063
0.025909
0.0301313
0.0269375
0.0303759
0.0285768
0.0324076
0.0313551
0.0353297
0.0354119
0.0394721
0.0411487
0.0455745
0.0487664
0.0544132
0.0594722
0.0666863
0.074095
0.0838063
0.0936715
0.106496
0.118926
0.13485
0.14875
0.0259889
0.0300764
0.0270713
0.0303091
0.0287463
0.0323515
0.0315673
0.0353262
0.0356959
0.039562
0.0415167
0.0458373
0.0492685
0.0549262
0.059904
0.0673656
0.0744065
0.0841087
0.0930305
0.104986
0.11496
0.128086
0.136665
0.0260803
0.0300061
0.0271944
0.0302315
0.0289191
0.0322807
0.0317694
0.0352905
0.0359079
0.039569
0.0417326
0.0458116
0.0494034
0.0547966
0.0597317
0.0667368
0.0735546
0.0823153
0.090523
0.100742
0.108725
0.118588
0.121538
0.0261654
0.0299274
0.0273221
0.0301542
0.0290986
0.0322395
0.032005
0.035334
0.0362614
0.039786
0.0422309
0.0462566
0.0500409
0.0557249
0.0604762
0.0678884
0.0741495
0.0829497
0.0896559
0.0985002
0.102592
0.107766
0.103267
0.0262683
0.0298103
0.0274842
0.0300139
0.0292957
0.0320791
0.0322038
0.0351785
0.0364114
0.0396566
0.0422538
0.0460762
0.0498257
0.0549277
0.0595815
0.0659202
0.0717126
0.0782023
0.0838721
0.0883789
0.0901971
0.0880236
0.0784604
0.0264019
0.0296294
0.0276942
0.0298091
0.0295044
0.0318114
0.0323776
0.0347955
0.03641
0.0391555
0.0419083
0.0451207
0.0488724
0.0531171
0.0574069
0.0622624
0.0670315
0.0711215
0.0747893
0.0757861
0.075193
0.069839
0.061886
0.026566
0.029385
0.0279343
0.0295431
0.0297416
0.0314572
0.0325527
0.0343964
0.0363578
0.0386573
0.0414621
0.044172
0.0477289
0.0511389
0.0549174
0.0584641
0.0619829
0.064236
0.0657397
0.0647523
0.0619854
0.0562848
0.048742
0.026762
0.0290685
0.0282042
0.0292204
0.0299698
0.0311405
0.03262
0.0340583
0.0361624
0.0380961
0.040804
0.0430795
0.0462865
0.0489166
0.0520084
0.0544078
0.0565297
0.057381
0.0570556
0.0547584
0.0507665
0.0449369
0.0380469
0.0269931
0.0286746
0.0284904
0.0289304
0.030091
0.0308839
0.0325743
0.0337164
0.0357972
0.037478
0.0398978
0.041848
0.0445016
0.0464483
0.0487225
0.0501287
0.0509757
0.050709
0.0491312
0.0460944
0.0416382
0.0358685
0.0294217
0.0272619
0.0282242
0.0286888
0.028723
0.0301272
0.030651
0.032405
0.0333459
0.0352738
0.0367571
0.0387809
0.0404304
0.0424459
0.0437432
0.0452176
0.0457648
0.0455994
0.0444856
0.0422398
0.0388549
0.0343745
0.028877
0.0227831
0.0275417
0.0278102
0.0287573
0.028571
0.0300652
0.0304356
0.0320989
0.0329381
0.0346018
0.0359073
0.0374902
0.0388078
0.0401946
0.0408741
0.0416336
0.0414895
0.0405961
0.0389185
0.0363717
0.032939
0.0286604
0.0236248
0.0180382
0.0277889
0.027445
0.0287254
0.028458
0.0298965
0.0302199
0.0316654
0.0324517
0.0338042
0.0349065
0.0360568
0.0370055
0.0378158
0.0379635
0.0381184
0.0374499
0.0361084
0.0341041
0.0314703
0.0281882
0.024259
0.0197581
0.0147591
0.0279745
0.0271517
0.0285848
0.0283636
0.0296219
0.0299778
0.0311289
0.0318591
0.0329025
0.0337603
0.0345122
0.0350767
0.0353871
0.0351199
0.0347969
0.0337744
0.0321884
0.0300553
0.0274832
0.0244716
0.0209868
0.0170644
0.0127159
0.0280769
0.0269427
0.0283337
0.0282642
0.0292594
0.0296667
0.0305228
0.0311472
0.0319063
0.0324983
0.0328943
0.0330927
0.0329949
0.0324297
0.0317739
0.0305428
0.0288537
0.0267442
0.0243447
0.0216695
0.0186676
0.0153312
0.0116362
0.0280804
0.0268144
0.0279892
0.0281387
0.0288471
0.0292627
0.029862
0.0303278
0.0308282
0.0311556
0.0312451
0.0311313
0.0307215
0.0299654
0.029107
0.0277853
0.0260981
0.0241121
0.021957
0.0196455
0.0171192
0.01434
0.011261
0.0279784
0.0267506
0.0275811
0.0279102
0.0284094
0.0287591
0.0291479
0.0294364
0.0296978
0.0297733
0.029609
0.0292539
0.0286368
0.0277756
0.0268204
0.0254983
0.0238847
0.0220762
0.0201981
0.0182516
0.0161679
0.0138916
0.0113671
0.0277738
0.0267203
0.0271636
0.02756
0.0279428
0.0281781
0.0283822
0.0285088
0.0285591
0.0284099
0.0280356
0.0275081
0.026774
0.025883
0.0249162
0.0236535
0.0221521
0.0205393
0.0189404
0.0173402
0.0156516
0.0138078
0.0117586
0.0274809
0.0266713
0.0267798
0.0271002
0.0274242
0.0275339
0.0275695
0.0275634
0.0274515
0.0271166
0.0265689
0.0259193
0.0251452
0.0242906
0.0233735
0.0222028
0.0208284
0.0194061
0.0180661
0.0167772
0.015431
0.0139479
0.0122869
0.0271227
0.0265401
0.0264351
0.0266361
0.0268565
0.0268313
0.0267202
0.0266154
0.0264046
0.0259351
0.0252453
0.0245098
0.0237493
0.0229754
0.022145
0.021084
0.0198446
0.0185978
0.0174803
0.0164563
0.0154016
0.0142212
0.0128789
0.0267207
0.0263062
0.0261126
0.0261846
0.0262638
0.0261021
0.025861
0.0256815
0.025423
0.0248777
0.0240946
0.0233021
0.0225761
0.0218976
0.0211708
0.0202334
0.0191348
0.0180457
0.0171089
0.0162963
0.0154789
0.0145508
0.0134748
0.0262976
0.0259929
0.0257737
0.0257355
0.0256718
0.0253896
0.0250429
0.0247975
0.0245059
0.023934
0.0231241
0.02231
0.0216172
0.0210231
0.0204012
0.019592
0.0186327
0.0176849
0.0168921
0.0162398
0.0156056
0.0148803
0.0140233
0.0258747
0.0256381
0.0254097
0.0252787
0.0250999
0.024725
0.0242905
0.0239888
0.0236686
0.0231003
0.022322
0.0215238
0.0208567
0.0203238
0.0197939
0.0191079
0.0182797
0.0174555
0.0167758
0.0162423
0.0157461
0.0151803
0.0145025
0.0254571
0.0252589
0.0250312
0.0248304
0.0245666
0.0241296
0.0236328
0.0232735
0.0229251
0.022385
0.0216744
0.0209214
0.0202712
0.0197735
0.0193187
0.0187453
0.0180345
0.0173121
0.0167179
0.0162691
0.0158729
0.0154288
0.0148945
0.0250702
0.0248926
0.024664
0.0244044
0.0240834
0.0236213
0.0230814
0.0226644
0.0222913
0.0217886
0.0211597
0.0204659
0.0198283
0.0193499
0.0189547
0.0184793
0.0178731
0.0172367
0.0167072
0.0163199
0.0160027
0.0156588
0.0152397
0.0247423
0.0245668
0.0243271
0.0240373
0.0236741
0.0232004
0.022646
0.0221792
0.0217771
0.02131
0.020749
0.020113
0.019505
0.0190445
0.0186866
0.0182815
0.017763
0.0172039
0.0167233
0.0163761
0.0161192
0.015867
0.015561
0.0244883
0.0243095
0.0240574
0.0237551
0.0233657
0.0228848
0.0223416
0.021841
0.0214118
0.0209753
0.0204633
0.0198785
0.019313
0.0188684
0.018523
0.018159
0.0177035
0.0171955
0.0167353
0.0163921
0.0161536
0.0159546
0.0157326
0.0243499
0.0241711
0.0239096
0.0235888
0.0231763
0.0226942
0.0221666
0.0216536
0.0212006
0.0207718
0.0202986
0.0197567
0.0192096
0.0187581
0.0184166
0.0180898
0.0176891
0.0172222
0.0167711
0.0164189
0.0161872
0.0160316
0.0158858
0.0657673
0.0475841
0.0252155
0.00387565
-0.0159712
-0.0345864
-0.0523092
-0.0680852
0.0531214
0.0360366
0.0139495
-0.00523762
-0.020872
-0.034216
-0.0464555
-0.0569913
0.0419535
0.0288312
0.0101297
-0.00658888
-0.0184571
-0.0277356
-0.036637
-0.0449197
0.0322811
0.0218559
0.00618695
-0.00820028
-0.0177689
-0.0243319
-0.0303593
-0.0359248
0.0245351
0.0166781
0.00437308
-0.0073031
-0.0147512
-0.019329
-0.0234262
-0.0274597
0.0181692
0.012231
0.00318059
-0.00554208
-0.0112844
-0.0147903
-0.0177763
-0.0206557
0.0135214
0.00875723
0.00263615
-0.00323333
-0.00748507
-0.0103045
-0.0126091
-0.0147015
0.0105782
0.00680059
0.00282738
-0.000930824
-0.00394767
-0.00618302
-0.00800247
-0.00954235
0.00902105
0.00608868
0.00359003
0.00128568
-0.000761489
-0.00246182
-0.00388566
-0.00504221
0.00847647
0.00624009
0.00473272
0.00339361
0.00205544
0.000802405
-0.00029871
-0.00118307
0.00862417
0.00693933
0.00607992
0.00536332
0.00452472
0.00362881
0.00279507
0.00212166
0.00921308
0.00795906
0.00751105
0.00718264
0.00668506
0.00606429
0.00544711
0.00493651
0.0100292
0.00910778
0.00891312
0.00881894
0.00854624
0.00812277
0.00765968
0.00725153
0.0109026
0.010223
0.0101757
0.0102296
0.0101216
0.00984785
0.00949883
0.00916356
0.0117695
0.0112591
0.011286
0.0114144
0.0114075
0.0112369
0.0109698
0.0106851
0.012585
0.0121913
0.012241
0.0123875
0.0124276
0.0123211
0.012112
0.011865
0.0133124
0.0130014
0.0130429
0.013172
0.0132229
0.0131512
0.0129814
0.012764
0.0139382
0.0136873
0.0137063
0.0138001
0.0138389
0.0137796
0.0136327
0.013436
0.0144459
0.0142358
0.0142249
0.0142766
0.0142927
0.0142344
0.014102
0.0139228
0.0148727
0.0146782
0.0146251
0.0146286
0.0146179
0.0145567
0.0144361
0.0142724
0.0152661
0.0150666
0.0149453
0.0148753
0.0148191
0.0147456
0.0146361
0.0144916
0.0155098
0.015329
0.0151695
0.0150385
0.0149306
0.0148319
0.014725
0.0146008
0.0157229
0.015546
0.0153392
0.0151432
0.0149795
0.0148488
0.0147365
0.0146261
-0.549565
-0.561214
-0.578484
-0.601083
-0.629331
-0.662494
-0.694621
-0.719366
-0.545347
-0.556419
-0.572224
-0.591933
-0.615109
-0.641568
-0.668384
-0.688672
-0.538492
-0.549695
-0.564037
-0.580923
-0.599742
-0.617814
-0.631115
-0.635257
-0.532122
-0.542151
-0.553552
-0.564689
-0.574487
-0.580687
-0.580532
-0.571573
-0.528114
-0.534115
-0.53891
-0.541145
-0.540616
-0.536524
-0.527168
-0.510482
-0.526288
-0.524381
-0.519817
-0.512736
-0.503846
-0.492684
-0.477597
-0.456417
-0.524145
-0.511623
-0.49723
-0.482428
-0.467646
-0.451938
-0.433325
-0.40963
-0.518409
-0.494741
-0.472116
-0.45184
-0.433206
-0.414707
-0.394003
-0.369018
-0.506217
-0.473237
-0.445191
-0.421539
-0.400696
-0.380608
-0.358861
-0.333427
-0.486136
-0.44755
-0.416887
-0.391691
-0.369887
-0.349188
-0.327181
-0.301978
-0.458795
-0.418482
-0.387599
-0.362255
-0.340584
-0.320007
-0.298393
-0.273942
-0.425617
-0.387128
-0.357535
-0.333358
-0.312552
-0.292745
-0.272048
-0.248784
-0.389374
-0.353897
-0.327141
-0.305003
-0.285633
-0.267192
-0.247798
-0.226149
-0.348151
-0.319179
-0.296576
-0.27734
-0.26001
-0.243118
-0.225412
-0.205585
-0.304579
-0.285649
-0.266008
-0.251123
-0.235047
-0.220043
-0.203987
-0.186593
-0.482403
-0.509441
-0.529188
-0.540591
-0.544845
-0.544701
-0.543366
-0.544011
-0.483224
-0.50885
-0.526676
-0.536109
-0.538957
-0.538444
-0.537683
-0.539303
-0.486685
-0.513096
-0.530325
-0.537687
-0.53763
-0.534327
-0.531581
-0.532313
-0.495462
-0.52385
-0.540785
-0.545602
-0.541343
-0.533475
-0.527175
-0.526214
-0.509499
-0.540948
-0.558003
-0.56011
-0.551107
-0.538028
-0.527674
-0.524374
-0.528346
-0.563958
-0.581556
-0.580925
-0.567101
-0.548955
-0.534699
-0.527834
-0.551262
-0.592144
-0.61065
-0.607215
-0.588672
-0.565853
-0.547601
-0.534697
-0.576779
-0.623981
-0.643704
-0.637424
-0.614274
-0.587164
-0.562768
-0.540705
-0.602492
-0.657173
-0.678058
-0.668991
-0.641442
-0.608651
-0.575231
-0.541038
-0.624771
-0.686694
-0.709145
-0.697613
-0.665538
-0.624386
-0.578853
-0.531413
-0.640101
-0.708175
-0.731636
-0.717248
-0.678641
-0.627223
-0.569048
-0.510414
-0.64293
-0.71533
-0.738343
-0.720562
-0.67461
-0.612293
-0.543488
-0.477926
-0.630481
-0.702148
-0.721051
-0.697935
-0.644971
-0.575487
-0.502861
-0.438053
-0.602002
-0.667518
-0.679457
-0.650915
-0.593534
-0.522937
-0.454406
-0.394078
-0.555467
-0.606122
-0.607049
-0.5742
-0.519797
-0.456227
-0.398438
-0.348115
-0.469357
-0.495943
-0.482417
-0.447448
-0.401942
-0.35623
-0.321339
-0.302189
-0.371055
-0.358125
-0.326524
-0.301407
-0.286459
-0.272023
-0.258053
-0.255888
-0.333062
-0.266076
-0.207303
-0.175342
-0.170165
-0.175167
-0.175074
-0.187099
-0.348887
-0.237284
-0.148724
-0.102427
-0.0905395
-0.100732
-0.102164
-0.122176
-0.321037
-0.192519
-0.0899642
-0.0414224
-0.0290748
-0.0363596
-0.04429
-0.0652409
-0.237338
-0.157429
-0.0793921
-0.0283675
-0.00156596
0.0111918
0.017135
-0.00656406
-0.173539
-0.144036
-0.115373
-0.0976229
-0.0751104
-0.0226389
0.0391894
0.027274
-0.157529
-0.154315
-0.148188
-0.138491
-0.121129
-0.0846928
-0.0251457
0.0258668
-0.160224
-0.175566
-0.182778
-0.171043
-0.144332
-0.107386
-0.0695129
-0.0276068
-0.183166
-0.216905
-0.239115
-0.238384
-0.218263
-0.183638
-0.155387
-0.110806
-0.191493
-0.23145
-0.263985
-0.270033
-0.261558
-0.233982
-0.221779
-0.165056
-0.169915
-0.188892
-0.205868
-0.216243
-0.217085
-0.202367
-0.190668
-0.156466
-0.156696
-0.15853
-0.157748
-0.15627
-0.152857
-0.145507
-0.140855
-0.127575
-0.146075
-0.145606
-0.141521
-0.135062
-0.127566
-0.119004
-0.112228
-0.106074
-0.113506
-0.118701
-0.123162
-0.123712
-0.119541
-0.110865
-0.0980514
-0.0840493
-0.0976549
-0.102332
-0.107888
-0.112388
-0.114913
-0.114985
-0.111951
-0.102637
-0.115614
-0.118503
-0.122932
-0.127868
-0.132516
-0.134549
-0.134083
-0.129111
-0.131617
-0.131204
-0.131019
-0.132005
-0.132646
-0.134829
-0.133267
-0.133981
-0.111464
-0.109986
-0.107839
-0.106742
-0.105226
-0.105877
-0.10372
-0.104925
-0.0796308
-0.0750089
-0.0697246
-0.0652496
-0.0622198
-0.0614121
-0.0613141
-0.0630112
-0.0724097
-0.0630672
-0.0536997
-0.0457657
-0.0401585
-0.03714
-0.036821
-0.0374105
-0.0860906
-0.0747161
-0.0632446
-0.052898
-0.044823
-0.0389498
-0.0353927
-0.0323489
-0.0925455
-0.0829768
-0.0724643
-0.0617142
-0.0516189
-0.0422695
-0.0336972
-0.0264757
-0.0995141
-0.0949915
-0.0885151
-0.0803088
-0.0709951
-0.061127
-0.0507505
-0.0403099
-0.123766
-0.122435
-0.118495
-0.112088
-0.103589
-0.0933979
-0.0823358
-0.0703279
-0.114658
-0.112387
-0.108639
-0.103663
-0.0971342
-0.0899599
-0.0812996
-0.0729033
-0.049789
-0.0477164
-0.0463414
-0.0457491
-0.0454757
-0.0457303
-0.0456879
-0.0461571
-0.0035931
-0.00409524
-0.00538636
-0.00751761
-0.0103454
-0.0137245
-0.0174551
-0.0210866
-6.39021e-05
-0.000191539
-0.000702314
-0.00159865
-0.00285249
-0.00443111
-0.00622362
-0.00808703
-0.0116226
-0.0098058
-0.00811732
-0.00659163
-0.00521551
-0.00400771
-0.00297577
-0.00199937
-0.0325092
-0.0282153
-0.023955
-0.0198935
-0.0160854
-0.0125094
-0.00907258
-0.00573317
-0.0546628
-0.0498149
-0.045161
-0.0408961
-0.0370194
-0.0334119
-0.0299456
-0.0264206
-0.0581137
-0.0549986
-0.0521072
-0.0495509
-0.0473551
-0.0454923
-0.0439157
-0.0425851
-0.0429667
-0.0417453
-0.0408118
-0.0401719
-0.0397828
-0.0396347
-0.0396951
-0.0400244
-0.0222592
-0.0219203
-0.0218302
-0.0219782
-0.0223286
-0.0228717
-0.0235703
-0.0244843
-0.00682583
-0.00686092
-0.00701968
-0.00732054
-0.00776339
-0.00834225
-0.00902925
-0.00983704
-6.60223e-05
-0.000176851
-0.00036318
-0.000611033
-0.000909763
-0.00125532
-0.00164443
-0.00208297
0.00193026
0.00186213
0.00170868
0.00149054
0.00123258
0.000954714
0.000668952
0.000378329
-0.265589
-0.201852
-0.159067
-0.123674
-0.0952861
-0.0737583
-0.0561837
-0.0421253
-0.0314254
-0.0227342
-0.0157403
-0.0102115
-0.00574391
-0.00216321
0.000695781
0.00300122
0.00482324
0.0062635
0.00737977
0.00824164
0.00884086
0.00925762
0.00946764
-0.236103
-0.180725
-0.147995
-0.117142
-0.0919728
-0.0722845
-0.05586
-0.0428385
-0.0324183
-0.0237805
-0.0168062
-0.0111602
-0.00655091
-0.00283067
0.000170622
0.0025869
0.00450601
0.00602327
0.00719655
0.00810497
0.00873416
0.00916812
0.00938435
-0.169081
-0.128369
-0.111502
-0.0905138
-0.0742368
-0.0606349
-0.0487657
-0.0386291
-0.0298469
-0.0223727
-0.0160937
-0.0108404
-0.00646582
-0.00285832
8.96657e-05
0.00247598
0.00439352
0.00591354
0.00709468
0.00801206
0.00864959
0.00908892
0.00930693
-0.103649
-0.0758693
-0.0687093
-0.0568387
-0.0500831
-0.0436587
-0.0373106
-0.0310153
-0.0248491
-0.0191527
-0.0140081
-0.00948218
-0.00561435
-0.00231854
0.000405911
0.00264619
0.00446975
0.00592533
0.00706545
0.00795829
0.00858481
0.00901684
0.00923227
-0.0470359
-0.0285433
-0.0284392
-0.0243486
-0.0260956
-0.0259321
-0.0247285
-0.0221624
-0.0187567
-0.0149542
-0.0111288
-0.00753503
-0.00429216
-0.00143437
0.000969872
0.00300071
0.00467176
0.00602311
0.00709278
0.00793641
0.00853527
0.00895187
0.00916102
0.0137668
0.0238911
0.0140091
0.00661514
-0.00369588
-0.00957356
-0.0128773
-0.0136282
-0.0126793
-0.0106161
-0.00804849
-0.00538065
-0.0027849
-0.000413139
0.00164874
0.00343529
0.00492855
0.00615972
0.00714415
0.00793247
0.00849464
0.00889055
0.00909047
0.0951606
0.0767555
0.05629
0.0348427
0.0162475
0.00456309
-0.00268294
-0.00611156
-0.00706887
-0.00643794
-0.00500531
-0.0031844
-0.00122062
0.00066319
0.00237922
0.00390885
0.00521619
0.00631945
0.00721408
0.00794213
0.0084643
0.008836
0.00902454
0.100299
0.0881573
0.0712471
0.0490172
0.0286583
0.0143441
0.00512921
0.000178869
-0.00207242
-0.00251937
-0.00199774
-0.000921518
0.000414845
0.00180732
0.00316649
0.00442734
0.00554139
0.00650754
0.00730844
0.00797063
0.00844617
0.0087895
0.00896343
0.0187108
0.0356455
0.0411221
0.0341988
0.0241597
0.0150458
0.00819925
0.00397633
0.00173401
0.000795921
0.000724545
0.00123389
0.00204286
0.00299578
0.00400406
0.00498852
0.00590162
0.00671918
0.00741725
0.00800783
0.00844054
0.00875203
0.00891129
-0.0794786
-0.0361813
-0.00524055
0.0065024
0.0111063
0.00949206
0.00792029
0.00579982
0.0044085
0.00363441
0.00326807
0.00333077
0.003661
0.00419907
0.00486433
0.00557861
0.00628838
0.00695438
0.00754778
0.00806311
0.00844331
0.00872243
0.00886569
-0.131427
-0.0656082
-0.0346589
-0.0125828
-0.000943196
0.00458415
0.00706059
0.00707539
0.00683476
0.0061563
0.00562545
0.00534644
0.00525843
0.00540464
0.00573208
0.00617475
0.00668019
0.00719212
0.00767501
0.00811704
0.00845307
0.00869866
0.0088276
-0.120014
-0.0709323
-0.0407776
-0.0177615
-0.00521027
0.00294475
0.00714182
0.00858622
0.00909855
0.00849413
0.00792175
0.00727227
0.00679889
0.00659002
0.00660418
0.00679023
0.0070945
0.00745593
0.00783059
0.00819596
0.00847197
0.0086822
0.00879331
-0.102497
-0.0695437
-0.0440928
-0.0200321
-0.00581177
0.00562818
0.0100498
0.0124685
0.0123898
0.0115262
0.0105464
0.00940684
0.00848536
0.00785349
0.00752816
0.0074432
0.00753844
0.00773893
0.00799616
0.00827949
0.00850523
0.00867361
0.00876555
-0.0870716
-0.0598265
-0.0405477
-0.0148722
-0.00384075
0.0109869
0.01402
0.0177079
0.0163603
0.0149728
0.0130892
0.0113572
0.0100089
0.00904519
0.00843985
0.00810987
0.00800983
0.0080523
0.00819375
0.00838887
0.00854962
0.00867263
0.0087421
-0.0688463
-0.0457063
-0.0255433
-0.00175461
0.0110092
0.0215128
0.0225927
0.0231401
0.0201392
0.0180831
0.0154804
0.0132973
0.0114813
0.0101738
0.0092915
0.00874478
0.00847272
0.00836364
0.00838856
0.00850181
0.00860196
0.00867931
0.00872561
-0.0891648
-0.0690083
-0.0396004
-0.00688906
0.0268058
0.0381727
0.0385135
0.0328782
0.026082
0.0211479
0.0174467
0.0147797
0.0126613
0.0111212
0.010042
0.00932036
0.00890058
0.00866531
0.00858757
0.00861901
0.00865692
0.00868803
0.00871176
-0.11382
-0.102106
-0.071917
-0.0376202
0.0255199
0.0334619
0.0362218
0.0330322
0.0278346
0.0228976
0.0187687
0.0156655
0.0133702
0.0117745
0.0106306
0.00981846
0.00929361
0.00895864
0.00879129
0.00874512
0.00871532
0.00870275
0.00870095
-0.120017
-0.107072
-0.0786083
-0.0419806
0.000437902
0.0182121
0.0222847
0.0222596
0.0207173
0.0190519
0.0172311
0.0153485
0.0135675
0.0121503
0.0110405
0.0102063
0.00961755
0.00920816
0.00896717
0.00885315
0.00876843
0.00871161
0.00868818
-0.0974346
-0.0845378
-0.0623799
-0.0368926
-0.01156
0.00410156
0.0113352
0.0129766
0.0130437
0.0133158
0.0137911
0.0137344
0.0130581
0.0121501
0.0112375
0.0104692
0.00987038
0.00942889
0.00913613
0.00896761
0.0088118
0.0087194
0.00866997
-0.0639702
-0.0570864
-0.0470602
-0.0384471
-0.0266193
-0.012454
-0.000250279
0.00557993
0.00830135
0.0101217
0.0115932
0.0123029
0.0123333
0.0118821
0.0112513
0.0106032
0.0100352
0.00957164
0.00923969
0.0090339
0.00884429
0.00871343
0.00864329
-0.0414747
-0.0402584
-0.0391758
-0.0380415
-0.0314568
-0.0160592
-0.00387494
0.00469766
0.00807698
0.0111764
0.0120028
0.0123759
0.012214
0.011739
0.0112254
0.0106785
0.0101652
0.00970833
0.00934586
0.00911277
0.00886275
0.00869863
0.00860318
-0.0367677
-0.0286804
-0.0264469
-0.0187835
-0.0130723
-0.00227462
0.00371192
0.00869987
0.00960282
0.0110429
0.0120513
0.0128554
0.0126855
0.012071
0.0114185
0.0108056
0.0102713
0.00978605
0.0093963
0.009142
0.00886418
0.00866853
0.00854976
-0.021052
-0.0118732
-0.00501552
0.00402285
0.009202
0.0142158
0.0144272
0.013734
0.00973018
0.00923818
0.00972841
0.0112306
0.0116745
0.0116432
0.0112992
0.010831
0.0103338
0.00983755
0.00941665
0.00914223
0.00882833
0.00860395
0.00847051
-0.0301561
-0.0148944
-0.000500397
0.0123554
0.0215225
0.0228064
0.0213176
0.0164683
0.0111237
0.00847307
0.00838148
0.00983586
0.0108175
0.0111351
0.011029
0.0107324
0.0103321
0.00987969
0.00942869
0.00914077
0.00876099
0.00851548
0.00835952
-0.0536729
-0.035176
-0.0134667
0.00513376
0.0218939
0.0281372
0.0290379
0.0221813
0.0140349
0.00783693
0.00745222
0.00956729
0.0108587
0.0112709
0.0110831
0.0107554
0.0103393
0.00986794
0.00938389
0.00907205
0.00866227
0.00838226
0.00821212
-0.0585234
-0.0435311
-0.0256334
-0.00868041
0.00630704
0.0158879
0.0195874
0.0175339
0.0118219
0.00503166
0.0061587
0.00759985
0.00973322
0.0109076
0.0111238
0.0109018
0.0104529
0.00992673
0.00936358
0.0089861
0.00852281
0.00820544
0.00801198
-0.0450802
-0.040944
-0.0358273
-0.031549
-0.027091
-0.0217921
-0.0147801
-0.00838046
-0.005991
-0.00541128
-0.00121082
0.00549004
0.00993042
0.0114467
0.0115081
0.0111028
0.0105307
0.00987071
0.00923738
0.00879574
0.00831738
0.00796343
0.00775672
-0.0266199
-0.0306636
-0.0352165
-0.0390188
-0.0422509
-0.0403074
-0.0322449
-0.0213033
-0.0154035
-0.0105305
-0.00408226
0.00506771
0.00925821
0.0112385
0.0117283
0.0113086
0.0106124
0.00979824
0.00904366
0.00856419
0.00802991
0.00763672
0.00741553
-0.0110617
-0.0133462
-0.0152481
-0.0158645
-0.0156434
-0.0141558
-0.0114755
-0.00888368
-0.00936015
-0.0121471
-0.0114832
-0.00319594
0.00676105
0.0119089
0.0128236
0.0118877
0.0107638
0.00970925
0.00884425
0.0082603
0.00765684
0.00723031
0.00699174
-0.000700283
0.00185043
0.00487346
0.00851444
0.0119906
0.0144708
0.0145723
0.0115208
0.00579841
-0.00457377
-0.0160118
-0.0148847
0.00152557
0.00962206
0.0119285
0.0115035
0.0103135
0.00916771
0.00828669
0.00770179
0.00711888
0.00668068
0.00645121
-0.00130185
0.00416663
0.0105043
0.0152915
0.0208902
0.0241165
0.0237093
0.0185905
0.0109105
-0.00236536
-0.0159461
-0.0143993
-0.00029687
0.0088793
0.0112156
0.0107576
0.00950226
0.00830155
0.00741588
0.00686712
0.00634958
0.00597909
0.00577572
-0.0218705
-0.017943
-0.0139872
-0.0109023
-0.00928508
-0.0100792
-0.0138284
-0.0205658
-0.0277865
-0.0327652
-0.0316932
-0.0207412
-0.00670489
0.00254944
0.00614955
0.00704313
0.00676663
0.00621369
0.00571175
0.00548727
0.00527057
0.00508174
0.00496846
-0.0411772
-0.0404098
-0.0405002
-0.0420458
-0.0454742
-0.0510187
-0.0582014
-0.0660907
-0.0721878
-0.0708016
-0.058791
-0.0411349
-0.0240384
-0.0114422
-0.00400626
-4.5211e-05
0.0017972
0.00264451
0.00294177
0.00345935
0.00379783
0.00397139
0.00403236
-0.0406397
-0.0419483
-0.0441486
-0.0476377
-0.0524953
-0.0586724
-0.0655765
-0.0720263
-0.0761043
-0.0741822
-0.0591313
-0.0448792
-0.0307242
-0.019358
-0.0116554
-0.00660581
-0.00349402
-0.00131605
-0.000155768
0.00110893
0.00214474
0.00278004
0.00303537
-0.0257322
-0.0273427
-0.0294481
-0.0322124
-0.0355616
-0.039368
-0.0433981
-0.0465281
-0.0476305
-0.0453932
-0.0394849
-0.0318386
-0.0242942
-0.0179048
-0.0130131
-0.00932629
-0.0066827
-0.00361603
-0.0027065
-0.000712644
0.000907778
0.00178249
0.00215758
-0.0108694
-0.0121078
-0.0135607
-0.015223
-0.0170229
-0.0188401
-0.0204588
-0.0215793
-0.0218449
-0.0209533
-0.0190623
-0.016579
-0.0140556
-0.0116681
-0.00952882
-0.00756876
-0.00589665
-0.00408528
-0.00293638
-0.00113444
0.00040065
0.00121629
0.00155042
-0.00265357
-0.00337648
-0.00421515
-0.00514834
-0.00612452
-0.00708101
-0.00789046
-0.00845295
-0.00863237
-0.00838927
-0.00782972
-0.00710044
-0.00633941
-0.00562663
-0.0048849
-0.00418378
-0.00347212
-0.00257344
-0.00187771
-0.000529058
0.000452522
0.00089132
0.00106227
-3.82993e-05
-0.000436548
-0.000848517
-0.00125883
-0.00165556
-0.00202233
-0.00232032
-0.0025459
-0.00263498
-0.00259363
-0.0024271
-0.00218112
-0.00189876
-0.0016913
-0.00142147
-0.00124937
-0.00103707
-0.000750665
-0.000546922
-9.81447e-06
0.000264118
0.00037273
0.000413151
-0.162508
-0.135444
-0.110331
-0.0898266
-0.0720083
-0.0574538
-0.0450287
-0.034747
-0.0262744
-0.0191621
-0.0132745
-0.00842715
-0.00442185
-0.00113096
0.00156983
0.0037486
0.00549571
0.00687867
0.00795915
0.00877024
0.00935285
0.00973821
0.00994306
-0.174877
-0.143008
-0.114785
-0.0921149
-0.0733768
-0.0579834
-0.0449829
-0.0344427
-0.0258608
-0.0186972
-0.0128645
-0.0081004
-0.0041785
-0.000970121
0.00165724
0.00377683
0.0054844
0.00684259
0.00790754
0.00871226
0.00929296
0.0096729
0.00987101
-0.188014
-0.151029
-0.118723
-0.094161
-0.07465
-0.0584232
-0.0449266
-0.0342458
-0.0255286
-0.0182809
-0.0124918
-0.00778002
-0.00392296
-0.000789724
0.001767
0.00382531
0.00549003
0.00681846
0.00786427
0.00866079
0.00923961
0.00961866
0.00981396
-0.199297
-0.158185
-0.122992
-0.0977739
-0.077195
-0.0596213
-0.0455072
-0.034591
-0.0255332
-0.0181085
-0.0123026
-0.00757474
-0.00374358
-0.000653758
0.00185479
0.00386575
0.00549491
0.00679516
0.00782055
0.00860841
0.00918502
0.00956629
0.00976298
-0.213344
-0.165223
-0.127025
-0.101387
-0.0791968
-0.0604976
-0.0462697
-0.0351704
-0.0257154
-0.0181879
-0.0123314
-0.00753013
-0.00368711
-0.000598532
0.00189006
0.00387767
0.00548622
0.0067665
0.00777604
0.00855579
0.00912744
0.00951209
0.00971197
-0.221615
-0.169335
-0.132702
-0.105935
-0.08141
-0.0619791
-0.0476315
-0.0359863
-0.0260653
-0.0185119
-0.0125387
-0.00764716
-0.00376947
-0.000647664
0.00184588
0.00383982
0.0054461
0.00671977
0.00772161
0.00849871
0.00906602
0.00945366
0.00965653
-0.234759
-0.175179
-0.138199
-0.109105
-0.0832756
-0.0639045
-0.0492744
-0.0368653
-0.0267791
-0.0192049
-0.0130047
-0.00800557
-0.00404453
-0.000851015
0.00168408
0.00372274
0.00535255
0.00664215
0.00765324
0.00843749
0.00900278
0.00939432
0.0095985
-0.243036
-0.185461
-0.14718
-0.114821
-0.0879512
-0.0679986
-0.0521043
-0.0387351
-0.0285318
-0.020568
-0.0140271
-0.00884317
-0.00469042
-0.00134789
0.00130755
0.00345098
0.00515147
0.00649611
0.00754372
0.00835664
0.00893283
0.00933266
0.00953865
0.0120488
-0.0147448
-0.040118
-0.0663187
-0.093301
-0.119204
-0.143528
-0.166343
0.0142205
-0.0153495
-0.0441703
-0.0738532
-0.10401
-0.132961
-0.159771
-0.183612
0.0154246
-0.0186824
-0.0520737
-0.0852794
-0.11789
-0.148728
-0.176957
-0.202392
0.0149018
-0.0240371
-0.0618907
-0.0984063
-0.133303
-0.165989
-0.195934
-0.223293
0.0121809
-0.0312304
-0.0732313
-0.113145
-0.150695
-0.185644
-0.217646
-0.246873
0.00727873
-0.0405732
-0.0867813
-0.130443
-0.171151
-0.208696
-0.242778
-0.273661
7.50448e-05
-0.0526868
-0.103518
-0.151344
-0.195576
-0.235908
-0.272003
-0.304288
-0.010052
-0.0684918
-0.124528
-0.176934
-0.2249
-0.267966
-0.306163
-0.339572
-0.0242188
-0.089235
-0.151137
-0.208596
-0.260585
-0.306529
-0.346486
-0.380571
-0.0440101
-0.116594
-0.185114
-0.248128
-0.304498
-0.353296
-0.394654
-0.42871
-0.0715991
-0.152877
-0.228957
-0.298036
-0.358708
-0.410641
-0.452821
-0.485697
-0.110016
-0.20106
-0.285792
-0.362155
-0.427705
-0.481479
-0.522824
-0.552494
-0.164244
-0.266122
-0.359087
-0.442471
-0.512014
-0.56585
-0.603844
-0.626726
-0.237812
-0.352927
-0.457478
-0.543093
-0.609879
-0.657742
-0.686208
-0.696021
-0.305696
-0.426002
-0.528112
-0.610416
-0.671537
-0.711169
-0.730613
-0.732508
0.185319
0.177785
0.166049
0.150128
0.130155
0.106414
0.0796955
0.0482687
0.199749
0.190864
0.177053
0.158525
0.135744
0.108601
0.0790886
0.046766
0.215971
0.205936
0.190407
0.169707
0.144693
0.115142
0.0833052
0.0502243
0.234358
0.223378
0.206369
0.183627
0.156359
0.124472
0.0895481
0.0534801
0.254912
0.242972
0.22439
0.199371
0.169293
0.134416
0.0955676
0.0550644
0.277497
0.26441
0.243922
0.216199
0.182605
0.143913
0.10053
0.0548765
0.302016
0.287542
0.264726
0.233801
0.196019
0.152696
0.104253
0.0529924
0.328425
0.312329
0.28673
0.252052
0.209431
0.160649
0.106458
0.0489923
0.356642
0.338676
0.309796
0.270708
0.222521
0.167348
0.106444
0.0419016
0.386402
0.366263
0.333519
0.289201
0.234536
0.17187
0.103036
0.0302765
0.417105
0.394401
0.357075
0.306499
0.244182
0.172686
0.0944575
0.0120983
0.447568
0.421791
0.378996
0.320894
0.249452
0.167504
0.0781272
-0.0155162
0.475782
0.446257
0.396834
0.329566
0.247121
0.152671
0.050014
-0.0570606
0.497767
0.46386
0.40676
0.328611
0.233031
0.123793
0.00571677
-0.11661
0.515745
0.477532
0.413248
0.325587
0.217759
0.0942792
-0.0384446
-0.174276
0.0256036
0.0255696
0.0255453
0.0255294
0.0255211
0.0255172
0.0255199
0.0255245
0.0300954
0.0300142
0.0299101
0.0297831
0.0296369
0.0294746
0.0292991
0.0291174
0.0265269
0.0264901
0.0265695
0.0265716
0.0265792
0.0265953
0.0266213
0.0266467
0.0303637
0.030271
0.0301487
0.0299997
0.0298295
0.0296428
0.0294472
0.0292482
0.0279769
0.0279239
0.0278982
0.0278909
0.0278956
0.0279376
0.0279702
0.0280226
0.0323371
0.0322199
0.0320702
0.0318927
0.0316924
0.0314835
0.0312608
0.0310709
0.0306039
0.0305323
0.0304917
0.0304753
0.0304777
0.0304964
0.0305121
0.0305599
0.0350333
0.0348578
0.0346495
0.0344179
0.0341641
0.0339231
0.0336524
0.0334727
0.0344556
0.034335
0.0342478
0.0341853
0.0341432
0.0341183
0.034089
0.0340939
0.0389824
0.0387609
0.0385142
0.0382412
0.0379372
0.0376595
0.0373285
0.0371492
0.0398043
0.0395734
0.039358
0.0391955
0.0390432
0.038936
0.0387775
0.038782
0.0446764
0.044358
0.0440181
0.0436846
0.04328
0.0430092
0.0425422
0.0424996
0.0472473
0.046933
0.0465652
0.0462613
0.0458779
0.0457026
0.0451987
0.0452808
0.0529573
0.052514
0.0519421
0.0515401
0.0507829
0.0506214
0.0496295
0.0497802
0.0577378
0.0571743
0.0565158
0.0560016
0.0552225
0.0547802
0.053834
0.0534397
0.0650954
0.0644531
0.0635648
0.0629343
0.0617554
0.0611033
0.0593966
0.0589095
0.0725903
0.0715986
0.0703579
0.0691162
0.0674613
0.0660761
0.0639695
0.0626251
0.0826363
0.0814297
0.0799421
0.0784042
0.0761274
0.0742384
0.0709661
0.0689692
0.09368
0.0918802
0.0895734
0.0869085
0.0835247
0.080041
0.0756708
0.0713968
0.107672
0.10545
0.102507
0.0989607
0.0943346
0.0893785
0.0829119
0.0765173
0.123519
0.120274
0.115871
0.11022
0.103249
0.0949687
0.0857833
0.0744991
0.142993
0.138883
0.133046
0.125297
0.115493
0.103957
0.0898285
0.0748313
0.165218
0.159495
0.15086
0.139158
0.124147
0.106491
0.0859054
0.0620129
0.0255224
0.0255269
0.0255489
0.0255888
0.0256476
0.0257252
0.025802
0.0258329
0.0257882
0.025646
0.0253929
0.0250257
0.0245526
0.0239906
0.0233692
0.0227197
0.0220702
0.0214442
0.0208521
0.0203056
0.0198341
0.0194761
0.0192666
0.0288747
0.0285407
0.0281272
0.0276314
0.0270551
0.0264263
0.025823
0.0252577
0.0247569
0.0243318
0.0239808
0.0236878
0.0234244
0.0231285
0.0227514
0.0222838
0.0217456
0.0211796
0.0206169
0.0200934
0.019649
0.0193026
0.0190977
0.0266938
0.0267528
0.0268324
0.026926
0.0269975
0.0269682
0.0267913
0.0264992
0.0260875
0.0255579
0.0249309
0.0242478
0.023566
0.0229344
0.022363
0.0218321
0.021292
0.020737
0.0201864
0.0196864
0.0192651
0.0189427
0.0187597
0.0289656
0.0285774
0.0281188
0.0276025
0.0271304
0.0267115
0.0263351
0.0259795
0.0256309
0.0252671
0.024858
0.0243451
0.0237025
0.0229514
0.0222075
0.0215029
0.0208499
0.0202381
0.0196721
0.019163
0.0187244
0.0184107
0.0182407
0.028047
0.0280592
0.0280863
0.02807
0.0279428
0.0277244
0.0274022
0.0269673
0.0264234
0.0257907
0.0251128
0.0244161
0.0237025
0.0229288
0.0221033
0.0212684
0.0204865
0.0197806
0.0191633
0.0186339
0.0181971
0.0178877
0.0177177
0.0307211
0.0302283
0.0296392
0.0290824
0.0285463
0.028015
0.0274895
0.0269532
0.026387
0.0257578
0.0250446
0.0242572
0.023448
0.0226292
0.021788
0.0209318
0.0201077
0.0193551
0.0186991
0.0181547
0.0177286
0.0174226
0.0172581
0.0305353
0.0304455
0.0303222
0.0300836
0.0297202
0.029223
0.0285862
0.0278222
0.0269672
0.0260594
0.0251164
0.0241482
0.0231728
0.0222215
0.0213085
0.020437
0.0196113
0.0188561
0.0181954
0.0176542
0.0172375
0.0169342
0.0167811
0.0330562
0.0323593
0.0316366
0.0309448
0.0302365
0.0295184
0.0287605
0.0279358
0.0270201
0.0260107
0.0249325
0.0238134
0.0226838
0.0215857
0.0205582
0.0196261
0.0187961
0.0180682
0.017454
0.0169625
0.0165963
0.016343
0.0162207
0.0339804
0.0336352
0.033186
0.0325813
0.0318055
0.0308814
0.0297882
0.0285758
0.0272843
0.0259431
0.0245788
0.0232226
0.0219096
0.0206761
0.0195563
0.0185773
0.0177587
0.0170927
0.0165648
0.0161593
0.0158752
0.0156901
0.0156035
0.0365949
0.0355724
0.0345691
0.0334978
0.0323587
0.0314015
0.0300637
0.0286381
0.0271275
0.0255582
0.0239713
0.022427
0.0209818
0.0196757
0.0185318
0.0175665
0.0167901
0.0161962
0.0157487
0.0154221
0.0152076
0.0150609
0.0149978
0.0384193
0.0375491
0.0365877
0.0354269
0.0340368
0.03246
0.0307109
0.0288562
0.026948
0.0250489
0.0232184
0.021513
0.0199846
0.0186635
0.0175591
0.0166656
0.0159673
0.015441
0.0150523
0.0147757
0.0146048
0.0144904
0.0144484
0.0416539
0.0400796
0.0384844
0.0367483
0.0348804
0.0328669
0.0307181
0.0284756
0.0262195
0.024043
0.0220308
0.020248
0.0187263
0.0174777
0.0164898
0.015731
0.0151617
0.0147441
0.0144388
0.0142236
0.0140918
0.0140098
0.0139832
0.0443033
0.042561
0.0406633
0.0384427
0.0359411
0.033286
0.0305557
0.027842
0.0252338
0.0228115
0.0206532
0.0188129
0.0173092
0.0161377
0.0152697
0.0146558
0.0142386
0.0139696
0.013799
0.0136966
0.013637
0.0135926
0.0135793
0.0478884
0.0453183
0.0425709
0.0396306
0.0365403
0.0333058
0.0300154
0.0268104
0.0238292
0.021177
0.0189185
0.0170785
0.015645
0.0145854
0.013854
0.0133948
0.0131443
0.0130425
0.0130308
0.0130711
0.0131217
0.0131446
0.0131641
0.0514136
0.048239
0.0446536
0.0406812
0.0365557
0.0324563
0.0285215
0.0248776
0.0216479
0.0189071
0.0166849
0.0149712
0.0137209
0.0128698
0.012347
0.0120847
0.0120162
0.012079
0.0122126
0.012377
0.0125329
0.0126392
0.0127038
0.055379
0.0506605
0.0457442
0.0407116
0.0356679
0.030762
0.0262434
0.0222779
0.0189421
0.0162609
0.014216
0.0127523
0.0117897
0.0112343
0.0109862
0.0109579
0.0110771
0.0112854
0.0115311
0.0117769
0.0119971
0.0121625
0.0122576
0.0586226
0.0527738
0.0465054
0.0401607
0.0340373
0.0283686
0.0233889
0.0192079
0.0158666
0.0133527
0.0115948
0.0104832
0.00989353
0.00969928
0.00977587
0.0100167
0.0103427
0.0107017
0.0110548
0.0113675
0.0116248
0.0118169
0.0119177
0.062264
0.0537951
0.0455604
0.0377652
0.0306492
0.0244668
0.019351
0.0152878
0.0122391
0.0101211
0.0088096
0.00815282
0.00799547
0.0081913
0.00860612
0.00912742
0.0096748
0.0102013
0.0106804
0.0110786
0.0113852
0.0116064
0.0117097
0.0635263
0.0533734
0.0433488
0.0341688
0.026189
0.0196429
0.0145208
0.0107286
0.00814075
0.00657655
0.00583397
0.00571062
0.00602242
0.00661333
0.00735726
0.00815255
0.00892482
0.00963311
0.010258
0.010768
0.0111567
0.0114373
0.0115683
0.0643706
0.0499216
0.0379108
0.027856
0.0196478
0.0132796
0.00859413
0.00541127
0.00353808
0.00271236
0.00266501
0.0031523
0.00397089
0.00496536
0.00603033
0.0070864
0.00807329
0.00895896
0.00973051
0.0103592
0.0108484
0.0112129
0.011398
0.0595407
0.0435217
0.030372
0.0197574
0.0116878
0.00584582
0.00191761
-0.00037779
-0.00133756
-0.00129957
-0.000576202
0.000566271
0.00191851
0.00333146
0.00472143
0.00603071
0.00721815
0.00826348
0.00916248
0.00989084
0.0104669
0.0109129
0.0111519
0.050909
0.0318383
0.0187868
0.00877993
0.00161045
-0.0031666
-0.00590499
-0.00694773
-0.00671328
-0.00561663
-0.00399594
-0.00211614
-0.000172066
0.00170467
0.00345354
0.00503497
0.00642835
0.00762818
0.00864249
0.00945189
0.0100885
0.0105888
0.0108587
0.0311403
0.0161222
0.00403265
-0.00469803
-0.010486
-0.0137703
-0.0149271
-0.0144028
-0.0127477
-0.0104244
-0.00778289
-0.00507284
-0.00246087
-5.26656e-05
0.00211456
0.00401749
0.00565498
0.0070367
0.00818376
0.00908199
0.00977255
0.0103084
0.0105839
0.00847745
-0.00113188
-0.0104337
-0.0176488
-0.022251
-0.024095
-0.0236897
-0.0216465
-0.0186129
-0.0150919
-0.0114466
-0.00791577
-0.00464075
-0.00169961
0.000888401
0.00312236
0.00501335
0.00658302
0.00786791
0.00886017
0.00960179
0.0101543
0.0104201
-0.0165826
-0.0237411
-0.0284836
-0.0321924
-0.0338057
-0.0329817
-0.0303604
-0.0265975
-0.0222645
-0.0177714
-0.0134031
-0.00933704
-0.00566667
-0.00243037
0.000379224
0.00277934
0.00479165
0.0064448
0.00778753
0.00881766
0.00957367
0.0101115
0.0103609
-0.0414746
-0.0492548
-0.0494254
-0.0477532
-0.0442586
-0.0395904
-0.0342669
-0.0287071
-0.0232448
-0.0180818
-0.0133439
-0.00909604
-0.00535868
-0.00211896
0.000664309
0.00302393
0.00499147
0.00659881
0.00790098
0.00889996
0.00962782
0.0101262
0.0103567
-0.0639675
-0.0691535
-0.0647431
-0.0594728
-0.0521719
-0.0445505
-0.0370993
-0.0300865
-0.0236883
-0.0179619
-0.012917
-0.00853506
-0.00477063
-0.00156462
0.00114635
0.0034154
0.00529061
0.00681202
0.0080396
0.00898247
0.00966907
0.0101315
0.0103518
-0.0865715
-0.085223
-0.0752923
-0.0672008
-0.0575837
-0.0483309
-0.0395929
-0.0316001
-0.0244914
-0.0182714
-0.0129046
-0.00833399
-0.00447349
-0.00123126
0.00146645
0.00368813
0.00549998
0.00695482
0.00811822
0.00900877
0.00965722
0.0100949
0.0103138
-0.108594
-0.100311
-0.0854728
-0.074333
-0.0623563
-0.0516745
-0.0418832
-0.033133
-0.0254847
-0.0188689
-0.0132182
-0.00845712
-0.00447645
-0.00116444
0.00156682
0.00378837
0.00557765
0.00699902
0.0081225
0.00897593
0.00959571
0.0100166
0.0102371
-0.129384
-0.114245
-0.0952249
-0.0807019
-0.066328
-0.0542677
-0.0435428
-0.0341992
-0.02618
-0.0193126
-0.0134914
-0.00861884
-0.0045641
-0.00120855
0.00155121
0.00378218
0.0055669
0.00697558
0.00807905
0.00890998
0.00951018
0.00991755
0.0101367
-0.147236
-0.125842
-0.103859
-0.0862151
-0.0698245
-0.0563731
-0.0446851
-0.0347703
-0.0264533
-0.0194154
-0.0135164
-0.00862036
-0.0045617
-0.00121575
0.00153425
0.00375308
0.0055268
0.00692584
0.00801758
0.00883623
0.00942492
0.00981997
0.0100332
)
;

boundaryField
{
    outlet
    {
        type            fixedValue;
        value           uniform 0;
    }
    upperWall
    {
        type            symmetryPlane;
    }
    lowerWall
    {
        type            symmetryPlane;
    }
    inlet
    {
        type            zeroGradient;
    }
    cylinder
    {
        type            zeroGradient;
    }
    frontAndBack
    {
        type            empty;
    }
}


// ************************************************************************* //
