/*--------------------------------*- C++ -*----------------------------------*\
| =========                 |                                                 |
| \\      /  F ield         | OpenFOAM: The Open Source CFD Toolbox           |
|  \\    /   O peration     | Version:  2312                                  |
|   \\  /    A nd           | Website:  www.openfoam.com                      |
|    \\/     M anipulation  |                                                 |
\*---------------------------------------------------------------------------*/
FoamFile
{
    version     2.0;
    format      ascii;
    arch        "LSB;label=32;scalar=64";
    class       volScalarField;
    location    "86";
    object      p;
}
// * * * * * * * * * * * * * * * * * * * * * * * * * * * * * * * * * * * * * //

dimensions      [0 2 -2 0 0 0 0];

internalField   nonuniform List<scalar> 
5478
(
-0.37309
-0.371914
-0.366313
-0.357818
-0.34863
-0.34045
-0.33447
-0.330782
-0.328019
-0.324082
-0.317168
-0.305625
-0.291401
-0.272114
-0.249044
-0.383357
-0.380906
-0.375608
-0.368178
-0.35919
-0.348998
-0.338255
-0.327383
-0.316115
-0.303947
-0.290377
-0.275657
-0.259165
-0.240164
-0.220849
-0.398198
-0.393456
-0.387137
-0.379138
-0.368149
-0.353761
-0.337225
-0.319942
-0.302771
-0.285907
-0.269246
-0.252138
-0.234492
-0.216338
-0.197684
-0.417427
-0.409751
-0.401329
-0.390714
-0.374949
-0.354755
-0.332688
-0.310754
-0.289794
-0.269958
-0.250911
-0.23258
-0.214676
-0.196938
-0.180057
-0.4423
-0.430432
-0.419349
-0.402969
-0.379725
-0.353002
-0.326081
-0.300541
-0.276889
-0.255041
-0.234804
-0.215751
-0.197532
-0.18033
-0.163558
-0.47386
-0.455737
-0.439625
-0.414043
-0.381752
-0.348572
-0.317372
-0.288972
-0.263311
-0.240094
-0.218897
-0.199419
-0.181416
-0.164567
-0.148462
-0.508156
-0.484481
-0.457879
-0.420516
-0.379283
-0.340312
-0.305426
-0.274618
-0.247397
-0.223218
-0.201635
-0.182213
-0.164562
-0.14849
-0.133195
-0.53797
-0.510556
-0.469683
-0.419496
-0.370231
-0.326374
-0.288512
-0.255933
-0.227725
-0.203149
-0.181592
-0.162595
-0.145803
-0.130782
-0.117098
-0.420811
-0.421608
-0.42207
-0.424581
-0.42974
-0.437969
-0.449768
-0.465552
-0.485552
-0.50974
-0.537597
-0.567789
-0.598561
-0.626244
-0.648089
-0.413991
-0.412533
-0.41142
-0.412581
-0.416489
-0.423949
-0.435923
-0.453282
-0.476556
-0.505567
-0.539555
-0.57648
-0.612914
-0.64534
-0.670091
-0.407111
-0.403645
-0.401286
-0.400519
-0.402347
-0.407805
-0.418033
-0.434032
-0.45639
-0.484831
-0.517762
-0.553778
-0.588207
-0.618753
-0.63936
-0.398955
-0.394429
-0.390414
-0.386886
-0.3853
-0.387126
-0.393621
-0.40584
-0.424335
-0.449163
-0.47819
-0.511028
-0.54204
-0.569608
-0.583824
-0.389608
-0.3852
-0.379541
-0.372541
-0.366376
-0.363313
-0.365056
-0.372989
-0.387668
-0.409507
-0.43656
-0.466922
-0.493075
-0.512944
-0.515437
-0.380198
-0.376884
-0.370112
-0.360036
-0.349582
-0.34199
-0.339913
-0.345295
-0.358649
-0.379233
-0.402653
-0.426803
-0.443108
-0.450396
-0.439012
-0.372374
-0.370514
-0.363418
-0.351858
-0.339473
-0.3301
-0.327262
-0.332061
-0.343544
-0.359074
-0.374533
-0.386551
-0.389678
-0.384008
-0.364983
-0.369229
-0.368154
-0.361607
-0.350941
-0.339621
-0.3315
-0.328005
-0.329979
-0.335975
-0.342362
-0.346623
-0.344549
-0.335556
-0.320715
-0.301405
-0.664055
-0.581798
-0.412949
-0.278574
-0.207741
-0.204934
-0.218453
-0.211664
-0.165483
-0.13666
-0.128748
-0.115798
-0.105312
-0.116403
-0.135264
-0.139521
-0.116397
-0.0933042
-0.101535
-0.123779
-0.126146
-0.112029
-0.135652
-0.147164
-0.127297
-0.10155
-0.114033
-0.0839913
-0.0646866
-0.0386583
-0.00482829
-0.00144845
-0.00987654
-0.0123262
5.92059e-05
0.0197745
0.0148703
-0.00026544
-0.686659
-0.607656
-0.435737
-0.281016
-0.194065
-0.168059
-0.160575
-0.155491
-0.134532
-0.129189
-0.130302
-0.124256
-0.121419
-0.128868
-0.139274
-0.139897
-0.119864
-0.0998258
-0.111701
-0.133925
-0.130706
-0.104525
-0.119489
-0.129805
-0.12007
-0.114538
-0.128663
-0.0855762
-0.0597338
-0.0394387
-0.00793795
-0.00418891
-0.0109235
-0.0130908
-0.000473957
0.0203212
0.0145306
-0.000671299
-0.646627
-0.572794
-0.419952
-0.27244
-0.180832
-0.144202
-0.118019
-0.0914929
-0.104382
-0.121845
-0.131892
-0.134365
-0.141139
-0.14268
-0.143063
-0.138674
-0.121856
-0.105118
-0.120683
-0.142954
-0.133207
-0.0961103
-0.102854
-0.111961
-0.109639
-0.124688
-0.140138
-0.0863287
-0.0543141
-0.0396859
-0.0109888
-0.00696726
-0.0119429
-0.0138499
-0.00118798
0.0206917
0.0141731
-0.00100535
-0.574217
-0.511894
-0.38252
-0.257419
-0.169579
-0.133726
-0.0989891
-0.0612085
-0.0815114
-0.11466
-0.134557
-0.145659
-0.16329
-0.158882
-0.146216
-0.135216
-0.121402
-0.108777
-0.128148
-0.150897
-0.135033
-0.0879525
-0.0869183
-0.0947241
-0.0969026
-0.131598
-0.147736
-0.0869405
-0.0491161
-0.0393516
-0.0138427
-0.00960573
-0.0129426
-0.0145549
-0.00203844
0.0208811
0.0138211
-0.00126318
-0.487716
-0.439998
-0.340978
-0.240646
-0.163215
-0.126932
-0.0958042
-0.0573126
-0.0757845
-0.109717
-0.132485
-0.151981
-0.178369
-0.174534
-0.149391
-0.131141
-0.118023
-0.110214
-0.133395
-0.157655
-0.136115
-0.0806659
-0.0724755
-0.0788331
-0.0828999
-0.135021
-0.150936
-0.0872991
-0.0444351
-0.0384307
-0.0164403
-0.0119147
-0.0139366
-0.017785
-0.00300355
0.0208799
0.0134833
-0.00144978
-0.396106
-0.366521
-0.300206
-0.223624
-0.158194
-0.12171
-0.0949487
-0.0643993
-0.0632402
-0.114336
-0.132169
-0.149544
-0.180308
-0.177231
-0.148444
-0.125115
-0.111692
-0.10881
-0.135631
-0.163325
-0.137504
-0.0754896
-0.0601428
-0.0646386
-0.068189
-0.134594
-0.150018
-0.0878541
-0.0408101
-0.037099
-0.0188197
-0.0137383
-0.0148967
-0.018289
-0.00400732
0.0206336
0.0131606
-0.00157392
-0.324562
-0.311906
-0.269832
-0.212937
-0.155118
-0.1163
-0.0914765
-0.0720362
-0.0817981
-0.119939
-0.123545
-0.136222
-0.176689
-0.194283
-0.150386
-0.121205
-0.103385
-0.103662
-0.134653
-0.165167
-0.135627
-0.071058
-0.0506737
-0.0528007
-0.0523418
-0.13053
-0.145384
-0.0873711
-0.0389081
-0.0351056
-0.0210971
-0.0148977
-0.0158371
-0.0188067
-0.00510218
0.0202412
0.0128636
-0.00165194
-0.281512
-0.274375
-0.244188
-0.204649
-0.156749
-0.11924
-0.0934249
-0.0657642
-0.0853532
-0.132387
-0.114412
-0.120772
-0.152943
-0.153939
-0.13886
-0.115056
-0.0928319
-0.095589
-0.128706
-0.166721
-0.135759
-0.0693073
-0.0432391
-0.0399063
-0.0367678
-0.12284
-0.140389
-0.087146
-0.0381866
-0.0327177
-0.0230525
-0.0153743
-0.0167758
-0.0192573
-0.00620956
0.0195931
0.0125842
-0.00169653
-0.24557
-0.246293
-0.215026
-0.174634
-0.132205
-0.0983719
-0.0742024
-0.0422592
-0.0475314
-0.0738443
-0.0774976
-0.0933818
-0.132986
-0.151463
-0.126799
-0.099977
-0.0779542
-0.0875843
-0.117987
-0.147649
-0.126204
-0.0659765
-0.0372452
-0.0420432
-0.0284821
-0.110455
-0.128273
-0.0850933
-0.0402726
-0.0325527
-0.0242425
-0.0150836
-0.0178555
-0.0201658
-0.00731508
0.0188904
0.012253
-0.00174271
-0.179122
-0.184876
-0.160308
-0.127859
-0.0955994
-0.069174
-0.0496556
-0.0202862
-0.00926445
-0.0110014
-0.0120172
-0.0494057
-0.10387
-0.112936
-0.0957772
-0.0724743
-0.0546983
-0.0680305
-0.106717
-0.145663
-0.112348
-0.0538511
-0.0248677
-0.0228699
-0.014257
-0.0906244
-0.124031
-0.0797776
-0.0382917
-0.0341753
-0.0245651
-0.0159637
-0.0192808
-0.0211331
-0.0085628
0.0178311
0.0114692
-0.00179409
-0.138964
-0.147113
-0.131596
-0.10766
-0.0802588
-0.0540735
-0.0324745
0.000854494
0.0310504
0.0496384
0.0483911
-0.00144026
-0.061314
-0.0759983
-0.0664121
-0.0502646
-0.0337269
-0.0402546
-0.0734812
-0.0976434
-0.081009
-0.032625
-0.0139613
-0.0155717
-0.0017595
-0.0660078
-0.0956401
-0.0659062
-0.0361986
-0.0372622
-0.0252186
-0.0163635
-0.0204077
-0.0220597
-0.00999088
0.0163393
0.0103947
-0.00176688
-0.105658
-0.111153
-0.0997658
-0.0788556
-0.0551193
-0.0325841
-0.0127907
0.0161565
0.0466608
0.0647769
0.0667765
0.0287623
-0.0195654
-0.0366629
-0.0346829
-0.0225598
-0.00966955
-0.00912839
-0.0342131
-0.0593049
-0.0424268
-0.0131092
-0.0108489
-0.00559078
0.0107191
-0.038171
-0.0631507
-0.0461631
-0.0351266
-0.0398058
-0.0255338
-0.0166765
-0.0215127
-0.0228096
-0.0113902
0.0144023
0.00915168
-0.00160542
-0.0759593
-0.0815759
-0.074619
-0.0599608
-0.0420108
-0.0234533
-0.0065437
0.0170866
0.0407376
0.0576751
0.0607084
0.0389818
0.00836921
-0.0100199
-0.0129889
-0.00703166
0.00361732
0.0176354
0.0113135
-0.0128951
-0.00767785
-0.000269453
-0.0148025
-0.00157954
0.0168351
-0.00978668
-0.0236108
-0.0201803
-0.0310741
-0.0397697
-0.0251546
-0.0168659
-0.0223511
-0.0235593
-0.0127873
0.0120579
0.0078496
-0.00129381
-0.0548352
-0.0595314
-0.0548202
-0.0438014
-0.0296657
-0.0144648
-6.88149e-05
0.0171336
0.0340518
0.045857
0.0491716
0.0377586
0.0209785
0.00722125
0.00349561
0.0104865
0.0164408
0.0298156
0.0264485
0.00546345
0.00869771
0.00884341
0.00305838
0.0048685
0.0195469
0.00715857
0.003161
0.00692235
-0.0215486
-0.0329454
-0.0235041
-0.0172548
-0.0225812
-0.0236603
-0.0136987
0.0094104
0.00659975
-0.000817644
-0.0378587
-0.0413085
-0.0383621
-0.0304759
-0.0200619
-0.00873022
0.00216529
0.0142605
0.026126
0.03486
0.0379723
0.0327818
0.0249259
0.0156048
0.0122955
0.0165369
0.0206901
0.0327217
0.0342887
0.0161938
0.0154072
0.0149907
0.00719993
0.00975901
0.0199536
0.0158714
0.0189158
0.0248066
-0.00844653
-0.0191036
-0.018893
-0.0172836
-0.0213533
-0.0225963
-0.0136034
0.00672787
0.00554838
-0.000175023
-0.0241095
-0.0271296
-0.0255273
-0.0201069
-0.01263
-0.0043861
0.0037287
0.0122239
0.0203849
0.0267083
0.029659
0.0275962
0.0240294
0.0198524
0.0178947
0.022185
0.0250551
0.0311132
0.0335555
0.02121
0.0176958
0.0184441
0.0168987
0.0154348
0.0200854
0.0152775
0.022529
0.0294508
0.00371705
-0.00448408
-0.00935585
-0.0117301
-0.0169699
-0.020631
-0.0120988
0.00454684
0.00501719
0.000602014
-0.0137771
-0.0162358
-0.0153981
-0.011731
-0.00649999
-0.000683222
0.00508997
0.0109821
0.0165565
0.0210708
0.0237911
0.0236957
0.022789
0.0215124
0.0202229
0.0226438
0.0248839
0.0281044
0.0301009
0.0237308
0.0197437
0.0188678
0.0142297
0.0179432
0.0204374
0.0172283
0.0228739
0.0271897
0.0121062
0.00622745
0.00372914
0.000996141
-0.00876613
-0.0162123
-0.00827493
0.00345928
0.00504299
0.0014296
-0.00577078
-0.00768257
-0.00734868
-0.0050012
-0.00147929
0.00252477
0.006549
0.0106137
0.014438
0.0176947
0.0200605
0.0209032
0.0211644
0.0211891
0.0210663
0.022877
0.0248078
0.0262235
0.0268352
0.0239366
0.0211209
0.0194173
0.0173941
0.0201228
0.0207677
0.0178392
0.0210094
0.0241228
0.0166013
0.01299
0.0132322
0.0112162
0.0012159
-0.00831817
-0.0022842
0.00383064
0.00557399
0.00215213
0.00054197
-0.000987099
-0.00101254
0.000399328
0.00272561
0.00543698
0.00817984
0.0109229
0.013552
0.0159102
0.01784
0.0189901
0.0198233
0.0206307
0.0209547
0.0219973
0.0231947
0.024194
0.0243193
0.022965
0.0215012
0.0199168
0.0183213
0.0200778
0.0204376
0.0185369
0.0200609
0.0218608
0.018257
0.0161343
0.0176136
0.0162596
0.00818289
-0.0005752
0.00270391
0.00555881
0.00655964
0.00260599
0.00535476
0.00409992
0.00392467
0.00477595
0.00627862
0.00805249
0.00986321
0.0116885
0.0134998
0.0151852
0.0166546
0.0177468
0.0186057
0.0193117
0.0201169
0.0210417
0.0219322
0.0226102
0.0227075
0.0218743
0.0211223
0.0201072
0.0188534
0.019893
0.0204394
0.0190057
0.0190985
0.0200405
0.0184704
0.0174505
0.0184612
0.01726
0.0114356
0.00450074
0.00539084
0.00701844
0.00713975
0.00275885
0.00906542
0.00807518
0.00781225
0.0082566
0.00918849
0.0103485
0.0115491
0.0127539
0.0139435
0.0151205
0.016217
0.0171308
0.0179439
0.0186933
0.0194209
0.0201336
0.0207194
0.0211921
0.0213553
0.020895
0.0204484
0.0199304
0.0190037
0.0192784
0.0197812
0.0189364
0.0184153
0.0186604
0.0179197
0.0172284
0.0176695
0.016571
0.012112
0.00685389
0.00652125
0.00738806
0.00668939
0.00261355
0.0119605
0.0111663
0.0108649
0.0110612
0.0116161
0.0123416
0.0130978
0.013854
0.0146271
0.0154253
0.0162047
0.0168947
0.0175413
0.0181668
0.0187725
0.0193214
0.0197622
0.0201184
0.0202779
0.0200787
0.0197831
0.0195302
0.0190089
0.0188563
0.0190704
0.0186029
0.0179478
0.0176549
0.0171978
0.0167692
0.0166065
0.0153555
0.0119345
0.00793504
0.00692642
0.00693661
0.00562059
0.00226243
0.0141749
0.0135486
0.0132556
0.0133014
0.0135986
0.0140207
0.0144698
0.0149207
0.0153991
0.0159095
0.0164295
0.0169054
0.0173692
0.0178319
0.0182923
0.0187023
0.0190124
0.0192706
0.019399
0.0193434
0.0191396
0.0189501
0.018581
0.018323
0.0182951
0.0179957
0.0174294
0.0168635
0.0163785
0.0159296
0.0153873
0.0140569
0.0113557
0.0082747
0.00692696
0.00627514
0.004637
0.00186046
0.0158826
0.0153908
0.0151156
0.0150671
0.0151961
0.0154151
0.0156553
0.0158936
0.0161583
0.016456
0.0167732
0.0170696
0.0173648
0.0176717
0.0179815
0.0182609
0.0184622
0.0186385
0.0187224
0.0187039
0.0185645
0.0184039
0.018164
0.0178859
0.0176741
0.0173559
0.01687
0.0162139
0.0156137
0.0150824
0.0143772
0.0129944
0.0107805
0.00834943
0.00688029
0.00577757
0.00390714
0.00152743
0.0171806
0.0167933
0.0165458
0.0164468
0.0164673
0.0165474
0.0166418
0.0167336
0.0168489
0.0169924
0.0171559
0.0173081
0.0174613
0.0176317
0.0178084
0.0179687
0.0180727
0.0181651
0.0181945
0.0181649
0.0180422
0.0178902
0.0176754
0.0173908
0.0171013
0.0167312
0.0162764
0.0156297
0.01494
0.014276
0.013466
0.0121241
0.0102827
0.00829567
0.00678914
0.00538991
0.00342133
0.00127474
0.018156
0.0178519
0.0176333
0.0175058
0.0174555
0.0174417
0.017438
0.0174316
0.0174437
0.0174773
0.0175249
0.0175675
0.0176097
0.0176701
0.0177347
0.0177921
0.0178094
0.0178218
0.0177915
0.0177244
0.0175873
0.0174187
0.0171968
0.0169015
0.0165801
0.0161675
0.0157005
0.0150788
0.0143502
0.0135952
0.012742
0.0114653
0.00978757
0.00816563
0.00669605
0.005128
0.00316957
0.00114236
0.0188795
0.0186358
0.0184418
0.0183001
0.0182063
0.0181314
0.0180623
0.0179895
0.0179304
0.0178874
0.0178518
0.0178154
0.0177724
0.0177482
0.0177212
0.0176958
0.017639
0.0175781
0.0174881
0.0173698
0.0172051
0.0170047
0.0167634
0.0164493
0.0161062
0.0156754
0.0151867
0.0145881
0.0138487
0.0130581
0.0121782
0.0110135
0.00970362
0.00814677
0.00665337
0.00502429
0.00303218
0.00105391
0.0193974
0.0191964
0.0190224
0.0188754
0.0187552
0.0186427
0.0185306
0.0184159
0.0183078
0.0182133
0.0181185
0.0180266
0.0179217
0.0178345
0.0177374
0.0176477
0.0175307
0.0174097
0.0172696
0.017097
0.0169056
0.0166594
0.0164001
0.016058
0.0156911
0.0152483
0.0147262
0.0141484
0.0134226
0.0126362
0.0117678
0.0106654
0.00946813
0.00805742
0.00656305
0.00496352
0.00297136
0.00100172
0.0197548
0.0195843
0.0194236
0.019275
0.0191375
0.0190032
0.0188653
0.0187254
0.0185865
0.0184552
0.0183223
0.0181894
0.018047
0.0179106
0.017766
0.0176227
0.0174614
0.0172929
0.0171085
0.0168951
0.0166672
0.0163916
0.0160991
0.0157437
0.015345
0.0148908
0.0143548
0.0137571
0.013047
0.0122469
0.0113586
0.0102844
0.00911756
0.0077854
0.00630957
0.00468059
0.00284615
0.000958766
0.0199816
0.0198293
0.0196772
0.019528
0.0193813
0.0192338
0.0190822
0.0189274
0.0187702
0.0186156
0.018458
0.0183001
0.0181337
0.0179669
0.0177914
0.0176122
0.0174216
0.0172195
0.0170043
0.0167623
0.0165026
0.0162058
0.0158841
0.0155124
0.0150946
0.0146227
0.0140782
0.0134672
0.0127663
0.0119571
0.0110668
0.0100272
0.00887575
0.00758369
0.00612836
0.00455452
0.00280082
0.000949848
0.0200905
0.0199478
0.0198003
0.0196511
0.0195001
0.0193474
0.01919
0.0190293
0.0188638
0.0186977
0.0185277
0.018357
0.0181792
0.0179974
0.0178059
0.0176075
0.0173999
0.0171798
0.0169475
0.0166895
0.0164132
0.0161028
0.0157659
0.0153848
0.0149563
0.0144736
0.0139254
0.0133053
0.0126034
0.0117958
0.0109031
0.00987839
0.00873405
0.00745911
0.00602405
0.00446955
0.00276276
0.000940257
-0.100178
-0.112711
-0.126402
-0.139657
-0.156048
-0.17098
-0.190407
-0.212627
-0.0818687
-0.0906722
-0.1004
-0.110167
-0.121234
-0.131576
-0.141557
-0.154663
-0.0644388
-0.0702479
-0.0762671
-0.0828576
-0.0895588
-0.0960386
-0.103662
-0.116349
-0.0500915
-0.0537234
-0.0573145
-0.061691
-0.0666996
-0.0731223
-0.0813163
-0.0914476
-0.0374754
-0.0399146
-0.0425324
-0.0463417
-0.0510604
-0.0558629
-0.0602207
-0.0655719
-0.027201
-0.0288335
-0.0307221
-0.0332307
-0.0357819
-0.0380149
-0.040904
-0.0460167
-0.0182923
-0.019115
-0.0200041
-0.0212526
-0.0228991
-0.0250176
-0.0279801
-0.031963
-0.0106453
-0.0109788
-0.0114457
-0.0123769
-0.0137931
-0.0154087
-0.0172228
-0.019776
-0.00436218
-0.00447361
-0.00468724
-0.00522375
-0.00604571
-0.00698493
-0.00823648
-0.010359
0.000922624
0.000965169
0.000970039
0.000738262
0.000236049
-0.000501094
-0.00157679
-0.00325696
0.00530038
0.00538182
0.00544747
0.00532707
0.00497522
0.00442622
0.00365337
0.00241853
0.00885627
0.00891987
0.00899213
0.00894891
0.00874254
0.00837953
0.00781086
0.00683499
0.0117553
0.0117891
0.0118494
0.0118415
0.011708
0.0114303
0.0109679
0.0101984
0.0140775
0.0140662
0.0140867
0.0140712
0.013968
0.0137563
0.0134047
0.0128224
0.0159068
0.0158553
0.0158368
0.0158076
0.0157234
0.0155595
0.0152847
0.0148359
0.0173301
0.0172486
0.0171961
0.0171462
0.017065
0.0169308
0.0167171
0.0163798
0.0184165
0.0183156
0.0182397
0.0181745
0.018095
0.0179823
0.0178132
0.0175574
0.0192389
0.0191272
0.0190366
0.0189596
0.0188775
0.0187752
0.0186357
0.0184402
0.0198486
0.0197304
0.0196306
0.0195452
0.0194609
0.0193659
0.0192485
0.0190966
0.02029
0.0201684
0.0200631
0.0199716
0.0198854
0.0197943
0.0196912
0.0195681
0.0205899
0.0204698
0.0203628
0.0202684
0.0201808
0.0200927
0.0199991
0.0198953
0.0207759
0.0206608
0.0205554
0.0204606
0.0203723
0.0202862
0.0201978
0.020105
0.0208624
0.020753
0.0206495
0.0205541
0.0204648
0.0203789
0.0202929
0.0202052
0.0577012
0.0610779
0.0640238
0.0657805
0.065625
0.0634526
0.0591471
0.0521425
0.0413831
0.0253526
0.00197573
-0.0316164
-0.0801358
-0.147154
-0.207824
0.0347276
0.0358747
0.0349699
0.0323548
0.0280199
0.0216628
0.0127479
0.000434644
-0.0164618
-0.0395474
-0.0710203
-0.113718
-0.172212
-0.251343
-0.316085
0.0124115
0.0108556
0.0059763
-0.000668838
-0.00875402
-0.0188931
-0.0319794
-0.0490275
-0.071287
-0.100426
-0.138781
-0.189305
-0.255378
-0.343859
-0.406432
-0.0101698
-0.0147777
-0.0229036
-0.0325798
-0.0437046
-0.0571521
-0.0739162
-0.0950266
-0.121755
-0.155776
-0.19952
-0.256242
-0.328389
-0.417831
-0.476943
-0.033673
-0.0410347
-0.0513115
-0.0629746
-0.0763917
-0.0925576
-0.112333
-0.136675
-0.166843
-0.204441
-0.251856
-0.312527
-0.387109
-0.473101
-0.526408
-0.0563879
-0.0664239
-0.0782382
-0.0913553
-0.1066
-0.12491
-0.146895
-0.173512
-0.205945
-0.245805
-0.295291
-0.35682
-0.430302
-0.509567
-0.555026
-0.0781434
-0.0900808
-0.102893
-0.117254
-0.134064
-0.153959
-0.177512
-0.205505
-0.239043
-0.2796
-0.329004
-0.38876
-0.45786
-0.52705
-0.564615
-0.098917
-0.111375
-0.12518
-0.140864
-0.158932
-0.179884
-0.204267
-0.232766
-0.266323
-0.30614
-0.353587
-0.409267
-0.470614
-0.526662
-0.558053
0.191262
0.205961
0.222406
0.241026
0.261875
0.284834
0.309798
0.336719
0.365519
0.395938
0.427378
0.458651
0.487744
0.510623
0.529379
0.188338
0.20214
0.217747
0.235664
0.255813
0.277917
0.3018
0.32741
0.35467
0.383281
0.41257
0.441248
0.467163
0.486336
0.501443
0.181285
0.19339
0.207557
0.224235
0.243084
0.26359
0.285467
0.308615
0.332913
0.357996
0.383079
0.406731
0.426556
0.438717
0.447216
0.170086
0.179924
0.192179
0.207052
0.22387
0.241943
0.260918
0.280637
0.300869
0.321085
0.340302
0.356866
0.368043
0.370005
0.369574
0.154807
0.162088
0.172352
0.185274
0.1996
0.214448
0.229508
0.244672
0.259657
0.27376
0.285733
0.293635
0.294336
0.2838
0.271993
0.135786
0.139952
0.148018
0.158859
0.1705
0.181851
0.192597
0.202615
0.211536
0.2185
0.22205
0.219975
0.208743
0.184103
0.158922
0.113428
0.11526
0.121344
0.129402
0.137417
0.144549
0.150551
0.155154
0.157723
0.157153
0.151751
0.139045
0.11515
0.0758094
0.0368446
0.087181
0.0880431
0.0932948
0.0986292
0.102585
0.104922
0.105657
0.104414
0.100301
0.0919571
0.0774487
0.0540293
0.0174016
-0.0364103
-0.0879276
0.0317967
0.036292
0.0325403
0.0364918
0.0340122
0.0383092
0.036553
0.0409314
0.0402545
0.044736
0.0454894
0.0502087
0.0527526
0.0583232
0.0629786
0.0702216
0.0776178
0.0875903
0.0986821
0.112713
0.128653
0.14824
0.170757
0.0318284
0.0362934
0.0325875
0.0364917
0.0340742
0.0383135
0.0366286
0.0409585
0.0403548
0.0447924
0.0456199
0.0503699
0.0529124
0.0585081
0.0631333
0.0704397
0.0777518
0.087692
0.0985862
0.112473
0.127959
0.147208
0.168906
0.0318701
0.0362692
0.0326523
0.036462
0.0341639
0.0382868
0.036735
0.0409488
0.0404858
0.0448079
0.0457872
0.0503573
0.0530712
0.0585315
0.0632304
0.0704873
0.0776709
0.087541
0.0979948
0.11157
0.126182
0.144539
0.164264
0.0319207
0.0362211
0.0327326
0.0364061
0.0342729
0.038229
0.0368661
0.0409075
0.0406403
0.0448118
0.0459698
0.0504257
0.0533146
0.0587967
0.0633619
0.0707004
0.0775262
0.0873508
0.0970704
0.110104
0.123225
0.140001
0.156613
0.031979
0.0361524
0.0328238
0.0363278
0.0343981
0.03815
0.0370176
0.0408376
0.0408094
0.044773
0.0461421
0.0503352
0.053475
0.0587507
0.0632904
0.0704396
0.0769502
0.0863788
0.0953658
0.107482
0.118857
0.133416
0.145722
0.0320406
0.0360661
0.032926
0.0362318
0.0345333
0.0380601
0.0371815
0.0407649
0.0410056
0.0447804
0.0463847
0.0505145
0.053792
0.0591123
0.0634542
0.070726
0.0766866
0.0860272
0.09375
0.104863
0.11353
0.125205
0.13218
0.0321162
0.0359644
0.0330303
0.036126
0.0346718
0.0379515
0.0373456
0.040664
0.0411609
0.0447001
0.046498
0.050282
0.0538281
0.0587056
0.0631377
0.0698892
0.0755647
0.0839786
0.0908762
0.100221
0.106722
0.114401
0.115648
0.0321844
0.0358541
0.0331338
0.0360192
0.0348216
0.0378735
0.0375239
0.0406426
0.0414161
0.0448146
0.0468695
0.0508242
0.0542374
0.0593152
0.0635768
0.0705351
0.0754887
0.0838873
0.0887451
0.0967809
0.0988045
0.102389
0.0951812
0.0322663
0.0356992
0.0332699
0.0358417
0.0349707
0.0376761
0.0376874
0.0404002
0.041483
0.0445843
0.0467765
0.0502863
0.0538356
0.0581658
0.0624629
0.0680896
0.0726306
0.0785731
0.0824339
0.0862725
0.0856568
0.0815482
0.0685765
0.032376
0.0354748
0.0334432
0.0355918
0.0351379
0.0373465
0.0377997
0.0399723
0.0414105
0.0439142
0.0463104
0.0493042
0.0527061
0.0561947
0.0600951
0.0642103
0.0678603
0.0711801
0.0733947
0.0731642
0.0704448
0.0630237
0.0523952
0.0325146
0.0351833
0.0336457
0.0352773
0.0353256
0.0369284
0.0379137
0.039502
0.0412721
0.0432879
0.0457537
0.0482238
0.0513314
0.0540565
0.0573682
0.0600946
0.0626526
0.0638854
0.0642956
0.061958
0.0574377
0.049626
0.0394015
0.0326836
0.0348161
0.0338781
0.0349067
0.0355056
0.0365542
0.0378968
0.0390852
0.0410183
0.0425764
0.0449923
0.0470152
0.0496327
0.0517255
0.0542114
0.055759
0.0571299
0.0568353
0.0556738
0.0521981
0.046667
0.0388643
0.0290991
0.0328863
0.0343657
0.0341108
0.0345833
0.0355793
0.0362346
0.0377664
0.0386697
0.0406007
0.0418321
0.0439921
0.0456696
0.0476192
0.0491791
0.0507733
0.0512756
0.0515703
0.0501996
0.0478882
0.0438439
0.0380496
0.0306079
0.0215673
0.0331196
0.0338839
0.0342476
0.0343287
0.0355724
0.0359376
0.0375121
0.0382348
0.040011
0.0409994
0.0427893
0.0441594
0.0454103
0.0464161
0.0472108
0.0468201
0.0462124
0.0441778
0.0412208
0.0369474
0.0313497
0.0244615
0.0162803
0.0333442
0.0334397
0.0342655
0.0341269
0.035467
0.0356594
0.0371273
0.0377685
0.0392571
0.040055
0.0414316
0.0424628
0.0430776
0.0435135
0.0436419
0.0426013
0.0413037
0.038911
0.0357117
0.0314705
0.026299
0.0201418
0.0129616
0.0335305
0.0330443
0.0341906
0.0339567
0.0352497
0.0353829
0.0366194
0.0372287
0.0383787
0.0389846
0.0399511
0.0406024
0.0406909
0.0406198
0.0401998
0.0387621
0.0370121
0.034461
0.0313019
0.0273251
0.0227068
0.0173788
0.0112587
0.0336472
0.0327216
0.0340091
0.0338012
0.0349233
0.0350843
0.0360211
0.0365932
0.037407
0.0377922
0.03838
0.0386492
0.0383282
0.03785
0.0370202
0.0353744
0.0333985
0.0308573
0.0279138
0.0243639
0.0203644
0.0158687
0.0107725
0.0336776
0.032483
0.0337203
0.0336407
0.0345086
0.0347259
0.035366
0.0358483
0.0363614
0.0365097
0.0367585
0.0366827
0.0360623
0.0352965
0.0341972
0.0324807
0.0304722
0.0280755
0.0254342
0.0223799
0.0190156
0.0153033
0.0111358
0.0336086
0.0323243
0.0333423
0.0334429
0.0340447
0.034283
0.0346714
0.0350051
0.0352592
0.0351796
0.0351363
0.034781
0.0339688
0.0330254
0.0317833
0.0300972
0.0281897
0.026029
0.0237281
0.0211676
0.0184063
0.0153989
0.012041
0.0334353
0.0322284
0.0329083
0.0331535
0.0335556
0.0337564
0.033947
0.0340956
0.0341229
0.0338496
0.03357
0.0330172
0.0320979
0.0310692
0.0297907
0.0282048
0.0264749
0.0245964
0.0226451
0.0205377
0.0183079
0.0159047
0.0132276
0.0331635
0.0321663
0.0324758
0.0327429
0.033034
0.0331661
0.0332001
0.0331623
0.0329878
0.0325645
0.0321136
0.0314361
0.030476
0.0294354
0.0281992
0.0267581
0.025241
0.0236531
0.0220346
0.0203218
0.018535
0.0166273
0.014506
0.0328099
0.0320779
0.0320909
0.0322364
0.0324537
0.0325149
0.032434
0.032242
0.0318978
0.0313637
0.0308019
0.0300658
0.0291174
0.0281129
0.0269656
0.0256933
0.0243995
0.0230872
0.0217674
0.0203856
0.018956
0.017445
0.0157747
0.0324005
0.0318985
0.0317447
0.0317488
0.0318393
0.0318078
0.0316478
0.0313517
0.0308876
0.0302771
0.0296541
0.0289129
0.0280143
0.0270712
0.0260298
0.024929
0.0238526
0.0227933
0.0217351
0.0206265
0.0194801
0.0182802
0.0169688
0.0319629
0.0316253
0.0314145
0.0312835
0.031219
0.0310876
0.0308583
0.0304952
0.0299681
0.0293222
0.0286792
0.0279728
0.0271499
0.0262796
0.02534
0.024393
0.023511
0.0226738
0.0218405
0.0209568
0.0200321
0.0190697
0.0180361
0.0315192
0.0312793
0.0310533
0.0308286
0.0306286
0.0303993
0.0301011
0.0296951
0.0291479
0.0285014
0.0278704
0.027221
0.0264877
0.0256982
0.024854
0.0240356
0.0233109
0.0226529
0.0220043
0.0213062
0.0205614
0.0197847
0.0189673
0.0310852
0.0308964
0.0306588
0.0303773
0.0300863
0.0297734
0.0294088
0.0289728
0.028432
0.0278087
0.0272088
0.0266234
0.0259807
0.0252787
0.0245301
0.023819
0.0232112
0.0226827
0.0221743
0.0216262
0.0210323
0.0204084
0.0197604
0.0306681
0.0304986
0.0302517
0.0299414
0.0295985
0.0292226
0.0288039
0.0283498
0.0278281
0.0272395
0.0266777
0.0261545
0.0255977
0.0249823
0.0243241
0.0237018
0.0231779
0.0227357
0.0223236
0.021889
0.0214204
0.020926
0.0204155
0.0302833
0.0301225
0.0298639
0.0295331
0.0291658
0.0287584
0.028302
0.0278338
0.0273351
0.0267858
0.0262599
0.025789
0.0253107
0.0247786
0.0242042
0.0236564
0.0231931
0.0228072
0.0224597
0.0221078
0.0217359
0.0213445
0.0209408
0.0299496
0.0297942
0.0295279
0.0291802
0.0287992
0.0283822
0.0279119
0.0274306
0.0269443
0.0264317
0.0259397
0.025504
0.0250824
0.0246246
0.0241309
0.0236524
0.0232369
0.0228899
0.0225873
0.0222959
0.0219957
0.0216815
0.0213597
0.0296918
0.0295374
0.0292708
0.0289127
0.0285174
0.028102
0.0276416
0.0271536
0.0266699
0.0261931
0.0257376
0.025323
0.0249336
0.0245325
0.0241052
0.0236769
0.0232854
0.0229498
0.0226635
0.0224041
0.0221497
0.0218894
0.0216254
0.0295519
0.0293989
0.0291283
0.0287605
0.0283533
0.0279352
0.0274795
0.0269905
0.0265114
0.0260555
0.0256214
0.0252182
0.0248432
0.0244729
0.0240873
0.0236961
0.023329
0.0230092
0.0227374
0.0224972
0.0222692
0.0220425
0.0218182
0.0522068
0.0318172
0.008961
-0.0108914
-0.0307283
-0.0502781
-0.069476
-0.0856984
0.040906
0.0226079
-0.000318831
-0.0191716
-0.0339613
-0.0474324
-0.0607761
-0.0718216
0.0303534
0.0160153
-0.00354359
-0.0192591
-0.0294998
-0.0386185
-0.0482286
-0.0570297
0.0207466
0.00965677
-0.00555765
-0.0180486
-0.025894
-0.0325445
-0.0391796
-0.045216
0.0135518
0.00457486
-0.00594118
-0.0147479
-0.0206167
-0.0254447
-0.0299519
-0.0341219
0.00886366
0.00169862
-0.00522266
-0.0110266
-0.015326
-0.0189669
-0.0221756
-0.0249886
0.00637587
0.000795988
-0.00355758
-0.00713372
-0.0101135
-0.0128077
-0.015104
-0.0169754
0.00560384
0.00134693
-0.00124235
-0.00326419
-0.00520603
-0.00712452
-0.00874121
-0.00992939
0.00605227
0.0028555
0.00143364
0.000446429
-0.000725545
-0.00204457
-0.00318721
-0.00396778
0.00728401
0.00491388
0.00423674
0.00390577
0.00328064
0.00241684
0.00162501
0.00111481
0.00895547
0.0072175
0.00699411
0.0070551
0.00680043
0.00627168
0.0057372
0.00539765
0.0107906
0.00952596
0.00955981
0.00984361
0.00983365
0.00953802
0.00917547
0.00892894
0.0125973
0.0116779
0.0118388
0.0122368
0.0123932
0.0122657
0.0120223
0.011829
0.0142971
0.0136361
0.0138492
0.0142717
0.0145056
0.0144859
0.0143277
0.0141676
0.0158358
0.0153643
0.0155803
0.0159687
0.0162146
0.0162508
0.0161486
0.0160119
0.0171763
0.0168458
0.0170411
0.0173684
0.0175877
0.0176397
0.0175673
0.0174457
0.0183169
0.0180856
0.018248
0.0185058
0.0186793
0.0187204
0.0186554
0.0185392
0.0192649
0.0190966
0.0192182
0.0194076
0.0195312
0.0195504
0.0194816
0.0193657
0.0200344
0.0199018
0.0199775
0.0201021
0.0201776
0.0201723
0.0200957
0.0199779
0.0206411
0.0205254
0.0205542
0.0206192
0.0206508
0.0206226
0.0205385
0.0204197
0.0211165
0.0210013
0.0209789
0.0209848
0.020973
0.0209224
0.0208324
0.0207157
0.0214235
0.0213119
0.0212561
0.0212186
0.021172
0.0211023
0.0210075
0.020895
0.0216381
0.0215138
0.0214173
0.0213369
0.0212595
0.0211754
0.0210795
0.0209735
-0.561585
-0.56903
-0.579473
-0.594476
-0.614496
-0.638368
-0.661611
-0.67817
-0.558951
-0.564596
-0.573352
-0.58585
-0.60142
-0.619113
-0.636625
-0.648378
-0.558112
-0.560978
-0.566627
-0.575182
-0.585614
-0.595445
-0.601052
-0.598483
-0.558977
-0.557564
-0.557931
-0.559388
-0.560607
-0.55941
-0.552977
-0.538725
-0.559835
-0.551986
-0.544212
-0.536143
-0.527285
-0.516559
-0.501877
-0.480904
-0.556476
-0.540295
-0.523398
-0.506514
-0.490102
-0.473251
-0.453791
-0.429229
-0.544259
-0.519768
-0.495367
-0.472684
-0.452076
-0.432046
-0.410174
-0.384004
-0.520313
-0.489892
-0.461508
-0.436615
-0.414621
-0.393495
-0.370811
-0.344283
-0.484663
-0.452367
-0.423995
-0.399799
-0.378355
-0.357527
-0.335105
-0.309076
-0.440083
-0.410219
-0.38496
-0.363284
-0.343605
-0.323974
-0.302575
-0.277646
-0.390725
-0.366379
-0.345965
-0.327806
-0.310546
-0.292718
-0.272827
-0.24943
-0.340148
-0.322993
-0.308146
-0.293817
-0.279327
-0.263615
-0.245574
-0.22399
-0.291214
-0.281485
-0.272012
-0.261655
-0.249942
-0.236575
-0.220565
-0.201059
-0.244261
-0.241892
-0.237951
-0.231514
-0.222575
-0.211505
-0.19762
-0.180371
-0.199774
-0.205521
-0.206043
-0.203562
-0.196907
-0.187815
-0.176097
-0.1614
-0.430168
-0.444014
-0.462977
-0.485692
-0.508572
-0.528589
-0.543821
-0.554204
-0.433158
-0.448732
-0.46858
-0.492081
-0.514115
-0.532588
-0.545641
-0.553672
-0.435351
-0.452898
-0.474816
-0.499321
-0.522113
-0.539876
-0.550996
-0.556001
-0.43947
-0.459114
-0.483381
-0.509703
-0.533655
-0.550911
-0.55973
-0.560615
-0.44596
-0.467506
-0.4941
-0.52247
-0.54769
-0.564328
-0.569842
-0.56668
-0.454671
-0.477277
-0.505632
-0.535905
-0.561797
-0.576857
-0.578627
-0.570158
-0.465315
-0.487163
-0.515691
-0.546564
-0.57187
-0.584122
-0.580949
-0.56584
-0.477406
-0.495445
-0.521207
-0.550048
-0.572556
-0.580322
-0.57111
-0.54904
-0.490382
-0.500317
-0.518951
-0.541764
-0.558549
-0.560324
-0.545089
-0.517477
-0.503845
-0.500479
-0.506553
-0.518566
-0.526082
-0.521127
-0.501771
-0.472461
-0.517576
-0.495422
-0.482949
-0.479435
-0.475296
-0.464536
-0.444988
-0.418397
-0.531241
-0.485279
-0.448286
-0.425233
-0.41043
-0.395828
-0.3797
-0.360118
-0.544021
-0.470891
-0.403977
-0.355164
-0.328616
-0.317941
-0.312193
-0.302638
-0.554554
-0.453778
-0.355934
-0.287874
-0.252829
-0.243444
-0.247434
-0.248498
-0.560126
-0.432714
-0.300609
-0.199764
-0.164517
-0.171097
-0.187608
-0.198911
-0.557437
-0.412436
-0.257999
-0.132741
-0.070958
-0.0844799
-0.114104
-0.143916
-0.492958
-0.366669
-0.214202
-0.0715255
0.00906843
0.0116009
-0.036947
-0.0836494
-0.355602
-0.284123
-0.182056
-0.0457953
0.0744752
0.1095
0.0642483
-0.000707531
-0.268376
-0.250216
-0.194349
-0.0879642
0.0277767
0.102956
0.118278
0.0808222
-0.226031
-0.234744
-0.215589
-0.165291
-0.0908514
-0.0226502
0.0424005
0.0613975
-0.243407
-0.269511
-0.280206
-0.273525
-0.236258
-0.180865
-0.11312
-0.0370937
-0.275364
-0.316843
-0.336891
-0.333768
-0.308322
-0.262333
-0.208026
-0.112745
-0.260243
-0.290452
-0.30318
-0.300037
-0.278357
-0.243018
-0.208364
-0.14621
-0.192356
-0.210364
-0.219519
-0.218164
-0.2062
-0.185627
-0.168242
-0.135282
-0.142435
-0.146345
-0.147203
-0.146405
-0.143263
-0.136826
-0.130543
-0.11285
-0.127167
-0.12608
-0.123474
-0.120423
-0.115964
-0.109364
-0.104273
-0.0973087
-0.11146
-0.110275
-0.110973
-0.110101
-0.104783
-0.0958586
-0.0877911
-0.0811414
-0.0953275
-0.0894724
-0.0890302
-0.0925759
-0.0977408
-0.10035
-0.0948598
-0.0807831
-0.106912
-0.10002
-0.0967989
-0.0979787
-0.101853
-0.104494
-0.10601
-0.103881
-0.130112
-0.12477
-0.121077
-0.120235
-0.123841
-0.130166
-0.130263
-0.134713
-0.137016
-0.132938
-0.128757
-0.125722
-0.123268
-0.124251
-0.121804
-0.124609
-0.112235
-0.10774
-0.103125
-0.0994141
-0.0955714
-0.0945234
-0.0911613
-0.0922924
-0.0861241
-0.0787224
-0.0715795
-0.0654249
-0.0605827
-0.0577868
-0.0568353
-0.0576102
-0.0909422
-0.080453
-0.0704992
-0.0618174
-0.0551671
-0.0502891
-0.0473409
-0.0447016
-0.113009
-0.101779
-0.0907221
-0.0801518
-0.0709608
-0.0627397
-0.0567073
-0.0507524
-0.11969
-0.111432
-0.101777
-0.0909179
-0.0797047
-0.0679476
-0.0563565
-0.0463217
-0.117521
-0.120081
-0.119416
-0.115061
-0.107249
-0.0961418
-0.080715
-0.0636827
-0.150448
-0.162577
-0.171108
-0.175165
-0.1744
-0.168837
-0.158964
-0.144963
-0.163065
-0.176536
-0.186783
-0.193266
-0.195103
-0.193287
-0.186178
-0.180828
-0.130382
-0.129644
-0.125717
-0.120945
-0.115228
-0.110546
-0.1036
-0.0986159
-0.0862226
-0.0698036
-0.0536725
-0.0396097
-0.0282234
-0.0203104
-0.0156165
-0.0147246
-0.0971841
-0.0790843
-0.0606059
-0.0430613
-0.0270458
-0.0134644
-0.00201387
0.00757238
-0.0810163
-0.0764087
-0.0705025
-0.0636714
-0.0562422
-0.0484305
-0.0401802
-0.0317415
-0.0687813
-0.071576
-0.0727507
-0.0721754
-0.0699005
-0.0661663
-0.0611929
-0.0552863
-0.0374522
-0.0359499
-0.0344026
-0.0329823
-0.0315004
-0.0302092
-0.0284949
-0.0273432
-0.00185768
0.000832945
0.00306826
0.00470254
0.00573513
0.00609771
0.0058896
0.00520517
0.00108297
0.00333832
0.00525561
0.00681228
0.00802969
0.00892228
0.0095563
0.0100095
-0.0088148
-0.0077436
-0.00666742
-0.00558871
-0.00449589
-0.00339016
-0.00231168
-0.00123642
-0.0115626
-0.010827
-0.0101539
-0.00956262
-0.00906585
-0.0086709
-0.0083778
-0.00817251
0.00037786
0.000440984
0.000199955
-0.000361868
-0.00122875
-0.0023671
-0.00371236
-0.00518968
0.019055
0.0181659
0.017103
0.0158721
0.0144877
0.0129803
0.0113886
0.00975998
0.0151625
0.0153917
0.0155449
0.0156264
0.015658
0.015681
0.0157407
0.0158721
0.000201033
0.000712952
0.00125744
0.001824
0.00240829
0.00301316
0.00365044
0.00433832
-0.134856
-0.118127
-0.0990502
-0.0794693
-0.0632157
-0.0490313
-0.0365121
-0.0261965
-0.0175727
-0.0104335
-0.00461066
0.000234188
0.0041376
0.00727205
0.00981453
0.0118277
0.0134173
0.0146549
0.0155988
0.0163035
0.0168038
0.0171218
0.0172844
-0.0895732
-0.0827821
-0.0784645
-0.0694164
-0.0588896
-0.0476567
-0.0369756
-0.0273759
-0.0189409
-0.0117757
-0.00574174
-0.000719636
0.00335013
0.0066664
0.00934043
0.0114615
0.0131387
0.0144399
0.0154301
0.0161648
0.0166832
0.0170123
0.0171788
-0.0179541
-0.0331888
-0.0462541
-0.0488293
-0.0462317
-0.0404139
-0.0330472
-0.025287
-0.0179482
-0.0113499
-0.00557552
-0.000739506
0.00326663
0.00655826
0.0092093
0.0113295
0.0130098
0.0143152
0.0153107
0.0160499
0.016572
0.0169037
0.0170713
0.0452999
0.00815016
-0.0170101
-0.0283746
-0.0322776
-0.0310152
-0.0267244
-0.0210796
-0.0151754
-0.00947114
-0.00434329
5.25092e-05
0.00378119
0.00686668
0.00937035
0.0113947
0.0130073
0.0142681
0.0152347
0.0159552
0.0164665
0.016794
0.0169598
0.0531572
0.0207847
-0.00208181
-0.0154011
-0.0215668
-0.0222605
-0.0199451
-0.0160418
-0.0114393
-0.00674656
-0.00243411
0.00140131
0.00470358
0.00745976
0.00973034
0.0115934
0.0130914
0.0142745
0.0151887
0.0158761
0.0163681
0.0166853
0.0168472
-0.0140625
-0.0103947
-0.0114737
-0.0143979
-0.0164339
-0.0161544
-0.0142137
-0.0110932
-0.00744471
-0.00369678
-0.000195028
0.00302284
0.00584103
0.0082286
0.0102192
0.0118849
0.0132423
0.0143274
0.0151742
0.0158161
0.016278
0.0165793
0.0167338
-0.0755329
-0.0476551
-0.0307595
-0.0217427
-0.0165411
-0.013282
-0.00976937
-0.00664606
-0.0035019
-0.000472697
0.00232832
0.00490263
0.0071714
0.00916035
0.0108268
0.0122645
0.0134578
0.0144249
0.0151896
0.0157759
0.0162014
0.0164804
0.016624
-0.104915
-0.0674256
-0.0433212
-0.0276459
-0.0174416
-0.0110598
-0.00589395
-0.00259433
0.000315054
0.00271222
0.00484889
0.00680093
0.00855236
0.0101366
0.011503
0.0126984
0.0137165
0.0145562
0.0152306
0.0157531
0.0161339
0.0163867
0.0165165
-0.103774
-0.0672552
-0.047073
-0.0274857
-0.0168932
-0.0077285
-0.00208022
0.001378
0.00407147
0.00590091
0.00741282
0.00876365
0.00999459
0.0111546
0.0122047
0.0131583
0.0139916
0.0146968
0.0152762
0.0157331
0.0160711
0.0162966
0.0164128
-0.0869517
-0.0591616
-0.0421607
-0.0225599
-0.0128332
-0.00225394
0.00287186
0.00628138
0.00838644
0.0093565
0.010116
0.0107919
0.0114758
0.0121895
0.0129052
0.0136147
0.0142666
0.0148403
0.0153242
0.015714
0.0160067
0.0162053
0.0163083
-0.0780518
-0.0567351
-0.0395133
-0.0171362
-0.00666602
0.0058383
0.00931004
0.0124238
0.0131055
0.0130487
0.0129506
0.0128972
0.0130152
0.0132772
0.013651
0.0140983
0.01456
0.0149964
0.0153809
0.0157007
0.0159465
0.0161157
0.0162046
-0.0691085
-0.048655
-0.0318345
-0.00905311
0.00262733
0.0150168
0.0175079
0.0198729
0.0185091
0.0172052
0.0160185
0.015182
0.0146685
0.0144415
0.0144569
0.0146353
0.0148971
0.0151855
0.0154604
0.0157011
0.0158918
0.0160265
0.0160985
-0.0662564
-0.046456
-0.0200372
0.00361907
0.0201061
0.0289718
0.0294557
0.0283248
0.0245064
0.0215481
0.0190615
0.0174022
0.0162583
0.0155973
0.0152815
0.0151993
0.01526
0.0153973
0.015559
0.0157165
0.0158461
0.0159419
0.0159937
-0.093451
-0.0822793
-0.0373421
0.00268696
0.0365743
0.0458818
0.0431349
0.036677
0.0300621
0.0252672
0.0216962
0.019329
0.0176904
0.0166574
0.0160589
0.0157511
0.015622
0.0156107
0.0156546
0.0157284
0.0157989
0.0158555
0.0158872
-0.116758
-0.121359
-0.0504959
-0.0052743
0.0353663
0.047725
0.0461185
0.0402017
0.0332771
0.0276859
0.0235042
0.0207253
0.0188298
0.01757
0.0167582
0.0162535
0.0159615
0.0158153
0.0157534
0.0157452
0.0157536
0.0157704
0.0157811
-0.112166
-0.100253
-0.0629953
-0.0163443
0.0197833
0.0342009
0.0364819
0.0342199
0.0305997
0.0268781
0.0237546
0.0213748
0.0195813
0.0183084
0.0173791
0.016729
0.0162916
0.0160137
0.0158433
0.0157523
0.0157034
0.0156791
0.01567
-0.0870439
-0.0760503
-0.0530831
-0.0246473
0.000263118
0.0153174
0.0228193
0.0250895
0.0251539
0.0239968
0.0227316
0.0213588
0.0200472
0.0188634
0.0178898
0.0171519
0.0166046
0.0162156
0.0159445
0.0157677
0.0156526
0.0155852
0.0155532
-0.0598995
-0.0565677
-0.0492551
-0.0375782
-0.0184911
-0.00087225
0.0120481
0.0179537
0.0206501
0.02134
0.0213518
0.0208426
0.0201032
0.0191549
0.0182661
0.0174851
0.0168522
0.0163663
0.0160073
0.0157565
0.015586
0.0154774
0.0154248
-0.0475867
-0.0477395
-0.0458938
-0.0343579
-0.0187577
-0.0013618
0.0101039
0.017096
0.0197622
0.0211181
0.0210485
0.0207493
0.0201112
0.0192636
0.0184929
0.0177264
0.0170477
0.0164887
0.0160542
0.015732
0.0155044
0.0153584
0.0152841
-0.0491606
-0.0388567
-0.0320168
-0.0176798
-0.00727196
0.00748054
0.0135501
0.0197664
0.0208223
0.021917
0.02154
0.0211604
0.0205606
0.0196916
0.0187936
0.0179215
0.0171743
0.0165507
0.0160536
0.0156746
0.0154021
0.0152209
0.0151275
-0.0375879
-0.0223541
-0.0112821
0.00343113
0.010381
0.0176987
0.0200689
0.0225781
0.0216986
0.0219701
0.0211329
0.0210281
0.0205966
0.0198765
0.0189834
0.018078
0.0172669
0.0165757
0.0160201
0.0155883
0.0152711
0.0150599
0.01495
-0.0526069
-0.029807
-0.00509291
0.0166557
0.0310053
0.0327119
0.0325721
0.0297144
0.0264624
0.0241831
0.0223865
0.0216593
0.0208296
0.0199129
0.0189327
0.0180493
0.0172306
0.0165181
0.0159253
0.0154552
0.0151052
0.0148702
0.0147457
-0.125537
-0.0983596
-0.0565454
-0.0155731
0.0197784
0.0286917
0.0333492
0.0297509
0.0283454
0.0256664
0.023358
0.0220613
0.0214091
0.0201134
0.018955
0.0179617
0.0170968
0.016364
0.0157552
0.0152671
0.0148956
0.0146397
0.0145049
-0.159306
-0.136806
-0.0886222
-0.0387205
0.00203187
0.0152921
0.0214684
0.0228821
0.0236881
0.0227145
0.0216437
0.0209835
0.0205494
0.0197624
0.0187805
0.017804
0.0169187
0.0161608
0.0155311
0.0150295
0.0146372
0.0143733
0.0142281
-0.0877057
-0.068738
-0.0374582
-0.00597569
0.016997
0.0237926
0.0242517
0.0238606
0.0231013
0.0221166
0.0207839
0.0202385
0.0197059
0.0189638
0.0181038
0.0172884
0.0165245
0.0158172
0.0152061
0.0147102
0.0143238
0.0140511
0.0139027
-0.0146409
-0.00274829
0.00831481
0.0161242
0.0211387
0.0231462
0.0241199
0.025014
0.0237082
0.0241496
0.0202099
0.0197163
0.0190584
0.0184224
0.0176096
0.016782
0.0160215
0.0153596
0.0147906
0.0143251
0.0139423
0.0136796
0.013529
0.00911459
0.0121294
0.0142062
0.0186297
0.0219617
0.0252138
0.0267061
0.0268084
0.0248637
0.0222733
0.0189378
0.017793
0.0177076
0.0176297
0.0170717
0.0163049
0.0155151
0.0148388
0.0142799
0.0138367
0.013487
0.0132348
0.0130892
-0.0238522
-0.0123936
-3.07853e-05
0.0131194
0.0247097
0.0327293
0.0360297
0.0337567
0.029318
0.0237803
0.0193964
0.0169292
0.016352
0.0160561
0.0156358
0.0151612
0.0146393
0.0141288
0.0136652
0.0132782
0.0129629
0.0127258
0.0125868
-0.0460818
-0.0377993
-0.0188879
-0.00718426
0.00507646
0.0137553
0.0187781
0.0205097
0.0211266
0.0197909
0.016678
0.0146319
0.0140721
0.0141653
0.0141139
0.013844
0.0135226
0.013203
0.0128919
0.012614
0.0123497
0.0121309
0.0119957
-0.0244145
-0.0203587
-0.0152794
-0.0114956
-0.00864307
-0.00759407
-0.00777805
-0.00591641
-0.000983348
0.00307559
0.00551792
0.00814855
0.0107961
0.0124275
0.0128561
0.012782
0.0125656
0.012307
0.0120812
0.0119036
0.0116863
0.0114771
0.0113479
0.00368019
0.00284566
0.00092283
-0.00190756
-0.00526588
-0.00898981
-0.0120421
-0.0113281
-0.00659825
-0.00143774
0.00222804
0.00628312
0.0087742
0.0104634
0.0113662
0.0116782
0.0116764
0.0115296
0.0113307
0.0111407
0.0109123
0.0107118
0.0105847
0.00997557
0.0100476
0.0100387
0.0103883
0.0110542
0.0119115
0.0124098
0.0119712
0.0104233
0.00775799
0.00531129
0.00497434
0.00684019
0.00900835
0.0102301
0.0105793
0.0106553
0.0105953
0.0104823
0.0103333
0.0101147
0.00990057
0.00976177
0.00122766
0.00205511
0.00355949
0.00499447
0.00623951
0.00710929
0.00748158
0.00698326
0.00593457
0.00424075
0.00236723
0.0023065
0.00449342
0.00693639
0.0085726
0.00933814
0.00959747
0.00957998
0.00944443
0.0093377
0.00913737
0.00895029
0.0087985
-0.00799927
-0.00824978
-0.00877306
-0.00971823
-0.0108945
-0.0121222
-0.0128753
-0.0123977
-0.0101929
-0.00743663
-0.00489065
-0.00186776
0.00205073
0.00570832
0.00797522
0.00884416
0.00899736
0.00880972
0.00853489
0.00836812
0.00815112
0.00790866
0.00771839
-0.00712275
-0.00948781
-0.0119757
-0.0144284
-0.0165762
-0.0181422
-0.018916
-0.0180489
-0.0150996
-0.0112673
-0.00768286
-0.0037564
0.000711058
0.00457011
0.0069035
0.00799813
0.00820743
0.00796047
0.00750263
0.00733141
0.00708767
0.00674942
0.00650384
0.00781094
0.00582995
0.00415605
0.0030626
0.0026393
0.00287358
0.00324088
0.00305626
0.00205957
0.000374869
-0.00186544
-0.00371819
-0.0025953
0.00191552
0.00623551
0.0082916
0.00832913
0.00767057
0.00632577
0.00611419
0.00569245
0.00526798
0.0050276
0.0162154
0.0171257
0.0185514
0.0204541
0.0224648
0.0240177
0.0244484
0.0229599
0.0186389
0.0131963
0.00715454
0.00133349
-0.00113223
0.00129835
0.00422578
0.00581692
0.00599269
0.00559953
0.00488956
0.00456447
0.00414183
0.00364026
0.00336926
0.00522102
0.0063031
0.00756656
0.00888607
0.0100611
0.010821
0.010959
0.0101835
0.00841571
0.00613033
0.00374632
0.00157468
0.000639499
0.00124665
0.00203124
0.00228166
0.00220924
0.00205654
0.00185088
0.00173477
0.00154483
0.00133967
0.00122859
-0.13734
-0.110496
-0.0864881
-0.0677362
-0.0520006
-0.0393765
-0.0287584
-0.0200859
-0.0128601
-0.00687584
-0.00188919
0.00228539
0.00572843
0.00858348
0.0109124
0.0127828
0.0142736
0.0154357
0.0163273
0.0169898
0.0174557
0.0177475
0.0178906
-0.147102
-0.115759
-0.0893979
-0.0692839
-0.0531384
-0.0398928
-0.0288816
-0.0200042
-0.0126842
-0.0066791
-0.00170455
0.00243164
0.00581157
0.00861272
0.0108925
0.0127275
0.0141967
0.0153476
0.0162354
0.016899
0.0173693
0.017667
0.0178148
-0.155413
-0.119767
-0.0909552
-0.0702298
-0.053868
-0.0400853
-0.0288453
-0.0198815
-0.0124863
-0.00646785
-0.00149209
0.00259967
0.00591508
0.0086685
0.0108954
0.0126921
0.0141351
0.0152698
0.01615
0.0168124
0.017286
0.0175887
0.0177406
-0.161157
-0.122004
-0.0927453
-0.0722833
-0.0551826
-0.0404516
-0.0290222
-0.0199325
-0.0124375
-0.00637435
-0.00134707
0.00271297
0.00599726
0.00872123
0.010901
0.0126663
0.014084
0.0152012
0.0160708
0.0167294
0.0172044
0.0175099
0.0176654
-0.164704
-0.122395
-0.0940055
-0.0737196
-0.0556393
-0.0405459
-0.0293627
-0.0201548
-0.0125725
-0.00642226
-0.00133934
0.0026987
0.00601002
0.00872644
0.0108819
0.0126342
0.0140344
0.0151382
0.015998
0.0166516
0.0171256
0.0174317
0.0175894
-0.161389
-0.121533
-0.0968898
-0.0760158
-0.0562835
-0.0412605
-0.0301641
-0.0206592
-0.0129462
-0.00664375
-0.00151586
0.00255363
0.00593796
0.00865394
0.0108165
0.012575
0.0139709
0.0150713
0.0159264
0.0165768
0.0170493
0.0173548
0.0175134
-0.156015
-0.120355
-0.097879
-0.0759874
-0.0562571
-0.0424792
-0.0312018
-0.0214556
-0.0136225
-0.0071776
-0.00199927
0.00219911
0.00568496
0.00844052
0.0106619
0.0124549
0.0138715
0.0149865
0.0158487
0.0165028
0.0169763
0.0172813
0.0174401
-0.144355
-0.122576
-0.101164
-0.0777324
-0.0590334
-0.045359
-0.0332791
-0.0232574
-0.0151157
-0.00839322
-0.00298734
0.00147267
0.00511202
0.00799665
0.010343
0.0122176
0.0136976
0.0148577
0.0157483
0.0164195
0.0169015
0.0172099
0.0173694
0.0317608
0.00579692
-0.0200126
-0.0466904
-0.0733083
-0.0984587
-0.121704
-0.143167
0.0337545
0.005043
-0.023678
-0.0534783
-0.0832951
-0.111684
-0.137457
-0.160127
0.0349935
0.00200483
-0.0308319
-0.0639519
-0.0963288
-0.126796
-0.154279
-0.178775
0.0351462
-0.00257433
-0.0396744
-0.0759961
-0.110814
-0.143332
-0.172884
-0.199583
0.0336731
-0.00855948
-0.0498144
-0.089516
-0.127133
-0.16212
-0.19405
-0.222973
0.0304441
-0.0163214
-0.0618772
-0.10536
-0.146241
-0.184031
-0.218371
-0.249374
0.0252923
-0.026452
-0.0767207
-0.124437
-0.168942
-0.20973
-0.246442
-0.279329
0.0176591
-0.0397715
-0.0953008
-0.147697
-0.196085
-0.23993
-0.279018
-0.313549
0.00655743
-0.0573962
-0.118821
-0.176359
-0.228936
-0.275915
-0.317202
-0.35294
-0.0094289
-0.080849
-0.148904
-0.212084
-0.269183
-0.319343
-0.362488
-0.398781
-0.0322734
-0.112238
-0.187824
-0.257198
-0.318895
-0.372369
-0.41681
-0.452587
-0.0647565
-0.154352
-0.238461
-0.315057
-0.381792
-0.43762
-0.481852
-0.515203
-0.111383
-0.211759
-0.304368
-0.387734
-0.458732
-0.515219
-0.556848
-0.584331
-0.175394
-0.288192
-0.39181
-0.478865
-0.548092
-0.59949
-0.632729
-0.648512
-0.2348
-0.353679
-0.456096
-0.540301
-0.604835
-0.649304
-0.674814
-0.683673
0.189849
0.1841
0.174159
0.160013
0.141779
0.119683
0.0944018
0.0649559
0.204498
0.197663
0.185864
0.169288
0.148288
0.123076
0.0950478
0.0643386
0.220917
0.213171
0.199826
0.181246
0.158039
0.130454
0.100227
0.0683255
0.239495
0.230974
0.216284
0.195836
0.170467
0.14048
0.10735
0.0724463
0.260281
0.250967
0.234854
0.212309
0.184322
0.151349
0.114445
0.0752972
0.283186
0.27295
0.255142
0.230083
0.198839
0.162155
0.120823
0.0767468
0.30813
0.296812
0.276964
0.248924
0.213777
0.172652
0.126349
0.0768477
0.335067
0.322505
0.300245
0.268727
0.229046
0.18272
0.130788
0.0752351
0.36392
0.349943
0.324852
0.289281
0.244373
0.191982
0.133528
0.0710658
0.394433
0.378841
0.350425
0.310087
0.259109
0.199622
0.133524
0.063063
0.426023
0.408561
0.376225
0.330221
0.2721
0.204275
0.129177
0.0494082
0.457513
0.437855
0.400878
0.348106
0.281511
0.203846
0.11813
0.0274703
0.486898
0.464619
0.422084
0.361126
0.284344
0.194962
0.0966679
-0.00685736
0.510132
0.484831
0.43597
0.365514
0.276679
0.17349
0.0606094
-0.0574811
0.529238
0.500957
0.446047
0.367076
0.267575
0.151381
0.024658
-0.106519
0.0317748
0.0317624
0.0317604
0.0317675
0.0317825
0.0318031
0.0318312
0.0318587
0.036264
0.0362101
0.0361308
0.0360287
0.0359073
0.0357688
0.0356166
0.0354578
0.0325114
0.0325009
0.0325093
0.0325308
0.0325691
0.032614
0.0326663
0.0327184
0.0364603
0.0363974
0.0363062
0.0361902
0.0360548
0.0359078
0.0357515
0.0355922
0.0339746
0.0339605
0.033973
0.0340079
0.0340438
0.0342418
0.0342884
0.0343586
0.0382657
0.0381824
0.0380669
0.0379255
0.0377641
0.0375879
0.0374002
0.0372397
0.036503
0.0364804
0.0364882
0.036503
0.036601
0.0366705
0.0367324
0.036845
0.0408609
0.0407508
0.0406072
0.0404364
0.0402452
0.0400635
0.0398531
0.0397294
0.0401899
0.0401459
0.0401346
0.0401512
0.0401805
0.0402426
0.0402725
0.0403829
0.0446373
0.0444901
0.0443133
0.0441199
0.0438944
0.0437114
0.043464
0.0434005
0.0453678
0.0452554
0.0451733
0.0451196
0.0450692
0.0450807
0.045011
0.0451309
0.0500892
0.0499129
0.0497217
0.0495275
0.0492567
0.0491106
0.048765
0.0488111
0.0525675
0.0523674
0.0521561
0.0519737
0.0517337
0.0516606
0.0513277
0.0514848
0.0580943
0.0578049
0.0574338
0.057195
0.0566428
0.0566426
0.0558199
0.0563427
0.0627351
0.062449
0.0619869
0.0616968
0.0610853
0.0609549
0.0601495
0.0601147
0.0698791
0.0694707
0.0687753
0.0683584
0.0674536
0.0671406
0.0656862
0.06568
0.0771472
0.0767391
0.0757859
0.0750531
0.0737514
0.0728951
0.0711092
0.0703905
0.0871071
0.0864109
0.0851784
0.0841919
0.0822992
0.0809989
0.078054
0.0767184
0.0980268
0.0969305
0.0950366
0.0930727
0.0901782
0.0875749
0.0836851
0.080481
0.111899
0.110414
0.108013
0.105366
0.101341
0.0973703
0.091472
0.0860797
0.127699
0.125407
0.121765
0.11721
0.111012
0.103998
0.0954987
0.0857871
0.14713
0.144191
0.1394
0.132955
0.124311
0.114011
0.101388
0.0868617
0.16948
0.165237
0.158019
0.147784
0.134347
0.117864
0.0988121
0.0759132
0.0318874
0.0319316
0.0319995
0.0320918
0.0322124
0.0323555
0.0324758
0.0325496
0.0325485
0.0324552
0.0322575
0.0319514
0.0315442
0.0310568
0.0305165
0.029953
0.0293909
0.0288467
0.0283293
0.0278541
0.0274464
0.0271318
0.0269464
0.035243
0.0349445
0.034573
0.0341183
0.0335739
0.0330093
0.0324726
0.0319799
0.031552
0.0311998
0.0309206
0.0306993
0.0305063
0.0302836
0.029967
0.0295645
0.0290971
0.0286029
0.028112
0.0276484
0.027246
0.0269376
0.0267567
0.0327928
0.0328919
0.0330136
0.0331627
0.0332938
0.0333196
0.0332316
0.0330431
0.0327432
0.0323334
0.0318328
0.0312767
0.0307212
0.0302132
0.0297433
0.0292886
0.0288076
0.0283016
0.0278005
0.0273311
0.0269235
0.0266152
0.0264354
0.0353562
0.035023
0.0346188
0.0341586
0.0337411
0.0333761
0.0330523
0.0327532
0.0324649
0.0321687
0.0318332
0.0314041
0.0308564
0.0302311
0.0296307
0.0290562
0.0284959
0.0279471
0.0274183
0.0269433
0.026539
0.026235
0.0260595
0.0344374
0.0344941
0.0345807
0.0346333
0.0345723
0.0344291
0.0341832
0.0338238
0.0333569
0.0328034
0.0322015
0.0315761
0.0309216
0.03022
0.0294934
0.0287755
0.0281015
0.0274863
0.0269327
0.026455
0.0260624
0.0257789
0.0256257
0.0369386
0.0365005
0.0359792
0.0354843
0.0350405
0.0346138
0.0341957
0.0337737
0.0333264
0.0328203
0.0322304
0.0315665
0.0308461
0.0300702
0.0292458
0.0284263
0.027664
0.0269814
0.0263955
0.025905
0.0255123
0.0252388
0.0251025
0.0368706
0.0368622
0.0368292
0.0366847
0.036423
0.036031
0.0355012
0.0348453
0.0340949
0.0332866
0.0324432
0.0315793
0.030704
0.0298201
0.0289282
0.0280471
0.0272254
0.0264928
0.0258734
0.0253693
0.0249724
0.0246926
0.024554
0.0393804
0.0387719
0.0381461
0.0375618
0.0369709
0.036362
0.03572
0.0350138
0.0342216
0.0333313
0.0323582
0.0313373
0.0303157
0.0293284
0.0283922
0.0275034
0.0266785
0.0259454
0.0253251
0.0248309
0.0244593
0.0241941
0.0240603
0.0403392
0.0400991
0.0397676
0.039283
0.0386221
0.0377999
0.0368345
0.0357691
0.0346339
0.0334473
0.0322262
0.0309957
0.0297966
0.0286777
0.0276722
0.0267837
0.0259972
0.0253117
0.0247328
0.0242742
0.0239484
0.0237212
0.0236072
0.0429533
0.0421422
0.0413251
0.0404542
0.0395388
0.0385466
0.0374434
0.0362154
0.0348696
0.0334448
0.0319865
0.0305481
0.0291875
0.0279491
0.0268686
0.0259635
0.0252199
0.0246085
0.024105
0.023706
0.0234265
0.0232315
0.0231386
0.0448817
0.0441889
0.0433887
0.0423969
0.0411641
0.0397364
0.0381602
0.0364859
0.0347604
0.0330315
0.0313493
0.0297609
0.0283101
0.0270276
0.0259297
0.0250333
0.0243363
0.0238084
0.0233986
0.0230816
0.0228603
0.0227007
0.0226308
0.0481343
0.0467496
0.0453559
0.0438046
0.0421388
0.0403262
0.0383785
0.0363372
0.0342768
0.0322768
0.0304056
0.028711
0.0272268
0.0259613
0.0249079
0.0240639
0.023424
0.0229671
0.0226413
0.0224054
0.0222536
0.0221441
0.0221039
0.0508202
0.0493201
0.0477517
0.0458869
0.0437193
0.0413585
0.0388773
0.0363553
0.0338811
0.0315454
0.029427
0.0275894
0.0260542
0.0248133
0.0238381
0.0230922
0.0225436
0.0221674
0.0219199
0.0217592
0.0216723
0.0216146
0.0216019
0.0548333
0.0524954
0.0500033
0.0472988
0.0444347
0.0414403
0.038393
0.0354213
0.0326267
0.0300964
0.0278978
0.0260676
0.0246025
0.023481
0.0226616
0.0220841
0.0216889
0.0214358
0.0212872
0.021207
0.0211772
0.0211595
0.0211618
0.0584036
0.0555289
0.0523479
0.04877
0.0449753
0.0411444
0.0374337
0.0339885
0.0309092
0.0282691
0.0260926
0.0243686
0.0230628
0.0221288
0.0215078
0.0211256
0.0209061
0.0207943
0.0207539
0.020753
0.0207724
0.0207839
0.0207922
0.0626762
0.0583483
0.0539528
0.0494018
0.0448072
0.0402666
0.0359936
0.0321535
0.028865
0.0261819
0.0240926
0.0225444
0.021463
0.0207662
0.0203715
0.0201928
0.0201487
0.0201803
0.0202519
0.0203328
0.0204053
0.0204523
0.0204719
0.0668581
0.0613176
0.0554583
0.0494028
0.0435737
0.038212
0.0334904
0.0294937
0.026233
0.0236926
0.0218222
0.0205411
0.0197463
0.019327
0.0191803
0.0192119
0.0193446
0.0195234
0.0197151
0.0198881
0.0200284
0.020128
0.0201713
0.0705987
0.0626885
0.0551383
0.0478353
0.0410523
0.0350707
0.0300862
0.0261076
0.0230606
0.0208422
0.0193369
0.0184192
0.0179624
0.0178429
0.0179508
0.018193
0.0185025
0.0188305
0.0191479
0.0194211
0.0196394
0.0198022
0.0198756
0.0732911
0.0634274
0.0537889
0.0449411
0.0372655
0.0309577
0.0259589
0.0221615
0.0194499
0.0176718
0.0166453
0.0161857
0.0161308
0.0163455
0.0167241
0.0171848
0.0176742
0.0181512
0.0185917
0.0189653
0.0192625
0.0194866
0.01959
0.0744988
0.0609437
0.0495479
0.0397248
0.0317334
0.0255624
0.0209598
0.0176815
0.0155386
0.0143435
0.013881
0.0139359
0.0143239
0.0149002
0.0155668
0.0162552
0.0169246
0.0175435
0.0180943
0.0185566
0.0189223
0.0191971
0.019328
0.0714522
0.0560394
0.0431359
0.0327007
0.024835
0.0191496
0.0152146
0.0126891
0.0113235
0.0108618
0.0110515
0.0116696
0.0125303
0.0134904
0.0144654
0.0153959
0.0162511
0.0170094
0.0176616
0.0182007
0.0186245
0.0189424
0.0191002
0.0640887
0.0459971
0.0332439
0.0234062
0.0163922
0.0116482
0.00867462
0.00713467
0.00674008
0.00715681
0.00809603
0.00933697
0.0107065
0.0120742
0.013375
0.0145615
0.0156127
0.0165151
0.0172706
0.0178841
0.018362
0.0187229
0.0189088
0.0471662
0.032496
0.0208438
0.0123985
0.00675008
0.00316266
0.00128792
0.000892824
0.00160675
0.00301646
0.00480332
0.00674764
0.00869218
0.0105176
0.0121807
0.0136534
0.0149263
0.0159955
0.0168745
0.0175774
0.0181176
0.0185308
0.0187472
0.0278558
0.0172388
0.00834666
0.00166411
-0.00254877
-0.00503833
-0.00584103
-0.00509025
-0.00329301
-0.000916699
0.00169371
0.00432176
0.00682889
0.00910364
0.0111145
0.0128585
0.0143406
0.0155684
0.0165645
0.0173508
0.017944
0.0183939
0.0186305
0.00502465
-0.00402247
-0.00826811
-0.0116421
-0.0130756
-0.0132088
-0.0120291
-0.00968793
-0.00667663
-0.00339303
-0.000108876
0.00301882
0.00589922
0.00844872
0.0106542
0.0125368
0.0141162
0.0154116
0.0164524
0.017266
0.0178697
0.0183122
0.0185447
-0.0211649
-0.0288517
-0.0287677
-0.0279428
-0.0251877
-0.0214646
-0.0172284
-0.0127908
-0.0084206
-0.00429075
-0.000497575
0.00292106
0.00595598
0.00857879
0.0108074
0.0126816
0.0142346
0.0154971
0.0165034
0.0172841
0.0178546
0.0182507
0.0184571
-0.0450025
-0.0498288
-0.0453067
-0.0410876
-0.034809
-0.0281144
-0.0214124
-0.0152255
-0.00970497
-0.00485108
-0.000624511
0.0030327
0.00617977
0.00884878
0.0110806
0.0129225
0.0144246
0.0156304
0.0165819
0.0173133
0.0178402
0.0181853
0.018362
-0.0671774
-0.0660025
-0.0565273
-0.0494571
-0.0407437
-0.0324474
-0.0244502
-0.0172486
-0.0109701
-0.00557482
-0.000983236
0.00290542
0.00618314
0.00893198
0.0112061
0.0130505
0.014531
0.0157016
0.0166137
0.0173061
0.0177983
0.0181066
0.0182606
-0.088211
-0.0800798
-0.0658431
-0.0556426
-0.0446528
-0.0351292
-0.0263774
-0.0186749
-0.0120026
-0.00629307
-0.00146258
0.00260471
0.00600225
0.00883775
0.0111682
0.01304
0.0145274
0.0156893
0.016584
0.0172548
0.0177271
0.0180164
0.0181581
-0.107584
-0.0925139
-0.0742426
-0.0608163
-0.0477326
-0.0370284
-0.0275932
-0.0195387
-0.0126353
-0.0067635
-0.00181539
0.00234718
0.00581214
0.00869866
0.0110622
0.0129555
0.0144558
0.0156209
0.0165122
0.0171747
0.0176387
0.0179227
0.0180606
-0.12408
-0.102703
-0.0815038
-0.0651317
-0.0503585
-0.0385142
-0.0283794
-0.0199804
-0.012882
-0.00693453
-0.00194879
0.00224208
0.00571856
0.00860814
0.0109685
0.0128607
0.014363
0.0155296
0.0164216
0.0170827
0.0175457
0.0178321
0.0179714
)
;

boundaryField
{
    outlet
    {
        type            fixedValue;
        value           uniform 0;
    }
    upperWall
    {
        type            symmetryPlane;
    }
    lowerWall
    {
        type            symmetryPlane;
    }
    inlet
    {
        type            zeroGradient;
    }
    cylinder
    {
        type            zeroGradient;
    }
    frontAndBack
    {
        type            empty;
    }
}


// ************************************************************************* //
