/*--------------------------------*- C++ -*----------------------------------*\
| =========                 |                                                 |
| \\      /  F ield         | OpenFOAM: The Open Source CFD Toolbox           |
|  \\    /   O peration     | Version:  2312                                  |
|   \\  /    A nd           | Website:  www.openfoam.com                      |
|    \\/     M anipulation  |                                                 |
\*---------------------------------------------------------------------------*/
FoamFile
{
    version     2.0;
    format      ascii;
    arch        "LSB;label=32;scalar=64";
    class       volScalarField;
    location    "154.05";
    object      p;
}
// * * * * * * * * * * * * * * * * * * * * * * * * * * * * * * * * * * * * * //

dimensions      [0 2 -2 0 0 0 0];

internalField   nonuniform List<scalar> 
5478
(
-0.612187
-0.607072
-0.600082
-0.593951
-0.590214
-0.587402
-0.581715
-0.569331
-0.547723
-0.516827
-0.478711
-0.43568
-0.39073
-0.342283
-0.293428
-0.625039
-0.619517
-0.612318
-0.604057
-0.59425
-0.58101
-0.562846
-0.538892
-0.509347
-0.475363
-0.438227
-0.399408
-0.359517
-0.319273
-0.281336
-0.643748
-0.636883
-0.627612
-0.614979
-0.59646
-0.572126
-0.543462
-0.51183
-0.478206
-0.443237
-0.40757
-0.371578
-0.335881
-0.300752
-0.266326
-0.667964
-0.657802
-0.645093
-0.624969
-0.595876
-0.561408
-0.525054
-0.488541
-0.452481
-0.417113
-0.382464
-0.348775
-0.316107
-0.284692
-0.255187
-0.698089
-0.68195
-0.663671
-0.632843
-0.592467
-0.549459
-0.507498
-0.467697
-0.430151
-0.394604
-0.360894
-0.328817
-0.298293
-0.269496
-0.241742
-0.731913
-0.708935
-0.680203
-0.636268
-0.585378
-0.535523
-0.489403
-0.447286
-0.408697
-0.373149
-0.340174
-0.309458
-0.280797
-0.25396
-0.228415
-0.762862
-0.734621
-0.690836
-0.632779
-0.572851
-0.517623
-0.468392
-0.424637
-0.385497
-0.350185
-0.318087
-0.288744
-0.261821
-0.237032
-0.213437
-0.784937
-0.751829
-0.690946
-0.619951
-0.552689
-0.493404
-0.442109
-0.397493
-0.358353
-0.323732
-0.292836
-0.265097
-0.24013
-0.217429
-0.196492
-0.518388
-0.52048
-0.526389
-0.538897
-0.557469
-0.580829
-0.607005
-0.632947
-0.654601
-0.666871
-0.665412
-0.647834
-0.612662
-0.564062
-0.505394
-0.554359
-0.555083
-0.562431
-0.578071
-0.600981
-0.629873
-0.662622
-0.695979
-0.725783
-0.744925
-0.746551
-0.728158
-0.684385
-0.621843
-0.541712
-0.581216
-0.579725
-0.586525
-0.60203
-0.625346
-0.655045
-0.688936
-0.723705
-0.754383
-0.774353
-0.776168
-0.75363
-0.701359
-0.627232
-0.532874
-0.597351
-0.593295
-0.597487
-0.609925
-0.630054
-0.656584
-0.687421
-0.719331
-0.747534
-0.765237
-0.764014
-0.736299
-0.678099
-0.597341
-0.499724
-0.604192
-0.598037
-0.598454
-0.605716
-0.620205
-0.641231
-0.666928
-0.694164
-0.718037
-0.730369
-0.722584
-0.688949
-0.627124
-0.548949
-0.457502
-0.605223
-0.598173
-0.594917
-0.596543
-0.604787
-0.619893
-0.64036
-0.66223
-0.678535
-0.681202
-0.663117
-0.622159
-0.559567
-0.488271
-0.411014
-0.604493
-0.597754
-0.591894
-0.589106
-0.592395
-0.602718
-0.617445
-0.63078
-0.635655
-0.625356
-0.596821
-0.550895
-0.492405
-0.430972
-0.36651
-0.605813
-0.599916
-0.592927
-0.587832
-0.587755
-0.592746
-0.598891
-0.600199
-0.591108
-0.56835
-0.532415
-0.485792
-0.434082
-0.380928
-0.327155
-0.424021
-0.367453
-0.381182
-0.368403
-0.268936
-0.198466
-0.167676
-0.166736
-0.191815
-0.210924
-0.180678
-0.162595
-0.150799
-0.13296
-0.105475
-0.112794
-0.134653
-0.150445
-0.123026
-0.108476
-0.125351
-0.153423
-0.121981
-0.117907
-0.139425
-0.181612
-0.190867
-0.194223
-0.0983776
-0.0553651
-0.0419675
-0.0290992
-0.0172185
-0.00874869
-0.00642917
-0.0048229
-0.00267091
-0.000812775
-0.424212
-0.312934
-0.267238
-0.237915
-0.18186
-0.163092
-0.162516
-0.178534
-0.223139
-0.256502
-0.209465
-0.170961
-0.151932
-0.135773
-0.112195
-0.118835
-0.139214
-0.15349
-0.119201
-0.0997355
-0.110616
-0.135664
-0.121823
-0.124521
-0.156466
-0.196913
-0.174018
-0.167253
-0.1011
-0.0623473
-0.0422644
-0.0269459
-0.0168477
-0.00916708
-0.00648316
-0.00471062
-0.0026286
-0.000811161
-0.391282
-0.252102
-0.169641
-0.115954
-0.0899493
-0.122138
-0.152057
-0.181615
-0.241244
-0.285565
-0.234203
-0.176703
-0.150672
-0.136001
-0.119682
-0.124891
-0.143339
-0.15485
-0.114732
-0.0902248
-0.09673
-0.117309
-0.119109
-0.128106
-0.171668
-0.206573
-0.154757
-0.137528
-0.100824
-0.0680227
-0.0419297
-0.0245328
-0.0163419
-0.00955911
-0.00651645
-0.00458484
-0.00258293
-0.000808742
-0.357001
-0.214438
-0.117063
-0.0504465
-0.0342152
-0.0903162
-0.138414
-0.167675
-0.23409
-0.288292
-0.247122
-0.180345
-0.147971
-0.131915
-0.125413
-0.129136
-0.146928
-0.155989
-0.111125
-0.0806797
-0.084606
-0.0998611
-0.113847
-0.128141
-0.183644
-0.210204
-0.135839
-0.108101
-0.0972436
-0.0720275
-0.0411494
-0.0220099
-0.0157188
-0.00989484
-0.00652848
-0.00445315
-0.00253561
-0.000805292
-0.330774
-0.207819
-0.10847
-0.0382956
-0.013335
-0.0612153
-0.124407
-0.143286
-0.205752
-0.272115
-0.248577
-0.180235
-0.143873
-0.12492
-0.128299
-0.130478
-0.150273
-0.156592
-0.107483
-0.0713329
-0.074624
-0.0841472
-0.106746
-0.124403
-0.191841
-0.209652
-0.119791
-0.0805542
-0.0911096
-0.0740155
-0.040004
-0.0195062
-0.0150005
-0.0101409
-0.00651649
-0.0043214
-0.00248706
-0.000800437
-0.305568
-0.210508
-0.121878
-0.0522493
-0.00606567
-0.0208347
-0.0950382
-0.108904
-0.167197
-0.241613
-0.228155
-0.172419
-0.137226
-0.115874
-0.126845
-0.128098
-0.152728
-0.158584
-0.106272
-0.0629127
-0.0665729
-0.0703818
-0.0976079
-0.117333
-0.195578
-0.206224
-0.108168
-0.057799
-0.0832158
-0.0747072
-0.0386602
-0.0171576
-0.0142108
-0.0102943
-0.00648517
-0.00419581
-0.00243873
-0.000794123
-0.285635
-0.208339
-0.128337
-0.0603222
-0.00324764
0.0326735
-0.0330759
-0.0687796
-0.136887
-0.212738
-0.213399
-0.167063
-0.132976
-0.107071
-0.119564
-0.123057
-0.154472
-0.157911
-0.103039
-0.0562958
-0.0608727
-0.0590615
-0.086063
-0.106649
-0.195102
-0.199573
-0.0986831
-0.0402911
-0.0735445
-0.0727706
-0.036924
-0.0150876
-0.0134065
-0.0103206
-0.00642548
-0.00407505
-0.00238855
-0.000785791
-0.276637
-0.217779
-0.149361
-0.083282
-0.0279325
0.0214356
0.0221293
-0.0264956
-0.0955284
-0.16851
-0.17592
-0.14717
-0.125915
-0.0981647
-0.106279
-0.114621
-0.152857
-0.160626
-0.10362
-0.0506597
-0.0563664
-0.0483358
-0.0736053
-0.0921907
-0.190674
-0.192064
-0.0946069
-0.0161077
-0.0623174
-0.0700536
-0.0353225
-0.0132305
-0.0125217
-0.0102437
-0.00636806
-0.00397349
-0.00234402
-0.000777067
-0.243208
-0.202064
-0.13281
-0.0662473
-0.00720642
0.0674131
0.102967
0.0322274
-0.0631745
-0.135127
-0.14096
-0.117568
-0.103741
-0.0836926
-0.0890123
-0.10663
-0.138403
-0.149099
-0.0995473
-0.0457873
-0.051249
-0.0441701
-0.0626601
-0.0833768
-0.175869
-0.175685
-0.0905327
-0.0188059
-0.0512414
-0.0621359
-0.0323359
-0.0117153
-0.0114887
-0.00994833
-0.00619251
-0.00382627
-0.00226933
-0.000757268
-0.184641
-0.154631
-0.0987387
-0.0435663
0.00802193
0.0686812
0.0908282
0.0461593
-0.0265177
-0.0782639
-0.0850222
-0.0782552
-0.0756943
-0.0597412
-0.0636366
-0.0944267
-0.128227
-0.136812
-0.0888041
-0.0372109
-0.0375521
-0.0322327
-0.0442185
-0.066798
-0.152293
-0.158245
-0.0680916
0.0355119
-0.0364441
-0.0591881
-0.0277288
-0.0093972
-0.0101585
-0.00945955
-0.00589344
-0.00361165
-0.00216334
-0.00072678
-0.144624
-0.127186
-0.0868353
-0.0415389
0.00187562
0.0507498
0.0720424
0.0479882
0.000419726
-0.0374077
-0.0503754
-0.0511671
-0.0532111
-0.0406429
-0.0349667
-0.0577834
-0.0913637
-0.0973017
-0.0656825
-0.0311551
-0.0278808
-0.0232884
-0.0258019
-0.0434712
-0.117451
-0.119667
-0.0362262
0.0228329
-0.0220337
-0.0364608
-0.0214187
-0.00751485
-0.00892037
-0.00876549
-0.00549824
-0.00338984
-0.00205494
-0.000692728
-0.112433
-0.10144
-0.0717277
-0.0359234
-0.00282302
0.0287602
0.0473821
0.0375577
0.00883303
-0.0153758
-0.0247116
-0.0270215
-0.0273055
-0.0170765
-0.00636746
-0.0209695
-0.0463296
-0.0481815
-0.0398358
-0.0309512
-0.0227175
-0.0120047
-0.00531654
-0.0207373
-0.0764575
-0.0701152
-0.00303541
0.0338197
-0.00521781
-0.0292631
-0.0158068
-0.00644918
-0.00770303
-0.00794034
-0.00501443
-0.00315786
-0.00194136
-0.000653352
-0.0871826
-0.0806256
-0.0608135
-0.0352368
-0.011587
0.0104272
0.025333
0.0238387
0.00997693
-0.0047293
-0.0109068
-0.0133243
-0.0136454
-0.00587416
0.0124484
0.0154731
0.0045635
-0.00606148
-0.016667
-0.0254112
-0.0170753
-0.00601024
0.00822208
-0.00074357
-0.0354765
-0.0223843
0.0254562
0.0375671
0.0119914
-0.0131916
-0.00975536
-0.00587748
-0.00643181
-0.00589214
-0.00441937
-0.00290031
-0.0018218
-0.000608127
-0.0679384
-0.0642552
-0.0513133
-0.033322
-0.0161404
-0.000773502
0.0101292
0.0127222
0.00741956
4.13604e-05
-0.0024709
-0.00278243
0.000233747
0.00622757
0.0219879
0.0298267
0.0183224
0.010466
-0.0012991
-0.0125492
-0.00543249
0.00219451
0.0151673
0.00626883
-0.0100304
0.00467985
0.0397488
0.0382264
0.0257643
0.0011798
-0.00438779
-0.00509475
-0.00499774
-0.00485595
-0.00380526
-0.00261295
-0.00169652
-0.000560892
-0.052248
-0.0504665
-0.0426552
-0.030669
-0.018691
-0.00760058
0.000681478
0.00467089
0.00442946
0.00202761
0.00154554
0.0020305
0.00429732
0.00895784
0.0216517
0.0236881
0.0213554
0.015682
0.00775882
0.000112172
0.0010934
0.00572395
0.0178185
0.0160392
0.00289535
0.0132718
0.0386421
0.0342896
0.0322543
0.00984043
-0.000922252
-0.00377951
-0.00360231
-0.0039416
-0.00319983
-0.00228368
-0.00154638
-0.000507797
-0.0398453
-0.0396877
-0.0349624
-0.0270643
-0.0187031
-0.0107965
-0.00442008
-0.000190698
0.00174517
0.00187633
0.00282199
0.00449107
0.0081241
0.0119653
0.0198085
0.0223053
0.0203928
0.0163161
0.0111703
0.00709377
0.00779935
0.00989625
0.0175898
0.0164388
0.00828596
0.0153701
0.0319521
0.0312858
0.031091
0.0119997
0.00109439
-0.00196344
-0.00246558
-0.00316856
-0.00258818
-0.00191157
-0.00135901
-0.000448349
-0.0303611
-0.0306929
-0.0278934
-0.0227804
-0.0171201
-0.0114219
-0.00654112
-0.00267995
-2.15938e-05
0.00157791
0.00345091
0.0053376
0.00820617
0.010925
0.0160334
0.0188781
0.0179421
0.0154618
0.0122331
0.0102885
0.00991549
0.0109762
0.0159124
0.0171618
0.012171
0.0158977
0.025812
0.0271949
0.0258745
0.0130834
0.00307767
-0.000130901
-0.00137979
-0.00230801
-0.00193537
-0.00150293
-0.00111516
-0.000370427
-0.0224291
-0.0231165
-0.0215969
-0.0183195
-0.014376
-0.0103611
-0.00676142
-0.00351815
-0.000874618
0.00116084
0.00315918
0.00509304
0.00775191
0.0103028
0.0135039
0.0158405
0.0157471
0.0142717
0.0123992
0.0115441
0.011759
0.0126075
0.0149327
0.0164679
0.0140321
0.0157181
0.0214163
0.0235378
0.0221934
0.0131668
0.004903
0.0013925
-0.000377106
-0.00141259
-0.00128861
-0.00108866
-0.000851979
-0.000289163
-0.0160818
-0.0169233
-0.0161399
-0.0140504
-0.0113717
-0.00853555
-0.00582713
-0.00327486
-0.000965689
0.00101634
0.00296091
0.00485502
0.00704474
0.00911707
0.0112182
0.0130276
0.0135129
0.0129861
0.012153
0.011814
0.0117018
0.0124751
0.0138571
0.0153491
0.014623
0.015313
0.0182211
0.0196557
0.0188842
0.0128961
0.00633262
0.00269577
0.000624596
-0.000508526
-0.000650126
-0.000655665
-0.000565454
-0.000195501
-0.0109797
-0.0117842
-0.0114232
-0.0101222
-0.00830835
-0.00631744
-0.00432108
-0.00236761
-0.000505915
0.00122294
0.00288335
0.00453558
0.00627728
0.00801269
0.00962942
0.0110368
0.0118211
0.011839
0.0116125
0.0116698
0.0119178
0.0125527
0.0133767
0.0142793
0.0142232
0.0146062
0.0161712
0.0168384
0.0160917
0.0122033
0.00718626
0.00377296
0.0015531
0.000298046
-6.4536e-05
-0.00023861
-0.000290421
-0.000107026
-0.0068034
-0.00754165
-0.00743385
-0.00661925
-0.00538772
-0.00400897
-0.00258897
-0.00115284
0.000268557
0.00166151
0.00299786
0.00436576
0.00576547
0.00716885
0.00845195
0.00954767
0.0103978
0.0107951
0.0109531
0.0111928
0.0113876
0.011928
0.0124731
0.0132031
0.0134261
0.0136285
0.014295
0.0143766
0.0137293
0.0112767
0.00757947
0.00458085
0.00236647
0.00100517
0.000458987
0.000150755
-2.81505e-05
-2.04424e-05
-0.00343808
-0.00405752
-0.00406531
-0.00356202
-0.00275369
-0.0018303
-0.000850936
0.000187102
0.00124742
0.00231347
0.00334026
0.00440597
0.00550702
0.00661716
0.00764964
0.00854819
0.00934533
0.00989384
0.0102242
0.0106092
0.0109877
0.0114011
0.0118204
0.0122783
0.012489
0.012573
0.0128788
0.0126963
0.0119651
0.0103052
0.00766951
0.00517449
0.00310438
0.0016586
0.000938043
0.000508128
0.000218185
6.83257e-05
-0.000678984
-0.00117864
-0.00125589
-0.000966449
-0.000450568
0.000159565
0.00081992
0.00154011
0.00229853
0.00307495
0.00383653
0.00463276
0.0054754
0.00633156
0.00714931
0.00788251
0.00856765
0.00914577
0.00957173
0.00998311
0.0103543
0.010716
0.0110207
0.0113317
0.0115107
0.0115087
0.0115316
0.0112252
0.0105376
0.00933726
0.00745721
0.00547385
0.00365486
0.0022173
0.00134724
0.000799994
0.000412341
0.000137082
0.00156392
0.00116562
0.00105939
0.00121417
0.00152954
0.00191446
0.00234072
0.00281954
0.00334163
0.00388727
0.00443114
0.00500305
0.0056232
0.00626711
0.00689363
0.00747796
0.00804356
0.00856572
0.00898464
0.00936551
0.00971488
0.0100273
0.0102668
0.0104729
0.0105766
0.0105233
0.0104356
0.0101075
0.00947616
0.00851689
0.00714331
0.00559654
0.00405249
0.00270288
0.00173217
0.00106939
0.000585534
0.00020307
0.00337005
0.00306476
0.00295293
0.00301822
0.00319223
0.00341713
0.00367619
0.00397902
0.00432158
0.00468421
0.00505327
0.00544423
0.00588271
0.00635046
0.00681359
0.00725811
0.00769867
0.0081276
0.00848951
0.00881817
0.0091167
0.00936905
0.0095501
0.00967766
0.00972733
0.00964402
0.00947775
0.00914079
0.0085878
0.00780477
0.00675369
0.00553706
0.0042593
0.00305581
0.00206319
0.001305
0.000721768
0.000245952
0.00481692
0.00458513
0.00447549
0.00448241
0.00456033
0.00467475
0.00481514
0.00499029
0.00519818
0.00542346
0.00565936
0.00591494
0.00621116
0.00652853
0.0068516
0.00716955
0.00749325
0.00781659
0.0081002
0.00835673
0.00858667
0.008777
0.00890444
0.00897833
0.00897912
0.008874
0.00868354
0.00836046
0.00787474
0.00721818
0.00638041
0.00540516
0.00434611
0.00329166
0.00233172
0.00151716
0.000849073
0.000285994
0.00595649
0.00578116
0.00567793
0.00564815
0.00566097
0.00569984
0.00575698
0.00584161
0.00595102
0.00607467
0.00620928
0.00635892
0.00654211
0.00674216
0.00695367
0.00716339
0.0073852
0.0076078
0.00780819
0.00798943
0.00814885
0.00827788
0.00835191
0.0083811
0.00834513
0.0082258
0.00802519
0.00771559
0.00728799
0.00672696
0.00603328
0.00522649
0.00433173
0.00341193
0.00251523
0.00169008
0.000962707
0.000318884
0.00683113
0.00669618
0.00660011
0.00654683
0.00651751
0.00650592
0.006507
0.00652852
0.00656781
0.00661858
0.0066795
0.00675196
0.00685017
0.0069604
0.00708323
0.00720615
0.00734171
0.00747825
0.00760243
0.00771475
0.00780812
0.00787924
0.0079057
0.00789557
0.00782982
0.00769614
0.00749397
0.00720113
0.00681682
0.00632599
0.00573062
0.00504425
0.00427196
0.00345851
0.00262982
0.00181842
0.00105722
0.000348509
0.00747382
0.00736558
0.00727604
0.00720791
0.00715279
0.00710842
0.00707338
0.00705228
0.00704367
0.00704459
0.00705359
0.00707269
0.00710807
0.00715411
0.00720915
0.00726767
0.00733465
0.00740351
0.00746603
0.00751916
0.00755943
0.0075799
0.00756823
0.00752347
0.00743332
0.00728905
0.00708371
0.00680701
0.00645166
0.00601171
0.00548485
0.00487747
0.00419337
0.00345623
0.00268485
0.00189978
0.00112524
0.000371627
0.00790214
0.00781079
0.00772589
0.0076497
0.00757967
0.00751642
0.00745982
0.00741258
0.00737383
0.00734293
0.007319
0.00730329
0.007298
0.00730089
0.00731092
0.00732516
0.00734498
0.00736633
0.00738429
0.0073952
0.0073953
0.00737944
0.00733775
0.00726789
0.00715944
0.00700556
0.00679873
0.00653132
0.00619608
0.00578832
0.00530447
0.00474795
0.00412142
0.00343507
0.00270537
0.00194425
0.001167
0.000387504
0.00811972
0.00803679
0.00795476
0.00787541
0.00779905
0.00772745
0.00766103
0.00760134
0.00754787
0.00750127
0.00746096
0.00742785
0.00740182
0.00738263
0.00736923
0.00736035
0.00735502
0.00735083
0.00734482
0.00733267
0.00731092
0.00727476
0.00721661
0.00713259
0.00701358
0.00685443
0.00664586
0.00638336
0.00605818
0.00566632
0.00520534
0.00467374
0.00407664
0.00341703
0.00270829
0.00196212
0.00118621
0.000395165
-0.17012
-0.181499
-0.193057
-0.202369
-0.212885
-0.217039
-0.224944
-0.228469
-0.140592
-0.146849
-0.153101
-0.157975
-0.162098
-0.164784
-0.167609
-0.175244
-0.11362
-0.116928
-0.119453
-0.122738
-0.125811
-0.130096
-0.132443
-0.138258
-0.0923335
-0.0938052
-0.0949491
-0.0977861
-0.099735
-0.10243
-0.103194
-0.107045
-0.0737616
-0.0744507
-0.0748166
-0.0764003
-0.0770102
-0.0783428
-0.0790612
-0.0825608
-0.0586634
-0.0586375
-0.0583998
-0.0590503
-0.0592986
-0.0603377
-0.0612355
-0.0642079
-0.0460052
-0.0456096
-0.0451714
-0.0454486
-0.0456736
-0.046456
-0.0471855
-0.0493622
-0.0357127
-0.0351752
-0.0346741
-0.0347116
-0.0348026
-0.0352228
-0.0356618
-0.0372767
-0.0272283
-0.0266508
-0.0261029
-0.0259098
-0.0258287
-0.026042
-0.0265291
-0.0280625
-0.0201884
-0.0196425
-0.0191187
-0.0188645
-0.0187964
-0.0190143
-0.0194873
-0.0206624
-0.0144112
-0.0139667
-0.0135359
-0.0132959
-0.0132132
-0.0133375
-0.013675
-0.0146053
-0.00965176
-0.00931137
-0.00896176
-0.00873516
-0.00863899
-0.00872623
-0.00901874
-0.00978461
-0.00572845
-0.00548891
-0.00523173
-0.00505661
-0.00498078
-0.00504077
-0.00526131
-0.00585303
-0.00249273
-0.00234387
-0.00217189
-0.00204502
-0.00198493
-0.00202914
-0.00221317
-0.00268452
0.000167071
0.000237385
0.000332681
0.000406042
0.000434043
0.000388073
0.000240637
-0.000110192
0.00232365
0.00233437
0.00236981
0.00240016
0.00240596
0.00236618
0.00225357
0.00199398
0.00406843
0.00403974
0.00403338
0.00403096
0.00401616
0.00397295
0.00387925
0.00368709
0.0054634
0.00540868
0.00537268
0.00534472
0.0053124
0.00526498
0.00518644
0.00504651
0.00656315
0.00649289
0.00643799
0.00639264
0.00634755
0.00629623
0.00622724
0.00612328
0.00740781
0.0073294
0.00726313
0.0072062
0.00715223
0.00709752
0.00703448
0.00695413
0.00802531
0.00794465
0.00787317
0.00780969
0.00775056
0.00769342
0.0076341
0.00756798
0.00843026
0.00835239
0.00828067
0.00821488
0.00815335
0.0080949
0.00803749
0.00797927
0.00862884
0.00855747
0.00848879
0.00842328
0.00836084
0.00830145
0.00824439
0.00818913
0.00506829
0.00696243
0.00776987
0.0068559
0.00373047
-0.0016208
-0.00932471
-0.0200059
-0.0347944
-0.0553005
-0.083752
-0.123283
-0.178928
-0.254182
-0.325048
-0.0224077
-0.0234031
-0.0272863
-0.033237
-0.0410523
-0.0510704
-0.0639302
-0.0805691
-0.102265
-0.130732
-0.168323
-0.218198
-0.285582
-0.374421
-0.451884
-0.04847
-0.0530274
-0.0616247
-0.0722419
-0.0844475
-0.0989344
-0.116706
-0.138872
-0.166802
-0.202324
-0.247983
-0.30699
-0.383709
-0.484874
-0.560807
-0.0753835
-0.0835243
-0.0958006
-0.109934
-0.125779
-0.144291
-0.166546
-0.193652
-0.227015
-0.268545
-0.320896
-0.38763
-0.471742
-0.577675
-0.649939
-0.102998
-0.114458
-0.129387
-0.146027
-0.16476
-0.186693
-0.212808
-0.244083
-0.281845
-0.328176
-0.385569
-0.457792
-0.546661
-0.651035
-0.717639
-0.129376
-0.143984
-0.161081
-0.179824
-0.201092
-0.225926
-0.255139
-0.289671
-0.330665
-0.380413
-0.441322
-0.516402
-0.606069
-0.705031
-0.763319
-0.153936
-0.17121
-0.190089
-0.210732
-0.234364
-0.261623
-0.293217
-0.33009
-0.373484
-0.425178
-0.487464
-0.562445
-0.649498
-0.739341
-0.788054
-0.1764
-0.195371
-0.216038
-0.238944
-0.264748
-0.294009
-0.327384
-0.365771
-0.410329
-0.462511
-0.524194
-0.596588
-0.677564
-0.754554
-0.794427
0.183715
0.1982
0.214524
0.233065
0.253827
0.276674
0.301513
0.328302
0.356959
0.387218
0.418474
0.449525
0.478336
0.500835
0.519191
0.175606
0.1887
0.203857
0.221446
0.241243
0.262939
0.286391
0.311563
0.338363
0.36647
0.395193
0.423214
0.448336
0.466512
0.480606
0.163285
0.174257
0.187666
0.203749
0.221947
0.241714
0.262818
0.285192
0.308697
0.332924
0.357049
0.379587
0.398066
0.408553
0.41542
0.146755
0.15507
0.166274
0.180286
0.19617
0.213184
0.231032
0.249592
0.268625
0.28756
0.305357
0.320289
0.329507
0.329007
0.326226
0.126173
0.131604
0.140512
0.152217
0.165241
0.178683
0.19227
0.2059
0.219259
0.231594
0.2416
0.247249
0.245279
0.23142
0.216138
0.10178
0.103753
0.110183
0.119465
0.129409
0.13894
0.14779
0.155838
0.162663
0.167335
0.168311
0.16327
0.148514
0.11951
0.0895538
0.0743826
0.0734661
0.0775132
0.083633
0.0895386
0.0943939
0.0980216
0.100146
0.100061
0.0965746
0.0878883
0.0713807
0.0429658
-0.00193167
-0.0471496
0.0421997
0.0403198
0.0435225
0.0465527
0.047897
0.0474426
0.0452726
0.0409715
0.0335572
0.0215636
0.00293254
-0.0252772
-0.0676108
-0.128327
-0.187876
0.0257561
0.0301453
0.0264911
0.0304116
0.027969
0.032273
0.0305055
0.0349019
0.0342473
0.038745
0.0394768
0.0442714
0.0467877
0.0523598
0.0570602
0.0643077
0.0716095
0.0815019
0.0923742
0.106224
0.121959
0.141358
0.163575
0.0257006
0.0300507
0.0264355
0.0302939
0.0278981
0.0321261
0.0304049
0.0346938
0.0340832
0.0384977
0.0391885
0.0439207
0.046369
0.0518527
0.0563925
0.063489
0.0704143
0.0800824
0.090317
0.1037
0.118348
0.136823
0.157355
0.0256551
0.0299307
0.0263978
0.0301473
0.0278526
0.0319474
0.0303304
0.0344502
0.0339536
0.0382091
0.0389325
0.0435115
0.0459382
0.0511267
0.0556449
0.0625317
0.0690304
0.0784293
0.0877779
0.100492
0.113598
0.130573
0.148226
0.0256187
0.0297871
0.0263768
0.0299759
0.0278286
0.0317424
0.0302927
0.0341809
0.0338484
0.0378986
0.0387009
0.0431325
0.0455712
0.0506858
0.0549915
0.0616823
0.0676128
0.0766862
0.0848512
0.0966515
0.10758
0.122404
0.136015
0.0255919
0.0296238
0.026369
0.029784
0.027823
0.0315136
0.0302643
0.0338918
0.0337627
0.0375551
0.0384813
0.0426628
0.0450844
0.0497555
0.0541598
0.0604286
0.0658253
0.0742596
0.0812489
0.0917975
0.100283
0.112222
0.120541
0.0255667
0.0294439
0.0263696
0.0295769
0.0278288
0.0312703
0.0302668
0.0336176
0.0336943
0.0372371
0.0383196
0.0423568
0.0448584
0.0495262
0.0535314
0.0595223
0.0642615
0.0721185
0.0774858
0.0865223
0.0916049
0.100275
0.102324
0.0255522
0.0292493
0.0263763
0.0293624
0.0278433
0.0310176
0.0302527
0.0333137
0.0336238
0.0368625
0.0380973
0.0418219
0.0443209
0.0484598
0.0524905
0.0577343
0.062076
0.068732
0.0729563
0.0798907
0.0821362
0.0858368
0.0812867
0.0255337
0.0290477
0.026385
0.0291501
0.0278605
0.0307861
0.0302964
0.0330985
0.0335839
0.0366441
0.0380518
0.0417274
0.0441953
0.0484091
0.0520256
0.0569819
0.0605265
0.0663796
0.0683524
0.0730715
0.070355
0.0704098
0.056572
0.0255129
0.0287807
0.0264037
0.028847
0.0278718
0.0304003
0.0302346
0.032631
0.0334202
0.0360226
0.0376205
0.0407975
0.0431448
0.0465498
0.0499509
0.0533836
0.0565116
0.0595989
0.0604282
0.0607535
0.0552106
0.0459452
0.0248881
0.0254947
0.0284162
0.0264312
0.0284373
0.0278549
0.0298468
0.0301047
0.0319265
0.0330352
0.0349786
0.0367031
0.0391366
0.0413796
0.0438732
0.046667
0.0485315
0.0505226
0.051026
0.050197
0.0462338
0.0392803
0.027011
0.0105566
0.0254944
0.0279732
0.026475
0.0279469
0.0278548
0.0292085
0.0299392
0.031154
0.0325393
0.033934
0.0356833
0.0374657
0.0394105
0.0410205
0.0429726
0.0435809
0.0441828
0.0428217
0.0401781
0.0343109
0.0262935
0.0141804
-0.00122046
0.0255126
0.0274419
0.0265376
0.0273928
0.0278125
0.0286016
0.0296519
0.0304177
0.031887
0.0328349
0.0344749
0.0356272
0.0371635
0.0380141
0.0389281
0.038578
0.0377546
0.0350455
0.0310189
0.0243093
0.0158149
0.00440458
-0.00956088
0.0255526
0.0268146
0.0265714
0.0268831
0.0276539
0.0280364
0.0292384
0.0296572
0.0310539
0.0316913
0.0330309
0.0336729
0.0346391
0.0348742
0.0347229
0.0335668
0.0316029
0.0279384
0.0231153
0.0162449
0.00798312
-0.00239476
-0.0148238
0.0256087
0.0261638
0.0264942
0.026417
0.0274001
0.0274786
0.0286867
0.0288815
0.0300494
0.0304637
0.0313892
0.031579
0.031955
0.0316217
0.0305587
0.0286983
0.0259781
0.0218123
0.0167007
0.0101087
0.00246187
-0.00675326
-0.0175596
0.0256331
0.0255339
0.0263038
0.0259852
0.0270317
0.026924
0.0279938
0.0280695
0.0288944
0.0291306
0.0295998
0.0293632
0.0292031
0.0283351
0.0265916
0.0242245
0.0210972
0.016811
0.0117459
0.00568533
-0.00111413
-0.00903268
-0.0181345
0.0256032
0.0249425
0.0260045
0.0255725
0.0265409
0.0263577
0.027175
0.0271922
0.0276353
0.0276831
0.0277166
0.0270799
0.0264664
0.0251544
0.0229658
0.0203137
0.0170471
0.0129154
0.00815846
0.00277925
-0.00303965
-0.00962032
-0.0170913
0.0254923
0.0244115
0.0255852
0.0251658
0.0259362
0.0257651
0.0262644
0.0262237
0.0263118
0.0261404
0.0257915
0.0248087
0.0238337
0.0222069
0.0197961
0.0170539
0.0138528
0.0100586
0.00579774
0.00117539
-0.00366463
-0.00899629
-0.0150086
0.0252827
0.0239517
0.0250483
0.0247464
0.02524
0.0251068
0.0253004
0.0251572
0.0249494
0.0245439
0.0238809
0.0226373
0.0213964
0.0195963
0.0171435
0.0144709
0.0114878
0.00813131
0.00445714
0.000594829
-0.00334656
-0.00758656
-0.0123498
0.0249625
0.0235615
0.0244148
0.0242877
0.0244968
0.0243641
0.0243066
0.0240132
0.0235684
0.0229425
0.0220435
0.0206387
0.0192326
0.0173831
0.0150243
0.0125389
0.00986787
0.00698579
0.00390985
0.000756348
-0.00239778
-0.00572765
-0.00946308
0.0245292
0.0232257
0.0237211
0.0237249
0.0237341
0.0235459
0.0232957
0.0228341
0.0221985
0.0213971
0.0203385
0.0188681
0.0173932
0.0155948
0.0134192
0.0111904
0.00887483
0.00645951
0.00394209
0.00141265
-0.0010777
-0.00367034
-0.00657968
0.0239917
0.0229181
0.0230297
0.0230406
0.0229473
0.0226759
0.0222769
0.0216648
0.0208829
0.0199605
0.018816
0.0173561
0.0158955
0.0142161
0.0122762
0.0103367
0.00837978
0.00639297
0.00436484
0.0023604
0.000411903
-0.00159528
-0.00384916
0.0233723
0.0225668
0.0223871
0.0222781
0.0221215
0.0217632
0.0212575
0.0205426
0.019663
0.0186725
0.0175057
0.0161126
0.014727
0.013208
0.011527
0.00988019
0.00825693
0.00664416
0.00502712
0.00345105
0.00193343
0.00038209
-0.0013594
0.0227017
0.0221227
0.0217861
0.0215421
0.0212771
0.0208333
0.0202538
0.0194858
0.0185658
0.0175562
0.016416
0.0151271
0.0138581
0.01252
0.0110944
0.00972113
0.00839251
0.00709542
0.005815
0.00458162
0.00340253
0.00220579
0.000865473
0.0220124
0.0215904
0.0212019
0.0208355
0.0204467
0.0199261
0.0192946
0.018509
0.0175966
0.016614
0.0155412
0.0143808
0.0132513
0.0120958
0.0109035
0.00977131
0.00869151
0.00765128
0.00663793
0.00567199
0.00475502
0.00383144
0.00280343
0.0213282
0.0210004
0.0205992
0.0201527
0.019663
0.0190792
0.0184118
0.0176328
0.0167605
0.0158401
0.014864
0.0138448
0.0128631
0.0118814
0.0108926
0.0099625
0.00908284
0.00824271
0.00743392
0.00667182
0.00595516
0.00524093
0.00445717
0.0206654
0.0203884
0.0199858
0.0194967
0.0189455
0.0183197
0.0176337
0.0168753
0.0160585
0.0152174
0.014351
0.013474
0.0126377
0.0118158
0.0110011
0.0102355
0.00951193
0.00882346
0.00816752
0.00755686
0.00698951
0.00643452
0.00583941
0.0200387
0.0197877
0.0193878
0.0188821
0.0183037
0.0176621
0.0169766
0.0162493
0.0154943
0.014737
0.0139786
0.0132306
0.0125211
0.0118309
0.0111558
0.0105206
0.00992058
0.00935202
0.00881487
0.00831889
0.00786335
0.00742715
0.00697412
0.0194676
0.0192305
0.0188368
0.0183304
0.0177479
0.0171113
0.0164432
0.0157554
0.0150622
0.0143834
0.0137204
0.013078
0.0124699
0.0118845
0.011319
0.0107873
0.0102865
0.00981395
0.00936966
0.00896043
0.00858669
0.00823614
0.00788614
0.0189793
0.0187519
0.0183669
0.017869
0.017296
0.0166761
0.0160337
0.0153848
0.0147443
0.0141277
0.0135371
0.0129735
0.0124429
0.0119386
0.0114591
0.011011
0.0105925
0.0101999
0.00983072
0.00948735
0.00917178
0.00888022
0.00860248
0.0186072
0.0183853
0.0180099
0.0175247
0.0169668
0.0163674
0.0157519
0.0151385
0.0145403
0.0139693
0.013429
0.01292
0.0124431
0.0119941
0.0115718
0.0111786
0.0108133
0.0104727
0.0101545
0.00985883
0.00958735
0.00933988
0.00911264
0.0184042
0.0181879
0.0178157
0.0173336
0.0167805
0.0161895
0.0155866
0.0149893
0.0144109
0.0138634
0.0133532
0.0128798
0.0124389
0.0120258
0.0116386
0.0112782
0.010945
0.0106373
0.0103533
0.0100927
0.00985662
0.00964597
0.00946036
0.0015054
-0.0240803
-0.049418
-0.0723856
-0.0953065
-0.117363
-0.138027
-0.155514
-0.00756606
-0.0307814
-0.0565929
-0.076468
-0.0924032
-0.107322
-0.120941
-0.132024
-0.0165179
-0.0350938
-0.0558922
-0.0708766
-0.081081
-0.091021
-0.100214
-0.108062
-0.0231882
-0.0380504
-0.0531503
-0.0644008
-0.0717809
-0.0786695
-0.0845631
-0.0895129
-0.027035
-0.0387148
-0.0487337
-0.0562126
-0.0612772
-0.0657639
-0.0692657
-0.0722414
-0.0281507
-0.0370222
-0.0432304
-0.0478036
-0.0512617
-0.0543133
-0.0565046
-0.0581422
-0.0270381
-0.0336375
-0.0372065
-0.0397142
-0.0419342
-0.0439587
-0.0452844
-0.046058
-0.0243996
-0.0292624
-0.0311112
-0.032233
-0.033534
-0.0348561
-0.0356787
-0.0360014
-0.0208908
-0.0244601
-0.0252538
-0.0255036
-0.0261486
-0.0269819
-0.0275051
-0.0275987
-0.017013
-0.0196304
-0.0198183
-0.0195592
-0.019757
-0.0202427
-0.0205724
-0.0205604
-0.013117
-0.0150356
-0.0149043
-0.0143858
-0.0142994
-0.0145443
-0.0147525
-0.0147168
-0.00941637
-0.0108222
-0.0105474
-0.00993382
-0.0096885
-0.00977437
-0.00990342
-0.00987682
-0.00603073
-0.00705875
-0.00674334
-0.00613133
-0.00581383
-0.00580363
-0.00588324
-0.00587624
-0.00302391
-0.00377229
-0.00346947
-0.00290858
-0.00257016
-0.00250512
-0.00255594
-0.00257164
-0.000395674
-0.000938393
-0.000673413
-0.000193302
0.000125466
0.000216158
0.000183669
0.000147759
0.00186036
0.0014721
0.00168833
0.0020736
0.00234342
0.00243144
0.00240332
0.00234959
0.00376117
0.0034866
0.00365197
0.00394285
0.00415137
0.00421997
0.00418846
0.00412298
0.00533224
0.00513994
0.0052583
0.00546419
0.00561039
0.00565121
0.00561065
0.00553608
0.00660685
0.00647089
0.00654701
0.00667998
0.00676879
0.00677969
0.0067277
0.00664631
0.00761686
0.00751418
0.00755024
0.00762096
0.00765971
0.00764318
0.0075808
0.00749559
0.00839745
0.00830724
0.00830088
0.00831497
0.00830892
0.00826816
0.00819794
0.00811256
0.00894697
0.00885653
0.00880966
0.00877418
0.00872985
0.0086692
0.00859443
0.0085125
0.00931631
0.00920638
0.00910597
0.00901563
0.00893274
0.00885412
0.00877756
0.00870241
-0.339879
-0.347312
-0.356908
-0.369354
-0.386278
-0.408839
-0.434773
-0.458328
-0.341081
-0.346599
-0.353593
-0.363095
-0.376465
-0.393727
-0.413971
-0.433256
-0.339642
-0.34417
-0.349075
-0.355908
-0.366172
-0.379223
-0.391713
-0.399403
-0.335779
-0.339426
-0.342485
-0.346343
-0.351732
-0.357417
-0.360278
-0.357068
-0.327884
-0.330856
-0.33182
-0.331823
-0.331344
-0.329637
-0.32483
-0.31459
-0.315384
-0.317337
-0.31594
-0.312205
-0.306986
-0.300227
-0.290632
-0.276283
-0.298503
-0.29922
-0.295763
-0.289383
-0.281355
-0.271776
-0.259493
-0.242866
-0.278714
-0.278323
-0.273405
-0.265603
-0.256274
-0.245301
-0.231633
-0.213874
-0.258069
-0.256729
-0.250853
-0.242512
-0.232687
-0.221093
-0.206811
-0.188646
-0.238419
-0.235995
-0.229443
-0.220985
-0.210931
-0.199159
-0.184693
-0.166617
-0.221011
-0.216872
-0.209839
-0.20122
-0.19106
-0.179337
-0.164972
-0.147325
-0.205664
-0.199643
-0.192151
-0.183148
-0.172981
-0.16137
-0.147398
-0.130394
-0.19249
-0.18427
-0.176091
-0.166484
-0.156458
-0.145023
-0.131722
-0.115567
-0.179934
-0.170133
-0.161032
-0.151191
-0.141374
-0.130204
-0.117649
-0.10251
-0.16822
-0.157171
-0.14697
-0.137401
-0.127299
-0.116425
-0.104536
-0.0907771
-0.478491
-0.44041
-0.407832
-0.381787
-0.361762
-0.347142
-0.338171
-0.335914
-0.480598
-0.441957
-0.408809
-0.382591
-0.362903
-0.348908
-0.340303
-0.33802
-0.483632
-0.442138
-0.406981
-0.379889
-0.360233
-0.346699
-0.338055
-0.336411
-0.490882
-0.4441
-0.404968
-0.375582
-0.354875
-0.340743
-0.332677
-0.331735
-0.501999
-0.447552
-0.402485
-0.369401
-0.346549
-0.331106
-0.323137
-0.323411
-0.515699
-0.451124
-0.398301
-0.360539
-0.334543
-0.317367
-0.309421
-0.310707
-0.530067
-0.453102
-0.391328
-0.347905
-0.318522
-0.299619
-0.291881
-0.294003
-0.542647
-0.451423
-0.380391
-0.331223
-0.298643
-0.278527
-0.271628
-0.274569
-0.54896
-0.445647
-0.365142
-0.310892
-0.275843
-0.255583
-0.250217
-0.254241
-0.548978
-0.434142
-0.345842
-0.287951
-0.252286
-0.233159
-0.229833
-0.235012
-0.539636
-0.416722
-0.324143
-0.264095
-0.228703
-0.213026
-0.213107
-0.219054
-0.519934
-0.394216
-0.302211
-0.247877
-0.214951
-0.200672
-0.201477
-0.206307
-0.491331
-0.369844
-0.279335
-0.226292
-0.199638
-0.19233
-0.195486
-0.197485
-0.457211
-0.348588
-0.277533
-0.229499
-0.202119
-0.193397
-0.194378
-0.190954
-0.420845
-0.320249
-0.261853
-0.228911
-0.210686
-0.203653
-0.198422
-0.185894
-0.390303
-0.345414
-0.287574
-0.249243
-0.228204
-0.216027
-0.201467
-0.181257
-0.406033
-0.422673
-0.405451
-0.358459
-0.310096
-0.264728
-0.219749
-0.186636
-0.454922
-0.491471
-0.488305
-0.446825
-0.389436
-0.323475
-0.257324
-0.204293
-0.440184
-0.471014
-0.470515
-0.42978
-0.377143
-0.315964
-0.260509
-0.209532
-0.321707
-0.347721
-0.354281
-0.331819
-0.300767
-0.263779
-0.233114
-0.199405
-0.221685
-0.234323
-0.237039
-0.230299
-0.219432
-0.203102
-0.190304
-0.174411
-0.169163
-0.168809
-0.166146
-0.162338
-0.159695
-0.15436
-0.150107
-0.143351
-0.154351
-0.146148
-0.139989
-0.133945
-0.129115
-0.124047
-0.120769
-0.118468
-0.158034
-0.132656
-0.119649
-0.115494
-0.112588
-0.1075
-0.103844
-0.102973
-0.161852
-0.122446
-0.0989022
-0.0917145
-0.0948429
-0.0980535
-0.09394
-0.0818512
-0.151002
-0.123896
-0.103341
-0.0940935
-0.0986989
-0.109094
-0.1213
-0.123196
-0.152394
-0.141392
-0.131316
-0.125492
-0.129238
-0.138377
-0.147542
-0.160134
-0.146979
-0.142573
-0.137074
-0.132759
-0.130229
-0.131055
-0.132549
-0.139666
-0.12851
-0.123853
-0.11877
-0.113753
-0.111284
-0.110601
-0.107898
-0.109428
-0.099722
-0.094964
-0.0916979
-0.0900289
-0.0914051
-0.0939387
-0.0961671
-0.098579
-0.106914
-0.101342
-0.0968537
-0.0938845
-0.0938649
-0.0943199
-0.0952511
-0.091734
-0.129289
-0.12258
-0.11643
-0.110792
-0.106582
-0.101544
-0.0999262
-0.093417
-0.145271
-0.137667
-0.128738
-0.119485
-0.110307
-0.101102
-0.0928164
-0.0832482
-0.125938
-0.126934
-0.125746
-0.122019
-0.11598
-0.107575
-0.0971454
-0.0853992
-0.116323
-0.122508
-0.126446
-0.127482
-0.124888
-0.11866
-0.107586
-0.0927787
-0.140288
-0.154699
-0.167872
-0.178823
-0.186532
-0.189448
-0.187782
-0.180603
-0.169307
-0.182518
-0.192689
-0.200224
-0.204007
-0.205031
-0.201
-0.197536
-0.119464
-0.115226
-0.110322
-0.106564
-0.103515
-0.102235
-0.0995095
-0.0992734
-0.10885
-0.0984746
-0.0873538
-0.0764
-0.0662237
-0.0574693
-0.0501875
-0.0443411
-0.121308
-0.102844
-0.0849359
-0.0687931
-0.0551872
-0.0446873
-0.0379121
-0.0342544
-0.162102
-0.139572
-0.115248
-0.0907301
-0.067583
-0.0468107
-0.0273707
-0.00992673
-0.203776
-0.211865
-0.215238
-0.213446
-0.206696
-0.195126
-0.179671
-0.161391
-0.216461
-0.232906
-0.24277
-0.245512
-0.240632
-0.229654
-0.213873
-0.196007
-0.0933599
-0.086935
-0.0804564
-0.0750574
-0.0705363
-0.0673034
-0.06376
-0.0623858
-0.047686
-0.0394358
-0.0309381
-0.0231027
-0.0204017
-0.0142679
-0.00975423
-0.00639594
-0.0409696
-0.0393465
-0.0371969
-0.0346682
-0.0319028
-0.0289557
-0.0259009
-0.022574
-0.0308498
-0.0320862
-0.0326997
-0.0326712
-0.0319939
-0.030783
-0.0291213
-0.0271049
-0.0174425
-0.0175214
-0.0174872
-0.0173575
-0.0171211
-0.0168234
-0.0164017
-0.0160295
-0.00834215
-0.00797391
-0.00767224
-0.0074518
-0.0073176
-0.00727668
-0.00730075
-0.0074122
-0.00635833
-0.00627589
-0.00618995
-0.00610566
-0.00602856
-0.00596321
-0.00591289
-0.00588291
-0.00491422
-0.00497955
-0.00501494
-0.00501844
-0.0049898
-0.00493558
-0.00485296
-0.00475391
-0.00270675
-0.00273476
-0.00275441
-0.00276462
-0.00276433
-0.0027547
-0.00273344
-0.00270885
-0.000813573
-0.000813722
-0.000813891
-0.000814266
-0.000814952
-0.000816262
-0.000817809
-0.00082172
-0.169828
-0.137057
-0.11193
-0.0882201
-0.0661718
-0.0484118
-0.0346313
-0.0228385
-0.013608
-0.00668498
-0.000967602
0.00340741
0.0067609
0.00937409
0.0113719
0.0128822
0.0140152
0.0148437
0.0154417
0.0158584
0.0161305
0.0162926
0.0163671
-0.180803
-0.147764
-0.123295
-0.0976401
-0.0744392
-0.0556858
-0.0400829
-0.0271404
-0.0171482
-0.00924751
-0.00293774
0.00186138
0.00559332
0.00848133
0.0106822
0.0123502
0.0135989
0.0145141
0.0151735
0.0156329
0.0159341
0.0161142
0.0161975
-0.182585
-0.147215
-0.122014
-0.0970226
-0.074939
-0.0566752
-0.0410441
-0.0283463
-0.018261
-0.0101424
-0.00378219
0.00115308
0.00498818
0.00795696
0.0102347
0.0119695
0.0132728
0.0142343
0.0149297
0.0154162
0.0157368
0.0159298
0.0160198
-0.17935
-0.137902
-0.113529
-0.088842
-0.0686784
-0.0521227
-0.0377725
-0.0262546
-0.0168713
-0.00933035
-0.00339934
0.00130257
0.00497635
0.00782941
0.0100506
0.0117546
0.0130482
0.014012
0.014714
0.0152093
0.0155394
0.0157403
0.0158351
-0.168749
-0.125332
-0.103066
-0.0778288
-0.0598514
-0.0449385
-0.0320728
-0.0220417
-0.0138157
-0.00725949
-0.00205969
0.00211944
0.00542106
0.00803277
0.0100903
0.0116887
0.0129215
0.0138501
0.014534
0.0150211
0.0153482
0.0155493
0.015645
-0.146701
-0.108696
-0.0900854
-0.064096
-0.0498742
-0.0360791
-0.0250855
-0.0167026
-0.00986658
-0.00447403
-0.000157128
0.00335541
0.00618103
0.00847363
0.0103003
0.011745
0.0128773
0.0137404
0.0143837
0.0148466
0.0151609
0.015356
0.0154497
-0.119471
-0.0888841
-0.0744415
-0.0502318
-0.0387584
-0.0258734
-0.017259
-0.0107371
-0.0054543
-0.00136744
0.00196846
0.00474851
0.00706114
0.00899571
0.0105735
0.0118501
0.0128664
0.0136529
0.0142468
0.0146784
0.0149742
0.0151595
0.0152491
-0.0988179
-0.0755441
-0.0612017
-0.0381703
-0.0282289
-0.0155097
-0.00922841
-0.00436103
-0.000727039
0.00195934
0.00424489
0.006234
0.00799205
0.0095368
0.0108593
0.0119602
0.0128554
0.0135626
0.014105
0.0145046
0.0147818
0.0149572
0.0150428
-0.0863645
-0.0635881
-0.0454769
-0.0231148
-0.013807
-0.00295833
9.52934e-05
0.00288903
0.00439881
0.00548476
0.00660132
0.00775727
0.00893722
0.0100783
0.0111341
0.012055
0.0128315
0.0134619
0.0139546
0.0143231
0.0145826
0.0147487
0.0148305
-0.0700669
-0.0518514
-0.0260032
-0.00609628
0.00497513
0.0121732
0.0115158
0.0111943
0.0099857
0.00930019
0.00913599
0.00939933
0.00995898
0.0106788
0.0114509
0.0121803
0.0128288
0.0133743
0.0138117
0.0141454
0.014383
0.0145366
0.0146129
-0.100909
-0.0736827
-0.0172063
0.0086595
0.0260063
0.0274355
0.0235567
0.0194197
0.0155061
0.0130088
0.0116227
0.0110504
0.0110351
0.0113418
0.0118268
0.0123532
0.0128602
0.0133092
0.0136809
0.0139708
0.0141816
0.0143196
0.0143887
-0.130428
-0.101073
-0.0154166
0.0201381
0.0454237
0.0406369
0.0328228
0.0256068
0.0198412
0.016085
0.0137935
0.0125195
0.0120425
0.0119965
0.0122129
0.0125485
0.0129126
0.0132599
0.01356
0.0138017
0.0139804
0.0140988
0.0141586
-0.125511
-0.101783
-0.0310085
0.0224274
0.0453843
0.0449259
0.0366286
0.028314
0.0219186
0.017785
0.0151684
0.0136549
0.0129009
0.0125869
0.0125722
0.0127317
0.0129594
0.0132057
0.0134309
0.0136215
0.0137686
0.0138685
0.0139199
-0.102931
-0.0846339
-0.0450357
-0.00784432
0.014744
0.0250795
0.0265073
0.0240033
0.0207073
0.0178148
0.0156862
0.0142903
0.0135038
0.0130661
0.0128888
0.0128978
0.0129996
0.0131503
0.0133032
0.0134437
0.0135553
0.0136335
0.0136742
-0.0974771
-0.0871483
-0.0667507
-0.0402115
-0.0140706
0.00360632
0.0125458
0.0162701
0.0172028
0.0166734
0.0157912
0.014719
0.0140055
0.0135032
0.013208
0.0130813
0.0130606
0.0131076
0.0131815
0.0132632
0.0133357
0.0133898
0.0134189
-0.0949095
-0.0893255
-0.0737343
-0.044247
-0.0203025
-0.00349286
0.00607556
0.0116111
0.0141474
0.0152073
0.0153525
0.0148337
0.014365
0.0138637
0.0134903
0.0132472
0.0131153
0.0130658
0.0130632
0.0130855
0.0131146
0.0131406
0.0131553
-0.0934665
-0.0753907
-0.0589859
-0.0341431
-0.0156607
0.00013921
0.00743395
0.0131756
0.0146585
0.0156544
0.0155084
0.0150976
0.0146527
0.0141387
0.0137144
0.0133795
0.0131451
0.0130059
0.0129266
0.0128906
0.0128784
0.012878
0.0128794
-0.0736941
-0.0553961
-0.038821
-0.0167352
-0.0067837
0.00649892
0.0107643
0.0160149
0.0162132
0.0169875
0.0162437
0.0156824
0.0149894
0.0143593
0.0138517
0.0134361
0.0131263
0.0129103
0.0127665
0.0126789
0.0126282
0.0126021
0.0125907
-0.070893
-0.0471396
-0.0255124
-0.00240878
0.00958811
0.0172582
0.0189663
0.0201041
0.0185419
0.0181131
0.0168666
0.0161216
0.0152816
0.014584
0.0139777
0.0134792
0.013091
0.0128006
0.0125917
0.0124545
0.0123641
0.0123114
0.0122861
-0.0849357
-0.0646014
-0.0357154
-0.0090833
0.0134558
0.0193989
0.0227075
0.0220265
0.020036
0.0185721
0.0170863
0.0161318
0.0152678
0.0145995
0.0139798
0.0134507
0.0130074
0.0126564
0.0123914
0.0122042
0.0120784
0.0120016
0.0119639
-0.162825
-0.139947
-0.0981899
-0.0508938
-0.00337168
0.0140677
0.0215524
0.0190707
0.0186484
0.0175734
0.0165803
0.0158021
0.0150493
0.0144173
0.0138227
0.0132938
0.0128287
0.0124459
0.0121446
0.0119224
0.0117668
0.0116688
0.0116199
-0.181261
-0.166668
-0.123565
-0.0686564
-0.0193781
0.00232402
0.0124549
0.0143561
0.0157292
0.0159199
0.0157364
0.0153419
0.0148036
0.0142277
0.0136504
0.0130976
0.0126037
0.0121873
0.0118521
0.0115999
0.0114217
0.0113074
0.01125
-0.0933238
-0.0783662
-0.0524128
-0.027852
-0.0118876
-0.00391162
0.00344551
0.0094374
0.0124108
0.0138901
0.0144947
0.0146416
0.014345
0.0138982
0.0133629
0.0128121
0.0123129
0.0118739
0.0115177
0.0112441
0.0110461
0.0109179
0.0108528
-0.0380717
-0.0244874
-0.0114908
-0.00500828
-0.00477984
-0.00378138
0.00249556
0.0102793
0.0116393
0.0138378
0.0142975
0.0145385
0.0140779
0.0136145
0.0130091
0.0124464
0.0119274
0.0114788
0.0111147
0.0108312
0.0106256
0.0104907
0.0104218
-0.0316428
-0.0174224
-0.00780879
0.0014013
0.00536091
0.0107622
0.0119986
0.0146973
0.015591
0.016374
0.0154552
0.0153734
0.0142554
0.0134992
0.012686
0.0120458
0.0114769
0.0110186
0.0106492
0.0103654
0.0101597
0.010024
0.00995474
-0.00300042
0.00869869
0.0178126
0.0278389
0.0317658
0.033027
0.0296576
0.0258253
0.0221439
0.0196769
0.0173136
0.0157185
0.0142269
0.0131712
0.0122165
0.011514
0.0109248
0.0104731
0.0101136
0.00984355
0.00964509
0.00951462
0.00944725
-0.13733
-0.100526
-0.0589934
-0.0174244
0.0176977
0.0347926
0.0378832
0.0308512
0.0256005
0.02067
0.0174084
0.0151762
0.0135384
0.0123681
0.0114498
0.0107654
0.0102259
0.00980844
0.00948686
0.00924511
0.0090707
0.00895533
0.00889591
-0.169021
-0.144807
-0.100255
-0.0548468
-0.0132557
0.0104007
0.0183891
0.0181641
0.017652
0.0161752
0.0145956
0.0131622
0.0119842
0.0110884
0.0103724
0.00981858
0.0093852
0.00904524
0.00878478
0.0085869
0.00844319
0.00834791
0.00829847
-0.0576353
-0.0439493
-0.0266386
-0.0112947
0.000617177
0.0074179
0.00883169
0.00911037
0.00985433
0.0104684
0.0104954
0.0102786
0.00976021
0.00936937
0.00895951
0.00864277
0.00837039
0.00815352
0.00798176
0.0078506
0.00775418
0.00768844
0.00765406
-0.00681796
-0.00499343
-0.00549965
-0.00495086
-0.0031149
-0.000402497
0.00148055
0.0035517
0.00501566
0.00616581
0.00691866
0.00739967
0.00750399
0.0075331
0.00743349
0.00735153
0.00725841
0.00717848
0.00710854
0.00705289
0.0070102
0.00697933
0.00696294
-0.0195623
-0.015927
-0.0125599
-0.00916551
-0.0059647
-0.00331281
-0.00164336
-0.000574837
0.000633514
0.00188911
0.00305343
0.00405156
0.00477578
0.00533487
0.00566514
0.00590044
0.00603076
0.00611954
0.00617095
0.00620267
0.00621799
0.00622507
0.00622736
-0.0243121
-0.0209605
-0.0169396
-0.0142223
-0.0103427
-0.00801856
-0.00622376
-0.00488987
-0.00330468
-0.00174335
-0.00027445
0.00105939
0.0021776
0.00311664
0.00381096
0.00435196
0.00471799
0.00498659
0.00516846
0.00529526
0.005378
0.00542757
0.0054516
-0.0151252
-0.0137986
-0.0123255
-0.0108905
-0.0093947
-0.0080897
-0.00685341
-0.00560002
-0.00422009
-0.00291459
-0.0016877
-0.000532578
0.000523558
0.00150045
0.00231411
0.0029963
0.00350852
0.00390299
0.00418127
0.00438172
0.00451543
0.00459915
0.00464105
-0.00752769
-0.00751796
-0.00755102
-0.00751829
-0.00728985
-0.00682959
-0.00608268
-0.00517672
-0.0041384
-0.00315286
-0.00219811
-0.00128434
-0.00043031
0.000403812
0.00115898
0.00184585
0.00241066
0.00287136
0.0032143
0.00347018
0.00364275
0.00375298
0.00380834
-0.00584141
-0.00575197
-0.0056872
-0.0055778
-0.00537379
-0.0050412
-0.00454226
-0.00397132
-0.00329702
-0.00264471
-0.00197255
-0.00131385
-0.000689315
-7.64881e-05
0.000487862
0.0010357
0.00152986
0.00196263
0.00230947
0.00257876
0.00277063
0.00289576
0.00295946
-0.00459603
-0.00436856
-0.00410803
-0.00381268
-0.00348228
-0.00317922
-0.00286496
-0.00255797
-0.00219344
-0.00181651
-0.0014021
-0.000976822
-0.000562119
-0.000149487
0.000223338
0.000591372
0.000934301
0.00125483
0.00153261
0.00175941
0.0019297
0.00204585
0.00210581
-0.00264747
-0.00255181
-0.00243927
-0.00231227
-0.00217784
-0.00204505
-0.00189637
-0.00172592
-0.00149633
-0.00125003
-0.000977606
-0.000701294
-0.000436466
-0.000166469
6.65288e-05
0.000291613
0.000488689
0.000680163
0.000855739
0.00100864
0.00112864
0.001214
0.00125832
-0.000820919
-0.000815026
-0.00081013
-0.00080359
-0.000790487
-0.000768421
-0.000723107
-0.000660319
-0.000566328
-0.000473761
-0.000369032
-0.00026649
-0.000172739
-7.0599e-05
1.21442e-05
9.62291e-05
0.000160605
0.000222681
0.000278052
0.000329268
0.00037131
0.00040217
0.000418374
-0.0766716
-0.0618216
-0.0477496
-0.0366669
-0.0270259
-0.0191858
-0.0124984
-0.00676501
-0.00192908
0.00204551
0.00545215
0.0082422
0.0105139
0.0123463
0.0137754
0.0148695
0.0156822
0.016271
0.0166881
0.0169727
0.0171498
0.0172441
0.0172804
-0.0875761
-0.0699086
-0.0534787
-0.0407451
-0.0300644
-0.021356
-0.0139317
-0.00763467
-0.00251168
0.00165148
0.00520555
0.0080371
0.0103265
0.0121617
0.0135876
0.0146837
0.0155023
0.0161009
0.0165286
0.016824
0.0170119
0.0171168
0.0171609
-0.0981858
-0.0779727
-0.0590663
-0.0447619
-0.0331033
-0.023559
-0.0153243
-0.00847747
-0.00313058
0.00127827
0.00499258
0.00786074
0.0101808
0.0120167
0.0134332
0.0145242
0.0153418
0.0159449
0.0163798
0.0166837
0.0168806
0.0169943
0.0170449
-0.108285
-0.0859896
-0.0647978
-0.0489534
-0.0364692
-0.025962
-0.0168315
-0.00954257
-0.00398804
0.000795838
0.0046658
0.0076071
0.0100013
0.0118581
0.0132819
0.0143755
0.0151954
0.0158029
0.0162431
0.0165532
0.0167567
0.016877
0.0169324
-0.118893
-0.0944129
-0.07102
-0.0540517
-0.0407072
-0.0288241
-0.0187224
-0.0111321
-0.00514319
0.00013631
0.00412564
0.00722
0.00973133
0.0116376
0.0130993
0.0142139
0.0150481
0.0156658
0.0161138
0.0164304
0.0166392
0.0167642
0.0168227
-0.128474
-0.102619
-0.0772448
-0.0596234
-0.0451391
-0.03165
-0.0208852
-0.0131058
-0.00635164
-0.000717259
0.00337176
0.00670313
0.0093395
0.0113245
0.0128559
0.0140142
0.0148805
0.0155192
0.0159818
0.0163083
0.0165239
0.0166539
0.016715
-0.139424
-0.110375
-0.0842093
-0.0665108
-0.0499677
-0.0349987
-0.0239209
-0.0154255
-0.00776527
-0.00197135
0.00239298
0.00601217
0.00878089
0.0108901
0.0125223
0.0137513
0.0146723
0.0153483
0.0158376
0.0161817
0.0164083
0.0165447
0.0166085
-0.153108
-0.120989
-0.0945408
-0.075218
-0.0559976
-0.0399534
-0.0281744
-0.0183173
-0.00995949
-0.00388058
0.00102543
0.00496342
0.00794739
0.0102609
0.0120438
0.0133878
0.0143968
0.0151353
0.0156689
0.0160423
0.0162874
0.0164343
0.0165022
0.0742532
0.0531088
0.0312956
0.0087937
-0.0135531
-0.0350534
-0.055419
-0.0744634
0.0779821
0.0546034
0.0305887
0.00566709
-0.0193299
-0.0433035
-0.0653341
-0.0850295
0.0814393
0.0545254
0.0271705
-0.000565811
-0.0277041
-0.0531985
-0.0762823
-0.0969713
0.0843119
0.0532731
0.0222803
-0.00821122
-0.0373176
-0.0643166
-0.088728
-0.110656
0.0858298
0.0507196
0.0161429
-0.0171815
-0.0485093
-0.0773286
-0.103345
-0.126556
0.0857294
0.0464994
0.00822259
-0.0282151
-0.0621232
-0.0930357
-0.120672
-0.145081
0.0838417
0.0401258
-0.00221753
-0.0421514
-0.0789123
-0.112007
-0.141232
-0.16664
0.0796709
0.0308645
-0.0160452
-0.0598746
-0.0997221
-0.135047
-0.165705
-0.191803
0.0723005
0.0176626
-0.0343733
-0.0824849
-0.125637
-0.163176
-0.195025
-0.221355
0.060392
-0.000918809
-0.0587061
-0.11145
-0.157987
-0.197773
-0.230424
-0.256276
0.0420924
-0.0268484
-0.0911429
-0.149025
-0.199088
-0.240783
-0.27342
-0.297636
0.0148203
-0.0626877
-0.134313
-0.197952
-0.251676
-0.294172
-0.325238
-0.345808
-0.0256243
-0.112493
-0.191262
-0.260513
-0.316374
-0.357812
-0.384781
-0.398172
-0.0824777
-0.18037
-0.267519
-0.337596
-0.390395
-0.425728
-0.443529
-0.445131
-0.133418
-0.235445
-0.321052
-0.388401
-0.436405
-0.465337
-0.476918
-0.473738
0.187498
0.18695
0.182267
0.173472
0.160567
0.143905
0.123788
0.100151
0.202452
0.201318
0.195217
0.184371
0.169026
0.149563
0.127218
0.102325
0.219069
0.217351
0.210013
0.197453
0.180195
0.158624
0.13441
0.10842
0.237809
0.235553
0.227131
0.212966
0.193881
0.170237
0.143472
0.114869
0.258767
0.255972
0.246416
0.230433
0.209084
0.182835
0.152688
0.120334
0.281863
0.278436
0.26751
0.249317
0.225049
0.195482
0.161335
0.124532
0.307002
0.302792
0.290161
0.269321
0.241481
0.207868
0.169187
0.127437
0.334128
0.328973
0.314256
0.290296
0.258272
0.21986
0.176013
0.128728
0.363164
0.3569
0.339675
0.312038
0.275177
0.231128
0.181264
0.127646
0.393857
0.386309
0.366095
0.334087
0.29159
0.240919
0.183968
0.122999
0.425625
0.416574
0.392811
0.355564
0.30641
0.247932
0.182609
0.113063
0.457292
0.446465
0.418486
0.37495
0.317873
0.25017
0.174954
0.0953645
0.486859
0.473901
0.440871
0.389712
0.323088
0.244399
0.157461
0.0660235
0.510298
0.494907
0.456164
0.396218
0.318321
0.22672
0.126211
0.0213687
0.529592
0.511815
0.467602
0.399742
0.312101
0.208616
0.0955225
-0.0209344
0.0258221
0.0258974
0.0259826
0.0260764
0.0261777
0.0262836
0.0263943
0.0265087
0.0302133
0.0302552
0.0302714
0.0302639
0.0302362
0.0301904
0.0301295
0.0300604
0.0265655
0.0266576
0.026768
0.0268923
0.0270285
0.0271759
0.0273264
0.0274739
0.030498
0.0305523
0.0305766
0.0305749
0.030551
0.0305084
0.0304542
0.0303964
0.0280631
0.0281803
0.0283229
0.0284727
0.0286906
0.0288766
0.0290705
0.0292792
0.0323809
0.0324498
0.0324846
0.0324897
0.0324719
0.0324436
0.032399
0.0323865
0.0306368
0.0307953
0.0309854
0.0311984
0.0314289
0.0316702
0.0319078
0.0321594
0.0350675
0.0351858
0.0352703
0.0353265
0.0353551
0.0353743
0.0353643
0.0354262
0.034435
0.0346478
0.0348873
0.0351407
0.0354402
0.035777
0.0360203
0.0364364
0.0389638
0.0391351
0.0392685
0.0393839
0.0394655
0.0395972
0.0396458
0.0398983
0.0397702
0.0400842
0.0404234
0.0407814
0.0411285
0.0415407
0.0418126
0.0423422
0.0446082
0.0448827
0.0451085
0.0453519
0.0454791
0.0457761
0.0458108
0.0463137
0.0471813
0.0475574
0.0479345
0.0483663
0.048702
0.0492499
0.049441
0.0502105
0.0528914
0.0533489
0.053685
0.0541942
0.0542975
0.0550085
0.054836
0.0558578
0.0576294
0.0581507
0.0585001
0.0590693
0.0592258
0.0598538
0.0597557
0.0605615
0.0649563
0.0655425
0.0658474
0.0664532
0.0664569
0.0673736
0.0668105
0.0681689
0.0724671
0.0732249
0.0735969
0.074092
0.0739122
0.0744037
0.0736322
0.074398
0.0825199
0.0832157
0.083613
0.0841516
0.0836103
0.0841705
0.082494
0.083453
0.0936697
0.0945639
0.0946257
0.0946985
0.0936147
0.0932263
0.0908981
0.0902754
0.107735
0.108773
0.108622
0.108377
0.106517
0.10531
0.101281
0.0994198
0.123926
0.124707
0.123996
0.12252
0.119187
0.115559
0.109611
0.103805
0.143718
0.144407
0.143139
0.140366
0.135266
0.128856
0.119647
0.109162
0.166588
0.166766
0.164006
0.158376
0.149505
0.137846
0.123056
0.105128
0.0266409
0.0268132
0.02702
0.0272622
0.0275444
0.0278613
0.0281638
0.0284303
0.0286342
0.028757
0.0287848
0.0287129
0.0285472
0.028306
0.0280125
0.0276926
0.0273637
0.0270335
0.0267076
0.0263952
0.0261144
0.0258899
0.0257465
0.0299558
0.0297943
0.0295704
0.029275
0.0289017
0.0285253
0.0281885
0.0279089
0.0277064
0.02759
0.0275558
0.0275857
0.0276432
0.0276824
0.0276029
0.0274298
0.0271835
0.0268909
0.0265782
0.0262676
0.0259852
0.0257606
0.0256165
0.0276648
0.0279057
0.0281813
0.0284952
0.028799
0.0290106
0.0291289
0.0291569
0.0290816
0.0289032
0.0286409
0.0283264
0.0280193
0.0277627
0.0275362
0.0273084
0.0270383
0.0267258
0.0263934
0.0260671
0.0257727
0.0255428
0.025402
0.0302824
0.0301061
0.0298717
0.0295961
0.0293848
0.0292356
0.0291377
0.0290748
0.029032
0.0289877
0.0289062
0.0287296
0.0284256
0.0280406
0.0276681
0.0273023
0.0269308
0.0265502
0.0261703
0.0258127
0.0254982
0.0252589
0.025123
0.0294982
0.0297495
0.0300328
0.0302984
0.0304663
0.030559
0.0305566
0.030448
0.0302387
0.0299454
0.0296069
0.029245
0.0288453
0.0283857
0.0278818
0.0273608
0.0268509
0.0263667
0.0259163
0.0255141
0.0251736
0.0249224
0.0247915
0.0322616
0.0320415
0.0317378
0.0314822
0.0312732
0.0310963
0.0309436
0.0307972
0.0306325
0.0304017
0.0300788
0.0296652
0.0291769
0.028613
0.0279935
0.0273539
0.0267305
0.0261492
0.0256275
0.0251799
0.0248127
0.0245487
0.0244209
0.0324132
0.0326427
0.03288
0.0330007
0.0330145
0.0329056
0.0326617
0.0322931
0.0318294
0.0313034
0.03073
0.0301133
0.0294542
0.0287518
0.0280158
0.0272711
0.0265516
0.0258869
0.0253017
0.0248133
0.0244241
0.0241497
0.024023
0.03529
0.034952
0.0346189
0.0343439
0.0340884
0.033808
0.0334872
0.0330989
0.0326019
0.0319877
0.0312663
0.0304661
0.0296225
0.0287659
0.0279108
0.0270743
0.0262821
0.0255594
0.0249307
0.0244156
0.024015
0.0237359
0.0236072
0.0366183
0.036679
0.0366859
0.0365737
0.0363025
0.0358705
0.0352828
0.0345715
0.0337553
0.0328477
0.0318622
0.0308221
0.0297614
0.0287196
0.0277241
0.0267901
0.0259347
0.0251721
0.0245199
0.0239935
0.0235934
0.0233151
0.0231824
0.0398107
0.0393731
0.0389425
0.03844
0.0379117
0.0372866
0.0365401
0.0356486
0.0346074
0.0334467
0.0322038
0.0309293
0.0296753
0.028482
0.0273767
0.026375
0.0254872
0.0247156
0.0240666
0.0235469
0.0231616
0.0228899
0.0227538
0.0424464
0.0421795
0.0418079
0.0412321
0.0404124
0.0393818
0.0381948
0.036876
0.035452
0.0339571
0.0324287
0.0309175
0.0294748
0.0281392
0.0269359
0.0258805
0.0249772
0.0242167
0.0235892
0.0230889
0.0227265
0.0224647
0.0223276
0.0462099
0.0453498
0.0445362
0.0435778
0.0424753
0.041195
0.0397095
0.038034
0.036229
0.0343682
0.0325283
0.0307739
0.0291531
0.027695
0.0264178
0.0253294
0.0244277
0.0236938
0.0231003
0.0226276
0.0222906
0.022042
0.0219079
0.050118
0.0492316
0.0482222
0.0468662
0.0451738
0.0432323
0.0411098
0.0388739
0.0365966
0.0343543
0.0322247
0.0302688
0.0285205
0.0270002
0.0257116
0.0246463
0.0237907
0.0231173
0.0225811
0.0221527
0.021848
0.0216215
0.0214969
0.055111
0.0534328
0.0516044
0.0495285
0.047208
0.0446395
0.0419095
0.0391484
0.036455
0.0339103
0.0315814
0.0295057
0.0277036
0.0261804
0.024924
0.023914
0.0231262
0.0225262
0.0220549
0.0216784
0.0214084
0.0212094
0.0210981
0.0597915
0.0577849
0.0554892
0.0527536
0.0496472
0.0463204
0.0429024
0.0395342
0.0363418
0.033432
0.0308627
0.0286588
0.0268189
0.0253166
0.0241149
0.0231761
0.0224634
0.021937
0.0215313
0.0212099
0.0209765
0.02081
0.0207143
0.0663489
0.0628716
0.0592361
0.0553136
0.0511908
0.0469867
0.042874
0.0389911
0.0354577
0.0323456
0.0296837
0.0274724
0.0256859
0.0242767
0.0231888
0.022365
0.0217554
0.0213178
0.020991
0.0207358
0.0205479
0.0204223
0.0203461
0.0720766
0.0676548
0.062853
0.0576141
0.0522497
0.0470349
0.0421776
0.0378257
0.0340336
0.0308187
0.0281707
0.0260486
0.0243921
0.0231327
0.0221983
0.0215171
0.0210285
0.0206886
0.0204482
0.0202648
0.020128
0.0200482
0.0199938
0.0788257
0.07202
0.0653209
0.0586646
0.0522048
0.0461637
0.0407404
0.036047
0.0321081
0.0289044
0.0263761
0.0244343
0.0229819
0.0219253
0.0211786
0.0206613
0.0203064
0.0200699
0.0199169
0.0198066
0.0197238
0.0196903
0.0196591
0.0846517
0.0758395
0.0669962
0.0585337
0.0508239
0.0441101
0.0383988
0.0336254
0.0297456
0.0267028
0.0243995
0.0227126
0.0215174
0.0206992
0.0201622
0.0198209
0.0196065
0.0194767
0.019409
0.0193704
0.0193427
0.0193522
0.0193447
0.0894838
0.0771441
0.066303
0.0565357
0.0480466
0.0409491
0.0351503
0.0305043
0.026886
0.0241682
0.0222087
0.020859
0.0199748
0.0194301
0.019127
0.0189775
0.0189153
0.0189017
0.0189231
0.0189574
0.0189866
0.0190352
0.0190523
0.091587
0.0767544
0.0636772
0.0526842
0.0437578
0.0366331
0.0310068
0.0266841
0.023497
0.0212541
0.0197627
0.0188401
0.0183257
0.0180926
0.0180497
0.0181116
0.0182182
0.0183343
0.0184541
0.0185654
0.0186543
0.0187404
0.0187828
0.0896681
0.0716291
0.0581401
0.0469075
0.0380139
0.0312071
0.0260515
0.0222674
0.0196577
0.0179999
0.0170692
0.0166496
0.01656
0.0166756
0.0169193
0.0172124
0.0175042
0.0177651
0.0179951
0.0181901
0.0183422
0.0184677
0.0185363
0.0806466
0.0640574
0.050884
0.0400535
0.0314299
0.0250459
0.0204384
0.0173052
0.0153853
0.0144023
0.0141032
0.0142492
0.0146339
0.0151386
0.0157
0.0162497
0.0167487
0.0171749
0.0175311
0.0178213
0.0180435
0.018215
0.0183124
0.0680131
0.0554884
0.0444174
0.0346811
0.0266198
0.0202406
0.0158271
0.0131172
0.0117398
0.011322
0.011566
0.012214
0.0130245
0.0138791
0.014719
0.015492
0.0161693
0.0167351
0.0171949
0.0175597
0.0178329
0.0180337
0.0181474
0.0500512
0.0387854
0.0316149
0.0247455
0.0192567
0.0144792
0.0111857
0.00946238
0.0089314
0.00920303
0.00999146
0.0110682
0.0121989
0.0132893
0.0142971
0.0151899
0.0159518
0.0165758
0.0170721
0.0174566
0.0177372
0.0179317
0.0180383
0.0278145
0.016934
0.0130812
0.00933637
0.00744834
0.00610429
0.00562437
0.00589039
0.00672288
0.00790567
0.00928467
0.0107353
0.0120898
0.0133068
0.0143742
0.0152829
0.0160351
0.0166365
0.0171046
0.0174577
0.0177066
0.0178654
0.0179464
0.00691733
-0.00208236
-0.00345526
-0.0048604
-0.00371421
-0.00182168
0.000386784
0.00258465
0.00473792
0.00679041
0.00872177
0.0105131
0.0120869
0.0134263
0.0145397
0.0154471
0.0161715
0.0167331
0.0171588
0.0174702
0.01768
0.0178005
0.0178545
-0.0121966
-0.0171575
-0.0148252
-0.013954
-0.010694
-0.00714392
-0.0034978
-0.000122242
0.00293459
0.00563546
0.00801648
0.0101095
0.0119079
0.013394
0.01458
0.0155114
0.0162294
0.0167682
0.0171649
0.017446
0.0176262
0.0177193
0.0177538
-0.0303609
-0.0299561
-0.0236018
-0.0201263
-0.0150875
-0.0106059
-0.00625227
-0.00225157
0.00135477
0.00449403
0.00722044
0.00956866
0.0115615
0.013187
0.0144622
0.0154427
0.0161797
0.016719
0.0171062
0.0173732
0.0175381
0.0176178
0.0176429
-0.0478642
-0.0419504
-0.0322175
-0.025947
-0.0191376
-0.0136201
-0.0085615
-0.00403395
1.075e-06
0.00346704
0.00646755
0.00901936
0.0111564
0.012891
0.0142462
0.01528
0.0160475
0.0166018
0.0169939
0.0172602
0.017422
0.0175002
0.0175243
-0.0634587
-0.0524595
-0.0405347
-0.0315696
-0.0232135
-0.0165024
-0.0106382
-0.00552946
-0.00108872
0.00264627
0.0058682
0.00856513
0.0107912
0.0125935
0.0140013
0.0150756
0.015871
0.0164441
0.0168482
0.0171218
0.0172891
0.0173734
0.0174023
)
;

boundaryField
{
    outlet
    {
        type            fixedValue;
        value           uniform 0;
    }
    upperWall
    {
        type            symmetryPlane;
    }
    lowerWall
    {
        type            symmetryPlane;
    }
    inlet
    {
        type            zeroGradient;
    }
    cylinder
    {
        type            zeroGradient;
    }
    frontAndBack
    {
        type            empty;
    }
}


// ************************************************************************* //
