/*--------------------------------*- C++ -*----------------------------------*\
| =========                 |                                                 |
| \\      /  F ield         | OpenFOAM: The Open Source CFD Toolbox           |
|  \\    /   O peration     | Version:  2312                                  |
|   \\  /    A nd           | Website:  www.openfoam.com                      |
|    \\/     M anipulation  |                                                 |
\*---------------------------------------------------------------------------*/
FoamFile
{
    version     2.0;
    format      ascii;
    arch        "LSB;label=32;scalar=64";
    class       volScalarField;
    location    "110.85";
    object      p;
}
// * * * * * * * * * * * * * * * * * * * * * * * * * * * * * * * * * * * * * //

dimensions      [0 2 -2 0 0 0 0];

internalField   nonuniform List<scalar> 
5478
(
-0.529623
-0.528682
-0.529339
-0.530964
-0.531087
-0.525397
-0.509846
-0.482456
-0.444314
-0.398905
-0.35045
-0.302231
-0.256778
-0.214546
-0.175634
-0.537231
-0.533892
-0.531417
-0.528796
-0.523113
-0.51041
-0.488333
-0.45695
-0.418597
-0.376565
-0.333829
-0.292444
-0.253684
-0.217455
-0.184495
-0.546479
-0.541008
-0.535249
-0.527541
-0.514602
-0.494135
-0.466058
-0.432076
-0.394682
-0.356265
-0.318463
-0.282383
-0.248457
-0.21697
-0.187894
-0.559618
-0.551582
-0.54185
-0.527546
-0.505993
-0.477737
-0.444846
-0.409488
-0.373444
-0.337929
-0.303748
-0.271356
-0.241031
-0.212886
-0.186949
-0.577574
-0.565368
-0.550746
-0.527892
-0.496977
-0.461806
-0.425338
-0.389172
-0.354114
-0.320619
-0.288922
-0.259182
-0.231377
-0.205674
-0.18172
-0.59965
-0.581483
-0.559718
-0.526532
-0.486526
-0.445596
-0.406323
-0.369399
-0.3349
-0.302749
-0.272875
-0.245166
-0.219543
-0.195893
-0.173654
-0.621908
-0.597966
-0.565192
-0.520554
-0.472535
-0.427008
-0.385515
-0.347957
-0.313851
-0.282785
-0.254427
-0.22852
-0.204825
-0.183174
-0.162943
-0.638324
-0.609639
-0.563292
-0.507253
-0.452611
-0.403575
-0.360547
-0.322702
-0.289144
-0.259194
-0.232336
-0.208179
-0.186474
-0.166946
-0.149098
-0.448169
-0.449993
-0.451631
-0.456501
-0.465126
-0.477587
-0.49381
-0.513333
-0.535271
-0.55839
-0.581007
-0.600951
-0.615464
-0.621176
-0.616127
-0.447246
-0.450912
-0.453675
-0.458953
-0.466928
-0.47693
-0.487994
-0.498775
-0.507785
-0.513769
-0.515704
-0.512481
-0.50313
-0.487728
-0.464838
-0.45131
-0.456427
-0.460557
-0.466799
-0.47488
-0.483349
-0.490226
-0.493049
-0.489421
-0.477802
-0.457549
-0.428399
-0.390996
-0.348668
-0.299719
-0.461076
-0.467086
-0.472475
-0.480089
-0.489021
-0.497118
-0.501423
-0.498357
-0.484605
-0.458401
-0.419769
-0.36994
-0.307575
-0.245913
-0.171324
-0.475909
-0.481785
-0.487505
-0.496834
-0.506875
-0.515076
-0.517657
-0.510162
-0.488843
-0.451858
-0.399234
-0.339205
-0.261528
-0.194085
-0.112457
-0.492851
-0.498529
-0.50619
-0.514618
-0.524325
-0.531603
-0.53188
-0.520169
-0.492611
-0.448373
-0.390345
-0.323925
-0.249778
-0.181877
-0.115374
-0.508355
-0.512272
-0.518248
-0.525993
-0.53482
-0.539294
-0.535485
-0.518739
-0.486363
-0.438888
-0.381154
-0.317874
-0.253936
-0.195433
-0.141383
-0.520607
-0.522172
-0.525895
-0.531159
-0.535995
-0.536154
-0.52688
-0.504668
-0.468546
-0.421099
-0.367201
-0.311362
-0.257816
-0.208598
-0.165149
-0.574124
-0.46167
-0.336527
-0.269324
-0.262906
-0.289828
-0.290205
-0.224706
-0.162986
-0.136385
-0.121794
-0.106154
-0.107598
-0.131551
-0.147943
-0.132411
-0.11057
-0.104362
-0.133409
-0.14006
-0.130304
-0.114537
-0.146369
-0.12953
-0.14502
-0.177706
-0.191298
-0.106419
-0.0997011
-0.0576033
-0.0345548
-0.0192077
-0.0111936
-0.00550023
-0.00545759
-0.00422397
-0.00195388
-0.000627049
-0.42178
-0.363644
-0.287898
-0.264646
-0.286097
-0.336683
-0.328631
-0.24826
-0.171639
-0.136106
-0.119964
-0.100693
-0.0989553
-0.124762
-0.142924
-0.128433
-0.105648
-0.0950067
-0.124746
-0.13203
-0.126354
-0.125403
-0.159284
-0.137075
-0.142296
-0.153169
-0.161848
-0.116748
-0.112873
-0.0574305
-0.0330075
-0.0196114
-0.0113028
-0.00581644
-0.00551618
-0.00407319
-0.00204497
-0.000668524
-0.248633
-0.217447
-0.192117
-0.224498
-0.288563
-0.361453
-0.345906
-0.259042
-0.175622
-0.134147
-0.118657
-0.101268
-0.0948625
-0.117722
-0.137737
-0.124207
-0.0999961
-0.0858452
-0.11499
-0.123131
-0.120091
-0.133991
-0.169309
-0.142464
-0.136712
-0.12937
-0.130663
-0.123837
-0.122638
-0.0565206
-0.0311193
-0.0199122
-0.0114161
-0.0061112
-0.00554181
-0.00392991
-0.00213855
-0.000714228
-0.105324
-0.0583665
-0.0618931
-0.148412
-0.267676
-0.358845
-0.342439
-0.256098
-0.175754
-0.131011
-0.115837
-0.105283
-0.0958657
-0.117898
-0.134301
-0.120382
-0.0941195
-0.0773609
-0.0951618
-0.113517
-0.111651
-0.139795
-0.176319
-0.146032
-0.129347
-0.10858
-0.100882
-0.127298
-0.128202
-0.0554494
-0.0290933
-0.020097
-0.0115095
-0.00637843
-0.00552758
-0.00380424
-0.00223077
-0.000762477
-0.0334003
0.040399
0.0475041
-0.0603253
-0.215807
-0.326379
-0.314321
-0.239308
-0.170814
-0.126462
-0.110932
-0.107757
-0.0997372
-0.123806
-0.133357
-0.115924
-0.0882833
-0.0710869
-0.0879451
-0.104082
-0.101736
-0.142689
-0.178656
-0.147744
-0.121303
-0.0917872
-0.0743246
-0.127641
-0.12908
-0.0546285
-0.026891
-0.0201291
-0.011597
-0.00656237
-0.00547002
-0.00370303
-0.00232432
-0.00081242
-0.043016
0.0491642
0.0978088
0.0061475
-0.154897
-0.264658
-0.26904
-0.21308
-0.159584
-0.120728
-0.105321
-0.103528
-0.103854
-0.130618
-0.13594
-0.114832
-0.0841445
-0.066708
-0.0806845
-0.0944883
-0.0900682
-0.142029
-0.176577
-0.148221
-0.114567
-0.080027
-0.0525905
-0.125302
-0.125815
-0.0543251
-0.0246274
-0.0200058
-0.011817
-0.00673832
-0.00537393
-0.00362858
-0.00242369
-0.000864279
-0.079656
0.00273875
0.0859334
0.0492044
-0.0825847
-0.210238
-0.222
-0.189894
-0.148478
-0.117269
-0.100805
-0.0928385
-0.105629
-0.136908
-0.137753
-0.111182
-0.080121
-0.0636725
-0.0773165
-0.0854602
-0.0760506
-0.137315
-0.171093
-0.146046
-0.107728
-0.0720736
-0.035023
-0.120701
-0.119569
-0.0544301
-0.0231305
-0.0198095
-0.0120035
-0.00693668
-0.00524518
-0.00357644
-0.00253457
-0.000919297
-0.11582
-0.0594763
0.0199193
0.0349878
-0.0222662
-0.0913379
-0.149975
-0.148985
-0.126986
-0.108038
-0.096161
-0.0803334
-0.0992915
-0.137544
-0.142511
-0.113072
-0.0788477
-0.061661
-0.0713998
-0.0763061
-0.0627365
-0.128784
-0.162597
-0.145622
-0.101948
-0.069841
-0.0223073
-0.113797
-0.111894
-0.0556135
-0.0202891
-0.0193103
-0.0122269
-0.00723546
-0.00510918
-0.00354408
-0.00266435
-0.000980224
-0.115783
-0.076183
-0.0185817
0.014645
-0.0150607
-0.066849
-0.105988
-0.11453
-0.10038
-0.0871633
-0.0798256
-0.0689363
-0.0882826
-0.122216
-0.129995
-0.105613
-0.0747106
-0.0602419
-0.0762646
-0.0683402
-0.0544432
-0.118142
-0.149467
-0.13577
-0.0912901
-0.0675483
-0.0227627
-0.103642
-0.099801
-0.0564486
-0.0214594
-0.018518
-0.0122051
-0.00754192
-0.00484944
-0.00349537
-0.00285146
-0.00105723
-0.108807
-0.0785801
-0.0388564
-0.0143831
-0.0223055
-0.0496929
-0.0714669
-0.0770303
-0.069796
-0.0637978
-0.058826
-0.0503152
-0.0704409
-0.111904
-0.12563
-0.0950357
-0.0645219
-0.0503855
-0.0382498
-0.0513896
-0.0366467
-0.0974036
-0.137585
-0.119476
-0.0744587
-0.0477084
-0.0158853
-0.088272
-0.0969151
-0.0543753
-0.0195597
-0.0171789
-0.0122216
-0.00793204
-0.00450127
-0.00342693
-0.00311772
-0.00116534
-0.0924745
-0.0758598
-0.0517803
-0.0326478
-0.0284103
-0.0395458
-0.0506869
-0.0553304
-0.0533473
-0.0470364
-0.0426412
-0.0317236
-0.0318137
-0.0617023
-0.0787525
-0.0673003
-0.0504526
-0.0427252
-0.0379642
-0.0377678
-0.0219641
-0.0689261
-0.105845
-0.0937482
-0.0489345
-0.0250589
-0.00703399
-0.0705909
-0.0798074
-0.0487056
-0.0190651
-0.0157048
-0.0123685
-0.0086175
-0.00414438
-0.0033337
-0.00346243
-0.001305
-0.0759756
-0.0691273
-0.0542604
-0.0398057
-0.0324499
-0.0332564
-0.0370014
-0.0367324
-0.0329452
-0.0265043
-0.0186497
-0.00992917
-0.000776717
-0.00813959
-0.0172587
-0.0295052
-0.0364312
-0.0337693
-0.028596
-0.020335
-0.00647906
-0.0351748
-0.0668831
-0.0658786
-0.0274304
-0.00501665
0.00642731
-0.0466305
-0.061067
-0.0427189
-0.019912
-0.0139944
-0.0127913
-0.00965039
-0.00376336
-0.00322486
-0.00389648
-0.00148007
-0.0613315
-0.0590402
-0.0502884
-0.0402315
-0.0325478
-0.0287224
-0.0277377
-0.0258855
-0.0231057
-0.0170062
-0.0085086
0.00317625
0.0244831
0.0364516
0.0257505
0.00133845
-0.0188299
-0.018912
-0.0163919
-0.0082257
0.00296127
0.00235323
-0.0093752
-0.0396401
-0.014573
0.0104133
0.013333
-0.01847
-0.0350916
-0.0343297
-0.0227952
-0.0121084
-0.0136703
-0.0110864
-0.00344165
-0.00313241
-0.00439967
-0.00170152
-0.048047
-0.048266
-0.0436047
-0.0366109
-0.0297049
-0.0246246
-0.0214345
-0.0173715
-0.0125547
-0.00541023
0.00443235
0.0136929
0.0303211
0.0398873
0.0383869
0.0178082
-0.00243455
-0.00488127
-0.00278658
0.0052175
0.0112508
0.0189545
0.00806444
-0.0267254
-0.0139733
0.0173034
0.0192022
0.0101135
-0.00551938
-0.0226773
-0.0249028
-0.00985142
-0.0149941
-0.0130552
-0.00327019
-0.00316102
-0.00493187
-0.00193179
-0.0364225
-0.0379457
-0.035595
-0.0306876
-0.0251831
-0.0200034
-0.0156731
-0.0111928
-0.0066297
-0.000926653
0.00678411
0.0154509
0.0290404
0.0381281
0.0376598
0.0237364
0.00911723
0.00632056
0.00509468
0.0114384
0.015355
0.0256931
0.0196087
-0.0146592
-0.00844749
0.0181896
0.0220556
0.0305188
0.0164311
-0.010645
-0.0238747
-0.00745725
-0.0160561
-0.0153633
-0.0031724
-0.00343304
-0.00548181
-0.00218211
-0.0266751
-0.028521
-0.0274348
-0.0242147
-0.019946
-0.0154366
-0.0112804
-0.00703705
-0.00263262
0.00270939
0.00962181
0.0167957
0.0253235
0.0313468
0.0322823
0.0239483
0.0143565
0.0122849
0.0118029
0.0166455
0.0185957
0.0231036
0.0208537
-0.00151408
0.000900206
0.0179953
0.0239304
0.0371221
0.0247182
-0.0017489
-0.0178833
-0.0050365
-0.015735
-0.0166667
-0.00285045
-0.00387575
-0.00598802
-0.00243617
-0.0184526
-0.0203229
-0.020015
-0.0178454
-0.0146203
-0.0109367
-0.00729637
-0.00352623
0.00035547
0.00469253
0.00967625
0.0149087
0.0207762
0.0249701
0.0264292
0.0223887
0.0166397
0.0155205
0.0140812
0.0169412
0.0184631
0.0205096
0.0205735
0.00785668
0.0072772
0.0171348
0.0230046
0.0348175
0.0272135
0.00458879
-0.0087839
-0.00151346
-0.0128223
-0.015153
-0.00210124
-0.00374134
-0.00594558
-0.00241364
-0.0117129
-0.0133876
-0.0133673
-0.0118916
-0.00957337
-0.00677141
-0.00386694
-0.000802291
0.00230046
0.00565963
0.00944286
0.0133693
0.0174314
0.0202958
0.0216669
0.0202735
0.0170612
0.0165561
0.0162042
0.0177041
0.0188114
0.0186916
0.0189643
0.012647
0.0121049
0.0179485
0.0219722
0.0295402
0.0265671
0.00942594
-0.00037998
0.00139285
-0.00766561
-0.0103304
-0.00111992
-0.00265514
-0.00506571
-0.0020331
-0.00620675
-0.00754275
-0.00767782
-0.00675874
-0.00515224
-0.0030858
-0.000856965
0.00150631
0.0039091
0.00644187
0.00923273
0.0120265
0.0148584
0.016914
0.0181112
0.0181352
0.0166879
0.0163438
0.01607
0.0169042
0.0174101
0.0173289
0.0178115
0.0147552
0.0142245
0.0175083
0.0200645
0.0247847
0.0241691
0.012339
0.00507449
0.00375934
-0.00282022
-0.00533801
-0.000165096
-0.0010625
-0.00352971
-0.00144421
-0.00164317
-0.00274825
-0.00298465
-0.0024071
-0.00129468
0.000174844
0.00180338
0.00353692
0.00531199
0.0071387
0.00914406
0.0111468
0.0131601
0.0147549
0.0158063
0.0163263
0.0159309
0.0159025
0.015962
0.0164772
0.0168231
0.0165751
0.0169059
0.0155074
0.0154463
0.017457
0.0192515
0.0209035
0.0208561
0.0135348
0.00796655
0.00549249
0.000707044
-0.00156686
0.000687757
0.000169836
-0.00209127
-0.000945719
0.00199161
0.00111078
0.000879695
0.00122108
0.00194799
0.00294661
0.00409532
0.00532312
0.00658901
0.00788072
0.0092853
0.010715
0.0121456
0.0133694
0.0142426
0.014893
0.0150962
0.015289
0.015453
0.0158124
0.0160086
0.0158384
0.0161071
0.0154764
0.0154045
0.0163272
0.0164208
0.0176816
0.017767
0.013446
0.00903102
0.00652162
0.00275354
0.00045692
0.00134751
0.000783365
-0.00101166
-0.000538792
0.00492003
0.00424327
0.00402051
0.00418999
0.00464068
0.00528953
0.00607334
0.0069215
0.00778635
0.00866273
0.0096141
0.010624
0.0116329
0.0125285
0.0132652
0.0138883
0.0143001
0.0145866
0.0148216
0.0151241
0.0152949
0.0152219
0.0153888
0.0151259
0.0150726
0.0155268
0.0156182
0.0156081
0.015304
0.0127055
0.00934308
0.00713936
0.00402804
0.00189874
0.0018872
0.00112254
-0.000266742
-0.00022521
0.00728074
0.00675081
0.00653705
0.00659468
0.0068498
0.00724531
0.00774685
0.00830579
0.00887539
0.00944956
0.0100746
0.0107602
0.0114613
0.0121054
0.0126833
0.0131998
0.0136297
0.0139573
0.0142031
0.014458
0.0146146
0.0145974
0.0146775
0.0145711
0.0144251
0.0145123
0.014328
0.0139979
0.0134482
0.0117246
0.00923337
0.00730242
0.0048102
0.0028174
0.00227312
0.00133621
0.000177192
-1.88733e-05
0.00914479
0.00873636
0.00854238
0.00852769
0.00864657
0.00886256
0.00916151
0.00950502
0.00985966
0.0102144
0.0106048
0.0110429
0.0115126
0.0119547
0.0123723
0.012767
0.0131288
0.013419
0.013632
0.0138387
0.0139692
0.0139786
0.0139856
0.013894
0.0137222
0.0136146
0.0132998
0.0128189
0.0120927
0.010811
0.00899444
0.00731931
0.00532123
0.00352316
0.00267119
0.00158211
0.00051946
0.000141553
0.0106135
0.0102994
0.0101228
0.0100595
0.0100856
0.0101777
0.0103331
0.0105194
0.0107156
0.0109089
0.0111314
0.0113947
0.0116866
0.0119637
0.0122377
0.0125124
0.0127753
0.0129915
0.0131519
0.0132972
0.0133831
0.0133799
0.0133357
0.0132331
0.0130166
0.0127967
0.0123879
0.0118492
0.0110529
0.0100306
0.00867587
0.00721842
0.0055789
0.00402804
0.00299017
0.00184156
0.000773294
0.000242917
0.0117528
0.0115083
0.0113483
0.0112563
0.0112216
0.0112289
0.0112826
0.0113564
0.0114404
0.0115201
0.0116237
0.011757
0.0119142
0.012068
0.012222
0.0123847
0.0125431
0.0126735
0.0127654
0.0128392
0.012869
0.0128374
0.0127465
0.012614
0.012359
0.0120889
0.0116498
0.011128
0.0104628
0.00947572
0.00837205
0.00711528
0.00572499
0.00437633
0.00328097
0.00211776
0.00101889
0.000330221
0.0126191
0.0124258
0.0122801
0.0121715
0.0120976
0.0120485
0.0120327
0.0120283
0.012034
0.0120333
0.0120527
0.0120898
0.0121471
0.012203
0.012261
0.0123275
0.0123935
0.0124416
0.012464
0.0124688
0.0124388
0.0123656
0.0122319
0.0120696
0.0117915
0.0114946
0.0110658
0.0105439
0.00993449
0.00904104
0.00809705
0.00700642
0.00580174
0.00461245
0.00350504
0.00237495
0.00126631
0.000414419
0.0132609
0.0131022
0.0129673
0.0128503
0.0127523
0.0126682
0.012605
0.0125483
0.0124988
0.0124445
0.0124041
0.0123738
0.0123574
0.0123388
0.0123235
0.0123136
0.012303
0.0122809
0.0122383
0.012183
0.0120953
0.0119793
0.0118089
0.0116137
0.0113195
0.0109954
0.0105725
0.010055
0.00945565
0.0086812
0.00784332
0.00688601
0.00582453
0.00475177
0.00369295
0.00260124
0.00149483
0.000491638
0.0137163
0.0135796
0.0134523
0.0133316
0.0132197
0.0131145
0.0130201
0.0129295
0.0128425
0.0127536
0.0126723
0.0125961
0.0125279
0.0124568
0.0123883
0.0123203
0.0122513
0.0121741
0.0120793
0.0119757
0.0118404
0.0116858
0.011483
0.0112512
0.0109512
0.0106025
0.0101813
0.0096771
0.00909478
0.00839687
0.00762366
0.00674997
0.00579189
0.00478995
0.00374844
0.00269002
0.00160604
0.000528379
0.0140091
0.0138858
0.0137638
0.0136418
0.0135231
0.0134056
0.0132936
0.0131816
0.0130728
0.0129619
0.0128557
0.0127501
0.0126486
0.0125444
0.01244
0.0123338
0.0122235
0.0121076
0.0119763
0.0118362
0.0116673
0.0114813
0.0112534
0.0110001
0.0106885
0.0103289
0.00990883
0.00941166
0.0088513
0.00819118
0.0074584
0.00664262
0.00574422
0.00479145
0.0037804
0.0027444
0.00166928
0.00055646
0.0141535
0.0140369
0.0139178
0.0137958
0.0136745
0.0135523
0.0134319
0.0133104
0.0131906
0.0130693
0.0129505
0.0128307
0.0127122
0.0125913
0.0124686
0.0123425
0.0122104
0.0120738
0.0119229
0.0117627
0.0115765
0.0113725
0.0111325
0.0108645
0.0105483
0.0101822
0.00976058
0.00927138
0.0087181
0.0080806
0.00736891
0.00657957
0.00571448
0.00478736
0.00379259
0.00276647
0.001698
0.000569562
-0.126549
-0.135885
-0.143437
-0.148604
-0.151214
-0.147662
-0.140464
-0.128289
-0.101637
-0.10685
-0.11047
-0.112563
-0.112525
-0.11134
-0.109903
-0.112564
-0.0794495
-0.0824854
-0.0840186
-0.0857129
-0.0865877
-0.0894754
-0.0909527
-0.0945402
-0.0622797
-0.0640746
-0.0651744
-0.0671913
-0.0687068
-0.0711665
-0.071536
-0.0734977
-0.0480515
-0.0494259
-0.0503092
-0.0516091
-0.0522684
-0.0532502
-0.0538271
-0.0568569
-0.0366359
-0.0373965
-0.0378078
-0.038387
-0.0388393
-0.0398405
-0.0411837
-0.044022
-0.0271103
-0.0274714
-0.0276476
-0.0279875
-0.0284607
-0.0293241
-0.0304968
-0.0327955
-0.0192914
-0.0194049
-0.0194265
-0.0195726
-0.0199204
-0.0205936
-0.0216092
-0.0235583
-0.0127787
-0.0127532
-0.0126785
-0.0127477
-0.0130245
-0.0135333
-0.0143172
-0.0158893
-0.0073754
-0.00731068
-0.00721453
-0.00721854
-0.00734716
-0.00766286
-0.00828552
-0.00960539
-0.00286682
-0.00278885
-0.00266311
-0.00260193
-0.00267165
-0.00295977
-0.00352018
-0.00458105
0.000905777
0.000963353
0.00105366
0.00108326
0.00100268
0.000781516
0.000385209
-0.000395002
0.00400721
0.00401829
0.00406102
0.00408208
0.00404698
0.00390982
0.00360595
0.00298034
0.00657472
0.00654757
0.00655377
0.00655464
0.0065133
0.00638739
0.00613507
0.00565771
0.00865631
0.00859337
0.00855724
0.00852423
0.00847107
0.0083681
0.00818063
0.00783051
0.0103204
0.0102341
0.0101703
0.0101166
0.0100574
0.00996759
0.00981848
0.0095549
0.0116379
0.0115385
0.0114568
0.0113863
0.0113171
0.0112318
0.0111102
0.0109146
0.012661
0.012556
0.0124647
0.0123843
0.0123089
0.0122268
0.0121243
0.0119763
0.0134419
0.0133358
0.0132406
0.0131553
0.0130758
0.0129951
0.0129045
0.0127886
0.014019
0.0139139
0.0138185
0.0137319
0.0136514
0.0135724
0.0134897
0.0133943
0.0144247
0.0143233
0.0142303
0.0141448
0.0140651
0.0139878
0.0139102
0.0138272
0.0146826
0.0145866
0.0144971
0.0144136
0.0143349
0.0142587
0.0141839
0.0141076
0.0148037
0.0147142
0.0146287
0.0145471
0.0144692
0.0143936
0.0143199
0.0142462
0.0375451
0.0398004
0.0413821
0.0420553
0.0412476
0.0387804
0.034476
0.0277988
0.0177991
0.00310432
-0.0182026
-0.0488172
-0.0931294
-0.15435
-0.210867
0.0126726
0.0122219
0.00966662
0.0057245
0.000474359
-0.0064709
-0.0156819
-0.0279447
-0.0443405
-0.0663498
-0.0960187
-0.13604
-0.190815
-0.264154
-0.326525
-0.0123752
-0.0155915
-0.0220752
-0.0301514
-0.0394694
-0.0506345
-0.0644629
-0.0818786
-0.104045
-0.132535
-0.169564
-0.217907
-0.280832
-0.364814
-0.425964
-0.0383748
-0.0445132
-0.0541849
-0.0653752
-0.0779929
-0.0928473
-0.1108
-0.132764
-0.159949
-0.193945
-0.236982
-0.292422
-0.361742
-0.448996
-0.507476
-0.0642046
-0.0734289
-0.0855948
-0.099169
-0.114512
-0.132541
-0.154012
-0.179696
-0.210954
-0.249352
-0.296771
-0.356979
-0.430549
-0.515717
-0.569682
-0.088501
-0.100932
-0.115133
-0.130696
-0.148433
-0.16919
-0.193639
-0.22208
-0.256436
-0.297887
-0.348526
-0.410842
-0.48488
-0.564923
-0.612252
-0.11065
-0.125931
-0.141706
-0.159253
-0.179282
-0.202346
-0.229019
-0.259993
-0.296355
-0.339523
-0.391333
-0.453297
-0.524579
-0.5963
-0.636344
-0.131672
-0.147633
-0.165197
-0.184877
-0.207068
-0.232166
-0.260674
-0.293259
-0.330771
-0.374421
-0.425618
-0.485071
-0.550419
-0.61063
-0.64427
0.185242
0.199939
0.216377
0.234961
0.255757
0.278686
0.303669
0.330659
0.359577
0.39017
0.421859
0.453466
0.482986
0.506371
0.525618
0.180662
0.194407
0.210037
0.22792
0.247995
0.270091
0.294096
0.319959
0.347595
0.376725
0.406724
0.436356
0.46353
0.484225
0.500822
0.171921
0.183919
0.198086
0.214693
0.233422
0.253916
0.27599
0.29956
0.324498
0.350455
0.376713
0.401919
0.423806
0.438507
0.449357
0.159001
0.168664
0.180903
0.195714
0.212424
0.23049
0.24968
0.269886
0.2909
0.312241
0.33301
0.351665
0.365635
0.371197
0.373809
0.141991
0.148955
0.159046
0.171767
0.185951
0.200859
0.21625
0.232032
0.247944
0.263362
0.277165
0.287559
0.291604
0.285448
0.277806
0.121142
0.125074
0.132837
0.143206
0.154477
0.165766
0.176821
0.187516
0.197492
0.205965
0.211607
0.212376
0.204969
0.185339
0.16511
0.0970423
0.0983333
0.10397
0.111514
0.119096
0.126049
0.132227
0.137397
0.140974
0.14195
0.138771
0.129141
0.109426
0.0755348
0.041839
0.0689326
0.0689254
0.0733291
0.0779376
0.0813896
0.0835298
0.0843912
0.0836246
0.080423
0.0735539
0.0612506
0.040953
0.00865218
-0.0394831
-0.0859252
0.0269464
0.031361
0.0276914
0.031596
0.0291488
0.033424
0.0316426
0.0360194
0.0353597
0.0397964
0.0405321
0.0453025
0.0477564
0.0533352
0.0579662
0.0651115
0.0724795
0.0822835
0.0932658
0.107128
0.122948
0.1424
0.164798
0.0269559
0.0313349
0.0277078
0.0315635
0.0291735
0.0333825
0.0316543
0.0359692
0.0353801
0.0397241
0.0405218
0.0452439
0.047676
0.0532189
0.0578505
0.0648728
0.0721969
0.0819851
0.0925674
0.106155
0.121324
0.140244
0.16153
0.0269757
0.0312835
0.0277422
0.0315017
0.0292291
0.0333085
0.0317324
0.0358858
0.0354148
0.0396182
0.0405479
0.0451479
0.0476057
0.0530003
0.0576164
0.0644966
0.0715905
0.0810706
0.0911098
0.104267
0.118328
0.136241
0.155318
0.0270045
0.0312086
0.0277934
0.031415
0.0292962
0.0332038
0.0318092
0.0357772
0.0354954
0.0394942
0.0406003
0.0450589
0.0475923
0.0529455
0.057522
0.0642398
0.0710816
0.080418
0.0896387
0.102169
0.114479
0.130643
0.14613
0.0270411
0.031114
0.0278526
0.031308
0.0293781
0.0330739
0.0319061
0.0356466
0.0355895
0.0393426
0.0406467
0.0448895
0.0474683
0.0525684
0.057107
0.0634972
0.070041
0.0787962
0.0871325
0.0986198
0.108903
0.122805
0.133743
0.0270832
0.0310032
0.0279323
0.0311836
0.0294701
0.032933
0.0320192
0.0355214
0.0357167
0.03923
0.0407729
0.0448473
0.0475563
0.0526752
0.0570633
0.0634486
0.0695305
0.0779364
0.0850789
0.0953038
0.1027
0.113405
0.118358
0.0271317
0.030878
0.0280081
0.0310496
0.0295771
0.0327816
0.0321235
0.035368
0.0358034
0.039058
0.0407805
0.044594
0.0473472
0.0521736
0.0564478
0.0622587
0.0680178
0.0752963
0.0815527
0.089834
0.094791
0.101651
0.100351
0.0271816
0.0307449
0.0280868
0.0309153
0.0296913
0.0326595
0.0322633
0.0352894
0.0359809
0.0390722
0.0410232
0.0447501
0.0476475
0.0525793
0.05654
0.0625059
0.0676373
0.0744368
0.0789815
0.0852034
0.0860086
0.0879266
0.0784929
0.0272367
0.0305621
0.0281926
0.0307093
0.029811
0.0324004
0.0323452
0.0350242
0.0360086
0.0387122
0.0408484
0.0441608
0.0470419
0.0513828
0.0551269
0.0599007
0.0644828
0.0687598
0.0722266
0.0740854
0.0722499
0.0660892
0.0509427
0.0273137
0.0303029
0.0283292
0.0304169
0.0299287
0.0320237
0.032397
0.0344511
0.0358436
0.0380249
0.0402594
0.0429647
0.0457713
0.0492055
0.0524768
0.0557809
0.0591744
0.0611087
0.0625969
0.0608976
0.0570828
0.0481738
0.0360231
0.0274175
0.0299736
0.0284913
0.030057
0.0300746
0.0315614
0.032434
0.0338999
0.0356106
0.0373133
0.039575
0.0417013
0.0443412
0.0468732
0.049519
0.0516022
0.053583
0.0538651
0.0532139
0.0497576
0.0442483
0.0354388
0.0242964
0.0275486
0.0295652
0.0286821
0.0296424
0.0301917
0.0311343
0.0323678
0.0333937
0.035219
0.0365558
0.0386987
0.0402986
0.0426378
0.0443243
0.0461992
0.0472841
0.0477755
0.0468048
0.0445259
0.0400319
0.0337949
0.0254365
0.0155805
0.0277105
0.0290719
0.0288601
0.0292755
0.0301962
0.0307556
0.0321881
0.032892
0.0346583
0.0357498
0.0375725
0.0387874
0.0406423
0.0416127
0.0426065
0.0428719
0.0420998
0.0401529
0.0369194
0.032028
0.0257965
0.018144
0.00952002
0.0278994
0.0285564
0.0289387
0.0289707
0.0301193
0.0303957
0.0318804
0.0323717
0.0339369
0.0348663
0.0362527
0.0371254
0.0384274
0.0387413
0.0389337
0.0384894
0.0368451
0.0342225
0.0306134
0.0257669
0.0199186
0.0130786
0.00545249
0.0280703
0.0280728
0.0289065
0.0287126
0.0299409
0.0300497
0.0314313
0.0318241
0.0330808
0.03387
0.0347852
0.0353127
0.0360711
0.0358052
0.0353369
0.0343214
0.0321767
0.0292106
0.0255407
0.0210226
0.0157491
0.00975384
0.00305964
0.0281984
0.0276376
0.0287764
0.0284837
0.0296506
0.029703
0.030857
0.0312048
0.0321203
0.0327394
0.0332149
0.0333878
0.0336534
0.0329279
0.0319542
0.030524
0.0281854
0.0251505
0.0216053
0.0175451
0.0129328
0.00779171
0.00206072
0.0282547
0.0272722
0.0285361
0.0282688
0.0292553
0.0293367
0.0301871
0.0304929
0.0310854
0.0314843
0.0315808
0.0314213
0.0312609
0.0302052
0.028892
0.0272203
0.0248796
0.021979
0.0186965
0.0151393
0.0112243
0.00693646
0.00215765
0.0282218
0.0269877
0.0281863
0.0280487
0.0287746
0.02891
0.0294596
0.0296791
0.0299908
0.0301411
0.0299267
0.0294898
0.0289833
0.0277208
0.0262335
0.0244713
0.0222411
0.0196002
0.0166828
0.0136375
0.0103904
0.00689169
0.00298874
0.0280874
0.0267805
0.0277465
0.027789
0.0282489
0.0283986
0.0286953
0.0287772
0.0288497
0.0287553
0.0283017
0.0276559
0.0268951
0.0255412
0.0240099
0.0222743
0.0202257
0.0179064
0.0154036
0.0128535
0.0102021
0.00739082
0.00425387
0.0278472
0.0266347
0.0272529
0.0274367
0.0277037
0.0278082
0.0279043
0.0278218
0.027688
0.0273807
0.026756
0.0259705
0.0250577
0.0236988
0.0222137
0.02059
0.0187653
0.0167804
0.01469
0.0125967
0.0104592
0.00822491
0.00573703
0.0275088
0.0265178
0.0267634
0.026958
0.0271298
0.0271584
0.0270924
0.0268532
0.0265436
0.0260715
0.0253355
0.0244766
0.0234946
0.0221907
0.0208147
0.0193567
0.0177726
0.0161036
0.0143889
0.0126972
0.0109912
0.00922783
0.00727524
0.0270924
0.0263713
0.0263255
0.0263973
0.0265042
0.026451
0.0262636
0.0259042
0.0254564
0.0248684
0.0240761
0.0231933
0.0222056
0.0209994
0.0197683
0.0184987
0.0171527
0.0157674
0.0143748
0.0130188
0.0116635
0.0102738
0.00874647
0.0266244
0.0261257
0.0259263
0.0258619
0.0258493
0.0257008
0.0254254
0.02499
0.0244548
0.0237993
0.0229921
0.0221242
0.0211777
0.0200916
0.0190156
0.0179349
0.0168115
0.0156733
0.0145475
0.013464
0.0123907
0.0112974
0.0101051
0.0261341
0.0257898
0.0255384
0.0253482
0.0251935
0.0249496
0.0246019
0.0241214
0.0235459
0.0228715
0.0220888
0.0212673
0.0203903
0.0194294
0.0185005
0.0175908
0.0166621
0.0157317
0.0148226
0.0139564
0.0131065
0.0122475
0.0113206
0.0256417
0.0253884
0.0251218
0.024846
0.0245707
0.0242389
0.02383
0.023322
0.0227385
0.0220824
0.0213547
0.0206029
0.0198127
0.018974
0.0181747
0.0174071
0.0166375
0.015876
0.0151409
0.0144472
0.0137736
0.0130993
0.0123803
0.0251604
0.0249533
0.0246785
0.0243532
0.0239959
0.0235938
0.0231374
0.0226151
0.0220417
0.0214235
0.0207647
0.020093
0.0193964
0.0186733
0.0179868
0.0173337
0.0166895
0.0160615
0.0154636
0.0149053
0.0143698
0.013839
0.0132817
0.0247
0.0245131
0.0242321
0.0238794
0.0234759
0.0230309
0.0225452
0.0220184
0.0214637
0.020889
0.0202981
0.0197036
0.0190954
0.0184768
0.0178888
0.0173294
0.0167838
0.0162588
0.0157662
0.0153119
0.0148818
0.014461
0.0140285
0.0242755
0.0240961
0.0238106
0.0234444
0.023018
0.0225537
0.0220579
0.021536
0.0210048
0.0204719
0.0199383
0.0194093
0.0188786
0.0183507
0.0178496
0.0173719
0.0169069
0.0164608
0.0160448
0.0156643
0.0153096
0.0149692
0.0146288
0.0239103
0.0237353
0.0234462
0.0230741
0.0226398
0.0221702
0.0216766
0.0211648
0.0206544
0.0201545
0.0196632
0.0191836
0.0187133
0.0182573
0.0178299
0.0174257
0.0170342
0.0166557
0.016297
0.0159654
0.0156597
0.015375
0.0151028
0.0236289
0.0234546
0.0231649
0.0227937
0.0223597
0.0218917
0.0214059
0.0209085
0.0204182
0.0199466
0.0194908
0.0190488
0.018619
0.0182087
0.0178284
0.0174731
0.0171307
0.0167959
0.0164734
0.0161725
0.0158988
0.015652
0.0154258
0.0234767
0.023305
0.0230116
0.0226351
0.0221982
0.0217284
0.021246
0.0207563
0.0202753
0.0198187
0.019386
0.0189689
0.0185641
0.0181804
0.0178276
0.0175029
0.0171936
0.0168911
0.0165979
0.016323
0.0160741
0.0158536
0.015659
0.0332001
0.0116197
-0.0136843
-0.0371836
-0.0588771
-0.0792487
-0.0979213
-0.113863
0.0222971
0.00214524
-0.0219296
-0.0425879
-0.0585945
-0.0722971
-0.0842581
-0.0941553
0.0131952
-0.00238261
-0.0222753
-0.0389727
-0.0503335
-0.0593772
-0.0675262
-0.0746127
0.0061365
-0.00626013
-0.0222482
-0.0357949
-0.044446
-0.0504298
-0.0554494
-0.0596534
0.0014841
-0.00817462
-0.020322
-0.0305388
-0.036843
-0.0406597
-0.0436639
-0.046278
-0.00159273
-0.00903655
-0.0175822
-0.0248793
-0.0295627
-0.0322129
-0.0340657
-0.0355965
-0.00318272
-0.00889371
-0.0143915
-0.0190981
-0.0224312
-0.0244012
-0.0256395
-0.0265318
-0.00327454
-0.00755888
-0.0109165
-0.0137482
-0.0160165
-0.0175256
-0.0184502
-0.0190006
-0.00227457
-0.00544376
-0.00739509
-0.00898118
-0.0104473
-0.0115681
-0.0122787
-0.0126456
-0.000616728
-0.00294535
-0.00400247
-0.00478927
-0.00567752
-0.00648054
-0.00703173
-0.00730529
0.00136818
-0.000334025
-0.000840645
-0.0011361
-0.0016273
-0.00218317
-0.00260792
-0.00282498
0.00346355
0.00222854
0.00204539
0.00203188
0.0018
0.00143249
0.00111447
0.000941722
0.00551585
0.00463368
0.00463068
0.00476186
0.00468442
0.00444867
0.00421051
0.00406183
0.0074017
0.00678218
0.00687417
0.00707878
0.00710252
0.00696503
0.00678705
0.00665121
0.00908271
0.00865074
0.00878383
0.00901295
0.00909386
0.00902015
0.00888202
0.00875249
0.0105493
0.0102507
0.0103905
0.0106059
0.0107022
0.0106624
0.010551
0.0104283
0.011802
0.0115961
0.0117216
0.0119029
0.0119896
0.0119627
0.0118673
0.0117507
0.0128495
0.012705
0.0128039
0.0129413
0.0130045
0.012976
0.0128872
0.0127749
0.0137053
0.0135992
0.0136652
0.0137559
0.0137898
0.0137521
0.0136642
0.0135546
0.0143825
0.0142969
0.0143285
0.0143746
0.0143785
0.0143282
0.0142384
0.0141301
0.0149094
0.0148285
0.0148201
0.0148201
0.0147922
0.014728
0.0146363
0.0145313
0.0152666
0.0151854
0.0151443
0.0151062
0.0150513
0.0149751
0.0148829
0.0147829
0.0155146
0.0154153
0.0153305
0.0152499
0.0151672
0.0150799
0.0149887
0.0148958
-0.423618
-0.435574
-0.452489
-0.47414
-0.501697
-0.536219
-0.571874
-0.601781
-0.42178
-0.432512
-0.447141
-0.465741
-0.488677
-0.51632
-0.546866
-0.573047
-0.415281
-0.426532
-0.440132
-0.456529
-0.476514
-0.497905
-0.516184
-0.526906
-0.406252
-0.418551
-0.431309
-0.444307
-0.45734
-0.468262
-0.473742
-0.471113
-0.397364
-0.409216
-0.418914
-0.425865
-0.430276
-0.431478
-0.42774
-0.417008
-0.390352
-0.398654
-0.402607
-0.402595
-0.399789
-0.394223
-0.384625
-0.369038
-0.385833
-0.387212
-0.383872
-0.377539
-0.369466
-0.359468
-0.346151
-0.327682
-0.382787
-0.374938
-0.364188
-0.352743
-0.340844
-0.327917
-0.312202
-0.292057
-0.378952
-0.36133
-0.344395
-0.328932
-0.314324
-0.299379
-0.282176
-0.261136
-0.371873
-0.34604
-0.324585
-0.306202
-0.289733
-0.27348
-0.255458
-0.234145
-0.360124
-0.328837
-0.304593
-0.284265
-0.266788
-0.249776
-0.23152
-0.210413
-0.343256
-0.309979
-0.28398
-0.263038
-0.245074
-0.22793
-0.209897
-0.189417
-0.323591
-0.288866
-0.262927
-0.242185
-0.224348
-0.207669
-0.190226
-0.17078
-0.298174
-0.26545
-0.241356
-0.221627
-0.204756
-0.188684
-0.172251
-0.154017
-0.2691
-0.242156
-0.219317
-0.202139
-0.185614
-0.170554
-0.155087
-0.138708
-0.451213
-0.453218
-0.451614
-0.44594
-0.437417
-0.428236
-0.420798
-0.418457
-0.450896
-0.450392
-0.446668
-0.439808
-0.431487
-0.423681
-0.418038
-0.416615
-0.451625
-0.45018
-0.444823
-0.435637
-0.424947
-0.415538
-0.409313
-0.408972
-0.456257
-0.453995
-0.446481
-0.433487
-0.418031
-0.404651
-0.396745
-0.397082
-0.465502
-0.462754
-0.452856
-0.435249
-0.413775
-0.395135
-0.385076
-0.386644
-0.479962
-0.47733
-0.465015
-0.442485
-0.41476
-0.390794
-0.378785
-0.380794
-0.50017
-0.498504
-0.48377
-0.456165
-0.422578
-0.394328
-0.380961
-0.380972
-0.526193
-0.526487
-0.509334
-0.476657
-0.43802
-0.407049
-0.391602
-0.386424
-0.557331
-0.560658
-0.541065
-0.503346
-0.460523
-0.427768
-0.407965
-0.393979
-0.592004
-0.599069
-0.576943
-0.53471
-0.489495
-0.453283
-0.425132
-0.398931
-0.627887
-0.638962
-0.613878
-0.567694
-0.519837
-0.477502
-0.437922
-0.398248
-0.661842
-0.677
-0.649599
-0.600387
-0.548173
-0.496256
-0.442289
-0.388469
-0.690142
-0.708512
-0.677569
-0.625286
-0.565936
-0.501395
-0.433658
-0.370917
-0.709265
-0.729198
-0.697123
-0.639288
-0.569036
-0.491715
-0.415063
-0.348189
-0.712988
-0.734695
-0.698131
-0.630695
-0.547881
-0.460802
-0.384039
-0.321284
-0.67763
-0.701679
-0.659043
-0.575734
-0.481808
-0.393587
-0.332513
-0.295605
-0.527316
-0.548789
-0.521002
-0.463327
-0.401598
-0.345026
-0.304858
-0.2769
-0.360237
-0.369578
-0.357292
-0.328121
-0.297771
-0.270558
-0.252377
-0.23823
-0.25619
-0.242442
-0.227728
-0.214325
-0.206221
-0.195978
-0.189352
-0.189568
-0.222596
-0.187074
-0.166083
-0.155797
-0.148126
-0.142866
-0.138493
-0.142069
-0.229151
-0.170752
-0.132661
-0.116824
-0.112749
-0.11134
-0.107039
-0.111302
-0.230011
-0.161077
-0.100839
-0.0713273
-0.0710897
-0.0792651
-0.0827821
-0.0788256
-0.188403
-0.145436
-0.103731
-0.0735001
-0.0577711
-0.0683015
-0.0819164
-0.0788677
-0.150203
-0.135459
-0.121352
-0.108169
-0.102376
-0.109639
-0.108487
-0.122759
-0.136782
-0.136214
-0.137031
-0.136625
-0.132831
-0.132869
-0.12455
-0.121842
-0.126683
-0.134596
-0.144485
-0.15381
-0.152684
-0.143914
-0.123407
-0.106663
-0.11769
-0.137287
-0.159217
-0.179957
-0.188354
-0.181866
-0.166218
-0.137967
-0.120836
-0.139841
-0.161831
-0.183722
-0.196373
-0.194936
-0.18632
-0.152844
-0.138333
-0.145142
-0.152635
-0.159347
-0.164936
-0.163121
-0.162526
-0.145537
-0.15082
-0.150953
-0.149683
-0.146354
-0.142788
-0.136506
-0.132657
-0.124046
-0.1356
-0.137337
-0.137136
-0.133791
-0.127876
-0.119625
-0.111802
-0.101912
-0.114978
-0.118828
-0.121267
-0.121468
-0.118795
-0.112457
-0.102219
-0.0896565
-0.113456
-0.122247
-0.129789
-0.135555
-0.138678
-0.138212
-0.133938
-0.12502
-0.139662
-0.148662
-0.154757
-0.159571
-0.162466
-0.162566
-0.1597
-0.152997
-0.146762
-0.152342
-0.156703
-0.160253
-0.162197
-0.163705
-0.161945
-0.162755
-0.13174
-0.131008
-0.128338
-0.125469
-0.121982
-0.120057
-0.116059
-0.114652
-0.101925
-0.088657
-0.0756302
-0.0638179
-0.0541894
-0.047659
-0.0433104
-0.0419728
-0.131733
-0.115806
-0.0981164
-0.073275
-0.0590557
-0.0464463
-0.0361175
-0.0265727
-0.120228
-0.109522
-0.0977278
-0.0850589
-0.0722726
-0.0595679
-0.0476871
-0.0372624
-0.144313
-0.140241
-0.132716
-0.121742
-0.107928
-0.0917355
-0.0716968
-0.0506998
-0.200228
-0.218744
-0.232351
-0.239937
-0.241672
-0.23757
-0.229235
-0.216935
-0.215934
-0.233798
-0.244378
-0.248486
-0.245526
-0.237053
-0.223027
-0.206654
-0.0937637
-0.0802666
-0.067468
-0.0573382
-0.0499088
-0.0454775
-0.0427413
-0.0441981
-0.0843538
-0.0678045
-0.0508558
-0.0347027
-0.0198767
-0.00726034
0.0033556
0.0121277
-0.0566144
-0.0543921
-0.0512264
-0.0473382
-0.0428833
-0.0381374
-0.0330067
-0.0272941
-0.035669
-0.0362569
-0.036307
-0.0357329
-0.0345232
-0.0328783
-0.0307513
-0.0284726
-0.018735
-0.0182078
-0.0176594
-0.0170873
-0.0164679
-0.0158501
-0.0151265
-0.0145327
-0.0110988
-0.0110154
-0.0109597
-0.0109293
-0.0109128
-0.0108934
-0.0108324
-0.0107495
-0.00517692
-0.00484725
-0.00455448
-0.00432744
-0.00468136
-0.00454482
-0.00450859
-0.00457001
-0.00537523
-0.00527441
-0.00515913
-0.00502931
-0.00488326
-0.00470996
-0.0045118
-0.00428043
-0.0043719
-0.00451202
-0.0046357
-0.0047405
-0.00482677
-0.00489605
-0.00495067
-0.0049923
-0.00186647
-0.00180296
-0.00177169
-0.00178505
-0.00185302
-0.00198384
-0.00218227
-0.00245092
-0.000592053
-0.000566388
-0.000552736
-0.000552137
-0.000564309
-0.000587862
-0.000620237
-0.000656547
-0.256657
-0.1895
-0.148377
-0.113592
-0.0841011
-0.0627794
-0.0455284
-0.0319056
-0.0215481
-0.0134768
-0.0071385
-0.00226554
0.00156692
0.00458217
0.00692758
0.00876607
0.0101853
0.0112715
0.0120925
0.0126967
0.0131209
0.0133929
0.0135279
-0.250187
-0.189204
-0.1519
-0.116322
-0.0874498
-0.065677
-0.047905
-0.0341456
-0.0235078
-0.0151066
-0.00852313
-0.00342575
0.000621646
0.00380729
0.00631064
0.00827535
0.00979906
0.0109703
0.0118559
0.0125078
0.0129642
0.0132563
0.0134009
-0.210355
-0.157867
-0.131975
-0.101289
-0.0778548
-0.0591966
-0.0438171
-0.0317668
-0.0221868
-0.0144788
-0.00837268
-0.0034791
0.000421321
0.00355198
0.00604959
0.00802199
0.00956815
0.010764
0.0116719
0.0123427
0.0128145
0.0131175
0.0132681
-0.162966
-0.12036
-0.10286
-0.0764103
-0.0602272
-0.0461824
-0.0346789
-0.0255688
-0.0180525
-0.0118609
-0.00676707
-0.00251498
0.000955651
0.0038176
0.0061429
0.00801115
0.00949941
0.0106614
0.0115519
0.0122144
0.0126823
0.0129842
0.0131347
-0.120107
-0.0863766
-0.0721805
-0.0505216
-0.0401626
-0.030648
-0.0233267
-0.0175252
-0.0124943
-0.00813336
-0.00428912
-0.000912621
0.00197568
0.00445057
0.006504
0.00819463
0.00956304
0.0106449
0.0114829
0.0121116
0.0125599
0.0128514
0.0129977
-0.0894644
-0.0611605
-0.0460297
-0.027335
-0.0212478
-0.0151951
-0.0118109
-0.00913605
-0.0065859
-0.00406048
-0.00152163
0.00091271
0.00317948
0.00521554
0.00696793
0.00845342
0.00968004
0.0106656
0.0114395
0.0120259
0.012447
0.0127228
0.0128619
-0.0564871
-0.033973
-0.0177389
-0.00313097
-0.00124785
0.000497156
-0.000418247
-0.000927484
-0.000817159
-3.75401e-05
0.0012355
0.00278153
0.00443905
0.00603124
0.00747579
0.00874222
0.00981449
0.0106957
0.0113987
0.0119384
0.0123312
0.0125912
0.0127232
-0.0362065
-0.00435513
0.0206915
0.0285706
0.0234048
0.0175119
0.0112217
0.00710282
0.00473027
0.00380343
0.00389189
0.00460681
0.00564972
0.00680993
0.00795729
0.0090153
0.00994412
0.0107259
0.0113613
0.0118561
0.0122198
0.0124626
0.0125866
-0.0547088
0.00515802
0.048499
0.0520651
0.0425675
0.0311907
0.0211093
0.0140877
0.00967085
0.00731639
0.0063802
0.00638202
0.00688658
0.00765326
0.00850258
0.00933925
0.0101094
0.0107796
0.0113374
0.0117799
0.0121102
0.0123331
0.0124478
-0.0683702
0.0101092
0.0564852
0.0588284
0.0489944
0.0368927
0.02622
0.0185211
0.0132801
0.0101888
0.00861379
0.00803663
0.0080715
0.0084768
0.00904965
0.00968129
0.0102991
0.0108555
0.011332
0.0117171
0.0120088
0.0122073
0.0123102
-0.0686482
-0.01113
0.0297018
0.0424809
0.0391944
0.0319708
0.0248331
0.0191195
0.0148385
0.0119873
0.0102762
0.00944275
0.0091822
0.00930137
0.00962082
0.0100484
0.0105059
0.0109423
0.0113321
0.0116563
0.0119068
0.0120798
0.0121701
-0.112479
-0.0748097
-0.0310074
0.000920957
0.0157693
0.0196083
0.0190895
0.0169088
0.014783
0.0128544
0.0114777
0.0106091
0.0101479
0.0100398
0.0101514
0.0103974
0.0107103
0.0110296
0.0113337
0.0115963
0.0118053
0.0119521
0.0120295
-0.146837
-0.116167
-0.0697011
-0.0273406
-0.00427902
0.00859738
0.0133064
0.0145724
0.0144436
0.0132949
0.0124082
0.011579
0.0110413
0.0107649
0.010683
0.0107487
0.0109148
0.0111209
0.0113401
0.0115403
0.0117048
0.0118235
0.0118867
-0.134066
-0.0995556
-0.0668067
-0.0343218
-0.0132997
0.00116376
0.00893198
0.0129234
0.0142416
0.0140067
0.013442
0.0125613
0.0119388
0.0115134
0.0112611
0.011154
0.0111654
0.0112447
0.0113653
0.0114931
0.0116087
0.0116947
0.0117416
-0.106718
-0.0768926
-0.053183
-0.0258569
-0.0115463
0.00372778
0.00887557
0.0138174
0.0145838
0.0149417
0.0143945
0.0135109
0.012801
0.012208
0.011784
0.0115254
0.0113991
0.0113672
0.0113969
0.0114541
0.0115157
0.0115661
0.0115949
-0.0845283
-0.0581712
-0.0364434
-0.0112555
0.00031062
0.0130801
0.0158969
0.019033
0.0177091
0.0170237
0.0155892
0.0145319
0.013631
0.0128905
0.012314
0.0119064
0.0116375
0.0114871
0.0114211
0.0114046
0.0114152
0.0114304
0.0114415
-0.07705
-0.0528945
-0.0281973
-0.00327056
0.0126787
0.0212979
0.0231678
0.0233316
0.0207968
0.019079
0.0168931
0.0155744
0.0142831
0.013366
0.0126711
0.0121742
0.0118109
0.0115755
0.0114324
0.0113526
0.0113113
0.0112923
0.0112855
-0.112928
-0.0930525
-0.0559383
-0.0194369
0.0156351
0.0255132
0.0275692
0.0250468
0.0218839
0.0195693
0.0175149
0.0161033
0.0148156
0.0138286
0.0130414
0.0124405
0.0119846
0.0116596
0.0114352
0.0112863
0.0111948
0.0111408
0.0111157
-0.138502
-0.12617
-0.0863681
-0.0506569
-0.00126239
0.012257
0.0196071
0.0203776
0.0195422
0.0182237
0.0168558
0.0157884
0.0148141
0.0139837
0.0132478
0.0126306
0.0121194
0.0117207
0.0114243
0.0112144
0.0110736
0.010985
0.0109407
-0.149346
-0.130538
-0.0922609
-0.0520804
-0.0167533
-0.000442332
0.00899718
0.013494
0.0154605
0.0160028
0.0157089
0.01517
0.0145416
0.0139016
0.0132652
0.0126791
0.0121574
0.0117236
0.0113733
0.0111084
0.0109224
0.0108031
0.0107425
-0.10665
-0.090088
-0.0591951
-0.0304889
-0.0116096
-0.00158512
0.0059528
0.0107406
0.0136085
0.0150188
0.0153566
0.0150996
0.0146027
0.0139642
0.0133421
0.0127316
0.0121709
0.0116842
0.0112855
0.0109771
0.0107593
0.0106119
0.0105356
-0.0408208
-0.0255284
-0.0114534
-0.00593342
-0.00549767
-0.00296627
0.00334881
0.00875805
0.0120186
0.0139055
0.0144468
0.0146751
0.0143162
0.0138329
0.0132592
0.0126844
0.0121303
0.011616
0.0111716
0.0108187
0.0105567
0.0103867
0.010297
-0.0222293
-0.0122957
-0.0151279
-0.00709581
-0.00488968
0.00187041
0.00860542
0.0139971
0.0151317
0.0164047
0.0155886
0.0151629
0.0144155
0.0138276
0.0132283
0.0126057
0.0120042
0.0114492
0.0109807
0.0106062
0.0103261
0.0101409
0.0100388
-0.0297332
-0.0157775
-0.0072241
0.00295072
0.00891727
0.0149308
0.0178833
0.0197708
0.0195675
0.0192869
0.0175681
0.0160781
0.0147228
0.0139093
0.013179
0.012505
0.0118508
0.0112583
0.0107512
0.010347
0.0100395
0.00984918
0.00973772
-0.0414634
-0.02306
-0.00349129
0.0148045
0.0272943
0.0306656
0.0299067
0.02611
0.0231711
0.020797
0.0183079
0.016296
0.0147743
0.0138226
0.0129454
0.0121796
0.011499
0.0109174
0.0104228
0.0100233
0.00971848
0.00951347
0.00939894
-0.193292
-0.155614
-0.104664
-0.0507564
-0.00190752
0.0250676
0.0341446
0.0275214
0.0243421
0.0203661
0.0177084
0.0156296
0.0142642
0.01336
0.0125285
0.0117911
0.0111255
0.010532
0.0100259
0.00962747
0.00933471
0.00913188
0.00901936
-0.181753
-0.156995
-0.111343
-0.0572313
-0.0086528
0.0189624
0.0249323
0.0228841
0.0210503
0.0193859
0.0173489
0.0151372
0.0133034
0.0123386
0.0116459
0.0110948
0.0105457
0.0100205
0.00954989
0.00916706
0.00887922
0.0086828
0.00857626
-0.0439916
-0.0297855
-0.0124602
0.00157456
0.0115229
0.0146031
0.0120854
0.0107843
0.0108308
0.0150817
0.0136841
0.0122225
0.0111488
0.0108666
0.0107291
0.0104088
0.00991065
0.00939289
0.00895994
0.00861883
0.00836831
0.00819339
0.00809612
0.0116124
0.0127302
0.0109871
0.0118816
0.0135918
0.0154106
0.0158758
0.0156539
0.0144992
0.013322
0.0115407
0.0101565
0.00947592
0.00958452
0.00968669
0.00952876
0.00911713
0.00868717
0.00829834
0.00799106
0.00776708
0.00761733
0.0075323
-0.0216873
-0.0147753
-0.00820318
-0.0019676
0.00295175
0.00432728
0.00395843
0.0021894
0.00214681
0.0038378
0.00562353
0.00680963
0.0075236
0.00802328
0.00822827
0.0081177
0.00787181
0.00764125
0.00743361
0.00726045
0.00711926
0.00700602
0.00693475
-0.0249385
-0.02124
-0.0168635
-0.0133613
-0.0105876
-0.00975525
-0.00993903
-0.0109373
-0.00894203
-0.00518154
-0.00168521
0.0011447
0.00333834
0.0049727
0.00598913
0.00638416
0.00650955
0.00652687
0.00647044
0.00641534
0.00636259
0.00630138
0.00625404
-0.013252
-0.0111805
-0.00879037
-0.00617838
-0.00320666
-0.000330551
0.0021798
0.00345089
0.00366952
0.00338926
0.00293344
0.00266055
0.00287549
0.00359118
0.00435811
0.00492316
0.00511797
0.0053348
0.00543751
0.00551344
0.0055474
0.00553522
0.00551687
-0.0104229
-0.00979182
-0.00896277
-0.00794178
-0.00673865
-0.0055619
-0.00452412
-0.00376499
-0.00306617
-0.00210053
-0.000983968
0.000123572
0.0011878
0.0022382
0.0031136
0.00367412
0.00399753
0.0042435
0.00444045
0.00460562
0.00471079
0.00473804
0.00474069
-0.00485931
-0.00517381
-0.00581146
-0.00659808
-0.00748809
-0.00845444
-0.009167
-0.00913923
-0.00803591
-0.00618905
-0.00415064
-0.00221571
-0.00062856
0.000634917
0.00153098
0.0022216
0.00273717
0.00313628
0.00342753
0.00367368
0.00382995
0.00388686
0.00390596
-0.0039417
-0.00345584
-0.0028998
-0.0022706
-0.00161353
-0.00103384
-0.000639111
-0.000585634
-0.000601748
-0.000617825
-0.000526568
-0.000313764
3.75878e-05
0.000545466
0.00103024
0.00144399
0.00180074
0.00215614
0.00246312
0.00273823
0.00293174
0.00302188
0.00307143
-0.00502523
-0.00509231
-0.00516568
-0.00521597
-0.00515932
-0.00492187
-0.00448138
-0.00393324
-0.0033634
-0.00282223
-0.00226313
-0.00167991
-0.00106358
-0.000393548
0.000241282
0.000766894
0.00116506
0.00147433
0.00174114
0.00197189
0.00211717
0.00217488
0.0022112
-0.00284967
-0.00339843
-0.00404167
-0.00467111
-0.00515298
-0.00534234
-0.00515404
-0.00471682
-0.00415123
-0.00353569
-0.00285689
-0.00214426
-0.00150437
-0.000950385
-0.000511081
-5.60692e-05
0.000339941
0.000684644
0.000933316
0.00119458
0.00129749
0.00133215
0.00134602
-0.000697651
-0.000740606
-0.000778051
-0.00078756
-0.000759816
-0.000701407
-0.000628236
-0.000568993
-0.000618589
-0.000562859
-0.000480101
-0.000392477
-0.000303306
-0.000215789
-0.000157012
-6.50151e-05
3.54171e-05
0.000151706
0.000248046
0.000366017
0.000423759
0.000449065
0.000459621
-0.119763
-0.0990376
-0.0795169
-0.0634799
-0.0495078
-0.038164
-0.028326
-0.0201076
-0.0133153
-0.00763264
-0.00295233
0.000869929
0.00399489
0.00651433
0.00852504
0.0101093
0.0113432
0.0122948
0.0130135
0.0135426
0.0139113
0.0141407
0.01425
-0.131972
-0.107235
-0.0848185
-0.0665239
-0.0515135
-0.0393666
-0.0288152
-0.0202314
-0.0132458
-0.00745911
-0.00277644
0.00100938
0.0040857
0.00654599
0.00850588
0.0100507
0.0112591
0.0121948
0.0129057
0.0134341
0.0138058
0.0140409
0.0141555
-0.145708
-0.116648
-0.0904165
-0.0696368
-0.0537951
-0.0407756
-0.0294007
-0.0204919
-0.0132595
-0.00732303
-0.00261571
0.00115685
0.00419784
0.00660523
0.00851702
0.0100206
0.0111998
0.0121148
0.0128129
0.0133355
0.0137064
0.0139441
0.0140622
-0.158196
-0.125666
-0.0962011
-0.0736915
-0.0573025
-0.0428227
-0.0305374
-0.0212751
-0.0136458
-0.00747231
-0.00266456
0.00117578
0.00423401
0.00662574
0.00851458
0.009991
0.011149
0.012046
0.012732
0.0132475
0.0136147
0.0138523
0.0139719
-0.174412
-0.136364
-0.102062
-0.0786072
-0.061362
-0.0449012
-0.0320891
-0.0224197
-0.0142946
-0.00788
-0.00293205
0.00102617
0.00413382
0.00655028
0.00845061
0.00992663
0.0110816
0.0119717
0.0126519
0.0131625
0.0135267
0.0137636
0.0138836
-0.187565
-0.145221
-0.107865
-0.0847439
-0.0653225
-0.0470503
-0.0340682
-0.0237684
-0.0151543
-0.00854284
-0.00340556
0.000707377
0.00388968
0.00636807
0.0083058
0.00980693
0.0109785
0.011877
0.0125626
0.0130757
0.0134407
0.0136782
0.0137986
-0.205822
-0.154267
-0.115337
-0.0916247
-0.0690244
-0.0499508
-0.0365447
-0.0253301
-0.0163222
-0.00949898
-0.00410486
0.000164729
0.00345014
0.00603306
0.00804205
0.00960356
0.0108173
0.0117453
0.0124517
0.0129776
0.0133506
0.0135926
0.0137148
-0.225464
-0.166372
-0.127496
-0.100473
-0.074215
-0.0548473
-0.0401273
-0.0278207
-0.018366
-0.011092
-0.00530294
-0.000796825
0.00269939
0.00545633
0.00759495
0.00926694
0.0105622
0.0115527
0.012305
0.012862
0.0132542
0.013507
0.0136332
0.0410264
0.0171362
-0.00562568
-0.0288971
-0.0532242
-0.0766623
-0.0988825
-0.120059
0.0442001
0.0179105
-0.00792178
-0.0344223
-0.0615848
-0.0878255
-0.112319
-0.134037
0.0467358
0.0163341
-0.0137529
-0.0436292
-0.0730348
-0.100917
-0.126465
-0.149441
0.0478259
0.0128783
-0.0214365
-0.0544798
-0.085975
-0.115415
-0.142324
-0.166814
0.0468337
0.00759824
-0.0306256
-0.0668659
-0.100779
-0.13217
-0.160766
-0.186694
0.0437058
0.000186089
-0.0419726
-0.0816984
-0.118494
-0.15217
-0.182488
-0.209643
0.0383299
-0.00992773
-0.0564212
-0.100014
-0.140023
-0.176132
-0.208132
-0.236275
0.030114
-0.0236213
-0.0750365
-0.122893
-0.166313
-0.204849
-0.238486
-0.267334
0.0179634
-0.0421189
-0.099118
-0.15169
-0.198759
-0.239754
-0.27471
-0.303779
0.000308472
-0.0670801
-0.130388
-0.188148
-0.239154
-0.282584
-0.31843
-0.346947
-0.0249961
-0.100784
-0.17129
-0.23467
-0.289571
-0.335571
-0.371657
-0.398387
-0.060917
-0.146137
-0.224891
-0.294991
-0.354239
-0.401399
-0.435967
-0.458817
-0.112376
-0.207945
-0.294526
-0.371242
-0.433558
-0.479979
-0.510456
-0.525789
-0.183062
-0.291483
-0.388506
-0.466414
-0.52535
-0.565239
-0.585712
-0.587708
-0.24759
-0.360493
-0.455112
-0.529601
-0.582663
-0.614286
-0.626125
-0.621073
0.185477
0.181368
0.173107
0.160682
0.14417
0.123914
0.100416
0.0726487
0.200071
0.194931
0.184858
0.17006
0.150916
0.127411
0.101441
0.0727653
0.216433
0.210356
0.198756
0.181958
0.160753
0.134978
0.106905
0.0775148
0.234989
0.228135
0.215222
0.196532
0.173291
0.145376
0.114406
0.0822349
0.255779
0.248149
0.233853
0.213042
0.187204
0.156524
0.12181
0.085439
0.278675
0.270096
0.254105
0.230763
0.201582
0.167301
0.128244
0.0869218
0.303574
0.293805
0.275691
0.249338
0.216114
0.177393
0.133467
0.0867166
0.330427
0.319226
0.298519
0.26861
0.230692
0.186679
0.1372
0.0844316
0.359157
0.346278
0.322464
0.288341
0.245019
0.194771
0.138776
0.0791332
0.389498
0.374654
0.347143
0.307982
0.258363
0.200778
0.137047
0.069407
0.42085
0.403664
0.37175
0.326517
0.26944
0.203194
0.130264
0.0532552
0.452016
0.432003
0.394823
0.342253
0.276253
0.199744
0.115875
0.0278365
0.480969
0.45749
0.413918
0.352388
0.275595
0.186802
0.0898857
-0.0112993
0.50366
0.476124
0.425166
0.353018
0.263326
0.159992
0.0479156
-0.0682382
0.522219
0.490691
0.432796
0.351369
0.249773
0.13253
0.00614632
-0.123102
0.0269464
0.0269563
0.0269761
0.0270047
0.0270416
0.0270805
0.0271367
0.0271824
0.031361
0.0313347
0.031283
0.031208
0.0311129
0.0309999
0.0308719
0.0307365
0.027693
0.0277117
0.027753
0.0278048
0.0278711
0.027943
0.0280236
0.0281015
0.031597
0.0315662
0.0315059
0.0314191
0.0313098
0.0311842
0.0310494
0.0309137
0.0291488
0.0291746
0.0292271
0.0292991
0.0293886
0.029488
0.0295929
0.0297055
0.0334264
0.0333936
0.0333248
0.0332286
0.0331102
0.0329794
0.0328346
0.0327145
0.0316508
0.0316826
0.0317461
0.0318353
0.0319439
0.0320686
0.0321897
0.0323374
0.0360282
0.0359904
0.0359164
0.0358126
0.0356818
0.0355534
0.0353957
0.0353268
0.0353586
0.0353859
0.0354535
0.0355425
0.0356471
0.0357743
0.0358706
0.0360503
0.0398195
0.0397963
0.0397426
0.0396653
0.0395503
0.0394789
0.0393184
0.0393463
0.0405547
0.0405793
0.0406415
0.0407186
0.0407984
0.0409291
0.0409738
0.0412141
0.0453107
0.045272
0.0451898
0.0451297
0.0449488
0.0450013
0.044706
0.0450901
0.0478121
0.0478369
0.0478594
0.0479353
0.0479346
0.0480986
0.0480294
0.0483333
0.0533968
0.0534087
0.0533008
0.0533024
0.0530371
0.0531241
0.0527189
0.0531313
0.0580161
0.0579483
0.0578346
0.0577847
0.0575336
0.0575337
0.0570322
0.0572528
0.0652436
0.0652219
0.0650366
0.0650415
0.0645332
0.0645842
0.0634844
0.0638376
0.0726016
0.0724243
0.0720404
0.0715843
0.0707124
0.0701188
0.0687282
0.0682845
0.0824907
0.0822532
0.0817777
0.0812305
0.0799325
0.0791743
0.0768201
0.0762393
0.0935024
0.0929684
0.0919575
0.0905636
0.0884445
0.0862903
0.0830414
0.0802766
0.107419
0.106689
0.105283
0.103261
0.100147
0.0968848
0.0918088
0.0875755
0.123268
0.121932
0.119517
0.115851
0.110861
0.104724
0.0973542
0.0885002
0.142758
0.140936
0.137479
0.132089
0.124686
0.115594
0.103835
0.0911466
0.165131
0.162291
0.156646
0.147962
0.135995
0.12147
0.103757
0.0826006
0.0272383
0.0273156
0.0274191
0.0275499
0.0277117
0.0278991
0.028064
0.0281838
0.0282318
0.0281904
0.0280469
0.0277979
0.0274507
0.0270236
0.0265454
0.0260442
0.0255407
0.0250484
0.0245769
0.0241401
0.02376
0.023465
0.0232882
0.0305504
0.0302874
0.029954
0.0295407
0.0290405
0.0285271
0.028045
0.0276114
0.0272469
0.0269614
0.0267524
0.0266009
0.026478
0.026318
0.0260599
0.0257087
0.0252928
0.0248438
0.0243916
0.0239619
0.023586
0.0232945
0.0231194
0.0282064
0.0283399
0.028498
0.0286825
0.0288476
0.0289132
0.0288759
0.0287407
0.0284953
0.0281407
0.0276978
0.0271983
0.0267042
0.0262593
0.0258527
0.0254535
0.0250245
0.0245665
0.0241066
0.0236722
0.0232946
0.0230053
0.0228351
0.0307037
0.0304117
0.030051
0.0296388
0.0292803
0.0289742
0.0287106
0.0284736
0.0282498
0.0280161
0.0277699
0.0273984
0.0269054
0.0263338
0.0257844
0.0252577
0.0247428
0.0242352
0.0237477
0.0233012
0.022918
0.022631
0.0224682
0.0298187
0.0299403
0.0300842
0.0302025
0.0302163
0.0301435
0.029964
0.0296701
0.0292694
0.0287825
0.0282507
0.0276947
0.027106
0.0264626
0.0257874
0.0251107
0.0244663
0.0238724
0.023336
0.0228686
0.0224786
0.0221953
0.0220432
0.0324691
0.0320757
0.0316021
0.0311716
0.0307871
0.0304241
0.0300773
0.0297284
0.0293562
0.028917
0.0283917
0.0277847
0.0271191
0.026396
0.0256298
0.0248599
0.024127
0.0234607
0.0228774
0.0223878
0.0219934
0.0217133
0.021572
0.0324448
0.0324974
0.0325407
0.0324458
0.0322384
0.0319058
0.0314473
0.0308606
0.0301822
0.0294463
0.0286717
0.0278665
0.0270383
0.0261912
0.0253363
0.0244969
0.0237057
0.0229943
0.0223812
0.0218791
0.0214854
0.0212098
0.0210758
0.0350097
0.0345257
0.0339876
0.0334864
0.0329806
0.0324484
0.031975
0.0313362
0.0306084
0.0297752
0.0288513
0.0278689
0.0268669
0.0258805
0.024929
0.0240268
0.0231983
0.0224671
0.0218486
0.0213523
0.0209743
0.0207109
0.0205843
0.0360508
0.0358991
0.035664
0.0353159
0.0347988
0.0341093
0.0332618
0.0322871
0.0312206
0.0300873
0.0289084
0.0277107
0.0265316
0.0254112
0.024376
0.023435
0.022599
0.0218782
0.0212789
0.0208061
0.0204578
0.0202154
0.0201001
0.0390415
0.038208
0.0375225
0.0367034
0.0358573
0.0349187
0.0338755
0.0327121
0.0314341
0.0300756
0.0286779
0.0272948
0.0259772
0.0247641
0.0236791
0.0227307
0.0219201
0.0212395
0.0206812
0.0202452
0.0199337
0.0197147
0.0196116
0.0410864
0.0404898
0.0398321
0.0389686
0.0378573
0.0365478
0.0350841
0.0335032
0.031842
0.0301463
0.0284661
0.0268584
0.0253778
0.0240593
0.0229225
0.0219719
0.0211987
0.0205752
0.0200733
0.0196838
0.0194123
0.019217
0.0191231
0.0444527
0.0433196
0.0421009
0.0407419
0.0392586
0.037612
0.0357887
0.0338236
0.0317885
0.0297662
0.0278345
0.0260628
0.0244887
0.0231361
0.022011
0.0211084
0.0204107
0.019875
0.0194532
0.0191276
0.0189034
0.0187369
0.018654
0.0477693
0.0464725
0.04495
0.0430864
0.0409299
0.0385841
0.0361371
0.0336609
0.0312326
0.0289296
0.0268263
0.0249681
0.0233777
0.0220613
0.0210051
0.0201903
0.0195911
0.0191578
0.0188309
0.018583
0.0184141
0.0182849
0.0182195
0.0517867
0.0496658
0.0473875
0.0449181
0.0422535
0.0393818
0.0363875
0.0334148
0.0305858
0.0280013
0.0257274
0.0237963
0.0222121
0.0209549
0.0199893
0.0192763
0.018777
0.0184416
0.0182101
0.0180439
0.0179356
0.0178533
0.0178124
0.0559192
0.0533353
0.0503936
0.047016
0.0434017
0.0397034
0.0360468
0.032563
0.0293835
0.0265895
0.0242269
0.0223075
0.0208073
0.0196786
0.0188614
0.0182919
0.0179173
0.0176938
0.0175684
0.0174915
0.0174503
0.0174245
0.017413
0.0610438
0.0569627
0.0526423
0.0481201
0.0434747
0.0388934
0.0345978
0.0307371
0.0273832
0.0245688
0.0222957
0.0205317
0.0192215
0.0182979
0.0176818
0.0172916
0.017063
0.0169582
0.016938
0.0169475
0.0169709
0.0170011
0.0170149
0.0651146
0.0601204
0.0546699
0.0489637
0.0432872
0.0378654
0.0329456
0.028683
0.0251417
0.0223312
0.0202
0.0186554
0.0175946
0.0169191
0.0165326
0.016342
0.0162725
0.0162874
0.0163615
0.0164469
0.016526
0.0166023
0.0166334
0.0705375
0.0628771
0.0553322
0.0480978
0.0413597
0.035329
0.0301304
0.0257995
0.0223515
0.0197485
0.0178946
0.0166616
0.015915
0.0155319
0.0154038
0.0154324
0.0155374
0.0156808
0.0158471
0.0160037
0.0161337
0.0162477
0.0162923
0.0735419
0.064313
0.0550445
0.0463272
0.0385158
0.0318932
0.0264986
0.0222695
0.0191108
0.0168839
0.0154312
0.0145897
0.0142031
0.0141369
0.0142804
0.0145374
0.0148286
0.0151129
0.0153791
0.0156095
0.0157935
0.0159443
0.0160052
0.0767014
0.063241
0.0518546
0.0420651
0.0337761
0.0270278
0.0217667
0.0178935
0.0152424
0.0135836
0.0126889
0.0123522
0.012398
0.0126909
0.0131282
0.0136245
0.0141124
0.0145514
0.0149311
0.0152447
0.0154902
0.0156832
0.0157681
0.0748848
0.0594997
0.0465339
0.0358491
0.0273746
0.0209162
0.0161894
0.0129666
0.011009
0.0100407
0.00979142
0.010022
0.0105429
0.0112229
0.0119688
0.0127085
0.0133939
0.0139917
0.014493
0.0148969
0.0152092
0.0154497
0.0155651
0.0695558
0.0508729
0.0376186
0.027136
0.0191778
0.0134251
0.00957803
0.0073169
0.00629623
0.00618439
0.00668683
0.00755232
0.00859347
0.00969297
0.0107701
0.0117672
0.012656
0.0134186
0.0140496
0.0145519
0.0149361
0.0152294
0.0153797
0.0545476
0.0387383
0.0259731
0.0161677
0.00914224
0.00449198
0.00185397
0.000817137
0.000945184
0.00185117
0.00322171
0.00480306
0.00642388
0.00799256
0.00944255
0.0107326
0.0118522
0.0127994
0.0135766
0.0141919
0.0146579
0.0150124
0.0152012
0.0359726
0.0254318
0.0152883
0.00624221
-9.01749e-05
-0.00383575
-0.00539759
-0.00531032
-0.0041059
-0.00222814
-1.96095e-05
0.00225475
0.00443384
0.00645175
0.00825912
0.00983196
0.0111707
0.0122865
0.0131934
0.0139061
0.0144401
0.014838
0.0150533
0.0141142
0.00603999
4.49647e-05
-0.00579054
-0.00973662
-0.0114191
-0.0112234
-0.0097103
-0.00738942
-0.00465375
-0.00179585
0.000958403
0.00348768
0.00576411
0.0077597
0.00947026
0.0109057
0.0120868
0.0130379
0.0137793
0.0143291
0.014725
0.0149389
-0.00853092
-0.0173591
-0.019744
-0.0205515
-0.0197493
-0.0178947
-0.0151954
-0.0119872
-0.00856381
-0.00514112
-0.0018782
0.0010925
0.00371871
0.00602215
0.00800001
0.00967182
0.0110584
0.0121865
0.0130863
0.0137817
0.0142927
0.0146443
0.0148311
-0.0285851
-0.0359027
-0.034821
-0.0322414
-0.0278684
-0.0231366
-0.0183195
-0.0136531
-0.00927364
-0.00525888
-0.00165537
0.00150088
0.00420819
0.00650944
0.00843307
0.0100276
0.0113296
0.0123743
0.0131964
0.0138237
0.0142781
0.0145762
0.0147292
-0.0490942
-0.0507828
-0.0448223
-0.0398193
-0.0334424
-0.0271507
-0.021049
-0.0153862
-0.0102735
-0.00574241
-0.00179546
0.00158734
0.00443954
0.00679913
0.00872115
0.0102794
0.0115278
0.0125127
0.0132744
0.0138455
0.0142514
0.0145064
0.0146314
-0.0692118
-0.0646729
-0.0542048
-0.0466407
-0.0382922
-0.0307253
-0.0236191
-0.0171814
-0.0114843
-0.00651526
-0.00225133
0.00135112
0.00435922
0.00681609
0.00878729
0.0103568
0.0115923
0.0125526
0.0132833
0.0138221
0.014198
0.0144277
0.0145358
-0.0887512
-0.0781567
-0.0637988
-0.0531969
-0.0426348
-0.0337739
-0.0257247
-0.0186348
-0.0124912
-0.00719856
-0.00270563
0.00104803
0.0041594
0.00668991
0.00871055
0.0103052
0.0115477
0.0125049
0.0132263
0.0137533
0.0141175
0.0143384
0.0144407
-0.105122
-0.0891985
-0.0724649
-0.0590557
-0.046548
-0.0363742
-0.02735
-0.0196383
-0.0131214
-0.00759076
-0.00296022
0.000865289
0.00401347
0.0065647
0.00860047
0.0102033
0.0114488
0.0124067
0.0131274
0.0136543
0.0140185
0.0142415
0.0143455
)
;

boundaryField
{
    outlet
    {
        type            fixedValue;
        value           uniform 0;
    }
    upperWall
    {
        type            symmetryPlane;
    }
    lowerWall
    {
        type            symmetryPlane;
    }
    inlet
    {
        type            zeroGradient;
    }
    cylinder
    {
        type            zeroGradient;
    }
    frontAndBack
    {
        type            empty;
    }
}


// ************************************************************************* //
