/*--------------------------------*- C++ -*----------------------------------*\
| =========                 |                                                 |
| \\      /  F ield         | OpenFOAM: The Open Source CFD Toolbox           |
|  \\    /   O peration     | Version:  2312                                  |
|   \\  /    A nd           | Website:  www.openfoam.com                      |
|    \\/     M anipulation  |                                                 |
\*---------------------------------------------------------------------------*/
FoamFile
{
    version     2.0;
    format      ascii;
    arch        "LSB;label=32;scalar=64";
    class       volScalarField;
    location    "128.8";
    object      p;
}
// * * * * * * * * * * * * * * * * * * * * * * * * * * * * * * * * * * * * * //

dimensions      [0 2 -2 0 0 0 0];

internalField   nonuniform List<scalar> 
5478
(
-0.33994
-0.341209
-0.339807
-0.335912
-0.327898
-0.315173
-0.297983
-0.277851
-0.256893
-0.237015
-0.219499
-0.204173
-0.191111
-0.178741
-0.167245
-0.347316
-0.346655
-0.344259
-0.339501
-0.330841
-0.317151
-0.298803
-0.277663
-0.255864
-0.234992
-0.21581
-0.198585
-0.183275
-0.169246
-0.156435
-0.356839
-0.353564
-0.34907
-0.342471
-0.331747
-0.315754
-0.295428
-0.272917
-0.250235
-0.228736
-0.209086
-0.191402
-0.175386
-0.160409
-0.146441
-0.369187
-0.362957
-0.355789
-0.346226
-0.331686
-0.312012
-0.289108
-0.265237
-0.242068
-0.220485
-0.200698
-0.182628
-0.165992
-0.150742
-0.137017
-0.385998
-0.376219
-0.365942
-0.35153
-0.331159
-0.306791
-0.281124
-0.255997
-0.232369
-0.210584
-0.190698
-0.172623
-0.15612
-0.141076
-0.127048
-0.408451
-0.393382
-0.378914
-0.357166
-0.329433
-0.300041
-0.271584
-0.245094
-0.220869
-0.198923
-0.179098
-0.161138
-0.144807
-0.130013
-0.116268
-0.434321
-0.413554
-0.391373
-0.360023
-0.324636
-0.290472
-0.259346
-0.231488
-0.206666
-0.184548
-0.164828
-0.147262
-0.1316
-0.117549
-0.104462
-0.457876
-0.432825
-0.399076
-0.356843
-0.314431
-0.276165
-0.242771
-0.213791
-0.188571
-0.166548
-0.147263
-0.130342
-0.115526
-0.102481
-0.0907637
-0.482875
-0.484956
-0.488115
-0.495698
-0.507314
-0.521609
-0.536566
-0.549623
-0.55608
-0.55585
-0.545826
-0.52509
-0.495395
-0.460416
-0.423335
-0.44394
-0.445452
-0.445668
-0.447795
-0.451519
-0.455405
-0.457643
-0.456059
-0.450261
-0.438503
-0.420627
-0.397576
-0.372915
-0.352369
-0.326275
-0.410469
-0.411406
-0.409537
-0.407545
-0.405118
-0.400979
-0.393987
-0.382903
-0.367368
-0.347639
-0.325443
-0.303075
-0.279909
-0.278612
-0.263174
-0.383608
-0.384379
-0.381605
-0.377243
-0.370991
-0.362009
-0.349142
-0.332103
-0.311305
-0.287821
-0.26342
-0.246882
-0.225016
-0.228572
-0.228358
-0.362903
-0.364022
-0.361263
-0.355876
-0.347461
-0.335237
-0.31888
-0.298547
-0.2752
-0.251081
-0.22694
-0.212854
-0.197393
-0.200087
-0.209221
-0.347777
-0.349517
-0.347079
-0.341259
-0.331524
-0.317533
-0.299402
-0.277813
-0.254291
-0.231311
-0.210708
-0.198058
-0.189659
-0.190914
-0.201822
-0.338516
-0.340751
-0.338697
-0.333052
-0.323292
-0.309278
-0.291329
-0.270576
-0.248636
-0.227775
-0.210707
-0.198908
-0.192987
-0.192093
-0.196643
-0.33606
-0.338253
-0.336695
-0.331934
-0.323449
-0.31047
-0.293391
-0.273523
-0.252765
-0.233189
-0.217023
-0.204233
-0.195539
-0.189267
-0.184556
-0.391837
-0.411683
-0.458717
-0.44121
-0.32239
-0.221503
-0.168861
-0.154702
-0.15863
-0.164069
-0.151737
-0.152296
-0.14853
-0.131973
-0.104303
-0.112417
-0.136413
-0.150611
-0.124477
-0.110862
-0.119113
-0.162585
-0.121834
-0.118519
-0.156322
-0.176795
-0.141438
-0.14333
-0.106545
-0.0802266
-0.0411281
-0.0163874
-0.0137458
-0.0104973
-0.0060573
-0.00328174
-0.00204227
-0.00082074
-0.346107
-0.429503
-0.49655
-0.472502
-0.348622
-0.2347
-0.168276
-0.146087
-0.132054
-0.12425
-0.123277
-0.141049
-0.144398
-0.128219
-0.100673
-0.108198
-0.131676
-0.143757
-0.126771
-0.117295
-0.134037
-0.176838
-0.118505
-0.109489
-0.137774
-0.154024
-0.154679
-0.161554
-0.105318
-0.0751376
-0.0411332
-0.0176614
-0.0138971
-0.0101406
-0.00604003
-0.00336201
-0.00201359
-0.000797869
-0.289136
-0.412857
-0.493713
-0.473065
-0.355488
-0.237687
-0.16546
-0.139988
-0.118207
-0.0995192
-0.101149
-0.130651
-0.139299
-0.124106
-0.0983963
-0.104584
-0.1244
-0.135141
-0.127499
-0.121675
-0.148282
-0.187603
-0.113863
-0.0997533
-0.120082
-0.130103
-0.163884
-0.174703
-0.102249
-0.0674156
-0.0403227
-0.0187553
-0.0139772
-0.00971569
-0.00600824
-0.00343746
-0.00198036
-0.00077561
-0.24957
-0.364037
-0.451848
-0.433066
-0.333346
-0.231139
-0.161664
-0.13414
-0.114245
-0.0910131
-0.0908825
-0.123624
-0.134835
-0.119573
-0.0972144
-0.102129
-0.119197
-0.126139
-0.126349
-0.123339
-0.160784
-0.195263
-0.110039
-0.0899209
-0.104426
-0.106558
-0.1688
-0.18226
-0.0984901
-0.0589815
-0.0387094
-0.0196115
-0.0139968
-0.0092559
-0.00595794
-0.00350093
-0.00194441
-0.000754492
-0.227594
-0.313425
-0.39347
-0.380474
-0.302467
-0.22072
-0.159405
-0.129581
-0.112143
-0.0935665
-0.0951846
-0.126268
-0.132432
-0.117019
-0.0987854
-0.102578
-0.116066
-0.117597
-0.123101
-0.121702
-0.170662
-0.199567
-0.107336
-0.0800617
-0.0915002
-0.0851578
-0.169599
-0.183798
-0.0944473
-0.0503031
-0.036365
-0.020148
-0.0139468
-0.00879305
-0.00589017
-0.0035468
-0.00190757
-0.000734806
-0.215138
-0.267257
-0.326605
-0.319132
-0.265593
-0.204684
-0.154622
-0.12477
-0.108193
-0.0966473
-0.106353
-0.134436
-0.13348
-0.116199
-0.10147
-0.103202
-0.1112
-0.109079
-0.117545
-0.116812
-0.176282
-0.201127
-0.106929
-0.070324
-0.0815033
-0.0667154
-0.166516
-0.179865
-0.0906863
-0.0418981
-0.0335499
-0.0203777
-0.0138401
-0.00836433
-0.00580841
-0.00357137
-0.00187145
-0.000716852
-0.200187
-0.219445
-0.259205
-0.263062
-0.234917
-0.192027
-0.151075
-0.121437
-0.104981
-0.0934884
-0.119792
-0.142379
-0.135335
-0.112944
-0.103627
-0.104338
-0.110381
-0.101899
-0.110035
-0.107494
-0.177959
-0.198495
-0.105656
-0.0614025
-0.0749409
-0.0507834
-0.159989
-0.171703
-0.0863255
-0.0345398
-0.0304385
-0.0203153
-0.0136379
-0.0079874
-0.00572251
-0.00356859
-0.0018349
-0.000700404
-0.180214
-0.185952
-0.205072
-0.211075
-0.200835
-0.176084
-0.144805
-0.119308
-0.104712
-0.083386
-0.122146
-0.160083
-0.142948
-0.113922
-0.106686
-0.100688
-0.103971
-0.093565
-0.100064
-0.0949107
-0.1743
-0.197219
-0.107436
-0.052641
-0.0711988
-0.0370739
-0.149482
-0.162162
-0.0832272
-0.0276138
-0.026743
-0.0199472
-0.0134248
-0.00768476
-0.00563697
-0.00356008
-0.00180416
-0.00068726
-0.169048
-0.180542
-0.18291
-0.18028
-0.170037
-0.148254
-0.120972
-0.100202
-0.0885876
-0.0726315
-0.102072
-0.135773
-0.130143
-0.107253
-0.105319
-0.103995
-0.105021
-0.0856402
-0.0866629
-0.0884891
-0.160697
-0.184617
-0.105465
-0.0436806
-0.0657458
-0.0311607
-0.133122
-0.144231
-0.0777756
-0.0230062
-0.0227393
-0.0189274
-0.0128328
-0.0073865
-0.00550098
-0.00345695
-0.00174581
-0.000667774
-0.136581
-0.147665
-0.14755
-0.138838
-0.126578
-0.110139
-0.0905605
-0.0773825
-0.0667873
-0.055094
-0.0783257
-0.11136
-0.111065
-0.0896601
-0.0941392
-0.0990628
-0.0879841
-0.0671352
-0.0642433
-0.0713114
-0.142775
-0.180104
-0.0978594
-0.0323971
-0.0481439
-0.0191114
-0.108921
-0.137783
-0.0663584
-0.0151807
-0.0179818
-0.0174665
-0.0119915
-0.00689758
-0.00527965
-0.00327931
-0.00166336
-0.000644145
-0.111683
-0.123352
-0.122352
-0.114372
-0.104135
-0.0915019
-0.0761722
-0.0632808
-0.0490348
-0.0295226
-0.0249181
-0.0324301
-0.0424104
-0.0504477
-0.0724601
-0.0833354
-0.0709266
-0.0512487
-0.0418647
-0.0464651
-0.110772
-0.141485
-0.0793268
-0.0235942
-0.0327908
-0.00867296
-0.0807963
-0.107218
-0.048376
-0.00856286
-0.0135613
-0.015351
-0.0107527
-0.00645441
-0.00507879
-0.00303805
-0.00156744
-0.000628153
-0.0882255
-0.0979087
-0.0974509
-0.089686
-0.0788401
-0.065434
-0.0520034
-0.0401959
-0.0264012
-0.0087356
0.0045793
0.0232888
0.0184043
-0.0114577
-0.0443502
-0.0525278
-0.0445374
-0.0293603
-0.0167296
-0.022278
-0.0711562
-0.0833981
-0.0555242
-0.0235504
-0.0194511
0.00250758
-0.0460868
-0.0751438
-0.029882
-0.00460358
-0.00924102
-0.0127762
-0.00926912
-0.00608989
-0.00487672
-0.00271427
-0.00145332
-0.00062029
-0.0663351
-0.0748656
-0.0754535
-0.0695128
-0.0607175
-0.0509867
-0.0402482
-0.0298386
-0.0162925
0.0034644
0.0238341
0.0487618
0.046892
0.012367
-0.0169284
-0.0272096
-0.023021
-0.018201
-0.00207923
-0.00216731
-0.0246707
-0.0214265
-0.0299935
-0.0286179
-0.00936924
0.0088446
-0.00724783
-0.0348367
-0.0109452
-0.00230847
-0.00511364
-0.00968629
-0.00734888
-0.005723
-0.00468197
-0.00230058
-0.00131313
-0.000624368
-0.0487067
-0.0561876
-0.0571981
-0.0528488
-0.0456545
-0.0370148
-0.0270956
-0.0167481
-0.00476611
0.011242
0.0264348
0.0415942
0.0470764
0.0239569
0.00186172
-0.00905295
-0.00561148
-0.00238507
0.00993985
0.00465771
-0.00102882
0.0101145
-0.0116316
-0.026587
-0.00163555
0.0147428
0.0256572
-0.00265571
0.003421
0.00114069
-0.00123672
-0.00643403
-0.00508763
-0.00532714
-0.00446444
-0.00168813
-0.00113353
-0.000641989
-0.0349511
-0.0405613
-0.0415243
-0.0383872
-0.0326548
-0.0258162
-0.0181881
-0.0100649
-0.00103264
0.0110481
0.0230956
0.033406
0.0383133
0.0261082
0.0113858
0.00170673
0.00391246
0.00388262
0.0148217
0.0165031
0.0110586
0.0200145
0.00227573
-0.0126173
0.00460547
0.0174821
0.0446026
0.0161272
0.00800098
0.00213578
0.000754384
-0.00373573
-0.0029493
-0.00478623
-0.004138
-0.00101713
-0.000928231
-0.000655929
-0.0231345
-0.0275653
-0.0287671
-0.0267473
-0.022491
-0.0172467
-0.0113782
-0.00489733
0.00219791
0.0109281
0.0191899
0.0258546
0.0292361
0.0236572
0.0155073
0.00838649
0.0106327
0.0114438
0.017547
0.0183808
0.012548
0.0191734
0.011571
0.00149236
0.0105744
0.0185281
0.0447872
0.0199311
0.00560677
0.00384339
0.000551151
-0.00336681
-0.00144056
-0.00405222
-0.00363313
-0.000544992
-0.000740855
-0.000653871
-0.0138648
-0.0174989
-0.018601
-0.0172442
-0.0141564
-0.0102518
-0.00588966
-0.00107643
0.00398248
0.00982426
0.0153311
0.0197006
0.0222598
0.0203015
0.0166762
0.0120279
0.0130439
0.0132652
0.0166787
0.018853
0.0148784
0.0186427
0.0154304
0.00939498
0.0132444
0.0181941
0.0386118
0.0224094
0.00576118
0.00567607
0.000865646
-0.00243939
-0.0004336
-0.00310244
-0.00291538
-0.000182862
-0.000560501
-0.000591064
-0.00694155
-0.00954209
-0.0104161
-0.00961102
-0.00751147
-0.00474672
-0.00165662
0.00173565
0.00526216
0.00925526
0.0130467
0.0164402
0.0179766
0.0175071
0.0162829
0.0138687
0.0145107
0.0154297
0.0167882
0.0185719
0.0160554
0.0177275
0.0163962
0.014038
0.0162408
0.0184117
0.0308405
0.0230749
0.00903944
0.00729975
0.0020452
-0.001216
0.000291427
-0.00198089
-0.00201705
4.06249e-05
-0.000379839
-0.000470261
-0.00116418
-0.00318014
-0.00399191
-0.00359443
-0.00223558
-0.000337969
0.00178778
0.00410595
0.00647345
0.00910049
0.011608
0.0137887
0.0151943
0.0154565
0.0155031
0.0145751
0.0148233
0.0154373
0.0162854
0.0174855
0.0163098
0.0171694
0.0165819
0.0157244
0.0173655
0.018039
0.0249035
0.0221472
0.0117222
0.00857711
0.00385814
0.000626892
0.00106158
-0.000781445
-0.0010301
0.000274168
-0.000157688
-0.000309826
0.00328283
0.0017274
0.0010204
0.00117114
0.00200538
0.0032481
0.00464618
0.00615373
0.00769399
0.00938249
0.0110333
0.0125047
0.0136519
0.0141848
0.0146117
0.0144987
0.01482
0.0155064
0.0160346
0.0167402
0.0162216
0.0166691
0.0164578
0.0164095
0.0177356
0.0177107
0.0207931
0.0199837
0.0131191
0.00986687
0.00557178
0.00228661
0.00181928
0.000286605
-0.000131773
0.000523927
6.96576e-05
-0.000161096
0.00668724
0.00550931
0.00491394
0.00490923
0.00537646
0.00613792
0.00702556
0.00797281
0.00893697
0.00998317
0.0110608
0.0120709
0.0129304
0.0135061
0.014027
0.0143446
0.0146818
0.015152
0.0155727
0.0160074
0.0158148
0.0161754
0.0161747
0.0161738
0.0169994
0.016677
0.0178955
0.0174234
0.0129086
0.0102249
0.00673068
0.00364945
0.00256118
0.00115044
0.000601051
0.000793902
0.000291149
-3.49307e-05
0.00935525
0.00845487
0.00794152
0.0078248
0.00804414
0.00848604
0.00902624
0.00958352
0.0101425
0.0107602
0.0114393
0.0121055
0.0127064
0.0132029
0.0136678
0.0140637
0.0144063
0.0147704
0.0151126
0.0154252
0.0154022
0.0156295
0.0156823
0.0156557
0.0160755
0.0156965
0.0158566
0.015246
0.0124547
0.0103296
0.00748748
0.00475708
0.00331174
0.00189672
0.00120303
0.00106295
0.000506722
7.99668e-05
0.0114017
0.0107063
0.0102693
0.0100961
0.0101541
0.0103733
0.0106676
0.0109656
0.0112656
0.0116088
0.0120026
0.012419
0.0128006
0.0131579
0.0135152
0.0138595
0.0141559
0.0144228
0.0146715
0.0149007
0.0149201
0.0150457
0.0150663
0.0149348
0.0150338
0.0146215
0.0143306
0.0136127
0.0117145
0.0100227
0.00782848
0.00553383
0.00398402
0.00255356
0.00169561
0.00130403
0.000693931
0.000174009
0.0129638
0.0124303
0.0120608
0.0118595
0.0118128
0.0118821
0.0120096
0.0121387
0.012261
0.012411
0.0126094
0.0128393
0.013057
0.0132737
0.0135076
0.0137482
0.0139527
0.0141237
0.0142831
0.0144307
0.0144404
0.0144574
0.0144135
0.0142202
0.0141186
0.0136893
0.0132002
0.0124408
0.0110469
0.00968177
0.00795539
0.0060747
0.00455976
0.00315414
0.00216049
0.00155468
0.000870749
0.000258709
0.014147
0.0137329
0.0134178
0.0132091
0.0131015
0.0130751
0.0130885
0.0130999
0.0131059
0.0131299
0.0131943
0.0132831
0.0133712
0.0134627
0.0135771
0.0137051
0.0138104
0.0138918
0.0139605
0.0140161
0.0139819
0.0139121
0.0138063
0.0135582
0.0133121
0.0128692
0.0123078
0.0115719
0.010463
0.00930911
0.00790827
0.00636262
0.00497417
0.00365078
0.00257496
0.00178924
0.00102043
0.000321677
0.0150256
0.0147022
0.0144336
0.0142289
0.0140857
0.0139972
0.0139347
0.0138697
0.0137998
0.0137404
0.0137111
0.0136952
0.0136858
0.0136775
0.0136917
0.0137149
0.0137263
0.0137195
0.0137012
0.013669
0.0135758
0.0134376
0.0132615
0.0129795
0.012657
0.0122052
0.0116285
0.0109245
0.0099946
0.00898847
0.00781327
0.00652585
0.00527393
0.00403537
0.00293883
0.00202408
0.00116943
0.000380441
0.0156672
0.0154099
0.0151776
0.0149815
0.014819
0.0146923
0.0145796
0.0144649
0.0143452
0.0142307
0.0141374
0.0140486
0.0139678
0.0138817
0.0138169
0.0137532
0.013684
0.0135979
0.0135028
0.0133955
0.013238
0.0130465
0.0128109
0.0125018
0.0121313
0.0116702
0.0111096
0.0104426
0.00962572
0.00872086
0.00769566
0.00659054
0.00544157
0.00430084
0.00322931
0.00223179
0.00130526
0.000433707
0.0161178
0.0159063
0.0157034
0.0155169
0.0153469
0.0151964
0.0150526
0.0149062
0.0147551
0.0146061
0.0144684
0.0143312
0.0141968
0.0140571
0.0139305
0.0138024
0.0136682
0.0135213
0.0133606
0.0131891
0.0129768
0.0127383
0.0124576
0.0121205
0.0117279
0.0112557
0.0107094
0.0100735
0.0093308
0.00851004
0.00758404
0.00660005
0.00555671
0.0044808
0.00343867
0.00241022
0.00142648
0.00047977
0.0164216
0.0162402
0.0160586
0.0158806
0.0157089
0.0155443
0.015382
0.0152159
0.0150457
0.014875
0.0147074
0.0145389
0.0143676
0.0141928
0.0140201
0.0138449
0.0136616
0.0134663
0.013259
0.0130365
0.0127846
0.0125065
0.0121908
0.0118316
0.0114189
0.0109457
0.0104088
0.0097957
0.00910419
0.00833514
0.00748288
0.00657549
0.00560103
0.00458466
0.00356995
0.00253288
0.00151009
0.00050781
0.0166068
0.0164445
0.0162764
0.016106
0.0159342
0.0157631
0.0155899
0.015413
0.0152321
0.0150483
0.0148636
0.0146746
0.0144822
0.0142834
0.0140827
0.0138756
0.0136606
0.0134339
0.013193
0.0129379
0.0126563
0.0123516
0.0120118
0.011635
0.0112112
0.0107352
0.0102035
0.00960747
0.00894308
0.00821051
0.00740599
0.00654112
0.00561757
0.00464131
0.00364416
0.002617
0.00157068
0.000526499
0.0166907
0.0165379
0.0163775
0.0162118
0.0160414
0.0158679
0.0156905
0.0155092
0.0153237
0.0151341
0.014941
0.0147426
0.0145396
0.0143297
0.0141145
0.0138915
0.0136601
0.0134169
0.0131592
0.012886
0.0125896
0.0122701
0.011918
0.0115322
0.011102
0.010625
0.0100954
0.00950759
0.00885791
0.0081418
0.00736144
0.00651996
0.00562053
0.00466579
0.0036782
0.00265715
0.00160218
0.000536301
-0.0766908
-0.0875496
-0.0980962
-0.108121
-0.118629
-0.128124
-0.138917
-0.152551
-0.0618803
-0.0699489
-0.0779802
-0.0859659
-0.0943251
-0.102531
-0.11022
-0.120844
-0.0478569
-0.053582
-0.0591526
-0.0648777
-0.0710578
-0.0773061
-0.0842102
-0.0945314
-0.0368166
-0.0409011
-0.0449109
-0.0491073
-0.0541812
-0.0597744
-0.0666022
-0.0753
-0.027204
-0.0302521
-0.0332948
-0.036667
-0.0408908
-0.0453225
-0.0501213
-0.0561643
-0.0193807
-0.0215624
-0.0237716
-0.0261707
-0.0290336
-0.0318684
-0.0352383
-0.040215
-0.0126999
-0.0141391
-0.0155408
-0.0170478
-0.018961
-0.0211423
-0.0241988
-0.0284513
-0.00697005
-0.00784667
-0.00870262
-0.00977013
-0.0113767
-0.0133411
-0.0156628
-0.0185522
-0.00213335
-0.00271915
-0.00334361
-0.00419413
-0.00534934
-0.006547
-0.00797647
-0.0101731
0.00185279
0.00146074
0.00108577
0.000610457
-5.60384e-05
-0.000912026
-0.00218446
-0.00409545
0.00527885
0.00503594
0.00482225
0.0045015
0.00395768
0.00321073
0.00222878
0.000864664
0.00809818
0.00789997
0.00772727
0.00748276
0.00709859
0.00659241
0.00590155
0.00485772
0.0104056
0.0102278
0.0100893
0.00992091
0.00965701
0.00927504
0.00871837
0.00788861
0.0122775
0.0121044
0.0119687
0.011822
0.0116092
0.0113067
0.0108774
0.0102529
0.0137485
0.0135731
0.0134298
0.0132917
0.013119
0.0128868
0.0125591
0.0120837
0.0148869
0.014714
0.0145664
0.0144314
0.0142807
0.0140923
0.0138361
0.0134764
0.0157453
0.0155782
0.0154297
0.0152967
0.0151606
0.0150046
0.0148036
0.0145329
0.0163797
0.016222
0.0160778
0.0159488
0.0158229
0.0156881
0.0155251
0.0153185
0.0168372
0.0166899
0.0165523
0.016428
0.0163094
0.0161893
0.0160533
0.0158927
0.0171537
0.0170164
0.0168868
0.016768
0.0166554
0.0165447
0.0164267
0.0162963
0.0173595
0.0172324
0.0171112
0.0169981
0.0168909
0.0167868
0.0166807
0.0165695
0.0174773
0.0173602
0.0172471
0.0171397
0.0170366
0.0169368
0.0168375
0.0167374
0.0175219
0.017414
0.0173077
0.0172043
0.0171036
0.0170056
0.016909
0.0168132
0.0738844
0.0776063
0.0810682
0.0839453
0.085466
0.0853678
0.0834816
0.079312
0.0719427
0.0600354
0.0417374
0.0144676
-0.0259722
-0.0828193
-0.133743
0.0527963
0.0542863
0.0542076
0.0529552
0.0504014
0.0461816
0.0398096
0.0305505
0.0173516
-0.00122596
-0.0271502
-0.0629828
-0.112777
-0.180632
-0.235667
0.0310233
0.0303134
0.0268966
0.0220083
0.0158718
0.00795219
-0.0024861
-0.0163104
-0.0346331
-0.0589582
-0.0913842
-0.134539
-0.191471
-0.267668
-0.321162
0.00856297
0.00543115
-0.000798943
-0.00843988
-0.0174064
-0.028437
-0.0423696
-0.0600875
-0.082689
-0.11164
-0.1492
-0.198097
-0.260626
-0.337636
-0.388389
-0.0137396
-0.0195195
-0.0278898
-0.0374986
-0.0486858
-0.0622945
-0.079078
-0.0998794
-0.125782
-0.15811
-0.199191
-0.25174
-0.316384
-0.390321
-0.436268
-0.0352042
-0.0434461
-0.0533325
-0.0644445
-0.0774516
-0.0931517
-0.112118
-0.135147
-0.16326
-0.197835
-0.240811
-0.29415
-0.357721
-0.425538
-0.465085
-0.0555329
-0.065425
-0.0763615
-0.0888012
-0.103412
-0.120732
-0.141284
-0.165744
-0.195048
-0.230421
-0.273378
-0.325136
-0.384595
-0.443232
-0.476573
-0.07452
-0.0850665
-0.0969963
-0.110671
-0.126563
-0.145081
-0.16663
-0.191782
-0.221317
-0.256212
-0.29753
-0.345636
-0.397903
-0.444747
-0.473326
0.186774
0.201729
0.218349
0.237094
0.258059
0.281164
0.306314
0.333454
0.362505
0.393215
0.425003
0.45669
0.486277
0.509733
0.529039
0.186266
0.200639
0.216676
0.234884
0.25531
0.277782
0.302149
0.328341
0.356282
0.385706
0.415989
0.445897
0.473351
0.49437
0.511287
0.181625
0.19458
0.209382
0.226504
0.245797
0.266899
0.289561
0.313666
0.339096
0.365529
0.392258
0.417945
0.440343
0.455644
0.467086
0.172872
0.183777
0.196863
0.21238
0.229852
0.248744
0.268756
0.289741
0.311493
0.333552
0.355038
0.374433
0.389202
0.39571
0.399234
0.160008
0.168475
0.179649
0.19334
0.208549
0.224519
0.240957
0.257754
0.274665
0.291084
0.30591
0.317377
0.322595
0.317827
0.3116
0.143392
0.14905
0.158114
0.169734
0.182339
0.194993
0.207384
0.219381
0.230652
0.240446
0.247462
0.2497
0.243928
0.226245
0.208131
0.123318
0.126755
0.13395
0.143015
0.152233
0.160883
0.168739
0.175568
0.180822
0.183529
0.182171
0.174515
0.15702
0.125765
0.0950686
0.0997185
0.101899
0.108006
0.114462
0.11993
0.124128
0.127033
0.128326
0.127244
0.122598
0.112662
0.0949638
0.0656227
0.0209669
-0.0213365
0.0252887
0.0296967
0.026036
0.0299652
0.0275303
0.0318383
0.0300804
0.0345051
0.0338723
0.0383729
0.0391864
0.0440174
0.0465611
0.0522652
0.056983
0.0643014
0.0718113
0.0818424
0.092994
0.107061
0.123221
0.143002
0.165865
0.0253676
0.0297433
0.0261325
0.0300241
0.0276534
0.0319132
0.0302441
0.0346316
0.0340941
0.0385545
0.0395034
0.0443071
0.0469492
0.0527349
0.0575099
0.0648994
0.07257
0.0825536
0.0938641
0.108055
0.124012
0.143712
0.166076
0.0254564
0.0297642
0.0262473
0.0300531
0.0278009
0.0319535
0.0304396
0.0347246
0.0343389
0.0386958
0.0398506
0.0445457
0.0473321
0.0530876
0.0579113
0.0651461
0.0729422
0.0829437
0.0939631
0.107962
0.12334
0.142484
0.163357
0.0255538
0.0297614
0.0263759
0.0300558
0.0279606
0.0319641
0.0306576
0.0347897
0.0346062
0.0388188
0.0402154
0.0448054
0.0477758
0.0535998
0.0584703
0.0659072
0.0734677
0.0835258
0.0940654
0.107737
0.12189
0.139742
0.157764
0.0256587
0.0297382
0.0265164
0.0300356
0.0281628
0.0319517
0.0308932
0.034826
0.0349028
0.0389086
0.0405701
0.0449428
0.0481195
0.0537269
0.0586658
0.0658626
0.0733215
0.0830054
0.0930108
0.105912
0.118593
0.134682
0.148933
0.0257681
0.029697
0.0266681
0.0299969
0.0283588
0.0319288
0.0311393
0.0348532
0.03525
0.0390469
0.0409932
0.0452567
0.0486668
0.054448
0.0592841
0.0667867
0.0738183
0.0835749
0.0926451
0.104728
0.115004
0.128306
0.137326
0.0258824
0.0296405
0.026823
0.0299468
0.0285577
0.0318892
0.0313814
0.0348512
0.0355006
0.0391027
0.0412697
0.0453015
0.0488808
0.0542445
0.0592007
0.0662545
0.0730857
0.0819349
0.0903533
0.100732
0.109097
0.119141
0.122569
0.0260002
0.0295757
0.0269747
0.0298931
0.0287714
0.0318815
0.0316381
0.0349205
0.0359214
0.0393612
0.0418136
0.0458179
0.0496383
0.0553976
0.0600255
0.067605
0.073857
0.0828969
0.089755
0.098896
0.10334
0.108684
0.104712
0.0261366
0.0294766
0.027171
0.0297839
0.0289967
0.0317617
0.0318954
0.034796
0.0361151
0.0392795
0.0419152
0.0457168
0.0495601
0.0546151
0.0592644
0.0658129
0.0715695
0.0783095
0.0841756
0.0890017
0.0911807
0.0892506
0.0803056
0.0263141
0.029322
0.0274192
0.0296139
0.0292551
0.0315515
0.0321325
0.0344668
0.0361858
0.0388636
0.0416671
0.0448851
0.0486928
0.0529493
0.0572731
0.0623378
0.0671642
0.0715158
0.0753867
0.0766927
0.0763722
0.0712521
0.0637347
0.0265267
0.0291056
0.0277026
0.0293865
0.0295458
0.0312567
0.0323777
0.0341399
0.0362111
0.0384405
0.0413083
0.0440838
0.0476843
0.0511359
0.0549983
0.0587202
0.0623876
0.0648428
0.0665701
0.0658897
0.063315
0.0577967
0.0505755
0.0267752
0.0288188
0.0280244
0.0291169
0.0298221
0.0310093
0.0325105
0.0338734
0.0361133
0.0379584
0.0407473
0.0431433
0.0463529
0.0490751
0.0522948
0.0548144
0.0571738
0.0582195
0.0581306
0.0561531
0.0523417
0.0465866
0.0397653
0.0270641
0.028455
0.0283401
0.0289079
0.0299998
0.0308139
0.0325375
0.033627
0.0358548
0.0374431
0.0399465
0.0420637
0.0446894
0.0467654
0.0492196
0.0507121
0.051829
0.0517944
0.0504431
0.0476866
0.043433
0.0377096
0.0311611
0.0273893
0.0280831
0.0285641
0.0287668
0.030104
0.0306502
0.0324432
0.033358
0.0354367
0.0368351
0.0389355
0.0408029
0.0427784
0.0442088
0.0459231
0.0465431
0.0466347
0.0457826
0.043752
0.0406067
0.0363248
0.0309191
0.0247913
0.0277029
0.0277518
0.028692
0.0286795
0.0301145
0.0305109
0.0322142
0.0330525
0.0348644
0.0361055
0.0377687
0.0393367
0.0406872
0.0414967
0.0425306
0.0424687
0.0417992
0.0403807
0.0380635
0.034827
0.0307147
0.0257788
0.0201952
0.0279821
0.0274784
0.0287304
0.028629
0.0300197
0.030377
0.0318612
0.0326749
0.034169
0.0352324
0.036471
0.037679
0.0384792
0.0387619
0.0391861
0.0386237
0.0374729
0.0357065
0.0333127
0.0302027
0.0264074
0.0220071
0.0170687
0.0281993
0.0272836
0.0286667
0.0285996
0.0298253
0.0302225
0.0314127
0.0321969
0.0333715
0.0342113
0.0350679
0.0358932
0.0362292
0.0360961
0.0360176
0.0351237
0.0337094
0.0317898
0.0294539
0.0266069
0.0232359
0.0194093
0.0151541
0.028336
0.0271769
0.0285012
0.0285698
0.0295462
0.0300061
0.0309045
0.0316031
0.0324838
0.0330725
0.0335943
0.0340529
0.034015
0.0335781
0.0331321
0.0320426
0.0305242
0.0286127
0.0264326
0.0239119
0.0210107
0.0177656
0.0141793
0.0283786
0.0271547
0.0282522
0.0285043
0.029223
0.0297013
0.030351
0.0309023
0.0315182
0.0318548
0.0320886
0.0322319
0.0319149
0.0312753
0.030587
0.0294115
0.0279059
0.0261138
0.0241529
0.0219761
0.0195402
0.0168533
0.0138938
0.028322
0.0271987
0.0279521
0.0283446
0.0288774
0.0293072
0.0297552
0.0301234
0.0304981
0.0306067
0.0306018
0.0304953
0.0299888
0.0292275
0.0284068
0.0272304
0.0258139
0.0242031
0.0224925
0.0206516
0.0186425
0.0164578
0.0140611
0.028172
0.0272723
0.0276589
0.0280587
0.0284948
0.0288402
0.0291183
0.0293026
0.0294584
0.0293787
0.0291856
0.0288929
0.0282694
0.0274554
0.0265906
0.0254725
0.024188
0.0227826
0.0213261
0.0197942
0.0181555
0.0163966
0.0144742
0.0279464
0.0273132
0.0274145
0.0276906
0.0280518
0.0282977
0.028439
0.0284698
0.0284394
0.0282115
0.0278788
0.0274565
0.026777
0.0259638
0.025115
0.0240919
0.0229595
0.021759
0.0205392
0.0192786
0.0179513
0.0165424
0.0150102
0.0276692
0.0272532
0.0272027
0.0273374
0.0275657
0.0276963
0.0277252
0.0276394
0.0274691
0.027133
0.0267057
0.0262054
0.0255156
0.0247381
0.0239423
0.0230325
0.0220551
0.0210444
0.0200344
0.0190064
0.017939
0.0168179
0.0156052
0.0273664
0.0271004
0.0269912
0.0269917
0.0270631
0.0270746
0.0270016
0.0268258
0.0265605
0.026159
0.0256815
0.0251481
0.0244801
0.023759
0.0230334
0.0222369
0.0214019
0.0205563
0.019724
0.0188893
0.0180341
0.0171456
0.0161907
0.0270544
0.0268738
0.0267392
0.0266407
0.0265733
0.0264705
0.0263034
0.0260554
0.0257296
0.025298
0.0248084
0.0242789
0.0236563
0.0230021
0.0223501
0.021655
0.0209405
0.0202302
0.0195418
0.018863
0.0181789
0.0174769
0.0167294
0.0267411
0.0266009
0.0264458
0.0262803
0.0261101
0.0259095
0.0256604
0.0253544
0.0249908
0.0245526
0.0240748
0.0235725
0.023009
0.0224257
0.0218454
0.0212391
0.0206247
0.0200217
0.0194453
0.0188882
0.0183384
0.0177834
0.0172013
0.0264321
0.0263064
0.026132
0.0259196
0.0256803
0.0254085
0.0250965
0.0247466
0.0243609
0.0239293
0.023474
0.0230056
0.0224996
0.0219813
0.0214658
0.0209373
0.0204087
0.0198939
0.0194057
0.0189417
0.0184937
0.0180517
0.0175983
0.0261375
0.0260141
0.0258229
0.0255776
0.0252928
0.0249749
0.0246225
0.0242442
0.0238475
0.023428
0.0229967
0.0225595
0.0221031
0.0216424
0.0211864
0.0207264
0.0202708
0.0198289
0.0194104
0.0190161
0.0186415
0.0182801
0.0179204
0.0258768
0.0257522
0.0255477
0.0252801
0.0249663
0.0246204
0.024246
0.0238512
0.023447
0.0230365
0.0226234
0.0222103
0.0217934
0.0213815
0.0209791
0.0205807
0.0201903
0.0198128
0.0194528
0.0191109
0.018787
0.0184802
0.018186
0.0256698
0.0255417
0.0253297
0.025051
0.0247206
0.0243596
0.0239764
0.0235766
0.0231717
0.0227708
0.0223741
0.0219814
0.0215932
0.0212146
0.0208472
0.0204878
0.0201376
0.0198001
0.0194793
0.0191769
0.0188934
0.0186283
0.0183798
0.0255593
0.0254306
0.0252109
0.0249208
0.0245779
0.0242053
0.023815
0.0234111
0.0230045
0.0226072
0.022222
0.0218465
0.0214796
0.0211233
0.0207792
0.0204457
0.0201227
0.0198132
0.0195212
0.0192489
0.0189968
0.0187642
0.0185511
0.0676792
0.0497481
0.0275503
0.00670844
-0.0123673
-0.0304896
-0.0479585
-0.0635231
0.0551903
0.0385155
0.0166762
-0.00229651
-0.0173463
-0.0301073
-0.0420831
-0.0525579
0.0441492
0.0313774
0.0128489
-0.00366413
-0.0150253
-0.023765
-0.0323642
-0.0406655
0.0344304
0.0245222
0.00911145
-0.00507407
-0.0141698
-0.0203118
-0.02612
-0.0317315
0.0263879
0.0190469
0.00723542
-0.00392284
-0.0109148
-0.0152818
-0.0193285
-0.0233984
0.0200183
0.0142782
0.00589606
-0.00202698
-0.00736513
-0.0108052
-0.0138239
-0.0166995
0.0156096
0.0109858
0.00541412
0.000182453
-0.0037156
-0.00645242
-0.00876966
-0.0108404
0.0129011
0.00925937
0.00567806
0.00237826
-0.000336806
-0.00245326
-0.00424333
-0.00573328
0.0115246
0.00872587
0.00651174
0.00453079
0.00272454
0.00115412
-0.000203637
-0.00128954
0.0111102
0.00899858
0.00770002
0.00658807
0.00543363
0.00429962
0.0032722
0.00245571
0.0113627
0.00979352
0.00908949
0.00853124
0.00782909
0.00704006
0.0062896
0.00569529
0.0120273
0.0108851
0.0105577
0.0103421
0.00994323
0.00940953
0.00886482
0.00841791
0.0128639
0.0120411
0.0119395
0.0119446
0.0117704
0.0114312
0.0110324
0.0106765
0.0137488
0.0131613
0.013187
0.0133169
0.0132913
0.0130925
0.0128036
0.0125164
0.014623
0.0142035
0.0142892
0.0144666
0.0145158
0.0144073
0.0141992
0.013965
0.0154328
0.0151334
0.0152354
0.0154121
0.0154868
0.0154287
0.0152756
0.0150825
0.01615
0.0159351
0.0160278
0.0161771
0.0162466
0.0162088
0.0160875
0.015923
0.0167612
0.0166038
0.0166731
0.0167818
0.0168292
0.0167923
0.0166868
0.0165415
0.0172643
0.0171439
0.0171835
0.0172482
0.0172659
0.0172195
0.0171192
0.0169858
0.0176617
0.0175616
0.0175698
0.0175924
0.0175797
0.017519
0.017418
0.0172916
0.0179759
0.0178792
0.0178507
0.017831
0.0177876
0.0177119
0.0176084
0.0174877
0.0181988
0.0180968
0.0180333
0.0179753
0.0179043
0.0178151
0.0177102
0.0175957
0.0183841
0.01826
0.018148
0.0180438
0.0179426
0.0178408
0.0177366
0.01763
-0.616715
-0.629824
-0.648793
-0.673259
-0.703656
-0.737616
-0.768531
-0.790454
-0.611575
-0.624284
-0.641879
-0.662995
-0.68733
-0.714471
-0.740145
-0.757155
-0.604532
-0.617025
-0.632514
-0.650147
-0.668797
-0.685288
-0.695777
-0.695627
-0.598315
-0.608634
-0.61965
-0.629654
-0.637461
-0.640742
-0.637063
-0.623999
-0.594432
-0.598534
-0.600697
-0.600016
-0.596485
-0.589254
-0.576563
-0.556208
-0.591332
-0.584825
-0.5758
-0.564965
-0.552914
-0.538876
-0.520854
-0.496488
-0.585159
-0.566063
-0.546544
-0.528064
-0.510456
-0.492307
-0.471218
-0.44483
-0.5721
-0.541461
-0.514354
-0.491062
-0.470225
-0.449804
-0.427116
-0.3999
-0.549703
-0.511294
-0.480227
-0.454574
-0.432308
-0.410886
-0.387681
-0.360499
-0.518044
-0.476759
-0.444818
-0.41884
-0.396444
-0.375058
-0.352123
-0.32566
-0.479291
-0.439165
-0.408778
-0.383885
-0.362466
-0.341849
-0.319814
-0.29458
-0.435781
-0.399976
-0.37249
-0.349945
-0.330172
-0.310937
-0.290299
-0.266687
-0.390477
-0.359822
-0.336563
-0.317087
-0.299477
-0.282121
-0.26324
-0.2416
-0.341859
-0.319411
-0.301283
-0.285536
-0.270551
-0.255167
-0.238338
-0.218793
-0.292956
-0.28142
-0.266769
-0.255942
-0.242704
-0.229536
-0.214651
-0.197765
-0.523424
-0.559701
-0.586523
-0.602399
-0.6089
-0.609653
-0.60879
-0.610157
-0.525464
-0.560328
-0.584891
-0.598155
-0.602543
-0.602437
-0.601944
-0.604195
-0.531553
-0.567833
-0.591781
-0.602321
-0.602823
-0.598992
-0.595911
-0.597093
-0.544489
-0.583896
-0.607587
-0.614892
-0.610044
-0.600472
-0.592971
-0.591895
-0.563668
-0.607362
-0.63134
-0.635274
-0.624608
-0.608688
-0.596218
-0.591755
-0.587718
-0.636854
-0.661503
-0.662085
-0.645785
-0.623886
-0.606593
-0.596671
-0.614531
-0.670073
-0.695732
-0.693109
-0.671605
-0.644481
-0.621296
-0.602566
-0.640889
-0.703588
-0.730563
-0.724974
-0.698847
-0.666239
-0.634322
-0.60333
-0.662595
-0.732973
-0.760866
-0.752807
-0.722278
-0.681991
-0.638458
-0.593386
-0.674378
-0.75151
-0.779956
-0.769551
-0.733595
-0.683527
-0.627004
-0.569609
-0.671964
-0.752333
-0.780256
-0.766651
-0.724111
-0.663818
-0.597087
-0.532673
-0.652756
-0.731528
-0.755304
-0.736558
-0.688291
-0.621016
-0.549834
-0.485289
-0.615473
-0.684975
-0.700214
-0.675718
-0.624245
-0.556899
-0.490473
-0.433082
-0.564714
-0.619419
-0.623099
-0.592668
-0.54447
-0.48473
-0.428506
-0.379645
-0.504248
-0.537065
-0.526665
-0.493912
-0.452266
-0.407255
-0.36404
-0.325755
-0.421766
-0.417871
-0.383363
-0.350712
-0.325874
-0.302104
-0.283465
-0.274887
-0.368888
-0.308711
-0.245301
-0.208527
-0.202984
-0.2069
-0.205845
-0.216279
-0.382611
-0.26559
-0.167001
-0.115108
-0.106634
-0.119413
-0.125752
-0.146683
-0.368266
-0.235964
-0.115178
-0.0519201
-0.0391664
-0.051211
-0.0590403
-0.0812405
-0.268966
-0.180902
-0.0884269
-0.0316169
-0.0103671
-0.00306264
0.00029851
-0.0236097
-0.197682
-0.16227
-0.121649
-0.0901757
-0.0610026
-0.0189357
0.0394277
0.031497
-0.167674
-0.162575
-0.151547
-0.136789
-0.12174
-0.0919131
-0.0295139
0.0261233
-0.167823
-0.179934
-0.182666
-0.16789
-0.143108
-0.108529
-0.0679421
-0.0255631
-0.193559
-0.225914
-0.244364
-0.236914
-0.20827
-0.169215
-0.138569
-0.0966587
-0.212704
-0.258004
-0.286672
-0.288825
-0.272432
-0.241975
-0.213395
-0.169171
-0.182551
-0.212011
-0.236523
-0.24859
-0.248924
-0.228176
-0.213325
-0.175784
-0.162744
-0.171209
-0.176947
-0.180418
-0.180076
-0.172112
-0.166756
-0.147091
-0.1521
-0.152834
-0.151282
-0.148251
-0.143838
-0.136873
-0.132252
-0.125228
-0.135687
-0.137981
-0.137821
-0.133388
-0.126024
-0.116542
-0.107183
-0.097533
-0.108946
-0.114781
-0.121359
-0.126189
-0.12836
-0.126384
-0.118821
-0.105539
-0.116704
-0.121259
-0.12604
-0.129419
-0.13042
-0.128157
-0.123339
-0.114783
-0.140218
-0.143393
-0.146541
-0.149481
-0.152498
-0.15495
-0.156554
-0.154664
-0.154896
-0.157048
-0.157473
-0.15776
-0.157313
-0.15869
-0.157357
-0.15928
-0.120812
-0.116507
-0.111706
-0.107938
-0.104207
-0.102959
-0.0996918
-0.100267
-0.102887
-0.0942773
-0.0851138
-0.0761324
-0.0677816
-0.0606274
-0.0550709
-0.0506092
-0.104326
-0.090262
-0.0775782
-0.0669822
-0.0585679
-0.0521257
-0.0479701
-0.0451179
-0.14573
-0.127372
-0.10879
-0.0911827
-0.0752613
-0.0610771
-0.0490659
-0.0382161
-0.122663
-0.12026
-0.114896
-0.106666
-0.096543
-0.0846454
-0.0706767
-0.0568277
-0.1265
-0.132336
-0.135157
-0.134097
-0.128777
-0.119629
-0.106114
-0.0885244
-0.174539
-0.191168
-0.205252
-0.215342
-0.22087
-0.22105
-0.216662
-0.208196
-0.196137
-0.210044
-0.217035
-0.21838
-0.214775
-0.207816
-0.196385
-0.18395
-0.124795
-0.106357
-0.0876061
-0.0714407
-0.058746
-0.05017
-0.0440162
-0.0433838
-0.121493
-0.0973765
-0.0722401
-0.0483967
-0.0265947
-0.00863048
0.00590164
0.018351
-0.10497
-0.100383
-0.0934204
-0.0847649
-0.0749633
-0.0645875
-0.0537144
-0.0427968
-0.0848823
-0.0880015
-0.0888206
-0.0872586
-0.0834494
-0.0783376
-0.0719095
-0.0653717
-0.040429
-0.0391662
-0.037629
-0.0359966
-0.0342476
-0.0325718
-0.030711
-0.029258
-0.0150492
-0.0137099
-0.0124397
-0.0113141
-0.0103621
-0.00965194
-0.00918892
-0.00887753
-0.0135268
-0.0132413
-0.012897
-0.0125046
-0.012075
-0.011625
-0.0111642
-0.0106782
-0.0107601
-0.0110278
-0.0111385
-0.0111407
-0.0110252
-0.0108543
-0.0105359
-0.0105295
-0.00606225
-0.0060597
-0.00605625
-0.00605468
-0.00605296
-0.00605378
-0.0060409
-0.00604236
-0.00320238
-0.00312903
-0.00307228
-0.00304072
-0.00304434
-0.003048
-0.00307312
-0.00313008
-0.00206472
-0.00208046
-0.00208991
-0.00209388
-0.00209379
-0.00209208
-0.002092
-0.00209617
-0.000843211
-0.000864555
-0.000883145
-0.000897167
-0.000904761
-0.000904408
-0.000892259
-0.000866884
-0.242414
-0.184748
-0.145396
-0.113742
-0.0888074
-0.0696847
-0.0540035
-0.041424
-0.0318014
-0.0237924
-0.0173472
-0.0121502
-0.00788894
-0.00445132
-0.00163359
0.00065588
0.00249961
0.0039718
0.00512792
0.00601582
0.0066635
0.00709417
0.00731646
-0.201312
-0.154971
-0.12832
-0.103164
-0.0826547
-0.066369
-0.0525759
-0.0413455
-0.032274
-0.0245598
-0.0182322
-0.0129715
-0.00862676
-0.00506018
-0.00211905
0.000270902
0.00220531
0.00374837
0.0049582
0.00588449
0.00655723
0.00700339
0.00723285
-0.131171
-0.0987554
-0.0878551
-0.0734874
-0.0627888
-0.0533872
-0.0446561
-0.0366335
-0.0294233
-0.0230144
-0.0174211
-0.0125936
-0.00851451
-0.00506642
-0.00219323
0.000170306
0.00210008
0.00364523
0.00486047
0.00579136
0.00646861
0.00691849
0.00714984
-0.0648777
-0.044821
-0.0440585
-0.0388588
-0.0379552
-0.0359445
-0.0329978
-0.0289039
-0.0244072
-0.0197867
-0.0153395
-0.011273
-0.0076704
-0.00452953
-0.00187363
0.00034982
0.00218384
0.00366513
0.00483909
0.00574332
0.00640402
0.00684427
0.00707114
-0.00286572
0.00431323
-0.00270956
-0.00669785
-0.0145416
-0.0190549
-0.0210852
-0.0204319
-0.0186189
-0.0157625
-0.0125862
-0.00941922
-0.00641667
-0.0037111
-0.00135042
0.000673051
0.00236514
0.0037493
0.00485674
0.00571595
0.00634901
0.00677392
0.00699393
0.0878211
0.0510945
0.0412402
0.023357
0.00673279
-0.00386922
-0.0102391
-0.0127627
-0.0130664
-0.0117815
-0.00976614
-0.00741142
-0.005009
-0.00275414
-0.000709248
0.00108154
0.00260689
0.00387486
0.00490233
0.00570883
0.00630825
0.00671287
0.00692332
0.106607
0.0865917
0.0667669
0.0428696
0.0217489
0.00723662
-0.0017495
-0.00634664
-0.00814691
-0.00802466
-0.00696766
-0.00535221
-0.00355587
-0.0017496
-2.84781e-05
0.00152279
0.00287735
0.00402339
0.00496494
0.0057119
0.00627267
0.00665517
0.00685536
0.0324545
0.0450595
0.0456389
0.0346924
0.021195
0.0103861
0.00265829
-0.00190949
-0.00412303
-0.00473983
-0.00435771
-0.00334943
-0.00207119
-0.000673376
0.000721863
0.00202678
0.00319897
0.00421138
0.00505784
0.00573916
0.00625589
0.00661034
0.00679652
-0.0650816
-0.0285568
-0.00158357
0.00688136
0.00805912
0.00567167
0.00293084
0.000263024
-0.00126996
-0.00193308
-0.00191467
-0.00139611
-0.00057403
0.000437425
0.00151839
0.00258144
0.00356395
0.00443379
0.00517591
0.00578163
0.00624665
0.00656984
0.00674078
-0.135813
-0.0793525
-0.0386836
-0.0165292
-0.00586654
-0.00116084
0.001041
0.000883419
0.000662151
0.000314893
0.000208064
0.000428382
0.000884171
0.0015449
0.00232726
0.00315207
0.00394603
0.00467184
0.00530781
0.00583784
0.00625137
0.00654085
0.00669469
-0.140452
-0.0848841
-0.0506625
-0.0253139
-0.0119451
-0.00362589
0.000487274
0.00191175
0.002661
0.00246379
0.00227662
0.00219108
0.00230142
0.00264812
0.00315606
0.00374569
0.00434912
0.0049279
0.00545286
0.00590238
0.00625979
0.00651468
0.0066516
-0.117476
-0.0781543
-0.0510282
-0.0269148
-0.013375
-0.00301007
0.00174079
0.00416282
0.00500949
0.00470516
0.00439396
0.00397085
0.00373722
0.00376164
0.00398892
0.0043424
0.00475893
0.00519304
0.00560872
0.00597889
0.00628126
0.00649984
0.00661819
-0.103048
-0.0747873
-0.0527091
-0.0269399
-0.0137683
0.000210711
0.00421677
0.00804518
0.00809954
0.00754735
0.00671359
0.00581889
0.00523497
0.00495796
0.00491379
0.0050257
0.00524048
0.00551387
0.00580487
0.00608274
0.00631767
0.00649288
0.00658923
-0.0824096
-0.0584509
-0.0392318
-0.0157489
-0.00494071
0.00687054
0.00954866
0.01247
0.0113296
0.0105211
0.00905667
0.00771885
0.00675023
0.00613554
0.00580927
0.00569045
0.00571642
0.00583635
0.00600732
0.00619312
0.00636271
0.00649447
0.00656812
-0.0884353
-0.0625856
-0.0333332
-0.00498745
0.0131733
0.0219402
0.0228268
0.02087
0.0167257
0.0138048
0.0112272
0.00941673
0.00814245
0.00726777
0.00670013
0.00637013
0.00621554
0.00618396
0.00623115
0.00632094
0.00641879
0.00650274
0.00655128
-0.106329
-0.0933443
-0.0563401
-0.0201374
0.0145683
0.0261257
0.0279409
0.0242972
0.0198916
0.0163431
0.013234
0.010997
0.00937231
0.00824672
0.00747497
0.00696745
0.00665908
0.00649634
0.00643487
0.00643636
0.00647004
0.00651088
0.00653712
-0.139351
-0.127384
-0.0885513
-0.0424373
0.00764336
0.0204488
0.0236751
0.0218694
0.0186879
0.0160374
0.0136635
0.0117775
0.0102223
0.00905569
0.00817418
0.00755159
0.00711966
0.00683475
0.00666376
0.00657419
0.00653705
0.00652744
0.00652689
-0.146985
-0.13233
-0.0933023
-0.0472427
-0.00695676
0.0103175
0.0163078
0.017038
0.0161015
0.0148007
0.0134068
0.012048
0.0107891
0.00970044
0.0087918
0.00808293
0.00753689
0.00714121
0.00687201
0.00669631
0.00659317
0.0065379
0.00651358
-0.0956184
-0.0827679
-0.0597306
-0.0374546
-0.0181239
-0.00417581
0.00553313
0.0100645
0.0118835
0.0124392
0.0122609
0.0116049
0.0107937
0.00995969
0.00918713
0.0085022
0.00790342
0.00742107
0.00706952
0.00681553
0.0066515
0.00654937
0.0065007
-0.046345
-0.0368775
-0.0295868
-0.0276726
-0.0216986
-0.00986601
0.00167184
0.00807611
0.011092
0.0125101
0.0125563
0.0119597
0.0112247
0.0103888
0.00961063
0.00887365
0.00820254
0.0076582
0.00722428
0.00690481
0.00668471
0.00654555
0.00647624
-0.0421359
-0.029662
-0.0216784
-0.0179556
-0.0138557
-0.00219547
0.00243634
0.00868543
0.00995639
0.0123542
0.0123064
0.0119946
0.0114169
0.0107148
0.00998183
0.00920963
0.00848467
0.00785897
0.0073554
0.00697537
0.00670691
0.00653366
0.0064447
-0.0330626
-0.0233167
-0.0151442
-0.00474124
0.000180924
0.00800985
0.0116074
0.0148576
0.0142348
0.0144569
0.0134887
0.0128053
0.0119135
0.0110811
0.0102382
0.00941641
0.00866088
0.0079945
0.0074452
0.00701887
0.00670462
0.00650119
0.00639382
-0.0456484
-0.0269177
-0.00997411
0.00664983
0.0162237
0.0197742
0.020371
0.0196176
0.0175548
0.0163592
0.0149191
0.0138736
0.0126435
0.0115581
0.0105161
0.00958111
0.0087491
0.00803618
0.00745434
0.00699891
0.00666318
0.00644049
0.00632234
-0.0777556
-0.0579688
-0.0316735
-0.00748072
0.0130728
0.0195423
0.0224892
0.0201619
0.0179591
0.016152
0.0148414
0.0137528
0.0125125
0.011451
0.0104431
0.00954536
0.00872982
0.00802474
0.0074285
0.00695609
0.00659621
0.00635317
0.00622268
-0.187235
-0.155019
-0.109276
-0.0599416
-0.0142872
0.0103251
0.0176456
0.0170642
0.0170133
0.0162246
0.015275
0.0140212
0.0127055
0.0115012
0.0104249
0.00945772
0.00860977
0.0078926
0.00729671
0.00682603
0.00646718
0.00622053
0.00608896
-0.163678
-0.140399
-0.0991769
-0.0502428
-0.00721048
0.0135547
0.0150609
0.0143607
0.0143308
0.0138998
0.0133607
0.0125715
0.0117413
0.010872
0.0100311
0.00918185
0.00840164
0.00770692
0.00712566
0.00666008
0.00630129
0.00605107
0.00591747
-0.0412131
-0.0222949
-0.000339821
0.0167501
0.0266883
0.0269188
0.02165
0.0188324
0.0168939
0.0159322
0.0144205
0.0130964
0.0117191
0.010606
0.00961107
0.00875542
0.00800303
0.00735899
0.00681789
0.00639962
0.00606432
0.00582824
0.00570018
0.0153852
0.0203196
0.0224843
0.0276981
0.0284273
0.0274983
0.0237837
0.0213227
0.0182866
0.0163878
0.0143871
0.0128909
0.0114107
0.0102151
0.00915716
0.00829422
0.00756499
0.00695942
0.00646141
0.00607118
0.00576848
0.00555032
0.00543165
-0.0328075
-0.0197061
-0.00665542
0.00621962
0.0162037
0.020906
0.0212265
0.0176549
0.0151308
0.0130388
0.0115315
0.0104676
0.00952229
0.00874682
0.00803008
0.00740093
0.00684611
0.00637553
0.005981
0.00566587
0.00540902
0.00521827
0.00511197
-0.0551654
-0.0468402
-0.0307766
-0.0171168
-0.0039961
0.00349933
0.00724437
0.00801794
0.00855105
0.00843767
0.00821531
0.00788073
0.00750264
0.00713884
0.00675232
0.00637995
0.00601311
0.00568206
0.00539128
0.00515222
0.00495992
0.00481457
0.00473272
-0.026344
-0.022019
-0.0170647
-0.0126847
-0.00854918
-0.00549809
-0.00337601
-0.00155277
0.000406174
0.00199622
0.00316667
0.00400924
0.00455313
0.00493207
0.00508696
0.00509776
0.00501188
0.00488904
0.00474948
0.00460714
0.00447708
0.00436595
0.00430329
-0.00921598
-0.00889972
-0.00893912
-0.00884503
-0.00826305
-0.00704777
-0.00544366
-0.00352572
-0.00177853
-0.000331408
0.000849769
0.0018375
0.00255032
0.00316074
0.00356374
0.00383123
0.00394519
0.00399045
0.00398383
0.00395645
0.0039091
0.00385149
0.0038159
-0.0101228
-0.00934902
-0.00854228
-0.00756216
-0.00635519
-0.00507776
-0.00385551
-0.00284081
-0.00186564
-0.000969352
-0.000130773
0.000629404
0.00123851
0.00179013
0.00224911
0.00264666
0.00294021
0.00313214
0.00323725
0.00329491
0.00330919
0.00329336
0.00328121
-0.00987799
-0.00904226
-0.00778735
-0.00676154
-0.00568323
-0.00489156
-0.00423508
-0.00368703
-0.00299859
-0.00223021
-0.00142818
-0.000648838
4.53409e-05
0.000669758
0.00117346
0.00161779
0.0019872
0.00227671
0.00248018
0.0026157
0.00268415
0.00270845
0.00271788
-0.00594244
-0.005757
-0.00550979
-0.00521964
-0.0048758
-0.00452177
-0.00411033
-0.00360708
-0.00294897
-0.00225025
-0.00155393
-0.000893878
-0.000311144
0.000210659
0.000628833
0.000998074
0.00130254
0.00156709
0.00177477
0.00193685
0.00203267
0.00208863
0.00211623
-0.00323482
-0.00337513
-0.00359242
-0.00381885
-0.00397566
-0.00396632
-0.00361565
-0.0031652
-0.00259565
-0.00207649
-0.00155552
-0.00107036
-0.000612554
-0.000179237
0.000192098
0.000511748
0.00076807
0.000990215
0.00117344
0.00131664
0.00141589
0.00147698
0.00150997
-0.00209412
-0.00208605
-0.00207914
-0.00205091
-0.00197181
-0.00182355
-0.00161165
-0.00141284
-0.00124318
-0.00109987
-0.000919967
-0.000718599
-0.000493358
-0.000237445
8.9927e-06
0.000230259
0.000406819
0.000547609
0.000660874
0.000752005
0.000823765
0.000876039
0.000905387
-0.000816375
-0.000730007
-0.000615521
-0.00047575
-0.00032839
-0.000207458
-0.000131666
-0.000126122
-0.000133658
-0.000146866
-0.000135436
-0.000109787
-7.61845e-05
-2.10364e-05
3.33874e-05
9.77496e-05
0.00015055
0.00019486
0.00022536
0.000254611
0.00027511
0.000291706
0.000301389
-0.171298
-0.141691
-0.114689
-0.0934535
-0.0749002
-0.0598604
-0.0472251
-0.0369289
-0.0284227
-0.0213518
-0.0155363
-0.0107322
-0.00676266
-0.00348039
-0.000779598
0.00141388
0.00319105
0.00461009
0.00572773
0.00658598
0.00721007
0.00762017
0.00782798
-0.182595
-0.147876
-0.11797
-0.0949186
-0.0756001
-0.0598359
-0.0468433
-0.0364121
-0.0278606
-0.0208186
-0.0151014
-0.0103979
-0.00652627
-0.00333237
-0.000708021
0.00142699
0.00316472
0.00455777
0.00565997
0.00650997
0.00713123
0.00754281
0.00775337
-0.194093
-0.154111
-0.120509
-0.0960995
-0.0760048
-0.0596436
-0.0464554
-0.0359502
-0.0273421
-0.020317
-0.0146847
-0.0100562
-0.00627352
-0.0031626
-0.000613485
0.00146253
0.0031587
0.00452243
0.00560605
0.00644529
0.00706178
0.00747274
0.0076847
-0.203213
-0.158808
-0.123793
-0.098937
-0.0775918
-0.0603189
-0.0467597
-0.0360016
-0.0271627
-0.0200758
-0.0144534
-0.00983457
-0.00609995
-0.00303397
-0.000536668
0.00149629
0.00315873
0.00449606
0.00556168
0.00638944
0.00699965
0.00740843
0.0076207
-0.213577
-0.162937
-0.126898
-0.100894
-0.0782527
-0.0606567
-0.0470576
-0.036143
-0.027121
-0.0200359
-0.0143881
-0.00974845
-0.00602945
-0.00297637
-0.00051008
0.00150113
0.00314336
0.00446344
0.00551625
0.00633543
0.00694092
0.00734764
0.00755979
-0.217396
-0.165522
-0.131141
-0.103577
-0.0796353
-0.0617455
-0.0478706
-0.0365853
-0.0273547
-0.0202688
-0.0145224
-0.00984109
-0.00608903
-0.00301583
-0.000550065
0.00146635
0.00310405
0.00441849
0.00546602
0.00628111
0.00688373
0.00728911
0.00750105
-0.225078
-0.168256
-0.133394
-0.104353
-0.0804448
-0.0627353
-0.0486786
-0.0370908
-0.0278821
-0.0207704
-0.0148812
-0.0101485
-0.00631879
-0.00320627
-0.000701713
0.00135167
0.00301015
0.00434034
0.0053973
0.00621802
0.00682383
0.00723092
0.00744352
-0.228177
-0.175792
-0.139205
-0.10828
-0.0840326
-0.0657716
-0.050932
-0.0387576
-0.0294394
-0.0219677
-0.0158275
-0.0109223
-0.00691024
-0.00367296
-0.00104572
0.00109871
0.00282372
0.00420457
0.00529591
0.00613908
0.00675784
0.00717201
0.00738727
0.00372372
-0.0237821
-0.0498503
-0.0767641
-0.104393
-0.130766
-0.155301
-0.177712
0.00562576
-0.0247777
-0.0544335
-0.0849463
-0.115895
-0.145414
-0.172628
-0.196772
0.00643236
-0.0286816
-0.0630692
-0.0972745
-0.130885
-0.162582
-0.19158
-0.217535
0.00550107
-0.0346663
-0.073734
-0.11147
-0.147601
-0.181427
-0.212363
-0.240551
0.00234892
-0.0425226
-0.085994
-0.127386
-0.16642
-0.202798
-0.2361
-0.266487
-0.00303471
-0.0525872
-0.100542
-0.145979
-0.188452
-0.227745
-0.263491
-0.295912
-0.0107769
-0.0655004
-0.118386
-0.168329
-0.214685
-0.257099
-0.295249
-0.329476
-0.0215041
-0.0822023
-0.140637
-0.195543
-0.2461
-0.29181
-0.332321
-0.368092
-0.0363478
-0.103974
-0.168668
-0.229034
-0.284014
-0.332978
-0.375947
-0.412927
-0.0569206
-0.132534
-0.204313
-0.270722
-0.330539
-0.382966
-0.427921
-0.465432
-0.085454
-0.170238
-0.250121
-0.323269
-0.388186
-0.444166
-0.490544
-0.527501
-0.12509
-0.220257
-0.309311
-0.390223
-0.460681
-0.519602
-0.565945
-0.600368
-0.180875
-0.287832
-0.386289
-0.474648
-0.549932
-0.609715
-0.653508
-0.681921
-0.256316
-0.376909
-0.487742
-0.581016
-0.654833
-0.70926
-0.743977
-0.759563
-0.327389
-0.45467
-0.564078
-0.653687
-0.721841
-0.767943
-0.793045
-0.799716
0.18295
0.1748
0.16243
0.145848
0.125207
0.100749
0.0732808
0.0409872
0.197434
0.187888
0.173393
0.154148
0.130619
0.102691
0.0723288
0.0390826
0.213759
0.203042
0.186795
0.165341
0.139513
0.109103
0.0763544
0.0422789
0.232303
0.220632
0.202877
0.179348
0.151209
0.118374
0.0824586
0.0452961
0.25307
0.240432
0.221076
0.19523
0.164227
0.128309
0.0883481
0.0466192
0.275926
0.262135
0.240847
0.212246
0.177665
0.137832
0.0931859
0.0461382
0.300776
0.285596
0.261957
0.230095
0.191248
0.146672
0.0967954
0.0439383
0.327577
0.31078
0.28434
0.248659
0.204877
0.154712
0.0989008
0.0396044
0.35625
0.337593
0.307856
0.267699
0.218235
0.161527
0.098795
0.0321529
0.386526
0.365718
0.332098
0.286643
0.230569
0.166187
0.0952839
0.0201152
0.417802
0.39446
0.356238
0.304449
0.240574
0.167149
0.0865656
0.00142939
0.448875
0.422501
0.378791
0.319389
0.24622
0.162087
0.0700155
-0.0268512
0.477707
0.447643
0.397285
0.328613
0.244241
0.1473
0.041542
-0.0692794
0.500224
0.465833
0.40778
0.328108
0.230359
0.118247
-0.00343942
-0.130125
0.518592
0.479937
0.414649
0.325316
0.215043
0.0882266
-0.0487614
-0.189824
0.0252192
0.0251602
0.0251112
0.0250712
0.0250408
0.0250118
0.0249934
0.024971
0.0296241
0.0295249
0.0294004
0.0292525
0.029085
0.0289009
0.0287023
0.0284971
0.0259571
0.025897
0.0258551
0.0258294
0.0258176
0.0258136
0.0258161
0.0258202
0.0298742
0.0297519
0.0296009
0.029425
0.0292288
0.0290175
0.0287988
0.0285822
0.0274307
0.0273547
0.0273043
0.0272753
0.0272651
0.0272665
0.0272768
0.0272902
0.031724
0.0315706
0.0313848
0.0311723
0.0309376
0.0306885
0.0304299
0.0301924
0.029944
0.029836
0.0297605
0.0297126
0.0296823
0.0296751
0.0296568
0.0296927
0.0343331
0.0341178
0.0338681
0.0335928
0.0332968
0.0330155
0.0327048
0.0324861
0.033677
0.0335056
0.0333683
0.0332556
0.033162
0.0330866
0.0330072
0.0329631
0.0381433
0.0378835
0.0375849
0.0372639
0.0369106
0.0365845
0.0362013
0.0359758
0.0388864
0.0385922
0.0383295
0.0380921
0.0378661
0.0376972
0.0374703
0.0374154
0.0436661
0.0432951
0.0428737
0.0424764
0.0419945
0.041666
0.0411207
0.0410042
0.046157
0.0457194
0.045281
0.0448933
0.0444169
0.0441414
0.0436167
0.0434866
0.051739
0.0511774
0.0504856
0.0499742
0.0491032
0.0488014
0.047774
0.0476834
0.0563934
0.0557028
0.0549393
0.0542636
0.0534077
0.0527887
0.051726
0.0512261
0.0636209
0.062789
0.0618081
0.0609532
0.0596729
0.0587732
0.0569643
0.0562027
0.0709173
0.0697086
0.0683021
0.0668649
0.0650551
0.0634676
0.0612563
0.059677
0.0808115
0.0793608
0.0776832
0.0759172
0.0734658
0.0713024
0.0678899
0.0655168
0.0916695
0.089584
0.0870192
0.0840652
0.0804371
0.0766439
0.072089
0.0674525
0.105501
0.102952
0.0997128
0.0958412
0.0909549
0.0856451
0.0789782
0.0721214
0.121217
0.117581
0.112799
0.106747
0.0994171
0.0906974
0.081197
0.0693654
0.140604
0.136039
0.129752
0.121544
0.111319
0.0993235
0.0848315
0.0693499
0.162813
0.156559
0.147387
0.135132
0.119607
0.101338
0.0802492
0.0554628
0.0249458
0.0249221
0.0249157
0.0249273
0.0249603
0.0250088
0.0250247
0.0249855
0.0248651
0.0246458
0.0243159
0.0238734
0.0233274
0.0227015
0.0220235
0.0213259
0.0206331
0.0199618
0.0193269
0.0187472
0.0182499
0.0178683
0.0176428
0.0282257
0.0278557
0.0274069
0.0268691
0.0262345
0.0255778
0.0249421
0.024345
0.0238075
0.0233402
0.0229411
0.0225942
0.0222691
0.0219146
0.0214526
0.0209067
0.0203051
0.0196832
0.0190748
0.0185098
0.0180227
0.0176496
0.0174286
0.0258338
0.025855
0.0258921
0.0259475
0.0259728
0.0258865
0.0256866
0.025378
0.0249498
0.0244046
0.0237638
0.023063
0.0223657
0.0217179
0.0211093
0.0205152
0.0199023
0.0192789
0.0186727
0.0181148
0.0176373
0.0172767
0.0170672
0.0282742
0.0278574
0.02736
0.026799
0.0262827
0.0258083
0.0253671
0.0249445
0.0245277
0.0240968
0.023629
0.023054
0.0223581
0.0215898
0.0208487
0.0201375
0.0194494
0.0187867
0.0181649
0.0176084
0.0171406
0.0167953
0.0166021
0.027297
0.0272751
0.0272687
0.0272183
0.0270517
0.0267899
0.026414
0.025916
0.0253033
0.0245998
0.0238476
0.0230743
0.0222749
0.0214356
0.0205791
0.0197391
0.0189484
0.0182256
0.0175793
0.0170238
0.0165685
0.0162413
0.0160683
0.0298011
0.0292404
0.0285953
0.0279813
0.0274065
0.0268389
0.0262737
0.025697
0.0250936
0.0244254
0.023675
0.0228517
0.0219778
0.0210597
0.0201212
0.0192056
0.0183521
0.0175886
0.0169296
0.0163833
0.0159487
0.0156435
0.0154922
0.0296245
0.0294894
0.0293196
0.0290226
0.0286001
0.0280399
0.0273373
0.0265083
0.0255878
0.0246131
0.0236086
0.0225875
0.0215601
0.0205338
0.0195235
0.0185578
0.0176705
0.0168904
0.0162346
0.0157093
0.0153045
0.0150267
0.0148975
0.0320073
0.0312929
0.0305178
0.0297724
0.0290057
0.0282289
0.0274091
0.0265235
0.0255466
0.0244711
0.0233193
0.0221313
0.0209519
0.0198195
0.018754
0.0177689
0.016886
0.0161251
0.0154996
0.0150137
0.0146535
0.0144111
0.0143032
0.0327892
0.0323939
0.0318849
0.0312255
0.0303834
0.0293687
0.028203
0.0269337
0.0256003
0.024228
0.0228386
0.0214623
0.0201423
0.0189194
0.0178202
0.0168485
0.0160093
0.0153059
0.0147406
0.0143127
0.0140102
0.0138086
0.0137207
0.0353516
0.034292
0.0332417
0.032133
0.0309774
0.0297337
0.0283861
0.0269273
0.0253764
0.0237738
0.0221677
0.0206189
0.019181
0.0178943
0.0167818
0.015845
0.0150768
0.0144605
0.0139799
0.0136245
0.0133872
0.0132268
0.013157
0.0369839
0.0360637
0.0350417
0.0338238
0.0323659
0.0307069
0.0289002
0.0270004
0.0250595
0.0231343
0.0212836
0.0195664
0.0180337
0.0167168
0.0156249
0.0147536
0.0140853
0.0135852
0.0132147
0.0129496
0.0127865
0.0126716
0.0126212
0.0400675
0.0383914
0.0367149
0.0348714
0.0329109
0.0308124
0.0285933
0.0263076
0.0240356
0.0218627
0.0198597
0.0180829
0.0165644
0.0153157
0.0143273
0.0135826
0.013054
0.0126961
0.012453
0.0122909
0.012208
0.0121452
0.0121184
0.0424387
0.0406573
0.0386751
0.0364048
0.0338518
0.0311421
0.0283684
0.0256159
0.0229746
0.0205361
0.018377
0.0165469
0.0150591
0.0138995
0.0130385
0.01244
0.0120617
0.0118473
0.0117282
0.0116659
0.0116574
0.0116473
0.0116467
0.0458191
0.0431352
0.0402823
0.0372781
0.0341393
0.0308812
0.0275812
0.0243802
0.0214074
0.0187713
0.0165399
0.0147437
0.0133658
0.0123639
0.0116849
0.0112713
0.0110669
0.011008
0.0110207
0.011063
0.0111284
0.0111739
0.0112016
0.0491377
0.0458246
0.0421166
0.0380591
0.0338464
0.0296815
0.0257222
0.0221065
0.0189455
0.0162959
0.014174
0.0125637
0.0114173
0.0106701
0.0102447
0.0100631
0.0100585
0.0101685
0.0103236
0.0104776
0.0106205
0.0107259
0.0107824
0.0525951
0.0477366
0.0427751
0.0377448
0.0326945
0.0277929
0.0232967
0.0193746
0.0161166
0.013544
0.011626
0.0102906
0.00944725
0.00900023
0.00885194
0.00891185
0.00910537
0.00937513
0.00966528
0.00992673
0.0101451
0.0103104
0.0103937
0.055635
0.0496265
0.0432715
0.0368445
0.0307015
0.0250824
0.020197
0.0161328
0.012924
0.0105505
0.00893157
0.00794814
0.00746712
0.00735911
0.00750872
0.00781768
0.00820831
0.00863097
0.009048
0.00941212
0.00970481
0.00992985
0.0100395
0.0587067
0.0501136
0.0418783
0.0340748
0.0269626
0.0208465
0.0158618
0.0119793
0.0091277
0.00719918
0.00605146
0.00552744
0.00547005
0.00573533
0.00620159
0.00676806
0.00735908
0.00793444
0.00847281
0.00893506
0.00930073
0.00958276
0.00971959
0.0594962
0.0492436
0.0392126
0.0300493
0.0221427
0.0157227
0.0107689
0.00719058
0.00484303
0.00351304
0.00297182
0.00300826
0.00343808
0.00411207
0.00491402
0.00574854
0.00654805
0.00728113
0.00793875
0.00849505
0.00893181
0.00926559
0.00943052
0.0597619
0.0452105
0.0332721
0.0232727
0.0152166
0.00908549
0.00466443
0.00176344
0.000171124
-0.000393499
-0.000215422
0.000456104
0.00141827
0.00252427
0.00367092
0.00477624
0.00578662
0.00667814
0.00745156
0.00809611
0.00859904
0.00897737
0.00916961
0.0541919
0.0382488
0.0252499
0.0147644
0.00692797
0.00140983
-0.00215848
-0.00407733
-0.00469533
-0.0043668
-0.00340243
-0.00206292
-0.000552654
0.000989903
0.00247956
0.00385229
0.005071
0.00611968
0.00700667
0.00773568
0.0083003
0.00871801
0.00893598
0.0448291
0.0258949
0.0130656
0.00329286
-0.00350333
-0.00785131
-0.0101138
-0.0106856
-0.0100485
-0.00862668
-0.00675265
-0.0046753
-0.00257704
-0.000574791
0.00127325
0.00292363
0.00435821
0.00557259
0.00658115
0.00739934
0.00802748
0.00848581
0.00872972
0.0237352
0.00940597
-0.00238738
-0.0107324
-0.0159858
-0.0187005
-0.0192507
-0.0181845
-0.0160812
-0.0134047
-0.0105004
-0.0075964
-0.00484229
-0.00232569
-7.34986e-05
0.00189264
0.00357576
0.00498329
0.0061372
0.00706223
0.00776591
0.00827491
0.00854877
0.000178549
-0.00885906
-0.0178022
-0.024458
-0.0282714
-0.0293502
-0.0282044
-0.0255376
-0.0220017
-0.0180977
-0.0141755
-0.0104474
-0.00703407
-0.00399791
-0.00133974
0.000946246
0.00287823
0.00447701
0.00577396
0.00680144
0.00757474
0.00812577
0.00842238
-0.0254959
-0.032139
-0.0364354
-0.0393571
-0.039966
-0.0382297
-0.0348137
-0.0304148
-0.0255885
-0.020732
-0.016108
-0.0118634
-0.00806922
-0.00475096
-0.00188501
0.000556427
0.00260219
0.00428343
0.0056384
0.00670259
0.00749606
0.00804994
0.0083458
-0.0507837
-0.0579321
-0.0571866
-0.0543942
-0.0499417
-0.0444138
-0.0383716
-0.0322589
-0.0263813
-0.0209216
-0.0159792
-0.0115903
-0.00775431
-0.00444754
-0.0016188
0.000773864
0.00276762
0.00440007
0.00571222
0.00673795
0.00749714
0.00801438
0.00828671
-0.0737063
-0.0777072
-0.0720604
-0.0655448
-0.0573466
-0.048936
-0.0408467
-0.0333613
-0.0266201
-0.0206573
-0.01546
-0.0109793
-0.00714487
-0.00388782
-0.00113831
0.00116057
0.00305957
0.00460519
0.00584246
0.0068052
0.00751236
0.00798338
0.00822682
-0.0966455
-0.0936493
-0.082284
-0.0729508
-0.0624358
-0.0524173
-0.0430891
-0.0346812
-0.0272799
-0.0208656
-0.0153808
-0.0107391
-0.00682996
-0.00355016
-0.000819827
0.00143063
0.00326845
0.00475072
0.00592866
0.00683949
0.00750304
0.00793726
0.00815763
-0.118676
-0.108531
-0.0921807
-0.0798155
-0.0669091
-0.0554572
-0.0451114
-0.0360072
-0.0281203
-0.021359
-0.0156325
-0.0108307
-0.00682445
-0.00348747
-0.000730003
0.00151903
0.00333812
0.00479226
0.00593889
0.00681975
0.00745745
0.007871
0.00807841
-0.139315
-0.122158
-0.101385
-0.0857423
-0.0704429
-0.0576873
-0.0464748
-0.0368624
-0.0286695
-0.0217085
-0.0158546
-0.0109678
-0.00690814
-0.00353959
-0.000762777
0.00149132
0.00330768
0.00475298
0.0058876
0.0067561
0.00738356
0.00779022
0.00799359
-0.156748
-0.133186
-0.109174
-0.0906672
-0.0733845
-0.0593344
-0.0472582
-0.0371923
-0.0287729
-0.0217063
-0.0158282
-0.0109481
-0.00690534
-0.00355686
-0.000798272
0.00143925
0.00324445
0.00468096
0.00580864
0.00667185
0.00729664
0.00770396
0.00790863
)
;

boundaryField
{
    outlet
    {
        type            fixedValue;
        value           uniform 0;
    }
    upperWall
    {
        type            symmetryPlane;
    }
    lowerWall
    {
        type            symmetryPlane;
    }
    inlet
    {
        type            zeroGradient;
    }
    cylinder
    {
        type            zeroGradient;
    }
    frontAndBack
    {
        type            empty;
    }
}


// ************************************************************************* //
