/*--------------------------------*- C++ -*----------------------------------*\
| =========                 |                                                 |
| \\      /  F ield         | OpenFOAM: The Open Source CFD Toolbox           |
|  \\    /   O peration     | Version:  2312                                  |
|   \\  /    A nd           | Website:  www.openfoam.com                      |
|    \\/     M anipulation  |                                                 |
\*---------------------------------------------------------------------------*/
FoamFile
{
    version     2.0;
    format      ascii;
    arch        "LSB;label=32;scalar=64";
    class       volScalarField;
    location    "79.75";
    object      p;
}
// * * * * * * * * * * * * * * * * * * * * * * * * * * * * * * * * * * * * * //

dimensions      [0 2 -2 0 0 0 0];

internalField   nonuniform List<scalar> 
5478
(
-0.444096
-0.444734
-0.445914
-0.446914
-0.445303
-0.437728
-0.421448
-0.395562
-0.361592
-0.322845
-0.282756
-0.243982
-0.208423
-0.176611
-0.148114
-0.452401
-0.450608
-0.448938
-0.446593
-0.440804
-0.428386
-0.40769
-0.379302
-0.345644
-0.309622
-0.273796
-0.239794
-0.208704
-0.180239
-0.154811
-0.461229
-0.456778
-0.452237
-0.445832
-0.434655
-0.416571
-0.391579
-0.361472
-0.328679
-0.295471
-0.263324
-0.23317
-0.205263
-0.179738
-0.156429
-0.473085
-0.466055
-0.457873
-0.446182
-0.428205
-0.403902
-0.375059
-0.343864
-0.312202
-0.281314
-0.251933
-0.224424
-0.198925
-0.175426
-0.15392
-0.489392
-0.478628
-0.466218
-0.447434
-0.421465
-0.391102
-0.3591
-0.327189
-0.296328
-0.267029
-0.239535
-0.213945
-0.190184
-0.168383
-0.148133
-0.510215
-0.493957
-0.475705
-0.447904
-0.413561
-0.377768
-0.34309
-0.310389
-0.27989
-0.251602
-0.225466
-0.201371
-0.179218
-0.158875
-0.139816
-0.532594
-0.510585
-0.482954
-0.444639
-0.402499
-0.362108
-0.325134
-0.291651
-0.26132
-0.233796
-0.208799
-0.186092
-0.165454
-0.146711
-0.129269
-0.55074
-0.524105
-0.48409
-0.434738
-0.385892
-0.341835
-0.30312
-0.269118
-0.23907
-0.212362
-0.188534
-0.167248
-0.148248
-0.131238
-0.115775
-0.445527
-0.446371
-0.447589
-0.45305
-0.463051
-0.47758
-0.496472
-0.519055
-0.543979
-0.56915
-0.591781
-0.608418
-0.615488
-0.611244
-0.591766
-0.430138
-0.432327
-0.433604
-0.437678
-0.444659
-0.453951
-0.464767
-0.475946
-0.485956
-0.493065
-0.495373
-0.490583
-0.47646
-0.452372
-0.422954
-0.417806
-0.421152
-0.42284
-0.426117
-0.430763
-0.43558
-0.439097
-0.439525
-0.434983
-0.423991
-0.405606
-0.378824
-0.343166
-0.300878
-0.250154
-0.410808
-0.415089
-0.417493
-0.420662
-0.424012
-0.425856
-0.424144
-0.416571
-0.400977
-0.376054
-0.342101
-0.300192
-0.246688
-0.195223
-0.129759
-0.409964
-0.414795
-0.418002
-0.421553
-0.424529
-0.424828
-0.419883
-0.407019
-0.384139
-0.350053
-0.305224
-0.258135
-0.193669
-0.143214
-0.0818584
-0.414858
-0.419509
-0.423501
-0.427746
-0.431019
-0.430807
-0.424047
-0.407805
-0.380151
-0.340934
-0.291798
-0.240742
-0.182559
-0.131613
-0.08468
-0.424378
-0.429059
-0.432872
-0.436997
-0.439955
-0.438742
-0.429904
-0.410648
-0.379823
-0.338405
-0.290598
-0.240575
-0.191631
-0.148511
-0.110825
-0.434659
-0.437562
-0.440631
-0.444004
-0.445378
-0.44162
-0.429471
-0.406838
-0.373864
-0.333057
-0.288756
-0.244344
-0.203027
-0.166658
-0.135566
-0.521488
-0.410045
-0.311502
-0.280549
-0.298601
-0.314961
-0.251252
-0.172955
-0.130429
-0.113059
-0.104878
-0.0982402
-0.104519
-0.125838
-0.132313
-0.108532
-0.0907708
-0.107369
-0.13101
-0.129724
-0.1066
-0.116111
-0.134194
-0.122458
-0.101868
-0.0995335
-0.0711368
-0.0146712
-0.00796784
-0.0152353
-0.0293246
-0.0207527
0.0118797
0.023873
0.0155907
-0.00333738
-0.0210515
-0.00955635
-0.367928
-0.315748
-0.26579
-0.293585
-0.345128
-0.361365
-0.282434
-0.188886
-0.132292
-0.109904
-0.0953862
-0.0812311
-0.0919547
-0.119034
-0.127551
-0.103966
-0.0834516
-0.0967784
-0.119037
-0.122003
-0.110013
-0.129183
-0.148942
-0.127811
-0.0926366
-0.0842186
-0.0667102
-0.0202011
-0.0145087
-0.0189975
-0.0315849
-0.0230408
0.0111393
0.0236551
0.0147283
-0.0055802
-0.0233077
-0.0106575
-0.195889
-0.174005
-0.18345
-0.279814
-0.367868
-0.381491
-0.295709
-0.196103
-0.132345
-0.107701
-0.092373
-0.0742332
-0.0836226
-0.113121
-0.122554
-0.0993587
-0.0762541
-0.086566
-0.107039
-0.112398
-0.110578
-0.138793
-0.1608
-0.130541
-0.0826368
-0.0682047
-0.0605637
-0.0255063
-0.0208986
-0.0224905
-0.0334389
-0.0252403
0.0101207
0.0232909
0.0139475
-0.00762114
-0.0253544
-0.0117119
-0.0671884
-0.0504616
-0.0925483
-0.235021
-0.352538
-0.367612
-0.289137
-0.194843
-0.130827
-0.104995
-0.0921995
-0.0755608
-0.0816688
-0.109496
-0.117925
-0.0949548
-0.0701186
-0.077415
-0.0957456
-0.10144
-0.107907
-0.144064
-0.169261
-0.131883
-0.0734825
-0.0529087
-0.0528128
-0.0302342
-0.0266498
-0.0256063
-0.0349108
-0.0272468
0.00884509
0.0228102
0.0132563
-0.0094377
-0.0271907
-0.012705
-0.0194192
0.0138106
-0.0234801
-0.169722
-0.30239
-0.329369
-0.26655
-0.186047
-0.128351
-0.101908
-0.0902393
-0.0820213
-0.0854331
-0.111761
-0.114741
-0.0908774
-0.0657032
-0.0706384
-0.0862369
-0.0901063
-0.102358
-0.144742
-0.173693
-0.131516
-0.0656497
-0.0393391
-0.0441175
-0.0341614
-0.031392
-0.0282586
-0.0360814
-0.0290347
0.00731981
0.0222398
0.0126363
-0.0110465
-0.0289356
-0.0136298
-0.0390134
0.0189952
0.00834743
-0.112116
-0.239107
-0.27421
-0.232388
-0.170136
-0.123672
-0.09758
-0.0847665
-0.08801
-0.0899486
-0.11737
-0.115371
-0.0898174
-0.0636631
-0.0657009
-0.0780445
-0.0786814
-0.0939787
-0.140958
-0.175796
-0.13061
-0.0604023
-0.0287312
-0.035414
-0.0372653
-0.0348697
-0.0304781
-0.0370087
-0.0304562
0.0055949
0.021588
0.012086
-0.0124257
-0.0303652
-0.0144809
-0.0736393
-0.0171258
0.00289877
-0.0604114
-0.173659
-0.217127
-0.201182
-0.156896
-0.120077
-0.0948983
-0.080253
-0.0851015
-0.0955555
-0.123178
-0.113962
-0.0865801
-0.0630844
-0.0627643
-0.0728339
-0.0682333
-0.0819597
-0.133235
-0.171875
-0.126491
-0.0558291
-0.0216985
-0.0267925
-0.039692
-0.0370176
-0.0320836
-0.0379
-0.0318187
0.00356521
0.0209137
0.0115978
-0.0136263
-0.0316092
-0.0152572
-0.102815
-0.067327
-0.029649
-0.0424809
-0.107105
-0.15294
-0.154825
-0.135072
-0.109201
-0.0913364
-0.076459
-0.0723537
-0.0982735
-0.138915
-0.118853
-0.0876884
-0.0644091
-0.0589337
-0.065735
-0.0588299
-0.0685252
-0.121675
-0.165786
-0.123591
-0.0540878
-0.0179117
-0.018676
-0.0407164
-0.0381166
-0.0333117
-0.0386657
-0.0324505
0.00137713
0.0201545
0.0111571
-0.0145343
-0.0326381
-0.0159256
-0.10825
-0.0851394
-0.0534252
-0.0493614
-0.0841179
-0.113515
-0.120861
-0.108765
-0.0868226
-0.0743935
-0.0655101
-0.0586385
-0.0891967
-0.117528
-0.108413
-0.0818413
-0.0658319
-0.0623384
-0.0641547
-0.0497515
-0.0588728
-0.10699
-0.144997
-0.111705
-0.0507803
-0.0175824
-0.016511
-0.0404228
-0.036411
-0.0341303
-0.0398482
-0.0340035
-0.000240276
0.0197139
0.0106931
-0.0155223
-0.0337722
-0.0166031
-0.102041
-0.0861035
-0.0645925
-0.0561634
-0.066397
-0.0804133
-0.0842853
-0.0749777
-0.0615042
-0.0550728
-0.0462601
-0.0426706
-0.0774262
-0.120841
-0.0975056
-0.0686793
-0.0613286
-0.0633039
-0.0523682
-0.0338511
-0.0392095
-0.0857906
-0.130166
-0.0939288
-0.0364993
-0.0110111
-0.0152747
-0.0378886
-0.0397931
-0.0361814
-0.0403539
-0.0348758
-0.00199841
0.017892
0.00940535
-0.0166341
-0.0347266
-0.0171508
-0.0853956
-0.0791367
-0.0667485
-0.0570863
-0.056114
-0.0602984
-0.062174
-0.0570076
-0.0479187
-0.0396038
-0.029565
-0.0192829
-0.0261475
-0.0340326
-0.0521142
-0.0395648
-0.0482695
-0.0585923
-0.0431506
-0.022521
-0.0186474
-0.0525212
-0.084862
-0.0653432
-0.0163957
-0.00576566
-0.0136574
-0.0350963
-0.0388236
-0.0369124
-0.0398879
-0.0358785
-0.00429981
0.0159034
0.00784673
-0.0173675
-0.034972
-0.0173498
-0.0687605
-0.0686502
-0.0618316
-0.0529112
-0.0474578
-0.0453812
-0.0430716
-0.0356875
-0.0274327
-0.0188453
-0.00680672
0.00287193
0.0144802
0.0149897
-0.00182875
-0.00768981
-0.0282765
-0.0395371
-0.0249016
-0.00604893
0.00299553
-0.0157211
-0.0488894
-0.0375066
0.000994029
9.19692e-05
-0.00899201
-0.0306273
-0.0348286
-0.0359899
-0.0391944
-0.0365294
-0.00673959
0.0131788
0.00606787
-0.0174003
-0.0341974
-0.0170533
-0.0529983
-0.0548128
-0.0503323
-0.0446759
-0.0387255
-0.0338065
-0.0301427
-0.0245264
-0.017688
-0.00903481
0.00458433
0.0183069
0.0453817
0.0515073
0.0297353
0.01321
-0.00594426
-0.0164804
-0.00915547
0.00307717
0.0191498
0.0234066
-0.0095835
-0.0165858
0.0111836
0.00577483
-0.00287099
-0.0239088
-0.0270649
-0.0333349
-0.0373841
-0.0365275
-0.00932329
0.010225
0.00423241
-0.0165255
-0.0321762
-0.0161426
-0.0387488
-0.0418761
-0.0401548
-0.0356209
-0.0299433
-0.0247082
-0.0200043
-0.013253
-0.00548863
0.00357225
0.0165782
0.028615
0.0507067
0.0592516
0.0412119
0.0235998
0.00955946
0.00308337
0.00800855
0.0147449
0.0262805
0.0389426
0.00594993
-0.0119589
0.0101575
0.00993412
0.00428937
-0.0137963
-0.0275376
-0.0286316
-0.0336232
-0.0351357
-0.011585
0.00674565
0.00235985
-0.0146057
-0.0286399
-0.0144694
-0.0265925
-0.0299598
-0.02942
-0.0261001
-0.0213976
-0.0162708
-0.0112474
-0.00542968
0.00106484
0.00839676
0.0190353
0.0301727
0.0458602
0.0542496
0.0432987
0.0289882
0.018675
0.0152209
0.0172755
0.0188281
0.0283827
0.0431231
0.0150612
-0.00673483
0.00607804
0.0125543
0.010132
0.00180839
-0.00843676
-0.0169417
-0.0277688
-0.0326788
-0.0124
0.000780727
0.000755498
-0.011602
-0.0236352
-0.0120441
-0.0162533
-0.0192652
-0.0193175
-0.0171754
-0.0135316
-0.0091669
-0.00470439
0.00034924
0.00602374
0.0126043
0.0212625
0.0300347
0.0393328
0.0456175
0.0406613
0.0309689
0.0232621
0.0219143
0.0243694
0.023931
0.0278743
0.0374995
0.0211311
0.00308293
0.0088878
0.0153503
0.0149311
0.0154392
0.0138508
0.00161413
-0.0190155
-0.0260545
-0.0100488
-0.000232179
0.000422567
-0.00758988
-0.0174897
-0.00895924
-0.00762837
-0.0102977
-0.0108066
-0.00926162
-0.00643884
-0.00290322
0.000879398
0.00504869
0.00964166
0.0146905
0.020752
0.0269975
0.0331823
0.0375104
0.0361111
0.0309004
0.0258187
0.0240922
0.0258776
0.0243962
0.0264908
0.0325579
0.0254489
0.0125754
0.0130676
0.0163613
0.0176159
0.0229051
0.0234784
0.0173296
-0.00618825
-0.0123479
-0.00387691
8.80518e-05
0.0013091
-0.0031236
-0.0108306
-0.00552151
-0.000624092
-0.00279888
-0.00327872
-0.00224977
-0.000228116
0.00239928
0.00533193
0.00854841
0.0120125
0.0157993
0.0201602
0.0246279
0.0286953
0.0315874
0.0316971
0.0296011
0.0266412
0.0254152
0.0271592
0.0268535
0.0256838
0.0286512
0.0266084
0.0184041
0.0170501
0.018509
0.0195875
0.0246891
0.0267208
0.0255442
0.00670585
0.0014115
0.00420556
0.0028852
0.00361994
0.000920597
-0.00520041
-0.0027133
0.00504199
0.00338212
0.00290043
0.00348541
0.00488644
0.00679976
0.00898915
0.0113783
0.0139099
0.0166495
0.0196762
0.0227386
0.0254865
0.0275418
0.0282245
0.0277504
0.0264546
0.0253717
0.0261666
0.0257239
0.0247008
0.0254077
0.0258807
0.0213534
0.0193649
0.0191714
0.0201261
0.0243301
0.0270634
0.0270625
0.0146699
0.010085
0.0103872
0.00705938
0.00655775
0.0039387
-0.00145065
-0.000813304
0.00968251
0.00835732
0.00787497
0.00819469
0.00912956
0.010491
0.0120404
0.0137236
0.0154831
0.0173757
0.0194458
0.0215429
0.0234598
0.0249621
0.025765
0.0259521
0.025572
0.025118
0.0255014
0.0257082
0.0251721
0.0261124
0.0250834
0.022614
0.0208833
0.0201574
0.0206412
0.0234135
0.0255931
0.0254984
0.0175726
0.0128779
0.0131832
0.00902931
0.00843745
0.00561993
0.000997714
0.000459328
0.013304
0.012274
0.0118582
0.0120088
0.0125782
0.0134537
0.0145151
0.0156731
0.0168638
0.0181241
0.0195029
0.0209142
0.0222466
0.0233339
0.0240523
0.0244919
0.0245932
0.0244671
0.0246107
0.0247044
0.024441
0.0243529
0.0239068
0.0227224
0.0214632
0.0205611
0.0205309
0.022194
0.0236532
0.023199
0.0180382
0.0145136
0.0133846
0.00999921
0.00879115
0.00612619
0.00244562
0.0011758
0.0161722
0.0153971
0.0150345
0.0150525
0.0153602
0.0158986
0.0165774
0.0173334
0.0181026
0.0189027
0.0197821
0.0207121
0.0216049
0.0223707
0.0229623
0.0233977
0.0236485
0.0236976
0.0238082
0.0238437
0.0237018
0.0234441
0.0229828
0.0223607
0.0215581
0.0207202
0.020369
0.0210971
0.0218092
0.0210501
0.0176204
0.0147826
0.0130279
0.0102701
0.00841957
0.00596126
0.00313786
0.00156253
0.0184421
0.0178406
0.017514
0.0174448
0.0175744
0.0178696
0.0182682
0.01872
0.0191746
0.0196495
0.0201775
0.0207576
0.0213297
0.0218388
0.022269
0.0226186
0.0228757
0.0229676
0.0230475
0.0230354
0.0229039
0.022651
0.0222296
0.021796
0.0212091
0.0205295
0.0199532
0.0200229
0.0202185
0.0192127
0.0167648
0.0143579
0.0124331
0.0100935
0.00815983
0.00573016
0.00338395
0.00155173
0.020187
0.0197217
0.0194345
0.0193125
0.0193176
0.0194386
0.0196353
0.0198733
0.020109
0.0203557
0.0206394
0.0209623
0.0212955
0.0215916
0.0218636
0.0220879
0.0222753
0.0223389
0.0223693
0.0223278
0.0221877
0.0219633
0.0215813
0.0211999
0.0207101
0.0201378
0.01951
0.0191426
0.0188454
0.0175864
0.0158901
0.0138901
0.0120107
0.00992551
0.00789724
0.00555979
0.00346393
0.0014997
0.0215264
0.0211632
0.020906
0.0207489
0.0206708
0.0206737
0.02073
0.0208162
0.0208945
0.0209783
0.0210852
0.021227
0.021381
0.021514
0.0216454
0.0217472
0.02184
0.0218411
0.0218149
0.0217336
0.02157
0.0213439
0.0209912
0.0206247
0.0201476
0.0196223
0.0189731
0.0183766
0.0178695
0.0170255
0.01525
0.0134513
0.0116331
0.0096314
0.00767394
0.00543576
0.00340591
0.00136998
0.0225344
0.0222443
0.0220117
0.0218363
0.0217057
0.0216289
0.0215873
0.0215669
0.0215379
0.0215097
0.0214955
0.0215002
0.0215127
0.0215296
0.0215464
0.0215349
0.0215339
0.0214674
0.0213735
0.0212439
0.021045
0.020802
0.0204506
0.0200778
0.0195884
0.0190572
0.0184193
0.0177132
0.0170142
0.0159822
0.0145708
0.0130174
0.0113054
0.0094391
0.00752286
0.00537394
0.00339013
0.00129733
0.0232738
0.0230372
0.0228255
0.022642
0.0224793
0.0223501
0.022244
0.0221519
0.0220545
0.0219536
0.0218657
0.0217897
0.021734
0.0216349
0.0215535
0.0214541
0.0213502
0.0212077
0.0210437
0.0208644
0.020617
0.0203455
0.0199777
0.0195814
0.0190865
0.0185261
0.017889
0.0171285
0.0163258
0.0152834
0.0140701
0.0127261
0.0110931
0.00928553
0.00745031
0.00534496
0.00330873
0.00123794
0.0237997
0.023599
0.0234034
0.023218
0.0230382
0.0228752
0.0227277
0.0225845
0.0224418
0.0222862
0.0221433
0.0219935
0.0218594
0.0217023
0.0215525
0.0213881
0.0212131
0.0210235
0.0207916
0.0205676
0.0202657
0.0199609
0.0195704
0.0191408
0.0186548
0.0180624
0.0174639
0.0166682
0.0158429
0.0148682
0.0136847
0.0124407
0.0108826
0.00911333
0.0073283
0.00530777
0.00324158
0.00117699
0.0241598
0.0239768
0.0237914
0.0236065
0.0234194
0.0232374
0.0230609
0.0228849
0.0227083
0.022522
0.0223396
0.0221491
0.021962
0.0217621
0.0215591
0.0213489
0.0211211
0.020883
0.0206098
0.0203305
0.0199984
0.0196476
0.0192327
0.0187674
0.0182532
0.0176341
0.0169663
0.0161992
0.0153344
0.0143803
0.0132427
0.0119956
0.0105162
0.00883286
0.00710148
0.00517065
0.00315823
0.00110011
0.0243816
0.0242087
0.0240301
0.0238473
0.0236584
0.0234672
0.0232742
0.023079
0.0228812
0.0226774
0.0224707
0.0222561
0.0220364
0.0218071
0.02157
0.0213254
0.0210635
0.02079
0.020485
0.0201679
0.0198099
0.019424
0.0189918
0.0185036
0.0179696
0.0173499
0.0166732
0.0158943
0.0150212
0.0140483
0.0129326
0.0116795
0.010273
0.00867572
0.00696327
0.00511023
0.00312148
0.00107209
0.0244877
0.0243181
0.0241422
0.0239609
0.0237726
0.0235782
0.023378
0.0231732
0.0229648
0.022752
0.0225341
0.0223085
0.0220732
0.0218294
0.0215741
0.0213124
0.021032
0.0207398
0.0204182
0.0200798
0.0197071
0.0193026
0.0188578
0.0183556
0.017809
0.0171832
0.0164961
0.0157143
0.014837
0.0138575
0.0127513
0.0115033
0.0101119
0.00854899
0.00686542
0.00505082
0.00309636
0.00105396
-0.0965178
-0.106235
-0.114222
-0.12037
-0.124624
-0.12457
-0.121504
-0.115119
-0.0755453
-0.0817125
-0.0864741
-0.0900704
-0.0921826
-0.0929966
-0.093871
-0.0993212
-0.0566895
-0.0607859
-0.0637592
-0.0668171
-0.0693664
-0.0731746
-0.0766404
-0.0821936
-0.0421638
-0.0450572
-0.0473944
-0.0501747
-0.0527976
-0.0560224
-0.0584417
-0.0626551
-0.0299175
-0.0320933
-0.0338779
-0.03587
-0.0378166
-0.040088
-0.0424711
-0.0466453
-0.0200182
-0.0214972
-0.0227522
-0.0240948
-0.0256112
-0.0273904
-0.0295933
-0.0331244
-0.0117198
-0.0126577
-0.0134767
-0.0143568
-0.0155087
-0.0169182
-0.0188439
-0.0218425
-0.00480448
-0.00536613
-0.00586425
-0.00644348
-0.00733124
-0.00848902
-0.0100619
-0.0124601
0.00102119
0.000681715
0.000384201
-2.44169e-05
-0.000692775
-0.0015461
-0.00269958
-0.00458503
0.00588445
0.00567506
0.00549557
0.00524288
0.00483392
0.00426206
0.00336392
0.0018118
0.00997637
0.00984371
0.00976146
0.00963085
0.00934818
0.00885974
0.00809455
0.0068746
0.0134099
0.0133022
0.0132304
0.0131076
0.0128653
0.0124975
0.0119585
0.0110691
0.0162174
0.0160986
0.0160163
0.0159208
0.0157669
0.0155171
0.0151019
0.0143905
0.0185298
0.0184004
0.0183075
0.0182141
0.0180764
0.0178583
0.0175176
0.0169765
0.0203801
0.0202343
0.0201157
0.0200035
0.0198718
0.0196955
0.0194396
0.0190414
0.0218299
0.0216767
0.0215451
0.0214256
0.0213012
0.0211502
0.0209435
0.020639
0.0229516
0.0227983
0.0226601
0.022533
0.0224067
0.0222676
0.022096
0.0218646
0.0237953
0.0236462
0.0235072
0.0233775
0.0232513
0.0231213
0.0229742
0.0227936
0.0244154
0.024273
0.0241374
0.024009
0.0238834
0.0237588
0.0236265
0.0234798
0.0248482
0.0247144
0.0245859
0.0244626
0.0243401
0.0242205
0.0240978
0.0239721
0.0251381
0.0250127
0.0248934
0.0247776
0.0246612
0.0245457
0.024429
0.0243131
0.0253152
0.0251938
0.0250804
0.0249706
0.0248597
0.0247483
0.0246356
0.0245246
0.0253929
0.0252751
0.0251664
0.0250619
0.0249561
0.0248483
0.0247378
0.0246278
0.0628665
0.0656306
0.0678279
0.0692677
0.0693305
0.0678004
0.0644965
0.0589058
0.0501116
0.0367838
0.0170733
-0.0116183
-0.0535564
-0.111938
-0.164837
0.0394055
0.0395958
0.0379108
0.0349789
0.0307993
0.0249801
0.0169824
0.0060592
-0.00883148
-0.0291224
-0.0567916
-0.0943866
-0.146089
-0.216158
-0.274008
0.015553
0.0131833
0.00783535
0.00100805
-0.00701645
-0.0168245
-0.029185
-0.0449777
-0.06532
-0.0917177
-0.1263
-0.171734
-0.230888
-0.310823
-0.366996
-0.00930832
-0.0143285
-0.0226342
-0.0323775
-0.0434881
-0.0567379
-0.0729541
-0.0930051
-0.118027
-0.149528
-0.189666
-0.241585
-0.307103
-0.388331
-0.442242
-0.0340128
-0.0418538
-0.0524587
-0.0643988
-0.0780184
-0.0941741
-0.113605
-0.137129
-0.165879
-0.201379
-0.245446
-0.301682
-0.370347
-0.449002
-0.498541
-0.0572584
-0.0680014
-0.0804685
-0.0942154
-0.11001
-0.128626
-0.150644
-0.176808
-0.20823
-0.246374
-0.293202
-0.350895
-0.419341
-0.492644
-0.535807
-0.0785236
-0.0917536
-0.10568
-0.121199
-0.139024
-0.159701
-0.18375
-0.211866
-0.24501
-0.284505
-0.332014
-0.388867
-0.454063
-0.518853
-0.555363
-0.0990188
-0.11279
-0.128088
-0.145383
-0.165047
-0.187456
-0.213049
-0.242419
-0.276376
-0.316001
-0.362513
-0.416454
-0.475288
-0.528614
-0.559556
0.197841
0.212539
0.228928
0.247424
0.268103
0.29089
0.315702
0.342489
0.371173
0.401505
0.432907
0.464217
0.493448
0.516611
0.535715
0.194641
0.208532
0.224205
0.242061
0.262081
0.284108
0.308021
0.333764
0.36125
0.39021
0.420027
0.449482
0.476512
0.497166
0.513807
0.18732
0.199596
0.2139
0.230556
0.249311
0.269828
0.29191
0.315463
0.340359
0.366264
0.392472
0.417659
0.439591
0.454481
0.465602
0.175879
0.185941
0.198413
0.213359
0.230189
0.248382
0.267694
0.288006
0.309113
0.330549
0.351438
0.370271
0.384528
0.390582
0.393741
0.160362
0.167842
0.178261
0.191222
0.205641
0.220799
0.236445
0.252482
0.268654
0.284352
0.298486
0.309303
0.313925
0.308623
0.30194
0.141065
0.145644
0.153836
0.164552
0.176182
0.18786
0.199322
0.210438
0.220862
0.229833
0.236057
0.237542
0.231064
0.212722
0.193987
0.118479
0.120576
0.12675
0.134772
0.142873
0.150391
0.157157
0.162942
0.167184
0.168906
0.166601
0.158031
0.139656
0.107549
0.0759599
0.092099
0.0929152
0.0978712
0.103087
0.107245
0.110152
0.111813
0.111892
0.109612
0.103784
0.0926932
0.0738586
0.0433763
-0.00242502
-0.0460579
0.0382065
0.042652
0.0389347
0.0429308
0.0404445
0.0447748
0.0430435
0.047455
0.0468372
0.0513272
0.0521296
0.056983
0.0595001
0.0651911
0.0699231
0.0771541
0.0846181
0.0945486
0.105571
0.119503
0.135417
0.154907
0.17735
0.0382295
0.0426408
0.0389652
0.0429205
0.0404908
0.0447588
0.043095
0.0474485
0.0469085
0.0513244
0.0522057
0.0570215
0.0595643
0.0652454
0.0700092
0.0771935
0.0846572
0.0945203
0.105425
0.119189
0.13459
0.153704
0.175251
0.0382626
0.0426044
0.0390167
0.0428807
0.0405638
0.0447108
0.0431715
0.0474064
0.0470126
0.0512858
0.0523174
0.0570217
0.0596199
0.0651773
0.0699235
0.0769628
0.0843714
0.0940421
0.104428
0.117847
0.132337
0.150613
0.170217
0.0383045
0.0425447
0.0390851
0.0428154
0.0406488
0.0446342
0.0433048
0.0473394
0.0471462
0.0512347
0.0524565
0.057031
0.0597278
0.0653018
0.0700697
0.0770277
0.0841819
0.0937693
0.103485
0.116405
0.129322
0.146015
0.16228
0.038354
0.0424645
0.0391636
0.0427304
0.0408052
0.0445337
0.0434393
0.0472505
0.0472872
0.0511486
0.0525904
0.0569501
0.0597392
0.065057
0.0698127
0.0764646
0.083396
0.0924839
0.101426
0.113397
0.124478
0.139108
0.151129
0.0384093
0.0423669
0.0392504
0.0426293
0.0409083
0.0444193
0.0435903
0.0471659
0.0474714
0.051112
0.0527958
0.0570074
0.0599594
0.0653755
0.0699881
0.0767471
0.083239
0.092109
0.0999697
0.110839
0.1192
0.130786
0.137076
0.038469
0.0422554
0.0393431
0.0425161
0.0410297
0.044295
0.0437283
0.0470499
0.0475995
0.0510014
0.0528875
0.0568403
0.0598646
0.0649423
0.0695169
0.0757357
0.0819473
0.0897629
0.0968168
0.105831
0.111932
0.11995
0.120259
0.0385318
0.0421363
0.039436
0.0424015
0.0411575
0.0441998
0.0439091
0.0470176
0.0478457
0.0510897
0.0532026
0.0571088
0.0603159
0.0655925
0.0698443
0.0763582
0.081984
0.089528
0.0949775
0.102184
0.104227
0.107357
0.0998239
0.0386005
0.0419699
0.039557
0.0422192
0.0412991
0.043972
0.0440258
0.0467786
0.0479073
0.0508166
0.0531241
0.0566482
0.0598469
0.0645263
0.0686093
0.0739959
0.0790902
0.0841952
0.0885883
0.0914435
0.0910133
0.0864889
0.0735623
0.0386944
0.0417315
0.0397147
0.041954
0.0414361
0.0436271
0.0441174
0.0462852
0.0477965
0.0501798
0.0526046
0.0555211
0.0586762
0.0624838
0.0661318
0.0700438
0.0740218
0.0767787
0.0791684
0.0785291
0.0759293
0.0684749
0.0579541
0.0388167
0.0414239
0.0398977
0.0416245
0.0416068
0.043196
0.0442013
0.0457755
0.0476184
0.0495421
0.0520023
0.0544074
0.0573635
0.0602839
0.0633464
0.0660074
0.0686269
0.0696694
0.0698947
0.0674263
0.0629378
0.0554237
0.045758
0.0389675
0.041038
0.0401109
0.0412335
0.0417597
0.042792
0.044183
0.0453237
0.0472867
0.0488429
0.0511974
0.0530775
0.0557481
0.0578344
0.0601765
0.0617748
0.0629235
0.0626844
0.0611902
0.0575735
0.0521903
0.0449091
0.036316
0.0391496
0.0405701
0.0403247
0.040885
0.041795
0.0424468
0.0440487
0.0448654
0.046781
0.0481026
0.0501384
0.0516518
0.0538289
0.0551924
0.0566893
0.0574011
0.0572612
0.0560143
0.0534365
0.0492743
0.0437291
0.0368983
0.0292781
0.03936
0.040069
0.0404411
0.0406024
0.0417537
0.0421233
0.0437843
0.0443873
0.046116
0.0472699
0.048877
0.0500571
0.0516627
0.0523616
0.0530611
0.0530068
0.0519247
0.0499443
0.0468775
0.0425959
0.0372853
0.0310475
0.0241708
0.0395616
0.0396027
0.0404358
0.0403691
0.0416134
0.0418116
0.0433787
0.0438818
0.0453064
0.0463158
0.0474556
0.0482888
0.0493317
0.0494311
0.0494409
0.048766
0.047092
0.0446808
0.0414681
0.0373699
0.0324959
0.0269481
0.0208192
0.0397235
0.039183
0.0403352
0.040164
0.0413611
0.0414981
0.0428411
0.0433021
0.0443847
0.0452185
0.045917
0.0463831
0.0469068
0.0465166
0.045974
0.0448333
0.0428729
0.0402894
0.0371239
0.0333633
0.0290198
0.0241846
0.0188366
0.0398136
0.0388329
0.0401257
0.0399725
0.041003
0.0411596
0.0422011
0.0426278
0.0433767
0.0439797
0.0442966
0.0444071
0.0444719
0.0437156
0.0427733
0.0413385
0.0392899
0.0367341
0.0337506
0.0303971
0.0266362
0.0225227
0.0179799
0.039815
0.0385635
0.0398065
0.0397727
0.0405566
0.0407651
0.0414954
0.0418437
0.0422952
0.0426313
0.0426318
0.042437
0.0421204
0.0411138
0.0399281
0.0383513
0.036336
0.033944
0.0312456
0.0283282
0.0251467
0.0217204
0.0179465
0.0397141
0.0383715
0.0393958
0.0395297
0.0400572
0.0402792
0.0407437
0.0409592
0.041155
0.0412211
0.0409676
0.0405362
0.0399305
0.0387799
0.0374792
0.0358834
0.0339865
0.0318358
0.0294789
0.0269957
0.0243502
0.0215424
0.0184618
0.0395053
0.038241
0.0389267
0.0391928
0.0395309
0.0397122
0.0399563
0.040002
0.039978
0.0398063
0.039358
0.038756
0.0379642
0.0367538
0.0354326
0.0339091
0.0321881
0.0303099
0.028304
0.0262292
0.0240586
0.0217872
0.0193102
0.0391944
0.0381416
0.038452
0.0387324
0.038973
0.0390879
0.0391444
0.0390091
0.0387956
0.0384416
0.0378545
0.0371417
0.0362461
0.0350405
0.0337709
0.032381
0.0308676
0.0292615
0.0275816
0.0258688
0.0241032
0.0222824
0.0203165
0.0387983
0.0380209
0.0380203
0.0381671
0.0383544
0.038407
0.0383149
0.0380199
0.0376457
0.0371663
0.0364997
0.0357223
0.0347814
0.0336265
0.0324581
0.0312375
0.0299439
0.0285913
0.0271924
0.0257804
0.0243462
0.0228925
0.0213446
0.0383436
0.0378058
0.0376269
0.0376181
0.0376949
0.0376662
0.0374698
0.0370567
0.036562
0.0360069
0.0353135
0.0345135
0.0335656
0.0324812
0.0314361
0.0303994
0.0293267
0.0282049
0.0270393
0.0258678
0.0246991
0.0235406
0.022329
0.037859
0.0374947
0.0372493
0.0370949
0.0370258
0.0368985
0.0366215
0.036136
0.035566
0.0349763
0.0343003
0.0335166
0.0325881
0.0315768
0.0306513
0.0297893
0.0289233
0.0280088
0.0270403
0.0260614
0.0251012
0.024175
0.0232304
0.0373675
0.0371061
0.0368425
0.0365894
0.0363849
0.0361559
0.0358087
0.0352785
0.0346707
0.0340778
0.0334443
0.0327062
0.0318277
0.0308949
0.0300725
0.0293526
0.0286587
0.0279236
0.0271273
0.0263097
0.0255132
0.0247641
0.0240238
0.0368874
0.0366779
0.0364028
0.0360944
0.0357897
0.0354641
0.0350583
0.0345081
0.0338876
0.0333083
0.0327253
0.0320478
0.031244
0.0304004
0.0296649
0.0290468
0.0284793
0.0278901
0.0272445
0.0265679
0.025904
0.0252884
0.0247012
0.0364246
0.0362345
0.035954
0.0356188
0.0352491
0.0348488
0.0343989
0.0338401
0.0332211
0.0326617
0.0321305
0.0315218
0.0308044
0.0300551
0.0293935
0.028842
0.028356
0.0278751
0.027356
0.0268029
0.0262479
0.0257314
0.0252549
0.0359987
0.035813
0.0355216
0.0351761
0.0347737
0.0343199
0.0338387
0.0332866
0.0326782
0.0321344
0.0316487
0.0311098
0.0304794
0.029822
0.0292267
0.0287215
0.0282863
0.0278808
0.0274609
0.0270101
0.026544
0.0261011
0.0257003
0.0356306
0.0354497
0.0351468
0.0347869
0.0343727
0.0338951
0.0333916
0.0328461
0.0322582
0.0317249
0.0312624
0.0307805
0.0302308
0.0296537
0.029116
0.028649
0.0282529
0.0279027
0.0275557
0.0271828
0.0267875
0.0264048
0.026066
0.0353452
0.035168
0.0348594
0.0344824
0.0340671
0.0335919
0.0330719
0.0325296
0.0319751
0.0314559
0.0309969
0.0305541
0.030076
0.0295671
0.0290709
0.0286252
0.0282461
0.0279195
0.0276083
0.0272809
0.0269348
0.0265978
0.0263003
0.03519
0.0350155
0.0347006
0.0343099
0.0338873
0.0334089
0.0328822
0.0323465
0.0318142
0.031305
0.0308454
0.030418
0.029978
0.0295107
0.0290457
0.0286207
0.0282548
0.0279412
0.0276518
0.0273579
0.0270509
0.0267482
0.0264782
0.0577939
0.0376658
0.013651
-0.00913164
-0.0302491
-0.0500223
-0.0683445
-0.0838435
0.0462037
0.027358
0.00416224
-0.015984
-0.031963
-0.0455494
-0.0575015
-0.0675074
0.0363898
0.0218907
0.00256622
-0.0142759
-0.0259961
-0.035152
-0.0435839
-0.0510505
0.0283554
0.0168062
0.000993467
-0.0130439
-0.0222447
-0.0284904
-0.0339103
-0.038588
0.0225809
0.0136796
0.00142928
-0.00959205
-0.016557
-0.0207156
-0.0241583
-0.0272994
0.018286
0.0115393
0.00259289
-0.00559655
-0.0109161
-0.0139196
-0.016198
-0.018239
0.0154316
0.0101387
0.0041825
-0.00127112
-0.00515086
-0.00748509
-0.00914413
-0.0105201
0.0140795
0.0100118
0.00624032
0.00282227
0.000102546
-0.00174444
-0.00304699
-0.00401709
0.013933
0.0108646
0.00856051
0.00651987
0.00469928
0.00329655
0.0022718
0.00155745
0.0145928
0.0123059
0.0109616
0.00982152
0.00865332
0.00761928
0.00681149
0.00625801
0.0157382
0.0140511
0.01332
0.0127513
0.01204
0.0113034
0.010682
0.0102502
0.0171405
0.0159108
0.0155588
0.0153359
0.0149316
0.0144243
0.0139589
0.0136232
0.0186245
0.0177457
0.0176193
0.0175911
0.0173781
0.0170326
0.0166823
0.0164084
0.0200465
0.0194315
0.0194346
0.0195165
0.0194317
0.0192066
0.0189426
0.018711
0.0213433
0.0209181
0.0209865
0.0211199
0.0211123
0.0209667
0.0207611
0.0205579
0.0224889
0.0221989
0.0222911
0.02243
0.0224515
0.0223499
0.022183
0.022002
0.0234698
0.0232743
0.0233654
0.0234842
0.0235054
0.0234226
0.023279
0.0231152
0.0242871
0.0241549
0.024231
0.0243174
0.0243213
0.024239
0.0241045
0.0239508
0.0249403
0.0248473
0.0249018
0.0249538
0.0249352
0.0248452
0.0247121
0.024564
0.0254479
0.0253714
0.0253987
0.0254162
0.0253732
0.0252715
0.0251355
0.0249904
0.0258564
0.0257781
0.0257662
0.0257427
0.0256722
0.0255571
0.0254172
0.025274
0.0261154
0.0260341
0.0259959
0.0259453
0.0258572
0.025734
0.0255917
0.0254488
0.0262993
0.0261977
0.0261225
0.026041
0.0259358
0.0258069
0.0256648
0.0255238
-0.459467
-0.472167
-0.490179
-0.513225
-0.542211
-0.577563
-0.61262
-0.640872
-0.456781
-0.46845
-0.484377
-0.504313
-0.528334
-0.556706
-0.586763
-0.611089
-0.44965
-0.461957
-0.476761
-0.494309
-0.514816
-0.535691
-0.552517
-0.560832
-0.441165
-0.453803
-0.46706
-0.480224
-0.492742
-0.502307
-0.505845
-0.500811
-0.433606
-0.444545
-0.453356
-0.459237
-0.462299
-0.461832
-0.456129
-0.443137
-0.428382
-0.433955
-0.435503
-0.433422
-0.428775
-0.421398
-0.409876
-0.39217
-0.42503
-0.421926
-0.415003
-0.405997
-0.395776
-0.383891
-0.368687
-0.34823
-0.421541
-0.408055
-0.393238
-0.378829
-0.364683
-0.349846
-0.332316
-0.310309
-0.415233
-0.391818
-0.370902
-0.352536
-0.335749
-0.318967
-0.300071
-0.27732
-0.403912
-0.373081
-0.348115
-0.327166
-0.308732
-0.290814
-0.271264
-0.248415
-0.38696
-0.351897
-0.324833
-0.302481
-0.283338
-0.264919
-0.24533
-0.222876
-0.364666
-0.328722
-0.300849
-0.278423
-0.259208
-0.24093
-0.221802
-0.200172
-0.339315
-0.303309
-0.276425
-0.254767
-0.236131
-0.218601
-0.200314
-0.179934
-0.308263
-0.275788
-0.251547
-0.231539
-0.214245
-0.197646
-0.180589
-0.161642
-0.273845
-0.248647
-0.226286
-0.209539
-0.192823
-0.177627
-0.161719
-0.144858
-0.460399
-0.471099
-0.475583
-0.473894
-0.467938
-0.460594
-0.454732
-0.45356
-0.459438
-0.467963
-0.470326
-0.467172
-0.461031
-0.454778
-0.45058
-0.450619
-0.460736
-0.468898
-0.469682
-0.463895
-0.454931
-0.446661
-0.441688
-0.44234
-0.467426
-0.475499
-0.474278
-0.464447
-0.450357
-0.437727
-0.430654
-0.431718
-0.479859
-0.488398
-0.485052
-0.470519
-0.450302
-0.432283
-0.422606
-0.423894
-0.498398
-0.508058
-0.502569
-0.483103
-0.456729
-0.433431
-0.421262
-0.421479
-0.52324
-0.534704
-0.526987
-0.502453
-0.470428
-0.442935
-0.42845
-0.424892
-0.553934
-0.567899
-0.557766
-0.528041
-0.491129
-0.460741
-0.442445
-0.431714
-0.589038
-0.606154
-0.593402
-0.558454
-0.517435
-0.484083
-0.459367
-0.437822
-0.625984
-0.646635
-0.631218
-0.591594
-0.547474
-0.508581
-0.47334
-0.438567
-0.661371
-0.685808
-0.667749
-0.623623
-0.575238
-0.527712
-0.479709
-0.431156
-0.690826
-0.719626
-0.699179
-0.652176
-0.59683
-0.537202
-0.474354
-0.413686
-0.709508
-0.740711
-0.719491
-0.667636
-0.602512
-0.529801
-0.454889
-0.38853
-0.713123
-0.746386
-0.723342
-0.664789
-0.588731
-0.505219
-0.425578
-0.358433
-0.693839
-0.725761
-0.69981
-0.632294
-0.546289
-0.459941
-0.385321
-0.324432
-0.617212
-0.644058
-0.616962
-0.544386
-0.45458
-0.37719
-0.323781
-0.291363
-0.456441
-0.468136
-0.452985
-0.409442
-0.357595
-0.31367
-0.284135
-0.264031
-0.31769
-0.304761
-0.289432
-0.271612
-0.25128
-0.230485
-0.217995
-0.214524
-0.241838
-0.201703
-0.17689
-0.164081
-0.157941
-0.155751
-0.150845
-0.157345
-0.234871
-0.168765
-0.125239
-0.109119
-0.104769
-0.10468
-0.0999497
-0.10797
-0.243092
-0.155056
-0.0866047
-0.062183
-0.0633542
-0.0670547
-0.065702
-0.0719335
-0.202722
-0.140108
-0.0745252
-0.0266888
-0.0213293
-0.0325935
-0.0410926
-0.0410158
-0.149725
-0.12288
-0.0951906
-0.0692074
-0.0586859
-0.0612796
-0.0392066
-0.041753
-0.127329
-0.123205
-0.118792
-0.107992
-0.100406
-0.0985688
-0.0905844
-0.079111
-0.119188
-0.127823
-0.137174
-0.139444
-0.12956
-0.116114
-0.0946447
-0.0730689
-0.122553
-0.147001
-0.171114
-0.187074
-0.18379
-0.161049
-0.133168
-0.102976
-0.125327
-0.16135
-0.19756
-0.222628
-0.226603
-0.213196
-0.189641
-0.153683
-0.12472
-0.145302
-0.167792
-0.186933
-0.199323
-0.195155
-0.188992
-0.160147
-0.132572
-0.137716
-0.142537
-0.14573
-0.147784
-0.144805
-0.142737
-0.131742
-0.135421
-0.135448
-0.133507
-0.129098
-0.123812
-0.116305
-0.110597
-0.103408
-0.112811
-0.116133
-0.117557
-0.115695
-0.110523
-0.102194
-0.092035
-0.0792242
-0.0974774
-0.103394
-0.107493
-0.109035
-0.107654
-0.102635
-0.093106
-0.0799215
-0.117305
-0.126378
-0.133642
-0.138521
-0.140313
-0.138041
-0.131887
-0.119747
-0.141908
-0.151445
-0.159159
-0.165074
-0.168521
-0.171002
-0.167984
-0.162473
-0.134941
-0.13782
-0.138754
-0.139331
-0.13834
-0.137854
-0.133437
-0.131733
-0.100501
-0.0928134
-0.0843531
-0.0766568
-0.0700228
-0.0658132
-0.0613179
-0.0598742
-0.10052
-0.083877
-0.0672337
-0.0522529
-0.0396583
-0.0299086
-0.0234474
-0.0190974
-0.117411
-0.0995723
-0.081545
-0.0645113
-0.0491782
-0.0358941
-0.025331
-0.0143615
-0.114384
-0.103673
-0.0911151
-0.0775288
-0.0636985
-0.0498553
-0.0352077
-0.0211523
-0.109422
-0.114351
-0.116419
-0.115296
-0.111152
-0.104291
-0.0943349
-0.0820156
-0.112897
-0.123653
-0.134202
-0.139774
-0.139277
-0.153774
-0.144092
-0.133392
-0.0739465
-0.0754475
-0.0762195
-0.076821
-0.0763016
-0.075867
-0.0727484
-0.0700914
-0.00927406
-0.00439739
-0.000461656
0.00203489
0.00331008
0.00312874
0.00192935
-0.000543688
-0.00175185
0.00389986
0.00880077
0.012778
0.0158535
0.0179266
0.0192176
0.0198361
-0.0113822
-0.00751302
-0.00374392
-0.000165976
0.00318967
0.00625755
0.00906623
0.0116418
-0.0266898
-0.0237666
-0.0206091
-0.0173052
-0.0139172
-0.0104985
-0.00706204
-0.00349923
-0.0184377
-0.0162123
-0.0142257
-0.0125272
-0.0111101
-0.00996937
-0.00901996
-0.00829868
0.0123311
0.0124666
0.0122162
0.0115599
0.0105241
0.00914965
0.00752173
0.00576944
0.0238847
0.0236747
0.0232142
0.0225133
0.0216102
0.0205696
0.0194524
0.0183274
0.016492
0.0174273
0.0183845
0.0193567
0.0203439
0.0213526
0.0223965
0.0234629
-0.000944472
0.00154064
0.00403925
0.00646704
0.00877308
0.010954
0.0130567
0.0151582
-0.0186141
-0.0160764
-0.0135354
-0.0110955
-0.00882758
-0.00675618
-0.00486222
-0.00308996
-0.00843258
-0.00732342
-0.00627333
-0.00532546
-0.00450447
-0.0038117
-0.00322877
-0.00273408
-0.25238
-0.184815
-0.142318
-0.106215
-0.0766834
-0.0548339
-0.0372241
-0.0233497
-0.0127987
-0.00450886
0.00211609
0.00719678
0.0112391
0.0144345
0.0169413
0.0189315
0.0204812
0.0216831
0.0226048
0.0232884
0.0237695
0.0240825
0.024239
-0.238476
-0.177763
-0.141
-0.105965
-0.0776873
-0.0560636
-0.0385168
-0.0248639
-0.0142953
-0.00580055
0.000909559
0.00616198
0.0103765
0.0137157
0.0163678
0.0184774
0.0201255
0.0214084
0.0223897
0.0231184
0.0236326
0.0239651
0.0241325
-0.18882
-0.138508
-0.115165
-0.0863023
-0.0646353
-0.0472377
-0.0329012
-0.0215385
-0.0123253
-0.00472211
0.00137297
0.006314
0.0103278
0.0135725
0.0161907
0.0182905
0.0199485
0.021248
0.0222449
0.0229863
0.0235101
0.0238504
0.0240222
-0.135038
-0.0960807
-0.0809574
-0.0578317
-0.0441366
-0.0323112
-0.0225154
-0.0145389
-0.00767327
-0.00170942
0.00326977
0.00748148
0.01101
0.0139595
0.0163871
0.0183649
0.0199477
0.0212005
0.0221677
0.0228923
0.0234063
0.0237405
0.02391
-0.0876721
-0.0582853
-0.0460858
-0.0288904
-0.0216489
-0.0151151
-0.0101023
-0.00581809
-0.00172929
0.00243255
0.00604183
0.00930241
0.0121876
0.0147117
0.0168436
0.0186289
0.0200782
0.0212424
0.02215
0.0228336
0.0233199
0.023639
0.0238002
-0.0507157
-0.0273867
-0.0154833
-0.00252329
-0.000596892
0.00149918
0.00213154
0.00297577
0.00425464
0.00689027
0.00900029
0.0112871
0.0135166
0.0155902
0.0174031
0.0189693
0.020265
0.0213191
0.0221513
0.0227858
0.0232419
0.023541
0.0236926
-0.0134782
0.00954873
0.0211794
0.0269765
0.0220859
0.0179886
0.0138236
0.0113385
0.0103383
0.0109842
0.0119124
0.0132942
0.0149003
0.0165051
0.0179989
0.0193353
0.0204694
0.0214119
0.0221655
0.0227461
0.023168
0.0234471
0.0235888
0.00729597
0.0471416
0.0657537
0.058397
0.0453092
0.0340807
0.0249231
0.0191482
0.0158309
0.014973
0.0146497
0.0152341
0.0162647
0.0174324
0.0186148
0.0197198
0.020688
0.0215121
0.0221832
0.0227083
0.0230966
0.0233536
0.0234858
0.00193767
0.058666
0.0804875
0.075091
0.0597805
0.0448325
0.032961
0.0251396
0.0204364
0.018128
0.0171077
0.0170641
0.017614
0.0183855
0.0192672
0.0201415
0.0209422
0.0216423
0.0222249
0.0226867
0.0230326
0.0232637
0.0233841
-0.0135463
0.0396742
0.0627781
0.064686
0.0551528
0.0444251
0.034937
0.0280253
0.0234255
0.0207147
0.0193195
0.0188415
0.0189478
0.0193747
0.0199609
0.0206031
0.0212288
0.021796
0.0222822
0.0226749
0.022974
0.0231752
0.023281
-0.0695143
-0.0262486
0.0101437
0.0303323
0.0352278
0.0340618
0.0308036
0.0272068
0.0242842
0.0222162
0.020916
0.0202973
0.0201392
0.0202954
0.0206331
0.0210668
0.0215244
0.0219608
0.0223498
0.0226719
0.022921
0.0230895
0.0231793
-0.135457
-0.0947648
-0.0416159
-0.00470401
0.0149887
0.0234562
0.0251365
0.0250481
0.0242484
0.0231342
0.0222136
0.0216086
0.0212758
0.0212018
0.0213128
0.0215358
0.0218259
0.0221321
0.022423
0.0226715
0.0228693
0.0230056
0.0230777
-0.146599
-0.0995049
-0.0538658
-0.0171775
0.00395487
0.0168159
0.0222991
0.024323
0.0248273
0.0241324
0.0235359
0.0228622
0.0223933
0.0220947
0.0219941
0.0220213
0.0221452
0.0223175
0.0225052
0.0226784
0.0228246
0.0229246
0.0229793
-0.113542
-0.0766517
-0.047352
-0.0177575
-0.00024755
0.0138609
0.0202951
0.0242294
0.0252761
0.0251634
0.0247683
0.0240378
0.0235477
0.0230447
0.0227156
0.0225445
0.0224989
0.0225338
0.0226118
0.0227011
0.0227839
0.0228459
0.0228799
-0.0835893
-0.0537818
-0.0320337
-0.00536973
0.00503724
0.0197272
0.0230289
0.0272788
0.0270404
0.0269928
0.0262925
0.0254405
0.0246779
0.023972
0.0234369
0.0230799
0.0228649
0.0227554
0.0227182
0.0227235
0.0227463
0.0227659
0.0227796
-0.060359
-0.0340933
-0.0128389
0.0103743
0.0212962
0.030839
0.0317803
0.0332048
0.0307401
0.0295306
0.0279068
0.0267739
0.0257146
0.0247961
0.0240814
0.0235617
0.0232046
0.022972
0.0228291
0.0227503
0.0227023
0.0226815
0.0226719
-0.0664636
-0.039788
-0.00804535
0.0177541
0.0358155
0.0400359
0.0396551
0.0376075
0.0339759
0.0316351
0.0293979
0.0278899
0.0265903
0.02555
0.0246936
0.0240226
0.0235226
0.0231646
0.0229193
0.0227627
0.022656
0.0225927
0.0225598
-0.10266
-0.0814194
-0.0337157
0.0026236
0.0321376
0.0384542
0.0401188
0.0373518
0.03437
0.0321662
0.0301122
0.0286228
0.0272983
0.0261568
0.0251888
0.0244211
0.0238128
0.0233502
0.0230083
0.0227737
0.0225993
0.0224942
0.022437
-0.138653
-0.1265
-0.0540136
-0.0127012
0.0205334
0.0283762
0.033052
0.0329609
0.0318897
0.0305274
0.0294343
0.0286512
0.0276896
0.0266486
0.0256304
0.024757
0.0240473
0.02349
0.0230643
0.0227626
0.0225317
0.0223862
0.022306
-0.11805
-0.0944054
-0.0490115
-0.00949051
0.0165161
0.0254398
0.0301983
0.0311508
0.0308695
0.0299784
0.0293099
0.0285966
0.0276416
0.0267368
0.0258304
0.0249743
0.0242122
0.0235802
0.0230778
0.022718
0.0224361
0.0222537
0.0221547
-0.0549383
-0.0369969
-0.011211
0.0074326
0.0170552
0.0231134
0.0282513
0.0304873
0.0309456
0.0305955
0.029976
0.029309
0.0278536
0.0269536
0.0259923
0.0250818
0.0242838
0.0236149
0.0230603
0.0226559
0.0223192
0.0221027
0.0219825
-0.0163197
-0.00479194
0.00508374
0.00945308
0.0123595
0.020176
0.024584
0.0289624
0.0295822
0.0292259
0.0287215
0.0285881
0.0280593
0.0272175
0.0261922
0.0251764
0.024302
0.0235773
0.0229818
0.0225266
0.0221644
0.0219162
0.02178
-0.014616
-0.00192403
0.0050709
0.0148377
0.0210381
0.0282434
0.0315723
0.0338839
0.0327153
0.031457
0.0297751
0.0290114
0.0280174
0.0270536
0.0260131
0.0250751
0.0242236
0.0234884
0.0228683
0.0223754
0.0219736
0.021699
0.0215443
-0.0133087
0.000553895
0.0135364
0.0286592
0.0381597
0.0431974
0.0432399
0.0411493
0.0376273
0.0347093
0.0317303
0.0302059
0.0282827
0.0270035
0.0256588
0.0247592
0.0239485
0.0232459
0.0226391
0.0221424
0.0217338
0.021434
0.0212663
-0.0686458
-0.0475482
-0.0220619
0.00409213
0.0286362
0.0409793
0.0445992
0.0386703
0.0345804
0.0306417
0.0284268
0.0280498
0.0275519
0.0267117
0.0255114
0.0244996
0.0236589
0.0229561
0.0223558
0.0218653
0.0214376
0.0211199
0.0209388
-0.112896
-0.0977437
-0.0541365
-0.0260763
0.00642332
0.0256171
0.0345826
0.0337615
0.0311597
0.026521
0.0245608
0.0244993
0.0249495
0.0249769
0.0245169
0.023869
0.0231994
0.022552
0.0219806
0.0215002
0.0210742
0.0207428
0.0205504
-0.0628071
-0.0517626
-0.0343618
-0.0168169
6.67937e-05
0.0123124
0.0192793
0.0231361
0.0244776
0.0228044
0.0211574
0.021027
0.0220301
0.0227085
0.0229218
0.0228061
0.0224843
0.0220045
0.0215195
0.0210663
0.0206376
0.0202885
0.0200849
-0.00373851
-0.00199999
-0.000754471
-0.000931934
-0.00150879
-0.00223114
-0.000209224
0.00606739
0.0110816
0.0137335
0.0153822
0.0181096
0.0207898
0.0221317
0.0223482
0.0221932
0.0218706
0.0214564
0.021017
0.0205821
0.020126
0.0197621
0.0195363
0.0173365
0.0152745
0.0123982
0.0103765
0.00869191
0.00774422
0.00818315
0.0104386
0.0127334
0.0142841
0.0157504
0.0186082
0.0207768
0.0217834
0.0220548
0.0218555
0.0214228
0.0209201
0.020436
0.0199987
0.0195305
0.0191278
0.0188837
0.0139303
0.0170613
0.0199245
0.0229032
0.025457
0.0272369
0.0278749
0.0265135
0.0234755
0.0191149
0.0160002
0.0162325
0.0188697
0.020922
0.0215219
0.021374
0.0209495
0.0204049
0.0198462
0.019345
0.018809
0.0183796
0.0181083
0.00210008
0.00521368
0.00903401
0.0120652
0.0144014
0.0154983
0.0160009
0.0157569
0.0153493
0.0138199
0.0123655
0.0137533
0.017208
0.0196581
0.0205295
0.020617
0.0202729
0.0197325
0.0191294
0.0185721
0.0179814
0.0174972
0.0171858
-0.0073507
-0.00691024
-0.00686325
-0.00759221
-0.00860091
-0.00962272
-0.00925275
-0.00642781
-0.00160115
0.0028378
0.00656762
0.0110848
0.0159203
0.0191089
0.0203524
0.0201848
0.0197208
0.0190563
0.0183355
0.0177281
0.0170279
0.0164493
0.0160899
0.00331177
0.00078342
-0.00322446
-0.00591776
-0.00826609
-0.00976585
-0.00965199
-0.00693946
-0.00233594
0.00192864
0.00543995
0.0100606
0.0150425
0.0184693
0.0199886
0.0201789
0.0196394
0.0186674
0.0176246
0.0167696
0.0158768
0.0151766
0.0147465
0.0170127
0.0159563
0.0152842
0.0153536
0.0160021
0.0171234
0.0179025
0.0178012
0.0167628
0.0143965
0.0106752
0.00816886
0.0102619
0.0157888
0.0194379
0.0204873
0.0198157
0.0181001
0.0166184
0.015648
0.0145792
0.0136813
0.0131671
0.0248633
0.0270725
0.0298039
0.0330309
0.0363211
0.0389904
0.0402397
0.0385692
0.0336303
0.0276948
0.0192367
0.010747
0.00976657
0.0153291
0.0188332
0.019572
0.0185339
0.0168329
0.0151359
0.0138707
0.0126975
0.0117142
0.0111528
0.0178155
0.0214152
0.0257003
0.0303889
0.0348642
0.0380859
0.0392519
0.037088
0.0314886
0.0242303
0.0164597
0.0105532
0.0105758
0.0144135
0.0171127
0.0173073
0.0161461
0.0144479
0.0127884
0.0114917
0.010286
0.00922699
0.0086455
-0.00101006
0.0013003
0.00361504
0.00564931
0.0069893
0.00718572
0.00590757
0.00309238
-0.000681885
-0.00416787
-0.00506994
-0.00183754
0.00359002
0.00795651
0.0101252
0.0106173
0.0102531
0.00938362
0.00824282
0.00751707
0.00673284
0.00599262
0.00556961
-0.00220687
-0.00173465
-0.00148508
-0.00170371
-0.00257966
-0.00417549
-0.00647119
-0.00909052
-0.0115259
-0.0130378
-0.0119365
-0.00770938
-0.00298046
0.000437319
0.0022678
0.00305948
0.00312201
0.00298363
0.0026406
0.00243288
0.0022273
0.00203039
0.00190926
-0.124004
-0.100937
-0.0792433
-0.0615172
-0.0460498
-0.0334019
-0.0225119
-0.0134684
-0.00597824
0.000286869
0.00544537
0.00965847
0.013114
0.0159164
0.0181745
0.0199748
0.021396
0.0225081
0.02336
0.0239967
0.0244449
0.0247254
0.0248615
-0.136236
-0.108827
-0.0842512
-0.064226
-0.0477579
-0.0342787
-0.0227408
-0.0133894
-0.00573348
0.000610431
0.00574398
0.00989624
0.0132868
0.0160165
0.0182104
0.0199581
0.0213424
0.0224297
0.023267
0.0238977
0.0243469
0.0246362
0.0247802
-0.1501
-0.117966
-0.0893596
-0.0669631
-0.0496849
-0.035263
-0.0230549
-0.0134301
-0.0055655
0.000890125
0.00601367
0.010132
0.0134763
0.0161424
0.0182772
0.0199724
0.0213171
0.0223745
0.0231917
0.0238103
0.024254
0.0245455
0.0246941
-0.162085
-0.126355
-0.0945004
-0.0708364
-0.0528202
-0.0369267
-0.0240016
-0.0140155
-0.00578081
0.000889632
0.00608087
0.0102451
0.0135893
0.0162243
0.0183259
0.0199856
0.0213015
0.0223337
0.0231322
0.0237371
0.0241711
0.0244594
0.0246081
-0.178179
-0.136402
-0.0997255
-0.0755283
-0.0561308
-0.0385893
-0.0252809
-0.0148878
-0.00622981
0.000627591
0.00591468
0.010182
0.0135636
0.0162106
0.0183134
0.0199642
0.0212703
0.0222896
0.0230779
0.0236731
0.0240983
0.0243814
0.0245276
-0.189646
-0.143424
-0.105393
-0.0811373
-0.0593076
-0.0405655
-0.0269981
-0.0160009
-0.00689228
0.000120153
0.00556477
0.00996485
0.0133956
0.0160874
0.0182161
0.0198849
0.0212016
0.0222242
0.0230143
0.0236082
0.0240302
0.0243103
0.0244538
-0.206856
-0.151684
-0.112649
-0.0867477
-0.0623739
-0.0431747
-0.0290341
-0.0172962
-0.00786368
-0.000725616
0.00496304
0.00950735
0.0130259
0.0158103
0.0179982
0.0197196
0.0210719
0.0221195
0.0229282
0.0235329
0.0239606
0.0242431
0.0243863
-0.223229
-0.162928
-0.123959
-0.0943375
-0.0675177
-0.0477684
-0.0323254
-0.0195813
-0.00975133
-0.00220826
0.00387734
0.00861865
0.0123256
0.0152722
0.0175816
0.01941
0.0208394
0.0219467
0.022799
0.0234335
0.0238807
0.0241738
0.0243209
0.0417735
0.0168636
-0.00678853
-0.0311194
-0.0564527
-0.0808664
-0.103944
-0.125519
0.0446066
0.0171639
-0.00970983
-0.0373513
-0.0656332
-0.0928716
-0.118221
-0.140829
0.0466573
0.014937
-0.0163321
-0.047404
-0.0780207
-0.107029
-0.133641
-0.157611
0.0471554
0.0107644
-0.0248509
-0.0591647
-0.0919632
-0.122668
-0.150779
-0.176411
0.0455151
0.00474953
-0.0348919
-0.072512
-0.107833
-0.140625
-0.170573
-0.197817
0.0417009
-0.00342425
-0.0471253
-0.088368
-0.126701
-0.161917
-0.193734
-0.22239
0.0355978
-0.0143489
-0.062517
-0.107781
-0.149482
-0.187325
-0.220942
-0.250755
0.0266033
-0.0289207
-0.0821513
-0.13184
-0.177112
-0.217484
-0.253019
-0.283711
0.0136115
-0.0483807
-0.107345
-0.161929
-0.211054
-0.254112
-0.291164
-0.322281
-0.00495917
-0.0744066
-0.139853
-0.199828
-0.253156
-0.298835
-0.337028
-0.367843
-0.0312772
-0.109298
-0.182156
-0.248005
-0.305388
-0.353987
-0.392711
-0.422034
-0.0683571
-0.156007
-0.237357
-0.310287
-0.372325
-0.42245
-0.460003
-0.485757
-0.121167
-0.219493
-0.308863
-0.388693
-0.454405
-0.504254
-0.538097
-0.556685
-0.193319
-0.304797
-0.40562
-0.487215
-0.549887
-0.593475
-0.617523
-0.622866
-0.259741
-0.376314
-0.474591
-0.552878
-0.609787
-0.645072
-0.660173
-0.657898
0.196729
0.1913
0.18173
0.168008
0.150238
0.128736
0.104096
0.075056
0.211188
0.20461
0.193136
0.176968
0.15651
0.131717
0.104495
0.0745588
0.227422
0.219837
0.206775
0.188561
0.165995
0.138894
0.109501
0.0788488
0.245836
0.237428
0.223007
0.202862
0.178202
0.1489
0.116546
0.083042
0.266453
0.25722
0.241366
0.219055
0.19174
0.159604
0.123439
0.0856438
0.28914
0.278903
0.261296
0.236405
0.205699
0.169896
0.129319
0.0864852
0.313795
0.302312
0.282528
0.254572
0.219781
0.179479
0.133968
0.0856211
0.340375
0.327406
0.304979
0.273412
0.233884
0.188235
0.137105
0.0826532
0.368799
0.354098
0.32852
0.292688
0.247705
0.195766
0.138048
0.0766297
0.398803
0.382078
0.352761
0.311842
0.260506
0.201171
0.135636
0.0661174
0.429788
0.410658
0.37689
0.32985
0.270994
0.202931
0.128106
0.0491
0.460567
0.438536
0.399444
0.345014
0.277167
0.198762
0.11289
0.0227076
0.489124
0.463536
0.41798
0.354525
0.275809
0.185018
0.0859688
-0.0175406
0.511453
0.481696
0.428654
0.354483
0.26277
0.157308
0.0429343
-0.0757459
0.529726
0.495867
0.435807
0.352274
0.248513
0.128974
7.39327e-05
-0.132023
0.0381925
0.0381887
0.0381941
0.0382094
0.0382322
0.0382609
0.0382971
0.0383313
0.0426371
0.0425949
0.0425271
0.0424358
0.0423235
0.0421939
0.0420511
0.0418996
0.0389229
0.0389296
0.0389548
0.0389949
0.0390478
0.0391111
0.0391758
0.0392379
0.0429101
0.0428579
0.0427768
0.0426699
0.0425418
0.0423975
0.0422438
0.0420908
0.0404231
0.0404272
0.0404582
0.0405087
0.0405759
0.0406536
0.0407359
0.0408293
0.0447523
0.0446912
0.0446003
0.0444792
0.0443366
0.0441827
0.0440117
0.0438701
0.0430127
0.0430058
0.0430298
0.0430792
0.0431489
0.0432342
0.0433196
0.0434283
0.0474185
0.0473389
0.0472261
0.0470853
0.0469209
0.0467606
0.0465739
0.046471
0.046792
0.0467715
0.0467861
0.0468247
0.0468796
0.0469552
0.0470102
0.0471255
0.0512816
0.051194
0.051071
0.050926
0.0507485
0.0506011
0.0503876
0.0503489
0.0520584
0.0520048
0.0519795
0.0519806
0.0519798
0.0520446
0.0520095
0.0521873
0.056895
0.0567599
0.0565773
0.0564184
0.0561599
0.056077
0.0557607
0.0559104
0.0594181
0.0593152
0.0592067
0.0591667
0.0590127
0.0590984
0.0588705
0.0590547
0.0650916
0.0649444
0.0646363
0.0645648
0.06406
0.0640328
0.0633404
0.0636791
0.0697824
0.0695228
0.0692044
0.0689578
0.0685186
0.0682761
0.0676074
0.0676286
0.0770598
0.0767843
0.0763719
0.0760916
0.0753762
0.0750866
0.0737996
0.0737782
0.0844393
0.0839202
0.083222
0.0824394
0.081279
0.0803478
0.0787123
0.0778859
0.094343
0.0937256
0.0928771
0.091935
0.090289
0.0890641
0.0863995
0.0852204
0.105327
0.104293
0.102789
0.10088
0.0982894
0.0955781
0.091934
0.0885232
0.119221
0.117892
0.115902
0.113272
0.109606
0.10567
0.100121
0.0950213
0.134996
0.132897
0.129726
0.125279
0.119563
0.112571
0.104567
0.0947177
0.154381
0.151651
0.147284
0.140979
0.132691
0.122679
0.11006
0.0965635
0.176581
0.17262
0.165848
0.156035
0.142966
0.127307
0.108546
0.0864707
0.0383718
0.0384302
0.0385127
0.0386207
0.0387566
0.0389134
0.0390495
0.0391384
0.0391517
0.0390725
0.0388889
0.0385967
0.0382038
0.0377303
0.0372053
0.0366583
0.0361133
0.0355877
0.0350885
0.0346296
0.0342355
0.0339318
0.0337548
0.0416938
0.0414059
0.0410458
0.0406039
0.040074
0.0395277
0.0390103
0.0385381
0.0381327
0.0378052
0.0375518
0.0373576
0.037195
0.0369911
0.0366961
0.0363114
0.0358593
0.035378
0.0348982
0.0344443
0.0340459
0.0337428
0.0335634
0.0393257
0.0394343
0.0395663
0.0397231
0.0398594
0.0398977
0.0398239
0.0396532
0.0393728
0.0389819
0.0384995
0.0379597
0.0374228
0.0369341
0.0364891
0.036056
0.0355955
0.035105
0.0346147
0.0341592
0.0337622
0.0334589
0.0332781
0.0418591
0.0415418
0.0411549
0.0407132
0.040319
0.0399706
0.0396624
0.0393785
0.039105
0.0388222
0.0385003
0.0380822
0.0375402
0.0369217
0.0363318
0.035774
0.0352364
0.0347091
0.0342052
0.0337513
0.0333694
0.0330838
0.032922
0.040912
0.0410018
0.0411086
0.0411914
0.0411668
0.0410558
0.0408378
0.0405028
0.0400577
0.0395234
0.0389409
0.0383342
0.0376941
0.0369965
0.0362664
0.0355448
0.0348719
0.034264
0.0337231
0.0332526
0.0328643
0.0325865
0.0324429
0.0435896
0.043159
0.0426412
0.0421637
0.0417345
0.0413215
0.040922
0.0405185
0.040087
0.0395963
0.0390273
0.0383874
0.0376931
0.0369385
0.0361237
0.0353009
0.0345287
0.033841
0.0332469
0.0327515
0.0323477
0.0320589
0.0319124
0.0434966
0.0434992
0.0434906
0.0433488
0.0430855
0.0426932
0.0421675
0.0415224
0.0407903
0.0400051
0.0391847
0.0383415
0.0374903
0.036637
0.0357789
0.0349274
0.034115
0.0333821
0.0327541
0.0322471
0.0318541
0.0315754
0.0314306
0.0461361
0.0455766
0.044972
0.0444077
0.0438381
0.0432489
0.0426246
0.0419288
0.041134
0.0402336
0.0392455
0.0382044
0.0371624
0.0361684
0.0352434
0.0343819
0.0335809
0.0328588
0.0322401
0.0317446
0.0313786
0.0311253
0.0309942
0.0470926
0.046872
0.0465622
0.0461205
0.0455106
0.0447348
0.0438059
0.0427591
0.0416284
0.0404371
0.0392073
0.0379645
0.036746
0.0356045
0.0345785
0.0336846
0.0329104
0.0322419
0.031676
0.0312226
0.0308892
0.0306536
0.0305365
0.0499323
0.0490821
0.0482418
0.0473464
0.0464075
0.0453766
0.0442425
0.0429963
0.0416532
0.0402473
0.0388234
0.0374258
0.0360953
0.0348686
0.0337773
0.0328495
0.0320899
0.0314759
0.0309805
0.0305921
0.0303121
0.030113
0.0300202
0.0519669
0.051266
0.0504983
0.04953
0.0483174
0.0469054
0.0453409
0.0436641
0.0419164
0.0401492
0.0384219
0.0367928
0.0353114
0.0340009
0.0328715
0.0319321
0.0311894
0.0306242
0.0301994
0.0298826
0.0296708
0.0295285
0.0294693
0.055291
0.0538959
0.0525902
0.051087
0.0494667
0.0476957
0.0457689
0.0437211
0.0416225
0.0395501
0.0375832
0.0357967
0.034234
0.0329122
0.0318253
0.0309562
0.0302911
0.0298069
0.0294649
0.0292255
0.0290767
0.0289799
0.0289448
0.0583181
0.056872
0.0551992
0.0531999
0.0509122
0.0484479
0.0458935
0.043332
0.0408469
0.0385127
0.0364019
0.03456
0.0330081
0.0317501
0.0307693
0.0300292
0.0294889
0.0291102
0.0288549
0.0286864
0.0285861
0.028514
0.028488
0.0621291
0.0598559
0.0573943
0.0547579
0.0519438
0.0489475
0.045848
0.0427905
0.0399104
0.0373144
0.0350718
0.033208
0.0317171
0.0305736
0.0297388
0.0291554
0.0287586
0.0284954
0.0283271
0.0282221
0.0281634
0.0281149
0.0280976
0.0660437
0.0632379
0.0600447
0.0564524
0.0526477
0.0488045
0.0450559
0.0415295
0.0383537
0.0356081
0.0333356
0.0315393
0.0301873
0.0292253
0.0285871
0.0281923
0.0279615
0.0278369
0.0277786
0.0277548
0.0277516
0.0277453
0.0277457
0.0707277
0.0663909
0.0618389
0.0571351
0.0523421
0.0476443
0.0432844
0.0394172
0.0361113
0.0333899
0.0312454
0.0296373
0.0285045
0.0277706
0.0273483
0.0271467
0.0270882
0.0271154
0.0271873
0.0272651
0.027335
0.0273859
0.0274087
0.0744362
0.0691149
0.06337
0.0574321
0.0515947
0.046092
0.0411708
0.0369697
0.0335438
0.0308903
0.0289434
0.0275987
0.0267447
0.0262725
0.0260783
0.0260737
0.0261893
0.0263708
0.0265783
0.0267668
0.0269189
0.0270315
0.0270789
0.079166
0.0711748
0.0633702
0.0559332
0.0490554
0.0429919
0.0378576
0.033666
0.0304097
0.0280321
0.0264232
0.025439
0.0249314
0.0247659
0.0248298
0.0250391
0.0253329
0.0256623
0.0259931
0.0262823
0.0265133
0.0266855
0.0267606
0.0814307
0.0718742
0.0623593
0.0534819
0.0456138
0.0390394
0.0337746
0.0297487
0.0268459
0.0249065
0.0237544
0.0232106
0.0231042
0.0232876
0.0236445
0.0240914
0.0245705
0.0250401
0.0254759
0.0258452
0.0261406
0.0263646
0.0264685
0.08372
0.0698488
0.0582649
0.0483789
0.0401382
0.0335679
0.0285635
0.0250013
0.0226974
0.0214017
0.0208666
0.020875
0.0212419
0.0218229
0.0225086
0.0232165
0.0238927
0.024504
0.0250386
0.0254759
0.0258237
0.0260916
0.0262219
0.0806195
0.0650378
0.0520639
0.0414
0.0331058
0.0269226
0.0225551
0.0197549
0.0182457
0.0177212
0.0178913
0.0185099
0.0193841
0.0203811
0.021405
0.0223797
0.023259
0.024019
0.0246593
0.0251693
0.0255672
0.0258762
0.0260293
0.0741165
0.0553228
0.0421509
0.0318347
0.0241908
0.0188355
0.0154735
0.0137561
0.0132902
0.0137084
0.0146966
0.0159995
0.0174275
0.0188662
0.020241
0.0214916
0.0225861
0.0235127
0.0242792
0.024882
0.025343
0.0257016
0.0258792
0.0572209
0.0417873
0.0292654
0.0198447
0.0132928
0.00921361
0.00722564
0.00686975
0.00766314
0.00918514
0.0111053
0.0131728
0.0152136
0.0171401
0.0189006
0.0204556
0.0217945
0.0229169
0.0238383
0.0245616
0.025108
0.0255345
0.0257451
0.0371491
0.027056
0.0172014
0.00876417
0.00308881
0.000107192
-0.000620732
0.000300483
0.0022873
0.0048682
0.00768746
0.0104943
0.0131274
0.0155245
0.0176539
0.019501
0.021071
0.0223753
0.0234391
0.0242738
0.0248994
0.0253808
0.025622
0.0141351
0.00652499
0.000927604
-0.00418883
-0.00722945
-0.00792719
-0.00673079
-0.00427995
-0.00111325
0.00236251
0.00585112
0.00915191
0.0121432
0.0148027
0.0171195
0.0191028
0.0207708
0.0221449
0.0232578
0.0241282
0.0247765
0.0252598
0.0255069
-0.00921726
-0.0176596
-0.0193265
-0.0191363
-0.0172822
-0.0143232
-0.0105603
-0.00639571
-0.00213156
0.00201115
0.00587718
0.00936732
0.0124309
0.0150993
0.0173845
0.0193167
0.020925
0.0222387
0.0232942
0.0241154
0.0247227
0.0251549
0.0253805
-0.0301295
-0.0366585
-0.0344365
-0.0307398
-0.0252413
-0.0193612
-0.0134782
-0.00786895
-0.00266786
0.00204699
0.0062341
0.00988049
0.0130004
0.0156504
0.0178703
0.0197147
0.0212278
0.0224481
0.0234161
0.0241602
0.0247025
0.0250679
0.0252598
-0.0513851
-0.0519118
-0.044525
-0.0382943
-0.0307006
-0.0232272
-0.0160641
-0.00946661
-0.0035422
0.00167781
0.00619829
0.0100491
0.013293
0.0159918
0.0182055
0.0200103
0.0214654
0.0226209
0.023522
0.0242032
0.0246887
0.0249976
0.0251568
-0.072191
-0.066226
-0.054151
-0.0452119
-0.0355089
-0.0266905
-0.0185052
-0.0111382
-0.00464517
0.00099714
0.00582305
0.00988139
0.0132651
0.0160508
0.0183082
0.0201229
0.0215647
0.0226951
0.0235638
0.0242102
0.0246617
0.0249367
0.0250732
-0.0921318
-0.0799102
-0.0637861
-0.0517101
-0.0397107
-0.0295455
-0.0204139
-0.0124145
-0.00550247
0.000434652
0.00546342
0.00965431
0.0131252
0.0159697
0.0182665
0.0201012
0.0215479
0.0226754
0.0235353
0.0241711
0.0246115
0.0248757
0.0250026
-0.10901
-0.0911437
-0.0723784
-0.0574104
-0.0434219
-0.0319082
-0.0218156
-0.0132246
-0.00596841
0.000179545
0.00531954
0.00956027
0.0130525
0.0159007
0.0181985
0.0200311
0.0214745
0.0225998
0.0234579
0.0240942
0.0245368
0.0248062
0.0249346
)
;

boundaryField
{
    outlet
    {
        type            fixedValue;
        value           uniform 0;
    }
    upperWall
    {
        type            symmetryPlane;
    }
    lowerWall
    {
        type            symmetryPlane;
    }
    inlet
    {
        type            zeroGradient;
    }
    cylinder
    {
        type            zeroGradient;
    }
    frontAndBack
    {
        type            empty;
    }
}


// ************************************************************************* //
