/*--------------------------------*- C++ -*----------------------------------*\
| =========                 |                                                 |
| \\      /  F ield         | OpenFOAM: The Open Source CFD Toolbox           |
|  \\    /   O peration     | Version:  2312                                  |
|   \\  /    A nd           | Website:  www.openfoam.com                      |
|    \\/     M anipulation  |                                                 |
\*---------------------------------------------------------------------------*/
FoamFile
{
    version     2.0;
    format      ascii;
    arch        "LSB;label=32;scalar=64";
    class       volScalarField;
    location    "190.4";
    object      p;
}
// * * * * * * * * * * * * * * * * * * * * * * * * * * * * * * * * * * * * * //

dimensions      [0 2 -2 0 0 0 0];

internalField   nonuniform List<scalar> 
5478
(
-0.401523
-0.402949
-0.403496
-0.402796
-0.398386
-0.387912
-0.369759
-0.344211
-0.31341
-0.28044
-0.248062
-0.218008
-0.191559
-0.168401
-0.148199
-0.409664
-0.408686
-0.407114
-0.403987
-0.396811
-0.383192
-0.362291
-0.335423
-0.305175
-0.274143
-0.244264
-0.216716
-0.192027
-0.16988
-0.150414
-0.418575
-0.414843
-0.41052
-0.404139
-0.392999
-0.375311
-0.351485
-0.323596
-0.294073
-0.264929
-0.237392
-0.212045
-0.189017
-0.168099
-0.149076
-0.430106
-0.423581
-0.415956
-0.405229
-0.388629
-0.366001
-0.339187
-0.310489
-0.281804
-0.254312
-0.22857
-0.204825
-0.182989
-0.163013
-0.144975
-0.446016
-0.435831
-0.424424
-0.407578
-0.384001
-0.356062
-0.326496
-0.297138
-0.269008
-0.242598
-0.218108
-0.195546
-0.174809
-0.155965
-0.138531
-0.466831
-0.4513
-0.43478
-0.409716
-0.378305
-0.345256
-0.313154
-0.282966
-0.254984
-0.22925
-0.205686
-0.184158
-0.164495
-0.146562
-0.129891
-0.490049
-0.468774
-0.443704
-0.40864
-0.369606
-0.332007
-0.297585
-0.266505
-0.238498
-0.213249
-0.190482
-0.169957
-0.151479
-0.134838
-0.119403
-0.509938
-0.484147
-0.447204
-0.401291
-0.355515
-0.314166
-0.27788
-0.246124
-0.2182
-0.193538
-0.171692
-0.152331
-0.135173
-0.119908
-0.106141
-0.482212
-0.483098
-0.485153
-0.492746
-0.505891
-0.52405
-0.546205
-0.570518
-0.594319
-0.614238
-0.626586
-0.628557
-0.615814
-0.588274
-0.546365
-0.453839
-0.455399
-0.456195
-0.460318
-0.46771
-0.477395
-0.488034
-0.497764
-0.504309
-0.505206
-0.497929
-0.480139
-0.453645
-0.418941
-0.377442
-0.42848
-0.430626
-0.43072
-0.432224
-0.434838
-0.437174
-0.437571
-0.43413
-0.424969
-0.408676
-0.384535
-0.351532
-0.312022
-0.272501
-0.223353
-0.408635
-0.411442
-0.411544
-0.411619
-0.411068
-0.408256
-0.401372
-0.388662
-0.368741
-0.340871
-0.306072
-0.267763
-0.217642
-0.18181
-0.129831
-0.395276
-0.398735
-0.399259
-0.39882
-0.396533
-0.390634
-0.379274
-0.360889
-0.334849
-0.301056
-0.259059
-0.222351
-0.167733
-0.135277
-0.103136
-0.388653
-0.39255
-0.393594
-0.393211
-0.390326
-0.383042
-0.369507
-0.348314
-0.319005
-0.282724
-0.240419
-0.20258
-0.159622
-0.125934
-0.10418
-0.388519
-0.392389
-0.393892
-0.393896
-0.391436
-0.383966
-0.369562
-0.347041
-0.316618
-0.280181
-0.24153
-0.2047
-0.171131
-0.143396
-0.124514
-0.393874
-0.396991
-0.398584
-0.398999
-0.396075
-0.387627
-0.371772
-0.34785
-0.317084
-0.282137
-0.246954
-0.213681
-0.184739
-0.160781
-0.141995
-0.46098
-0.364251
-0.335047
-0.35921
-0.358922
-0.297829
-0.205147
-0.15666
-0.134865
-0.127497
-0.130119
-0.133826
-0.145335
-0.149333
-0.128922
-0.102918
-0.110053
-0.133994
-0.146739
-0.120533
-0.117137
-0.145307
-0.144316
-0.118183
-0.151714
-0.17929
-0.185389
-0.142023
-0.118272
-0.06634
-0.0457977
-0.0211995
-0.0144295
-0.010506
-0.00698205
-0.0042508
-0.00234437
-0.000771018
-0.32068
-0.289393
-0.332382
-0.408554
-0.405976
-0.327634
-0.222763
-0.158882
-0.131814
-0.116713
-0.110976
-0.113127
-0.136301
-0.14541
-0.122531
-0.0960737
-0.101865
-0.124784
-0.142012
-0.119923
-0.125995
-0.162025
-0.148998
-0.114738
-0.134912
-0.149337
-0.178333
-0.156321
-0.122961
-0.0609398
-0.0437194
-0.0225701
-0.0149689
-0.0102507
-0.00685706
-0.00428634
-0.00236582
-0.000770625
-0.180481
-0.196399
-0.299326
-0.419305
-0.420905
-0.334284
-0.228406
-0.158093
-0.130001
-0.112819
-0.102082
-0.0995972
-0.129099
-0.141034
-0.116772
-0.0895121
-0.0937748
-0.115126
-0.13489
-0.117368
-0.132802
-0.176127
-0.152126
-0.109595
-0.118196
-0.11969
-0.166797
-0.165529
-0.125357
-0.0546678
-0.0410395
-0.023697
-0.0154236
-0.00996786
-0.00672099
-0.0043122
-0.00238403
-0.000769259
-0.095645
-0.122705
-0.246954
-0.385758
-0.395362
-0.316842
-0.223139
-0.155055
-0.127271
-0.111546
-0.102631
-0.0960137
-0.124994
-0.136563
-0.111249
-0.0838015
-0.086467
-0.105219
-0.125924
-0.112605
-0.136639
-0.186781
-0.15511
-0.103321
-0.102967
-0.0932985
-0.151967
-0.169514
-0.12607
-0.0481982
-0.0379512
-0.0244966
-0.0157792
-0.00968133
-0.0065794
-0.00434366
-0.0023982
-0.000766997
-0.0697106
-0.0839102
-0.194045
-0.331037
-0.348933
-0.287164
-0.210533
-0.150546
-0.123927
-0.108467
-0.107146
-0.100366
-0.128411
-0.134123
-0.106808
-0.0797985
-0.0816133
-0.0979086
-0.11597
-0.105731
-0.13677
-0.193826
-0.15687
-0.0966443
-0.0901212
-0.0711611
-0.135125
-0.16921
-0.124491
-0.0419319
-0.0345383
-0.02489
-0.016006
-0.00940677
-0.00643855
-0.00435372
-0.00240693
-0.000763922
-0.0826628
-0.0795474
-0.149112
-0.254911
-0.285583
-0.246974
-0.19124
-0.143218
-0.11925
-0.103822
-0.107753
-0.106549
-0.135316
-0.134755
-0.106327
-0.0779814
-0.0781035
-0.0902253
-0.10565
-0.0965972
-0.132599
-0.196847
-0.158478
-0.0905791
-0.0805312
-0.0531821
-0.116718
-0.165422
-0.121209
-0.0365028
-0.0310404
-0.0248998
-0.0161141
-0.00916504
-0.0063178
-0.0043523
-0.00241003
-0.000760342
-0.109763
-0.0939844
-0.11938
-0.192528
-0.224298
-0.211476
-0.17546
-0.13743
-0.116101
-0.100085
-0.0977801
-0.115072
-0.140444
-0.134011
-0.103258
-0.0776159
-0.0760484
-0.0876861
-0.095658
-0.0848383
-0.123013
-0.196765
-0.156316
-0.0848383
-0.0732713
-0.0415306
-0.0963477
-0.159196
-0.114932
-0.0323339
-0.0274562
-0.0245545
-0.0160589
-0.0089504
-0.00619719
-0.00432433
-0.00240432
-0.000755961
-0.124707
-0.109314
-0.108785
-0.136919
-0.165093
-0.169276
-0.154088
-0.127088
-0.1109
-0.0959295
-0.0813364
-0.118483
-0.152261
-0.140996
-0.106598
-0.0781418
-0.0728827
-0.0727024
-0.0837571
-0.073484
-0.108409
-0.192173
-0.154404
-0.0805987
-0.0693026
-0.0333764
-0.0752824
-0.150069
-0.107582
-0.0290689
-0.0239457
-0.0237609
-0.015957
-0.00880161
-0.00613305
-0.00430499
-0.00239677
-0.000752651
-0.12693
-0.119608
-0.110971
-0.120919
-0.135562
-0.138741
-0.127303
-0.106243
-0.0911205
-0.0813375
-0.0688197
-0.104106
-0.126749
-0.129156
-0.103773
-0.078564
-0.074528
-0.0789491
-0.0716407
-0.0636727
-0.098273
-0.177742
-0.143528
-0.0730934
-0.0628209
-0.0324501
-0.0595265
-0.133764
-0.0961456
-0.0269592
-0.0209441
-0.022419
-0.0153424
-0.00856542
-0.00598698
-0.00422031
-0.00235895
-0.000741823
-0.114623
-0.111757
-0.104991
-0.103338
-0.10463
-0.102196
-0.0930024
-0.0787225
-0.069509
-0.0594616
-0.0517432
-0.0832415
-0.11273
-0.113985
-0.0931855
-0.0739138
-0.0708938
-0.0570095
-0.0542981
-0.0438082
-0.0772295
-0.159823
-0.130738
-0.0580716
-0.0431877
-0.0111701
-0.0389224
-0.111588
-0.0840289
-0.0203486
-0.0176156
-0.0202875
-0.0143797
-0.00813126
-0.00562188
-0.00405441
-0.0022911
-0.000721986
-0.0961708
-0.099063
-0.0948575
-0.0890092
-0.0853677
-0.0818532
-0.0747516
-0.0646914
-0.0546274
-0.0422989
-0.0293155
-0.0302227
-0.0440257
-0.0541458
-0.0580704
-0.061726
-0.0616926
-0.0483669
-0.0372352
-0.0254397
-0.0490796
-0.119325
-0.10462
-0.0383727
-0.0226396
-0.00362904
-0.0160108
-0.0831971
-0.065403
-0.0137986
-0.0148158
-0.0176275
-0.0130353
-0.00770173
-0.00545462
-0.00387108
-0.00220408
-0.000699217
-0.0785829
-0.0834322
-0.0807359
-0.0744793
-0.0679485
-0.0613669
-0.0520064
-0.042349
-0.0328553
-0.0198996
-0.00815146
0.00508098
0.00880144
0.00272347
-0.017153
-0.0425495
-0.0442471
-0.0306606
-0.01637
-0.00583944
-0.0204407
-0.0691046
-0.0685778
-0.024416
-0.00771933
0.0111358
0.0101145
-0.0500149
-0.0429025
-0.00936155
-0.0120381
-0.0143876
-0.011485
-0.00733122
-0.00518938
-0.00364177
-0.00209489
-0.00067154
-0.061042
-0.0663663
-0.0656323
-0.0605006
-0.0536088
-0.0470593
-0.0399384
-0.0319743
-0.0234539
-0.00969073
0.0055894
0.0292148
0.0419128
0.0333455
0.00983538
-0.0184343
-0.022125
-0.0170912
-0.00522205
0.0068582
0.00858468
-0.0136128
-0.029596
-0.0181741
4.3482e-05
0.0135356
0.0303533
-0.0133001
-0.0164681
-0.00557473
-0.00877986
-0.0106664
-0.00968193
-0.00693154
-0.00489379
-0.00337076
-0.00196465
-0.00063798
-0.0458824
-0.0512877
-0.0515009
-0.0475182
-0.0415782
-0.0354151
-0.028001
-0.0195527
-0.0105349
0.00207486
0.0149946
0.0320663
0.0430311
0.0395921
0.0220083
-0.000218008
-0.00452627
-0.00145723
0.00758514
0.015491
0.0178921
0.0130652
-0.00407476
-0.0145917
0.00229135
0.0246573
0.0428769
0.014054
0.00639093
-0.00189347
-0.00499175
-0.00705093
-0.00790295
-0.00642611
-0.00451216
-0.0030706
-0.00181779
-0.000597527
-0.033276
-0.0379153
-0.0384501
-0.0356128
-0.0306721
-0.0251196
-0.0189064
-0.0120969
-0.00497246
0.00455622
0.0153845
0.0284949
0.0371321
0.0365056
0.025059
0.00991863
0.00617707
0.00591798
0.0123204
0.0192498
0.0228493
0.0236875
0.0100691
-0.00525335
0.00592803
0.022718
0.0438034
0.0285219
0.0180538
0.00112218
-0.00177565
-0.00433358
-0.00638413
-0.00571534
-0.00400795
-0.002747
-0.00165455
-0.000547044
-0.0226281
-0.0263947
-0.0272346
-0.02539
-0.0216275
-0.0171346
-0.0120788
-0.00653063
-0.000464926
0.00716414
0.0153925
0.0238268
0.0295893
0.0302547
0.0240695
0.0146353
0.0119332
0.0129377
0.0168572
0.021133
0.0219841
0.0203464
0.0157529
0.00525282
0.011168
0.0216862
0.0366422
0.0273348
0.0185916
0.00391083
0.00066942
-0.00270857
-0.00505466
-0.0047363
-0.00339825
-0.00239792
-0.00146608
-0.000484306
-0.0138649
-0.0170399
-0.0179671
-0.0167248
-0.0139221
-0.0104107
-0.00645969
-0.00213153
0.00248898
0.00783545
0.013457
0.0191733
0.023201
0.0244078
0.0219703
0.0167877
0.0152028
0.0151283
0.0169265
0.0198785
0.0205814
0.0197962
0.0172755
0.0115335
0.0139282
0.0200027
0.0298325
0.0257187
0.0179528
0.00663389
0.00238529
-0.00119638
-0.00362696
-0.00359477
-0.00271743
-0.00199212
-0.00123514
-0.000405672
-0.00707307
-0.00952107
-0.0102601
-0.00947256
-0.00754989
-0.00498471
-0.00206882
0.00110021
0.00444143
0.0082176
0.0121524
0.0160021
0.0189125
0.020076
0.0196096
0.017253
0.0164629
0.0167844
0.0178085
0.0192912
0.0194436
0.0187021
0.0172469
0.0146801
0.0162157
0.0193792
0.0242968
0.0223341
0.0167142
0.00854218
0.00386059
0.000218846
-0.00219013
-0.00250317
-0.00204469
-0.00156207
-0.000988393
-0.000327974
-0.00151549
-0.00334807
-0.00406002
-0.00366127
-0.00239835
-0.000582217
0.0014947
0.00374974
0.00609782
0.00868046
0.0113605
0.0139284
0.0159964
0.0170963
0.0175171
0.0167967
0.0161296
0.0165835
0.0171817
0.0179864
0.0181564
0.0178494
0.0170263
0.0156933
0.0165651
0.0181753
0.0201133
0.0193781
0.015476
0.00950893
0.00512453
0.00160207
-0.000807767
-0.00145756
-0.0013486
-0.00109127
-0.000710805
-0.000234643
0.00291733
0.00145863
0.000820867
0.00101392
0.00181821
0.00303784
0.00445533
0.00598131
0.00756874
0.009282
0.0111055
0.0128577
0.0144283
0.0153786
0.0159541
0.0159857
0.0158956
0.0162896
0.016794
0.0172342
0.0172536
0.0170742
0.0166252
0.0159793
0.0164458
0.0172477
0.0177943
0.0168867
0.0141488
0.0099748
0.00616027
0.00286276
0.000463152
-0.00048674
-0.000680825
-0.000632257
-0.000438437
-0.000146552
0.00633271
0.00522333
0.00469594
0.00473215
0.00520042
0.00596876
0.00689458
0.00789199
0.00892852
0.0100253
0.0112205
0.0123975
0.0134796
0.0142688
0.0148678
0.0152781
0.0155011
0.0157849
0.0161272
0.0163846
0.0163958
0.0163138
0.0160715
0.0156232
0.0156911
0.0158858
0.0157959
0.0149182
0.0128818
0.00991271
0.0068285
0.00390122
0.00161316
0.000416606
-4.69079e-05
-0.000191107
-0.000171789
-5.66231e-05
0.00903121
0.00818661
0.00773378
0.00765874
0.00788763
0.00834464
0.0089278
0.00954635
0.0101757
0.0108434
0.0115999
0.0123781
0.0131084
0.0137198
0.0142295
0.0146626
0.0149588
0.0152123
0.0154894
0.0156871
0.0156786
0.0156024
0.0154352
0.015118
0.0150009
0.014882
0.0144186
0.0134892
0.0118834
0.00970567
0.00726406
0.00475351
0.00263976
0.00127999
0.000574049
0.000236532
8.78323e-05
3.6342e-05
0.0111342
0.0104789
0.0100896
0.0099526
0.0100244
0.0102568
0.0105855
0.0109396
0.0112941
0.0116719
0.0121147
0.0125972
0.0130636
0.0134849
0.0138706
0.0142231
0.0145087
0.0147137
0.0149033
0.0150343
0.0150081
0.0149224
0.0147652
0.0144652
0.0141804
0.0138388
0.0132617
0.0123774
0.0110548
0.00934755
0.00741382
0.00534077
0.00345972
0.00205802
0.00115634
0.000626503
0.000313174
0.000111951
0.0127481
0.0122434
0.0119117
0.0117405
0.0117065
0.0117855
0.0119374
0.012109
0.0122745
0.0124529
0.0126787
0.0129482
0.0132164
0.0134642
0.0137064
0.0139485
0.0141531
0.0142856
0.0143886
0.0144593
0.0144123
0.0142914
0.0141066
0.0138082
0.013464
0.0130329
0.0124035
0.0115528
0.0104258
0.0090381
0.0074704
0.00576215
0.00411357
0.00274297
0.00171634
0.00101236
0.000534708
0.00018798
0.0139788
0.0135858
0.0132985
0.0131103
0.0130109
0.0129895
0.013019
0.0130609
0.0130945
0.0131369
0.0132139
0.0133263
0.0134435
0.0135523
0.0136688
0.013792
0.0138939
0.0139455
0.0139702
0.0139688
0.0138796
0.0137222
0.0135098
0.0131963
0.0128026
0.0123176
0.0116886
0.0108975
0.00991245
0.00874245
0.00742747
0.00599756
0.0045677
0.00328075
0.00220755
0.00137248
0.000738922
0.000248022
0.0148966
0.0145864
0.014337
0.0141447
0.0140064
0.0139187
0.013865
0.013819
0.0137653
0.0137164
0.013691
0.0136908
0.0136956
0.0136967
0.0137059
0.0137234
0.0137278
0.0136979
0.0136447
0.0135685
0.0134304
0.0132327
0.0129824
0.0126492
0.0122383
0.0117416
0.0111267
0.0103869
0.0095079
0.00849271
0.00736409
0.00614326
0.00489249
0.0036997
0.00262451
0.00170481
0.000941702
0.000310438
0.0155692
0.0153189
0.015099
0.0149084
0.0147482
0.0146187
0.0145103
0.0144055
0.0142938
0.0141837
0.0140881
0.0140079
0.0139297
0.0138493
0.013774
0.0137047
0.0136253
0.0135216
0.0133989
0.0132559
0.0130672
0.0128286
0.0125444
0.0121934
0.0117699
0.0112704
0.0106773
0.00998521
0.00918592
0.0082813
0.00728486
0.00621132
0.00509525
0.00399202
0.00294231
0.00198217
0.00112559
0.000367249
0.0160452
0.0158361
0.0156386
0.0154532
0.0152821
0.0151274
0.0149837
0.0148406
0.0146914
0.0145417
0.0143989
0.0142637
0.0141273
0.0139875
0.0138492
0.0137127
0.013567
0.0134026
0.0132225
0.0130233
0.0127885
0.0125139
0.0121985
0.0118288
0.0113971
0.010901
0.0103274
0.00967307
0.00893367
0.00810916
0.00720761
0.0062397
0.00522396
0.00419485
0.00317818
0.00220115
0.00128125
0.000419616
0.0163666
0.0161847
0.0160034
0.0158238
0.0156483
0.0154791
0.0153137
0.0151467
0.0149742
0.0147996
0.0146262
0.0144544
0.0142789
0.0140987
0.013916
0.0137308
0.0135364
0.0133265
0.0131018
0.0128588
0.0125872
0.0122825
0.0119416
0.0115561
0.0111178
0.0106241
0.0100663
0.00944049
0.00874389
0.00797546
0.00713949
0.00624352
0.00529783
0.00432311
0.00333656
0.00235629
0.00139659
0.00046056
0.016561
0.0163958
0.0162255
0.0160514
0.0158755
0.0156992
0.0155218
0.0153412
0.0151557
0.0149666
0.014775
0.0145808
0.0143814
0.014176
0.0139651
0.0137481
0.0135214
0.0132812
0.0130258
0.0127528
0.0124552
0.0121288
0.0117698
0.011372
0.0109288
0.0104365
0.00988886
0.00928195
0.00861308
0.00788094
0.00708725
0.00623693
0.00533626
0.00439799
0.00343346
0.00245513
0.00147245
0.000488951
0.0166507
0.0164937
0.0163293
0.0161592
0.0159842
0.0158056
0.0156231
0.0154366
0.0152453
0.0150498
0.0148496
0.0146446
0.0144336
0.0142161
0.0139912
0.0137581
0.0135148
0.0132589
0.0129876
0.0126987
0.0123874
0.0120493
0.0116805
0.011276
0.0108298
0.010338
0.00979555
0.00919828
0.00854355
0.00782983
0.00705752
0.00623033
0.0053522
0.0044327
0.00347996
0.00250353
0.0015104
0.000503502
-0.0893044
-0.0992713
-0.107749
-0.115013
-0.120783
-0.12389
-0.125293
-0.126402
-0.0712587
-0.0781504
-0.083901
-0.0892969
-0.0936697
-0.0977054
-0.101151
-0.107873
-0.0548212
-0.0596309
-0.0636005
-0.0678904
-0.0718632
-0.0764913
-0.0806881
-0.0875593
-0.0421331
-0.0455767
-0.0485143
-0.0517817
-0.0551137
-0.0591036
-0.0632707
-0.0694834
-0.0312741
-0.0338197
-0.0360638
-0.0385832
-0.041426
-0.0446721
-0.0481729
-0.0531452
-0.0225469
-0.0243423
-0.0259789
-0.0277612
-0.0298256
-0.032085
-0.0348039
-0.0389979
-0.015192
-0.0163614
-0.0174254
-0.018574
-0.0200538
-0.0218281
-0.0242161
-0.0277453
-0.00903287
-0.00975512
-0.0103981
-0.0111703
-0.0123423
-0.0138467
-0.0157614
-0.018424
-0.00380334
-0.00425765
-0.00469563
-0.00530334
-0.00619553
-0.00722419
-0.00851488
-0.0105275
0.000501905
0.000193245
-8.35242e-05
-0.000437388
-0.000947928
-0.00163254
-0.00269425
-0.00441401
0.00414733
0.00395622
0.00381499
0.00360092
0.00319975
0.00258187
0.00169854
0.000410732
0.0071822
0.00702355
0.00689703
0.0067119
0.00640093
0.00596849
0.0053581
0.00440181
0.0096596
0.00950358
0.0093882
0.0092564
0.00905119
0.0087381
0.00825034
0.00748103
0.0116871
0.0115293
0.0114093
0.0112861
0.0111103
0.01085
0.0104646
0.00988429
0.0132934
0.0131274
0.0129914
0.012863
0.0127104
0.0125065
0.0122145
0.0117781
0.0145445
0.0143769
0.014233
0.0141023
0.013964
0.013794
0.0135631
0.0132317
0.0154967
0.0153324
0.0151855
0.0150529
0.0149223
0.0147756
0.0145912
0.0143412
0.0162045
0.0160475
0.0159035
0.0157727
0.0156483
0.0155174
0.015365
0.0151721
0.0167196
0.0165714
0.0164328
0.0163056
0.016186
0.0160661
0.0159358
0.0157829
0.0170813
0.0169421
0.0168104
0.0166881
0.0165733
0.016461
0.016345
0.0162181
0.0173185
0.0171889
0.017065
0.0169484
0.0168381
0.0167312
0.0166243
0.0165135
0.0174516
0.0173327
0.0172174
0.0171068
0.0170003
0.016897
0.0167951
0.0166931
0.0175016
0.0173937
0.0172864
0.0171807
0.0170769
0.0169753
0.0168753
0.0167763
0.0649731
0.0682287
0.0710794
0.0732872
0.0741678
0.0734765
0.0710333
0.0663398
0.0584933
0.046175
0.0275495
4.27492e-05
-0.0405482
-0.0974229
-0.148787
0.0427209
0.0435389
0.0426435
0.0405725
0.0372684
0.032346
0.0252904
0.0153666
0.00153823
-0.0176167
-0.0440545
-0.0803138
-0.130499
-0.198734
-0.254761
0.0199366
0.0183336
0.0139173
0.0080608
0.00100914
-0.00779999
-0.0191121
-0.0337875
-0.0529358
-0.0780508
-0.111228
-0.155096
-0.212598
-0.29009
-0.344547
-0.00385216
-0.00797588
-0.0152505
-0.0239404
-0.0339745
-0.0460947
-0.061119
-0.0799135
-0.103587
-0.133618
-0.172195
-0.22223
-0.285792
-0.36438
-0.416446
-0.0274626
-0.0343059
-0.0437991
-0.0545925
-0.0670254
-0.0819188
-0.0999949
-0.122118
-0.149361
-0.18314
-0.225511
-0.279591
-0.345862
-0.421735
-0.469314
-0.0497792
-0.0593081
-0.0705448
-0.0830369
-0.0975043
-0.114727
-0.135257
-0.159881
-0.189614
-0.225892
-0.270656
-0.325956
-0.391684
-0.461944
-0.503225
-0.0704942
-0.0820633
-0.0945975
-0.108708
-0.125043
-0.144167
-0.166599
-0.192976
-0.22424
-0.261675
-0.306858
-0.361057
-0.423227
-0.484765
-0.519674
-0.0899758
-0.102255
-0.116016
-0.131674
-0.149645
-0.170304
-0.194079
-0.221517
-0.253407
-0.290775
-0.334751
-0.385792
-0.44132
-0.491354
-0.521103
0.188406
0.203306
0.21988
0.238572
0.259472
0.282507
0.307588
0.334662
0.36365
0.3943
0.426033
0.457674
0.487225
0.510657
0.529956
0.186664
0.20089
0.216839
0.234956
0.255267
0.277623
0.301891
0.328007
0.355886
0.385263
0.415521
0.445436
0.472937
0.49404
0.511055
0.180789
0.193512
0.208168
0.225152
0.244273
0.265202
0.287722
0.311728
0.337096
0.3635
0.39024
0.41599
0.438517
0.454007
0.465638
0.170799
0.181388
0.194271
0.209601
0.226858
0.245531
0.265355
0.286196
0.307854
0.329871
0.351376
0.370867
0.385831
0.392628
0.396404
0.156682
0.164758
0.175651
0.18907
0.203994
0.219698
0.235915
0.25254
0.269328
0.285679
0.30051
0.312075
0.317509
0.313082
0.307161
0.138784
0.143993
0.152701
0.163948
0.176171
0.188479
0.200587
0.212362
0.223469
0.233162
0.240157
0.242476
0.236909
0.219567
0.201756
0.117481
0.120333
0.127087
0.135704
0.14446
0.152676
0.160159
0.166679
0.171687
0.174219
0.172778
0.165143
0.147799
0.116829
0.086329
0.0924931
0.0940461
0.0996306
0.105537
0.110446
0.114127
0.116572
0.117458
0.116028
0.111103
0.10098
0.0831981
0.0538922
0.00939632
-0.0329482
0.0271274
0.0315348
0.0278842
0.0318198
0.0293942
0.0337089
0.0319669
0.0364054
0.0357794
0.0403053
0.0411275
0.045994
0.0485194
0.0542403
0.0589704
0.0662576
0.0737702
0.0838
0.0949252
0.109008
0.125086
0.144811
0.167595
0.0271858
0.0315587
0.0279564
0.0318506
0.0294872
0.0337467
0.032089
0.0364786
0.0359372
0.0404026
0.0413672
0.0461775
0.0487667
0.0545212
0.0593118
0.0665853
0.0741953
0.084171
0.0953542
0.109365
0.125182
0.144687
0.166756
0.0272541
0.0315569
0.0280463
0.0318512
0.0296095
0.0337508
0.0322423
0.0365176
0.0361393
0.0404671
0.0416161
0.0463217
0.0490009
0.0546897
0.0594756
0.0666253
0.0742882
0.0841665
0.0949246
0.108713
0.123751
0.142573
0.162959
0.0273312
0.0315313
0.0281518
0.0318261
0.0297421
0.0337249
0.0324177
0.0365278
0.0363565
0.0405134
0.0418931
0.0464776
0.049291
0.0550308
0.0598481
0.0670595
0.0745214
0.0843645
0.0945748
0.107951
0.12161
0.139017
0.156305
0.0274157
0.0314857
0.028266
0.0317793
0.0298965
0.0336747
0.0326099
0.0365195
0.0365774
0.0405202
0.0421568
0.0465381
0.0494797
0.0549839
0.059832
0.0667639
0.0740657
0.0834734
0.0930446
0.105564
0.11758
0.13309
0.146372
0.0275053
0.0314229
0.0283987
0.031714
0.0300651
0.0336151
0.0328132
0.0365022
0.0368671
0.0405786
0.0424912
0.0467368
0.0498821
0.0555581
0.0602636
0.0673931
0.0742974
0.0836445
0.0922373
0.103793
0.113265
0.125839
0.133627
0.0275997
0.0313452
0.028528
0.0316378
0.0302382
0.0335404
0.0330126
0.0364553
0.0370607
0.040562
0.0426857
0.0467446
0.0499398
0.0551641
0.0600079
0.0666606
0.073308
0.0816548
0.0895419
0.0993024
0.106709
0.115884
0.117849
0.0276976
0.031259
0.0286574
0.0315593
0.0304247
0.0334991
0.0332278
0.0364782
0.0374262
0.0407523
0.0431261
0.047077
0.0505941
0.0563008
0.0605968
0.0676868
0.0737713
0.0821009
0.0884473
0.0966465
0.100112
0.104382
0.0987617
0.0278096
0.0311337
0.0288261
0.0314199
0.0306175
0.033336
0.0334334
0.0363101
0.037559
0.0405703
0.0431498
0.0467809
0.050345
0.0553191
0.0596149
0.0656893
0.0712274
0.0771676
0.0824739
0.0863189
0.0874394
0.0842234
0.073464
0.0279571
0.0309462
0.0290397
0.0312114
0.0308337
0.0330781
0.0336126
0.0358904
0.0375504
0.0400917
0.0427826
0.0456998
0.0493128
0.0534666
0.0574059
0.0620174
0.0665022
0.0701073
0.0733717
0.0737374
0.0725031
0.0662742
0.0573638
0.0281368
0.0306943
0.0292862
0.030942
0.031079
0.0327332
0.0337953
0.0354864
0.0374888
0.0395807
0.0423086
0.044823
0.0481963
0.0514952
0.0549277
0.058242
0.0614451
0.0632724
0.0643347
0.0628187
0.0594743
0.0530511
0.0447231
0.0283496
0.0303688
0.0295691
0.0306282
0.0313025
0.0324327
0.0338704
0.0351376
0.0372904
0.0390028
0.0416424
0.0437504
0.0467599
0.0492591
0.0520333
0.0542034
0.0560101
0.0565094
0.0557852
0.0530511
0.0486143
0.0422207
0.0346951
0.0285998
0.0299628
0.0298411
0.0303749
0.0314237
0.0321753
0.0338372
0.0348128
0.0369283
0.0384008
0.0407332
0.0425347
0.0449982
0.0468088
0.0487955
0.049999
0.0505405
0.0499957
0.0481042
0.0447025
0.0399334
0.0337953
0.0269105
0.0288828
0.0295477
0.0300172
0.0301851
0.0314677
0.0319444
0.0336797
0.0344669
0.0364081
0.0377076
0.039613
0.0411465
0.0429923
0.0441371
0.0453769
0.0457455
0.0453088
0.0439879
0.0415121
0.0378586
0.0331809
0.0274885
0.0211451
0.0291499
0.02917
0.0300955
0.0300452
0.0314163
0.0317338
0.033381
0.0340846
0.0357432
0.0368931
0.0383352
0.0395697
0.0408106
0.0413313
0.041912
0.0416184
0.040508
0.0386856
0.0359906
0.0323929
0.0279995
0.0228795
0.0171796
0.0293791
0.0288473
0.0300804
0.0299382
0.0312575
0.0315296
0.0329559
0.033628
0.0349613
0.035937
0.0369352
0.0378236
0.0385259
0.0385214
0.0385415
0.0377586
0.0362625
0.0341761
0.0314637
0.0280996
0.0241174
0.0196086
0.0145975
0.0295433
0.0286004
0.0299595
0.0298487
0.0309965
0.031312
0.0324342
0.0330687
0.0340836
0.0348373
0.0354423
0.0359701
0.036215
0.0358097
0.0353828
0.0342866
0.0326104
0.0304522
0.0278571
0.0248234
0.0213334
0.0174553
0.0131628
0.0296241
0.0284383
0.0297341
0.0297548
0.0306511
0.0310249
0.031849
0.0323927
0.0331213
0.0336254
0.0338951
0.0340846
0.033959
0.0332746
0.0325384
0.0312712
0.0295541
0.0274692
0.0250906
0.0224316
0.0194542
0.0161928
0.0125955
0.0296079
0.0283577
0.0294224
0.0296214
0.0302599
0.0306504
0.0312197
0.0316162
0.0320874
0.0323392
0.0323337
0.0322399
0.0318338
0.0309817
0.0300596
0.0287312
0.0270728
0.0251563
0.0230525
0.0207764
0.0182877
0.0155995
0.0126426
0.0294902
0.0283405
0.0290576
0.0293956
0.0298458
0.0301881
0.0305507
0.0307689
0.0310066
0.03103
0.0308096
0.0304956
0.0299019
0.0289653
0.0279603
0.0266557
0.0251196
0.0234196
0.0216112
0.0197026
0.017656
0.0154752
0.0130875
0.0292768
0.0283533
0.0287002
0.0290427
0.0293954
0.0296534
0.0298434
0.029886
0.0299144
0.0297501
0.0293704
0.0289006
0.0281932
0.0272368
0.026231
0.0250098
0.0236297
0.022158
0.020637
0.0190635
0.0174001
0.0156476
0.0137408
0.0289869
0.0283326
0.0283919
0.0286087
0.0288885
0.0290474
0.0290994
0.0289983
0.0288505
0.0285405
0.0280528
0.0274819
0.0267221
0.0257945
0.0248413
0.0237386
0.022529
0.0212761
0.0200143
0.0187312
0.0173899
0.0159863
0.0144684
0.0286452
0.0282091
0.0281159
0.0281913
0.0283402
0.0283889
0.0283293
0.0281208
0.0278426
0.0274294
0.0268764
0.0262537
0.0254896
0.02462
0.0237478
0.0227798
0.0217419
0.0206879
0.0196486
0.0186101
0.0175366
0.016419
0.0152156
0.0282787
0.0279914
0.027841
0.0277827
0.0277791
0.0277148
0.0275588
0.0272711
0.0269063
0.0264315
0.0258522
0.0252192
0.0244844
0.0236883
0.0229076
0.0220727
0.0211949
0.020315
0.0194598
0.0186187
0.0177607
0.0168735
0.0159242
0.0279049
0.0277026
0.0275271
0.0273711
0.0272341
0.027062
0.0268196
0.0264732
0.0260566
0.0255554
0.0249818
0.0243709
0.0236896
0.0229748
0.0222843
0.0215688
0.0208297
0.0200949
0.0193864
0.0186986
0.0180082
0.0173035
0.0165572
0.0275328
0.0273708
0.027176
0.0269551
0.0267198
0.0264558
0.0261404
0.0257499
0.0253041
0.0247992
0.0242511
0.0236839
0.0230725
0.0224447
0.0218422
0.0212308
0.0206056
0.0199849
0.0193867
0.0188119
0.0182469
0.0176814
0.0170951
0.0271694
0.0270224
0.0268095
0.0265449
0.0262444
0.0259131
0.0255429
0.0251223
0.0246637
0.02417
0.0236572
0.0231408
0.0226006
0.0220519
0.0215222
0.0209916
0.0204571
0.019929
0.0194195
0.0189332
0.0184631
0.0180037
0.0175407
0.0268257
0.0266818
0.0264538
0.0261608
0.0258198
0.0254446
0.0250395
0.0246035
0.0241456
0.0236718
0.0231952
0.0227248
0.0222436
0.0217584
0.0212866
0.0208195
0.0203566
0.0199035
0.0194676
0.0190526
0.0186565
0.0182771
0.0179057
0.0265219
0.026378
0.0261395
0.0258294
0.0254656
0.0250655
0.0246409
0.0241985
0.0237465
0.0232919
0.0228438
0.0224058
0.0219674
0.021531
0.0211072
0.0206937
0.0202909
0.0199011
0.0195273
0.0191709
0.0188319
0.0185113
0.0182061
0.0262798
0.0261336
0.0258903
0.0255739
0.0252017
0.0247927
0.0243626
0.0239226
0.0234798
0.0230396
0.0226082
0.0221892
0.0217787
0.021377
0.0209884
0.0206133
0.0202521
0.0199058
0.0195759
0.0192634
0.0189687
0.0186924
0.0184345
0.0261513
0.0260065
0.0257575
0.0254318
0.0250505
0.0246327
0.0241953
0.0237509
0.0233083
0.0228749
0.0224567
0.0220559
0.0216693
0.0212938
0.0209301
0.0205796
0.0202439
0.0199248
0.0196244
0.0193443
0.0190857
0.018849
0.0186351
0.0593701
0.0403536
0.0173475
-0.0045329
-0.0247693
-0.043603
-0.0612848
-0.0766418
0.0472939
0.029535
0.00708536
-0.0123898
-0.0279493
-0.0410725
-0.0528644
-0.0628393
0.0368995
0.0233346
0.00451948
-0.0120836
-0.0236733
-0.0325884
-0.0409843
-0.0485817
0.028117
0.0174295
0.00188548
-0.0121923
-0.0214101
-0.0275428
-0.0330445
-0.0379184
0.0213525
0.0133169
0.0012979
-0.00991032
-0.016992
-0.0211365
-0.0247373
-0.0281433
0.0160306
0.00994857
0.0012333
-0.00698756
-0.0123911
-0.0154962
-0.0180337
-0.0203712
0.0123617
0.0075263
0.00172769
-0.00371975
-0.00766993
-0.0101386
-0.0120561
-0.0137031
0.0102734
0.00651291
0.0028098
-0.000623314
-0.00338814
-0.00533438
-0.00683288
-0.00802862
0.00943634
0.0065724
0.00429175
0.00222625
0.00038016
-0.00108819
-0.00224912
-0.00312237
0.00947119
0.00732388
0.00598779
0.00482141
0.00363749
0.00256288
0.0016649
0.000991081
0.0100794
0.00848814
0.00776005
0.00716525
0.00644057
0.00567995
0.00500483
0.00449551
0.0110332
0.00987358
0.00952528
0.00927854
0.00885806
0.00833447
0.00783706
0.00745034
0.0121258
0.011296
0.0111766
0.0111388
0.0109227
0.0105756
0.0102075
0.0098952
0.0132101
0.012622
0.0126333
0.0127233
0.0126536
0.0124365
0.0121614
0.0119016
0.0142385
0.013821
0.0138966
0.0140433
0.0140546
0.0139223
0.0137143
0.0134943
0.0151701
0.0148724
0.0149672
0.0151209
0.0151643
0.0150817
0.0149206
0.0147317
0.0159798
0.0157658
0.0158532
0.0159852
0.0160298
0.0159695
0.0158369
0.0156707
0.0166555
0.0164992
0.0165652
0.0166619
0.01669
0.0166339
0.0165161
0.0163658
0.0172042
0.0170837
0.0171215
0.0171784
0.0171825
0.0171209
0.0170094
0.0168699
0.0176411
0.0175374
0.0175418
0.0175581
0.0175357
0.0174642
0.0173543
0.0172221
0.0179877
0.0178837
0.0178478
0.0178203
0.0177687
0.017685
0.0175751
0.0174497
0.0182435
0.0181286
0.0180494
0.0179773
0.0178955
0.0177989
0.0176893
0.0175718
0.0184626
0.0183227
0.0181858
0.0180579
0.0179391
0.0178268
0.0177176
0.0176096
-0.539449
-0.553134
-0.572472
-0.597202
-0.627998
-0.664144
-0.69855
-0.724907
-0.535715
-0.548591
-0.566104
-0.587527
-0.612753
-0.641868
-0.67125
-0.693297
-0.527919
-0.541511
-0.557608
-0.576271
-0.597065
-0.616972
-0.631805
-0.636871
-0.519946
-0.532962
-0.546429
-0.559246
-0.570549
-0.57796
-0.578734
-0.570391
-0.513714
-0.52318
-0.530233
-0.53407
-0.534819
-0.531768
-0.523226
-0.507079
-0.509725
-0.5113
-0.509087
-0.503751
-0.496231
-0.486179
-0.471916
-0.451271
-0.506032
-0.49666
-0.484673
-0.471823
-0.458555
-0.444038
-0.426266
-0.40312
-0.499608
-0.478596
-0.45842
-0.440124
-0.42305
-0.40575
-0.385879
-0.361443
-0.487484
-0.456853
-0.431069
-0.409228
-0.389868
-0.370901
-0.34996
-0.325069
-0.468265
-0.431697
-0.402885
-0.379211
-0.358708
-0.339006
-0.317746
-0.29308
-0.44237
-0.403663
-0.374058
-0.349902
-0.329304
-0.309561
-0.28863
-0.264694
-0.411168
-0.373543
-0.344642
-0.321336
-0.30134
-0.282221
-0.262124
-0.239353
-0.377033
-0.341475
-0.315059
-0.293408
-0.274646
-0.256747
-0.237865
-0.216665
-0.337775
-0.307963
-0.285355
-0.266271
-0.24935
-0.232862
-0.215557
-0.196084
-0.295955
-0.275654
-0.255573
-0.240702
-0.224702
-0.210071
-0.194257
-0.177161
-0.509423
-0.530487
-0.542693
-0.546091
-0.543135
-0.537561
-0.532971
-0.532723
-0.508877
-0.527901
-0.537677
-0.538964
-0.535137
-0.530228
-0.527199
-0.528519
-0.512221
-0.531435
-0.539554
-0.537623
-0.530144
-0.522447
-0.518079
-0.519442
-0.522829
-0.542895
-0.549127
-0.542651
-0.529218
-0.516253
-0.50898
-0.510211
-0.540687
-0.562381
-0.566691
-0.555097
-0.53487
-0.515773
-0.50498
-0.505319
-0.565459
-0.589494
-0.591891
-0.575051
-0.548225
-0.523374
-0.509149
-0.506471
-0.596256
-0.623268
-0.623693
-0.601597
-0.568844
-0.539437
-0.521346
-0.512412
-0.631106
-0.661661
-0.660059
-0.632885
-0.595105
-0.561967
-0.537729
-0.518723
-0.666863
-0.701469
-0.698043
-0.666323
-0.624314
-0.5861
-0.552544
-0.520221
-0.699412
-0.738508
-0.733766
-0.69811
-0.652263
-0.605753
-0.559065
-0.512184
-0.7247
-0.768061
-0.762221
-0.72354
-0.670983
-0.61319
-0.552486
-0.493166
-0.73733
-0.783723
-0.777614
-0.735486
-0.674244
-0.603964
-0.530144
-0.462995
-0.730724
-0.778289
-0.770788
-0.7238
-0.652824
-0.572062
-0.492759
-0.42595
-0.703459
-0.747912
-0.736821
-0.684614
-0.606412
-0.5238
-0.447823
-0.384757
-0.651405
-0.684576
-0.666575
-0.612513
-0.534737
-0.459019
-0.395378
-0.341248
-0.540849
-0.55603
-0.533333
-0.481898
-0.41593
-0.360031
-0.323746
-0.298848
-0.393696
-0.38353
-0.360812
-0.337988
-0.309733
-0.282269
-0.265432
-0.259316
-0.302147
-0.253958
-0.21974
-0.20747
-0.202407
-0.199031
-0.191528
-0.198157
-0.282234
-0.198552
-0.145816
-0.129419
-0.127506
-0.13033
-0.127658
-0.138021
-0.283655
-0.188583
-0.112978
-0.0831404
-0.0788777
-0.0828237
-0.0829114
-0.0928234
-0.244846
-0.17071
-0.0859934
-0.0281551
-0.0283905
-0.0416988
-0.0496214
-0.0546784
-0.178663
-0.145487
-0.109706
-0.0779475
-0.0627755
-0.0528593
-0.0458772
-0.0400534
-0.152585
-0.146849
-0.13811
-0.122263
-0.116766
-0.11424
-0.101372
-0.0717858
-0.14204
-0.151514
-0.158684
-0.154125
-0.142697
-0.126232
-0.100309
-0.0681198
-0.147076
-0.171307
-0.19228
-0.199937
-0.184743
-0.152375
-0.120544
-0.0883775
-0.158188
-0.192687
-0.225568
-0.242679
-0.237763
-0.21443
-0.186243
-0.151053
-0.15885
-0.185875
-0.210928
-0.226996
-0.231673
-0.216816
-0.203343
-0.168658
-0.154442
-0.162144
-0.168951
-0.173973
-0.175965
-0.170648
-0.166634
-0.150304
-0.151816
-0.15107
-0.149139
-0.145614
-0.140884
-0.133651
-0.127833
-0.12085
-0.135153
-0.139689
-0.141338
-0.138376
-0.131798
-0.122307
-0.112132
-0.0990186
-0.109243
-0.114536
-0.117701
-0.118457
-0.117599
-0.113947
-0.105962
-0.0946926
-0.117014
-0.123016
-0.12805
-0.131904
-0.134586
-0.134484
-0.130894
-0.120957
-0.142276
-0.149976
-0.157228
-0.164008
-0.169548
-0.172792
-0.173513
-0.170133
-0.149111
-0.150017
-0.15003
-0.15048
-0.149927
-0.150654
-0.14826
-0.148151
-0.118972
-0.115798
-0.111285
-0.106676
-0.101883
-0.0985641
-0.0944492
-0.0934234
-0.106821
-0.0957601
-0.0847555
-0.0746815
-0.0661324
-0.0597426
-0.0547596
-0.0524977
-0.127196
-0.108543
-0.0902078
-0.0732766
-0.0589947
-0.0476602
-0.0395042
-0.0335231
-0.137533
-0.128354
-0.116777
-0.103417
-0.0895015
-0.0756164
-0.0623218
-0.049454
-0.11954
-0.118407
-0.114718
-0.108109
-0.0986527
-0.0867726
-0.0719424
-0.0557373
-0.167217
-0.180266
-0.189628
-0.193796
-0.192285
-0.185063
-0.1725
-0.155382
-0.207654
-0.232444
-0.25138
-0.263273
-0.268282
-0.267224
-0.26017
-0.257865
-0.186494
-0.182133
-0.17356
-0.163899
-0.153765
-0.144967
-0.133973
-0.124745
-0.123499
-0.102131
-0.0794337
-0.0581552
-0.0390657
-0.0238135
-0.012942
-0.00495134
-0.11079
-0.100601
-0.0882845
-0.0749177
-0.0611862
-0.0478723
-0.0349
-0.022774
-0.0704181
-0.072819
-0.073351
-0.0720175
-0.0690513
-0.0648061
-0.0595758
-0.0533946
-0.0471495
-0.0477079
-0.0475794
-0.0468188
-0.0453687
-0.0434281
-0.0408065
-0.0381491
-0.0197081
-0.0181851
-0.0167544
-0.0155043
-0.0144648
-0.0137028
-0.0131693
-0.0128941
-0.0138313
-0.0131949
-0.012554
-0.0119329
-0.0113484
-0.0108236
-0.0103656
-0.00996246
-0.0107108
-0.0108508
-0.0109128
-0.0108905
-0.0107812
-0.0105941
-0.0103434
-0.0100277
-0.00708249
-0.00715417
-0.00719636
-0.0072057
-0.00717773
-0.00712033
-0.00702204
-0.00692366
-0.0042074
-0.00416025
-0.0041143
-0.00407186
-0.0040325
-0.00399919
-0.00396486
-0.00394592
-0.00232016
-0.00229457
-0.00227623
-0.00225153
-0.00222896
-0.00221046
-0.00219108
-0.00217941
-0.000770224
-0.000768104
-0.000765012
-0.000760758
-0.000755709
-0.000750472
-0.000743917
-0.000738583
-0.262586
-0.196514
-0.15369
-0.118176
-0.0899992
-0.0688092
-0.0518391
-0.0384525
-0.0281323
-0.0200247
-0.0134343
-0.0082673
-0.00409854
-0.000775199
0.00189342
0.0040393
0.00574028
0.00708087
0.00812338
0.0089152
0.00948659
0.00986359
0.0100542
-0.236963
-0.179364
-0.145632
-0.11344
-0.0876845
-0.067868
-0.0517904
-0.03915
-0.029141
-0.0210081
-0.0144864
-0.00921868
-0.00492912
-0.00147361
0.00133252
0.00358965
0.00539007
0.00681091
0.00791417
0.00875048
0.00935239
0.00974866
0.00994879
-0.177845
-0.132666
-0.113438
-0.0890867
-0.0714367
-0.057071
-0.0449696
-0.0350755
-0.0267119
-0.0196908
-0.0138455
-0.00896513
-0.00491751
-0.00156998
0.00118452
0.00342217
0.00522756
0.00665952
0.0077759
0.00862406
0.00923566
0.00963881
0.00984276
-0.118888
-0.0847154
-0.0735151
-0.0567492
-0.0478522
-0.0401825
-0.0334517
-0.0273982
-0.0216728
-0.0164811
-0.0118087
-0.00770193
-0.0041591
-0.00112364
0.00141953
0.0035253
0.0052475
0.00662646
0.00771048
0.00853861
0.00913873
0.0095359
0.00973758
-0.0701994
-0.0443312
-0.0366954
-0.0261926
-0.0247021
-0.0226844
-0.020927
-0.0186028
-0.0156424
-0.0123949
-0.00905768
-0.00588091
-0.00295405
-0.000348052
0.0018964
0.00380297
0.00538666
0.00667215
0.00769383
0.00848097
0.00905574
0.00943844
0.00963378
-0.0259146
-0.0023309
0.00105497
0.00369326
-0.00206701
-0.00592162
-0.00892881
-0.0100394
-0.00960251
-0.00817198
-0.00615341
-0.00389426
-0.00159959
0.00054631
0.00247107
0.0041528
0.00557644
0.00675237
0.00769932
0.00843673
0.0089802
0.00934486
0.00953218
0.0170849
0.0504841
0.0453257
0.0344584
0.020213
0.00964192
0.00195506
-0.00232249
-0.00400598
-0.0041734
-0.00331906
-0.00188609
-0.000214652
0.00147288
0.00307773
0.00452784
0.00578696
0.00684843
0.00771627
0.00840067
0.00891031
0.00925514
0.00943344
0.0294649
0.0674527
0.0695265
0.0544585
0.0360373
0.0210841
0.0105109
0.00409717
0.000706264
-0.000586821
-0.000666318
6.28841e-05
0.00116915
0.0024375
0.00372344
0.00493664
0.00602668
0.00696763
0.00775096
0.00837742
0.00884907
0.00917098
0.0093385
0.00455487
0.0451763
0.0545808
0.0482955
0.0353894
0.0236204
0.0143041
0.00806798
0.00425148
0.00243967
0.00177943
0.00193434
0.00255021
0.00343673
0.00441504
0.00539273
0.0063072
0.00711884
0.00780945
0.00837079
0.00879859
0.00909319
0.00924748
-0.0535653
-0.0178755
0.00806894
0.0190505
0.0196433
0.0165046
0.0125296
0.00895058
0.00625459
0.0046303
0.00380499
0.00364464
0.00389387
0.00444082
0.0051314
0.00587912
0.00661548
0.00729283
0.00788534
0.00837647
0.00875643
0.00902087
0.00916034
-0.128913
-0.0825807
-0.0369119
-0.0104452
0.00321192
0.00819846
0.00893687
0.00814082
0.0073074
0.00625143
0.00550585
0.00517367
0.00514022
0.00539911
0.00583323
0.00636631
0.00693087
0.00747496
0.00796858
0.00838836
0.00871922
0.00895253
0.00907665
-0.149611
-0.0949985
-0.0530938
-0.0229456
-0.00686951
0.00275471
0.006724
0.00795389
0.00829147
0.00762906
0.00709628
0.00664394
0.00636954
0.00635396
0.0065359
0.00685736
0.0072542
0.00766681
0.0080607
0.00840745
0.00868765
0.00888857
0.00899659
-0.126394
-0.0860282
-0.0547288
-0.0270841
-0.0109371
0.00083918
0.00634054
0.00918103
0.0098724
0.00934674
0.00878789
0.00808292
0.00759275
0.00733416
0.00727673
0.0073869
0.00761087
0.0078862
0.00817453
0.00844224
0.00866609
0.00883048
0.00892009
-0.10167
-0.0710881
-0.0497408
-0.0236475
-0.0119778
0.00289671
0.00701285
0.0114117
0.0116092
0.0114189
0.0106239
0.00963403
0.00886381
0.00833283
0.00804248
0.00794978
0.00800091
0.00813457
0.00831053
0.00849269
0.00865464
0.00877829
0.00884708
-0.0793549
-0.0539188
-0.0333598
-0.00916993
0.00144127
0.0126365
0.0146129
0.0166917
0.0148713
0.0138663
0.0123335
0.0110734
0.0100502
0.00928367
0.00878071
0.00850159
0.0083886
0.00838698
0.0084526
0.00854876
0.00864731
0.008729
0.00877604
-0.0833536
-0.0596988
-0.0309468
-0.00343178
0.0156205
0.023485
0.0244685
0.0230868
0.0194526
0.0168156
0.0142222
0.0124229
0.0110635
0.0101037
0.00943869
0.0090073
0.00875258
0.00862828
0.00858997
0.00860355
0.00864037
0.00868055
0.00870597
-0.109704
-0.0949707
-0.058575
-0.0224535
0.0128713
0.0238352
0.0263328
0.0239519
0.0206523
0.0178895
0.0153333
0.0134293
0.0119126
0.0108209
0.0100235
0.00947094
0.00909731
0.00886229
0.00872638
0.00865941
0.00863413
0.00863183
0.00863489
-0.152888
-0.141453
-0.0975197
-0.0474847
0.00507507
0.0175923
0.0217752
0.0205385
0.0186605
0.0167582
0.014997
0.0135682
0.0123447
0.0113486
0.010531
0.00990253
0.00943015
0.00909243
0.0088624
0.00871563
0.00862768
0.00858168
0.00856139
-0.137284
-0.124
-0.0912516
-0.0517739
-0.0142714
0.00506412
0.0136047
0.0156106
0.0156392
0.0150185
0.0141467
0.0132748
0.0124226
0.0116161
0.0108808
0.0102411
0.00970738
0.00928946
0.00897748
0.00875772
0.00861145
0.00852427
0.00848191
-0.0869448
-0.0706823
-0.0489704
-0.0335427
-0.0219127
-0.0104349
0.00148133
0.00831513
0.0115769
0.0129394
0.0132194
0.0129863
0.0124527
0.0118041
0.0111321
0.0104864
0.00991376
0.009436
0.00905803
0.00877665
0.00857912
0.00845484
0.0083925
-0.0490026
-0.033817
-0.0196796
-0.0143281
-0.0118165
-0.00666817
0.00137507
0.00709147
0.0106225
0.0123263
0.012962
0.0130133
0.0126174
0.0120625
0.0113943
0.0107176
0.0100961
0.00955548
0.00911445
0.00877556
0.00853015
0.00837075
0.00828924
-0.03065
-0.0186794
-0.012047
-0.00575382
-0.00856666
-0.000850109
0.00342726
0.00876749
0.0106847
0.0128617
0.0130638
0.0133531
0.0128007
0.0122914
0.0115876
0.0108863
0.0102208
0.00962731
0.00913338
0.00874437
0.00845692
0.00826668
0.00816825
-0.0394624
-0.0260327
-0.0143315
-0.00168198
0.00411661
0.0102487
0.0133559
0.0157379
0.0152544
0.0154349
0.0145794
0.0142249
0.0133126
0.0126071
0.0117546
0.010988
0.0102641
0.00962894
0.00909438
0.00866821
0.00834906
0.00813455
0.00802265
-0.0467419
-0.0293125
-0.0117926
0.00410383
0.0151706
0.0189364
0.0211541
0.0206952
0.0195487
0.0182144
0.0165965
0.0153209
0.0140098
0.0129523
0.0119289
0.0110428
0.0102491
0.00957032
0.00900028
0.00854571
0.00820242
0.00796981
0.00784766
-0.13737
-0.111783
-0.0726301
-0.033337
0.00223081
0.0163158
0.0214145
0.0189179
0.0191765
0.0177864
0.0166524
0.0153639
0.0141109
0.0129549
0.0118918
0.0109479
0.0101274
0.00942365
0.00883687
0.00836658
0.00800941
0.00776565
0.00763699
-0.182604
-0.221708
-0.12362
-0.0749228
0.00177375
0.0060028
0.0168427
0.0179377
0.0181009
0.0173324
0.0163416
0.0151361
0.0139065
0.0127272
0.011653
0.0106957
0.00987395
0.00917049
0.00858794
0.00811851
0.00776114
0.00751527
0.00738484
-0.111753
-0.0919129
-0.0530067
-0.0114233
0.0242342
0.038955
0.0357874
0.0286677
0.0234359
0.0198176
0.0171671
0.0152952
0.0136893
0.0124106
0.011264
0.0103133
0.00949576
0.00881314
0.00824895
0.00779609
0.0074504
0.00721165
0.00708447
-0.00177137
0.00844839
0.0158505
0.0221772
0.0268855
0.0281864
0.0260878
0.0247197
0.0217725
0.0195568
0.0169009
0.0149659
0.013141
0.0118147
0.0106443
0.00974025
0.00896373
0.00833201
0.00780966
0.00739272
0.00707294
0.00685058
0.00673151
-0.0150648
-0.00692822
0.00130485
0.0112857
0.0193356
0.0238656
0.0240376
0.0221775
0.0195496
0.0173237
0.0152979
0.013547
0.0119634
0.0107511
0.00971911
0.00892437
0.00825319
0.00770955
0.00726012
0.00689973
0.00662114
0.00642597
0.00632067
-0.04531
-0.0351461
-0.023468
-0.01179
-0.000702978
0.00563447
0.00920987
0.00960318
0.0101026
0.0103148
0.0102692
0.00996711
0.00944315
0.00889193
0.00830549
0.00779293
0.0073309
0.00693557
0.00659737
0.00631748
0.00609548
0.00593666
0.00584974
-0.0335235
-0.0280639
-0.0215145
-0.0151261
-0.00906407
-0.00464975
-0.00193835
-0.000186634
0.0017215
0.00340136
0.00471172
0.00562444
0.00614686
0.00643004
0.00644835
0.00637203
0.00620274
0.00601565
0.00582335
0.00564618
0.00549537
0.00538187
0.00531789
-0.0126712
-0.0116838
-0.0108111
-0.0101435
-0.00913196
-0.0077273
-0.00599538
-0.00400597
-0.00200918
-0.000306227
0.00118054
0.00243154
0.00338931
0.0041221
0.00457276
0.00486191
0.00497515
0.00500449
0.00496753
0.00490231
0.00482866
0.00476512
0.00472659
-0.00962065
-0.00907799
-0.00865938
-0.00814495
-0.0073508
-0.00627358
-0.00504729
-0.00382312
-0.00260584
-0.00149447
-0.000423575
0.000593083
0.00151128
0.00232929
0.00295942
0.0034482
0.0037628
0.00396609
0.00406711
0.0041079
0.00410963
0.00409534
0.0040819
-0.00955907
-0.00889898
-0.0081692
-0.00739148
-0.00584655
-0.00514052
-0.00440132
-0.00368413
-0.00285012
-0.00201732
-0.00118916
-0.000388166
0.000357003
0.00107506
0.00170468
0.00224958
0.0026616
0.00296826
0.0031665
0.00328919
0.00335368
0.00338245
0.00339169
-0.00668113
-0.00631232
-0.00589076
-0.00542743
-0.00492433
-0.00444664
-0.00393997
-0.00337588
-0.00270414
-0.00203173
-0.001371
-0.000743042
-0.000169257
0.000383523
0.000883267
0.00135158
0.0017488
0.00207482
0.00231296
0.00247943
0.00258256
0.00264045
0.00266556
-0.00388554
-0.00377693
-0.00366
-0.00351849
-0.00333507
-0.00310213
-0.00279203
-0.00242133
-0.00198701
-0.00155443
-0.0011111
-0.000682207
-0.00028506
9.52856e-05
0.000431929
0.000758994
0.00105503
0.00132095
0.00153822
0.0017042
0.00181656
0.00188499
0.00191685
-0.00214905
-0.00209743
-0.00204352
-0.00197065
-0.0018721
-0.00174318
-0.00157435
-0.00138584
-0.00116315
-0.000942012
-0.000696999
-0.000452756
-0.000221688
4.82878e-06
0.00019616
0.000383832
0.000551603
0.000714065
0.000858967
0.000979782
0.0010681
0.00112517
0.00115294
-0.0007252
-0.000704242
-0.00068131
-0.000651618
-0.000614986
-0.000571402
-0.000516608
-0.000459296
-0.00038498
-0.000316283
-0.0002331
-0.000150727
-7.36979e-05
8.68349e-06
7.20718e-05
0.000137122
0.000186195
0.000236122
0.000280002
0.000319604
0.000350718
0.000372321
0.000383231
-0.153493
-0.127177
-0.102787
-0.0832213
-0.0662075
-0.0523222
-0.0405283
-0.0308307
-0.0228066
-0.0161359
-0.010653
-0.0061467
-0.00243711
0.000598115
0.00307118
0.00505812
0.00664588
0.00789882
0.00887577
0.00962076
0.0101564
0.0105033
0.010674
-0.165462
-0.134424
-0.107133
-0.0854049
-0.067484
-0.0527595
-0.0404599
-0.0305413
-0.0224074
-0.0157189
-0.0102996
-0.00587336
-0.00224546
0.000708928
0.00311209
0.00504447
0.00659643
0.0078264
0.00878978
0.0095279
0.0100623
0.0104125
0.0105879
-0.178572
-0.142437
-0.110997
-0.087413
-0.0687213
-0.0531428
-0.0404381
-0.0303313
-0.0220669
-0.0153416
-0.00997044
-0.00559672
-0.00203654
0.000844171
0.00318052
0.0050579
0.00657158
0.00777432
0.00872023
0.00944792
0.00997776
0.010328
0.0105056
-0.189509
-0.14961
-0.115344
-0.0911371
-0.0712529
-0.0543977
-0.0411635
-0.0306887
-0.0221237
-0.015259
-0.00985086
-0.00544999
-0.00191152
0.000932247
0.00322723
0.00506673
0.00655165
0.00773108
0.00866088
0.00937765
0.00990133
0.0102495
0.0104273
-0.20391
-0.156913
-0.119653
-0.094862
-0.0732732
-0.055523
-0.0420375
-0.0312212
-0.0223725
-0.0154076
-0.00993079
-0.0054589
-0.00191022
0.000935826
0.00321776
0.00504369
0.0065155
0.00768153
0.00860123
0.00931027
0.00982911
0.010175
0.0103523
-0.212452
-0.161412
-0.125327
-0.0992961
-0.0755882
-0.0572477
-0.0433591
-0.032056
-0.0228881
-0.0158271
-0.0102108
-0.0056417
-0.00205227
0.000831872
0.00312794
0.00496851
0.00644578
0.00761267
0.00853212
0.00923989
0.00975763
0.0101031
0.0102802
-0.226699
-0.167881
-0.131074
-0.102762
-0.0777543
-0.0592164
-0.0447976
-0.0330384
-0.0236764
-0.0165381
-0.0107179
-0.00605046
-0.0023761
0.000579554
0.00292542
0.0048139
0.00632044
0.00750884
0.00844294
0.00915987
0.0096831
0.0100317
0.01021
-0.236796
-0.178241
-0.140197
-0.108652
-0.0824417
-0.0631054
-0.047657
-0.0351453
-0.0254356
-0.0179283
-0.0117648
-0.00691297
-0.00304495
5.46436e-05
0.00252442
0.00451549
0.00609588
0.00734186
0.00831636
0.0090605
0.00960066
0.00995896
0.0101411
0.0173079
-0.00891877
-0.0336854
-0.0592515
-0.0858025
-0.111296
-0.135194
-0.157302
0.0197593
-0.00923013
-0.0375017
-0.0665474
-0.0962027
-0.124658
-0.151009
-0.174528
0.0212049
-0.0123258
-0.0452271
-0.0778551
-0.109995
-0.1404
-0.168285
-0.193347
0.02093
-0.0174846
-0.0549338
-0.0909754
-0.125459
-0.157756
-0.187342
-0.214308
0.018409
-0.0245532
-0.06623
-0.105777
-0.142971
-0.177566
-0.209218
-0.238063
0.0136277
-0.0338659
-0.0798171
-0.123215
-0.16363
-0.200879
-0.234662
-0.265193
0.00646423
-0.0460457
-0.0966992
-0.144373
-0.188408
-0.228507
-0.264372
-0.296345
-0.00370655
-0.0620213
-0.117993
-0.170371
-0.218298
-0.261303
-0.29925
-0.332375
-0.018022
-0.0830728
-0.145063
-0.202625
-0.254694
-0.300658
-0.340532
-0.374407
-0.038105
-0.110926
-0.179731
-0.243013
-0.299576
-0.34856
-0.389966
-0.423886
-0.0661899
-0.147942
-0.224553
-0.294157
-0.355276
-0.407449
-0.449782
-0.482596
-0.105401
-0.197225
-0.282718
-0.35981
-0.425969
-0.480316
-0.521966
-0.551616
-0.160817
-0.263955
-0.358181
-0.442313
-0.512845
-0.567425
-0.605813
-0.62872
-0.23602
-0.352634
-0.458825
-0.546425
-0.614539
-0.663134
-0.69187
-0.701479
-0.306215
-0.428676
-0.532751
-0.616652
-0.67884
-0.71889
-0.738092
-0.739225
0.185806
0.178867
0.167751
0.152446
0.133086
0.109951
0.0837377
0.0528788
0.200315
0.19208
0.178923
0.161041
0.138876
0.112326
0.0833663
0.0516306
0.216639
0.207291
0.192443
0.172408
0.148031
0.119075
0.0878265
0.0553575
0.235175
0.224921
0.20862
0.186555
0.159964
0.128694
0.0943573
0.0589058
0.255934
0.244766
0.226927
0.202591
0.173214
0.138976
0.100683
0.0607618
0.278776
0.266504
0.246796
0.21976
0.186857
0.148803
0.105935
0.0607863
0.303601
0.289975
0.267963
0.23773
0.200599
0.157882
0.109904
0.0590468
0.330363
0.315138
0.290353
0.256361
0.214335
0.166095
0.112303
0.0551275
0.358982
0.341905
0.313829
0.275408
0.22775
0.173025
0.112425
0.0480427
0.389188
0.369952
0.337986
0.294298
0.240082
0.17774
0.109075
0.0363166
0.420375
0.398582
0.361992
0.31198
0.25001
0.178684
0.100441
0.0178766
0.451339
0.426469
0.384354
0.326717
0.255487
0.173516
0.0838893
-0.010229
0.480045
0.451407
0.402584
0.335644
0.25323
0.158514
0.055311
-0.0525766
0.502432
0.469373
0.412767
0.33476
0.238969
0.129147
0.0101495
-0.113401
0.520687
0.483275
0.419375
0.33167
0.223347
0.0989078
-0.0351878
-0.172775
0.0270783
0.0270398
0.0270109
0.0269909
0.0269798
0.0269722
0.0269755
0.0269743
0.0314849
0.0314085
0.0313066
0.0311814
0.0310363
0.030874
0.0306971
0.0305129
0.0278296
0.0277959
0.0277788
0.027776
0.0277926
0.0278101
0.0278362
0.0278622
0.0317571
0.0316628
0.0315392
0.0313901
0.0312198
0.0310341
0.0308403
0.0306477
0.0293244
0.0292786
0.0292588
0.02926
0.0292793
0.0293095
0.0293475
0.0293896
0.0336317
0.0335176
0.0333717
0.0331973
0.0329991
0.0327871
0.0325644
0.0323631
0.0318731
0.0318049
0.0317996
0.031779
0.0317908
0.0318255
0.0318483
0.0319215
0.0362885
0.0361261
0.0359272
0.0357015
0.0354542
0.0352186
0.0349505
0.0347794
0.035643
0.0355326
0.0354572
0.0354051
0.0353722
0.0353561
0.0353314
0.0353496
0.0401589
0.039959
0.0397471
0.0395125
0.0392382
0.0389937
0.0386809
0.0385338
0.0409228
0.0407184
0.0405498
0.0404038
0.0402684
0.0401879
0.0400413
0.0400753
0.0457489
0.0454454
0.0451327
0.0448464
0.0444494
0.044244
0.0437892
0.0438099
0.0482637
0.0479803
0.0476857
0.0474634
0.0471216
0.0470301
0.0466293
0.0466318
0.0538908
0.0535173
0.052989
0.0526682
0.0519616
0.0517841
0.0509001
0.0509808
0.0585848
0.0580855
0.0575261
0.0570435
0.0563961
0.0559266
0.0550571
0.0548018
0.0658626
0.065297
0.0645932
0.0640009
0.0629917
0.0623448
0.0607717
0.0603269
0.0732159
0.0723137
0.071235
0.0700806
0.0685632
0.0672495
0.0652988
0.0640411
0.0831437
0.0820881
0.0807997
0.0794052
0.0773317
0.0755921
0.072531
0.0707117
0.0941136
0.0925078
0.0904369
0.087947
0.0847984
0.081465
0.0773236
0.0732094
0.108029
0.10604
0.103381
0.100066
0.0957494
0.0910604
0.0849207
0.0788867
0.123841
0.120902
0.116873
0.11154
0.104969
0.0969971
0.0882037
0.0771979
0.143313
0.139565
0.134163
0.126799
0.11746
0.106345
0.0926862
0.0781428
0.165605
0.16037
0.152294
0.141141
0.126723
0.10965
0.0895955
0.0660623
0.0269725
0.026978
0.027003
0.0270485
0.0271178
0.0272053
0.027263
0.0272683
0.027195
0.0270249
0.0267463
0.0263563
0.0258637
0.0252898
0.0246648
0.0240199
0.0233775
0.0227525
0.0221582
0.021612
0.0211394
0.0207729
0.02055
0.030267
0.0299291
0.0295144
0.0290134
0.0284176
0.0278005
0.0272066
0.0266535
0.0261632
0.0257458
0.025399
0.025106
0.0248419
0.0245279
0.0241217
0.0236261
0.0230714
0.0224922
0.021921
0.0213875
0.0209233
0.0205648
0.0203465
0.0279031
0.0279574
0.0280306
0.0281246
0.028192
0.0281509
0.0279989
0.0277401
0.0273632
0.0268704
0.0262822
0.0256344
0.0249901
0.0243926
0.0238339
0.0232857
0.0227141
0.022127
0.021551
0.021018
0.0205589
0.02021
0.0200059
0.030368
0.0299878
0.0295291
0.0290099
0.0285375
0.0281113
0.0277211
0.0273511
0.0269875
0.026611
0.0261917
0.0256724
0.0250293
0.0243127
0.0236218
0.0229552
0.022306
0.0216764
0.0210811
0.0205439
0.0200896
0.019751
0.0195664
0.0294262
0.0294449
0.0294805
0.0294786
0.0293634
0.0291542
0.0288315
0.0283882
0.0278323
0.0271845
0.0264881
0.02577
0.0250225
0.0242318
0.0234179
0.0226154
0.0218563
0.0211592
0.0205328
0.0199905
0.0195449
0.0192204
0.0190585
0.0320155
0.0315026
0.0309057
0.030343
0.0298225
0.0293121
0.0288079
0.0282924
0.0277477
0.0271384
0.0264457
0.0256757
0.0248488
0.02397
0.0230648
0.0221755
0.02134
0.0205868
0.0199316
0.0193859
0.0189523
0.0186458
0.0185062
0.0319044
0.0318225
0.0317118
0.0314699
0.0311045
0.0306036
0.0299643
0.0291983
0.0283389
0.0274246
0.0264774
0.0255084
0.0245268
0.0235385
0.0225594
0.0216161
0.0207396
0.0199595
0.0192934
0.0187544
0.0183383
0.0180529
0.0179312
0.0343385
0.0337076
0.032996
0.032323
0.0316263
0.0309129
0.0301614
0.0293427
0.0284298
0.0274136
0.0263136
0.0251688
0.0240233
0.0229167
0.0218689
0.0208953
0.0200158
0.0192476
0.0186039
0.0180962
0.0177143
0.0174595
0.0173512
0.0352279
0.034907
0.0344791
0.0339144
0.0331683
0.0322442
0.0311594
0.0299613
0.0286895
0.0273692
0.0260213
0.0246741
0.0233687
0.0221474
0.021038
0.0200503
0.0191922
0.0184647
0.0178717
0.0174181
0.017089
0.016875
0.0167792
0.0379936
0.036996
0.0360269
0.0349967
0.0339236
0.0327584
0.0314871
0.0300991
0.0286114
0.0270623
0.0254985
0.0239771
0.0225503
0.0212562
0.0201176
0.0191411
0.0183266
0.0176603
0.0171353
0.0167468
0.0164799
0.0163085
0.0162248
0.0397354
0.0388938
0.0379745
0.0368567
0.0354968
0.033937
0.0322253
0.0304087
0.0285331
0.0266526
0.0248257
0.0231136
0.0215701
0.020225
0.0190892
0.0181585
0.0174195
0.0168426
0.0164071
0.0160938
0.0158945
0.0157639
0.0156941
0.0430438
0.0414287
0.0399546
0.0382265
0.0363922
0.0344085
0.0322819
0.0300611
0.027823
0.0256541
0.0236318
0.0218189
0.0202486
0.0189368
0.0178779
0.0170546
0.0164404
0.0159936
0.0156771
0.0154559
0.01533
0.0152417
0.0151898
0.0457075
0.0440525
0.0421851
0.0400034
0.0375375
0.0349061
0.0322013
0.0295027
0.0268929
0.0244598
0.0222813
0.0204046
0.0188477
0.0176041
0.0166494
0.015952
0.0154737
0.0151657
0.0149738
0.0148485
0.0147925
0.0147469
0.0147151
0.0492351
0.0467114
0.0440178
0.0411622
0.0381519
0.0349925
0.0317603
0.0285966
0.0256328
0.0229769
0.0206931
0.0188133
0.01733
0.0162085
0.015402
0.0148592
0.014531
0.0143672
0.0142985
0.0142697
0.0142804
0.0142802
0.0142717
0.0529409
0.0498501
0.046347
0.0424615
0.0383911
0.0343252
0.030407
0.0267763
0.0235569
0.0208144
0.0185741
0.0168285
0.0155352
0.0146337
0.0140524
0.0137199
0.0135768
0.0135741
0.013636
0.0137089
0.0137885
0.0138398
0.0138585
0.0569252
0.0522841
0.0474713
0.0425511
0.0375762
0.0327236
0.0282408
0.024293
0.0209582
0.0182617
0.0161875
0.0146787
0.0136559
0.0130305
0.0127099
0.0126092
0.0126621
0.0128197
0.0130074
0.0131778
0.0133234
0.0134275
0.0134741
0.0602627
0.0545731
0.0484775
0.0422381
0.0361899
0.0305682
0.0256067
0.0214176
0.0180472
0.0154842
0.0136574
0.0124563
0.0117588
0.0114449
0.0114042
0.0115439
0.0117934
0.0121049
0.0124129
0.0126771
0.0128864
0.0130435
0.0131181
0.0642162
0.0558669
0.0477756
0.0400887
0.0330266
0.0268723
0.0217502
0.0176533
0.014548
0.0123521
0.0109366
0.0101505
0.00984248
0.00987504
0.0101314
0.0105172
0.0109617
0.0114205
0.0118452
0.0122019
0.0124758
0.0126866
0.0127896
0.0656189
0.0556979
0.0458843
0.0368149
0.0288668
0.0222967
0.0171147
0.0132526
0.010581
0.0089093
0.00803253
0.00775366
0.00789451
0.00830813
0.00887998
0.00951909
0.0101593
0.0107624
0.011301
0.0117494
0.0120907
0.0123548
0.0124872
0.0670134
0.0526927
0.0408406
0.0308265
0.0225994
0.016165
0.0113787
0.00809104
0.00610151
0.00514083
0.00493993
0.00526204
0.0059113
0.00674206
0.00764919
0.00855044
0.00938967
0.010137
0.0107865
0.0113237
0.0117331
0.0120474
0.0122101
0.0625008
0.0466574
0.0336215
0.0229969
0.0148445
0.00891362
0.00488727
0.00248211
0.00138186
0.00125573
0.00180262
0.00276701
0.00394742
0.00520711
0.0064541
0.00761855
0.00865724
0.00954977
0.0103077
0.0109301
0.0114054
0.0117651
0.0119582
0.0546136
0.0355738
0.0224622
0.0123508
0.00503892
0.000123986
-0.00272828
-0.00390226
-0.00383941
-0.00293899
-0.00152294
0.000155132
0.00190884
0.00362359
0.00522824
0.00666982
0.00792045
0.00897235
0.00984774
0.0105594
0.0111027
0.0115072
0.0117312
0.0353692
0.0203261
0.00808863
-0.000888442
-0.00687225
-0.010277
-0.0115435
-0.0111885
-0.00974506
-0.00765076
-0.00524365
-0.00276391
-0.000371996
0.00184897
0.0038541
0.00561027
0.00710887
0.00835283
0.00937159
0.0101902
0.0108129
0.01127
0.0115285
0.0130714
0.0036064
-0.00585157
-0.0135032
-0.0182652
-0.0202782
-0.0200455
-0.0182348
-0.0154632
-0.0122127
-0.00883702
-0.00556793
-0.00254548
0.000175753
0.00257569
0.00464532
0.00639085
0.00782568
0.00898554
0.00990533
0.0105985
0.0110966
0.0113777
-0.0113807
-0.0182917
-0.0233441
-0.0274858
-0.0292814
-0.0287445
-0.0264193
-0.0229815
-0.0189727
-0.0147966
-0.0107348
-0.00696002
-0.00356821
-0.000573738
0.00202612
0.00424542
0.00610212
0.0076188
0.00883512
0.00978986
0.010502
0.0109998
0.0112749
-0.0353457
-0.0432189
-0.0437745
-0.0422328
-0.0390977
-0.0348806
-0.0300008
-0.024882
-0.0198213
-0.0150272
-0.0106306
-0.00669847
-0.00325658
-0.000268079
0.00229302
0.00445961
0.00626075
0.00772706
0.00889942
0.00981376
0.0104889
0.0109457
0.011189
-0.057126
-0.0624613
-0.0586185
-0.0534458
-0.0466683
-0.0395733
-0.0326305
-0.0261149
-0.0201636
-0.0148409
-0.0101637
-0.00611385
-0.00264857
0.000298709
0.00277969
0.00484894
0.0065513
0.0079284
0.00902484
0.00987476
0.0104952
0.010902
0.0111089
-0.0793457
-0.0781088
-0.0687789
-0.0609486
-0.0519573
-0.0432457
-0.0350393
-0.0275656
-0.0209232
-0.015122
-0.0101342
-0.00590164
-0.00233523
0.000644671
0.00310759
0.00512705
0.00676489
0.00807572
0.00911101
0.00990718
0.0104813
0.0108487
0.0110277
-0.100895
-0.0928442
-0.0786312
-0.0679652
-0.0567213
-0.0465913
-0.0373378
-0.0291075
-0.0219206
-0.0157239
-0.0104558
-0.0060349
-0.0023472
0.000704849
0.00320095
0.00522094
0.00683858
0.00811934
0.0091216
0.00988634
0.0104328
0.0107782
0.0109424
-0.121267
-0.106642
-0.0882078
-0.0743093
-0.0606869
-0.049199
-0.0390219
-0.0302116
-0.022653
-0.0162034
-0.0107663
-0.00623254
-0.00247182
0.000627277
0.00315414
0.00518616
0.00680331
0.00807577
0.00906572
0.00981774
0.0103534
0.0106925
0.0108535
-0.138582
-0.117923
-0.0965269
-0.0797217
-0.0641019
-0.0512794
-0.040172
-0.0308234
-0.022966
-0.0163532
-0.010846
-0.00628781
-0.00252306
0.000568243
0.0030883
0.00511184
0.00672251
0.00798926
0.00897394
0.00972215
0.0102567
0.0105984
0.0107632
)
;

boundaryField
{
    outlet
    {
        type            fixedValue;
        value           uniform 0;
    }
    upperWall
    {
        type            symmetryPlane;
    }
    lowerWall
    {
        type            symmetryPlane;
    }
    inlet
    {
        type            zeroGradient;
    }
    cylinder
    {
        type            zeroGradient;
    }
    frontAndBack
    {
        type            empty;
    }
}


// ************************************************************************* //
