/*--------------------------------*- C++ -*----------------------------------*\
| =========                 |                                                 |
| \\      /  F ield         | OpenFOAM: The Open Source CFD Toolbox           |
|  \\    /   O peration     | Version:  2312                                  |
|   \\  /    A nd           | Website:  www.openfoam.com                      |
|    \\/     M anipulation  |                                                 |
\*---------------------------------------------------------------------------*/
FoamFile
{
    version     2.0;
    format      ascii;
    arch        "LSB;label=32;scalar=64";
    class       volScalarField;
    location    "124.3";
    object      p;
}
// * * * * * * * * * * * * * * * * * * * * * * * * * * * * * * * * * * * * * //

dimensions      [0 2 -2 0 0 0 0];

internalField   nonuniform List<scalar> 
5478
(
-0.581141
-0.576763
-0.56904
-0.56159
-0.556306
-0.552775
-0.548092
-0.538719
-0.521885
-0.496798
-0.464764
-0.427592
-0.387951
-0.343803
-0.298082
-0.595037
-0.589911
-0.582629
-0.573979
-0.563842
-0.550919
-0.534198
-0.512968
-0.487176
-0.457511
-0.424809
-0.390181
-0.354
-0.316951
-0.281691
-0.614635
-0.607952
-0.598941
-0.586799
-0.568999
-0.545723
-0.518718
-0.489421
-0.458682
-0.426902
-0.394473
-0.3616
-0.328772
-0.29613
-0.263755
-0.639766
-0.629707
-0.617623
-0.598697
-0.570969
-0.537943
-0.503254
-0.468719
-0.434902
-0.401935
-0.369721
-0.338377
-0.307896
-0.278468
-0.250791
-0.670933
-0.655011
-0.637847
-0.60863
-0.569849
-0.528361
-0.487963
-0.449839
-0.414097
-0.38043
-0.348604
-0.318344
-0.289511
-0.262252
-0.235854
-0.70661
-0.683732
-0.656457
-0.614236
-0.564893
-0.516461
-0.471733
-0.431035
-0.393905
-0.359841
-0.328337
-0.299057
-0.271772
-0.246216
-0.22186
-0.739761
-0.71179
-0.66945
-0.612965
-0.554399
-0.500405
-0.452359
-0.40978
-0.371827
-0.337707
-0.306796
-0.278609
-0.252793
-0.229046
-0.206411
-0.764289
-0.731696
-0.672107
-0.602367
-0.536208
-0.477931
-0.427602
-0.383947
-0.345765
-0.312105
-0.282162
-0.255361
-0.231303
-0.209456
-0.189346
-0.526571
-0.526402
-0.531392
-0.543973
-0.56395
-0.590396
-0.621661
-0.65491
-0.686269
-0.711152
-0.724254
-0.720062
-0.694194
-0.648862
-0.585019
-0.554617
-0.552983
-0.558529
-0.572835
-0.595525
-0.62555
-0.661134
-0.699277
-0.735895
-0.765803
-0.783426
-0.781658
-0.753896
-0.700846
-0.619874
-0.572841
-0.568801
-0.57291
-0.585826
-0.607263
-0.636198
-0.670854
-0.708334
-0.744771
-0.774067
-0.791435
-0.788515
-0.756758
-0.696448
-0.605672
-0.580845
-0.574353
-0.575176
-0.583746
-0.600418
-0.624549
-0.654554
-0.688143
-0.719355
-0.746891
-0.76164
-0.755443
-0.719001
-0.655337
-0.563516
-0.58103
-0.573079
-0.56989
-0.57238
-0.582239
-0.599717
-0.623503
-0.650445
-0.6796
-0.702299
-0.709817
-0.695648
-0.652326
-0.586932
-0.502968
-0.577414
-0.569568
-0.563068
-0.559836
-0.563189
-0.574635
-0.593446
-0.616922
-0.638904
-0.651771
-0.647834
-0.622703
-0.574128
-0.511852
-0.439192
-0.573974
-0.567389
-0.55904
-0.552202
-0.551379
-0.558716
-0.572802
-0.588668
-0.599619
-0.598629
-0.581388
-0.547056
-0.498352
-0.444614
-0.385455
-0.574229
-0.569226
-0.560547
-0.552732
-0.549851
-0.553018
-0.559461
-0.56382
-0.560485
-0.54531
-0.517826
-0.479224
-0.434592
-0.387113
-0.338546
-0.476994
-0.363297
-0.327291
-0.329318
-0.292545
-0.222119
-0.168147
-0.157092
-0.158098
-0.179221
-0.180581
-0.171686
-0.159437
-0.151236
-0.121697
-0.106911
-0.122134
-0.147019
-0.139743
-0.116798
-0.121614
-0.150224
-0.135003
-0.117077
-0.138858
-0.182437
-0.190026
-0.175144
-0.111603
-0.0438512
-0.0377268
-0.0278328
-0.0171273
-0.0082015
-0.00600094
-0.00435098
-0.00275964
-0.000937729
-0.48477
-0.333946
-0.248661
-0.215904
-0.195188
-0.164963
-0.151257
-0.160167
-0.178567
-0.216143
-0.218519
-0.19129
-0.163194
-0.15139
-0.128474
-0.112982
-0.128041
-0.152194
-0.13929
-0.111582
-0.109519
-0.131827
-0.131514
-0.119414
-0.155681
-0.203931
-0.185053
-0.15629
-0.108956
-0.0484761
-0.0389285
-0.0263587
-0.0166572
-0.00855747
-0.00615269
-0.00427441
-0.00273643
-0.000959127
-0.459313
-0.296327
-0.185616
-0.132299
-0.0938327
-0.0985557
-0.129454
-0.158675
-0.192526
-0.244884
-0.258177
-0.20923
-0.165022
-0.148936
-0.134231
-0.117845
-0.133282
-0.156542
-0.138182
-0.105133
-0.097871
-0.113574
-0.125789
-0.118968
-0.169748
-0.219316
-0.176366
-0.134072
-0.10348
-0.0519198
-0.0394708
-0.0246567
-0.0159997
-0.00887792
-0.00628917
-0.00418286
-0.00271171
-0.000982042
-0.422288
-0.275216
-0.16185
-0.0979487
-0.046023
-0.0457306
-0.106727
-0.146425
-0.187587
-0.253634
-0.274583
-0.221711
-0.165464
-0.144066
-0.136268
-0.120117
-0.137703
-0.160722
-0.137885
-0.0981621
-0.0874237
-0.0969638
-0.117977
-0.115316
-0.179423
-0.227244
-0.166234
-0.11108
-0.0954296
-0.0538947
-0.0394019
-0.0228757
-0.0152005
-0.00913435
-0.00640211
-0.00408565
-0.00268683
-0.00100381
-0.377003
-0.263336
-0.16069
-0.0928145
-0.0440897
-0.0213552
-0.0983583
-0.135133
-0.165436
-0.238426
-0.279172
-0.226675
-0.164459
-0.138241
-0.134097
-0.120299
-0.141647
-0.165107
-0.136887
-0.091029
-0.0784717
-0.0836743
-0.10868
-0.108523
-0.183917
-0.228951
-0.156839
-0.0884103
-0.0855301
-0.0543947
-0.0387277
-0.0211411
-0.0143253
-0.00930981
-0.00648192
-0.00399161
-0.00266328
-0.00102175
-0.335693
-0.251963
-0.166183
-0.101382
-0.0517394
-0.0221169
-0.0826897
-0.117552
-0.13374
-0.202342
-0.245889
-0.213749
-0.158838
-0.13064
-0.127285
-0.118461
-0.143787
-0.170091
-0.137625
-0.0848767
-0.0708112
-0.0631967
-0.0977791
-0.0992278
-0.182998
-0.22595
-0.149726
-0.068325
-0.0745109
-0.053645
-0.0375762
-0.0195779
-0.0134243
-0.00939468
-0.00652168
-0.00390924
-0.0026442
-0.00103387
-0.30855
-0.240744
-0.164925
-0.102284
-0.0554543
-0.0267214
-0.0462058
-0.087757
-0.100941
-0.168667
-0.223523
-0.203873
-0.155726
-0.124472
-0.116803
-0.113479
-0.143756
-0.173253
-0.135306
-0.0793823
-0.0648316
-0.057583
-0.0861353
-0.0870125
-0.177301
-0.219424
-0.142436
-0.052272
-0.0622466
-0.051833
-0.0358728
-0.0182224
-0.012582
-0.00940674
-0.00651204
-0.00384155
-0.00263008
-0.00103857
-0.29209
-0.242731
-0.176777
-0.116945
-0.068984
-0.0295943
-0.0312178
-0.0483334
-0.065888
-0.127737
-0.18234
-0.174183
-0.144801
-0.118322
-0.103225
-0.105138
-0.138255
-0.184309
-0.135547
-0.0760427
-0.0603333
-0.0529332
-0.0737241
-0.072833
-0.166956
-0.214264
-0.136937
-0.038832
-0.0502192
-0.0488397
-0.0340609
-0.0171016
-0.0117528
-0.00933466
-0.00647643
-0.00379911
-0.00263343
-0.00103648
-0.256567
-0.224055
-0.159381
-0.098109
-0.0463765
0.00358538
0.0602847
0.0444323
-0.0134914
-0.100594
-0.162461
-0.143667
-0.120784
-0.100567
-0.0850606
-0.0975454
-0.124328
-0.137376
-0.126524
-0.0704989
-0.0548319
-0.0527808
-0.0637002
-0.0643818
-0.151624
-0.198401
-0.131268
-0.0304195
-0.0403904
-0.0440596
-0.0308903
-0.0158729
-0.0109809
-0.0090979
-0.00627621
-0.00374196
-0.00263452
-0.00102119
-0.193938
-0.170572
-0.119401
-0.0689047
-0.0252536
0.0250975
0.0704393
0.0671036
0.0171085
-0.054484
-0.0821053
-0.0902213
-0.0857658
-0.0724313
-0.0601484
-0.0789774
-0.115523
-0.15333
-0.117797
-0.0577874
-0.0404099
-0.0389807
-0.0496077
-0.0478486
-0.129141
-0.190019
-0.119033
-0.0146111
-0.0312278
-0.038173
-0.0275229
-0.0136111
-0.0097388
-0.00867147
-0.00595383
-0.00367131
-0.00261593
-0.000994882
-0.151924
-0.139411
-0.10303
-0.060613
-0.0217036
0.0224994
0.0633438
0.0659466
0.0312376
-0.0175071
-0.0478856
-0.055433
-0.0586203
-0.0516409
-0.037737
-0.047418
-0.0811894
-0.10816
-0.0924893
-0.0441577
-0.0285234
-0.0326356
-0.0342831
-0.0300189
-0.0981004
-0.141161
-0.0892503
-0.00236715
-0.0223885
-0.0311224
-0.0230162
-0.0111783
-0.00882077
-0.00817108
-0.00548606
-0.00361007
-0.00267497
-0.000969831
-0.117628
-0.109821
-0.0826281
-0.0484006
-0.0162905
0.0158314
0.0436801
0.0516978
0.0315355
-0.000549239
-0.0205733
-0.0275185
-0.0318472
-0.0257414
-0.0128284
-0.0149713
-0.0416632
-0.0568011
-0.0577376
-0.0385079
-0.0231815
-0.0121933
-0.015843
-0.0140311
-0.0648704
-0.0913351
-0.0503925
0.00804854
-0.0113663
-0.0237917
-0.0186418
-0.00901451
-0.00747853
-0.00756323
-0.00487328
-0.00355335
-0.00278081
-0.000946072
-0.0906043
-0.0861015
-0.0678004
-0.0427972
-0.0188123
0.00439453
0.0244961
0.0331466
0.0243094
0.00650095
-0.00653588
-0.0123129
-0.015833
-0.0139631
0.000146405
0.0130671
0.00220335
-0.00467702
-0.0209274
-0.0331824
-0.0195147
-0.0145141
-0.00584794
-0.00245179
-0.0342329
-0.0431007
-0.00626755
0.0174898
0.000785302
-0.0164126
-0.0141407
-0.00703545
-0.0067066
-0.00692858
-0.00409156
-0.00346702
-0.00294042
-0.000929943
-0.0700734
-0.067675
-0.0555616
-0.037755
-0.0200927
-0.00373056
0.0104824
0.0181664
0.016386
0.00741354
0.000776904
-0.00214962
-0.00277748
0.00117431
0.011351
0.0223848
0.0108723
0.0116284
0.00176746
-0.0215603
-0.0127955
-0.00604406
0.00312363
0.00113102
-0.0171749
-0.00680161
0.0288295
0.0221348
0.0127426
-0.00980919
-0.010555
-0.00544408
-0.00600521
-0.00631082
-0.00311393
-0.00331816
-0.00313823
-0.000921648
-0.0535807
-0.0525617
-0.0449557
-0.0329774
-0.0205181
-0.0089435
0.00122294
0.00768511
0.00947187
0.0066593
0.003792
0.00274803
0.0029183
0.00543789
0.0138086
0.0243518
0.0189423
0.016492
0.0119715
-0.00637854
-0.0042711
-0.00276564
0.00885457
0.00840744
-0.0063568
0.0150575
0.0432871
0.0188879
0.0201909
-0.0052659
-0.00946378
-0.0041234
-0.00550962
-0.0058161
-0.00206314
-0.00309782
-0.00329683
-0.000903657
-0.0404685
-0.0405266
-0.0358509
-0.0280478
-0.019331
-0.0111412
-0.0038537
0.0013299
0.00442218
0.00434375
0.00410047
0.00471959
0.00658478
0.0099916
0.0154403
0.0222633
0.019491
0.0163238
0.0140365
0.00306419
0.00397435
0.00424708
0.0130094
0.012694
0.000161765
0.0209097
0.0396304
0.0193126
0.0234205
-0.00332334
-0.0110133
-0.00322393
-0.00524294
-0.00550661
-0.0013252
-0.00284046
-0.00335219
-0.000879281
-0.0305981
-0.0312111
-0.0286062
-0.0232691
-0.0172132
-0.0113571
-0.00592989
-0.00156325
0.00145512
0.00290031
0.00410942
0.00552069
0.0073891
0.00991575
0.0133524
0.0182358
0.0175512
0.0151589
0.0137041
0.00759517
0.00728431
0.00587847
0.0131243
0.0155213
0.00632454
0.0208707
0.0327193
0.0200021
0.0228721
-4.17076e-05
-0.00981187
-0.00224085
-0.00461406
-0.00492755
-0.000865787
-0.00249054
-0.0031417
-0.000794239
-0.0224501
-0.0232375
-0.0217761
-0.0184599
-0.0143629
-0.0102253
-0.00629153
-0.00293581
-0.000102824
0.00183491
0.00352299
0.00512787
0.00710408
0.00964042
0.0120121
0.0151376
0.0154504
0.0139427
0.0130324
0.00980503
0.0103146
0.0100363
0.0133349
0.0163996
0.0106884
0.0190931
0.0267789
0.0202201
0.0207831
0.00414233
-0.00577298
-0.00128716
-0.00343434
-0.00386716
-0.000598853
-0.00200983
-0.00265685
-0.000685842
-0.0159137
-0.0168288
-0.0160879
-0.0139817
-0.0112205
-0.00835006
-0.00552141
-0.00295323
-0.00056068
0.00135087
0.00310005
0.00481956
0.00662022
0.00868769
0.0103741
0.012435
0.0132529
0.012622
0.0121976
0.0106652
0.0109609
0.0109829
0.0129603
0.0158106
0.0131042
0.0175125
0.0222362
0.0189459
0.0183117
0.00754079
-0.00120913
8.95482e-06
-0.00183972
-0.00235778
-0.000281538
-0.00140679
-0.00201275
-0.000540662
-0.010727
-0.0115864
-0.0112611
-0.00994631
-0.00811312
-0.00612354
-0.00409484
-0.0021659
-0.00029285
0.00137334
0.00293791
0.0044714
0.0059933
0.00768354
0.00911437
0.0105684
0.0114986
0.0115025
0.0114386
0.010915
0.0113745
0.011787
0.0128722
0.0148298
0.0139025
0.0161324
0.018787
0.0170481
0.0161173
0.00940897
0.00238834
0.00134781
-0.000400843
-0.00102766
4.72275e-05
-0.000840657
-0.00138381
-0.000397503
-0.00649843
-0.00727486
-0.00721187
-0.00640845
-0.00518566
-0.0038186
-0.00240692
-0.00100771
0.000404986
0.00174318
0.00302145
0.00429845
0.00558438
0.0069411
0.00813951
0.00923518
0.0101034
0.0105071
0.0107233
0.0107395
0.0111801
0.0116125
0.0123162
0.0136597
0.0135582
0.0147882
0.0160481
0.0147134
0.0138636
0.00976256
0.00446074
0.0025585
0.000747225
-6.98297e-05
0.000355381
-0.000368683
-0.000860577
-0.000262558
-0.00310266
-0.00376469
-0.00382158
-0.00333684
-0.00254294
-0.0016305
-0.000673748
0.000320361
0.00135637
0.00237989
0.00337331
0.00437225
0.00540577
0.00647058
0.00745544
0.00833703
0.00911433
0.00968075
0.010056
0.0103307
0.0108016
0.0112583
0.0117553
0.0126106
0.0127213
0.0133412
0.0138462
0.0128222
0.0120287
0.00941648
0.00568753
0.003594
0.00172512
0.000714102
0.000676815
3.92271e-05
-0.000425963
-0.000133865
-0.000343057
-0.000880636
-0.00100015
-0.000731738
-0.000233238
0.000364344
0.00099973
0.00168187
0.0024124
0.00315518
0.00389258
0.0046394
0.00543424
0.00625948
0.00704228
0.0077662
0.00841852
0.00899828
0.00944674
0.00981007
0.0102479
0.0106554
0.0109973
0.0115569
0.0117047
0.0119375
0.0120351
0.011192
0.0104665
0.0087167
0.00611679
0.00426893
0.00251389
0.00135187
0.000980947
0.00037274
-8.89336e-05
-3.09879e-05
0.00189665
0.00146368
0.00131967
0.00145279
0.00175158
0.00212545
0.00252765
0.00297466
0.00346812
0.00398882
0.00450968
0.00504579
0.00562853
0.00624728
0.00685011
0.00742162
0.00796059
0.00847767
0.008911
0.00927522
0.00965405
0.0100042
0.0102665
0.0106004
0.0106996
0.0107121
0.0106285
0.00996875
0.00929404
0.00802748
0.00621002
0.0046823
0.00312628
0.00193764
0.00132462
0.000684719
0.000195342
6.55578e-05
0.00369316
0.00335648
0.00321342
0.00325927
0.00341868
0.00363312
0.00387012
0.00414752
0.00446244
0.00480635
0.00515425
0.0055189
0.00592416
0.00637088
0.00681701
0.00724801
0.00767109
0.00808811
0.00845925
0.00877682
0.00908541
0.0093603
0.00954621
0.00972318
0.00977321
0.00967765
0.00950112
0.00896515
0.00834522
0.00738979
0.00605998
0.00482201
0.0035192
0.00240716
0.00164746
0.000962827
0.000429071
0.000137501
0.00512964
0.0048711
0.0047363
0.00472566
0.00479044
0.00489464
0.00501547
0.00517052
0.0053534
0.00556422
0.00577817
0.00601388
0.00628039
0.00658176
0.0068904
0.007194
0.0075049
0.00781378
0.0081044
0.00834478
0.00857581
0.00876768
0.00889265
0.00897204
0.00896567
0.00882978
0.00860234
0.00816798
0.00760977
0.00685313
0.00585997
0.00485288
0.00376508
0.00276533
0.001952
0.00122243
0.000637104
0.000207149
0.00625798
0.00605999
0.00593746
0.00589176
0.00589346
0.00592174
0.00596221
0.0060307
0.0061184
0.00623123
0.00634437
0.00648047
0.00663707
0.00682564
0.00702015
0.00721618
0.00742494
0.00762883
0.00782958
0.00798974
0.00814828
0.00826466
0.00833227
0.00834821
0.00829248
0.00814712
0.00789683
0.00752801
0.00703898
0.00641236
0.00564207
0.00479357
0.00387739
0.00300498
0.00218545
0.00143859
0.000819961
0.000270763
0.00712182
0.00696901
0.00685785
0.00679075
0.00675132
0.00672886
0.00671605
0.00672328
0.00674511
0.0067849
0.00682726
0.00688682
0.0069621
0.00706107
0.0071672
0.00727643
0.00739735
0.00751529
0.00763396
0.0077247
0.00781166
0.0078649
0.00787951
0.00785327
0.00776054
0.00760605
0.00736605
0.00703065
0.00660103
0.00606184
0.00542629
0.00471471
0.00392197
0.00314564
0.00236804
0.00161334
0.000958281
0.000323496
0.00775507
0.00763356
0.0075313
0.00745185
0.00738647
0.0073317
0.00728427
0.00725008
0.00722738
0.00721597
0.00721035
0.00721491
0.00723286
0.00726487
0.00730486
0.00734884
0.00739999
0.0074525
0.00750215
0.00753727
0.0075637
0.00756619
0.00753814
0.00747356
0.00735906
0.00719409
0.00695816
0.00665045
0.00626117
0.00578635
0.00523604
0.00460911
0.00391393
0.00320433
0.00246727
0.00172545
0.00103823
0.000350367
0.00817749
0.0080756
0.00797994
0.00789378
0.00781341
0.00774001
0.0076714
0.00761262
0.00756076
0.00751825
0.00748023
0.00745091
0.00742976
0.0074183
0.00741374
0.00741253
0.00741738
0.00742096
0.007425
0.00741705
0.00740159
0.00736739
0.00730705
0.00721808
0.00708504
0.00691147
0.00667862
0.00638588
0.00602417
0.00559066
0.00508916
0.00452093
0.00388968
0.00322108
0.00252304
0.00179704
0.00108144
0.000365061
0.00839233
0.00830018
0.00820836
0.00811961
0.00803296
0.00795114
0.00787316
0.00780222
0.00773643
0.00767795
0.00762438
0.00757774
0.00753707
0.00750318
0.00747513
0.00745078
0.00743037
0.00740903
0.00738722
0.00735696
0.00731826
0.00726369
0.00718683
0.00708302
0.00694113
0.00676153
0.00652985
0.00624541
0.00589639
0.00548401
0.00500874
0.00446856
0.00386949
0.00322302
0.00254381
0.00182974
0.0011031
0.000371756
-0.164107
-0.175765
-0.188179
-0.198262
-0.210954
-0.217158
-0.22863
-0.235027
-0.135964
-0.142668
-0.149901
-0.155871
-0.161569
-0.165175
-0.170045
-0.179289
-0.110094
-0.113876
-0.117121
-0.120909
-0.124799
-0.129923
-0.13411
-0.141618
-0.0895512
-0.0913294
-0.0929723
-0.0962936
-0.0992254
-0.10274
-0.104941
-0.109765
-0.071589
-0.0725512
-0.0733925
-0.0754107
-0.0767727
-0.0785678
-0.0801581
-0.0842145
-0.0570069
-0.0571693
-0.0572597
-0.0581936
-0.0589826
-0.0603481
-0.0618666
-0.0651825
-0.0446927
-0.0444316
-0.0442232
-0.044708
-0.045306
-0.0462959
-0.0474129
-0.0498917
-0.0346089
-0.0341745
-0.0338221
-0.0339943
-0.0343292
-0.0349315
-0.0356801
-0.0375194
-0.0262742
-0.0257717
-0.0253277
-0.0252546
-0.0253624
-0.0257295
-0.0263952
-0.0280476
-0.0193486
-0.0188579
-0.0184056
-0.0182361
-0.0182883
-0.0186102
-0.0192196
-0.0204992
-0.0136567
-0.0132513
-0.0128697
-0.0126895
-0.012697
-0.0129002
-0.0133311
-0.0143136
-0.00896845
-0.00865592
-0.00834043
-0.00814981
-0.00810989
-0.00824239
-0.00860374
-0.00942026
-0.00510169
-0.00488075
-0.00464493
-0.00449026
-0.0044553
-0.00455637
-0.00483868
-0.00547106
-0.00192256
-0.00178768
-0.00163112
-0.00151955
-0.00148935
-0.00156216
-0.00178627
-0.00228821
0.000684772
0.000745438
0.000831055
0.000895472
0.000905047
0.000838082
0.000657991
0.000276114
0.00279537
0.00279855
0.0028271
0.00285096
0.00284367
0.00278702
0.00264997
0.00236517
0.00450067
0.0044654
0.00445371
0.00444635
0.00442283
0.00436719
0.00425537
0.00404142
0.00586382
0.00580279
0.00576183
0.00572916
0.0056904
0.00563304
0.00554078
0.0053828
0.00693625
0.00685992
0.00680024
0.00674994
0.00669965
0.00663984
0.00656057
0.00644173
0.00775827
0.00767428
0.00760336
0.00754162
0.0074828
0.00742091
0.0073497
0.00725785
0.00835904
0.00827286
0.00819651
0.00812842
0.00806437
0.00800124
0.00793483
0.00786016
0.00875544
0.00867057
0.00859295
0.00852201
0.00845553
0.00839168
0.00832822
0.00826314
0.0089519
0.00887182
0.0087959
0.0087246
0.00865714
0.00859283
0.00853038
0.00846927
0.00885522
0.0110151
0.0120837
0.0113727
0.00838931
0.00313005
-0.00453019
-0.0152237
-0.0300946
-0.0507732
-0.0795102
-0.119463
-0.175728
-0.251856
-0.32328
-0.01807
-0.0187724
-0.0223642
-0.0280601
-0.0356754
-0.0455474
-0.0583122
-0.0749111
-0.096635
-0.125219
-0.163039
-0.213256
-0.281126
-0.370871
-0.448544
-0.0434645
-0.0477757
-0.0560892
-0.0664202
-0.0783617
-0.0926202
-0.11021
-0.132257
-0.160138
-0.195694
-0.241495
-0.300769
-0.377755
-0.479729
-0.555564
-0.0696957
-0.0775689
-0.0895349
-0.103356
-0.118896
-0.137118
-0.159114
-0.186008
-0.219225
-0.26068
-0.313035
-0.379955
-0.46422
-0.570409
-0.642495
-0.0968349
-0.107912
-0.122449
-0.138705
-0.157056
-0.178616
-0.204372
-0.235326
-0.272843
-0.318974
-0.376176
-0.448413
-0.537265
-0.641507
-0.707733
-0.122805
-0.136933
-0.153535
-0.171797
-0.192576
-0.216929
-0.245678
-0.279737
-0.320375
-0.369754
-0.430334
-0.505139
-0.594529
-0.693058
-0.75076
-0.14706
-0.163748
-0.182015
-0.202103
-0.225097
-0.251735
-0.282728
-0.319009
-0.36183
-0.412975
-0.474735
-0.549178
-0.635648
-0.724744
-0.772749
-0.169348
-0.187625
-0.207564
-0.229721
-0.254753
-0.283245
-0.315861
-0.353486
-0.39728
-0.448709
-0.50963
-0.581211
-0.661277
-0.737216
-0.776401
0.184053
0.198522
0.214821
0.233339
0.25408
0.276904
0.301713
0.328463
0.357072
0.387271
0.418454
0.449414
0.478113
0.500479
0.518706
0.176356
0.189459
0.204599
0.222172
0.241957
0.263633
0.287045
0.312156
0.338873
0.366873
0.395455
0.423293
0.448176
0.466065
0.479884
0.164461
0.175462
0.188866
0.204945
0.223146
0.2429
0.263959
0.28625
0.309635
0.333703
0.357619
0.379883
0.398002
0.408045
0.414508
0.148364
0.156729
0.167934
0.181944
0.197832
0.214841
0.232649
0.251125
0.270024
0.288768
0.306302
0.320882
0.329633
0.328533
0.325219
0.128212
0.13372
0.142662
0.154398
0.167442
0.180875
0.194408
0.207939
0.221147
0.233268
0.242975
0.248218
0.245701
0.231128
0.21516
0.104263
0.106307
0.112797
0.122161
0.132171
0.141721
0.150529
0.158476
0.165137
0.169572
0.170218
0.164725
0.149358
0.119555
0.0888166
0.0772774
0.0764879
0.0806327
0.0868536
0.092847
0.0977519
0.101373
0.103426
0.103195
0.0994757
0.0904479
0.0734629
0.0443944
-0.00135103
-0.0473753
0.0455287
0.0438536
0.0472361
0.0504104
0.0518605
0.051467
0.0493062
0.0449565
0.0374234
0.0252216
0.0062674
-0.02241
-0.0654048
-0.126986
-0.187283
0.0261708
0.030578
0.0269131
0.0308307
0.0283907
0.03268
0.030907
0.0353036
0.0346327
0.0391261
0.0398662
0.0446522
0.047143
0.0527377
0.0573906
0.0646343
0.0719304
0.0818127
0.0927121
0.106584
0.122311
0.141707
0.163921
0.026117
0.0304869
0.0268603
0.0307178
0.0283229
0.0325411
0.0308138
0.0351085
0.0344809
0.0388756
0.0395985
0.0442727
0.0467616
0.0522297
0.0567698
0.0639088
0.0708352
0.0805299
0.0908173
0.10424
0.118936
0.137449
0.15805
0.026073
0.0303705
0.0268251
0.0305759
0.0282811
0.0323698
0.0307639
0.0348775
0.0343639
0.0386135
0.0393699
0.0439076
0.0463807
0.051607
0.0560827
0.0630464
0.0695617
0.0790131
0.0884514
0.101234
0.114461
0.131513
0.149305
0.0260379
0.0302307
0.0268047
0.0304088
0.0282604
0.0321718
0.0307167
0.0346193
0.0342705
0.03833
0.0391653
0.0435512
0.0460633
0.0512055
0.055479
0.0622932
0.068226
0.0773898
0.0856719
0.0975716
0.108681
0.12362
0.137475
0.0260119
0.0300711
0.0268021
0.030221
0.0282583
0.0319495
0.0306976
0.0343411
0.0341967
0.038007
0.0389722
0.0430921
0.0456311
0.0503486
0.0547055
0.0611292
0.0665289
0.0750946
0.0822377
0.0929134
0.101661
0.113741
0.122376
0.0259899
0.0298945
0.026803
0.0300181
0.0282673
0.0317131
0.0307058
0.034076
0.034141
0.0377154
0.0388333
0.0428197
0.0454525
0.0501528
0.0541222
0.0603163
0.0650332
0.0730946
0.0786044
0.0878411
0.0932104
0.102076
0.104583
0.0259771
0.0297034
0.0268121
0.0298075
0.0282848
0.0314669
0.0307004
0.0337794
0.034078
0.0373573
0.0386352
0.0423003
0.0449712
0.04913
0.0531353
0.0586032
0.0629236
0.0698308
0.074213
0.0813882
0.0840054
0.0879008
0.0839059
0.0259612
0.0295054
0.0268219
0.0295988
0.028306
0.0312413
0.0307475
0.0335781
0.0340575
0.0371651
0.0386099
0.0422417
0.0448774
0.0491118
0.0527412
0.0579656
0.0614534
0.0676774
0.0697552
0.0748642
0.0724572
0.0728094
0.0596108
0.0259418
0.0292423
0.0268424
0.0292995
0.0283196
0.0308654
0.0306978
0.0331055
0.0338938
0.0365713
0.0382123
0.0413955
0.0438782
0.0472748
0.0507407
0.0544217
0.0575067
0.0609851
0.0619301
0.0627086
0.0574802
0.0487333
0.0283052
0.0259253
0.0288828
0.026872
0.0288949
0.0283088
0.0303188
0.0305786
0.0324299
0.0335229
0.0355271
0.037315
0.0396838
0.0421373
0.0446478
0.0475207
0.049654
0.0516398
0.05248
0.051828
0.048217
0.041566
0.029703
0.0136185
0.0259269
0.0284449
0.0269182
0.0284103
0.0283134
0.029685
0.0304296
0.03167
0.0330417
0.0344989
0.0363321
0.0381279
0.040192
0.0418564
0.0438919
0.0447403
0.0453899
0.0442803
0.0418922
0.0362924
0.0285587
0.0167419
0.00164795
0.0259472
0.027919
0.0269828
0.027861
0.0282816
0.0290808
0.0301494
0.0309511
0.0324181
0.033408
0.0351518
0.0363108
0.0379409
0.0389102
0.039896
0.039739
0.0390412
0.0365101
0.0327707
0.0262854
0.0180261
0.00683158
-0.00697433
0.0259896
0.0272973
0.0270227
0.0273514
0.0281324
0.0285216
0.0297438
0.030207
0.0316128
0.0322757
0.0337286
0.0343904
0.0354085
0.0358228
0.0357364
0.0347029
0.0329352
0.0294122
0.0248447
0.0181519
0.010048
-0.000188296
-0.0125348
0.0260488
0.0266488
0.0269527
0.0268895
0.0278883
0.0279701
0.0292003
0.0294473
0.0306318
0.031051
0.0321052
0.0323313
0.032716
0.0326017
0.031607
0.0298063
0.0273067
0.0232779
0.0183578
0.0118868
0.00435231
-0.00476234
-0.0154988
0.0260782
0.0260223
0.0267674
0.0264628
0.0275295
0.0274222
0.0285168
0.0286493
0.0294941
0.0297235
0.0303317
0.0301433
0.0299584
0.029323
0.0276582
0.0253058
0.0223802
0.0182342
0.0133083
0.00731289
0.000597371
-0.00725413
-0.0163102
0.026054
0.0254346
0.0264737
0.0260553
0.0270486
0.0268637
0.0277067
0.0277834
0.0282475
0.0282845
0.0284593
0.0278775
0.0272194
0.0261285
0.0240278
0.0213688
0.0182552
0.0142573
0.00961446
0.00425764
-0.00151595
-0.0080605
-0.01551
0.0259489
0.024907
0.0260606
0.0256539
0.0264536
0.0262809
0.0268046
0.0268244
0.0269314
0.0267504
0.0265385
0.025613
0.0245846
0.0231506
0.0208334
0.0180762
0.0149742
0.0112945
0.00713455
0.00251045
-0.00232332
-0.00764822
-0.0136591
0.0257452
0.0244507
0.02553
0.0252394
0.0257665
0.0256291
0.0258471
0.0257646
0.0255733
0.0251611
0.024624
0.0234359
0.0221422
0.0204987
0.0181368
0.0154489
0.0125207
0.00925065
0.00566176
0.0017894
-0.00217265
-0.00643122
-0.0112085
0.0254314
0.0240634
0.0249028
0.0247834
0.0250302
0.0248948
0.0248579
0.0246244
0.0241949
0.0235645
0.0227743
0.0214201
0.0199702
0.018239
0.0159597
0.0134618
0.0108154
0.00799002
0.00497905
0.00181445
-0.00137283
-0.00473688
-0.00849755
0.0250046
0.02373
0.0242158
0.0242243
0.024272
0.0240855
0.0238502
0.0234443
0.0228249
0.0220207
0.0210498
0.0196242
0.018117
0.0164015
0.0142893
0.012051
0.00974121
0.00735725
0.00488329
0.00234301
-0.000183061
-0.00281661
-0.00575904
0.0244737
0.023422
0.0235309
0.0235424
0.0234864
0.0232238
0.0228343
0.0222692
0.0215052
0.0205826
0.0195037
0.0180794
0.0165975
0.0149743
0.0130788
0.0111308
0.00916946
0.00719584
0.00519257
0.00317663
0.00119445
-0.000854491
-0.00314676
0.023861
0.0230704
0.0228938
0.0227834
0.0226572
0.0223156
0.0218173
0.0211384
0.0202771
0.0192895
0.0181681
0.0167999
0.0154014
0.013919
0.0122648
0.0106089
0.00897645
0.00736524
0.00575875
0.00417009
0.00262361
0.00103511
-0.000744518
0.023196
0.022626
0.0222969
0.0220524
0.021809
0.021383
0.0208134
0.0200727
0.0191684
0.0181639
0.0170537
0.0157787
0.0145001
0.0131847
0.0117724
0.0103884
0.00904806
0.00774543
0.0064658
0.00521933
0.00401666
0.00278864
0.00141318
0.0225112
0.0220947
0.021715
0.021351
0.0209746
0.0204691
0.019849
0.0190843
0.0181843
0.0172082
0.0161558
0.0150008
0.0138612
0.0127173
0.0115271
0.0103806
0.00928656
0.00823699
0.00721964
0.00624196
0.00530692
0.00435834
0.00329943
0.02183
0.0215053
0.0211132
0.0206721
0.0201885
0.0196149
0.018958
0.0181947
0.0173311
0.0164171
0.0154558
0.0144369
0.0134433
0.012463
0.011466
0.010516
0.00961898
0.00876847
0.00795594
0.00718655
0.00645822
0.00572544
0.00491579
0.0211691
0.0208941
0.0204993
0.020017
0.0194694
0.018849
0.0181705
0.0174237
0.0166131
0.0157767
0.0149201
0.014039
0.0131874
0.0123563
0.0115244
0.0107343
0.00999142
0.00929413
0.00863845
0.00802722
0.00745511
0.0068878
0.00627212
0.0205434
0.0202936
0.0198995
0.0194009
0.0188265
0.0181871
0.0175045
0.0167845
0.0160328
0.0152765
0.0145213
0.0137647
0.0130375
0.0123335
0.011639
0.0109801
0.010361
0.00978342
0.00924678
0.00875276
0.00829651
0.00785301
0.00738524
0.0199731
0.0197371
0.0193472
0.0188457
0.0182674
0.0176322
0.0169626
0.0162772
0.0155846
0.0149018
0.0142337
0.0135792
0.0129551
0.0123564
0.0117743
0.0112231
0.0107055
0.010223
0.00977602
0.00936639
0.00899131
0.0086352
0.00827463
0.019486
0.0192595
0.0188763
0.01838
0.01781
0.0171917
0.0165453
0.0158934
0.0152503
0.0146258
0.0140231
0.0134456
0.012902
0.0123873
0.011895
0.0114321
0.0109999
0.0105975
0.0102228
0.00987569
0.00955599
0.00925767
0.00897024
0.0191157
0.0188946
0.0185197
0.0180323
0.0174742
0.016876
0.0162549
0.0156335
0.0150304
0.014452
0.0138989
0.0133761
0.0128879
0.0124303
0.0119973
0.0115898
0.0112093
0.0108564
0.0105301
0.0102289
0.00995165
0.00969571
0.00945744
0.0189132
0.0186968
0.0183243
0.0178384
0.0172832
0.0166932
0.0160854
0.0154794
0.0148955
0.0143417
0.0138191
0.0133299
0.0128759
0.0124535
0.0120566
0.0116832
0.0113354
0.0110154
0.010723
0.010456
0.0102115
0.0099878
0.00978525
0.00498704
-0.0202075
-0.0446555
-0.0669341
-0.08958
-0.111415
-0.131953
-0.149351
-0.00410613
-0.026774
-0.052091
-0.0714872
-0.0872882
-0.102144
-0.115908
-0.127068
-0.0132472
-0.0314026
-0.051898
-0.066628
-0.0767993
-0.0867012
-0.0961437
-0.104189
-0.0203277
-0.0348304
-0.0495677
-0.0606228
-0.0680659
-0.0750461
-0.0812403
-0.0864307
-0.0245032
-0.0358807
-0.0456465
-0.0530315
-0.0581994
-0.0628379
-0.0666049
-0.0697483
-0.0259225
-0.0346039
-0.0406579
-0.0451842
-0.0487354
-0.0519372
-0.0543685
-0.0562241
-0.0251108
-0.0316076
-0.0350971
-0.0375877
-0.039889
-0.0420501
-0.0435806
-0.0445385
-0.0227648
-0.027583
-0.0293947
-0.0305141
-0.0318752
-0.0333058
-0.0342853
-0.0347473
-0.0195199
-0.0230748
-0.0238493
-0.0241029
-0.0247886
-0.0257025
-0.026339
-0.0265401
-0.0158666
-0.0184822
-0.0186575
-0.0184039
-0.0186254
-0.0191671
-0.0195748
-0.0196444
-0.0121555
-0.0140766
-0.0139344
-0.0134189
-0.0133436
-0.0136232
-0.0138828
-0.0139064
-0.00860616
-0.0100152
-0.00972934
-0.00911382
-0.00887048
-0.00897497
-0.00913684
-0.00915166
-0.00534674
-0.00638056
-0.00605474
-0.00543212
-0.0051047
-0.00509991
-0.00519901
-0.0052196
-0.00243272
-0.00318881
-0.00287561
-0.00230169
-0.00194974
-0.00188189
-0.00194333
-0.00197883
0.000126736
-0.000425797
-0.000153311
0.000338364
0.000669674
0.000766364
0.000729432
0.000680878
0.00233072
0.00193078
0.00215112
0.00254592
0.00282717
0.00292271
0.00289398
0.00283223
0.00419526
0.00390763
0.0040735
0.00437118
0.00458939
0.00466535
0.0046348
0.00456366
0.00574291
0.00553696
0.00565203
0.00586095
0.00601403
0.00606105
0.00602209
0.00594337
0.00700045
0.00685225
0.00692257
0.0070548
0.00714673
0.00716131
0.00711014
0.00702517
0.00799328
0.00788226
0.00791345
0.00798192
0.00802058
0.00800442
0.00794068
0.00785143
0.0087565
0.00866156
0.00865328
0.00866635
0.00865935
0.0086167
0.00854285
0.00845217
0.00928429
0.00919311
0.00915021
0.00911875
0.00907612
0.00901379
0.00893418
0.00884525
0.00963041
0.00952172
0.00943183
0.00935285
0.00927711
0.00919944
0.00911825
0.00903484
-0.370204
-0.377946
-0.386997
-0.398646
-0.414677
-0.435888
-0.459988
-0.481258
-0.37172
-0.377252
-0.38357
-0.392329
-0.404746
-0.420683
-0.439063
-0.455923
-0.371456
-0.375424
-0.379241
-0.384965
-0.393907
-0.405176
-0.415471
-0.420706
-0.369294
-0.371567
-0.372769
-0.374788
-0.378233
-0.381762
-0.382333
-0.376795
-0.363017
-0.363529
-0.361701
-0.359099
-0.356186
-0.352187
-0.3452
-0.332854
-0.351049
-0.349494
-0.344541
-0.33773
-0.329914
-0.320942
-0.309374
-0.293171
-0.33257
-0.329195
-0.321985
-0.312572
-0.302137
-0.290611
-0.276629
-0.258422
-0.308566
-0.304325
-0.296223
-0.285948
-0.274713
-0.262202
-0.247169
-0.228121
-0.281375
-0.27741
-0.269569
-0.25969
-0.248658
-0.236024
-0.220752
-0.201597
-0.253725
-0.250685
-0.243779
-0.234869
-0.224411
-0.212118
-0.197064
-0.178293
-0.227799
-0.225602
-0.219836
-0.211899
-0.202113
-0.190377
-0.175824
-0.157764
-0.204589
-0.202923
-0.198107
-0.190885
-0.181722
-0.170622
-0.156785
-0.139663
-0.184808
-0.182854
-0.178537
-0.171616
-0.163089
-0.152635
-0.139748
-0.123711
-0.167385
-0.164936
-0.160696
-0.154033
-0.1462
-0.1363
-0.124458
-0.109596
-0.152314
-0.149122
-0.1444
-0.13825
-0.130562
-0.121155
-0.110267
-0.0969176
-0.491764
-0.456499
-0.425028
-0.399543
-0.380567
-0.368171
-0.362584
-0.364371
-0.492906
-0.45785
-0.426489
-0.401358
-0.38298
-0.371193
-0.365942
-0.367132
-0.495634
-0.458392
-0.425568
-0.399976
-0.381851
-0.370545
-0.365825
-0.367286
-0.503976
-0.462022
-0.425558
-0.397871
-0.378896
-0.36744
-0.363152
-0.365218
-0.517718
-0.468528
-0.426106
-0.394479
-0.373321
-0.360902
-0.356891
-0.35953
-0.535839
-0.47661
-0.425709
-0.388301
-0.363737
-0.349638
-0.345672
-0.348465
-0.556671
-0.484484
-0.42258
-0.377774
-0.348904
-0.332724
-0.328555
-0.331113
-0.577733
-0.48984
-0.414785
-0.361587
-0.328007
-0.309775
-0.305355
-0.30784
-0.595877
-0.49009
-0.400662
-0.339027
-0.301333
-0.281266
-0.277212
-0.280383
-0.60782
-0.482542
-0.38004
-0.310054
-0.269389
-0.249113
-0.246394
-0.25136
-0.60728
-0.467254
-0.353667
-0.27646
-0.23221
-0.214877
-0.216344
-0.224132
-0.594699
-0.443288
-0.32158
-0.244785
-0.205709
-0.187582
-0.190419
-0.200041
-0.568139
-0.412317
-0.284348
-0.202487
-0.166662
-0.159664
-0.16959
-0.180883
-0.529642
-0.376638
-0.255729
-0.186499
-0.149596
-0.142301
-0.155067
-0.166195
-0.48259
-0.33654
-0.216866
-0.156231
-0.137322
-0.13804
-0.149498
-0.155902
-0.409995
-0.300535
-0.203401
-0.14436
-0.128475
-0.135513
-0.146534
-0.146749
-0.361531
-0.3327
-0.281611
-0.226965
-0.185874
-0.161934
-0.148577
-0.141396
-0.388665
-0.415816
-0.409152
-0.363963
-0.310334
-0.256454
-0.192595
-0.151988
-0.415385
-0.461431
-0.466067
-0.42778
-0.37291
-0.306388
-0.238311
-0.180242
-0.358997
-0.394558
-0.402072
-0.375057
-0.334632
-0.282959
-0.236309
-0.187522
-0.2613
-0.283875
-0.28878
-0.275558
-0.254866
-0.227233
-0.204643
-0.176206
-0.181229
-0.189699
-0.191958
-0.189888
-0.184209
-0.173029
-0.163904
-0.151177
-0.153798
-0.151079
-0.147337
-0.142852
-0.138702
-0.133199
-0.130156
-0.124097
-0.139862
-0.129857
-0.125493
-0.122383
-0.118841
-0.114676
-0.112068
-0.110468
-0.145106
-0.121399
-0.109627
-0.107177
-0.106486
-0.10126
-0.0950778
-0.0903395
-0.144186
-0.114987
-0.0974856
-0.0935658
-0.100869
-0.111564
-0.114083
-0.100692
-0.152013
-0.133887
-0.118664
-0.10791
-0.110518
-0.118261
-0.125653
-0.129232
-0.152899
-0.145397
-0.137887
-0.132043
-0.131793
-0.136021
-0.143536
-0.15185
-0.14743
-0.142269
-0.136551
-0.130827
-0.126681
-0.126129
-0.12388
-0.126391
-0.115236
-0.109606
-0.105034
-0.101035
-0.0991853
-0.0993688
-0.0983488
-0.101007
-0.100678
-0.0945025
-0.0892599
-0.0854141
-0.0840731
-0.0844875
-0.0857647
-0.0853395
-0.115416
-0.107964
-0.101269
-0.0957352
-0.0928063
-0.090399
-0.0889979
-0.0850786
-0.140364
-0.132072
-0.123116
-0.114275
-0.106302
-0.0987077
-0.0925767
-0.0844376
-0.139214
-0.136778
-0.132216
-0.125384
-0.116828
-0.107116
-0.0971564
-0.0856745
-0.120716
-0.122685
-0.122597
-0.119941
-0.114341
-0.105601
-0.0928591
-0.0791879
-0.133627
-0.144939
-0.154923
-0.162478
-0.166419
-0.165584
-0.159601
-0.147729
-0.167633
-0.183342
-0.196265
-0.206225
-0.212359
-0.216244
-0.212691
-0.207962
-0.136134
-0.135564
-0.134322
-0.133939
-0.133386
-0.133668
-0.130609
-0.129164
-0.112279
-0.10598
-0.0985059
-0.0905988
-0.0827251
-0.0756049
-0.0686381
-0.0631235
-0.120545
-0.101735
-0.0837975
-0.0681329
-0.0555595
-0.0467171
-0.0415796
-0.041288
-0.157029
-0.129179
-0.100637
-0.0735946
-0.0496099
-0.0296035
-0.0126271
0.000908745
-0.190286
-0.186007
-0.177966
-0.166308
-0.151754
-0.134591
-0.114883
-0.0941085
-0.190586
-0.202664
-0.209067
-0.209585
-0.204558
-0.196359
-0.183372
-0.166745
-0.111743
-0.10974
-0.10649
-0.102602
-0.0975975
-0.0922202
-0.0849217
-0.0783679
-0.0384872
-0.0327802
-0.0271355
-0.0220412
-0.0176124
-0.0142434
-0.0119079
-0.0103813
-0.0359069
-0.0335438
-0.0307514
-0.0277219
-0.0245921
-0.021543
-0.018606
-0.0157234
-0.0289325
-0.0295689
-0.0296707
-0.0292384
-0.0283113
-0.0269948
-0.0253867
-0.0234816
-0.0173773
-0.0174097
-0.0172638
-0.0169758
-0.016558
-0.016067
-0.015476
-0.014929
-0.00784256
-0.00750279
-0.00721026
-0.00698025
-0.00681596
-0.00672343
-0.00668304
-0.0067121
-0.00584236
-0.00568338
-0.00553257
-0.00539425
-0.00527209
-0.00516998
-0.00509117
-0.0050344
-0.00440433
-0.00442988
-0.00442582
-0.00439335
-0.00433683
-0.00426212
-0.00417676
-0.00408631
-0.00277911
-0.0027933
-0.00280038
-0.00279667
-0.00277755
-0.00273898
-0.00267434
-0.0025954
-0.000919508
-0.000906442
-0.000898069
-0.000893076
-0.000889011
-0.000882772
-0.000870505
-0.000850438
-0.143072
-0.123118
-0.101711
-0.0820232
-0.062724
-0.046422
-0.0332091
-0.0220715
-0.0130424
-0.00615409
-0.000527351
0.00390945
0.00730126
0.0099689
0.0120324
0.013601
0.0147903
0.0156677
0.0163057
0.0167529
0.0170467
0.0172239
0.017306
-0.144235
-0.127602
-0.109768
-0.0892132
-0.0696439
-0.0527826
-0.0382997
-0.0260795
-0.0163749
-0.00861965
-0.00240235
0.00244112
0.00618611
0.0091216
0.0113843
0.0131074
0.0144092
0.0153693
0.0160654
0.0165517
0.0168711
0.0170639
0.0171534
-0.147276
-0.126068
-0.108182
-0.088607
-0.0699772
-0.0537086
-0.0392453
-0.0272011
-0.0174468
-0.00945357
-0.00315241
0.00180313
0.00565571
0.00866636
0.010999
0.0127785
0.0141258
0.0151245
0.0158502
0.0163594
0.0166962
0.0168997
0.0169946
-0.153798
-0.123036
-0.102166
-0.0821469
-0.0647658
-0.0497125
-0.0364011
-0.0253531
-0.0161877
-0.00868223
-0.00275395
0.0019794
0.00569235
0.00857759
0.0108613
0.0126078
0.0139418
0.0149379
0.0156657
0.0161796
0.0165218
0.0167307
0.0168293
-0.156448
-0.117677
-0.0958816
-0.0741572
-0.0573047
-0.0435023
-0.0312741
-0.0214829
-0.0133195
-0.00671575
-0.00145082
0.0028069
0.00617914
0.0088194
0.0109444
0.0125785
0.013848
0.0148052
0.0155111
0.0160146
0.0163533
0.0165613
0.0166601
-0.147131
-0.108554
-0.088323
-0.064598
-0.0496211
-0.03641
-0.0252481
-0.0166937
-0.00964507
-0.00405666
0.00040864
0.00403763
0.00694692
0.00928749
0.0111874
0.0126686
0.0138398
0.0147298
0.0153928
0.0158691
0.0161909
0.0163907
0.0164863
-0.126304
-0.0932894
-0.0768473
-0.0525146
-0.0403846
-0.0274539
-0.0181317
-0.0110991
-0.00538513
-0.000972529
0.0025763
0.00549635
0.00789363
0.00987443
0.0115123
0.0128243
0.0138719
0.0146795
0.0152883
0.0157296
0.0160309
0.0162186
0.0163086
-0.103588
-0.0786569
-0.0650259
-0.0421834
-0.0314172
-0.018229
-0.01081
-0.00516496
-0.000847157
0.00229909
0.00486403
0.00702178
0.00888484
0.0104956
0.0118682
0.0130015
0.0139206
0.0146402
0.01519
0.0155927
0.0158689
0.0160426
0.0161264
-0.0923713
-0.0710112
-0.0537809
-0.0303512
-0.0202991
-0.0073812
-0.00243187
0.00169561
0.00421466
0.00588212
0.00732858
0.00865349
0.00992734
0.011124
0.0122127
0.0131556
0.0139465
0.014583
0.0150766
0.0154431
0.0156984
0.0158601
0.0159385
-0.0803943
-0.0583666
-0.0381521
-0.0158208
-0.00429892
0.00628788
0.00804423
0.0097738
0.00978683
0.0097508
0.00992474
0.0103609
0.0110274
0.0118101
0.0126105
0.0133515
0.0140041
0.0145461
0.014977
0.0153022
0.0155305
0.0156762
0.0157474
-0.0798812
-0.0580562
-0.0249286
-0.00225634
0.0143259
0.021287
0.020449
0.0186558
0.0157693
0.0138438
0.0126724
0.0121845
0.0122147
0.0125548
0.0130433
0.0135732
0.0140796
0.0145213
0.0148834
0.0151608
0.0153589
0.0154866
0.0155491
-0.116641
-0.0974648
-0.0335093
0.0119048
0.0384381
0.0389046
0.0330699
0.0266355
0.0211618
0.017456
0.0151111
0.0138658
0.0133765
0.0133406
0.0135437
0.0138606
0.0142077
0.0145332
0.0148126
0.0150341
0.0151946
0.0152981
0.0153487
-0.133074
-0.123062
-0.0413968
0.0197611
0.0480698
0.0478625
0.0400414
0.0313921
0.024483
0.0199616
0.0169875
0.015304
0.0144077
0.0140334
0.0139813
0.0141104
0.0143157
0.0145336
0.0147315
0.0148944
0.015017
0.0150976
0.0151374
-0.116551
-0.10199
-0.0517893
0.00125411
0.0300758
0.0377068
0.0355453
0.0299991
0.0246978
0.0206224
0.0178061
0.0161957
0.015187
0.0146474
0.0144088
0.0143722
0.0144374
0.0145421
0.0146549
0.0147591
0.0148429
0.0148968
0.0149234
-0.099329
-0.0872782
-0.0598096
-0.0282759
-0.00261607
0.013267
0.0200337
0.0217217
0.0211322
0.0195744
0.0180138
0.0167156
0.0157446
0.0151341
0.0147811
0.0146164
0.0145562
0.0145567
0.0145825
0.0146198
0.0146569
0.0146819
0.0146951
-0.086968
-0.0840396
-0.0721549
-0.05005
-0.0229989
-0.00346702
0.00826434
0.0140264
0.0168932
0.0174726
0.017445
0.0168268
0.0161404
0.0155619
0.0151406
0.0148672
0.0146871
0.0145762
0.0145125
0.0144828
0.0144754
0.0144671
0.0144635
-0.0856378
-0.0763714
-0.0669145
-0.0426735
-0.0209323
-0.00377662
0.00667838
0.0132831
0.0159737
0.0172887
0.0173392
0.0169107
0.0164035
0.0158751
0.0154486
0.0150971
0.0148103
0.0145937
0.0144369
0.0143384
0.0142744
0.0142341
0.0142141
-0.079489
-0.063038
-0.0483561
-0.0268511
-0.0136337
0.00234738
0.00867533
0.0155285
0.0169567
0.0184106
0.0178544
0.0173103
0.0166839
0.0161133
0.0156529
0.0152263
0.0148527
0.0145492
0.0143216
0.0141647
0.01406
0.0139915
0.0139561
-0.0713978
-0.0506041
-0.0316066
-0.0091807
0.00250049
0.014197
0.0177838
0.0210752
0.0201653
0.0201423
0.0188636
0.0179508
0.0171329
0.016466
0.0158961
0.0153682
0.0149034
0.0145143
0.0142086
0.0139865
0.013831
0.0137287
0.0136767
-0.0704427
-0.0492095
-0.0256469
-0.00300972
0.0127891
0.0199154
0.0230359
0.0237169
0.0220526
0.0210425
0.0193445
0.0183028
0.017403
0.0166761
0.0160104
0.015394
0.0148529
0.0143972
0.0140369
0.0137671
0.0135752
0.0134467
0.0133799
-0.133307
-0.109955
-0.0706025
-0.0296129
0.0112018
0.0242551
0.0288567
0.0259693
0.0231318
0.020989
0.0193165
0.0182554
0.0173476
0.016616
0.0159321
0.015317
0.0147497
0.0142526
0.0138422
0.0135267
0.0132969
0.01314
0.0130575
-0.184745
-0.176044
-0.104361
-0.0576375
-0.00456279
0.0125792
0.0212985
0.0212134
0.0212321
0.0203154
0.0194303
0.018481
0.0175037
0.0166241
0.0158436
0.0151543
0.0145329
0.0140035
0.0135652
0.0132226
0.0129699
0.0127956
0.0127035
-0.119121
-0.1028
-0.0731058
-0.0424785
-0.0161331
-0.00275193
0.00602752
0.011887
0.0150344
0.016536
0.017161
0.017066
0.0166386
0.0160996
0.0155465
0.0149309
0.0143119
0.0137422
0.0132653
0.0128913
0.0126169
0.0124218
0.0123192
-0.054856
-0.0388395
-0.0204963
-0.00870466
-0.00405809
-0.000858546
0.00588311
0.0121807
0.0155154
0.0174615
0.0175633
0.0172315
0.0166033
0.0159237
0.0152841
0.0146087
0.0139624
0.0133744
0.0128814
0.012492
0.0121995
0.0119974
0.0118902
-0.0393646
-0.0213114
-0.00493586
0.00694671
0.0131806
0.0151748
0.0147898
0.0167484
0.0167626
0.0174928
0.0171193
0.0169387
0.0163301
0.0157263
0.015022
0.0142751
0.0135616
0.0129309
0.012422
0.012026
0.0117337
0.0115317
0.0114231
0.00667206
0.0179244
0.0260613
0.0351929
0.0373666
0.0379443
0.0345114
0.0310836
0.0265058
0.0229965
0.0200796
0.0182866
0.0166278
0.0154945
0.0144858
0.0136782
0.012964
0.0123699
0.0118788
0.0114972
0.011207
0.011008
0.0108998
-0.0734662
-0.0436544
-0.0110461
0.0198541
0.0419659
0.0486904
0.0445675
0.0336532
0.0279285
0.024032
0.02116
0.0188233
0.0167538
0.0151717
0.0139275
0.0129738
0.0122278
0.0116494
0.0112005
0.0108594
0.0106034
0.0104229
0.0103247
-0.13826
-0.120153
-0.060709
-0.030731
0.00098025
0.0150138
0.0190955
0.0171423
0.0165374
0.0159441
0.015435
0.0147307
0.013919
0.013163
0.0124751
0.0118455
0.0112981
0.0108337
0.0104605
0.010167
0.00994074
0.00977692
0.00968773
-0.0669039
-0.0502137
-0.0292086
-0.0104638
0.00433289
0.0121688
0.013762
0.0132742
0.0129773
0.0127648
0.0125737
0.0122757
0.0118455
0.0113977
0.0109539
0.0105394
0.0101409
0.00982004
0.00955571
0.00934893
0.00918414
0.00906061
0.00899159
-0.0104278
-0.00717201
-0.0048649
-0.00318325
-0.000999511
0.00138919
0.0035048
0.00533716
0.0065624
0.00739664
0.0080319
0.00861131
0.00898776
0.00921032
0.00919944
0.00910599
0.00894455
0.00877622
0.00862067
0.00848615
0.00837692
0.00828513
0.00823369
-0.0137006
-0.0113435
-0.00919515
-0.0066804
-0.00407644
-0.00160319
0.000373605
0.00186733
0.00291013
0.00383802
0.00465926
0.00550629
0.00622399
0.0068884
0.00712182
0.00738479
0.00747805
0.00752617
0.00753367
0.0075234
0.00749119
0.0074432
0.00741333
-0.0209333
-0.0176588
-0.0138249
-0.0097184
-0.00565301
-0.00315357
-0.000933137
0.000348542
0.00147419
0.00242427
0.00323579
0.0039211
0.00447225
0.0050217
0.00547147
0.00586144
0.00612128
0.0062976
0.00640978
0.00649011
0.00653124
0.00653412
0.00653152
-0.0138526
-0.0124669
-0.0109166
-0.00938141
-0.00787282
-0.00663454
-0.0054725
-0.00427225
-0.0028165
-0.00137694
-2.08334e-05
0.001157
0.00211494
0.00296483
0.00366581
0.00426012
0.00472982
0.00507312
0.00530755
0.00546724
0.00555819
0.00559104
0.0056051
-0.00673053
-0.00660302
-0.00651254
-0.00642228
-0.00619557
-0.00575465
-0.00499928
-0.00399128
-0.00260091
-0.00185786
-0.000684886
0.000360117
0.00116362
0.00192894
0.00252461
0.00304874
0.00348849
0.0038602
0.00415114
0.00437816
0.00452324
0.00459496
0.00463117
-0.00498488
-0.00488816
-0.00484296
-0.00473717
-0.00448523
-0.00404197
-0.00336855
-0.0026218
-0.00183769
-0.00115139
-0.000479503
0.000153642
0.000738845
0.0012806
0.00174289
0.00216578
0.00253415
0.00285943
0.00313238
0.00334883
0.00349627
0.00357922
0.00362439
-0.00394944
-0.00375318
-0.00353615
-0.00327755
-0.00295463
-0.00257613
-0.00216106
-0.00178234
-0.00142353
-0.00107647
-0.000684359
-0.000257613
0.000190665
0.000652963
0.00106183
0.00141583
0.00171019
0.00196234
0.00217676
0.00235469
0.00248121
0.00256333
0.00260817
-0.0024265
-0.00214158
-0.00177801
-0.00135192
-0.000885401
-0.000513048
-0.0002616
-0.000178285
-0.000117328
-5.26152e-05
5.34122e-05
0.000196074
0.000356912
0.000554034
0.000744861
0.000928136
0.00107467
0.00120204
0.00128714
0.00140094
0.00147173
0.00153262
0.00156834
-0.00080594
-0.000720803
-0.000597962
-0.000443889
-0.000278588
-0.000139317
-4.69777e-05
-1.12519e-05
2.51293e-05
6.69498e-05
0.000116912
0.00016406
0.000197504
0.000239324
0.000275459
0.000330186
0.000377225
0.000420445
0.000445574
0.000478529
0.000498729
0.000514825
0.000525064
-0.0815779
-0.0652918
-0.0501987
-0.0384529
-0.0283033
-0.0201096
-0.0131439
-0.00725158
-0.00224325
0.00189099
0.00542081
0.00834335
0.0107309
0.0126752
0.0142075
0.0153949
0.0162918
0.0169524
0.0174268
0.0177535
0.0179611
0.0180757
0.0181231
-0.0918731
-0.072696
-0.0554358
-0.0422002
-0.0310914
-0.0220973
-0.0144552
-0.00806016
-0.00276197
0.0015409
0.00521008
0.00817114
0.0105697
0.0125148
0.0140414
0.0152293
0.0161302
0.0167991
0.0172832
0.0176203
0.0178382
0.0179633
0.0180183
-0.10115
-0.0794514
-0.0601824
-0.0456649
-0.0337438
-0.0240246
-0.0156984
-0.00881112
-0.00328799
0.0012188
0.00503959
0.00802608
0.0104474
0.0123914
0.013906
0.0150872
0.0159855
0.0166576
0.017148
0.0174935
0.0177205
0.0178548
0.0179165
-0.109552
-0.0860913
-0.0651664
-0.0493278
-0.0366456
-0.0260858
-0.0170167
-0.0097148
-0.00400572
0.000817701
0.00478682
0.0078225
0.0103063
0.0122632
0.0137787
0.0149593
0.0158565
0.0165306
0.0170245
0.0173753
0.0176085
0.0177496
0.0178164
-0.117232
-0.0923087
-0.0701847
-0.0534592
-0.0401652
-0.028547
-0.0187263
-0.0110888
-0.00502338
0.000247779
0.00432573
0.00748426
0.0100801
0.0120767
0.0136232
0.0148203
0.0157275
0.0164087
0.0169083
0.0172645
0.0175024
0.017648
0.0177178
-0.123131
-0.0984518
-0.0755077
-0.0581524
-0.0439676
-0.0310837
-0.0206876
-0.0127986
-0.00612662
-0.000491856
0.00366041
0.00703173
0.00974436
0.0118042
0.0134135
0.0146483
0.0155823
0.0162806
0.0167917
0.0171555
0.0173986
0.0175481
0.01762
-0.128522
-0.104051
-0.0808957
-0.0636088
-0.0481544
-0.0341759
-0.0233926
-0.0149173
-0.00747722
-0.00163586
0.00273735
0.00639547
0.00923521
0.0114096
0.0131157
0.0144145
0.0153981
0.0161296
0.016664
0.0170429
0.0172952
0.0174499
0.0175235
-0.135117
-0.112341
-0.0891001
-0.0710087
-0.0536215
-0.038737
-0.0272259
-0.0176834
-0.00954927
-0.00342091
0.00143678
0.00541929
0.00845287
0.010822
0.0126747
0.0140822
0.0151494
0.0159392
0.0165143
0.0169192
0.0171872
0.0173505
0.0174272
0.0704761
0.0488998
0.0266823
0.00353598
-0.0193998
-0.0412176
-0.0616649
-0.0808167
0.0739842
0.0500698
0.0255466
-3.5794e-05
-0.0256383
-0.050035
-0.0723392
-0.0921782
0.077156
0.0496099
0.0216788
-0.00670837
-0.0344937
-0.0605393
-0.0840187
-0.104976
0.0797498
0.0480082
0.0163776
-0.0147902
-0.0446176
-0.072279
-0.0972419
-0.119591
0.0810381
0.0451689
0.0098706
-0.0242022
-0.0563421
-0.0859448
-0.112652
-0.136471
0.080756
0.0407094
0.00161027
-0.0356752
-0.0704913
-0.102324
-0.130793
-0.155999
0.0787251
0.0341304
-0.00913546
-0.0500274
-0.0877949
-0.12192
-0.152179
-0.178586
0.0744537
0.0247036
-0.0232232
-0.0681261
-0.109105
-0.145616
-0.177482
-0.204793
0.0670421
0.0113928
-0.0417567
-0.0910682
-0.135491
-0.174377
-0.207625
-0.235397
0.0551731
-0.00722216
-0.066226
-0.12032
-0.168326
-0.209598
-0.24385
-0.271389
0.0370154
-0.0330905
-0.0987147
-0.158082
-0.209761
-0.253207
-0.287695
-0.313856
0.0100071
-0.0687458
-0.141835
-0.207171
-0.262716
-0.307202
-0.340395
-0.363208
-0.0300265
-0.118247
-0.198562
-0.269744
-0.327738
-0.371465
-0.400883
-0.416853
-0.0862854
-0.185668
-0.274824
-0.346999
-0.402156
-0.440091
-0.460645
-0.465061
-0.136907
-0.240751
-0.328393
-0.39807
-0.448663
-0.480328
-0.494653
-0.49414
0.187411
0.186427
0.181312
0.172092
0.158749
0.141641
0.1211
0.0969755
0.202341
0.200751
0.194195
0.182895
0.167085
0.147154
0.124327
0.0989027
0.218932
0.216759
0.208954
0.195922
0.178166
0.15609
0.131354
0.104778
0.237642
0.234927
0.226026
0.211378
0.19176
0.167563
0.140243
0.11101
0.258565
0.2553
0.24525
0.228777
0.206874
0.180031
0.149295
0.116278
0.281627
0.277726
0.266296
0.247606
0.222778
0.192591
0.157818
0.120322
0.306738
0.302064
0.28893
0.267587
0.239191
0.204944
0.165601
0.123124
0.333842
0.328246
0.313044
0.28858
0.256009
0.216957
0.172415
0.124365
0.362862
0.356191
0.338515
0.310386
0.272987
0.228301
0.177718
0.123295
0.393545
0.385637
0.365022
0.332549
0.28953
0.238233
0.180551
0.11874
0.425311
0.415967
0.391866
0.354202
0.304556
0.245473
0.179416
0.108999
0.456985
0.445954
0.417724
0.373842
0.31632
0.248045
0.172103
0.0916208
0.486568
0.473527
0.440363
0.38896
0.321961
0.242747
0.155104
0.0627555
0.510028
0.494705
0.455971
0.395925
0.317762
0.225703
0.124517
0.0187487
0.529348
0.511786
0.467713
0.399856
0.312062
0.208203
0.0944403
-0.02303
0.0262352
0.026309
0.0263926
0.0264849
0.0265847
0.0266893
0.0267982
0.0269115
0.0306425
0.030681
0.0306939
0.030683
0.030652
0.0306036
0.0305402
0.0304685
0.0269859
0.0270764
0.0271846
0.0273079
0.0274408
0.0275894
0.0277369
0.027883
0.0309121
0.0309615
0.0309808
0.0309739
0.030945
0.0308981
0.0308399
0.0307786
0.0284823
0.0285968
0.0287391
0.0288971
0.0290692
0.0292655
0.0294564
0.0296626
0.0327815
0.0328436
0.0328721
0.0328712
0.032846
0.0328105
0.0327596
0.0327414
0.0310305
0.0311826
0.031366
0.0315717
0.0317942
0.0320276
0.0322561
0.0325019
0.0354542
0.0355606
0.0356327
0.0356763
0.0356999
0.0357136
0.0356961
0.0357504
0.0348105
0.0350102
0.0352531
0.0354956
0.03579
0.0360995
0.0363377
0.0367351
0.0393224
0.0394701
0.0395848
0.0396793
0.0397373
0.0398436
0.0398751
0.0401087
0.0401316
0.0403927
0.040701
0.0410421
0.0413624
0.0417568
0.0420089
0.0425134
0.044963
0.04521
0.0454181
0.0456353
0.0457594
0.0460096
0.0460623
0.0465283
0.0474879
0.047827
0.0481557
0.0485386
0.0488235
0.049318
0.0494647
0.0501946
0.0531911
0.0535867
0.0538663
0.0543077
0.0543827
0.0550149
0.0548228
0.0558158
0.057897
0.0583788
0.0586653
0.059168
0.0592747
0.0598395
0.0596938
0.0604251
0.0651914
0.0656709
0.0658941
0.0664187
0.0663289
0.0671233
0.0665171
0.0677409
0.0726744
0.0733145
0.0735944
0.0740046
0.0737304
0.0741412
0.0733033
0.0739752
0.0826964
0.0832792
0.0835232
0.0839442
0.0832733
0.0836969
0.0819076
0.0826701
0.0938124
0.094541
0.0943998
0.0943391
0.0930828
0.0925696
0.09011
0.0893527
0.107917
0.108568
0.108286
0.107873
0.105811
0.104428
0.100232
0.0980797
0.123989
0.124506
0.123517
0.121821
0.118215
0.11437
0.108193
0.102136
0.143721
0.144121
0.142523
0.139491
0.134078
0.127389
0.117919
0.107061
0.166543
0.166352
0.163201
0.157211
0.147945
0.135902
0.120743
0.102419
0.0270416
0.0272115
0.0274157
0.0276552
0.0279344
0.0282486
0.0285487
0.0288129
0.0290143
0.0291346
0.0291605
0.029087
0.0289201
0.0286783
0.0283856
0.0280678
0.0277417
0.0274154
0.0270948
0.0267885
0.0265152
0.026298
0.0261619
0.0303609
0.0301957
0.0299682
0.0296693
0.0292932
0.0289128
0.028572
0.0282884
0.0280824
0.027963
0.0279269
0.0279562
0.0280155
0.0280409
0.0279658
0.0277973
0.0275563
0.0272705
0.026966
0.0266631
0.0263892
0.026172
0.0260351
0.0280724
0.0283115
0.0285848
0.0288957
0.0291951
0.0294029
0.0295164
0.0295398
0.0294608
0.0292795
0.0290145
0.0286994
0.0283916
0.0281329
0.027907
0.0276809
0.0274147
0.0271084
0.0267842
0.0264667
0.0261813
0.0259596
0.0258246
0.0306608
0.0304791
0.0302393
0.0299584
0.0297418
0.0295877
0.0294856
0.0294197
0.0293747
0.0293297
0.0292485
0.0290741
0.0287727
0.0283924
0.0280272
0.0276695
0.0273067
0.0269349
0.026564
0.026217
0.0259126
0.0256827
0.0255507
0.0298798
0.0301272
0.030409
0.0306699
0.0308314
0.0309171
0.0309075
0.0307922
0.0305777
0.0302804
0.0299398
0.0295771
0.0291777
0.0287203
0.0282221
0.0277104
0.027214
0.0267454
0.026311
0.0259243
0.0255969
0.0253558
0.0252268
0.0326064
0.0323824
0.0320748
0.0318164
0.031603
0.0314216
0.0312639
0.0311125
0.0309417
0.0307083
0.0303856
0.029976
0.0294949
0.0289391
0.0283259
0.0276959
0.0270875
0.0265251
0.0260245
0.0255966
0.0252455
0.0249931
0.0248665
0.0327404
0.0329628
0.0331852
0.0333
0.0333087
0.033197
0.0329502
0.0325796
0.0321139
0.0315876
0.0310161
0.0304044
0.0297543
0.029064
0.0283405
0.0276092
0.0269066
0.0262626
0.0257014
0.0252369
0.0248677
0.0246078
0.0244834
0.0356186
0.0352525
0.0349085
0.0346193
0.0343505
0.0340585
0.0337296
0.0333344
0.0328354
0.0322243
0.03151
0.0307204
0.0298921
0.0290549
0.0282229
0.0274093
0.02664
0.0259417
0.0253394
0.0248494
0.0244715
0.0242083
0.0240841
0.0369158
0.0369666
0.0369628
0.0368305
0.036539
0.0360853
0.0354835
0.0347646
0.0339475
0.0330439
0.0320661
0.031038
0.0299947
0.0289766
0.0280118
0.0271122
0.026292
0.0255642
0.0249433
0.0244424
0.0240646
0.0237999
0.0236736
0.0399918
0.0395549
0.0391097
0.0386175
0.0380864
0.0374582
0.036709
0.0358152
0.0347742
0.0336175
0.0323841
0.0311241
0.0298898
0.0287218
0.0276486
0.0266857
0.0258408
0.0251136
0.0245028
0.0240127
0.0236502
0.0233906
0.0232627
0.0426095
0.0423036
0.0419095
0.041322
0.0404846
0.0394411
0.0382445
0.0369224
0.0355026
0.0340204
0.0325146
0.0310346
0.0296299
0.0283385
0.0271831
0.0261786
0.0253282
0.0246195
0.0240354
0.0235697
0.0232329
0.0229861
0.0228601
0.0463342
0.0453986
0.0446243
0.0436304
0.0425029
0.0412009
0.0397014
0.0380214
0.0362249
0.0343871
0.0325808
0.0308656
0.0292898
0.0278817
0.0266591
0.0256295
0.024788
0.0241099
0.0235597
0.0231231
0.0228122
0.0225823
0.0224634
0.0500313
0.0491161
0.0481003
0.0467485
0.0450728
0.0431513
0.0410487
0.0388328
0.0365777
0.0343623
0.0322657
0.0303521
0.0286545
0.0271892
0.0259584
0.0249539
0.0241603
0.0235423
0.023049
0.0226583
0.0223801
0.0221748
0.0220686
0.0550705
0.0533058
0.0514513
0.049329
0.0469752
0.0443874
0.0416603
0.0389249
0.036273
0.0337793
0.0315086
0.0294984
0.0277675
0.0263199
0.0251397
0.0242032
0.0234836
0.0229405
0.0225172
0.0221835
0.0219443
0.0217701
0.0216787
0.0595969
0.0575269
0.0551871
0.052426
0.0493016
0.0459695
0.0425606
0.0392197
0.036071
0.0332227
0.0307307
0.0286112
0.0268562
0.0254386
0.0243202
0.0234598
0.0228154
0.0223434
0.02199
0.0217158
0.021518
0.0213797
0.0213032
0.0658847
0.0623554
0.0587044
0.0547875
0.0506911
0.0465338
0.0424721
0.0386426
0.0351675
0.0321259
0.0295473
0.027428
0.0257355
0.0244169
0.0234132
0.0226648
0.0221172
0.0217287
0.0214553
0.0212496
0.0211014
0.021007
0.0209487
0.0716108
0.0670796
0.0622036
0.0569133
0.0515319
0.0463499
0.0415654
0.0373111
0.0336301
0.0305301
0.0279949
0.025983
0.0244338
0.0232757
0.022433
0.0218296
0.0214013
0.0211098
0.0209231
0.0207912
0.0206985
0.0206525
0.0206155
0.0779611
0.0710906
0.0644065
0.0577667
0.051326
0.0453304
0.0399872
0.0354064
0.031601
0.0285376
0.0261476
0.0243374
0.0230071
0.0220624
0.0214153
0.0209813
0.0206906
0.0205068
0.0204079
0.0203496
0.0203144
0.0203153
0.0203016
0.0836323
0.0747207
0.0658388
0.0573832
0.0497337
0.0431184
0.0375278
0.0328953
0.0291669
0.026279
0.0241288
0.0225876
0.0215263
0.0208286
0.0203979
0.0201468
0.0200047
0.0199357
0.0199231
0.0199351
0.0199549
0.0199966
0.0200058
0.0880294
0.0756499
0.0648486
0.0551189
0.0467255
0.0397814
0.0341747
0.0297243
0.0262885
0.0237412
0.0219428
0.0207431
0.0199956
0.0195724
0.0193758
0.0193195
0.0193365
0.0193915
0.0194692
0.0195512
0.0196237
0.0197003
0.0197314
0.0897788
0.0749613
0.0619629
0.0510685
0.0422853
0.0353649
0.0299752
0.0258866
0.0229099
0.0208528
0.0195265
0.0187543
0.0183764
0.0182631
0.0183243
0.0184791
0.018669
0.0188593
0.0190374
0.0191934
0.0193202
0.0194306
0.0194835
0.0873525
0.0694329
0.0561231
0.0451131
0.0364574
0.0298946
0.0250112
0.0214805
0.0190956
0.0176335
0.0168721
0.0166035
0.0166501
0.0168826
0.0172272
0.0176112
0.0179877
0.0183252
0.0186155
0.0188541
0.0190403
0.0191888
0.0192655
0.0776639
0.0613507
0.0484878
0.0380886
0.0298702
0.0237614
0.0194537
0.0165685
0.0148657
0.0140731
0.0139402
0.0142374
0.0147616
0.0153828
0.0160432
0.0166813
0.0172628
0.0177647
0.0181826
0.0185171
0.0187723
0.0189692
0.0190746
0.0645132
0.0522033
0.0414792
0.0322459
0.0248626
0.0189732
0.0148717
0.0124159
0.0112579
0.0110276
0.0114304
0.0122236
0.0131753
0.0141473
0.0150863
0.0159459
0.0167023
0.0173415
0.0178639
0.0182753
0.0185829
0.0188135
0.0189383
0.0461458
0.0350697
0.0283885
0.0220004
0.0172465
0.0131564
0.0102193
0.00877207
0.00846955
0.00893039
0.00987433
0.0110925
0.0123665
0.0135752
0.0146823
0.0156603
0.016498
0.017192
0.0177499
0.0181818
0.0184981
0.018725
0.0188468
0.0236532
0.0130137
0.00980232
0.00655786
0.00531582
0.00455963
0.00449785
0.00510291
0.00620442
0.00760337
0.00915329
0.0107521
0.0122549
0.0135935
0.0147641
0.0157608
0.0165893
0.0172588
0.0177863
0.0181862
0.0184715
0.0186628
0.0187625
0.00225814
-0.00616799
-0.00674342
-0.0075975
-0.00597852
-0.00363352
-0.000933681
0.00167011
0.00413476
0.00643291
0.00855624
0.0105072
0.0122311
0.0137
0.0149242
0.0159251
0.0167291
0.0173591
0.0178427
0.0181995
0.0184454
0.0185968
0.018671
-0.017421
-0.0215005
-0.018274
-0.0168233
-0.0130872
-0.00905836
-0.00490349
-0.0011044
0.00228338
0.00524641
0.00783067
0.0100876
0.0120301
0.0136502
0.0149538
0.0159848
0.0167874
0.0173973
0.0178521
0.0181776
0.0183929
0.0185145
0.0185685
-0.0358465
-0.0344555
-0.0271406
-0.022982
-0.0173304
-0.012319
-0.00750516
-0.00313828
0.000758739
0.00413843
0.00705397
0.00955878
0.0116893
0.0134457
0.0148378
0.0159194
0.0167434
0.0173555
0.0178009
0.0181114
0.01831
0.0184154
0.0184576
-0.0533338
-0.0462585
-0.0355791
-0.0285895
-0.0211076
-0.0150688
-0.00960609
-0.00477087
-0.000495251
0.0031815
0.00634659
0.0090428
0.0113094
0.013167
0.0146342
0.0157675
0.0166223
0.0172501
0.0177006
0.0180099
0.0182041
0.0183053
0.0183438
-0.0687168
-0.0564313
-0.0434596
-0.0337678
-0.0248034
-0.0176582
-0.0114551
-0.00611228
-0.00147938
0.0024377
0.00579996
0.00863315
0.0109808
0.0128985
0.0144124
0.0155822
0.0164631
0.0171088
0.0175705
0.0178865
0.0180849
0.0181905
0.0182315
)
;

boundaryField
{
    outlet
    {
        type            fixedValue;
        value           uniform 0;
    }
    upperWall
    {
        type            symmetryPlane;
    }
    lowerWall
    {
        type            symmetryPlane;
    }
    inlet
    {
        type            zeroGradient;
    }
    cylinder
    {
        type            zeroGradient;
    }
    frontAndBack
    {
        type            empty;
    }
}


// ************************************************************************* //
