/*--------------------------------*- C++ -*----------------------------------*\
| =========                 |                                                 |
| \\      /  F ield         | OpenFOAM: The Open Source CFD Toolbox           |
|  \\    /   O peration     | Version:  2312                                  |
|   \\  /    A nd           | Website:  www.openfoam.com                      |
|    \\/     M anipulation  |                                                 |
\*---------------------------------------------------------------------------*/
FoamFile
{
    version     2.0;
    format      ascii;
    arch        "LSB;label=32;scalar=64";
    class       volScalarField;
    location    "118.65";
    object      p;
}
// * * * * * * * * * * * * * * * * * * * * * * * * * * * * * * * * * * * * * //

dimensions      [0 2 -2 0 0 0 0];

internalField   nonuniform List<scalar> 
5478
(
-0.337889
-0.339148
-0.337683
-0.333674
-0.32558
-0.312831
-0.295742
-0.275862
-0.255289
-0.23588
-0.218875
-0.204008
-0.191354
-0.179283
-0.168026
-0.345221
-0.344568
-0.342141
-0.337335
-0.328653
-0.315005
-0.296796
-0.275899
-0.254418
-0.233905
-0.215074
-0.19818
-0.183154
-0.169364
-0.15674
-0.35475
-0.351492
-0.346993
-0.340396
-0.32971
-0.313809
-0.293639
-0.271339
-0.248906
-0.227668
-0.208281
-0.190841
-0.175042
-0.160242
-0.146424
-0.367119
-0.360901
-0.353754
-0.344239
-0.329788
-0.31024
-0.287491
-0.2638
-0.240824
-0.219444
-0.199851
-0.181963
-0.165489
-0.150383
-0.136781
-0.383945
-0.374187
-0.363954
-0.349636
-0.329393
-0.305162
-0.279641
-0.254665
-0.231192
-0.209562
-0.189827
-0.171895
-0.155522
-0.14059
-0.126659
-0.406441
-0.391392
-0.377003
-0.355384
-0.327792
-0.298535
-0.270209
-0.243846
-0.219748
-0.197926
-0.178221
-0.160372
-0.144144
-0.129442
-0.115776
-0.432389
-0.411646
-0.38958
-0.358373
-0.323122
-0.289079
-0.258066
-0.230316
-0.205597
-0.183579
-0.163955
-0.146479
-0.130899
-0.116921
-0.103898
-0.456077
-0.431055
-0.397433
-0.355338
-0.313044
-0.274883
-0.241583
-0.212692
-0.187556
-0.165614
-0.146405
-0.129555
-0.114806
-0.101821
-0.0901572
-0.482158
-0.484293
-0.487485
-0.495041
-0.506557
-0.520642
-0.535206
-0.54763
-0.553496
-0.552431
-0.541452
-0.520057
-0.490276
-0.455812
-0.419613
-0.443026
-0.444541
-0.44474
-0.446797
-0.450395
-0.4541
-0.456125
-0.454341
-0.44804
-0.435867
-0.41778
-0.394914
-0.371006
-0.352081
-0.329107
-0.409439
-0.410336
-0.408413
-0.40632
-0.403752
-0.399464
-0.392294
-0.381056
-0.365401
-0.345721
-0.323852
-0.302212
-0.280546
-0.279974
-0.267206
-0.382483
-0.383186
-0.380334
-0.375854
-0.369471
-0.360318
-0.347345
-0.330287
-0.309598
-0.286451
-0.26274
-0.246779
-0.226677
-0.231245
-0.232862
-0.361656
-0.362698
-0.35985
-0.354327
-0.345739
-0.333384
-0.316968
-0.296702
-0.273587
-0.249917
-0.226627
-0.213267
-0.199257
-0.20308
-0.213424
-0.34635
-0.348024
-0.345498
-0.339523
-0.329614
-0.31548
-0.297298
-0.27581
-0.252613
-0.230178
-0.210385
-0.198644
-0.191344
-0.193738
-0.205412
-0.336848
-0.339033
-0.336875
-0.33108
-0.321145
-0.306977
-0.288997
-0.268405
-0.246846
-0.22658
-0.210268
-0.199359
-0.194253
-0.194253
-0.199367
-0.334157
-0.336318
-0.334667
-0.329758
-0.321103
-0.308031
-0.290992
-0.271344
-0.251
-0.231991
-0.216487
-0.204383
-0.196274
-0.190513
-0.186074
-0.390485
-0.416729
-0.45566
-0.434406
-0.319502
-0.216772
-0.167084
-0.152109
-0.158984
-0.164911
-0.153557
-0.150517
-0.147362
-0.129737
-0.101744
-0.111243
-0.13449
-0.150543
-0.123875
-0.110458
-0.124003
-0.158018
-0.121532
-0.1219
-0.152233
-0.174953
-0.136894
-0.155232
-0.0953701
-0.0661133
-0.0387485
-0.0141906
-0.0123057
-0.0109145
-0.00638865
-0.00350676
-0.00196074
-0.000429372
-0.347689
-0.436822
-0.491007
-0.465751
-0.344964
-0.230316
-0.166448
-0.142565
-0.131526
-0.124272
-0.125478
-0.13907
-0.143257
-0.12573
-0.0982566
-0.107434
-0.129271
-0.14442
-0.125431
-0.11742
-0.139245
-0.171991
-0.118713
-0.112534
-0.133959
-0.150896
-0.152777
-0.176006
-0.0944135
-0.0623469
-0.0384573
-0.0155591
-0.0125391
-0.0104171
-0.0062439
-0.00359701
-0.00201639
-0.000440809
-0.294451
-0.42389
-0.506953
-0.470436
-0.35173
-0.233615
-0.163786
-0.136582
-0.116784
-0.0982552
-0.0957452
-0.12809
-0.13807
-0.121688
-0.0963449
-0.104372
-0.124317
-0.1365
-0.125333
-0.122296
-0.153362
-0.182834
-0.114935
-0.102122
-0.116254
-0.125779
-0.164844
-0.191095
-0.0920024
-0.0607874
-0.0376235
-0.016752
-0.0126407
-0.00989365
-0.00605874
-0.00368195
-0.00207322
-0.000449562
-0.255876
-0.373929
-0.461393
-0.432354
-0.330444
-0.227667
-0.160057
-0.13154
-0.112163
-0.0894077
-0.0859524
-0.120819
-0.133361
-0.117489
-0.095734
-0.102357
-0.119219
-0.127745
-0.123418
-0.124442
-0.165379
-0.191002
-0.112051
-0.0914033
-0.100276
-0.101144
-0.172493
-0.199684
-0.0891949
-0.0545996
-0.0362302
-0.0176934
-0.0126188
-0.00938361
-0.00584486
-0.00375292
-0.002123
-0.000455199
-0.233294
-0.321157
-0.400273
-0.380405
-0.300575
-0.218019
-0.157752
-0.127617
-0.110014
-0.0924625
-0.0905715
-0.12297
-0.130575
-0.115376
-0.0979551
-0.103077
-0.115723
-0.119113
-0.11946
-0.123265
-0.174507
-0.196085
-0.110138
-0.0806069
-0.0868521
-0.0788701
-0.175603
-0.201232
-0.0866281
-0.0479019
-0.0343654
-0.0183043
-0.0124788
-0.00891281
-0.00562192
-0.00380452
-0.00215707
-0.000457364
-0.219527
-0.271951
-0.331349
-0.319528
-0.264615
-0.20279
-0.153058
-0.123377
-0.10625
-0.0962194
-0.101902
-0.130603
-0.130957
-0.11508
-0.101145
-0.103857
-0.110729
-0.110365
-0.113088
-0.118727
-0.179327
-0.198693
-0.110295
-0.0702996
-0.0764581
-0.060167
-0.174285
-0.19621
-0.0847819
-0.0411059
-0.0322158
-0.0185873
-0.0122551
-0.00850133
-0.00541216
-0.00383611
-0.00216831
-0.000455674
-0.203611
-0.224397
-0.262842
-0.264106
-0.234764
-0.190729
-0.14962
-0.12046
-0.10332
-0.0928432
-0.115968
-0.138817
-0.132129
-0.112129
-0.10368
-0.105097
-0.10954
-0.103128
-0.104654
-0.109535
-0.17988
-0.197145
-0.109223
-0.0613028
-0.0698479
-0.0446058
-0.169478
-0.186261
-0.0829148
-0.0350974
-0.0300068
-0.0185434
-0.0119364
-0.00813796
-0.00523666
-0.00385164
-0.00215088
-0.000449332
-0.182159
-0.188897
-0.207602
-0.212417
-0.201425
-0.175424
-0.143698
-0.118691
-0.103099
-0.082547
-0.119592
-0.154738
-0.139335
-0.113128
-0.106617
-0.101441
-0.102731
-0.0941776
-0.0945694
-0.096979
-0.17499
-0.196882
-0.11057
-0.0530352
-0.0659857
-0.031219
-0.160885
-0.174483
-0.0827963
-0.0289976
-0.0272712
-0.018154
-0.0116582
-0.00784864
-0.00515927
-0.00385738
-0.00210554
-0.00043821
-0.170484
-0.18245
-0.18489
-0.181371
-0.170518
-0.147891
-0.120097
-0.0996524
-0.0874677
-0.071569
-0.100739
-0.131764
-0.127316
-0.10672
-0.105351
-0.104663
-0.103745
-0.0850287
-0.081528
-0.0905428
-0.160891
-0.1847
-0.107706
-0.0452037
-0.0612782
-0.0265101
-0.145722
-0.155097
-0.0814604
-0.0256231
-0.0242936
-0.0170868
-0.0109705
-0.00744748
-0.00501957
-0.00383654
-0.00198915
-0.00041093
-0.137309
-0.148653
-0.14862
-0.139361
-0.126756
-0.109919
-0.0900098
-0.0770127
-0.0659237
-0.0544803
-0.0777581
-0.10957
-0.108929
-0.0895681
-0.0948397
-0.0997301
-0.0853523
-0.0663611
-0.0595056
-0.0721969
-0.143169
-0.17862
-0.0994253
-0.0332234
-0.0457517
-0.0157339
-0.12291
-0.147579
-0.0740884
-0.0200719
-0.0205827
-0.0156326
-0.0101117
-0.00680449
-0.0048827
-0.00381255
-0.00178399
-0.000353199
-0.112295
-0.12401
-0.123051
-0.114652
-0.104291
-0.0912842
-0.0756031
-0.0626005
-0.0481689
-0.0290947
-0.0242824
-0.0316939
-0.0412866
-0.0501739
-0.0733789
-0.0836764
-0.068725
-0.0492845
-0.0377758
-0.0453092
-0.108676
-0.141002
-0.0790509
-0.0222138
-0.0328092
-0.00879345
-0.096515
-0.115403
-0.0599939
-0.0159287
-0.017095
-0.0139373
-0.00911816
-0.00604799
-0.004924
-0.00384623
-0.0015079
-0.000266275
-0.088443
-0.0981574
-0.0977534
-0.0896885
-0.07879
-0.0650758
-0.0514141
-0.0396109
-0.0255904
-0.00811364
0.00572116
0.0235229
0.0192717
-0.0100494
-0.0445577
-0.0525527
-0.0425217
-0.0264852
-0.0131659
-0.0187049
-0.0668501
-0.0847782
-0.0523845
-0.0192907
-0.0213935
-0.00182836
-0.0627852
-0.0796636
-0.0447866
-0.0147502
-0.0137936
-0.0123939
-0.00820377
-0.00517091
-0.0050754
-0.00393866
-0.00116397
-0.000147765
-0.0663134
-0.0748246
-0.0754835
-0.0693484
-0.0605671
-0.0506032
-0.0396724
-0.0291348
-0.0154038
0.00433429
0.0251769
0.0495139
0.0476698
0.0142361
-0.0163963
-0.0263621
-0.0217572
-0.015434
0.000725457
0.00417956
-0.0198766
-0.0247809
-0.0252558
-0.0236779
-0.0133503
0.000524686
-0.0230583
-0.0336511
-0.0263759
-0.0156375
-0.0105351
-0.0113868
-0.00739497
-0.00407038
-0.00529751
-0.00412363
-0.000768531
-8.34775e-07
-0.0485208
-0.0559925
-0.0570589
-0.0525842
-0.0454136
-0.0365435
-0.0265058
-0.0160562
-0.00393322
0.0122086
0.0278088
0.043126
0.0480342
0.0255304
0.00272823
-0.00775107
-0.00468765
-0.000293358
0.0111014
0.0118796
0.00110024
0.00448442
-0.0072479
-0.0246878
-0.00655787
0.00590877
0.0127911
0.00512453
-0.00650568
-0.0147343
-0.00680037
-0.0110345
-0.00736061
-0.00280408
-0.00553994
-0.00439204
-0.000387477
0.000156322
-0.0346948
-0.0402728
-0.0412739
-0.0380472
-0.0323281
-0.0253113
-0.0176042
-0.00937384
-0.000193269
0.0120284
0.0242878
0.03464
0.0392814
0.0273782
0.0122542
0.00302202
0.00431
0.00530565
0.0142844
0.0173187
0.0120564
0.0145744
0.00471425
-0.0121005
0.000570089
0.0117542
0.0356545
0.0289242
0.00776764
-0.0124857
-0.00379297
-0.0110885
-0.00826175
-0.00164955
-0.00570989
-0.00468163
-5.18228e-05
0.000295279
-0.0228257
-0.0272245
-0.0284458
-0.0263631
-0.0221097
-0.0167352
-0.0108108
-0.00423528
0.00297281
0.0118044
0.0202444
0.0269605
0.0302005
0.0246889
0.0162695
0.00937663
0.0108779
0.0120572
0.016656
0.0188512
0.0120539
0.014444
0.0121111
0.00148345
0.00838125
0.0170167
0.0398324
0.0326121
0.0127184
-0.00740513
-0.00279249
-0.011023
-0.009191
-0.00103512
-0.00568578
-0.00482141
0.000211914
0.000384417
-0.0135406
-0.0171357
-0.0182342
-0.0168363
-0.0137428
-0.00975888
-0.00535628
-0.000477012
0.00466651
0.01058
0.0162664
0.0208979
0.0231553
0.0211056
0.017275
0.012679
0.0131718
0.0135269
0.0159544
0.0184374
0.0151014
0.0153538
0.0150582
0.00865467
0.0134446
0.0190021
0.0355511
0.0329657
0.0149277
-0.00052928
-0.000663294
-0.00923631
-0.00839706
-0.000668356
-0.00510719
-0.00443414
0.000407222
0.000431345
-0.00654793
-0.00913865
-0.0100166
-0.0091933
-0.00708933
-0.00427777
-0.00116815
0.00226342
0.00581944
0.00980803
0.0135639
0.0166918
0.0184876
0.0180352
0.0167225
0.014272
0.0145809
0.015295
0.016215
0.0176461
0.0157132
0.0156547
0.0158111
0.0133472
0.0169655
0.0201986
0.0296377
0.030739
0.0164035
0.00564787
0.00225622
-0.00570978
-0.00554564
-0.000336931
-0.00387668
-0.00336226
0.00049573
0.000424545
-0.000777866
-0.00277318
-0.00358602
-0.00318335
-0.00182258
9.98839e-05
0.00223126
0.00456901
0.00694335
0.00955669
0.0120307
0.0141589
0.0156008
0.0158393
0.0158154
0.0147952
0.0148443
0.0152625
0.0157287
0.0163892
0.0157874
0.0159007
0.0160809
0.0149476
0.0178975
0.0200313
0.0249997
0.0272122
0.0171177
0.00960392
0.00515974
-0.00188758
-0.00222213
0.000407485
-0.0022937
-0.0019748
0.000612315
0.000408608
0.00367563
0.00212041
0.00141123
0.00157451
0.00241006
0.00366067
0.00505734
0.00657492
0.00810887
0.00978952
0.0114346
0.0128799
0.014023
0.0145073
0.0148668
0.014654
0.0148084
0.0152538
0.0156272
0.0160583
0.0157849
0.0159478
0.0161555
0.0160784
0.0180912
0.0195052
0.0214918
0.0231088
0.0168901
0.0116808
0.00747521
0.00130323
0.000430121
0.00124883
-0.000878057
-0.000801664
0.00068235
0.000381891
0.00708024
0.0059081
0.00531642
0.00530961
0.00577348
0.00653398
0.00741501
0.0083621
0.00931671
0.0103575
0.011423
0.0124005
0.0132351
0.0137551
0.0142215
0.0144382
0.0146864
0.0149911
0.0153148
0.0155626
0.0155024
0.0157567
0.015952
0.0158809
0.0172958
0.0182437
0.0188177
0.0195131
0.0158495
0.0121178
0.00864324
0.00362498
0.00215549
0.00195357
0.000208035
-2.71788e-05
0.000736593
0.000354167
0.0097405
0.00883998
0.00832136
0.00819512
0.00840797
0.00885462
0.00938968
0.00994445
0.0104975
0.0111096
0.0117724
0.0124151
0.0129886
0.0134406
0.0138613
0.0141804
0.0144455
0.0146993
0.0149918
0.0152239
0.0152542
0.0154587
0.0156376
0.0157286
0.0164666
0.0169527
0.0168493
0.016868
0.0145686
0.011832
0.00916812
0.00524862
0.00335585
0.00255589
0.0010542
0.000594698
0.000814674
0.00035144
0.0117848
0.0110877
0.010647
0.010467
0.0105209
0.0107356
0.0110224
0.0113169
0.0116032
0.0119317
0.0123113
0.0127093
0.0130714
0.0133964
0.0137192
0.0140097
0.0142588
0.0144636
0.0146851
0.0148795
0.0149281
0.0150651
0.0151975
0.0152151
0.0154746
0.0155953
0.0152437
0.0148998
0.013296
0.0111873
0.0091806
0.00619577
0.00422556
0.0030948
0.00171015
0.00105313
0.000883538
0.000349865
0.0133451
0.0128078
0.012434
0.0122256
0.0121749
0.012239
0.01236
0.012482
0.0125924
0.0127335
0.0129178
0.0131337
0.013331
0.0135276
0.013735
0.0139452
0.0141234
0.0142643
0.0144068
0.0145468
0.0145801
0.0146324
0.014666
0.0146244
0.0146151
0.0145092
0.0140351
0.0134837
0.0122712
0.0106176
0.00901564
0.00675834
0.00492189
0.00361491
0.00228405
0.00146706
0.000993886
0.000366485
0.0145285
0.0141093
0.0137898
0.0135743
0.0134635
0.0134322
0.01344
0.0134457
0.0134413
0.0134582
0.0135093
0.0135896
0.0136617
0.013744
0.0138411
0.0139567
0.0140459
0.0141183
0.0141826
0.0142432
0.014226
0.0141998
0.0141458
0.0140144
0.013834
0.0135474
0.0130568
0.0124126
0.0114278
0.0100926
0.00872691
0.00700305
0.00538506
0.00404624
0.00276339
0.0018282
0.0011179
0.000382519
0.0154088
0.0150795
0.0148069
0.0145956
0.0144502
0.0143573
0.0142909
0.0142209
0.0141428
0.0140783
0.0140387
0.0140202
0.0139986
0.013989
0.0139905
0.0140149
0.0140152
0.0140131
0.0139928
0.0139748
0.0138973
0.0137954
0.0136607
0.0134513
0.0131909
0.0128268
0.012308
0.0116307
0.0107721
0.00967688
0.00848291
0.00709639
0.00569712
0.0043968
0.00315611
0.0021516
0.00127476
0.000417756
0.0160544
0.0157912
0.0155556
0.0153535
0.01519
0.0150596
0.0149451
0.0148263
0.0147008
0.0145829
0.0144821
0.0143937
0.0143034
0.0142218
0.0141461
0.014091
0.0140126
0.0139399
0.0138419
0.0137502
0.0136081
0.0134397
0.0132421
0.0129686
0.0126559
0.01223
0.0117142
0.0110646
0.0102667
0.00933577
0.00827235
0.00709648
0.00588075
0.00465612
0.0034607
0.00242852
0.0014432
0.00046163
0.016509
0.0162926
0.0160866
0.0158957
0.0157246
0.0155719
0.0154267
0.0152779
0.0151226
0.0149717
0.0148288
0.014693
0.0145531
0.0144185
0.0142853
0.0141641
0.0140248
0.0138873
0.0137305
0.0135715
0.0133765
0.0131509
0.0128998
0.0125799
0.0122254
0.0117785
0.0112549
0.0106293
0.00988872
0.00905674
0.00811423
0.00706359
0.00597038
0.00484143
0.00368471
0.00263231
0.00159881
0.000521147
0.0168164
0.0166319
0.0164478
0.016267
0.0160938
0.0159281
0.0157643
0.0155976
0.0154244
0.0152533
0.0150822
0.0149151
0.0147413
0.01457
0.0143954
0.0142244
0.0140413
0.013852
0.0136505
0.0134369
0.0131978
0.0129297
0.0126324
0.0122849
0.011896
0.0114373
0.0109117
0.0103044
0.00960729
0.0088324
0.00795917
0.00700287
0.00598869
0.00492328
0.00382138
0.00275105
0.00167738
0.000555471
0.0170057
0.016841
0.0166714
0.0164986
0.0163258
0.0161535
0.0159796
0.0158025
0.0156199
0.0154361
0.0152488
0.0150615
0.014867
0.0146723
0.0144701
0.0142679
0.014053
0.0138318
0.013596
0.013347
0.013077
0.0127776
0.0124529
0.0120814
0.0116734
0.0112066
0.0106789
0.0100855
0.00941192
0.00867155
0.00784567
0.00694621
0.00598209
0.00496407
0.00389944
0.00281738
0.00172241
0.000579035
0.0170917
0.016937
0.0167755
0.0166081
0.0164367
0.0162622
0.0160839
0.0159025
0.015716
0.0155269
0.0153319
0.0151348
0.0149305
0.014724
0.0145089
0.01429
0.0140596
0.0138207
0.0135675
0.0132997
0.0130125
0.0126982
0.0123567
0.0119749
0.0115553
0.0110848
0.0105579
0.00996876
0.00930905
0.0085855
0.0077828
0.00691195
0.00597324
0.0049785
0.00393535
0.00285011
0.00174211
0.000589223
-0.0761513
-0.0870759
-0.0976922
-0.107877
-0.118519
-0.12832
-0.139404
-0.153556
-0.061416
-0.0695644
-0.0776494
-0.0858017
-0.0942487
-0.10266
-0.110423
-0.12122
-0.0474446
-0.0532329
-0.0588451
-0.0646774
-0.070919
-0.0772676
-0.0842642
-0.094764
-0.0364386
-0.040568
-0.0446127
-0.0488807
-0.0540135
-0.05969
-0.0666213
-0.0754364
-0.0268525
-0.0299345
-0.0330032
-0.0364334
-0.0407073
-0.0452168
-0.0500599
-0.0561591
-0.0190425
-0.0212505
-0.02348
-0.0259316
-0.0288112
-0.0316923
-0.035051
-0.0400668
-0.0123653
-0.0138281
-0.0152383
-0.0167757
-0.018684
-0.0208962
-0.0239518
-0.0282375
-0.00662544
-0.00751614
-0.00837535
-0.00946526
-0.0110779
-0.0130712
-0.0153908
-0.0182889
-0.00177375
-0.00237013
-0.00300206
-0.0038689
-0.00502977
-0.00624158
-0.007667
-0.00987411
0.00222751
0.00182761
0.00144816
0.000963542
0.000296011
-0.000567954
-0.00183234
-0.00374248
0.0056654
0.00541623
0.00519916
0.00487022
0.00432603
0.00357109
0.00259397
0.00122439
0.00849084
0.00828727
0.00811221
0.00786101
0.00747724
0.00696452
0.0062777
0.00522979
0.0108015
0.0106193
0.0104789
0.0103046
0.0100402
0.00965258
0.00909808
0.00826498
0.0126738
0.0124967
0.0123591
0.0122072
0.0119931
0.0116853
0.011256
0.0106275
0.0141438
0.0139648
0.0138196
0.013677
0.0135024
0.0132656
0.0129373
0.0124588
0.015281
0.0151051
0.0149559
0.0148171
0.0146646
0.0144724
0.0142152
0.0138523
0.0161389
0.0159692
0.0158194
0.0156832
0.0155458
0.0153863
0.0151844
0.0149103
0.0167749
0.0166146
0.0164691
0.0163373
0.0162102
0.0160724
0.0159085
0.0156984
0.0172343
0.0170844
0.0169455
0.0168186
0.0166992
0.0165764
0.0164401
0.0162766
0.0175522
0.0174136
0.0172833
0.0171625
0.0170493
0.0169366
0.0168184
0.0166858
0.017761
0.0176332
0.0175116
0.0173972
0.0172891
0.0171833
0.0170766
0.0169637
0.0178816
0.0177635
0.0176503
0.0175421
0.0174385
0.0173372
0.0172372
0.0171355
0.0179277
0.0178186
0.0177125
0.017609
0.0175082
0.017409
0.0173114
0.0172141
0.0744687
0.078195
0.0816622
0.0845429
0.0860631
0.0859603
0.0840664
0.0798855
0.0725004
0.0605715
0.0422451
0.0149396
-0.0255436
-0.0824423
-0.133383
0.0533798
0.0548823
0.0548186
0.0535778
0.0510302
0.0468124
0.040439
0.0311753
0.0179678
-0.000623361
-0.0265668
-0.0624254
-0.112249
-0.180138
-0.235155
0.0316176
0.0309276
0.0275299
0.0226574
0.0165334
0.00862371
-0.00180741
-0.0156277
-0.0339497
-0.0582778
-0.0907112
-0.133877
-0.19083
-0.267011
-0.320484
0.00918338
0.00607095
-0.000139611
-0.00776116
-0.0167088
-0.0277214
-0.0416379
-0.059342
-0.0819314
-0.110871
-0.148425
-0.197313
-0.259838
-0.336813
-0.387525
-0.0130907
-0.0188516
-0.0272006
-0.0367857
-0.0479474
-0.0615305
-0.0782894
-0.0990665
-0.124945
-0.157243
-0.198305
-0.250825
-0.315434
-0.389317
-0.435205
-0.0345524
-0.0427656
-0.0526203
-0.0637005
-0.0766742
-0.0923382
-0.111271
-0.134262
-0.162339
-0.196873
-0.239806
-0.293094
-0.356604
-0.424338
-0.46382
-0.0548912
-0.0647403
-0.0756373
-0.0880346
-0.102602
-0.119875
-0.140378
-0.164788
-0.194039
-0.229356
-0.272248
-0.323933
-0.383302
-0.441832
-0.475114
-0.0738882
-0.0843889
-0.0962701
-0.109892
-0.125727
-0.144184
-0.16567
-0.190754
-0.22022
-0.25504
-0.296273
-0.344282
-0.396432
-0.443152
-0.471688
0.187273
0.202222
0.218835
0.237572
0.258528
0.281624
0.306763
0.333892
0.362931
0.393629
0.425403
0.457077
0.48665
0.510094
0.52939
0.186772
0.201138
0.217166
0.235365
0.255781
0.278242
0.302595
0.328772
0.356695
0.3861
0.41636
0.446243
0.473668
0.494659
0.511551
0.182139
0.195087
0.209879
0.226992
0.246273
0.267363
0.290009
0.314094
0.339502
0.365909
0.392607
0.41826
0.440618
0.455876
0.46728
0.173393
0.184292
0.19737
0.212876
0.230337
0.249215
0.269211
0.290174
0.311901
0.33393
0.35538
0.374732
0.389451
0.395903
0.39938
0.16054
0.169002
0.180168
0.193851
0.209048
0.225004
0.241423
0.258198
0.275083
0.29147
0.306256
0.317677
0.322839
0.318005
0.311723
0.143935
0.14959
0.158648
0.170262
0.182858
0.195499
0.207872
0.219846
0.231091
0.240851
0.247827
0.250017
0.244185
0.226433
0.20826
0.12387
0.127307
0.134499
0.143559
0.152771
0.161412
0.169254
0.176063
0.181291
0.183966
0.182569
0.174866
0.157312
0.12599
0.0952378
0.100291
0.102473
0.108577
0.11503
0.120494
0.124684
0.127579
0.128855
0.127753
0.123079
0.113108
0.0953664
0.0659722
0.0212549
-0.02109
0.0258284
0.0302392
0.0265816
0.030505
0.0280789
0.0323797
0.0306292
0.0350497
0.0344189
0.0389242
0.0397319
0.0445621
0.0471089
0.0528099
0.0575301
0.0648433
0.0723538
0.082392
0.09354
0.107603
0.123755
0.143526
0.166375
0.0259065
0.0302848
0.0266773
0.030563
0.0282005
0.0324533
0.030792
0.0351742
0.0346421
0.0391044
0.0400469
0.0448503
0.0474961
0.0532763
0.0580578
0.0654493
0.0731213
0.0830952
0.0944044
0.108588
0.124541
0.144233
0.166589
0.0259945
0.0303047
0.0267912
0.0305912
0.0283464
0.0324922
0.0309866
0.0352653
0.0348798
0.0392436
0.0403915
0.0450877
0.0478787
0.0536266
0.058447
0.0656731
0.0734897
0.08349
0.0945062
0.108502
0.123876
0.143012
0.163877
0.026091
0.0303009
0.0269189
0.0305932
0.0285045
0.0325015
0.0312041
0.0353288
0.0351518
0.039365
0.0407544
0.0453469
0.0483207
0.0541389
0.0590192
0.0664772
0.0740191
0.0840745
0.094608
0.108275
0.122424
0.14027
0.158289
0.0261951
0.0302768
0.0270584
0.0305722
0.0287052
0.0324878
0.031439
0.0353623
0.0354363
0.0394533
0.0411067
0.0454831
0.0486631
0.0542592
0.0592075
0.0664015
0.0738662
0.083553
0.0935555
0.106454
0.119134
0.135215
0.149466
0.0263036
0.0302346
0.0272093
0.0305329
0.0288996
0.0324637
0.0316846
0.035387
0.0357867
0.0395919
0.0415295
0.0457987
0.0492099
0.0549897
0.0598311
0.0673453
0.0743682
0.0841273
0.09319
0.105272
0.115545
0.128842
0.137866
0.026417
0.0301772
0.0273634
0.030482
0.029097
0.0324229
0.0319261
0.0353827
0.0360382
0.0396474
0.0418033
0.0458401
0.0494169
0.0547669
0.0597471
0.0668021
0.0736325
0.082486
0.0908985
0.10128
0.109641
0.119681
0.123116
0.0265339
0.0301115
0.0275144
0.0304275
0.0293092
0.0324144
0.0321826
0.0354504
0.0364559
0.0399061
0.0423503
0.0463643
0.0501801
0.0559483
0.0605707
0.0681626
0.0744099
0.0834586
0.0903032
0.0994552
0.103886
0.109237
0.105263
0.0266692
0.0300112
0.0277094
0.0303174
0.0295329
0.0322929
0.0324383
0.0353247
0.03665
0.0398256
0.0424475
0.0462525
0.0501
0.0551443
0.0598028
0.066361
0.0721175
0.0788626
0.0847177
0.0895604
0.0917215
0.0898069
0.0808607
0.0268453
0.0298552
0.0279562
0.0301458
0.0297893
0.0320811
0.0326738
0.0349935
0.0367204
0.0394066
0.0421946
0.0454294
0.0492256
0.053475
0.0578108
0.0628857
0.0677148
0.0720691
0.0759319
0.0772463
0.076903
0.0717866
0.0642696
0.0270562
0.0296373
0.0282379
0.0299167
0.0300781
0.0317847
0.0329159
0.0346654
0.0367425
0.0389889
0.0418316
0.044619
0.0482128
0.0516541
0.0555312
0.0592612
0.0629323
0.0653873
0.0671057
0.066427
0.0638332
0.0583069
0.0510858
0.0273029
0.0293488
0.0285576
0.0296444
0.0303533
0.0315353
0.0330453
0.0343972
0.0366393
0.0384748
0.0412644
0.0436752
0.0468778
0.0495847
0.0528195
0.05535
0.0577101
0.0587529
0.0586569
0.0566788
0.0528491
0.0470786
0.0402444
0.0275895
0.0289837
0.0288718
0.0294321
0.0305285
0.0313377
0.0330681
0.0341476
0.0363776
0.0379664
0.0404582
0.042589
0.0452102
0.0472684
0.0497361
0.0512441
0.0523563
0.052315
0.0509594
0.0482
0.043927
0.0381858
0.0316169
0.0279123
0.0286086
0.0290952
0.029289
0.0306301
0.0311705
0.0329699
0.0338747
0.0359553
0.0373581
0.0394439
0.0413214
0.0432949
0.0447059
0.0464288
0.0470702
0.0471531
0.0462892
0.0442569
0.0411091
0.0368061
0.0313823
0.0252335
0.0282247
0.0282738
0.0292202
0.0292002
0.0306376
0.0310269
0.032738
0.0335662
0.035379
0.0366273
0.0382737
0.0398477
0.0411989
0.041989
0.0430244
0.0429879
0.0423099
0.0408755
0.0385575
0.0353218
0.0311886
0.0262326
0.0206288
0.0285028
0.0279966
0.0292557
0.0291478
0.0305395
0.0308893
0.0323821
0.0331878
0.0346795
0.0357508
0.0369726
0.0381833
0.0389857
0.0392494
0.039668
0.0391315
0.0379765
0.0361926
0.0337952
0.0306893
0.0268783
0.0224564
0.0174996
0.0287184
0.0277979
0.029189
0.029116
0.0303418
0.0307329
0.0319309
0.0327067
0.033877
0.0347254
0.0355659
0.0363905
0.0367295
0.0365792
0.0364896
0.0356175
0.0342044
0.0322684
0.0299239
0.0270815
0.0237033
0.0198567
0.0155847
0.0288531
0.0276877
0.0290201
0.0290833
0.0300598
0.0305135
0.0314189
0.0321106
0.0329839
0.0335809
0.0340887
0.0345438
0.0345087
0.0340569
0.0335965
0.0325221
0.0310087
0.0290845
0.0268914
0.0243719
0.0214707
0.0182109
0.0146095
0.0288936
0.0276617
0.0287673
0.0290148
0.0297326
0.0302051
0.0308605
0.0314079
0.0320135
0.0323559
0.0325793
0.0327174
0.0324013
0.0317496
0.0310463
0.0298787
0.0283794
0.0265787
0.0246031
0.0224227
0.0199895
0.0172945
0.014323
0.0288345
0.0277021
0.0284625
0.0288516
0.0293826
0.0298079
0.0302596
0.0306257
0.0309891
0.0310997
0.0310882
0.0309755
0.0304684
0.0296973
0.0288623
0.0276878
0.026277
0.024661
0.0229371
0.0210889
0.0190812
0.0168931
0.0144883
0.0286814
0.0277737
0.0281645
0.0285634
0.0289957
0.0293385
0.0296182
0.0298005
0.0299458
0.0298648
0.0296669
0.029368
0.0287428
0.027921
0.0270428
0.0259221
0.0246416
0.0232341
0.0217672
0.0202265
0.018586
0.016825
0.0148976
0.0284524
0.0278133
0.0279161
0.0281901
0.0285474
0.0287938
0.0289353
0.0289625
0.0289237
0.0286926
0.028355
0.0279261
0.0272443
0.0264254
0.0255642
0.0245349
0.0234047
0.0222049
0.0209785
0.019709
0.0183762
0.016964
0.0154285
0.0281712
0.0277518
0.0277003
0.0278322
0.0280564
0.0281884
0.028218
0.0281269
0.0279503
0.027611
0.0271776
0.02667
0.0259774
0.0251956
0.0243883
0.0234697
0.0224925
0.0214848
0.0204725
0.0194368
0.0183608
0.0172335
0.0160175
0.0278641
0.0275958
0.0274857
0.027483
0.0275488
0.0275616
0.0274904
0.0273082
0.027038
0.0266349
0.0261507
0.0256089
0.0249373
0.0242117
0.0234748
0.0226675
0.0218312
0.0209908
0.0201605
0.0193203
0.018455
0.0175573
0.0165975
0.0275474
0.0273648
0.0272303
0.0271292
0.0270549
0.0269521
0.0267876
0.0265331
0.0262029
0.0257715
0.0252756
0.0247374
0.02411
0.0234496
0.0227848
0.0220775
0.0213613
0.0206584
0.019976
0.019295
0.018601
0.0178877
0.0171333
0.0272298
0.0270884
0.0269325
0.0267656
0.026589
0.0263865
0.0261399
0.0258287
0.0254607
0.0250224
0.0245388
0.024028
0.0234586
0.0228667
0.0222718
0.0216528
0.0210369
0.0204429
0.0198755
0.0193195
0.0187619
0.0181964
0.0176066
0.0269169
0.0267896
0.0266145
0.0264025
0.0261578
0.0258815
0.0255711
0.0252179
0.024827
0.0243935
0.0239331
0.0234572
0.0229456
0.0224186
0.0218896
0.0213494
0.0208184
0.0203108
0.0198307
0.0193688
0.0189152
0.018465
0.0180053
0.0266196
0.0264947
0.026301
0.0260568
0.0257695
0.0254448
0.0250923
0.0247134
0.0243104
0.0238854
0.0234491
0.0230068
0.0225458
0.0220775
0.0216109
0.0211419
0.0206836
0.0202456
0.0198315
0.019437
0.0190573
0.0186899
0.0183258
0.0263568
0.0262311
0.0260231
0.0257553
0.0254416
0.0250886
0.0247106
0.0243168
0.0239077
0.0234881
0.0230695
0.0226541
0.0222337
0.0218148
0.0214032
0.0209984
0.0206072
0.0202329
0.0198747
0.0195301
0.0191997
0.0188865
0.0185888
0.0261486
0.0260201
0.0258033
0.0255221
0.0251943
0.0248275
0.0244366
0.0240373
0.0236302
0.0232198
0.0228166
0.0224229
0.0220333
0.0216486
0.0212719
0.0209061
0.0205559
0.0202225
0.0199036
0.0195968
0.0193034
0.0190281
0.0187735
0.026037
0.0259083
0.0256837
0.0253893
0.0250493
0.0246729
0.0242737
0.023869
0.0234625
0.0230577
0.0226643
0.0222867
0.0219194
0.0215576
0.0212033
0.0208624
0.0205397
0.020236
0.0199475
0.019671
0.0194066
0.0191594
0.0189353
0.0682495
0.0503208
0.0281229
0.00730063
-0.0117409
-0.0298685
-0.0473445
-0.0629505
0.0557488
0.0390867
0.0172517
-0.00172733
-0.0167615
-0.0295365
-0.0415249
-0.0520569
0.0446891
0.0319257
0.0133922
-0.00313511
-0.0144857
-0.0232428
-0.0318568
-0.0402136
0.0349357
0.0250421
0.00962916
-0.00456897
-0.0136556
-0.0198192
-0.0256498
-0.0313136
0.0268496
0.01952
0.00771471
-0.00344287
-0.0104272
-0.0148256
-0.0188987
-0.0230128
0.0204568
0.014719
0.00634682
-0.00157493
-0.00690984
-0.0103808
-0.0134214
-0.0163362
0.0160378
0.0114121
0.00584589
0.000609143
-0.00328802
-0.00605059
-0.0083848
-0.0104868
0.0133252
0.00967953
0.00610019
0.00279419
7.71985e-05
-0.0020576
-0.00385973
-0.00537296
0.0119478
0.00914497
0.00693025
0.00494424
0.00313352
0.00155033
0.000181684
-0.000919792
0.0115335
0.00941804
0.00811756
0.0070018
0.0058425
0.00469983
0.00366379
0.00283733
0.0117857
0.0102127
0.00950644
0.00894526
0.00823944
0.00744426
0.00668773
0.0060864
0.0124492
0.0113028
0.010973
0.0107552
0.0103544
0.00981613
0.00926694
0.00881392
0.0132836
0.0124568
0.0123523
0.0123554
0.0121807
0.0118384
0.0114362
0.0110751
0.0141656
0.0135753
0.0135981
0.0137252
0.0136992
0.0134981
0.0132069
0.0129152
0.0150357
0.0146154
0.0146988
0.0148729
0.0149208
0.0148102
0.0146002
0.0143624
0.0158408
0.0155424
0.0156438
0.0158176
0.0158903
0.0158297
0.0156747
0.0154785
0.0165543
0.0163413
0.016435
0.0165827
0.0166503
0.0166094
0.0164858
0.0163182
0.0171658
0.0170098
0.0170807
0.0171889
0.0172348
0.0171951
0.0170871
0.0169385
0.0176703
0.0175507
0.0175914
0.0176555
0.0176722
0.0176233
0.017521
0.0173847
0.0180669
0.0179678
0.0179767
0.0179983
0.0179841
0.0179213
0.0178188
0.0176908
0.0183799
0.018286
0.0182599
0.0182403
0.0181954
0.0181171
0.0180118
0.0178896
0.0185946
0.0184993
0.0184441
0.0183907
0.0183202
0.0182281
0.0181196
0.0180017
0.0187682
0.018653
0.0185545
0.0184603
0.0183628
0.018259
0.0181501
0.0180386
-0.618217
-0.631283
-0.650221
-0.674656
-0.705019
-0.738856
-0.769594
-0.7913
-0.613025
-0.625711
-0.643275
-0.664354
-0.688625
-0.715668
-0.741164
-0.757933
-0.606003
-0.61843
-0.633864
-0.651424
-0.669958
-0.686286
-0.696577
-0.696196
-0.599834
-0.610016
-0.6209
-0.630759
-0.6384
-0.641498
-0.637631
-0.624375
-0.595992
-0.599848
-0.601784
-0.600902
-0.59719
-0.58979
-0.576939
-0.556428
-0.592839
-0.585984
-0.576676
-0.565623
-0.553401
-0.53922
-0.521067
-0.496577
-0.586445
-0.566963
-0.547164
-0.52849
-0.51074
-0.492477
-0.471287
-0.444803
-0.572982
-0.542006
-0.514685
-0.49125
-0.470313
-0.449811
-0.427052
-0.399766
-0.550038
-0.511428
-0.480248
-0.454525
-0.432206
-0.410741
-0.387495
-0.360269
-0.517782
-0.476471
-0.444531
-0.418557
-0.396162
-0.374771
-0.351824
-0.325343
-0.47846
-0.438483
-0.408199
-0.383386
-0.362014
-0.34143
-0.319411
-0.294182
-0.434469
-0.398945
-0.371653
-0.349248
-0.329569
-0.310399
-0.289803
-0.266216
-0.388764
-0.358514
-0.335506
-0.316218
-0.298743
-0.281478
-0.262661
-0.241064
-0.339907
-0.317886
-0.300049
-0.284527
-0.269703
-0.254436
-0.237685
-0.2182
-0.290798
-0.279749
-0.265396
-0.254819
-0.241764
-0.228733
-0.213936
-0.197117
-0.52303
-0.559746
-0.587046
-0.603347
-0.610163
-0.6111
-0.610313
-0.611683
-0.525186
-0.560531
-0.585583
-0.599254
-0.603906
-0.603917
-0.603449
-0.605683
-0.531367
-0.568192
-0.592676
-0.60365
-0.604405
-0.600643
-0.597527
-0.598637
-0.544348
-0.584383
-0.608703
-0.616502
-0.611923
-0.602391
-0.594792
-0.59357
-0.563512
-0.607954
-0.632658
-0.637156
-0.626787
-0.610891
-0.598263
-0.593573
-0.58744
-0.63747
-0.66295
-0.664168
-0.648196
-0.626305
-0.608805
-0.598554
-0.61396
-0.670582
-0.697163
-0.695244
-0.674097
-0.646971
-0.623486
-0.604318
-0.63977
-0.703845
-0.731745
-0.726889
-0.701178
-0.668478
-0.636177
-0.604678
-0.660665
-0.732792
-0.761396
-0.754068
-0.723932
-0.683527
-0.639593
-0.594064
-0.671184
-0.750921
-0.779124
-0.769437
-0.733945
-0.683851
-0.627091
-0.569463
-0.666675
-0.746169
-0.776885
-0.76444
-0.722609
-0.662557
-0.595962
-0.531682
-0.646067
-0.724499
-0.749692
-0.731953
-0.684658
-0.618128
-0.547561
-0.483592
-0.607822
-0.676565
-0.692492
-0.66888
-0.618775
-0.552768
-0.48743
-0.430867
-0.556541
-0.609741
-0.613817
-0.584363
-0.53781
-0.479962
-0.424948
-0.37706
-0.496266
-0.526897
-0.516585
-0.485217
-0.44514
-0.402258
-0.360424
-0.323064
-0.415526
-0.408051
-0.373701
-0.342247
-0.319259
-0.297504
-0.279889
-0.271689
-0.369884
-0.306465
-0.239387
-0.201242
-0.195924
-0.201463
-0.201611
-0.213036
-0.379225
-0.261938
-0.163339
-0.111419
-0.102266
-0.115145
-0.121501
-0.142504
-0.362458
-0.234548
-0.115308
-0.0526516
-0.037957
-0.0473598
-0.0565665
-0.0788986
-0.267444
-0.181252
-0.0886326
-0.0280543
-0.00401226
0.00277744
0.00486153
-0.0215979
-0.192971
-0.15889
-0.120527
-0.0907967
-0.0634864
-0.0212416
0.0447426
0.0252034
-0.166499
-0.162493
-0.15229
-0.137552
-0.121398
-0.0905707
-0.0277176
0.0270864
-0.167061
-0.181131
-0.18512
-0.170406
-0.145017
-0.110042
-0.0692681
-0.0261847
-0.194808
-0.228012
-0.24703
-0.24013
-0.21213
-0.173041
-0.142185
-0.0990287
-0.213807
-0.259298
-0.288344
-0.290795
-0.274552
-0.243849
-0.215094
-0.169556
-0.184309
-0.213567
-0.237588
-0.249144
-0.249044
-0.228028
-0.21312
-0.175438
-0.161087
-0.169603
-0.17543
-0.179016
-0.178836
-0.171036
-0.165955
-0.146709
-0.150825
-0.15143
-0.1498
-0.146681
-0.142194
-0.135176
-0.130441
-0.123693
-0.133886
-0.136753
-0.137125
-0.132904
-0.125561
-0.115977
-0.106391
-0.0963923
-0.106312
-0.112008
-0.118322
-0.122971
-0.125075
-0.123283
-0.116213
-0.103465
-0.115083
-0.119178
-0.123622
-0.127016
-0.128496
-0.126775
-0.12231
-0.113694
-0.138513
-0.142128
-0.145893
-0.149514
-0.153076
-0.155904
-0.157597
-0.15579
-0.154204
-0.155821
-0.155725
-0.155532
-0.15453
-0.155403
-0.153561
-0.154885
-0.12065
-0.116389
-0.111324
-0.107158
-0.103078
-0.101468
-0.0980357
-0.0984942
-0.101935
-0.0927484
-0.0832191
-0.0741556
-0.0660022
-0.0592229
-0.0540081
-0.0501144
-0.108518
-0.0935755
-0.0799196
-0.0683195
-0.0589298
-0.0515776
-0.0465687
-0.0428088
-0.141628
-0.123866
-0.105978
-0.0890911
-0.0738763
-0.0603171
-0.0488558
-0.0383148
-0.122443
-0.120565
-0.115882
-0.108326
-0.098736
-0.0871234
-0.0731662
-0.0590124
-0.129856
-0.135409
-0.137835
-0.136336
-0.130605
-0.121151
-0.107554
-0.0898061
-0.170087
-0.186583
-0.200816
-0.211196
-0.21712
-0.217771
-0.213946
-0.206221
-0.195586
-0.210745
-0.218993
-0.221436
-0.218534
-0.211854
-0.20039
-0.187792
-0.118034
-0.097996
-0.0783017
-0.0619429
-0.0496928
-0.0421355
-0.037374
-0.0385539
-0.130602
-0.10384
-0.076367
-0.050344
-0.0266387
-0.00691597
0.00945144
0.0222715
-0.0937678
-0.0893342
-0.0826372
-0.0743706
-0.065186
-0.0555864
-0.0454891
-0.0351193
-0.0691739
-0.0709526
-0.0710689
-0.0692209
-0.0655402
-0.06086
-0.0548623
-0.0510625
-0.0385307
-0.0378453
-0.0368385
-0.0355716
-0.0340205
-0.032373
-0.030413
-0.028719
-0.012764
-0.0113616
-0.010097
-0.00905483
-0.00827633
-0.00781745
-0.00764505
-0.00772856
-0.0119563
-0.0115053
-0.0109831
-0.0104197
-0.00984257
-0.00928391
-0.00876509
-0.00828843
-0.0113439
-0.0116721
-0.011864
-0.0118979
-0.0117652
-0.0114756
-0.0110482
-0.0104932
-0.00648159
-0.00652126
-0.0065164
-0.00647577
-0.00640456
-0.00631502
-0.00620166
-0.00610512
-0.00341965
-0.00334207
-0.00328014
-0.00323413
-0.00320096
-0.00317713
-0.00314639
-0.00312354
-0.00191262
-0.00187594
-0.00185455
-0.00184687
-0.00185063
-0.00186083
-0.00187055
-0.00187563
-0.000415875
-0.000401269
-0.000387542
-0.00037795
-0.000375386
-0.000383167
-0.000404107
-0.000441412
-0.23981
-0.18256
-0.143407
-0.111986
-0.0872512
-0.0683002
-0.0527674
-0.0403159
-0.0307761
-0.0228539
-0.0164785
-0.0113387
-0.00712414
-0.00372572
-0.000943359
0.00131679
0.00313559
0.00458952
0.00573157
0.00660853
0.00724929
0.00767579
0.00789654
-0.198211
-0.152405
-0.125944
-0.101074
-0.0808459
-0.0647924
-0.0511989
-0.0401306
-0.0311864
-0.0235682
-0.0173256
-0.0121331
-0.00784632
-0.00432938
-0.00142989
0.000928356
0.00283675
0.00436166
0.00555735
0.00647302
0.00714054
0.00758307
0.00781148
-0.127749
-0.0957398
-0.0849543
-0.0710361
-0.0607147
-0.0516563
-0.0432019
-0.0353908
-0.0283244
-0.0220275
-0.0165281
-0.0117716
-0.0077461
-0.0043449
-0.00151075
0.000822219
0.00272727
0.00425541
0.00545818
0.00638043
0.0070523
0.00749797
0.0077279
-0.0624428
-0.0416958
-0.040903
-0.0361405
-0.0356734
-0.0340647
-0.0314513
-0.0276159
-0.0232589
-0.01878
-0.0144341
-0.0104514
-0.00690558
-0.00381855
-0.00120234
0.000990856
0.00280182
0.00426786
0.00543039
0.00632658
0.00698327
0.00742027
0.00764614
-0.00137574
0.00885788
0.00144286
-0.00361879
-0.0121607
-0.0172306
-0.019629
-0.0192843
-0.0175431
-0.0148354
-0.0117454
-0.00864222
-0.00568429
-0.00301915
-0.000690915
0.00130528
0.00297675
0.00434735
0.00544577
0.00629954
0.00692847
0.00734958
0.00756799
0.0830974
0.0616909
0.0465014
0.0266584
0.00902812
-0.00218457
-0.00890078
-0.0116474
-0.0120471
-0.0108696
-0.00893262
-0.00664105
-0.00428712
-0.00207235
-6.06268e-05
0.00170451
0.00320996
0.00446532
0.00548377
0.0062842
0.00688062
0.00728289
0.0074927
0.107675
0.090129
0.0697193
0.0451127
0.0234282
0.00856185
-0.000639481
-0.00537107
-0.00725263
-0.0072054
-0.00620118
-0.00462824
-0.00286141
-0.00108434
0.000606828
0.00213609
0.00347276
0.00460766
0.00554236
0.00628628
0.0068449
0.00722466
0.00742385
0.0317195
0.045872
0.0466549
0.0356076
0.0221332
0.0113169
0.00355885
-0.00104809
-0.00331173
-0.00395887
-0.0036102
-0.00263991
-0.00139092
-2.23426e-05
0.00134768
0.002631
0.0037868
0.00478896
0.00562809
0.0063049
0.00681976
0.00717286
0.0073593
-0.0671303
-0.0291303
-0.00304876
0.0060335
0.00790806
0.00592545
0.00339338
0.000848016
-0.000627382
-0.00126543
-0.00124622
-0.000732953
7.73123e-05
0.00106796
0.00212966
0.00316756
0.00413872
0.00500132
0.00574001
0.00634584
0.00681116
0.00713274
0.00730341
-0.1347
-0.0742584
-0.0450887
-0.0191701
-0.0066842
-0.00123567
0.00134363
0.00138298
0.00125552
0.000943829
0.00084611
0.00106142
0.00150409
0.00215588
0.00292479
0.0037257
0.00451229
0.00523329
0.00586667
0.00639545
0.00680817
0.00709701
0.00725144
-0.139507
-0.0838393
-0.0517568
-0.026317
-0.0125249
-0.00375333
0.000686483
0.00229638
0.00314899
0.00300302
0.00284496
0.0027887
0.00290843
0.0032423
0.00372173
0.00429161
0.00489464
0.00547208
0.00600087
0.00645521
0.00681643
0.00707145
0.00720862
-0.116893
-0.0776098
-0.0508214
-0.0267863
-0.0132418
-0.00269749
0.00217026
0.00469326
0.00554314
0.00523492
0.00492671
0.00453692
0.00432036
0.00432951
0.00452904
0.00487587
0.00529506
0.00573373
0.00615428
0.00652712
0.00683051
0.00704964
0.00716898
-0.101759
-0.0735392
-0.0518798
-0.0261867
-0.0132705
0.000772926
0.00472116
0.00854566
0.00854862
0.00799543
0.00722003
0.00638559
0.00581861
0.00550278
0.00541491
0.0055259
0.00574313
0.00602876
0.00633306
0.00661973
0.0068627
0.00704075
0.0071388
-0.0809623
-0.0571337
-0.0379231
-0.0144061
-0.00369011
0.00794789
0.0104137
0.0130651
0.0117441
0.0108974
0.0095063
0.00822536
0.00726976
0.00662892
0.00628874
0.00618208
0.006222
0.00635551
0.00654006
0.00673152
0.0069034
0.00703641
0.00711161
-0.0869853
-0.0614297
-0.0319644
-0.00377041
0.0143031
0.02274
0.0233865
0.0211868
0.0169876
0.0142414
0.0117558
0.00996944
0.00865423
0.00771951
0.00714109
0.00682393
0.006687
0.00667408
0.00674079
0.00684283
0.00695163
0.00704023
0.00709169
-0.105017
-0.092101
-0.0551253
-0.0189482
0.0156947
0.0272497
0.0293241
0.0246912
0.0200867
0.0167171
0.0136142
0.0113524
0.00971545
0.00861872
0.00789841
0.00743278
0.00715067
0.00700562
0.00695655
0.00696541
0.00700472
0.00704697
0.00707432
-0.139912
-0.127643
-0.0878088
-0.0406035
0.00903637
0.0216109
0.0246456
0.0225855
0.0194629
0.0168025
0.0142869
0.0122103
0.0105745
0.00941876
0.00857646
0.00798272
0.00757478
0.00731362
0.00716123
0.00708495
0.00705944
0.00705615
0.00705887
-0.142958
-0.128848
-0.0909821
-0.0459068
-0.00623148
0.0109855
0.0167951
0.0174081
0.0164488
0.0150735
0.0135247
0.0121191
0.010961
0.0100049
0.00918539
0.00852834
0.00801675
0.00764235
0.0073831
0.00721809
0.00712149
0.00706911
0.00704568
-0.0935571
-0.0799019
-0.0571719
-0.0361894
-0.018004
-0.00421754
0.00583198
0.0107013
0.0126629
0.013129
0.0126268
0.0119188
0.0111268
0.0103181
0.00956274
0.00889909
0.00834074
0.00789881
0.00756254
0.00732293
0.00716532
0.00707042
0.00702448
-0.0462538
-0.0363547
-0.0285935
-0.0266213
-0.0212319
-0.0102602
0.00114153
0.00782057
0.0110878
0.0125326
0.0122804
0.012122
0.0114202
0.0106732
0.00995023
0.00926675
0.00865918
0.00814236
0.00772693
0.00741865
0.007207
0.00707109
0.00700264
-0.0394542
-0.0277992
-0.0202493
-0.0160864
-0.0143291
-0.00322249
0.00256417
0.0091896
0.0107559
0.0128329
0.0127506
0.0125021
0.0117616
0.0109864
0.01027
0.00957253
0.0089286
0.0083522
0.00786685
0.00749082
0.00722168
0.00704778
0.00695925
-0.0334526
-0.0231726
-0.0153128
-0.00489384
-0.000543363
0.00677878
0.00991631
0.0131542
0.0131313
0.014201
0.013338
0.0127956
0.0118649
0.0111842
0.0105313
0.0098454
0.00915412
0.00850517
0.0079579
0.00753055
0.0072232
0.00701738
0.00691025
-0.0472349
-0.027901
-0.0101981
0.00738943
0.017478
0.0213038
0.0223508
0.0215582
0.0194109
0.0177374
0.0156082
0.0138641
0.0124255
0.0115442
0.0107901
0.0100616
0.00931276
0.00861444
0.00801286
0.00753236
0.00718424
0.00694969
0.00682797
-0.0787307
-0.0588176
-0.0323687
-0.00931955
0.0093349
0.0140187
0.0188166
0.0172026
0.0177132
0.0167709
0.0152927
0.0138433
0.0126508
0.0117991
0.0109829
0.0101499
0.00932156
0.00858466
0.00796505
0.00747372
0.00711123
0.00686163
0.00672931
-0.185797
-0.154021
-0.109511
-0.0616175
-0.0175589
0.00762734
0.0178132
0.0166631
0.016835
0.0156708
0.0146311
0.0134644
0.012514
0.0116638
0.0108529
0.010029
0.0092321
0.00850391
0.00787161
0.00736715
0.00698923
0.00672637
0.00658636
-0.166638
-0.141115
-0.0970118
-0.0455844
-0.00112775
0.0207274
0.0232997
0.0208863
0.0188405
0.0171893
0.015924
0.0145036
0.0130665
0.0117675
0.0106694
0.00971823
0.00891558
0.00822272
0.00763892
0.00716664
0.00680352
0.00654509
0.00640549
-0.0384752
-0.0195636
0.00320501
0.0214063
0.0317694
0.0306957
0.0235146
0.0189451
0.0163661
0.0156466
0.0142371
0.0129789
0.0117418
0.010881
0.0101131
0.00935197
0.00860884
0.0079329
0.00736157
0.00690725
0.00656237
0.00631324
0.00617789
0.0217472
0.0239512
0.0258786
0.0318952
0.0343146
0.0344252
0.0312412
0.0277963
0.023466
0.0200163
0.0167051
0.0140021
0.0118641
0.0105209
0.00956442
0.00880439
0.00809153
0.00749109
0.00697209
0.00656306
0.00624523
0.00601698
0.00589177
-0.0257149
-0.0140175
-0.00270652
0.00756059
0.0144993
0.0161226
0.0144611
0.011089
0.00992486
0.0100454
0.0102825
0.0102673
0.00985116
0.00932189
0.00871605
0.00808082
0.00745847
0.00691991
0.00647874
0.00613361
0.00586814
0.00567027
0.00555887
-0.0409797
-0.0389994
-0.0240404
-0.0142003
-0.00410245
1.56892e-05
0.00151996
0.000469258
0.00127709
0.00261693
0.00421666
0.00557157
0.00640498
0.00684118
0.00686365
0.00669922
0.00642744
0.0061415
0.00586114
0.00561806
0.00541154
0.0052468
0.00515228
-0.0255811
-0.021291
-0.0160112
-0.0108352
-0.00560178
-0.00153701
0.0012295
0.00240278
0.00296968
0.00338858
0.00390523
0.00439005
0.00477239
0.00515009
0.00536888
0.00542002
0.00533688
0.00522758
0.00510548
0.00498907
0.00487394
0.0047627
0.00469579
-0.00816726
-0.00809037
-0.00839762
-0.00886462
-0.0089076
-0.0083298
-0.00705106
-0.00532366
-0.00348826
-0.00179454
-0.000317748
0.0009324
0.00196977
0.00289883
0.00361217
0.00406915
0.00430293
0.00438949
0.00439031
0.00435303
0.00429702
0.0042215
0.00417614
-0.00792054
-0.0074541
-0.00715797
-0.00685373
-0.00631476
-0.00543072
-0.00427179
-0.00305711
-0.00194483
-0.00100151
-0.000133104
0.000656089
0.00132927
0.00194056
0.00243311
0.00284566
0.00316424
0.00339774
0.00353828
0.00362575
0.00365753
0.00362521
0.00360813
-0.00967114
-0.00854829
-0.00722879
-0.00578202
-0.00411822
-0.00291134
-0.0019172
-0.00130117
-0.000754983
-0.000244509
0.000276233
0.000750224
0.00115006
0.00150712
0.00181835
0.0021091
0.00236979
0.00259205
0.00277527
0.00291545
0.00298921
0.00299418
0.00299639
-0.00588464
-0.0055537
-0.00519621
-0.00482629
-0.00441131
-0.00409237
-0.00376415
-0.0034185
-0.00290543
-0.00224712
-0.00151128
-0.000768671
-8.17508e-05
0.000528382
0.00100049
0.00136557
0.0016615
0.00190361
0.0020961
0.00223804
0.00231523
0.00234392
0.00235609
-0.00301434
-0.00280342
-0.00252832
-0.00218994
-0.001799
-0.00147499
-0.00123224
-0.0011061
-0.000943493
-0.000733283
-0.000469819
-0.000138531
0.000168097
0.000501876
0.000774973
0.000993112
0.00115885
0.00130702
0.00142869
0.00154235
0.00162068
0.00166651
0.00169178
-0.00185524
-0.00179861
-0.00169516
-0.00152885
-0.00130137
-0.00104636
-0.000789452
-0.000570871
-0.000354235
-0.000162064
4.30453e-06
0.00013717
0.000218677
0.000342122
0.000475582
0.000627886
0.000749627
0.000838242
0.000897662
0.000949373
0.000984065
0.00100111
0.00101558
-0.000501766
-0.000592953
-0.000706926
-0.00082967
-0.000929862
-0.000977139
-0.000942886
-0.000837658
-0.000666488
-0.000498094
-0.000338058
-0.000209505
-0.000114282
-2.52398e-05
4.62579e-05
0.000128726
0.000203551
0.000263075
0.000306314
0.00034019
0.00035063
0.000346289
0.000346237
-0.170584
-0.140899
-0.113843
-0.0925893
-0.0740061
-0.0589522
-0.046316
-0.0360342
-0.0275534
-0.020514
-0.0147337
-0.0099633
-0.00602507
-0.00277258
-9.87375e-05
0.00207078
0.00383
0.00523526
0.00634193
0.00719232
0.00780851
0.00821242
0.00841662
-0.181797
-0.146995
-0.117044
-0.0939867
-0.0746434
-0.0588733
-0.045892
-0.0354842
-0.0269677
-0.0199651
-0.0142894
-0.00962382
-0.00578663
-0.00262451
-2.83327e-05
0.00208184
0.00380068
0.00517957
0.00627128
0.00711397
0.00772871
0.00813637
0.00834488
-0.193208
-0.153158
-0.119535
-0.095127
-0.0750039
-0.0586495
-0.0454845
-0.0350102
-0.0264393
-0.0194564
-0.0138677
-0.0092784
-0.00553158
-0.00245332
6.71508e-05
0.00211773
0.003794
0.0051426
0.00621538
0.00704671
0.00765678
0.00806487
0.00827562
-0.202144
-0.157646
-0.122701
-0.0978442
-0.0764812
-0.0592377
-0.0457201
-0.0350118
-0.0262245
-0.0191938
-0.0136245
-0.00905064
-0.00535599
-0.00232525
0.000142002
0.00214913
0.00379175
0.00511391
0.00616856
0.00698798
0.00759202
0.00799817
0.00820923
-0.212354
-0.161733
-0.125773
-0.0997304
-0.0770904
-0.0595482
-0.0460011
-0.0351433
-0.0261742
-0.0191483
-0.0135538
-0.00896049
-0.00528268
-0.00226541
0.00017032
0.00215516
0.003777
0.00508122
0.00612253
0.00693249
0.00753113
0.0079347
0.00814521
-0.215813
-0.164082
-0.12982
-0.102235
-0.0783411
-0.060528
-0.0467285
-0.0355214
-0.0263651
-0.0193556
-0.0136725
-0.00904533
-0.00533939
-0.00230544
0.000127706
0.00211754
0.0037352
0.00503422
0.00607032
0.00687606
0.00747224
0.0078742
0.00808417
-0.22335
-0.166757
-0.131951
-0.102914
-0.0791037
-0.061492
-0.0475272
-0.036024
-0.0268907
-0.0198544
-0.0140274
-0.00935023
-0.00556664
-0.00249327
-2.19094e-05
0.00200437
0.00364186
0.00495613
0.00600133
0.00681252
0.00741164
0.00781484
0.0080253
-0.225798
-0.173981
-0.137505
-0.10664
-0.0825218
-0.0643871
-0.0496761
-0.0376234
-0.0284034
-0.0210226
-0.0149566
-0.0101142
-0.00615399
-0.00296014
-0.000368947
0.001748
0.00345195
0.00481753
0.0058972
0.00673133
0.00734463
0.00775516
0.00796853
0.0042312
-0.0232713
-0.0493547
-0.0762752
-0.103899
-0.130247
-0.154751
-0.17711
0.00611772
-0.0242835
-0.0539496
-0.0844683
-0.115415
-0.144914
-0.172105
-0.196217
0.00691101
-0.0282024
-0.0625965
-0.0968089
-0.130423
-0.16211
-0.191091
-0.217028
0.0059723
-0.0341976
-0.0732714
-0.111018
-0.147156
-0.180987
-0.211923
-0.240097
0.00281999
-0.0420581
-0.0855387
-0.126945
-0.165995
-0.202388
-0.235699
-0.266089
-0.00255746
-0.0521211
-0.100091
-0.145549
-0.188046
-0.227365
-0.263133
-0.295574
-0.0102881
-0.0650275
-0.117935
-0.167907
-0.214299
-0.256751
-0.294937
-0.329203
-0.0209979
-0.0817168
-0.140181
-0.195126
-0.245734
-0.291502
-0.332062
-0.367893
-0.0358174
-0.10347
-0.168201
-0.228617
-0.283657
-0.33269
-0.375744
-0.412811
-0.056357
-0.132002
-0.203828
-0.270301
-0.330195
-0.382716
-0.427778
-0.465402
-0.0848465
-0.169669
-0.249611
-0.322841
-0.387863
-0.443956
-0.490467
-0.527568
-0.124426
-0.21964
-0.308765
-0.389772
-0.460358
-0.519436
-0.565949
-0.600554
-0.180137
-0.287157
-0.385709
-0.474183
-0.549628
-0.609606
-0.653612
-0.682252
-0.255489
-0.376159
-0.487086
-0.580551
-0.654586
-0.70925
-0.744221
-0.760073
-0.326469
-0.453853
-0.56345
-0.653272
-0.721664
-0.768026
-0.793393
-0.800321
0.183447
0.175295
0.162924
0.146339
0.125699
0.101239
0.0737763
0.0414816
0.197926
0.188378
0.173882
0.154636
0.131107
0.103182
0.0728203
0.0395696
0.214244
0.203527
0.187281
0.165828
0.139999
0.109593
0.0768442
0.0427607
0.232782
0.221112
0.20336
0.179835
0.151695
0.118862
0.0829469
0.0457759
0.253542
0.240907
0.221555
0.195716
0.164713
0.128795
0.0888368
0.047101
0.27639
0.262605
0.241324
0.212732
0.178156
0.138322
0.093679
0.0466268
0.301233
0.286064
0.262434
0.230585
0.191748
0.147173
0.097299
0.044439
0.328027
0.311246
0.284821
0.249157
0.20539
0.15523
0.099422
0.0401233
0.356694
0.338061
0.308346
0.26821
0.218767
0.16207
0.099342
0.0326975
0.386966
0.366189
0.3326
0.287174
0.231127
0.166763
0.0958664
0.0206949
0.418239
0.394938
0.356759
0.305008
0.241168
0.167767
0.0871952
0.00205617
0.44931
0.422991
0.379338
0.319986
0.246861
0.162762
0.0707065
-0.0261628
0.478145
0.448151
0.397867
0.329261
0.244945
0.148048
0.0423127
-0.0685108
0.500668
0.466367
0.408407
0.328823
0.231146
0.119089
-0.00256736
-0.129255
0.519044
0.480498
0.41532
0.326092
0.215914
0.0891673
-0.0477844
-0.18885
0.0257597
0.0257014
0.0256531
0.0256138
0.0255841
0.0255562
0.0255386
0.0255171
0.0301675
0.0300694
0.0299458
0.0297989
0.0296323
0.0294493
0.0292518
0.0290474
0.0265036
0.0264443
0.026403
0.0263783
0.0263665
0.0263636
0.0263667
0.0263718
0.030415
0.0302936
0.0301435
0.0299688
0.0297737
0.0295636
0.0293462
0.0291313
0.0279808
0.0279062
0.0278571
0.0278295
0.0278204
0.0278229
0.0278341
0.0278483
0.0322666
0.0321145
0.0319297
0.031718
0.0314851
0.0312374
0.0309799
0.0307437
0.0304939
0.0303863
0.0303141
0.0302652
0.0302383
0.0302307
0.0302152
0.0302517
0.0348805
0.0346671
0.03442
0.0341473
0.0338528
0.0335722
0.0332637
0.0330456
0.0342238
0.0340529
0.0339167
0.0338054
0.0337129
0.0336395
0.0335611
0.0335201
0.0386965
0.0384373
0.03814
0.0378209
0.0374696
0.0371458
0.0367651
0.0365425
0.0394339
0.0391421
0.038882
0.0386467
0.0384225
0.0382557
0.0380292
0.0379763
0.0442124
0.0438462
0.0434254
0.0430316
0.0425506
0.0422261
0.041681
0.0415686
0.0467062
0.0462725
0.0458355
0.0454517
0.044973
0.0447126
0.0441843
0.0440549
0.0522802
0.0517351
0.0510328
0.0505424
0.0496483
0.0493864
0.0483413
0.0482589
0.0569444
0.0562574
0.055496
0.0548241
0.0539719
0.0533493
0.0522936
0.0518025
0.0641707
0.0633408
0.0623647
0.0615095
0.0602358
0.059336
0.0575346
0.0567762
0.0714657
0.0702611
0.0688574
0.0674248
0.065621
0.0640387
0.0618336
0.0602591
0.0813625
0.0799135
0.0782377
0.0764782
0.0740327
0.0718737
0.068468
0.0660945
0.0922155
0.0901322
0.0875703
0.0846192
0.0809937
0.0772034
0.0726517
0.0680142
0.106039
0.103494
0.100257
0.0963886
0.0915058
0.0861995
0.0795374
0.0726779
0.121747
0.118114
0.113331
0.107281
0.0999533
0.0912351
0.0817371
0.0699037
0.141123
0.136559
0.130272
0.122066
0.111841
0.099848
0.0853586
0.0698736
0.163319
0.157065
0.147891
0.135635
0.120112
0.101838
0.080757
0.0559733
0.0254926
0.0254698
0.0254642
0.0254766
0.0255104
0.0255597
0.025577
0.0255395
0.0254209
0.0252036
0.0248761
0.0244364
0.023895
0.0232785
0.0226056
0.0219114
0.0212213
0.0205525
0.0199202
0.0193427
0.0188477
0.0184678
0.0182443
0.0287771
0.0284084
0.0279612
0.0274256
0.0267937
0.0261386
0.0255044
0.0249083
0.0243715
0.0239045
0.0235048
0.0231565
0.0228246
0.0225186
0.0220484
0.0215003
0.020898
0.0202768
0.0196697
0.0191064
0.0186208
0.0182494
0.0180302
0.0263863
0.0264088
0.0264474
0.0265048
0.0265332
0.0264501
0.0262528
0.0259463
0.0255196
0.024976
0.0243369
0.0236391
0.0229463
0.0223083
0.0217049
0.0211139
0.0205024
0.0198789
0.0192723
0.0187149
0.0182379
0.0178785
0.01767
0.0288249
0.02841
0.0279134
0.0273529
0.0268361
0.0263636
0.0259263
0.0255082
0.0250954
0.0246684
0.0241979
0.0236264
0.0229322
0.0221671
0.0214316
0.0207265
0.020044
0.019385
0.0187652
0.0182101
0.0177435
0.0173984
0.0172051
0.0278561
0.0278358
0.0278302
0.0277807
0.0276152
0.0273547
0.0269803
0.0264845
0.0258749
0.0251729
0.024423
0.023653
0.0228563
0.0220177
0.0211618
0.0203233
0.0195367
0.0188195
0.0181787
0.0176265
0.0171724
0.0168448
0.0166704
0.0303547
0.0297967
0.0291559
0.0285478
0.0279781
0.0274134
0.0268503
0.0262745
0.0256778
0.0250126
0.0242676
0.0234502
0.0225819
0.0216675
0.020728
0.0198091
0.0189533
0.0181892
0.0175318
0.0169879
0.0165544
0.01625
0.0160972
0.0301863
0.0300538
0.0298872
0.029592
0.0291713
0.0286141
0.0279137
0.0270868
0.026169
0.0251984
0.0241978
0.023181
0.0221591
0.0211397
0.0201359
0.0191727
0.0182843
0.0175008
0.0168423
0.0163155
0.0159112
0.0156344
0.0155036
0.0325695
0.0318559
0.0310827
0.0303399
0.0295734
0.0288176
0.0279949
0.0271083
0.0261303
0.0250545
0.0239019
0.0227137
0.0215361
0.0204083
0.0193509
0.0183741
0.0174976
0.01674
0.016114
0.0156246
0.0152611
0.0150153
0.0149043
0.0333469
0.0329525
0.0324441
0.0317859
0.0309465
0.0299373
0.028777
0.0275131
0.026185
0.0248178
0.0234331
0.0220603
0.0207419
0.019519
0.0184203
0.0174512
0.0166169
0.0159194
0.0153573
0.0149285
0.014622
0.0144143
0.0143215
0.0359194
0.0348649
0.0338155
0.0327088
0.0315547
0.0303137
0.0289705
0.0275164
0.0259708
0.0243748
0.0227771
0.0212361
0.0198032
0.0185178
0.0174036
0.0164641
0.0156939
0.0150778
0.0145982
0.0142432
0.0140051
0.0138414
0.0137679
0.0375446
0.0366281
0.0356108
0.0343991
0.0329482
0.0312965
0.0294962
0.0276014
0.025664
0.0237416
0.0218947
0.0201825
0.018655
0.0173432
0.016255
0.0153857
0.0147167
0.0142137
0.0138382
0.0135692
0.0134039
0.0132878
0.0132378
0.0406281
0.0389591
0.0372817
0.035441
0.0334855
0.031392
0.0291792
0.0269015
0.0246377
0.0224703
0.0204703
0.0186958
0.01718
0.0159356
0.0149522
0.0142131
0.0136883
0.0133289
0.0130781
0.0129076
0.0128171
0.012751
0.0127264
0.0430087
0.0412324
0.0392527
0.0369881
0.0344409
0.0317357
0.028966
0.0262182
0.0235828
0.0211501
0.0189956
0.017168
0.0156809
0.014522
0.0136614
0.0130646
0.012688
0.0124721
0.0123464
0.0122758
0.0122572
0.0122411
0.0122403
0.0463977
0.0437169
0.0408661
0.0378663
0.0347337
0.0314839
0.0281944
0.0250023
0.0220358
0.0194041
0.0171764
0.0153818
0.014003
0.0129984
0.0123153
0.0118972
0.011688
0.0116239
0.0116318
0.0116685
0.0117255
0.0117644
0.011789
0.0497178
0.0464112
0.0427084
0.0386565
0.0344488
0.0302904
0.0263406
0.0227356
0.0195841
0.0169414
0.014824
0.0132165
0.0120709
0.0113216
0.0108901
0.0106986
0.0106817
0.0107812
0.0109316
0.0110829
0.0112215
0.0113228
0.0113763
0.0531746
0.0483224
0.043367
0.0383441
0.0333014
0.0284072
0.0239191
0.0200066
0.0167594
0.0141972
0.0122868
0.0109555
0.0101129
0.00966388
0.00950921
0.00955693
0.00973314
0.00998723
0.0102704
0.0105299
0.010748
0.0109131
0.0109966
0.0562236
0.0502157
0.0438638
0.0374399
0.0313015
0.0256905
0.0208164
0.0167652
0.0135695
0.0112077
0.00959703
0.00861709
0.00813481
0.00802284
0.00816553
0.00846233
0.00883477
0.00923992
0.009647
0.0100077
0.0103017
0.0105288
0.0106417
0.0592925
0.050707
0.0424817
0.0346855
0.0275795
0.021472
0.0164993
0.0126294
0.0097876
0.00786564
0.00672109
0.00619704
0.00613579
0.00639481
0.006853
0.00740826
0.00798326
0.00854206
0.0090673
0.00952204
0.00988678
0.0101691
0.0103087
0.0600604
0.0498095
0.0397848
0.0306309
0.022738
0.0163371
0.0114051
0.00784655
0.00551408
0.004193
0.00365461
0.00368886
0.00411178
0.00477592
0.00556721
0.00639103
0.00717781
0.0078969
0.0085393
0.00908314
0.00951359
0.0098415
0.0100044
0.0603252
0.0457813
0.0338518
0.0238607
0.0158182
0.00970635
0.005307
0.00242645
0.000851279
0.00029928
0.000483757
0.00115469
0.00210957
0.00320378
0.00433762
0.00543203
0.00643199
0.00731207
0.00806984
0.00869855
0.00918995
0.00955632
0.00974025
0.0547324
0.0387988
0.0258188
0.0153545
0.00754616
0.00205621
-0.0014878
-0.00338858
-0.00399396
-0.00365749
-0.00268944
-0.00135117
0.000152373
0.00168343
0.00316003
0.00452194
0.00573209
0.00677195
0.00764609
0.0083601
0.00891138
0.00931568
0.00952223
0.0453526
0.0264381
0.0136305
0.0038851
-0.00287374
-0.00718635
-0.00942033
-0.00997208
-0.00932351
-0.007898
-0.00602591
-0.00395429
-0.00186484
0.000125397
0.0019601
0.00359905
0.00502574
0.00623336
0.00723357
0.00804146
0.0086594
0.00910946
0.00934449
0.0242686
0.00996353
-0.0018028
-0.0101143
-0.0153304
-0.0180128
-0.0185365
-0.0174508
-0.0153373
-0.0126602
-0.0097619
-0.00686798
-0.004126
-0.00162383
0.000612765
0.00256509
0.00423885
0.00564023
0.00678995
0.007711
0.00841048
0.00892043
0.00919229
0.000717794
-0.00830701
-0.0172188
-0.0238345
-0.0276124
-0.0286577
-0.0274842
-0.0247959
-0.0212484
-0.0173431
-0.0134276
-0.00971175
-0.00631309
-0.00329403
-0.000654785
0.00161321
0.0035316
0.00512158
0.00641481
0.0074423
0.00821646
0.0087758
0.00907757
-0.0249502
-0.0315893
-0.0358502
-0.0387307
-0.0393041
-0.0375317
-0.0340846
-0.0296632
-0.0248262
-0.0199702
-0.015355
-0.0111245
-0.00734635
-0.00404668
-0.00120174
0.00121856
0.00324677
0.00491523
0.00626391
0.00732845
0.00812439
0.00868819
0.00899269
-0.0502725
-0.0573821
-0.0565961
-0.0537675
-0.049272
-0.0437035
-0.037628
-0.0314945
-0.0256094
-0.0201531
-0.0152213
-0.0108474
-0.00702844
-0.00374134
-0.000934662
0.00143532
0.00340875
0.00502405
0.00632486
0.00734739
0.00810663
0.00862966
0.00890973
-0.0732039
-0.0771513
-0.0714499
-0.0648983
-0.0566555
-0.048205
-0.0400838
-0.0325799
-0.025835
-0.0198803
-0.014698
-0.0102356
-0.00642044
-0.00318393
-0.000456046
0.00182118
0.00370039
0.00522742
0.00644974
0.00740523
0.00810801
0.00857797
0.00882492
-0.0961291
-0.0930826
-0.0816624
-0.0722858
-0.0617226
-0.0516647
-0.0423081
-0.0338859
-0.0264838
-0.0200799
-0.014612
-0.00999042
-0.00610302
-0.00284566
-0.000137266
0.00209238
0.00391176
0.00537593
0.00653736
0.0074378
0.00809268
0.00851961
0.00873852
-0.118113
-0.107907
-0.0915033
-0.079099
-0.066148
-0.0546635
-0.0442963
-0.035185
-0.0273047
-0.02056
-0.0148558
-0.0100781
-0.00609633
-0.00278405
-4.94035e-05
0.00217923
0.00398179
0.00542005
0.0065512
0.00742109
0.00804804
0.00845081
0.00865313
-0.138718
-0.121501
-0.100674
-0.0849969
-0.0696507
-0.0568644
-0.0456359
-0.0360216
-0.0278396
-0.0208983
-0.0150692
-0.0102089
-0.00617565
-0.00283388
-8.15459e-05
0.00215109
0.00395121
0.00538214
0.00650296
0.00736113
0.00797766
0.00837332
0.00857043
-0.156093
-0.132461
-0.108385
-0.089859
-0.0725331
-0.0584609
-0.0463755
-0.0363173
-0.0279176
-0.0208791
-0.0150326
-0.0101838
-0.00617051
-0.00285073
-0.000118159
0.00209661
0.00388522
0.00530836
0.00642418
0.00727868
0.00789414
0.00829252
0.00849176
)
;

boundaryField
{
    outlet
    {
        type            fixedValue;
        value           uniform 0;
    }
    upperWall
    {
        type            symmetryPlane;
    }
    lowerWall
    {
        type            symmetryPlane;
    }
    inlet
    {
        type            zeroGradient;
    }
    cylinder
    {
        type            zeroGradient;
    }
    frontAndBack
    {
        type            empty;
    }
}


// ************************************************************************* //
