/*--------------------------------*- C++ -*----------------------------------*\
| =========                 |                                                 |
| \\      /  F ield         | OpenFOAM: The Open Source CFD Toolbox           |
|  \\    /   O peration     | Version:  2312                                  |
|   \\  /    A nd           | Website:  www.openfoam.com                      |
|    \\/     M anipulation  |                                                 |
\*---------------------------------------------------------------------------*/
FoamFile
{
    version     2.0;
    format      ascii;
    arch        "LSB;label=32;scalar=64";
    class       volScalarField;
    location    "84.1";
    object      p;
}
// * * * * * * * * * * * * * * * * * * * * * * * * * * * * * * * * * * * * * //

dimensions      [0 2 -2 0 0 0 0];

internalField   nonuniform List<scalar> 
5478
(
-0.527839
-0.524059
-0.516322
-0.508539
-0.502636
-0.499107
-0.495958
-0.490079
-0.478454
-0.459565
-0.433799
-0.40252
-0.368226
-0.328764
-0.286656
-0.541023
-0.536499
-0.529473
-0.521077
-0.511652
-0.500335
-0.486332
-0.46886
-0.447537
-0.422625
-0.394689
-0.364578
-0.332491
-0.298908
-0.266508
-0.559878
-0.553601
-0.545211
-0.534231
-0.518483
-0.497952
-0.474159
-0.44841
-0.42143
-0.393494
-0.364819
-0.335489
-0.305921
-0.276185
-0.246347
-0.584075
-0.574598
-0.563474
-0.546791
-0.522186
-0.492498
-0.461131
-0.429892
-0.399343
-0.369575
-0.340441
-0.311985
-0.284139
-0.257047
-0.231494
-0.61422
-0.599325
-0.583864
-0.557897
-0.522847
-0.484884
-0.44773
-0.412645
-0.379794
-0.348893
-0.319682
-0.291865
-0.265265
-0.240025
-0.215432
-0.649727
-0.627846
-0.603487
-0.565222
-0.519754
-0.47477
-0.433125
-0.395242
-0.360722
-0.329086
-0.299846
-0.27266
-0.2473
-0.223501
-0.200762
-0.683787
-0.656794
-0.618173
-0.566001
-0.511229
-0.460511
-0.41534
-0.375346
-0.339745
-0.307785
-0.278868
-0.252517
-0.228374
-0.206153
-0.184923
-0.710029
-0.678717
-0.623313
-0.557763
-0.495179
-0.439943
-0.392253
-0.350954
-0.314883
-0.283131
-0.254932
-0.229737
-0.20716
-0.186678
-0.167821
-0.49371
-0.493299
-0.496586
-0.506785
-0.523926
-0.547676
-0.577201
-0.61063
-0.644925
-0.676059
-0.699838
-0.710421
-0.702052
-0.673813
-0.621901
-0.515579
-0.51327
-0.516852
-0.528122
-0.547184
-0.573661
-0.606657
-0.644215
-0.683185
-0.71932
-0.747677
-0.762568
-0.755854
-0.724523
-0.66055
-0.528799
-0.524157
-0.526281
-0.535977
-0.55351
-0.578536
-0.610096
-0.646228
-0.684009
-0.719437
-0.747269
-0.761854
-0.753333
-0.718037
-0.646568
-0.533259
-0.526518
-0.525638
-0.531161
-0.544008
-0.564206
-0.59086
-0.62217
-0.655561
-0.687213
-0.712151
-0.72351
-0.710508
-0.670383
-0.597183
-0.531207
-0.52348
-0.51906
-0.518913
-0.525288
-0.539139
-0.55998
-0.58622
-0.615218
-0.642943
-0.66138
-0.664205
-0.642314
-0.595335
-0.523506
-0.526241
-0.518995
-0.511755
-0.506403
-0.506733
-0.514868
-0.53107
-0.553463
-0.577443
-0.596942
-0.604428
-0.595043
-0.563054
-0.514199
-0.448852
-0.521912
-0.516089
-0.507375
-0.498937
-0.495589
-0.500168
-0.51251
-0.528907
-0.543762
-0.55048
-0.544088
-0.521938
-0.484456
-0.439046
-0.385838
-0.521521
-0.517235
-0.508405
-0.499543
-0.495041
-0.496566
-0.502825
-0.509457
-0.511317
-0.503639
-0.484885
-0.454732
-0.41742
-0.375829
-0.332077
-0.513848
-0.375095
-0.2953
-0.28939
-0.29018
-0.232656
-0.165972
-0.136186
-0.128722
-0.141835
-0.156091
-0.147122
-0.13861
-0.13461
-0.115998
-0.0880942
-0.0864629
-0.109022
-0.12049
-0.109431
-0.102952
-0.129481
-0.129144
-0.109594
-0.108811
-0.126409
-0.0975155
-0.079168
-0.0560062
-0.00876714
-6.63771e-05
-0.00671173
-0.0156965
-0.000276978
0.017946
0.0246503
0.0101242
-0.0036849
-0.533783
-0.36688
-0.24773
-0.205352
-0.185113
-0.160363
-0.132682
-0.130841
-0.138981
-0.168366
-0.197992
-0.177357
-0.149201
-0.137089
-0.119665
-0.0937577
-0.093322
-0.115551
-0.124653
-0.107626
-0.0903036
-0.113171
-0.117498
-0.107834
-0.123722
-0.142636
-0.099189
-0.0716622
-0.0543242
-0.01258
-0.00397549
-0.00862546
-0.0170071
-0.00110334
0.0178384
0.0248579
0.00905467
-0.0046083
-0.514078
-0.34353
-0.208054
-0.141442
-0.093472
-0.0765668
-0.0934426
-0.122201
-0.146816
-0.190407
-0.233996
-0.206877
-0.158636
-0.137805
-0.121527
-0.0990607
-0.099886
-0.121468
-0.127368
-0.104078
-0.0777665
-0.0968383
-0.105165
-0.103052
-0.135497
-0.155014
-0.0995194
-0.0635175
-0.0515148
-0.0163452
-0.00787546
-0.0105009
-0.0181443
-0.00206044
0.0175061
0.0250067
0.0080663
-0.00542408
-0.466586
-0.322212
-0.191266
-0.113099
-0.0566727
-0.0156082
-0.0566166
-0.105901
-0.142007
-0.197715
-0.252172
-0.227553
-0.165796
-0.136379
-0.119739
-0.102768
-0.105235
-0.126916
-0.129689
-0.100244
-0.0665964
-0.0812865
-0.0924852
-0.0954445
-0.143398
-0.163037
-0.0995295
-0.0556313
-0.0477453
-0.0198425
-0.0114849
-0.0123074
-0.0191138
-0.00310877
0.0169728
0.0251027
0.00717084
-0.00612054
-0.40428
-0.296768
-0.185422
-0.10943
-0.0555843
-0.0102403
-0.0389181
-0.0985812
-0.128945
-0.181678
-0.248056
-0.23711
-0.1706
-0.133966
-0.11522
-0.103998
-0.109037
-0.131523
-0.131119
-0.0961818
-0.056959
-0.0670113
-0.079999
-0.0856939
-0.147041
-0.166423
-0.0990836
-0.0485065
-0.043184
-0.0229545
-0.0145467
-0.0140319
-0.0199345
-0.00423615
0.0162586
0.0251388
0.00635918
-0.00670183
-0.34901
-0.270721
-0.184149
-0.11438
-0.0636185
-0.0218989
-0.027444
-0.0943203
-0.111011
-0.149217
-0.223701
-0.223803
-0.167062
-0.12854
-0.108151
-0.101455
-0.110296
-0.134567
-0.133034
-0.0937251
-0.0493809
-0.054536
-0.06775
-0.0739762
-0.146111
-0.165505
-0.0987274
-0.0430741
-0.0382143
-0.0256644
-0.0169045
-0.0156638
-0.0206109
-0.00537443
0.0153859
0.0250975
0.00562862
-0.00717855
-0.312842
-0.253596
-0.178235
-0.113024
-0.0661305
-0.0286361
-0.0224985
-0.0760675
-0.0844416
-0.117904
-0.194532
-0.212128
-0.164575
-0.124886
-0.101057
-0.0943288
-0.109321
-0.135751
-0.132209
-0.0896561
-0.0433946
-0.0446226
-0.0561492
-0.0596415
-0.140942
-0.160725
-0.0969501
-0.0401288
-0.0325166
-0.02795
-0.0184592
-0.017143
-0.0212338
-0.00659737
0.0143631
0.0250005
0.00496387
-0.00757486
-0.28895
-0.248501
-0.185385
-0.125734
-0.0787168
-0.0378517
-0.0232146
-0.0443583
-0.0537447
-0.0837496
-0.156475
-0.176352
-0.14881
-0.118775
-0.0927095
-0.0834937
-0.104793
-0.133969
-0.13398
-0.0885955
-0.0395741
-0.036435
-0.0450227
-0.0450843
-0.131631
-0.156189
-0.095288
-0.0394488
-0.0271907
-0.0293273
-0.019279
-0.0184794
-0.021738
-0.00774731
0.013157
0.0247937
0.00438808
-0.00790045
-0.252571
-0.226798
-0.166064
-0.10649
-0.0578402
-0.015996
0.0254401
0.0480851
0.0159177
-0.0459117
-0.131241
-0.157277
-0.125816
-0.0988172
-0.0765481
-0.0715429
-0.097316
-0.122347
-0.125042
-0.0819368
-0.0356239
-0.0303599
-0.0381074
-0.0370936
-0.117272
-0.143279
-0.0905472
-0.0411871
-0.0261023
-0.0301951
-0.01879
-0.0197922
-0.0227759
-0.00906932
0.0120604
0.0245996
0.00374082
-0.00826741
-0.187039
-0.169437
-0.121766
-0.0742318
-0.0336774
0.00448327
0.056816
0.0801983
0.0524673
-0.0103845
-0.0813363
-0.0986918
-0.0836116
-0.0698507
-0.0524099
-0.0498048
-0.0865128
-0.118828
-0.115953
-0.0680993
-0.0217063
-0.017989
-0.0253214
-0.0208373
-0.0952248
-0.138703
-0.081624
-0.0357743
-0.0274261
-0.0300987
-0.0202271
-0.02176
-0.0238909
-0.010431
0.0107865
0.0237638
0.00278571
-0.00860622
-0.144207
-0.135794
-0.102905
-0.0630833
-0.0254303
0.0104473
0.0598756
0.0833522
0.0632508
0.0160535
-0.032058
-0.0512322
-0.0516048
-0.0474364
-0.0320634
-0.0255604
-0.0560319
-0.0878166
-0.0892252
-0.044226
-0.00689095
-0.00614285
-0.014734
-0.00429906
-0.0652889
-0.105973
-0.0610841
-0.0301555
-0.0312413
-0.030295
-0.0203322
-0.0231939
-0.0247271
-0.0119558
0.00919938
0.0225104
0.00179551
-0.00872692
-0.108615
-0.103628
-0.0787443
-0.0464954
-0.0151662
0.0143941
0.0486412
0.0690095
0.0596921
0.0281087
-0.00423792
-0.0178824
-0.0224859
-0.0216436
-0.00761736
-0.00133592
-0.020525
-0.0431208
-0.0538769
-0.025091
-0.000411892
0.00411125
-0.00312975
0.0128012
-0.0328093
-0.0687968
-0.033244
-0.0251976
-0.0334843
-0.0294424
-0.0200103
-0.0244102
-0.0255002
-0.0134391
0.00739879
0.0207739
0.000978452
-0.00850312
-0.0803381
-0.0778438
-0.0610936
-0.0375559
-0.0135495
0.00897078
0.0322283
0.0494262
0.0469043
0.0290984
0.00996956
-0.000157733
-0.0051901
-0.00748678
0.00572494
0.0167214
0.0181689
0.0156981
-0.0169689
-0.0140484
-0.000530922
-0.0159272
0.00180703
0.0238025
-0.00111783
-0.0165496
-0.000490146
-0.016226
-0.0311792
-0.0270353
-0.0185721
-0.0249732
-0.0261613
-0.0149869
0.00544872
0.0185952
0.00047379
-0.00785116
-0.0590305
-0.0579201
-0.04672
-0.0298193
-0.0116784
0.00515
0.0213872
0.0332773
0.0346319
0.0262959
0.0153498
0.0103514
0.0078579
0.00771396
0.0191832
0.0278153
0.034367
0.0367001
0.00621777
-0.00585699
0.00294518
0.000494144
0.00913576
0.0275203
0.0127723
0.0042339
0.0237208
-0.00373394
-0.0212822
-0.0216598
-0.0177979
-0.024709
-0.0258533
-0.0158542
0.00360851
0.0159979
0.000366233
-0.0066677
-0.0419559
-0.041762
-0.034672
-0.0231481
-0.0102324
0.00182744
0.012875
0.0217129
0.0247913
0.0225828
0.0175138
0.0151135
0.0144857
0.0134712
0.0226157
0.0311967
0.0371887
0.0398057
0.0195161
0.00513697
0.00846587
0.00483403
0.0135483
0.028003
0.0156344
0.0156715
0.0330024
0.0076766
-0.00652367
-0.0118692
-0.0151455
-0.0220837
-0.0241217
-0.0157407
0.00232296
0.0131473
0.000743835
-0.00491073
-0.0284112
-0.0290715
-0.024869
-0.0171936
-0.00818506
0.000413447
0.00815572
0.0146809
0.0182191
0.0189754
0.0173744
0.0169438
0.0179989
0.0188358
0.0255396
0.0319748
0.0343815
0.0359644
0.0256468
0.0142354
0.0135537
0.0137713
0.0187719
0.02711
0.0158489
0.0147747
0.0290111
0.0157871
0.00596311
0.00120901
-0.00308483
-0.0139436
-0.0211517
-0.0139419
0.00212997
0.0106193
0.00184604
-0.00274379
-0.0184216
-0.0192431
-0.0166727
-0.0116251
-0.0055112
0.000496529
0.00605641
0.0109078
0.0142288
0.0162127
0.0167155
0.0175224
0.0191048
0.0200251
0.0241205
0.0291038
0.0308979
0.0310997
0.0266493
0.0198251
0.0173379
0.0158464
0.0206633
0.0256447
0.0185251
0.017418
0.0252935
0.0200543
0.0140108
0.0131232
0.0118404
-0.000294056
-0.0145896
-0.0087323
0.00360565
0.00859503
0.00349531
-0.000320595
-0.0101972
-0.011165
-0.00975733
-0.00655477
-0.00246339
0.00175344
0.00574668
0.00933023
0.0121773
0.0143981
0.0157943
0.017031
0.0187288
0.0203655
0.0233666
0.0266452
0.0279242
0.0276739
0.0254188
0.0218611
0.019804
0.0180457
0.0216591
0.024855
0.0203081
0.0183202
0.0227258
0.0214092
0.0184489
0.0201643
0.019725
0.0119878
-0.00376614
-0.000463719
0.00642888
0.00768597
0.00533242
0.00170616
-0.00365046
-0.00467792
-0.00402797
-0.00198885
0.000770801
0.00365433
0.00645641
0.0091002
0.0114298
0.0134522
0.0150523
0.0165261
0.018227
0.0198185
0.0218033
0.0238638
0.0249975
0.0250544
0.0237857
0.0220685
0.0208851
0.0192143
0.0210555
0.0235862
0.0210903
0.0191067
0.021302
0.0212895
0.0200552
0.0221341
0.0217924
0.0184672
0.00539102
0.00602049
0.00911506
0.00841368
0.00711971
0.0026695
0.00145233
0.00051862
0.000770434
0.00202198
0.00382612
0.00579021
0.00776301
0.00969432
0.0114986
0.0131684
0.0146298
0.0160174
0.0174762
0.0189153
0.0204428
0.0218733
0.0228569
0.0231448
0.0224459
0.0215376
0.0211201
0.0200465
0.020678
0.0223766
0.0212358
0.0195998
0.0203827
0.0206779
0.020442
0.0219311
0.021857
0.019741
0.0106336
0.00944242
0.0103897
0.00908697
0.0081289
0.0028703
0.00554953
0.00473581
0.00474303
0.00547944
0.00665002
0.00797614
0.00933782
0.0106968
0.0120408
0.013342
0.0145377
0.0156972
0.0169077
0.018108
0.0192785
0.0202858
0.0210406
0.0214645
0.0212745
0.0208371
0.0206878
0.020166
0.0201451
0.0210278
0.0207558
0.0197068
0.019646
0.0197917
0.0198346
0.0207059
0.0206401
0.0187748
0.0125109
0.0106526
0.0102985
0.00901031
0.00785758
0.00277384
0.00881039
0.00811936
0.00801098
0.00843142
0.00917279
0.0100353
0.0109342
0.0118664
0.012832
0.013798
0.0147157
0.0156144
0.016547
0.0174833
0.0183801
0.0191482
0.0197647
0.0201858
0.0202595
0.0201246
0.0200855
0.0199392
0.0198134
0.0200783
0.0200607
0.0194731
0.0190771
0.0189528
0.0190719
0.0194039
0.0190328
0.017285
0.0130007
0.0109008
0.00989179
0.00837885
0.00677049
0.00249962
0.0114099
0.0108512
0.010691
0.0109005
0.0113413
0.0118787
0.0124518
0.0130635
0.0137215
0.0143968
0.0150567
0.0157049
0.0163916
0.0170842
0.0177591
0.0183333
0.0188199
0.019207
0.0193838
0.0194228
0.0194154
0.0193857
0.0192433
0.0192722
0.0192579
0.0189286
0.0184999
0.0181385
0.0180317
0.0180375
0.0175066
0.0158013
0.0127162
0.0105859
0.00929255
0.00759014
0.00563521
0.00213545
0.0134918
0.01304
0.0128574
0.0129331
0.0131739
0.0134851
0.0138244
0.0141965
0.0146163
0.0150575
0.0155012
0.0159391
0.0164139
0.0169019
0.0173819
0.0178006
0.0181642
0.0184823
0.0186647
0.0187649
0.0187846
0.0187943
0.018713
0.0186228
0.0185182
0.0182637
0.0178798
0.0173935
0.017114
0.0168497
0.0161324
0.0145357
0.012227
0.0102374
0.00877745
0.00691674
0.0047325
0.00180771
0.0151321
0.014775
0.014595
0.0145876
0.0146905
0.0148409
0.0150132
0.0152133
0.0154561
0.0157179
0.0159878
0.0162543
0.0165549
0.0168724
0.0171893
0.0174707
0.0177193
0.0179508
0.0180953
0.018189
0.0182087
0.0182109
0.018124
0.0179961
0.017831
0.0175685
0.0172128
0.0166868
0.0162266
0.0157592
0.0149346
0.0134968
0.0116757
0.0098705
0.00828955
0.00637434
0.00410028
0.00152789
0.0164198
0.0161387
0.0159679
0.0159066
0.0159164
0.015956
0.0160131
0.0160906
0.0162039
0.0163308
0.016467
0.0166022
0.0167646
0.0169452
0.017126
0.0172908
0.0174332
0.0175738
0.0176565
0.0177082
0.0176978
0.0176684
0.0175621
0.0174066
0.0172049
0.0169041
0.0165418
0.016012
0.0154487
0.0148553
0.0139706
0.0126004
0.0111121
0.00950327
0.00787052
0.00594824
0.00371894
0.00136403
0.0174151
0.0171902
0.0170314
0.0169375
0.0168868
0.0168512
0.016829
0.0168198
0.0168401
0.0168693
0.016907
0.0169435
0.0169983
0.0170717
0.0171422
0.0172122
0.0172596
0.0173146
0.0173276
0.017322
0.017271
0.0171936
0.0170604
0.016871
0.0166429
0.0163144
0.0159277
0.0153993
0.0147778
0.0141221
0.0132267
0.0120271
0.0107291
0.00923151
0.00754733
0.00567567
0.00347864
0.00123368
0.0181635
0.0179774
0.01783
0.017716
0.0176276
0.0175427
0.0174677
0.0173999
0.0173539
0.0173152
0.0172802
0.0172476
0.0172206
0.0172145
0.0171984
0.0171935
0.0171624
0.0171452
0.0170928
0.0170268
0.0169332
0.0167973
0.0166409
0.0164015
0.016148
0.0157901
0.015374
0.0148658
0.0142184
0.0135319
0.0126742
0.0115754
0.0103775
0.00893029
0.00725691
0.00546091
0.00330825
0.00114092
0.0187043
0.018545
0.0184039
0.0182784
0.0181648
0.0180521
0.0179431
0.0178391
0.0177459
0.0176602
0.0175751
0.0174933
0.0174121
0.017342
0.017266
0.0171957
0.017111
0.0170299
0.0169254
0.0168062
0.0166669
0.0164886
0.0162928
0.0160256
0.0157294
0.0153565
0.0149056
0.0143807
0.0137329
0.0130047
0.0121518
0.0110777
0.00990888
0.00850206
0.00689888
0.00515866
0.00314191
0.00107192
0.0190592
0.0189164
0.0187789
0.0186472
0.0185191
0.0183906
0.0182624
0.0181361
0.0180144
0.0178973
0.0177812
0.0176678
0.0175521
0.0174413
0.0173247
0.0172113
0.0170882
0.0169624
0.016821
0.0166607
0.0164842
0.0162736
0.0160401
0.0157519
0.0154237
0.0150298
0.0145642
0.0140246
0.0133774
0.0126253
0.0117624
0.0107241
0.00955953
0.00820343
0.00665402
0.00495751
0.0030516
0.00104202
0.0192406
0.0191055
0.0189695
0.0188345
0.0186998
0.0185646
0.018428
0.0182917
0.0181556
0.0180228
0.0178904
0.0177612
0.0176285
0.0174969
0.017359
0.0172214
0.0170769
0.016927
0.0167648
0.0165825
0.016385
0.0161553
0.0159025
0.0156005
0.0152548
0.0148487
0.0143732
0.0138205
0.0131706
0.0124112
0.0115445
0.0105208
0.00936032
0.0080245
0.0065042
0.00484249
0.00299872
0.00102324
-0.144163
-0.156164
-0.169323
-0.180239
-0.194735
-0.203073
-0.217393
-0.226919
-0.117805
-0.12507
-0.133189
-0.140243
-0.147674
-0.151946
-0.158519
-0.16876
-0.0933902
-0.0976974
-0.101659
-0.105895
-0.110307
-0.115902
-0.121732
-0.130808
-0.0737076
-0.0758838
-0.0779611
-0.0816065
-0.085403
-0.0897922
-0.0932741
-0.0990964
-0.0566123
-0.0578924
-0.0591706
-0.0616489
-0.0636993
-0.0659395
-0.0681026
-0.0727419
-0.0426352
-0.0430776
-0.0434947
-0.044707
-0.0458189
-0.0474687
-0.0494468
-0.053288
-0.0307822
-0.0307188
-0.0307095
-0.031399
-0.032256
-0.0335255
-0.0349712
-0.0377526
-0.0210549
-0.0207679
-0.0205688
-0.0209077
-0.0214457
-0.0222281
-0.0231795
-0.0251475
-0.0130257
-0.012636
-0.0123104
-0.012355
-0.0126052
-0.0130774
-0.0138801
-0.0156288
-0.00635424
-0.00594545
-0.00557683
-0.00548323
-0.00563142
-0.00603296
-0.00675443
-0.00811467
-0.000884175
-0.0005435
-0.000227569
-0.000112185
-0.000199356
-0.000474092
-0.000975996
-0.00199672
0.00359055
0.00384706
0.00410764
0.00424511
0.0042298
0.00405117
0.0036473
0.00279751
0.00726083
0.00743501
0.00762753
0.00774119
0.00773225
0.00758549
0.00725722
0.00659383
0.0102444
0.0103381
0.0104561
0.0105297
0.0105193
0.0104074
0.010151
0.00963198
0.0126654
0.012691
0.0127434
0.0127751
0.0127501
0.0126494
0.012439
0.0120383
0.0145999
0.0145716
0.0145691
0.014562
0.0145224
0.0144348
0.0142701
0.013969
0.0161356
0.016072
0.0160326
0.0159983
0.0159466
0.0158633
0.0157249
0.0154937
0.017346
0.0172588
0.0171929
0.017136
0.0170705
0.0169863
0.0168672
0.0166908
0.018282
0.0181799
0.018097
0.0180251
0.0179508
0.0178664
0.0177611
0.0176223
0.0189903
0.0188792
0.0187857
0.0187041
0.018624
0.0185386
0.0184421
0.0183271
0.0194971
0.0193828
0.019284
0.0191969
0.0191137
0.019029
0.0189386
0.0188396
0.0198283
0.019715
0.0196144
0.0195246
0.0194396
0.0193556
0.0192687
0.0191786
0.0199946
0.0198841
0.0197832
0.0196919
0.0196062
0.0195227
0.0194382
0.0193522
0.0271109
0.0295394
0.0309854
0.0306961
0.0281555
0.023363
0.0162022
0.00604939
-0.00822975
-0.0282518
-0.0562388
-0.0952925
-0.150481
-0.225386
-0.295077
0.00079103
0.000461814
-0.00263574
-0.00779694
-0.0148632
-0.0241575
-0.0362998
-0.0522183
-0.0731871
-0.100923
-0.137777
-0.186814
-0.253163
-0.341489
-0.416807
-0.0240207
-0.027859
-0.0355871
-0.0452816
-0.0565528
-0.0700982
-0.0869155
-0.108116
-0.135057
-0.169547
-0.214139
-0.272
-0.346879
-0.447073
-0.520139
-0.0496307
-0.0569637
-0.0682677
-0.0813538
-0.0961031
-0.113469
-0.134527
-0.160393
-0.192475
-0.23263
-0.283457
-0.348784
-0.430595
-0.533902
-0.603336
-0.0762191
-0.0866641
-0.100439
-0.115848
-0.133286
-0.153849
-0.178494
-0.2082
-0.244381
-0.288985
-0.344261
-0.414525
-0.500718
-0.601386
-0.664916
-0.101751
-0.115167
-0.130866
-0.148145
-0.167863
-0.191055
-0.218521
-0.251075
-0.29018
-0.337741
-0.396178
-0.46848
-0.554842
-0.649464
-0.704497
-0.125709
-0.141568
-0.158756
-0.177725
-0.199492
-0.224789
-0.254308
-0.288933
-0.329901
-0.378941
-0.438258
-0.509797
-0.592818
-0.677771
-0.723394
-0.147937
-0.165094
-0.183822
-0.204687
-0.228315
-0.255276
-0.286211
-0.321966
-0.363646
-0.41269
-0.470857
-0.539185
-0.615395
-0.68706
-0.724372
0.196531
0.211008
0.227292
0.245775
0.266465
0.289223
0.313948
0.340597
0.369088
0.399152
0.430186
0.460992
0.489538
0.51179
0.529949
0.189486
0.202663
0.217833
0.235408
0.255182
0.276833
0.300203
0.325253
0.35189
0.379795
0.408269
0.435993
0.460768
0.478594
0.492396
0.17826
0.189393
0.202871
0.218996
0.237233
0.257016
0.278084
0.300362
0.323714
0.347734
0.371592
0.3938
0.411877
0.421931
0.428454
0.162846
0.171401
0.182725
0.196819
0.212787
0.229875
0.247752
0.266281
0.285214
0.303981
0.321531
0.336135
0.344934
0.34395
0.340807
0.143371
0.149124
0.15824
0.170121
0.183304
0.196872
0.210531
0.224179
0.237499
0.249729
0.259552
0.264928
0.262582
0.24827
0.232647
0.120124
0.12246
0.12917
0.138743
0.148966
0.158726
0.167736
0.175879
0.182738
0.187382
0.188258
0.183033
0.167998
0.138649
0.10849
0.093803
0.0933916
0.0978126
0.104299
0.110577
0.115779
0.119699
0.122051
0.122132
0.118746
0.110092
0.0935413
0.0649993
0.0199423
-0.0252074
0.0628365
0.0615534
0.0652493
0.0687582
0.0705724
0.0705621
0.0687983
0.0648642
0.0577745
0.0460584
0.0276531
-0.000380148
-0.042606
-0.103225
-0.162272
0.0377058
0.0422
0.0384626
0.0424501
0.0400022
0.0443111
0.042581
0.0469909
0.0463769
0.050889
0.0516572
0.0564849
0.0590544
0.0646821
0.0693508
0.0766378
0.0839829
0.0939261
0.104944
0.118858
0.134651
0.154109
0.176371
0.0376596
0.0421188
0.0384171
0.042346
0.0399471
0.0441822
0.0425002
0.0468219
0.046247
0.0506917
0.0514329
0.0561745
0.0587393
0.0642563
0.0688108
0.0760244
0.0830366
0.092823
0.103254
0.116791
0.131631
0.150278
0.17104
0.0376215
0.0420119
0.0383895
0.0422128
0.039918
0.0440266
0.0424483
0.0466176
0.0461542
0.050451
0.0512603
0.0558165
0.0584213
0.0637477
0.0682231
0.07528
0.0819099
0.0914737
0.10111
0.114052
0.127516
0.144786
0.162858
0.0375929
0.0418814
0.0383784
0.0420545
0.03991
0.0438415
0.0424251
0.0463876
0.0460858
0.0501967
0.0511058
0.0555317
0.0581573
0.0633372
0.0676659
0.0746324
0.0807103
0.0900216
0.0985632
0.11067
0.122109
0.13734
0.151601
0.0375722
0.0417306
0.0383776
0.0418754
0.0399194
0.0436343
0.0424241
0.0461348
0.046036
0.0499041
0.0509505
0.0550631
0.057833
0.062686
0.0669712
0.0735886
0.0791587
0.0878954
0.0953608
0.106278
0.115454
0.127909
0.137065
0.0375582
0.0415628
0.0383912
0.0416811
0.0399403
0.0434139
0.0424426
0.0458899
0.0460101
0.0496502
0.0508626
0.0549304
0.0576621
0.0624164
0.0664735
0.0729062
0.0778057
0.0861031
0.091989
0.10152
0.107423
0.116703
0.11989
0.0375497
0.0413804
0.0384069
0.0414788
0.0399683
0.0431812
0.0424583
0.0456187
0.0459661
0.049321
0.0506799
0.0542707
0.057269
0.061569
0.0655863
0.0713223
0.0758235
0.0829974
0.0878048
0.0953031
0.0985559
0.102947
0.0997138
0.0375402
0.0411901
0.0384254
0.0412798
0.0400012
0.0429719
0.0425094
0.0454363
0.0459884
0.049178
0.050743
0.0545734
0.0571949
0.0615369
0.0652741
0.0708394
0.074522
0.0811336
0.0836552
0.0891898
0.0875074
0.088303
0.0761152
0.0375275
0.0409364
0.0384546
0.0409885
0.040023
0.0426188
0.0424919
0.0449922
0.0458347
0.0486091
0.0503507
0.0535196
0.0562391
0.0598081
0.0634192
0.0674457
0.0706917
0.0746011
0.0760129
0.0772599
0.0727715
0.0646971
0.045382
0.0375193
0.0405878
0.0384959
0.0405982
0.0400251
0.0420862
0.0423914
0.0443357
0.0454806
0.0476179
0.0494915
0.0520546
0.0545988
0.0572464
0.0602778
0.0627556
0.0649384
0.0661884
0.0660067
0.0628685
0.0568418
0.0456289
0.0303035
0.0375299
0.0401619
0.0385545
0.040129
0.0400376
0.0414625
0.0422733
0.0436002
0.0450279
0.0466078
0.0485438
0.0504489
0.052684
0.0545093
0.0567404
0.0578996
0.0587931
0.0580395
0.0561251
0.0509611
0.0437432
0.0325035
0.0180583
0.0375601
0.039649
0.0386308
0.0395897
0.0400275
0.0408681
0.042012
0.0429041
0.0444374
0.0455289
0.0473989
0.0487083
0.0504622
0.0516141
0.0528168
0.0529242
0.0525193
0.0503
0.0470039
0.0409189
0.0330834
0.0223894
0.00909794
0.0376126
0.0390415
0.038697
0.0390819
0.039899
0.0403231
0.0416227
0.0421901
0.0436695
0.0444175
0.0460091
0.0468381
0.0479505
0.0485621
0.0487149
0.0478973
0.0464393
0.0432025
0.0390185
0.0326776
0.0249095
0.015067
0.00311622
0.0376835
0.0383913
0.0386539
0.0386285
0.0396779
0.039787
0.0410948
0.0414528
0.042724
0.043204
0.0444165
0.0448297
0.0452707
0.0453558
0.0446207
0.0429888
0.0407799
0.0370192
0.0324188
0.0262341
0.0189589
0.0101445
-0.000289181
0.0377337
0.0377668
0.0384787
0.038215
0.0393453
0.0392556
0.0404285
0.0406818
0.0416143
0.0418877
0.0426691
0.042679
0.0425152
0.0420715
0.040681
0.0384619
0.0357779
0.0318722
0.0272149
0.0214412
0.0149191
0.00728077
-0.0015656
0.0377335
0.0371789
0.038199
0.0378217
0.0388881
0.0387164
0.0396347
0.0398343
0.0403889
0.0404603
0.0408121
0.0404307
0.0397742
0.0388553
0.037025
0.0344817
0.0315489
0.0277476
0.0233307
0.0181423
0.0125016
0.00609238
-0.00122031
0.0376513
0.036651
0.0378015
0.0374326
0.0383128
0.0381432
0.0387454
0.0388909
0.0390877
0.0389335
0.0388931
0.0381642
0.037132
0.0358418
0.03377
0.0311229
0.0281449
0.0246105
0.0206351
0.0161395
0.0113905
0.00614101
0.000211752
0.0374708
0.0361951
0.0372863
0.0370293
0.0376409
0.0375083
0.0377996
0.0378426
0.0377357
0.0373451
0.0369656
0.0359608
0.0346693
0.0331416
0.0309853
0.0284001
0.025554
0.0223804
0.0189348
0.0151603
0.0112497
0.00702469
0.00228784
0.0371797
0.0358079
0.0366727
0.0365855
0.0369136
0.0367916
0.0368203
0.0367077
0.0363552
0.0357449
0.0350896
0.0338959
0.0324621
0.0308231
0.028701
0.0262895
0.0236993
0.0209346
0.0180265
0.0149344
0.0117757
0.0084184
0.00467127
0.0367739
0.0354754
0.0359962
0.0360391
0.0361589
0.0359973
0.0358208
0.0355235
0.0349717
0.0341884
0.0333281
0.0320365
0.030556
0.0289112
0.0269096
0.0247355
0.0224658
0.0201217
0.017717
0.015225
0.0127095
0.0100657
0.00712033
0.0362609
0.0351687
0.0353151
0.0353699
0.0353742
0.0351501
0.0348146
0.034337
0.0336239
0.0327219
0.0317352
0.0304198
0.0289661
0.0273935
0.0255691
0.0236624
0.0217304
0.0197875
0.0178291
0.0158374
0.0138483
0.0117769
0.00947259
0.0356605
0.0348296
0.0346778
0.0346054
0.0345384
0.0342567
0.0338111
0.0331918
0.0323551
0.0313847
0.0303451
0.0290672
0.0276903
0.0262343
0.0246154
0.0229831
0.0213776
0.0197966
0.0182181
0.0166284
0.0150535
0.013431
0.0116357
0.0350012
0.0344013
0.034081
0.033864
0.0336787
0.0333238
0.0328124
0.0321105
0.0312018
0.0302029
0.0291679
0.0279736
0.0267047
0.0253824
0.0239687
0.0225968
0.0212917
0.0200296
0.0187696
0.0174983
0.0162425
0.0149662
0.013572
0.0343152
0.0338843
0.0335073
0.0331568
0.032829
0.0323954
0.0318363
0.0310989
0.0301755
0.0291884
0.0282014
0.0271233
0.0259807
0.0247908
0.0235597
0.0224142
0.0213697
0.0203804
0.0193862
0.0183678
0.0173546
0.0163381
0.0152526
0.0336298
0.0333007
0.0329134
0.0324769
0.0320282
0.0315191
0.0309195
0.0301779
0.0292802
0.0283372
0.0274259
0.0264762
0.0254692
0.0244105
0.0233381
0.0223766
0.0215391
0.0207681
0.0199906
0.0191781
0.0183568
0.0175386
0.0166893
0.0329664
0.0326925
0.0323013
0.0318209
0.0312992
0.0307277
0.0300926
0.0293645
0.0285176
0.0276378
0.0268125
0.0259871
0.0251131
0.0241863
0.0232568
0.0224397
0.0217527
0.021141
0.0205317
0.0198889
0.0192274
0.0185663
0.0178958
0.032338
0.0320883
0.0316981
0.0312043
0.0306486
0.0300369
0.0293805
0.0286764
0.0278884
0.0270768
0.0263344
0.0256219
0.0248714
0.0240691
0.0232663
0.0225626
0.0219802
0.0214757
0.0209874
0.0204782
0.0199511
0.0194194
0.0188868
0.0317668
0.0315304
0.031138
0.0306414
0.030083
0.0294593
0.0287921
0.0281135
0.0273865
0.0266406
0.0259671
0.0253501
0.0247111
0.024022
0.02333
0.0227164
0.0222072
0.0217735
0.0213698
0.0209616
0.0205414
0.0201129
0.0196842
0.0312782
0.0310524
0.0306615
0.0301627
0.029611
0.0289982
0.0283369
0.0276749
0.0269965
0.0263114
0.025691
0.0251386
0.0245874
0.0239992
0.0234048
0.0228658
0.0224101
0.0220264
0.0216834
0.0213497
0.0210084
0.0206575
0.0203085
0.0309064
0.0306869
0.030303
0.0298023
0.0292529
0.0286636
0.0280242
0.0273708
0.0267269
0.0261007
0.0255233
0.025006
0.0245134
0.0240065
0.0234889
0.022999
0.0225683
0.0222035
0.0218882
0.0215957
0.0213047
0.0210084
0.0207158
0.0307024
0.0304875
0.0301044
0.029599
0.029047
0.0284667
0.0278393
0.0271942
0.0265724
0.0259802
0.0254275
0.0249268
0.0244624
0.0240009
0.0235313
0.0230773
0.0226705
0.0223237
0.022027
0.0217585
0.0214986
0.0212397
0.0209884
0.0230166
-0.00159273
-0.0256332
-0.0474511
-0.0697084
-0.0913556
-0.111799
-0.129185
0.0135035
-0.00852113
-0.0335293
-0.0528112
-0.0684906
-0.0833093
-0.0971305
-0.108441
0.00404944
-0.0135193
-0.0340149
-0.0489034
-0.0591022
-0.069035
-0.0786558
-0.0870444
-0.0035604
-0.0176195
-0.0324777
-0.0437533
-0.0512775
-0.0583341
-0.0646906
-0.0701303
-0.0083212
-0.0194063
-0.0293164
-0.0369321
-0.0422352
-0.0470188
-0.0509949
-0.0544384
-0.0103286
-0.0188525
-0.0250683
-0.0298059
-0.0334976
-0.0368613
-0.039484
-0.0415752
-0.0100981
-0.0165168
-0.0201633
-0.0228349
-0.0252614
-0.0275715
-0.0292584
-0.0304178
-0.00828822
-0.0130707
-0.0150221
-0.0162941
-0.0177594
-0.0193128
-0.0204167
-0.0210377
-0.00552235
-0.00906159
-0.00995216
-0.0103294
-0.0111031
-0.0121124
-0.0128486
-0.0131716
-0.0022861
-0.0048934
-0.00515975
-0.00500417
-0.00530004
-0.00591382
-0.00639954
-0.00655892
0.00106822
-0.00084773
-0.000774395
-0.000334829
-0.000320615
-0.000654981
-0.000974041
-0.00106429
0.00430824
0.00290207
0.00313679
0.00369534
0.0038907
0.00374327
0.00353388
0.00346487
0.00729527
0.00626349
0.00655117
0.00712974
0.00741951
0.00739139
0.00725516
0.00719082
0.00996687
0.00921591
0.0095009
0.0100383
0.010357
0.0103963
0.0103032
0.0102302
0.0123051
0.0117629
0.0120159
0.0124757
0.012775
0.0128442
0.0127786
0.0126976
0.0143043
0.0139218
0.0141326
0.0145003
0.0147496
0.0148164
0.0147598
0.0146688
0.0159836
0.0157166
0.0158828
0.0161602
0.0163469
0.0163907
0.0163294
0.0162286
0.0173678
0.0171785
0.0173008
0.0174982
0.0176241
0.0176381
0.0175653
0.0174552
0.0184849
0.0183419
0.0184198
0.0185485
0.0186212
0.0186063
0.0185205
0.0184019
0.0193681
0.0192476
0.0192811
0.01935
0.0193771
0.0193374
0.019241
0.0191166
0.0200519
0.0199355
0.0199198
0.0199301
0.0199143
0.0198524
0.0197489
0.0196238
0.0205012
0.0203894
0.0203403
0.0203078
0.0202589
0.0201801
0.0200733
0.0199513
0.0207948
0.0206688
0.0205775
0.0205019
0.0204241
0.0203333
0.0202272
0.0201116
-0.381623
-0.389679
-0.398615
-0.410191
-0.426127
-0.44696
-0.470227
-0.490258
-0.382979
-0.388678
-0.394897
-0.40369
-0.416003
-0.431557
-0.449145
-0.464708
-0.383348
-0.387018
-0.390558
-0.396133
-0.404752
-0.415301
-0.424486
-0.428324
-0.382394
-0.383776
-0.384196
-0.385569
-0.38822
-0.390694
-0.389996
-0.383068
-0.37777
-0.37656
-0.373194
-0.369279
-0.365101
-0.35984
-0.351571
-0.337922
-0.36725
-0.363091
-0.35583
-0.347112
-0.337707
-0.327374
-0.314561
-0.297152
-0.34935
-0.342613
-0.332537
-0.320885
-0.308738
-0.295854
-0.2807
-0.261399
-0.324437
-0.316454
-0.305361
-0.292864
-0.280003
-0.266243
-0.250154
-0.230137
-0.294627
-0.287142
-0.276671
-0.264904
-0.25251
-0.238825
-0.222658
-0.202677
-0.262907
-0.25718
-0.248413
-0.238155
-0.226729
-0.213643
-0.197895
-0.178451
-0.231916
-0.228414
-0.22177
-0.213144
-0.202853
-0.190608
-0.17559
-0.157011
-0.20328
-0.201956
-0.197288
-0.190098
-0.180881
-0.16958
-0.1555
-0.138027
-0.178192
-0.178298
-0.175067
-0.168918
-0.160695
-0.150389
-0.137424
-0.121221
-0.156269
-0.157088
-0.154883
-0.149546
-0.142362
-0.132893
-0.121159
-0.106276
-0.137146
-0.138488
-0.136521
-0.132073
-0.125398
-0.116633
-0.106064
-0.092811
-0.465987
-0.437279
-0.411588
-0.391303
-0.377382
-0.370128
-0.369382
-0.37424
-0.466892
-0.438792
-0.413635
-0.393973
-0.380682
-0.37386
-0.373105
-0.377235
-0.468817
-0.439428
-0.413547
-0.393862
-0.380961
-0.374635
-0.374347
-0.378561
-0.475929
-0.443093
-0.414628
-0.393528
-0.380109
-0.373833
-0.373999
-0.378552
-0.488241
-0.449714
-0.416574
-0.392382
-0.377267
-0.370411
-0.37098
-0.375319
-0.505212
-0.458325
-0.418039
-0.388866
-0.370776
-0.362606
-0.363069
-0.366632
-0.525856
-0.467617
-0.41743
-0.381281
-0.358936
-0.348741
-0.348493
-0.350819
-0.548409
-0.475792
-0.412929
-0.368004
-0.340346
-0.327586
-0.326219
-0.327368
-0.57029
-0.480685
-0.402699
-0.347801
-0.314535
-0.298816
-0.296581
-0.297548
-0.588207
-0.479975
-0.385338
-0.320009
-0.281586
-0.263623
-0.261448
-0.263943
-0.598318
-0.471595
-0.359954
-0.285666
-0.240653
-0.222911
-0.224499
-0.230383
-0.597587
-0.451537
-0.328054
-0.248269
-0.205301
-0.186823
-0.189699
-0.198881
-0.582835
-0.424156
-0.289038
-0.20008
-0.153609
-0.14664
-0.158455
-0.17182
-0.554262
-0.389463
-0.251024
-0.165705
-0.122804
-0.115726
-0.133137
-0.149635
-0.513033
-0.34893
-0.204422
-0.119362
-0.0942924
-0.0965353
-0.116486
-0.132738
-0.430909
-0.295414
-0.16586
-0.0890972
-0.0674273
-0.079904
-0.104213
-0.117139
-0.34446
-0.277497
-0.19461
-0.125794
-0.0876991
-0.0818798
-0.0929121
-0.104588
-0.326371
-0.329584
-0.304178
-0.253005
-0.199385
-0.154175
-0.121753
-0.107577
-0.358898
-0.402464
-0.410747
-0.376381
-0.320106
-0.254019
-0.191187
-0.135828
-0.3623
-0.407069
-0.417588
-0.387472
-0.339512
-0.277563
-0.217843
-0.159562
-0.283179
-0.313526
-0.321971
-0.304932
-0.275626
-0.236462
-0.202173
-0.161323
-0.191922
-0.208297
-0.213093
-0.207812
-0.195876
-0.177864
-0.163309
-0.143312
-0.140127
-0.142191
-0.141894
-0.140095
-0.137027
-0.130738
-0.125648
-0.115991
-0.120761
-0.116265
-0.112865
-0.109287
-0.105725
-0.101191
-0.098883
-0.095468
-0.118434
-0.104227
-0.0978224
-0.0949988
-0.0913888
-0.0865692
-0.083488
-0.0812882
-0.118898
-0.0923924
-0.079339
-0.0780462
-0.0831682
-0.0853023
-0.0777689
-0.064894
-0.116942
-0.0924886
-0.0756713
-0.0697641
-0.0735539
-0.0806624
-0.0903522
-0.0929102
-0.1264
-0.114567
-0.10488
-0.0989372
-0.102656
-0.111085
-0.115096
-0.12025
-0.129164
-0.122865
-0.116681
-0.111156
-0.107921
-0.107795
-0.106271
-0.110259
-0.111005
-0.105749
-0.100884
-0.0959448
-0.092144
-0.0908728
-0.0872713
-0.0884949
-0.0828859
-0.0780287
-0.074089
-0.0711352
-0.0701523
-0.0710691
-0.0726728
-0.07514
-0.079876
-0.0734581
-0.0682671
-0.0646761
-0.0639871
-0.0650079
-0.0672032
-0.0679015
-0.102369
-0.0951774
-0.0882022
-0.0817447
-0.0772256
-0.0730193
-0.0715824
-0.0664347
-0.114907
-0.107856
-0.0999654
-0.0914152
-0.0827275
-0.074359
-0.0672859
-0.0599119
-0.109246
-0.106641
-0.101719
-0.0942587
-0.0847618
-0.0733136
-0.06017
-0.0478664
-0.114275
-0.122856
-0.127916
-0.128759
-0.125137
-0.117295
-0.104729
-0.0883282
-0.144902
-0.158269
-0.168315
-0.174229
-0.175856
-0.173116
-0.166614
-0.15566
-0.139438
-0.147793
-0.154079
-0.158657
-0.16054
-0.160565
-0.156183
-0.152942
-0.107996
-0.103571
-0.0969839
-0.0904268
-0.0842329
-0.0801408
-0.0749678
-0.0725184
-0.0913881
-0.0728129
-0.0547107
-0.0387065
-0.025548
-0.0161357
-0.0104326
-0.00855835
-0.107391
-0.0868312
-0.0659341
-0.0461751
-0.0283593
-0.013413
-0.000979607
0.00930636
-0.0938687
-0.0879363
-0.0802594
-0.0713172
-0.0616188
-0.0514353
-0.0406359
-0.0298611
-0.085449
-0.0898618
-0.0920154
-0.0917015
-0.0890853
-0.0843602
-0.0780316
-0.0701015
-0.0566473
-0.0563935
-0.0555461
-0.0543603
-0.0524704
-0.0504148
-0.0472111
-0.0444076
-0.00513272
-0.00185054
0.000828198
0.00266134
0.00373833
0.00392764
0.00347022
0.00226315
0.00358587
0.00685804
0.00963198
0.0118386
0.0134944
0.0145784
0.0151909
0.0154005
-0.00480719
-0.00291392
-0.00105149
0.000769363
0.00256595
0.0043344
0.00607296
0.00781484
-0.0142775
-0.0128473
-0.0114225
-0.010025
-0.00867054
-0.00737351
-0.00612942
-0.00493033
0.000396024
0.000862063
0.00104709
0.000926038
0.000509215
-0.000188103
-0.00111914
-0.00221742
0.0178086
0.0174135
0.0167478
0.0156576
0.0143436
0.0127895
0.0111001
0.00929977
0.0243628
0.0239964
0.0235464
0.0230196
0.0224335
0.0218239
0.0212233
0.0206712
0.0112509
0.0124148
0.0135917
0.014764
0.0159271
0.0170954
0.0183031
0.0195733
-0.0026787
-0.00158934
-0.000520423
0.000498187
0.0014468
0.00232589
0.00315823
0.00398826
-0.118629
-0.105172
-0.0862577
-0.0681329
-0.0502725
-0.034807
-0.021973
-0.0111683
-0.00228745
0.00459117
0.0101712
0.0145905
0.0180035
0.0206631
0.0227245
0.0242813
0.0254526
0.0263109
0.0269253
0.0273506
0.0276254
0.0277841
0.0278572
-0.112843
-0.103697
-0.0899897
-0.0730127
-0.0557157
-0.0401988
-0.0265879
-0.0149013
-0.00542079
0.00218875
0.0083957
0.0131698
0.0169343
0.019853
0.0220992
0.0237998
0.0250774
0.0260127
0.0266822
0.0271449
0.0274441
0.0276175
0.0276969
-0.106734
-0.0984844
-0.0867453
-0.0711922
-0.0553401
-0.0407338
-0.0273151
-0.0158487
-0.00642519
0.00136731
0.00766425
0.0125508
0.0164214
0.0194183
0.021728
0.0234828
0.0248011
0.0257694
0.0264644
0.0269463
0.0272598
0.027443
0.0275276
-0.116555
-0.0968924
-0.0808758
-0.0651026
-0.0502531
-0.0367486
-0.0244658
-0.0139702
-0.00513543
0.0022276
0.00811701
0.0127946
0.0164965
0.0193776
0.0216135
0.0233259
0.0246208
0.0255799
0.0262721
0.0267552
0.0270724
0.0272604
0.0273483
-0.129131
-0.0968227
-0.0765078
-0.0582894
-0.0433479
-0.0308414
-0.0195575
-0.0102155
-0.00231378
0.00418236
0.00940284
0.0136297
0.0169922
0.019628
0.0217027
0.0233053
0.02453
0.0254457
0.0261111
0.0265797
0.0268895
0.0270749
0.0271628
-0.131041
-0.0936007
-0.0725978
-0.0515453
-0.0366232
-0.0245348
-0.0138521
-0.00559162
0.00131696
0.00686221
0.0113048
0.0149184
0.0178072
0.0201258
0.0219616
0.0234025
0.0245194
0.0253642
0.0259834
0.0264218
0.0267123
0.0268884
0.0269717
-0.117102
-0.082569
-0.064407
-0.0413671
-0.0289322
-0.0166923
-0.00729547
-0.000285667
0.00545233
0.00990425
0.0134819
0.0164105
0.0187874
0.0207424
0.0223147
0.0235708
0.0245591
0.0253157
0.0258754
0.0262752
0.0265411
0.0267023
0.0267783
-0.093968
-0.0665825
-0.0528448
-0.0306943
-0.0203186
-0.0078406
-0.000299459
0.00539663
0.00986023
0.0131256
0.0157732
0.0179784
0.0198252
0.0213917
0.0226884
0.0237554
0.0246103
0.0252739
0.0257706
0.026128
0.026366
0.026512
0.0265799
-0.0771152
-0.0562962
-0.0417852
-0.0206477
-0.0109221
0.00180048
0.00746115
0.0119137
0.0148117
0.0167167
0.0183122
0.0196982
0.0209435
0.0220724
0.0230704
0.0239364
0.0246526
0.0252206
0.0256529
0.0259697
0.0261843
0.0263153
0.0263769
-0.0668477
-0.0466891
-0.0302815
-0.00810801
0.00223742
0.0141593
0.016961
0.0196159
0.0203086
0.0205986
0.0209692
0.021461
0.0220824
0.0227706
0.0234678
0.0241229
0.0246965
0.0251691
0.0255374
0.0258095
0.0259948
0.0261103
0.0261648
-0.0532068
-0.0371516
-0.0159772
0.00518464
0.0188606
0.0283719
0.0286041
0.0284057
0.0263038
0.024795
0.0238231
0.0233785
0.0233295
0.0235633
0.0239397
0.0243632
0.0247744
0.0251361
0.0254293
0.0256509
0.0258047
0.0258999
0.0259454
-0.0787056
-0.0613116
-0.0152314
0.0180442
0.0414789
0.0454845
0.0421107
0.0374611
0.0324891
0.0289436
0.0265691
0.0251957
0.0245417
0.0243654
0.0244301
0.0246316
0.0248811
0.0251261
0.025337
0.0255002
0.0256118
0.0256824
0.0257156
-0.0988009
-0.0893074
-0.0304807
0.0249615
0.0592937
0.0591129
0.0520913
0.043804
0.0368416
0.0320098
0.0287182
0.0267321
0.025624
0.0251262
0.0249153
0.0249053
0.0249909
0.0251146
0.0252395
0.0253435
0.0254154
0.0254595
0.0254791
-0.0987381
-0.0898987
-0.0409774
0.0162981
0.0511035
0.0586328
0.0539435
0.0458957
0.0386065
0.0334235
0.0299242
0.0278309
0.0265075
0.0257429
0.0253287
0.0251474
0.025088
0.0250984
0.0251367
0.0251791
0.0252085
0.0252259
0.025232
-0.0829179
-0.0716576
-0.0422216
-0.00540185
0.0204677
0.0344994
0.0389573
0.0381001
0.0353981
0.0324229
0.0300288
0.0283216
0.0270853
0.0262567
0.0257108
0.0253722
0.0251792
0.0250803
0.0250324
0.0250128
0.0249973
0.0249851
0.0249766
-0.0752336
-0.0682129
-0.052408
-0.0309743
-0.00679624
0.0122481
0.0232942
0.0284139
0.0303621
0.0300856
0.0293777
0.0283272
0.0274017
0.0266308
0.0260319
0.025589
0.0252771
0.0250677
0.0249276
0.0248369
0.0247746
0.0247296
0.0247058
-0.0731298
-0.0694108
-0.0569767
-0.0370312
-0.0138243
0.00668979
0.0180182
0.0241746
0.0272941
0.0285566
0.0285823
0.0281699
0.0276045
0.0269177
0.0262835
0.0257503
0.0253381
0.0250376
0.0248172
0.0246569
0.0245405
0.0244617
0.0244199
-0.0692517
-0.0583135
-0.0451443
-0.0240517
-0.0060058
0.0112768
0.0192437
0.0257132
0.0270586
0.0283948
0.0283134
0.0280412
0.0276512
0.0270725
0.0264469
0.025852
0.0253537
0.0249616
0.0246632
0.0244417
0.0242815
0.0241707
0.0241128
-0.051928
-0.0359815
-0.0227891
-0.00270362
0.00736054
0.0206195
0.024935
0.0296181
0.029261
0.0296098
0.0290364
0.0286559
0.0280338
0.0272799
0.0265463
0.0258881
0.0253268
0.0248657
0.0245002
0.0242162
0.0240045
0.0238625
0.0237855
-0.0369946
-0.0165175
-0.000650376
0.016004
0.0241509
0.0292257
0.0307723
0.0320016
0.0304596
0.0303357
0.0292811
0.0289086
0.0282056
0.0274328
0.0266315
0.0258842
0.0252417
0.024708
0.0242803
0.0239467
0.0236967
0.0235248
0.0234325
-0.0750377
-0.0494506
-0.0154185
0.013585
0.036636
0.0371874
0.0372893
0.0343156
0.0320135
0.0305565
0.0292058
0.0285353
0.0278232
0.0271999
0.0264935
0.0257752
0.0251011
0.0245142
0.0240311
0.0236471
0.0233544
0.0231566
0.0230493
-0.1351
-0.109345
-0.0634786
-0.0163297
0.0271496
0.0295402
0.0376367
0.0350908
0.0335891
0.0313917
0.0296766
0.0287338
0.027964
0.0271728
0.026315
0.0255319
0.0248263
0.0242184
0.0237041
0.0232895
0.0229695
0.0227481
0.022628
-0.136067
-0.113002
-0.0722091
-0.0268707
0.00796518
0.0192101
0.0259815
0.0285566
0.0296911
0.0291283
0.0285627
0.0282607
0.0277945
0.0270355
0.0261431
0.0252792
0.0245163
0.0238669
0.0233223
0.0228829
0.0225357
0.0222941
0.0221626
-0.0654524
-0.0476811
-0.0197993
0.00511496
0.0197272
0.0218858
0.0235695
0.0256586
0.0272015
0.0278825
0.0270632
0.027374
0.026799
0.0262272
0.0255696
0.024827
0.0240974
0.023444
0.0228765
0.0224154
0.0220483
0.0217933
0.0216504
-0.00788226
0.00425973
0.0154087
0.0228507
0.0265376
0.027761
0.028098
0.0299008
0.0294805
0.0289019
0.0276306
0.027084
0.0265392
0.0258254
0.0249901
0.0241899
0.0234856
0.0228824
0.0223253
0.021865
0.0214963
0.0212276
0.0210791
0.0112725
0.0163547
0.0204253
0.0270424
0.0312045
0.0345578
0.0350175
0.0346314
0.0316926
0.0290792
0.0267609
0.0263297
0.0259914
0.0254264
0.0244972
0.0236256
0.0228586
0.0222358
0.021692
0.0212467
0.0208695
0.0206025
0.0204468
-0.0213874
-0.00839896
0.00547562
0.0205326
0.0337476
0.0419286
0.0442066
0.0404735
0.0356311
0.0301832
0.0266466
0.0247982
0.02405
0.0237507
0.023313
0.02274
0.0220901
0.0214864
0.0209535
0.020518
0.0201611
0.0198924
0.0197356
-0.0581072
-0.0444445
-0.0258847
-0.0080556
0.0145615
0.0264145
0.0335667
0.0348556
0.0336744
0.0290806
0.024789
0.0220389
0.0215846
0.0217592
0.0216743
0.0213746
0.0209728
0.0205324
0.0200967
0.0197056
0.01937
0.0191055
0.0189423
-0.0387932
-0.0321173
-0.0227801
-0.013612
-0.00486374
0.00116379
0.00453356
0.00834792
0.0137675
0.0162972
0.0169193
0.0178671
0.0192759
0.0201454
0.0202837
0.0201036
0.0197988
0.0194505
0.0191118
0.0187945
0.0184881
0.0182202
0.0180503
0.000489138
0.000314452
-0.000994895
-0.00388214
-0.00765864
-0.0121758
-0.0159727
-0.0133752
0.00362617
0.00758381
0.01087
0.0140601
0.0169324
0.0186256
0.0191349
0.0190685
0.0187909
0.0184456
0.0181225
0.0178325
0.0175191
0.0172383
0.0170628
0.0145594
0.0136439
0.0123117
0.0112776
0.0106087
0.0102839
0.0101474
0.0106114
0.0116661
0.0114307
0.0112858
0.0129909
0.0157619
0.0175095
0.0178935
0.0179142
0.0177044
0.0174078
0.017084
0.0167831
0.0164273
0.0161218
0.0159308
0.00984572
0.0122814
0.014786
0.0172914
0.0198114
0.0213799
0.0221069
0.0211868
0.0191921
0.0160244
0.0121335
0.0117464
0.0128466
0.0146908
0.0158292
0.0163486
0.016385
0.0161854
0.0159003
0.015602
0.0152281
0.0149021
0.0146902
-0.00352189
-0.00252371
-0.00176562
-0.0013732
-0.00121113
-0.00125771
-0.00100497
-0.000139066
0.00179293
0.00326308
0.00412387
0.00629927
0.0101078
0.0134503
0.0151718
0.0155738
0.0154203
0.0150428
0.0145994
0.0142506
0.0138315
0.0134863
0.0132443
-0.00368713
-0.00572181
-0.00805964
-0.0106641
-0.0131583
-0.0152077
-0.0162453
-0.014635
-0.00959049
-0.00438454
-0.000214205
0.00390106
0.00924153
0.0126855
0.0141821
0.0146619
0.0145197
0.0140334
0.0134156
0.0129455
0.0124076
0.0119421
0.0116383
0.0071497
0.00497152
0.00288525
0.00113836
-0.000122562
-0.000774823
-0.00109678
-0.000914087
-0.000141611
0.000478073
0.000589677
0.00185972
0.00553509
0.0102963
0.0132767
0.0143124
0.0139332
0.0130268
0.0120318
0.011347
0.0107463
0.0101668
0.00979179
0.0201407
0.0200199
0.0204352
0.0215725
0.0232388
0.0250391
0.0262178
0.0256993
0.023065
0.0191014
0.0140487
0.00840532
0.00586937
0.00792866
0.0121614
0.0132388
0.0125502
0.0113678
0.0100919
0.00932774
0.00864196
0.00798012
0.00758988
0.0212613
0.0237309
0.0267241
0.0300631
0.0332867
0.0357749
0.0364396
0.0343982
0.02909
0.0218928
0.0141219
0.0074201
0.00477289
0.00711351
0.0097794
0.0105272
0.00981131
0.00869431
0.00760467
0.00682914
0.00606159
0.00535704
0.00498032
0.00498645
0.00618169
0.00754613
0.00896753
0.0102028
0.010997
0.0111108
0.0103085
0.00867996
0.0065061
0.00438056
0.00313583
0.00326045
0.0037405
0.00383085
0.00360172
0.00332676
0.00301779
0.00269504
0.00245448
0.00216697
0.00190512
0.00176
-0.0763649
-0.0587606
-0.0426473
-0.030172
-0.0194619
-0.010834
-0.00354327
0.00257961
0.00777792
0.0120803
0.0157213
0.0187473
0.0212063
0.0232111
0.0247877
0.0260041
0.0269215
0.0275913
0.0280681
0.0283876
0.0285857
0.028688
0.0287274
-0.0864114
-0.0658103
-0.0476166
-0.0337537
-0.0221039
-0.0126973
-0.00475149
0.00183067
0.00731553
0.0117702
0.0155324
0.0185951
0.021059
0.0230631
0.0246293
0.0258415
0.0267595
0.0274351
0.0279206
0.0282518
0.028463
0.0285771
0.0286244
-0.0950411
-0.0717321
-0.0517282
-0.0367975
-0.0244322
-0.0143873
-0.00584512
0.0011693
0.00688354
0.0115036
0.0154092
0.0184883
0.0209615
0.0229594
0.0245046
0.0257048
0.0266152
0.02729
0.0277789
0.0281178
0.0283393
0.0284639
0.0285191
-0.102537
-0.0774545
-0.0562654
-0.0402256
-0.0270744
-0.0162568
-0.00705092
0.000368858
0.00626525
0.011139
0.0151968
0.0183067
0.0208386
0.0228479
0.0243858
0.0255811
0.026485
0.0271574
0.0276459
0.0279888
0.0282169
0.0283486
0.02841
-0.108677
-0.0822158
-0.0604761
-0.0437277
-0.0300504
-0.0183941
-0.00857185
-0.000814063
0.00537283
0.010642
0.0148189
0.0180117
0.0206506
0.022686
0.0242434
0.0254505
0.026358
0.0270333
0.027523
0.0278682
0.0280993
0.0282346
0.0282998
-0.112247
-0.0866606
-0.0652736
-0.0478537
-0.0334127
-0.0207276
-0.0103909
-0.00233739
0.00432556
0.00995717
0.0142028
0.0175813
0.0203491
0.0224344
0.024048
0.0252878
0.0262157
0.0269045
0.0274015
0.0277521
0.0279863
0.0281235
0.0281905
-0.114526
-0.0906981
-0.0697934
-0.0522944
-0.0370755
-0.0235332
-0.0128212
-0.00426708
0.00303854
0.00892493
0.0133395
0.0169885
0.0198795
0.0220595
0.0237668
0.0250655
0.026038
0.0267572
0.0272742
0.0276373
0.0278773
0.0280174
0.0280852
-0.116339
-0.0975865
-0.0768448
-0.0586658
-0.042143
-0.0277832
-0.0163813
-0.00695152
0.001016
0.00720678
0.0120556
0.0160441
0.0191246
0.0214912
0.0233439
0.0247446
0.0257969
0.0265714
0.0271263
0.027514
0.0277674
0.0279138
0.0279831
0.0773559
0.055276
0.0326672
0.00904016
-0.0144215
-0.0366442
-0.0572867
-0.076669
0.0806346
0.0561432
0.0311459
0.00502894
-0.0211237
-0.0459875
-0.0686142
-0.0887006
0.0835098
0.0553185
0.0268346
-0.00210798
-0.0304504
-0.0570186
-0.0809121
-0.102189
0.0857629
0.0533356
0.0210994
-0.0106433
-0.041059
-0.0692966
-0.0947662
-0.117547
0.0867061
0.0501313
0.0141822
-0.0205076
-0.0532875
-0.0835377
-0.110823
-0.135191
0.0860912
0.0453216
0.00552357
-0.0324381
-0.0679523
-0.100527
-0.129633
-0.155491
0.0837395
0.0383962
-0.00561638
-0.0472461
-0.0857549
-0.120615
-0.15169
-0.17887
0.0791565
0.0286249
-0.0200948
-0.0657983
-0.107591
-0.144943
-0.177691
-0.205886
0.0714447
0.014978
-0.0390132
-0.0891936
-0.134512
-0.174328
-0.20855
-0.237324
0.0592938
-0.00395696
-0.0638554
-0.118899
-0.167913
-0.210196
-0.245528
-0.274194
0.0408806
-0.0301224
-0.0967019
-0.157093
-0.209861
-0.254479
-0.290188
-0.317615
0.0136505
-0.0660404
-0.140161
-0.206648
-0.263406
-0.309204
-0.343782
-0.368029
-0.0265659
-0.115774
-0.197161
-0.269633
-0.329035
-0.374257
-0.405257
-0.422863
-0.0829364
-0.183398
-0.27389
-0.347438
-0.404126
-0.443738
-0.466045
-0.472216
-0.133702
-0.238761
-0.327736
-0.398916
-0.451165
-0.484558
-0.500583
-0.501673
0.199241
0.197615
0.191866
0.182015
0.168057
0.150346
0.129252
0.104556
0.214115
0.211824
0.204582
0.192614
0.176158
0.155609
0.132175
0.106175
0.230652
0.227741
0.219215
0.205485
0.187054
0.164335
0.13896
0.111771
0.249294
0.245812
0.236161
0.220788
0.200459
0.175579
0.147591
0.117699
0.270129
0.266066
0.255234
0.238008
0.21536
0.187793
0.156363
0.122646
0.293085
0.288351
0.276104
0.256637
0.231038
0.200094
0.164599
0.126377
0.318073
0.312536
0.298556
0.276409
0.247227
0.212197
0.172108
0.128883
0.345041
0.338557
0.322484
0.297194
0.263822
0.223972
0.178661
0.129842
0.373909
0.366331
0.347766
0.318791
0.28058
0.235086
0.183715
0.128502
0.404427
0.395593
0.374079
0.340747
0.296908
0.244797
0.186312
0.123693
0.436018
0.425729
0.400726
0.362197
0.311727
0.251831
0.184964
0.113722
0.467514
0.455522
0.426389
0.381647
0.323304
0.254221
0.177467
0.0961474
0.496922
0.482911
0.448847
0.396597
0.328789
0.248779
0.160327
0.067131
0.52024
0.503935
0.464309
0.403435
0.324484
0.23165
0.129665
0.0230421
0.539462
0.52091
0.47595
0.407285
0.318724
0.214108
0.0995505
-0.0188029
0.037764
0.0378314
0.0379086
0.0379944
0.0380877
0.038186
0.0382881
0.0383952
0.0422546
0.0422831
0.0422858
0.0422653
0.042225
0.0421667
0.0420937
0.042013
0.0385262
0.0386077
0.0387085
0.0388191
0.0389493
0.0390801
0.0392196
0.0393552
0.0425224
0.0425623
0.0425722
0.0425551
0.042515
0.0424594
0.0423959
0.0423273
0.0400817
0.0401847
0.0403131
0.0404619
0.0406302
0.0407961
0.0409918
0.0411771
0.0444004
0.0444508
0.0444674
0.0444554
0.0444207
0.0443723
0.0443081
0.0442761
0.0426839
0.0428272
0.0429962
0.0431864
0.0433921
0.0436112
0.0438189
0.0440605
0.0471147
0.0471992
0.047247
0.0472666
0.0472614
0.0472572
0.0472184
0.0472634
0.0465298
0.0467019
0.0469049
0.0471471
0.0473925
0.0476793
0.0479056
0.0482537
0.0510514
0.0511631
0.0512419
0.0513068
0.0513377
0.0514164
0.0514173
0.0516158
0.05188
0.0521101
0.0523684
0.0526543
0.052933
0.0532736
0.0535031
0.0539443
0.0567407
0.0569379
0.0571124
0.0572831
0.0573693
0.0575795
0.0575808
0.0580056
0.0593328
0.059564
0.0598607
0.0601573
0.0603922
0.0608096
0.0609259
0.0615442
0.0650359
0.0653133
0.0655485
0.0658649
0.0659187
0.0664023
0.0662603
0.0670658
0.0697873
0.0700882
0.0703783
0.070759
0.0707288
0.0713281
0.0710473
0.0718061
0.0771006
0.0774532
0.0775399
0.0780481
0.0777196
0.0784974
0.0776878
0.0789262
0.0846217
0.0850435
0.0852045
0.0855651
0.0851773
0.085436
0.0844472
0.0850176
0.0946511
0.0951369
0.0950509
0.0954378
0.0945811
0.094823
0.0928685
0.0934107
0.105838
0.106273
0.10591
0.105672
0.104192
0.103466
0.100816
0.0998157
0.119924
0.120301
0.119744
0.119064
0.116744
0.115055
0.110628
0.108072
0.135978
0.136164
0.134813
0.13276
0.128812
0.12459
0.118111
0.111635
0.155694
0.155672
0.153646
0.150185
0.144358
0.137221
0.127387
0.116053
0.178459
0.177724
0.174032
0.167491
0.157688
0.145086
0.129468
0.110577
0.0385165
0.0386756
0.038868
0.0390946
0.0393595
0.0396571
0.0399425
0.0401918
0.0403759
0.0404773
0.0404826
0.040386
0.040193
0.0399219
0.0395972
0.0392449
0.0388859
0.0385322
0.0381871
0.0378604
0.0375741
0.0373476
0.0372107
0.0418944
0.0417158
0.0414726
0.0411559
0.0407602
0.0403567
0.039992
0.0396823
0.0394474
0.0392974
0.0392281
0.0392231
0.0392497
0.0392455
0.0391438
0.0389511
0.0386816
0.0383702
0.0380429
0.0377184
0.0374277
0.0372004
0.0370632
0.0395336
0.0397595
0.0400186
0.0403158
0.0406042
0.0408003
0.0408936
0.0408973
0.0407993
0.0405989
0.0403136
0.0399764
0.0396407
0.0393508
0.0390945
0.0388433
0.0385517
0.0382161
0.0378631
0.0375195
0.0372097
0.036971
0.0368265
0.0422012
0.0420054
0.0417539
0.041459
0.0412191
0.0410394
0.0409092
0.0408119
0.0407334
0.040653
0.0405372
0.04033
0.0400001
0.0395872
0.0391918
0.0388091
0.0384243
0.0380306
0.0376341
0.0372684
0.036949
0.0367039
0.0365598
0.0413836
0.0416056
0.0418663
0.0421064
0.0422409
0.0423029
0.04227
0.0421315
0.0418919
0.0415688
0.0411988
0.0408019
0.0403672
0.0398705
0.0393319
0.0387829
0.0382591
0.0377711
0.0373232
0.0369266
0.0365945
0.0363521
0.0362217
0.0441221
0.0438771
0.0435511
0.0432609
0.0430291
0.042825
0.0426393
0.0424557
0.0422487
0.0419829
0.0416264
0.0411889
0.0406817
0.0400992
0.0394407
0.0387609
0.0381135
0.0375207
0.0370008
0.0365544
0.0361876
0.0359259
0.0357942
0.0442623
0.0444576
0.0446435
0.0447301
0.0447094
0.0445688
0.0442955
0.0438977
0.0434034
0.0428451
0.04224
0.0415985
0.0409261
0.0402199
0.0394757
0.0387098
0.0379677
0.0372868
0.0366929
0.0361974
0.0357988
0.0355093
0.0353612
0.0471096
0.0467206
0.0463375
0.046007
0.0456849
0.0453502
0.0449872
0.0445527
0.0440225
0.0433815
0.042638
0.0418204
0.0409727
0.0401287
0.0393026
0.03849
0.0377046
0.0369802
0.0363442
0.035821
0.0354203
0.0351304
0.0349793
0.0484309
0.0484564
0.0484197
0.0482475
0.0479079
0.0474069
0.0467568
0.0459891
0.0451255
0.0441794
0.0431618
0.0420945
0.0410147
0.0399743
0.0390075
0.0381258
0.0373195
0.036591
0.0359517
0.0354238
0.0350317
0.0347529
0.0346085
0.0514833
0.0509715
0.0504996
0.0499614
0.0493849
0.0487228
0.0479423
0.0470152
0.0459417
0.0447526
0.0434862
0.0421881
0.0409115
0.0397034
0.0386025
0.0376377
0.0368092
0.0360983
0.0354882
0.0349836
0.0346048
0.0343309
0.0341934
0.0540271
0.0536705
0.0532405
0.052595
0.0517007
0.0506091
0.0493622
0.0479927
0.0465327
0.0450168
0.043489
0.0419922
0.0405692
0.0392522
0.0380647
0.037035
0.0361782
0.0354815
0.0349091
0.0344447
0.034098
0.0338442
0.0337214
0.0577768
0.0568368
0.0559324
0.0548568
0.0536551
0.0522773
0.0507074
0.048969
0.0471251
0.04525
0.0434198
0.0416914
0.0401098
0.0386947
0.0374523
0.0363898
0.0355154
0.0348229
0.0342781
0.0338519
0.0335458
0.0333266
0.0332256
0.0614055
0.060364
0.0592957
0.0578997
0.0561718
0.0542041
0.0520558
0.049794
0.0474936
0.045234
0.0430955
0.0411482
0.0394286
0.0379504
0.0367074
0.0356781
0.0348436
0.0341886
0.0336846
0.0333016
0.0330323
0.0328432
0.0327566
0.0664365
0.0644334
0.0626135
0.0603729
0.057952
0.0553098
0.0525374
0.0497648
0.0470828
0.0445638
0.042271
0.0402452
0.0385048
0.0370549
0.0358809
0.0349447
0.0342029
0.0336234
0.0331795
0.0328442
0.0326046
0.0324318
0.0323468
0.0708213
0.0686216
0.0662077
0.0633115
0.0600954
0.0566786
0.0532075
0.0498303
0.0466685
0.0438255
0.0413522
0.0392585
0.0375327
0.0361488
0.03507
0.0342426
0.0336056
0.0331128
0.0327353
0.0324478
0.0322356
0.0320775
0.0319929
0.0768231
0.0732497
0.0695322
0.065534
0.0613811
0.0571642
0.0530495
0.0491774
0.0456787
0.0426383
0.0400854
0.0380088
0.0363687
0.0351075
0.0341636
0.0334655
0.0329461
0.0325545
0.0322598
0.0320342
0.0318648
0.0317395
0.0316673
0.0824387
0.0778028
0.0727867
0.0673864
0.0619508
0.0567462
0.0519643
0.0477281
0.0440724
0.0410014
0.0385013
0.0365329
0.0350361
0.0339339
0.0331453
0.0325885
0.0321969
0.0319196
0.0317248
0.0315785
0.0314696
0.0313958
0.0313462
0.0885006
0.0815207
0.0747344
0.0680098
0.0615155
0.055504
0.0501901
0.0456686
0.0419346
0.0389407
0.0366116
0.0348537
0.033572
0.0326701
0.032058
0.0316549
0.0314007
0.0312464
0.0311606
0.0311043
0.031066
0.0310503
0.0310261
0.0938742
0.084849
0.0758645
0.0673565
0.0596948
0.0531007
0.0475559
0.0429927
0.0393497
0.0365541
0.0344925
0.0330282
0.0320283
0.0313735
0.0309687
0.0307388
0.0306311
0.030601
0.0306192
0.0306494
0.0306799
0.0307172
0.0307183
0.0978137
0.085323
0.0744446
0.0647049
0.0563663
0.0495133
0.0440194
0.0396832
0.0363593
0.033922
0.0322285
0.0311215
0.0304489
0.0300779
0.0299128
0.0298796
0.0299289
0.030022
0.030134
0.030239
0.0303284
0.0304102
0.0304369
0.0990676
0.0842142
0.071236
0.0603917
0.0516934
0.0449057
0.0396809
0.035752
0.0329184
0.0309891
0.0297778
0.0291068
0.0288143
0.0287651
0.0288712
0.0290581
0.0292786
0.0294994
0.0297027
0.0298743
0.0300155
0.0301381
0.0301916
0.0960563
0.0781659
0.0649844
0.0541449
0.0456665
0.0392869
0.0346052
0.0312703
0.0290622
0.0277528
0.0271191
0.0269593
0.0270995
0.0274063
0.0278072
0.0282316
0.0286378
0.0289968
0.0293009
0.0295438
0.0297369
0.0299029
0.0299837
0.0854473
0.069399
0.0567848
0.0467403
0.0388849
0.033018
0.0289551
0.0262902
0.0247906
0.024175
0.024185
0.0245986
0.0252239
0.0259248
0.0266467
0.0273305
0.0279423
0.0284612
0.0288877
0.0292205
0.0294762
0.0296958
0.0298057
0.0716765
0.0595902
0.0491545
0.0403097
0.0334567
0.028018
0.024222
0.0220229
0.0210989
0.0210718
0.0216372
0.0225592
0.0236244
0.0246824
0.0256855
0.0265921
0.0273801
0.0280376
0.0285708
0.0289824
0.0292885
0.0295431
0.0296712
0.0528424
0.041993
0.0357055
0.0296901
0.0254654
0.0219806
0.0194225
0.0182869
0.0182514
0.018935
0.0200526
0.0214047
0.0227986
0.024096
0.0252664
0.0262893
0.0271581
0.0278718
0.0284429
0.0288788
0.029194
0.0294401
0.0295636
0.0299989
0.0196822
0.0169789
0.014184
0.0134414
0.0132344
0.0135905
0.0145599
0.0159552
0.0175902
0.0193202
0.0210548
0.0226785
0.0241052
0.0253362
0.0263731
0.0272291
0.0279162
0.0284562
0.0288614
0.0291458
0.0293466
0.0294462
0.00824044
0.000274577
0.000378609
8.65571e-05
0.00218456
0.0049456
0.0080859
0.0110872
0.0138684
0.0164156
0.0187251
0.0208116
0.0226461
0.0242009
0.0254865
0.0265262
0.027355
0.0279993
0.0284918
0.0288514
0.0290948
0.0292465
0.0293186
-0.0118812
-0.0152268
-0.0111993
-0.00913967
-0.00491808
-0.000477565
0.00411965
0.00830852
0.0120115
0.015226
0.0180009
0.0203965
0.022439
0.0241427
0.0255099
0.0265807
0.0274075
0.0280291
0.0284888
0.0288122
0.0290218
0.0291367
0.0291871
-0.0306736
-0.0284104
-0.0202032
-0.0153527
-0.00913264
-0.0036362
0.00161227
0.00633587
0.0105301
0.0141446
0.0172391
0.0198758
0.0220979
0.0239349
0.02539
0.0265127
0.0273622
0.0279854
0.0284335
0.0287378
0.0289273
0.0290219
0.0290593
-0.0482834
-0.0401837
-0.0286083
-0.0208831
-0.0127671
-0.0061965
-0.000321744
0.00482476
0.00936231
0.0132445
0.0165674
0.0193851
0.0217373
0.0236688
0.0251932
0.026365
0.0272451
0.0278837
0.0283362
0.0286368
0.0288197
0.0289081
0.0289405
-0.0636628
-0.0502629
-0.0363238
-0.02587
-0.0162605
-0.00860479
-0.0020202
0.00360132
0.00846697
0.0125624
0.0160566
0.0190008
0.021429
0.0234149
0.0249803
0.0261848
0.0270896
0.0277459
0.02821
0.0285176
0.0287049
0.0287972
0.0288309
)
;

boundaryField
{
    outlet
    {
        type            fixedValue;
        value           uniform 0;
    }
    upperWall
    {
        type            symmetryPlane;
    }
    lowerWall
    {
        type            symmetryPlane;
    }
    inlet
    {
        type            zeroGradient;
    }
    cylinder
    {
        type            zeroGradient;
    }
    frontAndBack
    {
        type            empty;
    }
}


// ************************************************************************* //
