/*--------------------------------*- C++ -*----------------------------------*\
| =========                 |                                                 |
| \\      /  F ield         | OpenFOAM: The Open Source CFD Toolbox           |
|  \\    /   O peration     | Version:  2312                                  |
|   \\  /    A nd           | Website:  www.openfoam.com                      |
|    \\/     M anipulation  |                                                 |
\*---------------------------------------------------------------------------*/
FoamFile
{
    version     2.0;
    format      ascii;
    arch        "LSB;label=32;scalar=64";
    class       volScalarField;
    location    "123.6";
    object      p;
}
// * * * * * * * * * * * * * * * * * * * * * * * * * * * * * * * * * * * * * //

dimensions      [0 2 -2 0 0 0 0];

internalField   nonuniform List<scalar> 
5478
(
-0.623231
-0.617944
-0.611127
-0.605312
-0.601907
-0.59909
-0.592744
-0.578958
-0.555313
-0.522105
-0.481715
-0.436674
-0.390063
-0.340546
-0.290991
-0.635975
-0.630361
-0.623157
-0.614937
-0.605049
-0.591412
-0.572411
-0.547187
-0.516083
-0.480439
-0.441716
-0.401491
-0.360458
-0.319347
-0.280846
-0.654586
-0.647655
-0.638282
-0.625402
-0.606439
-0.581453
-0.551915
-0.519219
-0.48441
-0.448228
-0.411408
-0.374393
-0.337836
-0.302041
-0.267131
-0.678684
-0.668458
-0.655514
-0.634878
-0.605105
-0.569879
-0.532698
-0.495301
-0.458327
-0.422055
-0.386556
-0.352097
-0.318768
-0.286816
-0.25688
-0.708646
-0.692353
-0.673669
-0.642151
-0.601006
-0.557242
-0.514537
-0.473998
-0.435722
-0.399473
-0.365104
-0.332443
-0.301415
-0.272194
-0.244106
-0.742033
-0.718956
-0.689627
-0.644915
-0.593271
-0.542719
-0.495946
-0.453207
-0.414027
-0.377921
-0.344433
-0.31325
-0.284181
-0.257004
-0.231178
-0.772406
-0.744026
-0.69957
-0.640742
-0.580123
-0.524278
-0.474488
-0.430212
-0.390586
-0.354825
-0.32231
-0.292592
-0.265339
-0.240259
-0.21642
-0.793774
-0.760437
-0.698884
-0.627207
-0.559346
-0.499535
-0.447768
-0.402717
-0.363179
-0.32819
-0.296958
-0.268912
-0.243675
-0.220736
-0.199582
-0.518581
-0.521077
-0.52728
-0.539911
-0.558378
-0.581288
-0.606695
-0.632105
-0.64858
-0.655951
-0.649565
-0.627435
-0.589226
-0.539524
-0.48277
-0.556858
-0.558247
-0.566001
-0.582208
-0.605549
-0.63452
-0.666758
-0.698673
-0.724792
-0.738971
-0.735377
-0.7102
-0.659861
-0.592865
-0.512184
-0.586161
-0.585361
-0.592947
-0.609363
-0.633513
-0.663723
-0.697485
-0.731112
-0.75904
-0.774279
-0.769561
-0.739116
-0.679029
-0.599227
-0.502211
-0.604529
-0.601117
-0.60627
-0.619894
-0.641176
-0.66857
-0.699688
-0.730846
-0.756705
-0.769602
-0.761241
-0.724913
-0.658537
-0.5722
-0.473026
-0.613131
-0.607438
-0.608821
-0.617384
-0.633192
-0.655279
-0.681459
-0.708259
-0.729731
-0.737338
-0.722781
-0.681161
-0.61241
-0.52934
-0.435926
-0.615335
-0.608492
-0.606042
-0.608887
-0.618425
-0.63455
-0.655466
-0.676549
-0.690334
-0.688532
-0.664475
-0.617296
-0.549719
-0.475639
-0.396923
-0.615259
-0.608504
-0.603222
-0.601411
-0.60575
-0.616894
-0.631707
-0.643937
-0.646208
-0.632003
-0.598796
-0.548367
-0.486533
-0.422855
-0.357567
-0.616829
-0.610816
-0.604171
-0.599735
-0.600387
-0.605802
-0.611628
-0.611556
-0.60003
-0.574141
-0.534902
-0.48538
-0.431414
-0.37657
-0.32174
-0.410854
-0.379524
-0.393437
-0.361002
-0.259615
-0.18921
-0.165327
-0.170741
-0.1974
-0.212481
-0.180063
-0.160357
-0.148899
-0.130487
-0.102902
-0.11316
-0.135628
-0.148764
-0.117921
-0.10736
-0.123432
-0.151393
-0.116246
-0.117433
-0.133204
-0.188651
-0.188573
-0.180281
-0.0838309
-0.0408925
-0.0350399
-0.0255102
-0.0141828
-0.00730685
-0.00585148
-0.00423394
-0.00262758
-0.000875203
-0.398365
-0.310892
-0.273089
-0.24034
-0.178959
-0.159661
-0.163637
-0.187033
-0.232501
-0.254408
-0.205909
-0.167423
-0.149837
-0.134394
-0.108787
-0.118104
-0.139457
-0.150738
-0.114033
-0.0990131
-0.109815
-0.134801
-0.117439
-0.12472
-0.151226
-0.204455
-0.17435
-0.158824
-0.0866355
-0.0455207
-0.0353814
-0.0239493
-0.0141051
-0.00770005
-0.00592159
-0.00414747
-0.00262151
-0.00090314
-0.362777
-0.236611
-0.165333
-0.114636
-0.0919801
-0.12557
-0.155727
-0.192094
-0.253493
-0.278635
-0.227984
-0.17225
-0.148735
-0.136146
-0.115685
-0.123513
-0.142098
-0.151062
-0.109716
-0.0899664
-0.0971617
-0.117503
-0.116228
-0.129001
-0.167624
-0.214279
-0.157199
-0.133865
-0.0871998
-0.04891
-0.0352112
-0.0221262
-0.0138617
-0.00805576
-0.00597813
-0.00404525
-0.00261491
-0.000932418
-0.33015
-0.191707
-0.106442
-0.0447404
-0.0328451
-0.0981282
-0.141733
-0.177722
-0.250494
-0.270479
-0.242089
-0.175942
-0.146222
-0.133235
-0.121503
-0.128039
-0.145729
-0.151372
-0.106306
-0.0809476
-0.0862369
-0.100936
-0.112706
-0.129622
-0.180875
-0.217227
-0.139907
-0.108204
-0.085277
-0.05074
-0.0346532
-0.0202062
-0.0134601
-0.00834554
-0.00602033
-0.00393675
-0.00260768
-0.000960098
-0.310181
-0.1852
-0.0928589
-0.0265973
-0.00343838
-0.06848
-0.123669
-0.152264
-0.232359
-0.314501
-0.250267
-0.176879
-0.142519
-0.126723
-0.125338
-0.130719
-0.149367
-0.151177
-0.103
-0.0720285
-0.0773151
-0.0860559
-0.107574
-0.126359
-0.190091
-0.214755
-0.125149
-0.0830132
-0.0813706
-0.050682
-0.0337891
-0.0183431
-0.012942
-0.00855174
-0.00604417
-0.00383171
-0.00259996
-0.00098318
-0.291858
-0.192808
-0.107003
-0.0371192
0.00947146
-0.0136775
-0.0900788
-0.117285
-0.196502
-0.269753
-0.232497
-0.170755
-0.136552
-0.117847
-0.125613
-0.130027
-0.15245
-0.152867
-0.102143
-0.0637935
-0.0700873
-0.0731118
-0.100456
-0.119471
-0.194841
-0.208444
-0.11444
-0.0607325
-0.076028
-0.0492609
-0.0327872
-0.016659
-0.0123382
-0.00866755
-0.00604731
-0.00374047
-0.00259374
-0.000999288
-0.276667
-0.195594
-0.115773
-0.0485845
0.013177
0.0542062
-0.0296612
-0.0802112
-0.167682
-0.241823
-0.219434
-0.167127
-0.132737
-0.108664
-0.120648
-0.126824
-0.154639
-0.15207
-0.0995422
-0.0571619
-0.0649888
-0.0626512
-0.0908733
-0.108862
-0.195471
-0.198746
-0.106651
-0.0404501
-0.0690546
-0.0457329
-0.0315861
-0.015243
-0.0117249
-0.00870643
-0.00601921
-0.00366781
-0.00258985
-0.00100648
-0.269757
-0.209521
-0.139149
-0.073516
-0.0155969
0.0289621
0.0222225
-0.0383652
-0.121726
-0.190407
-0.183059
-0.149711
-0.127038
-0.0996796
-0.109359
-0.120143
-0.153946
-0.155381
-0.100563
-0.051222
-0.0605767
-0.05303
-0.0802204
-0.0941142
-0.192147
-0.18819
-0.10438
-0.0202927
-0.0611892
-0.0576729
-0.0306483
-0.014041
-0.0110535
-0.00867093
-0.00597734
-0.00362546
-0.00259682
-0.00100469
-0.239127
-0.1955
-0.125308
-0.0593715
0.000550702
0.0793444
0.0997291
0.0124851
-0.0892611
-0.15822
-0.145875
-0.120427
-0.106043
-0.0858659
-0.0944859
-0.112353
-0.139385
-0.145399
-0.0980212
-0.0464992
-0.0556453
-0.0491739
-0.0705742
-0.0845772
-0.177319
-0.169889
-0.103389
-0.0243492
-0.0528351
-0.0481935
-0.0285676
-0.0130409
-0.0103007
-0.00846006
-0.00580251
-0.00358396
-0.00259997
-0.000986753
-0.183066
-0.151604
-0.095054
-0.0408279
0.00974102
0.060278
0.0819505
0.0288717
-0.0439489
-0.0771402
-0.0885953
-0.0824936
-0.0790865
-0.0630486
-0.0714583
-0.102843
-0.132789
-0.13307
-0.0891457
-0.0395574
-0.0425341
-0.0378182
-0.0530502
-0.0683794
-0.15426
-0.154048
-0.0860796
-0.0147929
-0.0421942
-0.052129
-0.0255447
-0.0111669
-0.00927074
-0.00809811
-0.00551971
-0.00354474
-0.00260699
-0.000953227
-0.144658
-0.126381
-0.0856759
-0.0417179
0.000299992
0.0430203
0.0624148
0.0337444
-0.0134971
-0.0477188
-0.0561825
-0.0561911
-0.0575574
-0.044257
-0.042587
-0.067292
-0.0980322
-0.096259
-0.0688036
-0.0360236
-0.0331368
-0.0295915
-0.0345304
-0.0462442
-0.122404
-0.115608
-0.0567436
-0.00916268
-0.030984
-0.040339
-0.020834
-0.00932685
-0.00841031
-0.00764248
-0.00509633
-0.00354745
-0.00266684
-0.000914204
-0.113903
-0.102567
-0.0728671
-0.038237
-0.00636001
0.0223556
0.0389277
0.0258786
-0.00257094
-0.0249986
-0.0311273
-0.0322562
-0.0320217
-0.0210751
-0.0135787
-0.0291177
-0.0543974
-0.0502084
-0.0446135
-0.03861
-0.0268208
-0.0187907
-0.0133311
-0.026296
-0.0861989
-0.0645479
-0.023609
0.00347447
-0.0174024
-0.0330109
-0.0164226
-0.00774687
-0.00759314
-0.00708232
-0.0045375
-0.00358767
-0.00276908
-0.000868739
-0.0896278
-0.0830035
-0.0632636
-0.0385226
-0.0160882
0.00438402
0.0179778
0.0146845
0.0010993
-0.0126142
-0.0171646
-0.0185133
-0.0182911
-0.00901163
0.00695547
0.0103541
-0.0062119
-0.00996606
-0.0216312
-0.0345017
-0.0229613
-0.0138708
0.00177937
-0.0103059
-0.0507603
-0.0165292
0.00974045
0.0136716
-0.00292542
-0.0248542
-0.0122131
-0.00629988
-0.00693707
-0.0064828
-0.00380509
-0.00363208
-0.00292777
-0.000824395
-0.0709159
-0.0672853
-0.0545046
-0.0371997
-0.0209075
-0.00659496
0.00371299
0.00532606
0.000257771
-0.006582
-0.00815838
-0.0073178
-0.00395466
0.00334964
0.0174028
0.0255138
0.0108348
0.00624446
-0.00516519
-0.0210865
-0.0111286
-0.00645055
0.0107692
-0.0111288
-0.0282783
0.0121021
0.0328676
0.0200684
0.0114409
-0.0167265
-0.00949045
-0.00504982
-0.00644757
-0.00592412
-0.00289096
-0.00364237
-0.00317064
-0.000786871
-0.0554142
-0.0538282
-0.0461181
-0.034585
-0.0230339
-0.0127163
-0.00483397
-0.00137973
-0.00132345
-0.00355383
-0.00352111
-0.00218486
0.000481006
0.00664316
0.0190056
0.0257909
0.0163786
0.0113577
0.00474068
-0.00723762
-0.00412808
-0.00303443
0.0150277
-0.000345294
-0.0138034
0.0212706
0.040355
0.0211494
0.0208345
-0.00995376
-0.00934871
-0.00409346
-0.00628566
-0.00554549
-0.0019318
-0.00357281
-0.00335672
-0.000746674
-0.0430827
-0.0428791
-0.0383428
-0.0307634
-0.022722
-0.0153366
-0.00916574
-0.00529855
-0.00332129
-0.00301207
-0.00163836
0.000708557
0.00461407
0.00976443
0.0172967
0.0219946
0.0168247
0.0123258
0.0084985
0.0014135
0.00321237
0.00246109
0.015482
0.00713407
-0.00460319
0.0220253
0.0368604
0.0220606
0.0237347
-0.00589842
-0.0150112
-0.00399531
-0.00633663
-0.00537146
-0.00123639
-0.00342139
-0.00344182
-0.000710137
-0.0334327
-0.0338735
-0.0311892
-0.026293
-0.0207803
-0.0154479
-0.0106856
-0.00706081
-0.0043393
-0.00267314
-0.000548416
0.00181632
0.00487955
0.00861542
0.0134777
0.0173263
0.0149388
0.0119009
0.00949738
0.00502804
0.00602565
0.0048779
0.0138971
0.012123
0.00275621
0.0202023
0.0301268
0.0219116
0.0223732
-0.00137735
-0.0121891
-0.0034343
-0.00586585
-0.00490997
-0.000853258
-0.0031043
-0.00322618
-0.000632553
-0.0254333
-0.0261887
-0.0247791
-0.0216636
-0.0178714
-0.0140292
-0.0104293
-0.0073612
-0.00465959
-0.00262422
-0.000447205
0.00178192
0.0045953
0.00778612
0.0107833
0.0136227
0.0128322
0.0110304
0.00968009
0.00746703
0.00859179
0.00812325
0.0126327
0.0137663
0.00809747
0.0178187
0.0243051
0.0212721
0.0201492
0.00296872
-0.00706897
-0.00254352
-0.00470337
-0.00393485
-0.00067199
-0.00257868
-0.00271376
-0.000556539
-0.018966
-0.0198555
-0.0191518
-0.0171636
-0.0145897
-0.0118823
-0.00920343
-0.00673498
-0.00437857
-0.00240635
-0.00034998
0.00172367
0.00401083
0.00643862
0.00842045
0.0103916
0.0107397
0.00997796
0.00939133
0.0081487
0.00886872
0.00862443
0.0115075
0.0137135
0.0112309
0.0162064
0.0199654
0.0192944
0.0179591
0.00618776
-0.00207936
-0.00106939
-0.00305763
-0.00255831
-0.000448502
-0.00190108
-0.00202759
-0.000446932
-0.0137211
-0.0145648
-0.0142705
-0.0130343
-0.0113065
-0.0093956
-0.00743173
-0.0055312
-0.00364214
-0.00192257
-0.000188348
0.00155693
0.00338266
0.00531455
0.00693433
0.00852966
0.00913694
0.00903649
0.00893247
0.00862917
0.00931969
0.00975509
0.01116
0.0129152
0.0122908
0.0147498
0.0168266
0.0167928
0.0157439
0.00799374
0.00164013
0.000485235
-0.00150947
-0.00133883
-0.000178151
-0.0012677
-0.00143615
-0.000342605
-0.00939639
-0.0101699
-0.0101164
-0.00934628
-0.00818342
-0.00686483
-0.00547329
-0.00406441
-0.00262402
-0.00124672
0.000133008
0.00154743
0.00301452
0.00452567
0.00583902
0.00703217
0.00781115
0.00817303
0.00839243
0.0085323
0.00907632
0.00954395
0.0104924
0.0116707
0.0111879
0.0131309
0.0143072
0.01407
0.0133096
0.00849189
0.00379016
0.00181298
-0.000214296
-0.000445451
7.95135e-05
-0.000747676
-0.000953566
-0.000243078
-0.00588483
-0.00653735
-0.0065903
-0.00612125
-0.00536267
-0.00447685
-0.00352167
-0.00250644
-0.00144255
-0.000389786
0.000661909
0.00175118
0.00289797
0.0040628
0.0051263
0.00608713
0.00687221
0.00743539
0.00782698
0.00819791
0.00876386
0.00925383
0.00988631
0.0106915
0.0107408
0.0117065
0.012284
0.0118519
0.0112254
0.00824038
0.00477965
0.00283092
0.000882805
0.000260606
0.000344165
-0.000312375
-0.000553299
-0.000141953
-0.00298966
-0.00352048
-0.00363432
-0.00337132
-0.00289202
-0.00230867
-0.00166912
-0.000964893
-0.000211698
0.000554216
0.00132488
0.00213253
0.00300343
0.00389592
0.00473401
0.00551202
0.00620803
0.00681986
0.0072967
0.00773123
0.00824512
0.0086865
0.00913446
0.00972878
0.00990332
0.0103608
0.0105721
0.0100501
0.00949592
0.00761053
0.0052126
0.00349042
0.00174528
0.000849005
0.000599399
3.45755e-05
-0.000243496
-6.06625e-05
-0.000621582
-0.00104793
-0.00118369
-0.00105076
-0.000763654
-0.000398922
8.51425e-06
0.000475742
0.000990138
0.00152833
0.00207227
0.00264682
0.00328389
0.00394789
0.00459251
0.00520996
0.00579878
0.00635853
0.00682816
0.00725339
0.00770286
0.00810151
0.00844513
0.00884424
0.00900575
0.00918243
0.00921234
0.00874327
0.00822816
0.00696411
0.00529918
0.00389101
0.00239989
0.00140589
0.000910963
0.000352493
2.24002e-05
2.06626e-05
0.00129824
0.000967729
0.000831768
0.000878224
0.00103014
0.00123895
0.00148196
0.00177632
0.00210845
0.00246652
0.00283105
0.00322799
0.00366957
0.00414977
0.00462682
0.00509728
0.00556652
0.00602781
0.00643908
0.00681218
0.00718706
0.00751625
0.00777485
0.00803062
0.00815479
0.00818215
0.00810519
0.00770904
0.00723365
0.00634401
0.00513812
0.00401181
0.00280753
0.00185351
0.00121261
0.000633484
0.000244267
8.1857e-05
0.00284677
0.0025927
0.00246351
0.00245372
0.00251406
0.00261479
0.00274125
0.00290934
0.00310596
0.00332791
0.00355433
0.00381319
0.00410791
0.00443882
0.00477157
0.00511102
0.00546296
0.00581359
0.00614227
0.0064365
0.00673001
0.00697852
0.00717271
0.00732854
0.00740076
0.00736713
0.00724482
0.00691679
0.00647618
0.00581274
0.00493374
0.00403493
0.00305833
0.00219776
0.00149776
0.000891212
0.000445403
0.000144859
0.00407368
0.00387888
0.00376049
0.00371534
0.00371457
0.0037409
0.00378675
0.00386508
0.00396411
0.00408599
0.00421003
0.00436517
0.00454448
0.00475873
0.00497647
0.00520449
0.00544759
0.0056917
0.00593321
0.00614074
0.00635556
0.00652415
0.00665942
0.00674708
0.00677016
0.00671442
0.00656368
0.00629041
0.0059024
0.00537585
0.0047155
0.00397747
0.00317662
0.00242954
0.00172616
0.00110816
0.000625553
0.000204476
0.00502154
0.00487061
0.00476191
0.00469536
0.00465477
0.0046321
0.00462396
0.00463911
0.00467012
0.00471827
0.00477091
0.00484669
0.00494133
0.00506235
0.00518979
0.00532818
0.00548105
0.00563564
0.00579225
0.00592719
0.00606631
0.00617198
0.00624854
0.0062875
0.00626972
0.00619741
0.00604403
0.00580311
0.00546833
0.00502717
0.00449974
0.00389808
0.00322087
0.00256543
0.00190788
0.00128126
0.000761575
0.000256183
0.00572198
0.00560135
0.00550038
0.00542162
0.00535612
0.00530264
0.00525922
0.00523185
0.00521677
0.00521371
0.00521799
0.00523674
0.00527182
0.00532311
0.00538402
0.00545377
0.00553482
0.00562061
0.00570653
0.00578362
0.00585794
0.00591142
0.00594135
0.00593956
0.00589499
0.00580573
0.00565105
0.00543219
0.00513455
0.00475732
0.00431083
0.00379136
0.00321133
0.00261964
0.00200297
0.00139053
0.000837817
0.000281982
0.00619298
0.00609113
0.00599613
0.00591064
0.0058312
0.00575987
0.00569522
0.00564227
0.00559736
0.00556313
0.0055349
0.00551866
0.00551279
0.00551951
0.00553489
0.00555788
0.00559028
0.00562535
0.00566445
0.00569599
0.00572604
0.00574045
0.00573572
0.00570683
0.00564034
0.00553942
0.00538415
0.00517629
0.00490388
0.00456599
0.00416615
0.00370411
0.00318529
0.00263447
0.00205714
0.00145856
0.000877338
0.000296202
0.00643462
0.00634216
0.0062506
0.00616259
0.00607739
0.00599814
0.00592401
0.00585841
0.00579921
0.00574901
0.00570531
0.00567105
0.00564487
0.00562836
0.00562007
0.00561896
0.00562499
0.00563401
0.00564641
0.00565457
0.0056596
0.00565287
0.00562975
0.00558449
0.00550747
0.00539848
0.00524307
0.00504123
0.00478001
0.00446245
0.00408716
0.00365239
0.00316469
0.00263516
0.00207724
0.00148988
0.00089693
0.000302477
-0.172936
-0.184164
-0.195471
-0.204311
-0.214131
-0.217212
-0.224164
-0.225907
-0.143117
-0.149219
-0.155272
-0.159636
-0.163558
-0.165745
-0.168255
-0.175131
-0.115991
-0.119199
-0.121658
-0.124825
-0.127886
-0.131836
-0.133868
-0.139167
-0.0947146
-0.0961684
-0.0973377
-0.100064
-0.101948
-0.104402
-0.105055
-0.10871
-0.0761474
-0.0768505
-0.0772607
-0.0787723
-0.0794205
-0.0806871
-0.0815075
-0.0849417
-0.0610895
-0.0611009
-0.0609538
-0.0615984
-0.0619616
-0.0629959
-0.0640484
-0.06702
-0.0484704
-0.0481389
-0.0478129
-0.0481219
-0.0484777
-0.0493017
-0.0501913
-0.052385
-0.0382034
-0.0377419
-0.0373538
-0.0374496
-0.0376563
-0.0381261
-0.0386856
-0.0403555
-0.0297164
-0.0292139
-0.0287579
-0.0286256
-0.0286299
-0.0288964
-0.029473
-0.0310516
-0.0226453
-0.0221685
-0.0217219
-0.0215296
-0.0215344
-0.0218056
-0.0223514
-0.02357
-0.0168189
-0.0164348
-0.0160685
-0.0158814
-0.0158583
-0.0160261
-0.0164274
-0.0173974
-0.0119926
-0.0117024
-0.011407
-0.0112252
-0.0111815
-0.0113066
-0.0116534
-0.0124489
-0.00799296
-0.00779535
-0.007584
-0.00744654
-0.00741311
-0.00750195
-0.00776455
-0.00838205
-0.00467435
-0.00455957
-0.00442439
-0.00432824
-0.00430148
-0.00437025
-0.00458794
-0.00508249
-0.00193003
-0.0018869
-0.00182052
-0.0017727
-0.00177134
-0.00183834
-0.00201182
-0.00238318
0.000310298
0.000299402
0.00031243
0.000321938
0.000306686
0.000248957
0.000115651
-0.000162267
0.00213703
0.00209058
0.00206647
0.00204681
0.00201508
0.00195634
0.00184609
0.00163789
0.00360914
0.0035393
0.00348872
0.00344617
0.00340007
0.00333923
0.00324745
0.00309355
0.00477706
0.00469402
0.00462704
0.00456906
0.00451252
0.00444922
0.00436946
0.00425311
0.00567897
0.00558998
0.00551375
0.00544641
0.00538282
0.00531797
0.00524582
0.00515518
0.00634338
0.00625335
0.00617322
0.00610118
0.00603372
0.00596817
0.0059006
0.00582607
0.00678535
0.00669745
0.00661705
0.0065434
0.00647458
0.00640885
0.00634423
0.00627863
0.00700667
0.00692389
0.00684578
0.00677251
0.00670337
0.00663758
0.00657401
0.00651207
0.00301682
0.00487291
0.00562591
0.00465086
0.00146903
-0.00393116
-0.0116779
-0.0223967
-0.0372162
-0.0577435
-0.0862034
-0.125729
-0.181353
-0.256571
-0.327422
-0.0246822
-0.0257275
-0.0296828
-0.035712
-0.0436003
-0.0536848
-0.0666066
-0.0833041
-0.105054
-0.133568
-0.171196
-0.221101
-0.288511
-0.377351
-0.454895
-0.0509664
-0.0555848
-0.0642624
-0.0749684
-0.0872645
-0.101842
-0.119704
-0.141958
-0.169972
-0.205575
-0.251311
-0.310389
-0.387207
-0.488402
-0.564575
-0.0780856
-0.0863063
-0.0986779
-0.112913
-0.128865
-0.147491
-0.169866
-0.197093
-0.230577
-0.272233
-0.324716
-0.391565
-0.475836
-0.581978
-0.654513
-0.105865
-0.117427
-0.132472
-0.149239
-0.168107
-0.190184
-0.216454
-0.247893
-0.285811
-0.332317
-0.389919
-0.462326
-0.551439
-0.656152
-0.723062
-0.13237
-0.147098
-0.164337
-0.183247
-0.204684
-0.229694
-0.259101
-0.293854
-0.335041
-0.385033
-0.446208
-0.521583
-0.611593
-0.710993
-0.769629
-0.157011
-0.174431
-0.193467
-0.214338
-0.238167
-0.265645
-0.297478
-0.334614
-0.378291
-0.430295
-0.492923
-0.568298
-0.655802
-0.74618
-0.79525
-0.179497
-0.198656
-0.219531
-0.242667
-0.268722
-0.29826
-0.33193
-0.370642
-0.41556
-0.46813
-0.530244
-0.603132
-0.684676
-0.762284
-0.802473
0.183554
0.19803
0.214348
0.232885
0.253643
0.276491
0.301334
0.328132
0.356803
0.38708
0.418361
0.449442
0.478288
0.500824
0.51921
0.175245
0.188321
0.203466
0.221046
0.240835
0.262527
0.285982
0.311164
0.33798
0.366112
0.394868
0.422931
0.448106
0.466341
0.480489
0.162715
0.173661
0.187053
0.203122
0.221304
0.241061
0.262164
0.284548
0.308072
0.332329
0.356495
0.379086
0.397634
0.408202
0.415139
0.14597
0.15425
0.165432
0.179427
0.195291
0.212291
0.230132
0.248696
0.267745
0.286709
0.30455
0.319543
0.328843
0.328443
0.325746
0.12517
0.130556
0.139431
0.151106
0.164104
0.177529
0.191108
0.204742
0.218115
0.230476
0.240524
0.246235
0.24435
0.2306
0.215416
0.100547
0.102471
0.108862
0.118102
0.128006
0.137509
0.146343
0.154391
0.161227
0.165922
0.166939
0.161957
0.147284
0.11839
0.0885337
0.0729283
0.071942
0.0759372
0.0820092
0.0878698
0.0926869
0.0962876
0.0983977
0.0983123
0.0948405
0.0861855
0.0697292
0.0413896
-0.00340726
-0.0485389
0.0404693
0.0385168
0.0416657
0.0446448
0.0459405
0.045444
0.0432402
0.0389138
0.0314843
0.0194883
0.000871198
-0.0273059
-0.0695839
-0.130222
-0.189711
0.0260379
0.0304433
0.026777
0.0306889
0.0282444
0.0325313
0.0307536
0.0351401
0.0344707
0.0389385
0.0396664
0.0444383
0.0469262
0.0524791
0.0571427
0.0643506
0.0716398
0.0815226
0.0923655
0.106182
0.121878
0.141245
0.163433
0.0259639
0.0303307
0.0267001
0.0305506
0.028149
0.0323584
0.0306233
0.0349013
0.0342702
0.0386499
0.0393366
0.0440377
0.0464464
0.051897
0.0563994
0.0634545
0.0703579
0.0799925
0.090186
0.103527
0.118124
0.136552
0.157033
0.0258998
0.0301928
0.0266413
0.0303835
0.0280791
0.032154
0.0305179
0.0346274
0.0341044
0.0383189
0.0390388
0.043575
0.0459592
0.0511227
0.0555787
0.0624136
0.0688796
0.0782318
0.0875243
0.100182
0.113218
0.130131
0.147709
0.0258448
0.0300315
0.0265991
0.0301918
0.028031
0.0319239
0.0304584
0.034328
0.0339636
0.0379676
0.0387662
0.0431427
0.0455286
0.0505965
0.0548495
0.0614882
0.0673748
0.0763871
0.0844812
0.0962113
0.107049
0.121796
0.135301
0.0257995
0.0298507
0.0265711
0.0299799
0.0280018
0.0316698
0.0303981
0.0340097
0.0338424
0.0375838
0.0385055
0.0426222
0.044997
0.049622
0.0539415
0.0601533
0.0654973
0.0738565
0.080759
0.0912209
0.0995933
0.111437
0.119627
0.0257563
0.0296535
0.026551
0.0297531
0.0279846
0.0314019
0.0303716
0.0337068
0.0337407
0.0372289
0.0383028
0.0422613
0.0446976
0.0493523
0.0532587
0.0591817
0.0638468
0.071613
0.0768812
0.0858098
0.0907612
0.0993124
0.101192
0.0257232
0.029442
0.0265379
0.0295193
0.0279766
0.0311251
0.0303304
0.0333744
0.0336354
0.0368173
0.0380418
0.0416781
0.0441192
0.0482363
0.0521476
0.0573214
0.0615744
0.0681272
0.0722391
0.0790454
0.0811371
0.0846952
0.0799612
0.0256868
0.0292239
0.0265268
0.0292879
0.0279725
0.0308702
0.030345
0.0331328
0.0335664
0.0365657
0.0379544
0.0415266
0.0439416
0.0481111
0.0516034
0.056496
0.0599321
0.0656632
0.0675166
0.0720713
0.0691993
0.0690748
0.0550165
0.0256439
0.0289366
0.0265216
0.0289616
0.0279574
0.0304567
0.0302517
0.0326335
0.0333629
0.0359077
0.0374822
0.0405479
0.0428465
0.0461976
0.0494574
0.0528335
0.0558264
0.0587883
0.0594844
0.0596294
0.0539287
0.044417
0.0231482
0.0255983
0.0285467
0.0265194
0.0285219
0.0279083
0.0298695
0.030084
0.0318806
0.0329303
0.0348147
0.0365168
0.0388147
0.0410154
0.0434524
0.0460882
0.0479073
0.0497334
0.0501203
0.0491314
0.0449957
0.0378953
0.0254084
0.00879507
0.0255683
0.0280761
0.026531
0.0279996
0.0278729
0.0291928
0.0298805
0.031064
0.032384
0.0337189
0.0354455
0.0370854
0.038981
0.0405318
0.0423125
0.0428792
0.0432967
0.04182
0.0390123
0.0329781
0.0248263
0.0125237
-0.00302553
0.0255544
0.0275147
0.0265585
0.0274093
0.0277963
0.028542
0.0295499
0.0302848
0.0316811
0.0325634
0.0341787
0.0351812
0.0366608
0.0374567
0.0381893
0.0377888
0.0367875
0.0339449
0.029772
0.0228995
0.0142805
0.00270722
-0.0113786
0.0255598
0.0268551
0.0265583
0.0268557
0.0275982
0.0279326
0.0290905
0.0294744
0.0307931
0.0313606
0.0326703
0.0331596
0.0340573
0.034249
0.0339081
0.0326804
0.0305643
0.0267559
0.0218005
0.0147773
0.00640012
-0.00411283
-0.0166431
0.0255791
0.0261656
0.0264453
0.0263474
0.0273025
0.0273268
0.0284907
0.0286454
0.0297301
0.0300669
0.0309587
0.0310006
0.0312926
0.0309243
0.0296731
0.0277168
0.024874
0.0205642
0.015326
0.00859558
0.000840998
-0.00849162
-0.0193948
0.0255656
0.0254951
0.0262137
0.0258715
0.0268894
0.0267207
0.0277468
0.0277776
0.0285148
0.028667
0.029096
0.0287207
0.0284605
0.027561
0.0256443
0.0231572
0.0199259
0.0155112
0.0103219
0.00413213
-0.00276942
-0.0107906
-0.0199846
0.0254956
0.0248603
0.0258708
0.025412
0.0263516
0.0261011
0.0268733
0.0268424
0.0271943
0.0271536
0.0271385
0.026374
0.0256475
0.0242991
0.02196
0.019171
0.0158066
0.0115693
0.00669494
0.00119245
-0.00472613
-0.0113971
-0.0189515
0.0253416
0.0242828
0.0254055
0.0249555
0.0256973
0.0254543
0.0259051
0.0258139
0.0258078
0.0255455
0.0251401
0.024041
0.0229437
0.0212684
0.0187322
0.01585
0.0125487
0.00866585
0.00430182
-0.000436843
-0.00537664
-0.0107905
-0.016876
0.0250861
0.0237737
0.0248199
0.0244837
0.0249492
0.0247389
0.0248801
0.0246853
0.0243821
0.0238837
0.023158
0.0218088
0.0204414
0.018577
0.0160217
0.013217
0.0101295
0.00669158
0.00292998
-0.00103672
-0.00507709
-0.00939572
-0.0142249
0.0247175
0.023331
0.0241351
0.0239675
0.0241504
0.0239398
0.0238231
0.0234782
0.0229389
0.0222183
0.0212505
0.01975
0.0182192
0.0162922
0.0138466
0.0112421
0.00846599
0.00550411
0.00235238
-0.000890892
-0.00413923
-0.00754608
-0.0113434
0.0242332
0.0229403
0.0233884
0.023347
0.0233288
0.0230661
0.0227488
0.0222337
0.021508
0.0206111
0.0194775
0.0179197
0.0163291
0.0144437
0.0121897
0.00985674
0.00743973
0.00494495
0.00235844
-0.000247154
-0.00282265
-0.00548903
-0.00845755
0.0236425
0.022569
0.0226416
0.0226022
0.0224796
0.0221407
0.0216684
0.0209981
0.0201325
0.0191163
0.0178912
0.0163499
0.0147857
0.0130164
0.0110012
0.00897119
0.00692024
0.00485563
0.00276255
0.000692964
-0.00132933
-0.00340432
-0.00571379
0.0229691
0.0221572
0.0219423
0.0217802
0.0215876
0.0211708
0.0205904
0.0198115
0.0188539
0.0177746
0.0165246
0.0150532
0.0135758
0.0119697
0.0102153
0.0084889
0.00678101
0.00509416
0.00341553
0.00178243
0.000201884
-0.00140999
-0.00320291
0.0222421
0.0216486
0.0212828
0.0209868
0.020678
0.0201789
0.0195295
0.018695
0.0177007
0.0166093
0.0153871
0.0140214
0.0126698
0.0112507
0.00975463
0.00830998
0.00690605
0.00554028
0.00420234
0.00291854
0.00168632
0.000436923
-0.000950068
0.0214954
0.0210569
0.02064
0.0202249
0.019785
0.0192091
0.0185129
0.0176616
0.0166787
0.0156222
0.0144733
0.0132389
0.0120332
0.010803
0.00954263
0.00834416
0.00719659
0.00609432
0.00502946
0.00402033
0.00305969
0.0020916
0.00102216
0.0207538
0.020408
0.0199792
0.0194885
0.018944
0.0183036
0.0175754
0.016733
0.0157939
0.014807
0.0137633
0.0126753
0.0116229
0.010571
0.00951531
0.00852075
0.00757866
0.00668447
0.00583338
0.00503756
0.00428724
0.00353707
0.00271729
0.0200352
0.0197399
0.0193094
0.0187797
0.0181746
0.0174915
0.0167469
0.0159291
0.0150505
0.014149
0.0132223
0.0122813
0.0113779
0.0104878
0.00960681
0.00877818
0.00799761
0.00726471
0.00657791
0.00594444
0.00535365
0.00477094
0.00414549
0.0193559
0.0190866
0.0186584
0.018115
0.0174869
0.0167892
0.0160462
0.015263
0.0144505
0.0136364
0.0128218
0.0120134
0.011241
0.0104887
0.00975316
0.00906084
0.0084103
0.00780395
0.00724226
0.00672945
0.00625694
0.00579975
0.00532263
0.0187378
0.0184833
0.0180609
0.0175173
0.0168895
0.0162005
0.0154758
0.0147345
0.0139877
0.0132535
0.0125348
0.0118357
0.0111723
0.0105338
0.00991725
0.00933741
0.00879364
0.00828755
0.00782011
0.00739432
0.00700511
0.0066369
0.00626743
0.0182109
0.0179668
0.0175528
0.0170168
0.0164012
0.0157333
0.0150363
0.0143346
0.0136432
0.0129726
0.0123261
0.01171
0.0111319
0.0105837
0.0100622
0.00957456
0.00912028
0.00869819
0.00830636
0.00794513
0.00761308
0.00730416
0.00700844
0.0178108
0.017573
0.0171686
0.0166436
0.0160429
0.0153987
0.0147304
0.0140635
0.0134168
0.0127964
0.0122043
0.0116471
0.0111281
0.0106416
0.0101828
0.00975326
0.00935368
0.00898418
0.00864333
0.00832951
0.00804087
0.00777492
0.00752835
0.0175917
0.017359
0.016958
0.0164355
0.0158395
0.0152056
0.0145526
0.0139034
0.0132785
0.0126855
0.0121263
0.0116047
0.011122
0.0106734
0.0102526
0.00985836
0.00949285
0.00915783
0.0088524
0.00857366
0.00831842
0.00808501
0.00787403
-0.000498253
-0.0263136
-0.0518735
-0.0750112
-0.0980654
-0.120191
-0.140907
-0.158388
-0.00961782
-0.0330587
-0.0590111
-0.0789633
-0.0950138
-0.109951
-0.123603
-0.13464
-0.0185682
-0.0373374
-0.0582268
-0.0732314
-0.0835495
-0.0934981
-0.102719
-0.110504
-0.0251957
-0.0402244
-0.0554358
-0.0667095
-0.0741785
-0.0810646
-0.086999
-0.0919214
-0.0290144
-0.0408329
-0.0509585
-0.0584694
-0.0636094
-0.0680947
-0.0716483
-0.0746129
-0.0301152
-0.0390982
-0.0454057
-0.0500246
-0.053557
-0.0566191
-0.0588723
-0.0605241
-0.0289982
-0.0356899
-0.0393468
-0.0419094
-0.0442044
-0.046257
-0.0476509
-0.0484532
-0.0263553
-0.0313005
-0.0332273
-0.0344106
-0.0357854
-0.0371518
-0.0380446
-0.0384123
-0.0228412
-0.0264874
-0.0273518
-0.0276661
-0.0283796
-0.029269
-0.0298587
-0.0300086
-0.0189578
-0.0216455
-0.0218979
-0.021704
-0.021964
-0.022509
-0.0228998
-0.0229465
-0.015055
-0.0170343
-0.0169614
-0.0165061
-0.0164765
-0.0167784
-0.0170417
-0.0170617
-0.011343
-0.0127991
-0.0125757
-0.0120205
-0.0118275
-0.0119652
-0.0121424
-0.0121641
-0.00793739
-0.00900597
-0.00873393
-0.00817422
-0.00790566
-0.00794178
-0.00806303
-0.00809635
-0.0049047
-0.00568619
-0.00541908
-0.00490209
-0.00460734
-0.00458332
-0.00466963
-0.00471803
-0.00224514
-0.00281556
-0.00257901
-0.00213339
-0.00185092
-0.00179543
-0.00185844
-0.00192154
4.77901e-05
-0.000364385
-0.000170367
0.000189039
0.000430296
0.000489204
0.00043514
0.000358431
0.001992
0.00169576
0.00184316
0.00211492
0.00230196
0.00234765
0.0022948
0.00220987
0.00361159
0.00339926
0.00350165
0.00369233
0.00382217
0.00384541
0.0037879
0.00369715
0.00493307
0.00477985
0.00484143
0.00496106
0.00503629
0.00503314
0.00496754
0.00487286
0.00598103
0.00586559
0.00589044
0.00595015
0.00597721
0.00594847
0.00587418
0.00577749
0.00678954
0.0066906
0.00667751
0.00668438
0.00666946
0.00661822
0.00653695
0.0064407
0.00734976
0.00725485
0.0072083
0.00717261
0.00712483
0.00705683
0.00697195
0.00687862
0.0077135
0.0076012
0.00750833
0.00742625
0.00734691
0.00726518
0.00717993
0.00709279
-0.333109
-0.340439
-0.35014
-0.362808
-0.379977
-0.402921
-0.429319
-0.453421
-0.334241
-0.339704
-0.346827
-0.356503
-0.370131
-0.387722
-0.408459
-0.428337
-0.332505
-0.337089
-0.342207
-0.349301
-0.359894
-0.37337
-0.386368
-0.394607
-0.328112
-0.332057
-0.335512
-0.339786
-0.345621
-0.351784
-0.355142
-0.352428
-0.319743
-0.323245
-0.324819
-0.325396
-0.32545
-0.324239
-0.319899
-0.310105
-0.30695
-0.309679
-0.309065
-0.306005
-0.301353
-0.295076
-0.285908
-0.271957
-0.290232
-0.29187
-0.289244
-0.283533
-0.27604
-0.266892
-0.254986
-0.238705
-0.271212
-0.271686
-0.267474
-0.260227
-0.251332
-0.24071
-0.227353
-0.209886
-0.251881
-0.251122
-0.245682
-0.237699
-0.228159
-0.216814
-0.202767
-0.184835
-0.233893
-0.231583
-0.225113
-0.216777
-0.206833
-0.195202
-0.180887
-0.162986
-0.218273
-0.213657
-0.206363
-0.197607
-0.187389
-0.175696
-0.1614
-0.143871
-0.204516
-0.197529
-0.189477
-0.180075
-0.169723
-0.158018
-0.144056
-0.127106
-0.19265
-0.18312
-0.174095
-0.163896
-0.153562
-0.141937
-0.12858
-0.112441
-0.181063
-0.169784
-0.159561
-0.149029
-0.138768
-0.127358
-0.114678
-0.0995315
-0.170184
-0.157459
-0.145919
-0.13558
-0.124929
-0.113776
-0.101707
-0.0879179
-0.476941
-0.437802
-0.404634
-0.378191
-0.357716
-0.342465
-0.332708
-0.329641
-0.479216
-0.439301
-0.40539
-0.378668
-0.358524
-0.343914
-0.33467
-0.331619
-0.482283
-0.439287
-0.403213
-0.37555
-0.35546
-0.341133
-0.332172
-0.329628
-0.489289
-0.440772
-0.400601
-0.370584
-0.349659
-0.334715
-0.325936
-0.324256
-0.499804
-0.443471
-0.397339
-0.363938
-0.340492
-0.32431
-0.315535
-0.315121
-0.512338
-0.446024
-0.392486
-0.354274
-0.327772
-0.309837
-0.301117
-0.30186
-0.524513
-0.446714
-0.384695
-0.341141
-0.31137
-0.291654
-0.282897
-0.285028
-0.532887
-0.443721
-0.373126
-0.324412
-0.291693
-0.270737
-0.263179
-0.266272
-0.538777
-0.436733
-0.357729
-0.304727
-0.269636
-0.24894
-0.243189
-0.247412
-0.536719
-0.42447
-0.339048
-0.28365
-0.24805
-0.228694
-0.22509
-0.230284
-0.525061
-0.407152
-0.318949
-0.26161
-0.227622
-0.211779
-0.211334
-0.216768
-0.503925
-0.386278
-0.300507
-0.248565
-0.217118
-0.202914
-0.20288
-0.206417
-0.476036
-0.365613
-0.283442
-0.233754
-0.207439
-0.198891
-0.199984
-0.199554
-0.444993
-0.351715
-0.287151
-0.242075
-0.214363
-0.203762
-0.201474
-0.194273
-0.41314
-0.334767
-0.280388
-0.247888
-0.227178
-0.216448
-0.206968
-0.189644
-0.395157
-0.360444
-0.312218
-0.274022
-0.248727
-0.229767
-0.210557
-0.184142
-0.432156
-0.456966
-0.44196
-0.390621
-0.337923
-0.279736
-0.234388
-0.196303
-0.471433
-0.509276
-0.505731
-0.461888
-0.402144
-0.332427
-0.26475
-0.209815
-0.431071
-0.459494
-0.460076
-0.421729
-0.370871
-0.311969
-0.259493
-0.210774
-0.308219
-0.331157
-0.336327
-0.315961
-0.288056
-0.254807
-0.22749
-0.197083
-0.209069
-0.219805
-0.221731
-0.216161
-0.207826
-0.194162
-0.18318
-0.169549
-0.164096
-0.16203
-0.158186
-0.153523
-0.150816
-0.146322
-0.143051
-0.137655
-0.153178
-0.141614
-0.134558
-0.128788
-0.124181
-0.119548
-0.116066
-0.114201
-0.159424
-0.129938
-0.114151
-0.109756
-0.108198
-0.10401
-0.0997043
-0.0977552
-0.164279
-0.122743
-0.0958391
-0.0864579
-0.089727
-0.0950473
-0.0930088
-0.0801844
-0.152351
-0.126279
-0.10437
-0.094185
-0.0993984
-0.11149
-0.126894
-0.132138
-0.151561
-0.142023
-0.133327
-0.129076
-0.134357
-0.146063
-0.161246
-0.185974
-0.145674
-0.141993
-0.137221
-0.133389
-0.130846
-0.130974
-0.130975
-0.136415
-0.125656
-0.120998
-0.116312
-0.111932
-0.110655
-0.110833
-0.108541
-0.10935
-0.0980539
-0.0943619
-0.092463
-0.0925779
-0.095692
-0.0991213
-0.101699
-0.102441
-0.108517
-0.104245
-0.101108
-0.0993965
-0.100206
-0.100688
-0.101286
-0.0961636
-0.130969
-0.125387
-0.119799
-0.114482
-0.110176
-0.104957
-0.102765
-0.0961779
-0.144719
-0.138142
-0.129864
-0.120886
-0.111791
-0.102464
-0.0938724
-0.0838053
-0.121188
-0.12287
-0.122645
-0.120107
-0.115096
-0.107468
-0.097507
-0.0861414
-0.11491
-0.120934
-0.124906
-0.126168
-0.123933
-0.118239
-0.10781
-0.0933354
-0.137522
-0.151488
-0.164682
-0.176079
-0.184633
-0.188675
-0.188557
-0.183235
-0.165995
-0.177814
-0.186418
-0.192419
-0.194885
-0.195179
-0.190821
-0.187076
-0.112392
-0.106718
-0.100185
-0.0946645
-0.0901362
-0.0875814
-0.0842972
-0.0837329
-0.107853
-0.0971093
-0.0857471
-0.0746608
-0.0644211
-0.055512
-0.0479867
-0.0414063
-0.114421
-0.095682
-0.0779657
-0.062314
-0.0492882
-0.0392865
-0.0328519
-0.0295799
-0.168657
-0.145723
-0.120981
-0.0958103
-0.0716811
-0.0492785
-0.0275855
-0.00852102
-0.198634
-0.204
-0.205038
-0.201509
-0.193674
-0.181685
-0.166362
-0.148128
-0.197155
-0.208731
-0.214671
-0.214704
-0.208229
-0.19677
-0.180932
-0.163423
-0.0792814
-0.0736491
-0.0679752
-0.0631351
-0.0589148
-0.0557549
-0.0525472
-0.0509847
-0.0355583
-0.0296378
-0.023527
-0.0181453
-0.0133012
-0.0089115
-0.00570872
-0.00343021
-0.0341449
-0.0327285
-0.0308623
-0.0286683
-0.0262785
-0.0238481
-0.0213597
-0.018751
-0.0266378
-0.0272041
-0.0270917
-0.0262805
-0.024861
-0.0272288
-0.0253618
-0.0281518
-0.0140999
-0.013883
-0.013599
-0.0133099
-0.013044
-0.0128631
-0.0126564
-0.0125658
-0.00691911
-0.00655737
-0.00624969
-0.00600798
-0.00583899
-0.0057479
-0.00572547
-0.00576047
-0.0057699
-0.00567788
-0.0055784
-0.00547274
-0.00536401
-0.00525664
-0.00515702
-0.00506322
-0.00429633
-0.00433014
-0.00433284
-0.00430541
-0.004252
-0.00417827
-0.00409033
-0.00399399
-0.00263255
-0.00263578
-0.00263608
-0.00263007
-0.00261265
-0.00257882
-0.00252176
-0.00244519
-0.000850867
-0.000831495
-0.000817579
-0.000808195
-0.000801289
-0.000794213
-0.00078368
-0.000768231
-0.178989
-0.135426
-0.110242
-0.0860528
-0.063398
-0.0452323
-0.0312319
-0.0192184
-0.00990954
-0.00295621
0.00274126
0.00706525
0.0103398
0.0128467
0.0147314
0.0161312
0.0171585
0.0178884
0.0183969
0.0187341
0.0189401
0.0190546
0.0191022
-0.18623
-0.148672
-0.12228
-0.095647
-0.0716253
-0.0524173
-0.0364908
-0.0233397
-0.0132616
-0.00534137
0.000902531
0.00564838
0.00926688
0.0120247
0.0140992
0.0156472
0.0167817
0.0175917
0.0181566
0.0185321
0.0187638
0.0188938
0.0189489
-0.186079
-0.147427
-0.12081
-0.0946926
-0.0718574
-0.0531246
-0.0371672
-0.0242968
-0.0141409
-0.00604602
0.000230159
0.00506916
0.00877545
0.0115909
0.0137239
0.0153222
0.0164983
0.0173454
0.0179393
0.018338
0.0185871
0.018728
0.0187887
-0.179893
-0.136431
-0.111457
-0.0858238
-0.0650494
-0.0481146
-0.0335036
-0.021864
-0.0124636
-0.00499641
0.000811422
0.00535919
0.0088643
0.0115442
0.0136065
0.0151624
0.0163192
0.0171607
0.0177548
0.0181569
0.0184108
0.0185567
0.0186208
-0.166336
-0.122286
-0.0999485
-0.0738867
-0.0556202
-0.0403847
-0.0273322
-0.0172536
-0.0090953
-0.00268122
0.00233999
0.00632637
0.00943217
0.0118453
0.0137238
0.0151563
0.0162392
0.0170358
0.017604
0.0179929
0.0182412
0.0183847
0.0184482
-0.141918
-0.104211
-0.0858971
-0.0593474
-0.0450241
-0.0309555
-0.0198939
-0.0115416
-0.00484083
0.000344417
0.00442395
0.00769324
0.010284
0.0123536
0.0139936
0.0152646
0.0162405
0.0169653
0.0174869
0.0178457
0.0180753
0.0182095
0.0182692
-0.114032
-0.0839516
-0.0692621
-0.0448458
-0.0330551
-0.0199615
-0.0113886
-0.0050303
-2.27974e-05
0.00374973
0.00676934
0.00924584
0.0112847
0.0129647
0.0143334
0.0154227
0.0162716
0.0169115
0.0173771
0.0177004
0.0179092
0.018031
0.0180851
-0.094545
-0.0712868
-0.0559742
-0.0322761
-0.0217933
-0.00891356
-0.0027654
0.00181713
0.00504471
0.00732037
0.00921086
0.0108435
0.0122991
0.0135773
0.0146749
0.0155808
0.0163037
0.0168574
0.0172653
0.0175513
0.0177362
0.0178452
0.0178938
-0.0814454
-0.0581189
-0.0385555
-0.0156435
-0.00545528
0.00505783
0.00765728
0.00978657
0.0106417
0.0111618
0.0117856
0.0125201
0.0133518
0.0141988
0.0150068
0.0157188
0.0163142
0.0167848
0.0171376
0.0173893
0.0175547
0.0176521
0.0176957
-0.0663739
-0.0480051
-0.0184118
0.00350033
0.015364
0.0216571
0.0200441
0.0186339
0.0165554
0.0151609
0.0144253
0.0142327
0.014431
0.0148605
0.015382
0.0158958
0.0163548
0.0167331
0.0170234
0.0172344
0.0173729
0.0174547
0.0174913
-0.105457
-0.0778291
-0.00994902
0.022616
0.0394225
0.038705
0.0329889
0.0273058
0.0223276
0.0190457
0.0170142
0.0159613
0.0155523
0.0155611
0.015784
0.0160921
0.0164075
0.0166873
0.0169113
0.0170761
0.0171857
0.01725
0.0172781
-0.111015
-0.124436
0.0121413
0.0451509
0.0591068
0.0520968
0.0420742
0.0333443
0.0265569
0.0220788
0.0191021
0.0174044
0.0165681
0.0162492
0.016217
0.0163287
0.0164956
0.0166665
0.0168134
0.0169254
0.0169995
0.0170416
0.0170588
-0.120127
-0.0970919
-0.0217569
0.033151
0.0545991
0.0534444
0.0442005
0.0351198
0.0281689
0.0235341
0.0204147
0.0185164
0.0174034
0.0168198
0.0165649
0.0165085
0.0165467
0.0166208
0.0166955
0.0167552
0.0167958
0.0168182
0.0168262
-0.102103
-0.082651
-0.0428375
-0.00429966
0.0198229
0.0310031
0.0325508
0.0299808
0.0264786
0.0232588
0.0207705
0.0190857
0.0179912
0.0173118
0.0169041
0.0167052
0.0166147
0.0165854
0.0165825
0.0165881
0.0165923
0.0165908
0.016587
-0.100371
-0.0897572
-0.068679
-0.0400821
-0.0117189
0.00745677
0.0172967
0.0213895
0.0224169
0.0217532
0.0206744
0.0193987
0.0184237
0.0176858
0.0171696
0.0168696
0.0166701
0.0165463
0.0164666
0.0164114
0.0163724
0.0163455
0.0163299
-0.0981475
-0.0898598
-0.0745382
-0.0436105
-0.0176953
0.000287513
0.0107179
0.0165775
0.0191643
0.0201438
0.0201227
0.0193801
0.0187134
0.018004
0.0174365
0.0170329
0.0167309
0.0165061
0.0163488
0.0162333
0.0161522
0.0160964
0.0160656
-0.0935785
-0.0741806
-0.0571058
-0.0314646
-0.0128736
0.00401572
0.0115577
0.0178622
0.0194242
0.0204964
0.020188
0.0195323
0.0188599
0.0181722
0.0176095
0.017145
0.0167575
0.0164452
0.0162101
0.0160331
0.0159058
0.0158225
0.0157784
-0.0730531
-0.0538838
-0.0362007
-0.0132781
-0.00261729
0.0109005
0.0153527
0.0206323
0.0208927
0.021681
0.020717
0.0198749
0.0190097
0.0182795
0.0176969
0.0171757
0.0167163
0.01633
0.0160301
0.0158049
0.0156437
0.0155364
0.0154791
-0.0718055
-0.0475521
-0.0244694
-9.9558e-05
0.0135435
0.0219367
0.0243037
0.0254519
0.0237082
0.022934
0.0213658
0.0201957
0.0192063
0.0184444
0.0178043
0.0172126
0.0166772
0.0162173
0.0158468
0.0155643
0.0153579
0.0152235
0.0151525
-0.085776
-0.0666011
-0.0375264
-0.0103534
0.0140368
0.0213435
0.0255605
0.0253526
0.024008
0.0227148
0.0211285
0.0200075
0.0190912
0.0183908
0.0177394
0.0171078
0.0165202
0.0160098
0.0155961
0.0152769
0.0150435
0.0148874
0.0148053
-0.165801
-0.14323
-0.101883
-0.0528938
-0.0022274
0.0183347
0.026622
0.0233511
0.0231694
0.0217529
0.0205025
0.019588
0.0188101
0.0181608
0.0175164
0.0168986
0.0162984
0.0157649
0.0153144
0.0149605
0.0146975
0.0145186
0.0144254
-0.17178
-0.158472
-0.119119
-0.0664996
-0.0180823
0.00494609
0.0162991
0.0189277
0.0203227
0.0203745
0.0200413
0.0194788
0.0187691
0.0180101
0.0172809
0.0165931
0.0159529
0.015406
0.0149429
0.0145754
0.0142997
0.0141099
0.0140115
-0.0784299
-0.063581
-0.0397158
-0.0191197
-0.0081035
-0.00240506
0.00450425
0.0111508
0.0150143
0.0172864
0.0178607
0.0181672
0.0178588
0.0173582
0.0168213
0.0162202
0.0155921
0.0150316
0.0145452
0.0141592
0.0138685
0.0136651
0.0135616
-0.0339951
-0.0202783
-0.00752365
-0.000826642
0.00102022
0.003479
0.00906316
0.0151985
0.0172884
0.0191591
0.018946
0.0186063
0.0178568
0.0171204
0.0164394
0.0157605
0.0151173
0.0145402
0.0140538
0.0136656
0.0133705
0.0131667
0.0130605
-0.0267366
-0.0110756
-0.00109587
0.00813204
0.0120116
0.0180521
0.0171712
0.0184033
0.018589
0.0196684
0.0187361
0.0181988
0.0173389
0.0166953
0.0160049
0.015297
0.0146057
0.0139945
0.0134983
0.0131103
0.0128226
0.0126233
0.0125178
-0.000258381
0.0124435
0.0249185
0.0392612
0.0463543
0.0492391
0.0450615
0.0387314
0.0317049
0.0260993
0.0219728
0.0194473
0.0175427
0.0163396
0.0153504
0.0145717
0.0138859
0.0133185
0.012849
0.0124838
0.0122065
0.0120166
0.0119148
-0.122898
-0.0863767
-0.0460663
-0.00714406
0.0243216
0.0376313
0.0376557
0.029657
0.0254475
0.0228025
0.0207763
0.0188809
0.0171059
0.0156887
0.0145674
0.0136963
0.0130154
0.0124816
0.0120681
0.0117529
0.0115166
0.0113497
0.0112592
-0.138938
-0.117355
-0.0812317
-0.0428982
-0.00779844
0.0112796
0.015691
0.014088
0.0139099
0.0141504
0.0144044
0.014282
0.0138585
0.0133616
0.0128515
0.0123614
0.0119181
0.0115331
0.0112148
0.0109612
0.0107626
0.010618
0.0105385
-0.0464876
-0.0342813
-0.0199304
-0.00763522
0.00240678
0.00849173
0.0104385
0.0111855
0.0113765
0.0117714
0.0119506
0.0120268
0.0117999
0.0115563
0.011255
0.010959
0.0106614
0.010414
0.0102094
0.0100471
0.0099161
0.00981562
0.00975867
-0.00387691
-0.00212227
-0.0022539
-0.00204833
-0.00105402
0.000599371
0.00229918
0.00399257
0.00523448
0.0062893
0.00719128
0.00806864
0.00870917
0.00917908
0.00939013
0.0094394
0.00937818
0.00928556
0.0091893
0.00909891
0.0090229
0.00895506
0.00891597
-0.0162979
-0.0132011
-0.0101586
-0.00676453
-0.00351217
-0.000783533
0.0011398
0.00225064
0.00302217
0.00374515
0.00450371
0.00534684
0.00611116
0.00687332
0.00735299
0.00767211
0.00783949
0.00795019
0.00801226
0.00804738
0.00805079
0.00802782
0.00801116
-0.0242957
-0.0208308
-0.0159764
-0.0113414
-0.00670779
-0.00351158
-0.00128777
4.7053e-05
0.0012028
0.00219443
0.0030633
0.00380596
0.00443345
0.00506307
0.00562091
0.00608783
0.00642201
0.00665819
0.00682108
0.00694331
0.00701628
0.00703947
0.00704788
-0.0120669
-0.011229
-0.0102146
-0.00922815
-0.00816002
-0.00719158
-0.00613406
-0.00485696
-0.00327025
-0.00167751
-0.000212084
0.00105111
0.00209852
0.00302598
0.00379508
0.00444662
0.0049704
0.00536522
0.00564489
0.00584263
0.00596222
0.00601561
0.00604023
-0.0058673
-0.00584422
-0.00591377
-0.00594138
-0.00580439
-0.00538833
-0.00462422
-0.00364441
-0.00250549
-0.00142261
-0.000384917
0.000562585
0.00138341
0.00211041
0.00271241
0.0032505
0.00371219
0.00411021
0.00442872
0.00468111
0.00485002
0.00494027
0.00498571
-0.00495565
-0.00480763
-0.00467277
-0.00447884
-0.00416653
-0.0036934
-0.00300333
-0.00232688
-0.00161867
-0.000959435
-0.000319704
0.000291149
0.000873457
0.00141696
0.00189243
0.00233124
0.00272037
0.0030655
0.00335991
0.00359481
0.00375765
0.00385121
0.00390206
-0.0038365
-0.00360517
-0.0033378
-0.00302353
-0.00265739
-0.00226663
-0.00187299
-0.00154714
-0.00123731
-0.000918054
-0.000541217
-0.000119511
0.000327463
0.00079229
0.00120318
0.00156457
0.00186426
0.00212256
0.00234585
0.00252984
0.00266549
0.00275714
0.00280711
-0.00228436
-0.00201488
-0.00165432
-0.00120727
-0.00073077
-0.000354789
-0.000106283
-2.14187e-05
4.10442e-05
0.000107873
0.00020965
0.000343069
0.000488457
0.00066875
0.000841867
0.00105873
0.00118962
0.00131076
0.00140612
0.00150378
0.00158268
0.00164903
0.00168767
-0.000732701
-0.000662488
-0.000558883
-0.000426331
-0.000282924
-0.000160914
-7.57082e-05
-3.17439e-05
1.98448e-05
7.63114e-05
0.00013604
0.000188271
0.000222824
0.000264114
0.00030114
0.000362036
0.000410906
0.000455647
0.000484804
0.000516716
0.000538195
0.000554902
0.000565693
-0.0739401
-0.0592206
-0.0452016
-0.0340855
-0.0243848
-0.0164562
-0.0096827
-0.00384696
0.00105789
0.00508846
0.00852942
0.0113282
0.0135909
0.0153946
0.0167813
0.0178254
0.0185841
0.0191172
0.0194773
0.0197067
0.0198357
0.0198936
0.0199097
-0.0849181
-0.0673844
-0.0509416
-0.0381211
-0.0273509
-0.0185422
-0.0110219
-0.00461521
0.000568718
0.00478829
0.00836954
0.0112021
0.0134741
0.0152704
0.0166445
0.0176821
0.018439
0.0189757
0.019342
0.0195792
0.019717
0.0197845
0.0198077
-0.0957529
-0.0756179
-0.0565796
-0.0421227
-0.0303428
-0.0206928
-0.0123383
-0.00537193
3.48241e-05
0.00450609
0.00823694
0.0110997
0.0133939
0.0151814
0.0165382
0.0175626
0.0183114
0.0188466
0.0192156
0.0194584
0.0196031
0.0196787
0.019708
-0.106188
-0.0838594
-0.0623625
-0.046284
-0.0336584
-0.0230283
-0.013741
-0.00634747
-0.000732789
0.00411506
0.00799275
0.0109256
0.0132839
0.0150822
0.0164376
0.0174559
0.018199
0.0187319
0.0191011
0.0193463
0.0194951
0.019576
0.0196095
-0.117423
-0.092671
-0.0687251
-0.0514369
-0.03793
-0.0258672
-0.0155579
-0.00788296
-0.00180501
0.003533
0.00752316
0.0106063
0.0130721
0.0149131
0.0162995
0.0173315
0.0180825
0.0186199
0.0189924
0.0192407
0.0193923
0.0194764
0.0195122
-0.127907
-0.101191
-0.0749415
-0.0569604
-0.0423182
-0.0285715
-0.0176099
-0.00977208
-0.00290198
0.00276585
0.00685674
0.0101676
0.0127448
0.0146548
0.0161015
0.0171693
0.0179459
0.0184986
0.0188811
0.0191354
0.019291
0.019378
0.0194153
-0.140451
-0.109315
-0.081978
-0.0639608
-0.047162
-0.0318443
-0.0206187
-0.0120135
-0.00422497
0.00158156
0.00595185
0.00953686
0.0122402
0.0142676
0.0158065
0.0169382
0.0177642
0.0183496
0.0187551
0.0190242
0.0191886
0.0192805
0.0193194
-0.156594
-0.119911
-0.0922996
-0.0727162
-0.05311
-0.036696
-0.024799
-0.0147755
-0.00632415
-0.00023119
0.00467346
0.00856064
0.0114687
0.013687
0.0153663
0.0166064
0.0175147
0.0181581
0.0186046
0.0189
0.0190806
0.0191814
0.0192234
0.0760279
0.0550684
0.0334216
0.0111526
-0.0109923
-0.0323593
-0.0526328
-0.0716158
0.0797567
0.0565923
0.0327697
0.00807218
-0.0167256
-0.0405516
-0.0624706
-0.0820863
0.083241
0.0565575
0.0294038
0.00187695
-0.0250597
-0.0503839
-0.0733358
-0.0939185
0.0861446
0.0553412
0.0245542
-0.00573129
-0.0346268
-0.0614358
-0.0856829
-0.107479
0.0876832
0.0528101
0.0184492
-0.0146612
-0.0457654
-0.0743748
-0.100201
-0.123246
0.0875929
0.0486035
0.0105568
-0.0256532
-0.0593259
-0.0900075
-0.11743
-0.141638
0.0857079
0.0422372
0.000137533
-0.0395533
-0.0760659
-0.108911
-0.137893
-0.163064
0.0815318
0.0329749
-0.0136804
-0.0572517
-0.0968349
-0.131888
-0.162273
-0.188097
0.0741438
0.019759
-0.0320137
-0.079852
-0.12272
-0.159964
-0.191508
-0.217524
0.0621998
0.00114464
-0.0563709
-0.108825
-0.155053
-0.194521
-0.226832
-0.252327
0.0438404
-0.0248427
-0.0888567
-0.146434
-0.196167
-0.237508
-0.269767
-0.293579
0.0164773
-0.0607721
-0.132108
-0.195421
-0.248791
-0.290898
-0.321538
-0.341651
-0.0241016
-0.110709
-0.189182
-0.258087
-0.313558
-0.354562
-0.381052
-0.393924
-0.0811478
-0.178784
-0.265605
-0.33531
-0.387677
-0.422521
-0.439788
-0.440815
-0.132247
-0.233984
-0.319246
-0.386183
-0.433709
-0.462111
-0.473135
-0.469391
0.187538
0.18719
0.18271
0.174115
0.161415
0.144965
0.12505
0.101645
0.202488
0.201561
0.195667
0.185029
0.169893
0.150639
0.128511
0.103851
0.219101
0.217593
0.210465
0.198116
0.181073
0.159714
0.135724
0.109975
0.23784
0.235797
0.227589
0.213635
0.194775
0.171352
0.144811
0.116454
0.258802
0.256224
0.246886
0.231114
0.209996
0.183975
0.154051
0.121942
0.281903
0.278696
0.267993
0.250011
0.225971
0.196639
0.162714
0.126152
0.307049
0.303059
0.290652
0.270024
0.242407
0.209029
0.170573
0.12906
0.334184
0.329245
0.314749
0.291002
0.259195
0.221015
0.177394
0.130345
0.36323
0.357178
0.340167
0.312741
0.27609
0.232266
0.182629
0.129245
0.393936
0.386591
0.366583
0.334779
0.292485
0.24203
0.185302
0.124563
0.425718
0.416861
0.393288
0.356235
0.307273
0.249
0.183891
0.11457
0.4574
0.44675
0.418944
0.375585
0.318686
0.251172
0.176157
0.0967848
0.486981
0.474179
0.441298
0.390293
0.323826
0.245304
0.15855
0.067316
0.51043
0.495168
0.456544
0.396718
0.318949
0.227489
0.12714
0.0224821
0.52973
0.512055
0.467934
0.400168
0.312623
0.209247
0.0962912
-0.01999
0.0261225
0.0262166
0.0263204
0.0264328
0.0265525
0.0266766
0.0268053
0.0269376
0.0305296
0.0305897
0.0306241
0.0306346
0.0306248
0.0305969
0.0305537
0.0305019
0.0268729
0.0269865
0.027118
0.0272639
0.0274207
0.0275896
0.0277599
0.0279272
0.030796
0.030871
0.030916
0.0309348
0.0309309
0.030908
0.0308733
0.0308347
0.0283633
0.0285053
0.0286722
0.0288476
0.0290809
0.0292922
0.0295088
0.0297399
0.0326651
0.0327598
0.0328201
0.0328506
0.0328579
0.0328544
0.032834
0.0328451
0.0309147
0.0311031
0.0313228
0.031565
0.0318244
0.0320937
0.0323589
0.0326372
0.035337
0.0354868
0.0356026
0.0356897
0.0357493
0.0357989
0.0358186
0.0359093
0.034695
0.0349444
0.035222
0.0355116
0.0358479
0.036217
0.0364958
0.0369418
0.0391999
0.0394135
0.0395887
0.0397444
0.0398651
0.0400338
0.0401189
0.040406
0.0400017
0.0403592
0.040741
0.0411423
0.0415315
0.0419872
0.0422998
0.0428707
0.0448304
0.0451589
0.0454384
0.0457338
0.0459139
0.0462586
0.0463478
0.0468892
0.0473782
0.0478142
0.0482499
0.0487392
0.0491324
0.0497305
0.0499677
0.0507853
0.0530751
0.0535992
0.0540083
0.0545859
0.0547542
0.055565
0.0554093
0.0564756
0.0577868
0.058377
0.0588124
0.0594802
0.0597177
0.0604094
0.0603761
0.061241
0.0650818
0.0657671
0.0659942
0.0670326
0.0669459
0.0679756
0.0674697
0.0688905
0.0725994
0.0734523
0.0739012
0.0745151
0.074422
0.0749966
0.074317
0.075159
0.0826426
0.0834317
0.0839289
0.0845836
0.0841445
0.0847985
0.0832295
0.0842836
0.0937885
0.0947618
0.0949609
0.095149
0.0941883
0.0939027
0.091694
0.091174
0.107849
0.108958
0.108973
0.108843
0.107126
0.106038
0.102145
0.100426
0.124006
0.124917
0.124371
0.123031
0.119859
0.116373
0.110582
0.104926
0.143781
0.144622
0.14353
0.140908
0.135984
0.129732
0.120699
0.110397
0.166636
0.166994
0.164426
0.158979
0.150305
0.138847
0.124251
0.106536
0.0270917
0.0272911
0.0275273
0.0278015
0.0281182
0.0284729
0.0288166
0.0291275
0.0293788
0.0295521
0.0296339
0.0296189
0.0295129
0.0293336
0.0291044
0.0288505
0.0285874
0.0283218
0.0280578
0.0278023
0.0275716
0.0273861
0.0272679
0.0304187
0.0302841
0.0300897
0.0298267
0.0294893
0.0291506
0.0288545
0.0286187
0.0284636
0.0283985
0.0284198
0.0285093
0.0286294
0.0287168
0.0287048
0.028601
0.0284233
0.0281978
0.0279493
0.0276963
0.0274642
0.027278
0.0271587
0.0281425
0.0284138
0.0287221
0.0290705
0.0294107
0.0296625
0.0298233
0.0298973
0.0298717
0.029747
0.0295413
0.0292874
0.0290427
0.028848
0.0286863
0.0285243
0.0283205
0.0280733
0.0278035
0.0275342
0.0272888
0.0270968
0.0269784
0.0307442
0.0305979
0.0303963
0.0301565
0.0299841
0.0298773
0.029826
0.0298138
0.0298255
0.0298398
0.0298204
0.0297092
0.0294728
0.029158
0.0288582
0.0285646
0.0282633
0.0279491
0.0276306
0.0273293
0.0270625
0.0268601
0.0267435
0.0299858
0.0302718
0.0305935
0.0308996
0.0311106
0.0312486
0.0312939
0.0312364
0.0310826
0.0308481
0.0305724
0.0302758
0.0299429
0.0295515
0.0291181
0.0286691
0.028232
0.0278184
0.0274333
0.0270889
0.0267957
0.0265792
0.0264639
0.0327484
0.0325654
0.032302
0.032093
0.0319318
0.0318063
0.0317081
0.0316191
0.0315133
0.031346
0.0310916
0.0307504
0.0303372
0.0298475
0.0292979
0.0287281
0.0281755
0.0276639
0.0272081
0.0268181
0.0264971
0.0262661
0.0261512
0.0329219
0.0331923
0.0334692
0.0336335
0.0336953
0.0336407
0.0334565
0.0331515
0.0327547
0.0322995
0.0317998
0.0312593
0.0306786
0.0300549
0.0293944
0.028721
0.0280703
0.027472
0.0269498
0.0265176
0.0261737
0.0259316
0.0258165
0.035811
0.0355164
0.0352347
0.0350111
0.0348102
0.0345878
0.0343302
0.0340046
0.0335797
0.0330421
0.0323999
0.0316802
0.0309186
0.030144
0.0293699
0.0286084
0.0278849
0.0272257
0.0266554
0.0261907
0.025832
0.0255816
0.0254641
0.0371654
0.0372781
0.03734
0.0372863
0.0370772
0.0367078
0.0361862
0.0355447
0.0348022
0.033971
0.0330637
0.0321031
0.0311229
0.0301628
0.02925
0.0283962
0.027615
0.0269196
0.0263243
0.0258423
0.0254775
0.025221
0.0250988
0.0403598
0.0399786
0.0396089
0.0391639
0.0387066
0.0381532
0.0374808
0.0366657
0.0357047
0.0346275
0.0334707
0.0322823
0.0311131
0.0300027
0.0289782
0.0280553
0.0272422
0.0265393
0.0259465
0.0254686
0.0251136
0.024858
0.0247314
0.0430232
0.0428109
0.0425001
0.041991
0.0412427
0.0402909
0.0391867
0.0379542
0.0366185
0.0352132
0.0337753
0.032354
0.031
0.0297504
0.0286286
0.02765
0.0268182
0.0261216
0.0255442
0.0250811
0.0247444
0.0244965
0.0243692
0.0468623
0.0460555
0.0453235
0.0444452
0.0434273
0.0422325
0.0408317
0.0392395
0.0375185
0.035743
0.0339885
0.032318
0.0307787
0.0293995
0.028199
0.0271846
0.0263522
0.0256773
0.0251254
0.0246838
0.0243663
0.0241305
0.0240081
0.0507402
0.0499182
0.0489785
0.0477047
0.0461029
0.0442601
0.0422401
0.0401057
0.0379285
0.0357835
0.0337491
0.0318854
0.0302254
0.0287877
0.0275747
0.0265796
0.0257881
0.0251663
0.0246645
0.0242625
0.0239721
0.0237566
0.0236444
0.0557396
0.0541819
0.0524441
0.0504568
0.048223
0.0457417
0.0431051
0.0404467
0.037858
0.0354157
0.0331846
0.0312017
0.0294877
0.0280472
0.0268657
0.0259216
0.0251891
0.0246287
0.0241857
0.0238317
0.0235732
0.0233836
0.0232831
0.0605227
0.0586139
0.0564122
0.0537804
0.0507829
0.0475628
0.0442449
0.0409711
0.0378706
0.0350524
0.0325752
0.0304604
0.028702
0.0272736
0.0261383
0.0252563
0.0245865
0.0240866
0.0237044
0.0234026
0.0231799
0.023022
0.022934
0.0671342
0.0637387
0.0601924
0.0563657
0.0523454
0.0482595
0.0442686
0.0405041
0.0370784
0.0340649
0.0314961
0.0293729
0.0276666
0.0263279
0.0252991
0.0245209
0.0239399
0.0235166
0.0232081
0.0229693
0.0227917
0.0226746
0.022603
0.0729335
0.0686282
0.063943
0.0588194
0.0535594
0.0484446
0.0436852
0.0394328
0.0357417
0.0326267
0.0300731
0.028038
0.0264599
0.0252688
0.0243898
0.0237468
0.0232762
0.0229416
0.0227124
0.022541
0.022414
0.0223419
0.0222901
0.0797641
0.0730682
0.0664827
0.05995
0.0536138
0.0476841
0.0423583
0.0377552
0.0339071
0.0307969
0.0283612
0.0265062
0.0251307
0.0241394
0.0234438
0.0229595
0.022617
0.0223811
0.0222313
0.0221269
0.0220521
0.0220234
0.0219929
0.0856806
0.0770064
0.0682936
0.0599504
0.0523491
0.0457401
0.0401289
0.0354505
0.0316609
0.0287042
0.0264834
0.0248739
0.0237473
0.0229868
0.0224945
0.022182
0.0219784
0.0218486
0.0217777
0.0217372
0.0217122
0.0217207
0.0217111
0.0906265
0.0784282
0.0677243
0.0580821
0.0496993
0.0426955
0.0369863
0.0324321
0.0289045
0.0262711
0.0243889
0.0231087
0.0222843
0.0217885
0.0215222
0.0213973
0.0213467
0.021335
0.0213496
0.0213742
0.0213981
0.0214386
0.0214491
0.0928597
0.0781626
0.0652084
0.0543316
0.0455119
0.0384795
0.0329396
0.0287051
0.0256063
0.0234468
0.0220304
0.0211731
0.0207129
0.0205223
0.0205093
0.0205912
0.0207091
0.0208285
0.0209397
0.0210349
0.0211103
0.0211823
0.0212131
0.091084
0.0731796
0.059795
0.0486511
0.0398493
0.0331331
0.0280591
0.0243609
0.0218387
0.0202656
0.0194118
0.0190573
0.019019
0.019173
0.0194416
0.0197502
0.0200513
0.0203152
0.0205359
0.0207113
0.0208442
0.0209529
0.0210068
0.082255
0.0657746
0.0526676
0.0418772
0.0333263
0.0270346
0.0225109
0.0194686
0.0176379
0.0167393
0.0165168
0.0167267
0.0171599
0.0177001
0.0182822
0.018842
0.0193453
0.0197713
0.0201174
0.0203872
0.0205878
0.0207443
0.0208266
0.0698147
0.0573856
0.0463813
0.0366594
0.0285842
0.0222602
0.017937
0.0153263
0.0140442
0.0137139
0.0140354
0.0147448
0.0155985
0.0164849
0.0173419
0.0181205
0.0187967
0.0193581
0.0198074
0.0201532
0.0204058
0.0205957
0.0206978
0.0520117
0.0408555
0.0337144
0.0268741
0.0213357
0.0165586
0.0133543
0.0117312
0.0112957
0.0116534
0.0125175
0.0136524
0.0148201
0.0159371
0.0169565
0.0178491
0.0186029
0.0192164
0.0196991
0.0200644
0.0203252
0.0205113
0.0206106
0.0298903
0.0191058
0.0152426
0.0115446
0.00965051
0.00833745
0.00792295
0.00827005
0.00918549
0.0104449
0.0118913
0.0133916
0.014773
0.0160076
0.0170781
0.0179789
0.018715
0.0192972
0.0197449
0.020075
0.0203029
0.0204522
0.0205291
0.00920988
0.000200097
-0.00121819
-0.00257011
-0.0013507
0.00060106
0.00285184
0.00510477
0.00731819
0.00942879
0.0114138
0.0132467
0.0148424
0.0161904
0.0172972
0.0181877
0.0188873
0.0194204
0.0198167
0.0200984
0.0202832
0.0203901
0.02044
-0.00969233
-0.0147185
-0.0124491
-0.0115302
-0.00820705
-0.00460772
-0.000922722
0.0025036
0.00561434
0.00836584
0.0107912
0.0129179
0.0147333
0.0162191
0.0173902
0.0182972
0.0189836
0.0194866
0.0198458
0.0200898
0.0202391
0.0203126
0.0203403
-0.0277444
-0.0273921
-0.0211008
-0.0176013
-0.0125387
-0.00801347
-0.00360818
0.000452175
0.00411433
0.00730268
0.0100699
0.0124474
0.0144528
0.0160719
0.0173256
0.0182749
0.018974
0.0194713
0.0198141
0.0200372
0.0201651
0.020219
0.0202329
-0.0451916
-0.039355
-0.0296766
-0.0233909
-0.0165709
-0.0110031
-0.00588062
-0.00127642
0.00282616
0.00634777
0.00938926
0.0119645
0.0141069
0.0158288
0.0171567
0.0181542
0.0188792
0.0193871
0.01973
0.0199475
0.0200672
0.0201144
0.0201231
-0.060748
-0.0498634
-0.0380029
-0.0290182
-0.0206239
-0.0138382
-0.00789737
-0.00269834
0.00181224
0.00560416
0.0088657
0.0115803
0.0138053
0.0155878
0.0169609
0.0179921
0.0187393
0.0192614
0.0196119
0.0198329
0.0199545
0.0200044
0.0200147
)
;

boundaryField
{
    outlet
    {
        type            fixedValue;
        value           uniform 0;
    }
    upperWall
    {
        type            symmetryPlane;
    }
    lowerWall
    {
        type            symmetryPlane;
    }
    inlet
    {
        type            zeroGradient;
    }
    cylinder
    {
        type            zeroGradient;
    }
    frontAndBack
    {
        type            empty;
    }
}


// ************************************************************************* //
