/*--------------------------------*- C++ -*----------------------------------*\
| =========                 |                                                 |
| \\      /  F ield         | OpenFOAM: The Open Source CFD Toolbox           |
|  \\    /   O peration     | Version:  2312                                  |
|   \\  /    A nd           | Website:  www.openfoam.com                      |
|    \\/     M anipulation  |                                                 |
\*---------------------------------------------------------------------------*/
FoamFile
{
    version     2.0;
    format      ascii;
    arch        "LSB;label=32;scalar=64";
    class       volScalarField;
    location    "195.75";
    object      p;
}
// * * * * * * * * * * * * * * * * * * * * * * * * * * * * * * * * * * * * * //

dimensions      [0 2 -2 0 0 0 0];

internalField   nonuniform List<scalar> 
5478
(
-0.510473
-0.507234
-0.499396
-0.491166
-0.484199
-0.479704
-0.47635
-0.471453
-0.462015
-0.446233
-0.424087
-0.39658
-0.365999
-0.330008
-0.291041
-0.523986
-0.519825
-0.512975
-0.50443
-0.494777
-0.483416
-0.469913
-0.453666
-0.434295
-0.411853
-0.386685
-0.35941
-0.330045
-0.298929
-0.268677
-0.543037
-0.536899
-0.528751
-0.518154
-0.502939
-0.48309
-0.460234
-0.435811
-0.41052
-0.384556
-0.357988
-0.330779
-0.303286
-0.275534
-0.247555
-0.567358
-0.557973
-0.547241
-0.531436
-0.507916
-0.479332
-0.449143
-0.419214
-0.390143
-0.361985
-0.334536
-0.307779
-0.281555
-0.255967
-0.231822
-0.59775
-0.583011
-0.568264
-0.543543
-0.509852
-0.473175
-0.437262
-0.40344
-0.371898
-0.342355
-0.314525
-0.288071
-0.262806
-0.238856
-0.215458
-0.634039
-0.612226
-0.58893
-0.552106
-0.508056
-0.464372
-0.423945
-0.387239
-0.353886
-0.323417
-0.295336
-0.269291
-0.245036
-0.222289
-0.200582
-0.669172
-0.64236
-0.604924
-0.554242
-0.500842
-0.451357
-0.407319
-0.368397
-0.333833
-0.302889
-0.274973
-0.249598
-0.2264
-0.205081
-0.184708
-0.696714
-0.665781
-0.611615
-0.547445
-0.48612
-0.432012
-0.385346
-0.345008
-0.309853
-0.278989
-0.251652
-0.227299
-0.205537
-0.185825
-0.167721
-0.49611
-0.495293
-0.497775
-0.507053
-0.523272
-0.546438
-0.576123
-0.610913
-0.648234
-0.684364
-0.715018
-0.734711
-0.738551
-0.722853
-0.681807
-0.512641
-0.509641
-0.512061
-0.521735
-0.539017
-0.563917
-0.595966
-0.633724
-0.674638
-0.715093
-0.75165
-0.772603
-0.778341
-0.7622
-0.714017
-0.521204
-0.515828
-0.51653
-0.524109
-0.539181
-0.561803
-0.59141
-0.626482
-0.664526
-0.70211
-0.73109
-0.756521
-0.762908
-0.745222
-0.69272
-0.521916
-0.51466
-0.512249
-0.515245
-0.525064
-0.542222
-0.566258
-0.595679
-0.628146
-0.659486
-0.689643
-0.710363
-0.711578
-0.687647
-0.630418
-0.517108
-0.509312
-0.503479
-0.50061
-0.503615
-0.514072
-0.532067
-0.556452
-0.584827
-0.614628
-0.638289
-0.650533
-0.641168
-0.608114
-0.546262
-0.510258
-0.503432
-0.495103
-0.487209
-0.484237
-0.489014
-0.502609
-0.523749
-0.54837
-0.571081
-0.584251
-0.583543
-0.56188
-0.522889
-0.465116
-0.504711
-0.499676
-0.490278
-0.479846
-0.473751
-0.475494
-0.485933
-0.50198
-0.518499
-0.528854
-0.528239
-0.513013
-0.48284
-0.443845
-0.396084
-0.503958
-0.500298
-0.491342
-0.481097
-0.474715
-0.474365
-0.479582
-0.486657
-0.490639
-0.486678
-0.472611
-0.447668
-0.415417
-0.37866
-0.338842
-0.576846
-0.418958
-0.299982
-0.258825
-0.270414
-0.253116
-0.189308
-0.152476
-0.140017
-0.135872
-0.145661
-0.147841
-0.15019
-0.151332
-0.143006
-0.110245
-0.106677
-0.128198
-0.148535
-0.12384
-0.113911
-0.126285
-0.143236
-0.116487
-0.143718
-0.176307
-0.197603
-0.152758
-0.125834
-0.0555043
-0.0406227
-0.025077
-0.0167292
-0.0100713
-0.00657245
-0.00445211
-0.00253011
-0.000811375
-0.597145
-0.417222
-0.270756
-0.197831
-0.187374
-0.170512
-0.147078
-0.14128
-0.144161
-0.151589
-0.173063
-0.176668
-0.161215
-0.151636
-0.145831
-0.114804
-0.11302
-0.136949
-0.152046
-0.123433
-0.106227
-0.108437
-0.13316
-0.11361
-0.153966
-0.200705
-0.203716
-0.134298
-0.115277
-0.0588093
-0.042421
-0.0238057
-0.0160094
-0.010258
-0.00669134
-0.00440329
-0.00250067
-0.000810918
-0.574065
-0.401202
-0.249265
-0.160934
-0.131076
-0.0790749
-0.103429
-0.128095
-0.148143
-0.16739
-0.200934
-0.20921
-0.173197
-0.15136
-0.145353
-0.117408
-0.118041
-0.145312
-0.154135
-0.121484
-0.0978455
-0.0909994
-0.121135
-0.108659
-0.160291
-0.220309
-0.203531
-0.113074
-0.102004
-0.0607138
-0.0436109
-0.0224068
-0.0152242
-0.0103988
-0.00679403
-0.00434819
-0.00246846
-0.000809538
-0.513365
-0.371253
-0.236637
-0.150343
-0.107425
-0.0441657
-0.0655115
-0.109406
-0.144077
-0.174772
-0.218788
-0.229119
-0.183819
-0.149551
-0.140702
-0.118098
-0.121503
-0.152962
-0.155997
-0.119029
-0.0893858
-0.0752782
-0.107577
-0.101602
-0.161618
-0.233875
-0.199378
-0.0919199
-0.0869962
-0.0611072
-0.0441289
-0.0210105
-0.0144116
-0.0104783
-0.00687354
-0.00428996
-0.00243472
-0.000807002
-0.435749
-0.332229
-0.227344
-0.145677
-0.101027
-0.0504578
-0.0484679
-0.105828
-0.138764
-0.163689
-0.217066
-0.233918
-0.190383
-0.146721
-0.133421
-0.117053
-0.123381
-0.159835
-0.156771
-0.115816
-0.0815698
-0.0623836
-0.0934324
-0.0927999
-0.157857
-0.241647
-0.192785
-0.0726203
-0.0711491
-0.0600681
-0.0438844
-0.0196912
-0.0136
-0.0104848
-0.00692209
-0.00423048
-0.00240015
-0.000803103
-0.371595
-0.298243
-0.21649
-0.145496
-0.102826
-0.0636027
-0.0493933
-0.110124
-0.131634
-0.138892
-0.195564
-0.215062
-0.186136
-0.140887
-0.124192
-0.11273
-0.122403
-0.164366
-0.157932
-0.113554
-0.0755572
-0.0524968
-0.0793971
-0.0824217
-0.149458
-0.243976
-0.185251
-0.0567331
-0.0554809
-0.0578649
-0.0429884
-0.0185446
-0.0128186
-0.0104146
-0.00694011
-0.00417336
-0.00236658
-0.000797943
-0.328342
-0.277753
-0.206529
-0.142703
-0.0990165
-0.0679832
-0.0564832
-0.103953
-0.113695
-0.110914
-0.168808
-0.214174
-0.183666
-0.136496
-0.116233
-0.104681
-0.117159
-0.166751
-0.156142
-0.110055
-0.0700153
-0.045566
-0.0663061
-0.0698109
-0.136093
-0.242306
-0.174736
-0.0452444
-0.0403373
-0.0546276
-0.0412919
-0.0175719
-0.0121205
-0.0102776
-0.00691586
-0.00411537
-0.00233196
-0.000790972
-0.299946
-0.265696
-0.209855
-0.15061
-0.10604
-0.0714692
-0.0489614
-0.105657
-0.0870791
-0.0846396
-0.133656
-0.174345
-0.162914
-0.128843
-0.105529
-0.0941876
-0.105838
-0.164547
-0.155079
-0.109809
-0.0671801
-0.0411068
-0.0536114
-0.0568057
-0.118447
-0.237315
-0.163337
-0.03757
-0.0266543
-0.0503072
-0.0392669
-0.0168497
-0.0114401
-0.0100638
-0.00688234
-0.00407096
-0.00230411
-0.000783834
-0.262902
-0.241718
-0.187102
-0.130433
-0.0843473
-0.0437109
-0.000391139
0.0221944
-0.00485868
-0.0389805
-0.108584
-0.161405
-0.139813
-0.11039
-0.085603
-0.0810014
-0.097092
-0.149778
-0.143072
-0.102469
-0.0621344
-0.0378972
-0.0454792
-0.048371
-0.106016
-0.220178
-0.148719
-0.0316902
-0.0178997
-0.0444677
-0.035546
-0.0159896
-0.0108502
-0.00967854
-0.00670474
-0.00398314
-0.0022533
-0.000767242
-0.195685
-0.182459
-0.139293
-0.0935454
-0.0551262
-0.0197961
0.0265023
0.0542022
0.049899
0.00322798
-0.0665278
-0.093945
-0.0941289
-0.0777816
-0.0596199
-0.0567411
-0.0810388
-0.137118
-0.135266
-0.0862334
-0.0463368
-0.0237701
-0.0345901
-0.0324352
-0.0840094
-0.193575
-0.132132
-0.0136952
-0.0108498
-0.0362456
-0.0315412
-0.0142412
-0.00984106
-0.00907113
-0.0064015
-0.00384104
-0.00217681
-0.000741603
-0.152899
-0.147451
-0.118318
-0.0802586
-0.0445054
-0.0108077
0.0347755
0.0665447
0.0636614
0.0259202
-0.0248707
-0.0520927
-0.0576967
-0.0546864
-0.0387239
-0.0309076
-0.0501579
-0.09595
-0.102684
-0.0613397
-0.0277283
-0.0135192
-0.0234287
-0.0181392
-0.0554514
-0.147932
-0.0966236
0.00298055
-0.00444059
-0.026971
-0.0260311
-0.012408
-0.00909032
-0.00835328
-0.00601153
-0.00368799
-0.00209951
-0.000712953
-0.11692
-0.113898
-0.09164
-0.0604172
-0.0306064
-0.00223138
0.0308702
0.0547367
0.0570312
0.0330558
-0.000522978
-0.0200559
-0.0273968
-0.027593
-0.0141275
-0.0045342
-0.0196017
-0.046282
-0.0595048
-0.0408226
-0.0175537
-0.00943371
-0.0112005
-0.00432988
-0.0267039
-0.0940257
-0.0483261
0.0157347
0.00466878
-0.0162588
-0.0199297
-0.0109998
-0.00847756
-0.00749755
-0.00554019
-0.00352386
-0.00201496
-0.000678787
-0.0881612
-0.087014
-0.0722502
-0.049432
-0.0266198
-0.00468754
0.0189834
0.0377374
0.0427701
0.0292537
0.0104779
-0.00363693
-0.0100936
-0.0133651
-0.00388737
0.0114151
0.010995
0.00595549
-0.0157207
-0.0253555
-0.0129532
-0.00812442
-0.00429727
0.00548356
-0.00193478
-0.0390615
0.00227207
0.0258125
0.0142632
-0.0047542
-0.0127756
-0.00963045
-0.00779712
-0.00651782
-0.00499949
-0.00333544
-0.00191684
-0.000638929
-0.0666701
-0.0664356
-0.056552
-0.0400895
-0.0227084
-0.0058134
0.0110425
0.0237682
0.0292142
0.0232124
0.0132655
0.00581763
0.00174943
0.00162145
0.00867167
0.0202006
0.0199048
0.0152882
0.00667114
-0.012818
-0.00751528
-0.000841933
0.00373468
0.0117141
0.00979697
-0.00109588
0.0347821
0.0298843
0.0213314
0.00467706
-0.00614906
-0.00817997
-0.00680032
-0.00547244
-0.00443594
-0.00311248
-0.00179466
-0.000592437
-0.0494745
-0.049838
-0.0435485
-0.0322582
-0.0197736
-0.00759276
0.00382896
0.0131946
0.0184758
0.0172198
0.0132012
0.00935556
0.00763164
0.00691797
0.0117095
0.0215598
0.0235455
0.0222649
0.015956
0.000136653
0.000439927
0.00158925
0.00886699
0.0155641
0.0158298
0.0177413
0.0402244
0.0284537
0.0235479
0.0101559
-0.00165333
-0.00656811
-0.00553398
-0.00451928
-0.00388536
-0.00282593
-0.00163463
-0.00053756
-0.0359971
-0.0369183
-0.0331556
-0.0256161
-0.0168567
-0.00815502
-7.93822e-05
0.00666575
0.0113086
0.0124246
0.0115302
0.0101433
0.0103098
0.0115311
0.0150481
0.0215076
0.0226956
0.0205246
0.0171077
0.00775433
0.00625773
0.00725596
0.0130433
0.0173969
0.0166816
0.0175707
0.0328814
0.0262291
0.0229796
0.010951
0.000513801
-0.00459895
-0.00415401
-0.00368749
-0.00332063
-0.00245791
-0.00143563
-0.000474974
-0.0256917
-0.0268264
-0.0245874
-0.0196409
-0.0136478
-0.00758562
-0.00189597
0.00302768
0.00690096
0.00890579
0.00977321
0.0101201
0.011042
0.0121714
0.014166
0.0185488
0.0200042
0.0186471
0.0165046
0.0113367
0.0100911
0.00937734
0.0133311
0.0175949
0.0172871
0.0182313
0.0267306
0.0232692
0.0208311
0.0114476
0.00237186
-0.00237316
-0.00278559
-0.00282286
-0.0026707
-0.00201666
-0.00120137
-0.000398407
-0.0175415
-0.0186442
-0.017466
-0.0143492
-0.0103157
-0.00610219
-0.00206157
0.00149888
0.00454545
0.00671688
0.00819976
0.0092071
0.010416
0.0120342
0.0137838
0.0165333
0.0177204
0.0168544
0.0154861
0.0128008
0.011974
0.0119238
0.0140992
0.0172756
0.017106
0.0174286
0.0219032
0.02098
0.0187412
0.0115096
0.00396599
-0.00044769
-0.00157786
-0.00197489
-0.00199651
-0.00156357
-0.000962604
-0.000324236
-0.0110992
-0.0122199
-0.0116688
-0.0097063
-0.00701093
-0.00414286
-0.00133511
0.00126604
0.00367731
0.00560291
0.00715293
0.00848762
0.00983137
0.0113697
0.0126683
0.0143401
0.0154594
0.0151748
0.014453
0.0131745
0.0127795
0.0125225
0.0137529
0.0160745
0.0164161
0.0165447
0.0185152
0.0180578
0.0165057
0.0113736
0.00527872
0.00122051
-0.000416073
-0.00111501
-0.00131194
-0.0010936
-0.000698052
-0.000234137
-0.00606417
-0.00707004
-0.00688834
-0.00569056
-0.00391646
-0.00197736
-2.44451e-05
0.00185276
0.00364482
0.00525401
0.00664361
0.00793315
0.00913142
0.0104501
0.0116347
0.0128075
0.0137481
0.0138589
0.0135691
0.0130559
0.0129648
0.0131132
0.0137926
0.015137
0.0154616
0.0154539
0.0161686
0.0158205
0.014521
0.0109448
0.00618281
0.00260227
0.000670629
-0.000294066
-0.000668825
-0.00064624
-0.000441597
-0.000150239
-0.00203089
-0.00289973
-0.00294402
-0.00224556
-0.00109294
0.000208631
0.00153387
0.00284113
0.00413527
0.00538255
0.00651156
0.00759853
0.00864681
0.00974636
0.0107626
0.0116321
0.0123804
0.0127372
0.0127688
0.012649
0.0127184
0.0127959
0.013201
0.0140078
0.0143163
0.0142756
0.0143427
0.0138216
0.0127262
0.0102803
0.00671726
0.00366299
0.0016554
0.000473262
-7.89168e-05
-0.000228893
-0.000193733
-6.58142e-05
0.00116863
0.000435587
0.000288353
0.000680575
0.00140706
0.00225304
0.00312068
0.00401162
0.00492857
0.00584855
0.00671152
0.00755225
0.00839932
0.00926665
0.0100888
0.0107908
0.0114075
0.0118503
0.0120526
0.0121296
0.0123026
0.0124712
0.0127197
0.0131348
0.0132524
0.0131246
0.0129512
0.0123963
0.0113965
0.00959717
0.00697882
0.00445716
0.00253258
0.00121528
0.000486411
0.000165604
4.44167e-05
2.04705e-05
0.00371599
0.00312453
0.00293383
0.00312216
0.00355472
0.00408549
0.00463993
0.00522129
0.00583994
0.00648035
0.0071026
0.00771449
0.00835199
0.00901223
0.00964898
0.0102119
0.0107045
0.0111266
0.0114068
0.0115742
0.0117627
0.0119089
0.0120345
0.0122293
0.0122501
0.0120712
0.0117566
0.0111612
0.0102684
0.00889461
0.00695925
0.00494115
0.0032122
0.0018786
0.00100268
0.000514743
0.000246073
8.84927e-05
0.00575369
0.00527712
0.00507251
0.00513468
0.00537332
0.00568464
0.00601431
0.00636746
0.0067609
0.00718317
0.00760477
0.00802227
0.00846832
0.00894733
0.00941754
0.00984268
0.0102257
0.0105798
0.0108538
0.0110314
0.0111979
0.0113244
0.0113915
0.0114411
0.0113675
0.0111396
0.0107861
0.0102258
0.00942621
0.00830891
0.00684377
0.0052412
0.00373352
0.00245559
0.00149131
0.000853419
0.000441207
0.000156295
0.00735795
0.00698297
0.00678848
0.00677368
0.00687944
0.00703589
0.00720753
0.00740024
0.00762827
0.00788336
0.0081441
0.00840699
0.00869595
0.00901715
0.00933792
0.0096345
0.0099098
0.0101752
0.0103937
0.0105411
0.0106676
0.0107507
0.0107591
0.010722
0.0105943
0.0103417
0.00996653
0.00943227
0.00872161
0.00779581
0.00663749
0.00534729
0.00406206
0.00289104
0.00191074
0.00116298
0.00061616
0.000207443
0.00861642
0.00832422
0.00814535
0.00808259
0.00809942
0.00815065
0.00821343
0.00829323
0.00840068
0.00853022
0.00866655
0.00880834
0.00897205
0.00916334
0.00935971
0.00954395
0.00971872
0.00989015
0.0100339
0.0101281
0.0101966
0.0102258
0.0101904
0.0101016
0.00993371
0.00966555
0.00929447
0.00879953
0.00816549
0.00737534
0.00642672
0.00536864
0.00427178
0.00321363
0.00225658
0.00144473
0.000788156
0.0002601
0.00958855
0.00935968
0.00919799
0.00910736
0.00906592
0.00904615
0.00903445
0.00903593
0.00905778
0.00909632
0.00914078
0.00919089
0.00925821
0.00934643
0.00944085
0.00952944
0.00961481
0.00969943
0.00976632
0.00979895
0.00980809
0.00978476
0.00970688
0.0095777
0.00938394
0.00910931
0.00874639
0.00828344
0.00771193
0.00702416
0.00621911
0.00532266
0.00437191
0.00341826
0.00250735
0.00167482
0.000941756
0.000306595
0.0103206
0.0101385
0.00999222
0.00988551
0.00980652
0.00974017
0.00967932
0.00962788
0.00959043
0.00956432
0.00954295
0.00952605
0.00952143
0.00953112
0.00954591
0.00955806
0.00956907
0.00957999
0.00957788
0.00955267
0.00950722
0.00943439
0.00931821
0.0091579
0.00894354
0.00866268
0.00830946
0.00787527
0.00735314
0.0067398
0.00603416
0.00525172
0.00441169
0.00354456
0.00268241
0.00185083
0.00107007
0.000349172
0.0108488
0.0106991
0.010565
0.0104495
0.0103473
0.0102516
0.0101596
0.0100737
0.00999648
0.00992638
0.0098598
0.00979653
0.00974082
0.00969366
0.00964977
0.0096047
0.00955839
0.00951109
0.00945372
0.00938013
0.0092889
0.00917486
0.00902666
0.00884056
0.00860971
0.00832426
0.0079783
0.00756526
0.00707914
0.00651827
0.00588084
0.00517544
0.00441291
0.00361062
0.00278992
0.00196907
0.00116295
0.00038218
0.0111929
0.011064
0.0109388
0.0108194
0.0107045
0.0105923
0.0104822
0.010376
0.0102744
0.0101768
0.0100817
0.00998914
0.00990041
0.00981594
0.00973301
0.00964941
0.00956385
0.00947569
0.00937951
0.00927073
0.00914631
0.00900208
0.00882982
0.008625
0.0083816
0.00809196
0.00775027
0.00735104
0.00688883
0.00636168
0.00576758
0.00511113
0.00439832
0.00363988
0.00284937
0.00204004
0.00122217
0.000404905
0.011365
0.0112466
0.0111264
0.0110061
0.0108859
0.0107665
0.0106486
0.0105329
0.0104195
0.0103086
0.0101995
0.0100924
0.00998704
0.0098836
0.00978057
0.00967698
0.00957085
0.00946093
0.00934394
0.00921615
0.00907363
0.00891281
0.0087273
0.00851199
0.00826145
0.00796919
0.00762935
0.00723701
0.00678689
0.0062769
0.00570459
0.00507277
0.00438506
0.00364922
0.00287497
0.00207283
0.00125075
0.000416331
-0.145135
-0.157183
-0.170634
-0.181959
-0.197215
-0.206925
-0.222585
-0.235135
-0.120099
-0.127588
-0.136052
-0.143731
-0.152197
-0.157441
-0.164813
-0.175547
-0.0967777
-0.101402
-0.105719
-0.110369
-0.115011
-0.120751
-0.127351
-0.137323
-0.0779594
-0.0803494
-0.0826212
-0.0864477
-0.0906578
-0.0955472
-0.0998789
-0.106344
-0.0616103
-0.0630572
-0.0645596
-0.0673324
-0.0698371
-0.0724185
-0.0749725
-0.0798594
-0.0482625
-0.0488582
-0.049447
-0.0508471
-0.052196
-0.0540403
-0.0562963
-0.0604191
-0.0368856
-0.0369238
-0.0370233
-0.0378459
-0.0388938
-0.0403595
-0.0420168
-0.045006
-0.0275148
-0.0273043
-0.0271856
-0.0276311
-0.028291
-0.0292257
-0.0303396
-0.0325252
-0.0197656
-0.0194262
-0.0191504
-0.0192749
-0.0196094
-0.0202019
-0.0210746
-0.0228871
-0.0133253
-0.012951
-0.0126157
-0.0125785
-0.0127771
-0.0132429
-0.0139974
-0.0154181
-0.00804278
-0.00772073
-0.00742109
-0.00733669
-0.00745596
-0.00777972
-0.00832689
-0.00940441
-0.00372004
-0.00347209
-0.00321933
-0.00310159
-0.00314119
-0.0033573
-0.00379602
-0.00468539
-0.000176291
-5.19298e-06
0.000185122
0.000288201
0.000264997
9.3023e-05
-0.000261936
-0.000957253
0.00270481
0.00279755
0.0029166
0.00298597
0.00296765
0.00283822
0.00256095
0.00201599
0.0050375
0.00506261
0.00511702
0.00514875
0.00512205
0.00501208
0.00478763
0.00436662
0.00690015
0.00687229
0.00687277
0.00686844
0.00683066
0.00673826
0.00656436
0.00624807
0.00837705
0.00831487
0.00827798
0.00824621
0.00819747
0.00811348
0.00797187
0.00773125
0.00953495
0.00945121
0.00938805
0.00933398
0.00927338
0.00919237
0.00907478
0.00889372
0.0104294
0.0103334
0.0102539
0.0101847
0.0101153
0.0100356
0.00993476
0.00979605
0.0111052
0.0110037
0.0109148
0.0108356
0.0107592
0.0106793
0.0105891
0.0104791
0.0115902
0.0114883
0.0113955
0.0113107
0.01123
0.0111499
0.0110664
0.0109747
0.0118988
0.0118015
0.0117096
0.0116232
0.0115406
0.0114604
0.0113805
0.0112992
0.0120448
0.0119554
0.0118676
0.011782
0.0116989
0.0116182
0.0115395
0.0114622
0.0233934
0.0260182
0.0276967
0.0276937
0.0254651
0.0209907
0.0141498
0.00432121
-0.00962753
-0.0293129
-0.0569547
-0.095647
-0.150461
-0.225012
-0.294276
-0.00228055
-0.00234858
-0.00512483
-0.00993623
-0.0166496
-0.0255962
-0.0373902
-0.0529515
-0.0735516
-0.100908
-0.137371
-0.185985
-0.251862
-0.339817
-0.414591
-0.026529
-0.0300299
-0.0373685
-0.0466622
-0.0575308
-0.0706723
-0.0870823
-0.107871
-0.134391
-0.168447
-0.212593
-0.269978
-0.344219
-0.444001
-0.516425
-0.0515428
-0.0584681
-0.0693394
-0.0819905
-0.0962968
-0.113207
-0.1338
-0.15919
-0.190787
-0.230439
-0.280734
-0.345556
-0.42658
-0.529241
-0.598039
-0.0775812
-0.0875389
-0.100834
-0.115767
-0.132714
-0.152768
-0.176883
-0.206042
-0.241667
-0.285689
-0.340304
-0.409919
-0.495345
-0.595134
-0.657978
-0.102636
-0.115494
-0.13066
-0.147402
-0.166559
-0.189172
-0.216043
-0.247963
-0.286432
-0.33331
-0.391002
-0.462495
-0.547965
-0.641573
-0.695883
-0.12619
-0.141421
-0.158024
-0.17638
-0.197504
-0.222138
-0.250977
-0.284895
-0.325118
-0.373366
-0.43182
-0.502403
-0.584366
-0.668192
-0.71312
-0.148071
-0.164574
-0.182632
-0.202789
-0.22568
-0.251884
-0.282043
-0.31699
-0.35782
-0.405955
-0.463126
-0.530345
-0.605332
-0.675784
-0.712517
0.186827
0.201344
0.217667
0.236197
0.256949
0.279788
0.304608
0.331366
0.35998
0.390181
0.421364
0.452327
0.481034
0.503431
0.521702
0.180458
0.19373
0.208972
0.22662
0.246485
0.268245
0.291738
0.31692
0.343704
0.371768
0.400416
0.428323
0.453287
0.471292
0.48524
0.169924
0.181199
0.194781
0.211003
0.22936
0.249283
0.270502
0.292937
0.316454
0.340652
0.3647
0.387108
0.405394
0.415654
0.422344
0.155208
0.163947
0.175408
0.189627
0.20574
0.222994
0.241049
0.259761
0.278885
0.297849
0.315607
0.330427
0.33945
0.338692
0.335737
0.13644
0.142413
0.151694
0.163736
0.177099
0.190861
0.20472
0.218573
0.232104
0.244556
0.254608
0.260218
0.258114
0.244045
0.228643
0.113912
0.116507
0.123417
0.133185
0.143624
0.153612
0.162852
0.171222
0.178312
0.183195
0.184318
0.179349
0.164575
0.135492
0.105588
0.088293
0.0881981
0.0928543
0.0995719
0.106099
0.111563
0.115744
0.118356
0.118697
0.115577
0.107194
0.0909223
0.0626665
0.0179021
-0.0269511
0.0581176
0.0571505
0.061085
0.0648607
0.0669699
0.0672597
0.0657891
0.0621446
0.0553475
0.0439301
0.0258299
-0.00188986
-0.0437948
-0.104089
-0.162786
0.0279981
0.0324068
0.0287475
0.0326793
0.0302461
0.0345459
0.0327889
0.037208
0.0365549
0.04107
0.041828
0.0466373
0.0491724
0.054803
0.0594983
0.0667852
0.074151
0.0840775
0.0950656
0.108982
0.124813
0.1443
0.166607
0.0279687
0.032341
0.0287207
0.0325977
0.0302146
0.0344497
0.0327666
0.037071
0.0364717
0.0409067
0.0416679
0.0463839
0.0489578
0.0545166
0.059095
0.0663416
0.0733986
0.0831995
0.0936867
0.107266
0.122209
0.140944
0.161856
0.0279489
0.0322495
0.0287152
0.032487
0.0302089
0.0343201
0.0327433
0.0368961
0.036426
0.0407424
0.0415481
0.0461338
0.048739
0.054087
0.0586352
0.0657612
0.0724719
0.0820898
0.0918434
0.104872
0.11852
0.135947
0.154281
0.027938
0.0321346
0.0287218
0.0323506
0.0302241
0.0341607
0.032753
0.0366964
0.0364031
0.0405399
0.0414469
0.0458888
0.0485888
0.0538273
0.0582413
0.0652933
0.0714592
0.0808738
0.0895791
0.101827
0.113531
0.128986
0.143633
0.0279357
0.0319998
0.0287423
0.0321926
0.0302569
0.0339783
0.0327863
0.036473
0.0363986
0.0403031
0.0413551
0.0455399
0.0483201
0.0532249
0.0576878
0.064406
0.0700825
0.0789747
0.0866511
0.0977692
0.107298
0.120052
0.129725
0.0279372
0.0318472
0.0287694
0.0320196
0.0303003
0.033782
0.032841
0.0362601
0.0364095
0.0400974
0.0413169
0.0453878
0.0482985
0.0530893
0.0573111
0.0638952
0.0689117
0.0774381
0.0835494
0.0933737
0.0996924
0.109354
0.113186
0.0279494
0.0316798
0.0288067
0.0318383
0.0303513
0.0335745
0.0328846
0.0360134
0.0364102
0.0398188
0.0412104
0.0449821
0.0479663
0.0522909
0.0565285
0.062433
0.0670849
0.0745388
0.0795982
0.0874709
0.0912118
0.0960877
0.0936225
0.0279571
0.0315054
0.0288427
0.0316578
0.0304057
0.0333882
0.0329787
0.0358665
0.0364565
0.0397101
0.0412829
0.0450539
0.0480394
0.0524546
0.0563884
0.0621505
0.0659894
0.0729737
0.0757443
0.0818096
0.0806333
0.0819658
0.070662
0.027966
0.031271
0.0288953
0.0313928
0.0304582
0.0330587
0.0329856
0.0354443
0.0363566
0.0392202
0.0409934
0.0443956
0.0471875
0.0507737
0.0546368
0.0588649
0.062336
0.066642
0.0683299
0.070169
0.0661749
0.0588859
0.040522
0.0279848
0.0309477
0.0289643
0.0310305
0.0304963
0.0325676
0.0329292
0.0348564
0.03607
0.0382492
0.0401954
0.0427911
0.0456032
0.0483321
0.0516606
0.0543462
0.056799
0.0584351
0.0585639
0.0560138
0.0504205
0.039892
0.0252928
0.0280247
0.030549
0.0290528
0.0305911
0.0305538
0.0319922
0.032848
0.0341805
0.0356778
0.0373239
0.0393316
0.041428
0.0438113
0.0457235
0.0482683
0.0496305
0.0508354
0.0504468
0.0488712
0.044245
0.0374154
0.0267445
0.0129461
0.0280865
0.0300652
0.029163
0.0300904
0.0305787
0.0314504
0.0326377
0.0335417
0.035154
0.0363315
0.0382666
0.0397554
0.041693
0.0429468
0.0444777
0.0447936
0.0447031
0.0428444
0.0398819
0.034273
0.0267856
0.0165608
0.00379131
0.0281736
0.0294886
0.0292494
0.0296348
0.0304908
0.0309565
0.0323031
0.0328824
0.0344533
0.0353007
0.0369595
0.0379878
0.0392873
0.0400089
0.0404882
0.0398896
0.0387285
0.0358348
0.0319606
0.0260276
0.0185598
0.00910279
-0.00242915
0.0282808
0.0288914
0.0292295
0.0292278
0.0303106
0.0304752
0.0318315
0.0322073
0.0335784
0.0341798
0.0354531
0.0360669
0.0367088
0.0369117
0.0364841
0.0350872
0.033144
0.0296916
0.0253715
0.0195197
0.0125089
0.00399513
-0.00610882
0.0283597
0.0283191
0.0291003
0.0288586
0.0300167
0.0300012
0.0312232
0.0314934
0.0325391
0.0329528
0.0337944
0.0339958
0.0340488
0.0337296
0.0326032
0.0306312
0.0281875
0.0245419
0.0201301
0.0146197
0.00832343
0.000915565
-0.00768215
0.0283874
0.0277886
0.0288656
0.0285122
0.0296023
0.0295161
0.0304892
0.0307119
0.0313814
0.0316051
0.0320274
0.0318209
0.0313844
0.0306016
0.0289873
0.026686
0.0239774
0.0203843
0.0161723
0.0111898
0.00573055
-0.000506426
-0.00764166
0.0283376
0.0273209
0.0285141
0.0281756
0.0290751
0.0290006
0.0296622
0.0298368
0.0301456
0.0301515
0.0301956
0.0296182
0.0287961
0.0276575
0.025763
0.0233286
0.0205596
0.0171941
0.013378
0.00903804
0.00442972
-0.000691758
-0.00649635
0.0281922
0.0269263
0.0280476
0.0278293
0.0284553
0.0284213
0.0287799
0.0288584
0.0288581
0.0286294
0.0283493
0.0274732
0.0263711
0.0250041
0.022998
0.0205876
0.0179275
0.0148967
0.0115688
0.00790574
0.00410328
-2.5893e-05
-0.00467316
0.0279389
0.0266029
0.0274861
0.0274409
0.0277876
0.0277583
0.0278619
0.0277919
0.0275397
0.0270856
0.0265442
0.0254633
0.0241888
0.0227056
0.0207182
0.0184508
0.0160156
0.013369
0.0105485
0.00753293
0.00445705
0.00117441
-0.00250617
0.0275752
0.0263336
0.0268672
0.026949
0.0270968
0.027016
0.0269181
0.0266747
0.0262186
0.025579
0.0248405
0.0236507
0.0222976
0.020795
0.0189189
0.0168666
0.0147198
0.0124664
0.0101268
0.00768911
0.00523904
0.00265564
-0.000239582
0.0271094
0.0260927
0.0262504
0.026333
0.0263753
0.0262175
0.0259581
0.0255486
0.0249345
0.0241624
0.0232927
0.0220677
0.0207166
0.0192691
0.0175609
0.0157591
0.0139219
0.0120422
0.0101306
0.00818243
0.00625003
0.00423069
0.00196308
0.0265615
0.0258072
0.0256801
0.0256409
0.0256082
0.0253664
0.0249882
0.0244531
0.0237281
0.022874
0.0219331
0.0207312
0.0194415
0.0180981
0.0165877
0.0150439
0.0135058
0.0119626
0.0104171
0.0088705
0.00735533
0.00578488
0.00401783
0.0259622
0.0254268
0.0251479
0.0249713
0.0248153
0.0244855
0.0240238
0.0234093
0.0226254
0.0217355
0.0207756
0.0196375
0.0184484
0.0172386
0.0159329
0.0146328
0.0133642
0.0121124
0.0108732
0.00965033
0.00846467
0.00724632
0.00587615
0.0253418
0.0249555
0.024625
0.0243255
0.0240304
0.0236154
0.0230917
0.022434
0.0216357
0.0207532
0.0198191
0.0187728
0.0177059
0.0166412
0.0155288
0.0144447
0.0134065
0.0123973
0.0114075
0.0104398
0.00950873
0.00856141
0.0075024
0.0247224
0.0244244
0.0240774
0.023695
0.0232847
0.022794
0.0222226
0.0215486
0.0207681
0.0199267
0.019052
0.0181144
0.0171782
0.0162576
0.0153188
0.0144176
0.0135667
0.0127498
0.0119547
0.0111827
0.0104449
0.00970358
0.00888857
0.0241189
0.0238667
0.0235117
0.0230817
0.0225976
0.0220499
0.0214457
0.0207712
0.0200252
0.0192423
0.0184451
0.0176224
0.0168176
0.0160368
0.0152526
0.0145036
0.0137995
0.0131273
0.0124761
0.0118481
0.0112524
0.0106661
0.0100394
0.0235443
0.0233142
0.0229543
0.0225003
0.0219778
0.0213987
0.0207787
0.020116
0.0194134
0.0186961
0.0179815
0.0172677
0.0165811
0.0159195
0.0152622
0.0146334
0.0140415
0.0134787
0.0129376
0.0124193
0.011932
0.0114622
0.0109775
0.0230167
0.0227975
0.0224363
0.0219731
0.0214365
0.0208481
0.0202293
0.0195891
0.0189341
0.018282
0.0176448
0.0170232
0.0164302
0.0158608
0.0153014
0.0147659
0.0142608
0.0137828
0.0133274
0.0128957
0.0124924
0.0121102
0.0117298
0.0225612
0.0223492
0.0219911
0.021529
0.0209936
0.0204101
0.0198028
0.0191877
0.0185753
0.0179778
0.0174024
0.0168489
0.0163232
0.0158222
0.0153378
0.0148769
0.0144435
0.0140362
0.0136515
0.0132877
0.0129471
0.0126281
0.0123231
0.0222102
0.0220016
0.0216492
0.0211946
0.0206693
0.0201
0.019511
0.0189221
0.0183442
0.0177852
0.0172496
0.016739
0.0162571
0.0158025
0.0153704
0.0149617
0.0145778
0.0142187
0.0138826
0.0135683
0.0132759
0.0130051
0.0127537
0.0220196
0.0218161
0.0214651
0.02101
0.0204857
0.0199204
0.0193376
0.0187571
0.0181925
0.017653
0.0171434
0.0166644
0.016215
0.0157926
0.0153934
0.0150162
0.0146625
0.0143335
0.0140295
0.0137503
0.013496
0.0132668
0.0130626
0.0189632
-0.00492085
-0.0284624
-0.0498065
-0.0716347
-0.0928917
-0.113067
-0.130208
0.00930263
-0.0120013
-0.0365473
-0.0555834
-0.0710493
-0.0856336
-0.09938
-0.110658
-0.000286256
-0.0172591
-0.0375387
-0.0523914
-0.0624964
-0.0722708
-0.0818729
-0.0903158
-0.00825784
-0.0218195
-0.0365137
-0.0477869
-0.0552912
-0.0622945
-0.0687047
-0.0742487
-0.0133656
-0.0240825
-0.0338955
-0.0415631
-0.0469043
-0.0517146
-0.0557758
-0.0593192
-0.0157574
-0.0240359
-0.0302105
-0.0350066
-0.0387376
-0.0421505
-0.0448521
-0.0470525
-0.0159231
-0.0221825
-0.0258199
-0.0285437
-0.0310069
-0.0333755
-0.0351448
-0.0364002
-0.0144983
-0.0191732
-0.0211329
-0.0224474
-0.0239457
-0.025547
-0.0267192
-0.0274149
-0.0120815
-0.015544
-0.0164444
-0.0168527
-0.0176529
-0.0186963
-0.0194808
-0.0198582
-0.00914391
-0.0116952
-0.0119652
-0.0118301
-0.0121453
-0.0127817
-0.0132992
-0.013496
-0.00603822
-0.00791275
-0.00783565
-0.00740649
-0.00740484
-0.00775195
-0.00808965
-0.00820288
-0.00300386
-0.00438013
-0.00413615
-0.003576
-0.00338373
-0.00353635
-0.00375492
-0.00383573
-0.000186664
-0.00120001
-0.000899361
-0.000305077
-2.80845e-06
-2.78189e-05
-0.000169107
-0.000241281
0.0023579
0.00161283
0.00191116
0.00246963
0.00280902
0.00286084
0.00277057
0.00269388
0.00460469
0.00405611
0.00431651
0.00479661
0.00511977
0.00520764
0.0051514
0.00507117
0.00654047
0.00613968
0.00634764
0.00673079
0.00700471
0.0070948
0.00705342
0.00696798
0.00817042
0.00787977
0.00803265
0.008317
0.00852594
0.00859596
0.00855539
0.00846566
0.00950938
0.00929961
0.00940241
0.00959738
0.00973918
0.00977839
0.00972977
0.00963564
0.0105869
0.0104327
0.0104918
0.0106111
0.0106914
0.0106968
0.0106355
0.0105366
0.011437
0.0113157
0.011334
0.0113895
0.0114166
0.0113908
0.0113168
0.0112145
0.0120952
0.0119858
0.0119604
0.0119574
0.0119371
0.0118837
0.0117997
0.0116973
0.0125652
0.0124531
0.0123831
0.0123265
0.0122642
0.0121879
0.0120978
0.0119993
0.012899
0.0127665
0.0126387
0.0125223
0.0124171
0.0123198
0.0122266
0.0121352
-0.427021
-0.435366
-0.444259
-0.455936
-0.472039
-0.49286
-0.515622
-0.534526
-0.428138
-0.434036
-0.440191
-0.44915
-0.461521
-0.476888
-0.493899
-0.508242
-0.429173
-0.432485
-0.435757
-0.441215
-0.449563
-0.459415
-0.467396
-0.469571
-0.429285
-0.42973
-0.429316
-0.429926
-0.431628
-0.432826
-0.430527
-0.421755
-0.426205
-0.423106
-0.418
-0.412471
-0.406676
-0.399767
-0.389775
-0.374304
-0.416846
-0.409782
-0.399845
-0.388771
-0.37732
-0.365174
-0.350638
-0.331491
-0.399112
-0.388551
-0.375101
-0.360683
-0.346338
-0.331629
-0.31482
-0.2939
-0.372795
-0.360466
-0.34577
-0.330498
-0.315525
-0.30005
-0.282436
-0.260947
-0.339863
-0.328119
-0.314337
-0.300123
-0.285881
-0.270695
-0.25318
-0.231898
-0.303602
-0.294312
-0.282958
-0.270782
-0.257906
-0.243591
-0.22672
-0.20616
-0.267124
-0.261288
-0.252995
-0.243111
-0.231828
-0.218666
-0.202782
-0.183283
-0.232612
-0.230458
-0.225174
-0.217423
-0.207688
-0.195803
-0.18112
-0.162932
-0.201627
-0.202584
-0.199703
-0.193722
-0.1854
-0.174859
-0.161531
-0.144828
-0.174319
-0.177374
-0.176523
-0.171973
-0.165062
-0.155694
-0.143824
-0.128669
-0.150163
-0.15512
-0.155413
-0.152219
-0.146204
-0.137824
-0.127376
-0.114043
-0.47402
-0.450874
-0.430694
-0.415992
-0.4078
-0.40617
-0.410441
-0.418346
-0.474853
-0.4527
-0.433396
-0.419525
-0.411999
-0.410689
-0.414668
-0.421455
-0.476576
-0.453742
-0.434239
-0.420703
-0.413765
-0.41305
-0.417435
-0.423852
-0.483571
-0.458091
-0.436703
-0.422271
-0.415167
-0.414754
-0.419555
-0.425597
-0.49599
-0.465773
-0.440511
-0.4236
-0.415263
-0.41462
-0.41964
-0.425056
-0.513551
-0.475971
-0.444314
-0.422968
-0.412058
-0.410381
-0.414896
-0.418538
-0.535592
-0.487558
-0.446474
-0.418379
-0.4033
-0.399558
-0.402661
-0.403958
-0.5607
-0.498909
-0.445057
-0.407748
-0.386879
-0.379994
-0.381
-0.379969
-0.586629
-0.507964
-0.438092
-0.389255
-0.361476
-0.350579
-0.349524
-0.347393
-0.610336
-0.512454
-0.424071
-0.361881
-0.32642
-0.311864
-0.309829
-0.308936
-0.628208
-0.509953
-0.401952
-0.326406
-0.282111
-0.26542
-0.266121
-0.268851
-0.636396
-0.498092
-0.370526
-0.284798
-0.240141
-0.220845
-0.222488
-0.22984
-0.632656
-0.475534
-0.329422
-0.230135
-0.177822
-0.169727
-0.181228
-0.194651
-0.613354
-0.443914
-0.286156
-0.184608
-0.13594
-0.126694
-0.145683
-0.164574
-0.578641
-0.404674
-0.234399
-0.126289
-0.0918125
-0.0936881
-0.117972
-0.139476
-0.491488
-0.343597
-0.182413
-0.0755946
-0.0418041
-0.0617487
-0.0944681
-0.114414
-0.384389
-0.296534
-0.17533
-0.0755985
-0.0283338
-0.0287018
-0.0567917
-0.0868848
-0.317514
-0.298444
-0.242915
-0.174428
-0.115532
-0.0782372
-0.0653818
-0.075892
-0.320059
-0.358871
-0.369434
-0.335051
-0.274208
-0.210389
-0.148406
-0.106959
-0.343397
-0.389974
-0.41411
-0.388928
-0.339998
-0.276587
-0.209511
-0.149896
-0.315241
-0.349412
-0.358081
-0.339852
-0.305157
-0.258066
-0.213295
-0.16101
-0.223948
-0.246865
-0.254472
-0.246688
-0.229126
-0.204259
-0.183005
-0.153765
-0.161962
-0.168239
-0.169978
-0.168065
-0.16253
-0.152449
-0.143477
-0.129392
-0.137451
-0.136463
-0.134872
-0.131879
-0.127905
-0.122649
-0.119265
-0.111011
-0.124853
-0.119642
-0.117258
-0.114441
-0.110197
-0.105276
-0.101249
-0.09771
-0.124702
-0.111217
-0.106026
-0.106864
-0.107607
-0.101268
-0.0890607
-0.0769888
-0.122413
-0.103368
-0.0931429
-0.0922611
-0.0971332
-0.104106
-0.110407
-0.106699
-0.1394
-0.130072
-0.122893
-0.118462
-0.122815
-0.127347
-0.132902
-0.131857
-0.148434
-0.144244
-0.13978
-0.135547
-0.1344
-0.136407
-0.138271
-0.144853
-0.137192
-0.130284
-0.123695
-0.117671
-0.112679
-0.112576
-0.10969
-0.112682
-0.10432
-0.0976419
-0.0909433
-0.0848088
-0.0802178
-0.0779168
-0.0766582
-0.0774141
-0.0993215
-0.0907479
-0.082193
-0.0746542
-0.069426
-0.0662325
-0.0646278
-0.0632461
-0.119019
-0.10893
-0.0988518
-0.0892309
-0.081959
-0.0755123
-0.0711756
-0.0646252
-0.143108
-0.135212
-0.125467
-0.114518
-0.103423
-0.0928473
-0.0833074
-0.0727813
-0.12259
-0.11938
-0.114473
-0.107642
-0.0990921
-0.0885999
-0.0764586
-0.0653275
-0.12042
-0.125292
-0.128135
-0.128036
-0.124453
-0.116968
-0.10403
-0.0874534
-0.144012
-0.160472
-0.174471
-0.184845
-0.191128
-0.192873
-0.190756
-0.183461
-0.151085
-0.157054
-0.161663
-0.165697
-0.167762
-0.168669
-0.165283
-0.161704
-0.117036
-0.1155
-0.112115
-0.107897
-0.103196
-0.0989991
-0.0942755
-0.0913397
-0.130578
-0.115465
-0.0998821
-0.0854023
-0.0732728
-0.0650751
-0.0588872
-0.0563237
-0.148678
-0.118881
-0.0900887
-0.0648375
-0.0427625
-0.0286074
-0.0188999
-0.0129801
-0.185419
-0.168653
-0.148822
-0.126892
-0.104395
-0.0818542
-0.0586203
-0.0365785
-0.167474
-0.177439
-0.182393
-0.182344
-0.17807
-0.170234
-0.159679
-0.146123
-0.133383
-0.137887
-0.139772
-0.13928
-0.135603
-0.129678
-0.120478
-0.110277
-0.0510943
-0.0460137
-0.0408134
-0.0360866
-0.0319167
-0.0287403
-0.0265624
-0.0252834
-0.0382922
-0.0355257
-0.0324424
-0.0292417
-0.0260397
-0.0230354
-0.0202534
-0.0176605
-0.0260903
-0.0267752
-0.0270691
-0.0269609
-0.0264484
-0.0256078
-0.024497
-0.0230751
-0.0173316
-0.0177911
-0.0180933
-0.018229
-0.0181744
-0.0179699
-0.0175752
-0.01714
-0.00985729
-0.00963256
-0.00942234
-0.00924255
-0.00909612
-0.00899459
-0.00891325
-0.00889979
-0.0064435
-0.00631009
-0.00618578
-0.00607584
-0.0059847
-0.00592369
-0.00587188
-0.0058837
-0.00449076
-0.0045173
-0.00453068
-0.00452962
-0.00451255
-0.00448442
-0.00444109
-0.00439581
-0.00255457
-0.00257493
-0.00258845
-0.00259475
-0.00259283
-0.00258455
-0.00256674
-0.00254944
-0.000810745
-0.000809272
-0.000807186
-0.000804827
-0.000802126
-0.000799404
-0.00079583
-0.000793754
-0.120235
-0.111107
-0.0936394
-0.0767004
-0.0600913
-0.0454391
-0.0330581
-0.0225736
-0.0138843
-0.00708959
-0.00151734
0.00295807
0.00642944
0.00917933
0.0113313
0.0129858
0.0142501
0.0151921
0.0158832
0.0163742
0.0167025
0.0169027
0.0169958
-0.105329
-0.102175
-0.092385
-0.0790554
-0.06386
-0.0498225
-0.0370503
-0.0259177
-0.0167508
-0.00936425
-0.00322176
0.00158441
0.0053825
0.00838382
0.0107143
0.0125114
0.0138814
0.014901
0.0156473
0.0161756
0.0165282
0.0167429
0.0168428
-0.0882639
-0.089747
-0.0848723
-0.0744288
-0.0618232
-0.049208
-0.0370917
-0.0264117
-0.0174536
-0.00993828
-0.00380124
0.00103679
0.00492813
0.00798938
0.0103707
0.0122155
0.0136219
0.0146728
0.0154431
0.0159893
0.0163548
0.0165781
0.0166827
-0.0953167
-0.0859534
-0.0778159
-0.0674542
-0.0560816
-0.0447543
-0.0339257
-0.0243282
-0.0160496
-0.00901027
-0.00329925
0.00132059
0.00503563
0.00797181
0.0102805
0.0120814
0.0134622
0.0145022
0.0152685
0.0158151
0.0161832
0.0164098
0.0165168
-0.117864
-0.0919189
-0.0755626
-0.061506
-0.0493751
-0.0387878
-0.0289494
-0.0205127
-0.0131861
-0.00701482
-0.00196935
0.00219667
0.00556543
0.00825198
0.0103951
0.0120811
0.0133887
0.0143837
0.0151229
0.0156545
0.0160154
0.0162395
0.0163463
-0.129569
-0.0951202
-0.0749443
-0.0567733
-0.043464
-0.0329508
-0.0234792
-0.0160134
-0.00962631
-0.00438587
-8.66181e-05
0.00348111
0.00639173
0.00875866
0.0106692
0.0121925
0.0133922
0.0143149
0.0150074
0.0155098
0.0158537
0.0160689
0.0161724
-0.125228
-0.0901752
-0.0704502
-0.049243
-0.0371709
-0.0261691
-0.0174897
-0.011043
-0.00567435
-0.00142409
0.00205828
0.00497182
0.00738495
0.00939833
0.0110451
0.012381
0.0134502
0.0142828
0.014915
0.0153775
0.0156965
0.0158975
0.0159947
-0.107515
-0.0775622
-0.0623145
-0.0403164
-0.0299822
-0.0182441
-0.0109957
-0.00569368
-0.00141795
0.00175953
0.00436618
0.00657019
0.00845333
0.0100819
0.011455
0.0125965
0.0135263
0.0142623
0.0148287
0.0152473
0.0155385
0.0157234
0.0158132
-0.0896349
-0.0666101
-0.0522585
-0.0312329
-0.0220475
-0.00970557
-0.00416375
0.000171609
0.00315615
0.00511452
0.00677443
0.00823138
0.00956133
0.0107788
0.011866
0.0128073
0.0135957
0.0142354
0.0147364
0.0151115
0.0153754
0.0155443
0.015627
-0.0804301
-0.0587256
-0.042136
-0.0192788
-0.0099527
0.00199711
0.00455662
0.00737133
0.00832716
0.00884965
0.00939128
0.00999975
0.0107252
0.0115098
0.0122965
0.0130292
0.0136713
0.0142113
0.0146442
0.0149742
0.0152094
0.0153614
0.0154363
-0.0672215
-0.0482202
-0.0290736
-0.00756556
0.00453171
0.0142258
0.0147458
0.0154038
0.0138854
0.0128442
0.0121641
0.0119014
0.0119952
0.012329
0.0127914
0.0132971
0.0137804
0.0142097
0.0145656
0.0148434
0.0150444
0.0151757
0.0152407
-0.0891427
-0.065473
-0.0219496
0.00718222
0.0267864
0.0298048
0.0273085
0.0237889
0.0196727
0.0168504
0.0148861
0.0137595
0.0132679
0.0131853
0.0133362
0.0136137
0.0139276
0.0142348
0.0145032
0.0147203
0.0148808
0.0149871
0.01504
-0.115693
-0.10061
-0.0368059
0.0149361
0.0432527
0.042128
0.0372653
0.0301408
0.0241402
0.0201166
0.0171917
0.0154305
0.0144609
0.0139982
0.0138697
0.0139325
0.0140821
0.0142663
0.0144437
0.0145963
0.0147136
0.0147929
0.0148327
-0.131943
-0.11918
-0.0528984
0.00776156
0.0397231
0.0440568
0.0397829
0.0326958
0.02635
0.0217312
0.0185594
0.0166184
0.0153914
0.0146984
0.0143568
0.0142267
0.0142246
0.0142912
0.0143794
0.0144674
0.0145402
0.0145919
0.0146182
-0.106805
-0.0960058
-0.0575169
-0.0117321
0.0172144
0.0281771
0.0298513
0.0275703
0.0245583
0.0215994
0.0191594
0.017348
0.0161013
0.0152832
0.0147996
0.0145088
0.0143681
0.0143194
0.0143168
0.0143374
0.0143627
0.014384
0.0143953
-0.0767128
-0.0694565
-0.054349
-0.0347569
-0.0122036
0.00485049
0.0142543
0.0181919
0.0195613
0.0193968
0.0186409
0.0175651
0.0166317
0.0157845
0.0152014
0.0147805
0.0145135
0.0143522
0.0142576
0.0142071
0.0141808
0.0141687
0.0141629
-0.0647924
-0.0625113
-0.055542
-0.0408454
-0.0192639
-0.0024938
0.0089727
0.014478
0.0173083
0.0180659
0.0180945
0.0175291
0.0169134
0.0161276
0.0155274
0.0150139
0.0146347
0.0143692
0.0141859
0.0140656
0.0139881
0.0139421
0.0139189
-0.06428
-0.0526025
-0.0482959
-0.0299619
-0.0148747
0.00038786
0.00850712
0.0151614
0.0172133
0.0185196
0.0183091
0.0178366
0.0171612
0.0163965
0.0157415
0.0151607
0.0146961
0.0143453
0.0140852
0.0139019
0.0137772
0.0136998
0.0136604
-0.0633119
-0.0492782
-0.0346613
-0.0149307
-0.00375064
0.00944809
0.0141483
0.01885
0.0188663
0.0196596
0.018897
0.0183526
0.0175
0.0166764
0.0159246
0.015261
0.0147166
0.0142877
0.0139579
0.0137169
0.0135476
0.0134396
0.0133842
-0.0547535
-0.0350517
-0.0187102
-0.000256694
0.0105806
0.019033
0.0217341
0.0232214
0.0216478
0.0210513
0.0196039
0.0187473
0.0177269
0.0168618
0.0160434
0.0153188
0.0147026
0.0142004
0.0138051
0.0135088
0.0132965
0.0131589
0.0130879
-0.0776502
-0.0553738
-0.0281502
-0.00203243
0.0203347
0.0252669
0.0275355
0.0256033
0.0232475
0.0216264
0.0199527
0.0188169
0.0177279
0.0168224
0.0159856
0.0152447
0.0145902
0.0140423
0.0135997
0.01326
0.0130127
0.0128503
0.0127663
-0.165849
-0.142089
-0.0983014
-0.0492774
0.000445995
0.0199833
0.0273457
0.0231926
0.0223734
0.0208505
0.0196585
0.0186083
0.0176023
0.0166908
0.0158425
0.0150758
0.0143919
0.0138123
0.0133356
0.0129646
0.012691
0.0125093
0.0124149
-0.147589
-0.131998
-0.100027
-0.0596345
-0.0206517
0.000326598
0.0122702
0.0170426
0.0187396
0.0187585
0.0184959
0.0179346
0.0172011
0.0164015
0.0155951
0.0148188
0.0141228
0.0135181
0.0130168
0.0126222
0.0123282
0.0121316
0.0120291
-0.0828476
-0.065673
-0.0420868
-0.0234137
-0.0129589
-0.00788263
0.000416336
0.0091595
0.0141846
0.0165237
0.0171635
0.0171642
0.0166184
0.0159484
0.0151834
0.0144281
0.0137395
0.0131304
0.0126236
0.0122192
0.0119161
0.0117115
0.0116044
-0.0508585
-0.0315534
-0.0108364
0.00381766
0.0104571
0.0104267
0.0114786
0.0151801
0.0165631
0.0176923
0.0176514
0.0173091
0.0164272
0.0156368
0.014749
0.0139684
0.0132583
0.0126523
0.0121489
0.0117477
0.0114462
0.0112417
0.0111343
-0.0103654
0.00664311
0.0137373
0.0237998
0.0252743
0.031229
0.0267824
0.0245702
0.0220918
0.0207928
0.0191041
0.0178731
0.0163608
0.0153026
0.0142372
0.0134063
0.0126739
0.0120797
0.0115908
0.0112061
0.0109162
0.0107193
0.0106154
-0.0227588
-0.00469673
0.0140924
0.0340756
0.0459783
0.0501347
0.0451588
0.0367104
0.0294145
0.0240582
0.0204376
0.0179226
0.0159753
0.0146177
0.013485
0.0126403
0.0119392
0.0113831
0.0109342
0.0105829
0.0103186
0.0101382
0.0100428
-0.124668
-0.0961114
-0.0624975
-0.028343
0.00313658
0.0218617
0.0288693
0.0263124
0.0239694
0.0210687
0.0185151
0.0163495
0.0146352
0.0133736
0.0123821
0.0116323
0.0110317
0.0105542
0.0101739
0.00987523
0.00964994
0.0094952
0.00941289
-0.0950144
-0.078438
-0.0553085
-0.0303377
-0.00603501
0.0100906
0.0156304
0.0152965
0.0150287
0.0145395
0.0139212
0.0131103
0.0122313
0.0115022
0.0108627
0.0103565
0.00993307
0.00958712
0.00930587
0.00908113
0.00890907
0.00878867
0.00872391
-0.0244981
-0.0193682
-0.0142779
-0.0103806
-0.00636663
-0.00253394
0.000397073
0.00313214
0.00562099
0.00743535
0.00847304
0.00909299
0.00923109
0.00922127
0.00904235
0.00886408
0.00867154
0.00849623
0.00833911
0.0082053
0.00809708
0.00801849
0.00797514
-0.0160234
-0.0141291
-0.0125595
-0.0106229
-0.00806772
-0.00524105
-0.00269692
-0.000594089
0.00127553
0.00291645
0.00429705
0.00543299
0.00620765
0.00676547
0.00705119
0.00722733
0.00728903
0.00730626
0.00728907
0.00725766
0.00722098
0.00718875
0.00716894
-0.021212
-0.0186151
-0.015709
-0.0125503
-0.00937199
-0.0067441
-0.00472167
-0.00337643
-0.00187724
-0.000388015
0.00104432
0.00235637
0.00344734
0.00436086
0.00501915
0.00551723
0.00583412
0.00604957
0.00617712
0.00625144
0.00628892
0.00630478
0.0063096
-0.0160822
-0.0146269
-0.0129092
-0.0111253
-0.00933945
-0.00783094
-0.00651766
-0.00527273
-0.0038466
-0.00243037
-0.0010808
0.000189898
0.00134221
0.00238408
0.00322752
0.00391702
0.00441807
0.00479123
0.00504249
0.00521121
0.00531561
0.00537556
0.00540293
-0.00877363
-0.0084621
-0.00813968
-0.0077961
-0.00731187
-0.00668664
-0.00585594
-0.00486322
-0.00374677
-0.00268934
-0.00166893
-0.000695102
0.000217628
0.00109817
0.00189044
0.00259445
0.00315865
0.00360731
0.00393345
0.00416716
0.00432136
0.0044154
0.00446046
-0.00590051
-0.0056917
-0.0056093
-0.00543788
-0.00517483
-0.00478903
-0.00425631
-0.00364028
-0.00294572
-0.00226069
-0.00156243
-0.00087533
-0.000220865
0.000424817
0.00102868
0.0016071
0.00211628
0.00255137
0.00289048
0.00314623
0.00332311
0.00343496
0.00349005
-0.00430203
-0.00415591
-0.00399035
-0.00378543
-0.00355516
-0.00329593
-0.0029862
-0.00263274
-0.00220192
-0.00175155
-0.00127162
-0.000792832
-0.000335042
0.000114556
0.000526485
0.000932269
0.00130778
0.0016516
0.00194211
0.00217342
0.00234013
0.00244877
0.00250309
-0.00250065
-0.00242169
-0.00233017
-0.0022229
-0.00210201
-0.00196839
-0.00180512
-0.00161158
-0.00136604
-0.00110877
-0.000825362
-0.000540312
-0.000266369
5.89401e-06
0.000245266
0.000482349
0.00069935
0.000909515
0.00109941
0.00126063
0.00138263
0.00146465
0.00150621
-0.000783974
-0.0007661
-0.000745836
-0.000719749
-0.000686595
-0.000645874
-0.000590678
-0.000527483
-0.00044499
-0.00036584
-0.000271966
-0.000177894
-8.77417e-05
8.67777e-06
8.74257e-05
0.000168661
0.000234268
0.000300432
0.000359631
0.000413184
0.000455916
0.00048609
0.000501733
-0.0959798
-0.0764783
-0.0588815
-0.0453278
-0.0338042
-0.0245356
-0.0167524
-0.0102516
-0.00474729
-0.000200393
0.00363622
0.00683962
0.0094568
0.0116026
0.0133087
0.0146415
0.01566
0.0164183
0.0169726
0.0173646
0.0176215
0.017768
0.0178291
-0.105799
-0.0830174
-0.0633509
-0.0484997
-0.0361429
-0.0261523
-0.0177845
-0.0108723
-0.00511681
-0.000443717
0.00349284
0.00672125
0.00933198
0.0114696
0.0131618
0.0144883
0.0155065
0.0162697
0.016831
0.0172304
0.0174953
0.0176511
0.01772
-0.113937
-0.0881696
-0.0667748
-0.0510741
-0.0380988
-0.0275608
-0.0186894
-0.0114005
-0.00545613
-0.000651932
0.00340345
0.006637
0.00924763
0.011375
0.0130453
0.0143591
0.0153707
0.0161341
0.0166988
0.0171036
0.0173752
0.0175385
0.0176136
-0.120601
-0.09269
-0.0704828
-0.054051
-0.0403222
-0.0291128
-0.0196786
-0.0120434
-0.00595297
-0.000937853
0.00324753
0.00649516
0.00914736
0.0112773
0.012936
0.0142431
0.0152491
0.0160114
0.0165776
0.016986
0.0172622
0.0174308
0.0175101
-0.12547
-0.0958152
-0.0737216
-0.0569302
-0.0427054
-0.0308819
-0.0209514
-0.0130408
-0.00671834
-0.00136861
0.00291992
0.00623303
0.00897998
0.0111307
0.0128045
0.0141209
0.0151303
0.0158954
0.0164643
0.0168758
0.0171554
0.0173276
0.0174094
-0.127055
-0.0982235
-0.0778764
-0.0604664
-0.0454955
-0.0328867
-0.0225247
-0.0143657
-0.00764047
-0.0019698
0.00237561
0.0058478
0.00870788
0.010901
0.0126235
0.0139687
0.0149968
0.0157743
0.0163514
0.0167687
0.0170523
0.0172275
0.017311
-0.126202
-0.100169
-0.0814921
-0.0637756
-0.0484672
-0.0353024
-0.0246594
-0.0160957
-0.00882734
-0.0029311
0.00156252
0.00528783
0.00826371
0.0105472
0.0123566
0.0137571
0.014827
0.0156327
0.0162289
0.0166586
0.0169495
0.017129
0.0172141
-0.123866
-0.106196
-0.0876302
-0.0690546
-0.053015
-0.039162
-0.0279238
-0.0186046
-0.0107353
-0.00455598
0.000329611
0.00437849
0.00753202
0.00999602
0.011945
0.0134454
0.0145927
0.015452
0.0160852
0.0165384
0.0168433
0.0170304
0.017118
0.0604314
0.0376221
0.0143489
-0.00994689
-0.0340689
-0.0567815
-0.0777144
-0.0976475
0.063487
0.0381748
0.012407
-0.0144749
-0.0413764
-0.0668996
-0.0901017
-0.110679
0.0660778
0.0369442
0.00757606
-0.0222213
-0.0513927
-0.0787451
-0.103334
-0.125214
0.0679854
0.03451
0.00128785
-0.0313968
-0.0627317
-0.091855
-0.118154
-0.1417
0.0685526
0.0308434
-0.00619232
-0.041926
-0.0757282
-0.106976
-0.135242
-0.160535
0.067546
0.0255571
-0.015437
-0.0545636
-0.091221
-0.12488
-0.155149
-0.182093
0.0647845
0.0181248
-0.0272008
-0.0701336
-0.109946
-0.146135
-0.178389
-0.206807
0.0597643
0.007805
-0.0423547
-0.0895002
-0.132734
-0.171514
-0.205649
-0.235249
0.0515787
-0.00644093
-0.0620116
-0.113788
-0.160695
-0.202087
-0.237876
-0.268221
0.038905
-0.0260399
-0.0876722
-0.144493
-0.195313
-0.239301
-0.276372
-0.306778
0.0199014
-0.0529588
-0.12145
-0.183783
-0.238495
-0.285107
-0.322766
-0.352102
-0.00802024
-0.0897376
-0.16599
-0.234714
-0.293649
-0.341639
-0.378363
-0.404701
-0.0491029
-0.140537
-0.224166
-0.299195
-0.361135
-0.408793
-0.44216
-0.462037
-0.106567
-0.209617
-0.303033
-0.379187
-0.438492
-0.480715
-0.505506
-0.513921
-0.158665
-0.266609
-0.35835
-0.43226
-0.487173
-0.523061
-0.54132
-0.544345
0.188853
0.186526
0.180068
0.169483
0.154773
0.136265
0.114381
0.0887413
0.203712
0.200663
0.192656
0.179899
0.162638
0.141237
0.116935
0.089994
0.220255
0.216552
0.207222
0.192663
0.17338
0.149766
0.123475
0.0953419
0.238917
0.234619
0.224131
0.207894
0.186665
0.16084
0.131885
0.100996
0.259785
0.254877
0.243171
0.225045
0.201449
0.17288
0.140421
0.105636
0.282788
0.277175
0.264013
0.243604
0.21701
0.185005
0.148412
0.109044
0.307838
0.301389
0.286451
0.263316
0.233087
0.196937
0.155674
0.111222
0.334883
0.327454
0.310383
0.284054
0.249581
0.208545
0.16198
0.111842
0.363843
0.355288
0.335685
0.305616
0.266242
0.219489
0.166776
0.110141
0.394469
0.384621
0.362026
0.327543
0.28247
0.229019
0.169093
0.104937
0.426179
0.414839
0.388707
0.348963
0.297179
0.235849
0.167429
0.0945205
0.457802
0.444717
0.414399
0.368369
0.308621
0.237996
0.159557
0.0764197
0.487337
0.472182
0.43687
0.383246
0.313925
0.232243
0.141949
0.0467466
0.510756
0.493248
0.452296
0.389944
0.309348
0.214681
0.110665
0.001815
0.530046
0.510228
0.463866
0.393624
0.303274
0.196628
0.0798049
-0.0410542
0.0280381
0.0280874
0.0281467
0.0282148
0.0282904
0.0283714
0.0284568
0.0285463
0.0324461
0.0324592
0.0324466
0.0324104
0.0323541
0.0322807
0.0321928
0.0320966
0.0287917
0.0288531
0.0289325
0.0290272
0.0291318
0.0292524
0.0293724
0.029492
0.0327292
0.0327472
0.0327355
0.0326979
0.0326389
0.0325629
0.0324761
0.0323869
0.0303018
0.0303807
0.0304868
0.0306127
0.0307528
0.0309131
0.0310687
0.0312404
0.0346065
0.0346278
0.0346155
0.0345739
0.0345081
0.0344313
0.0343408
0.034283
0.0328626
0.032966
0.0331009
0.0332581
0.0334319
0.0336183
0.0337992
0.0340018
0.0372984
0.0373457
0.0373592
0.0373448
0.0373143
0.0372756
0.037207
0.0372116
0.0366641
0.036794
0.0369712
0.037168
0.0373507
0.0376019
0.0377784
0.0381033
0.0411774
0.041237
0.0412659
0.0412755
0.0412459
0.0412685
0.041221
0.0413762
0.0419865
0.0421457
0.0423559
0.04259
0.0428075
0.0431004
0.0432634
0.0436682
0.0468248
0.0469534
0.0470456
0.047141
0.0471515
0.0472831
0.0472079
0.0475454
0.0493537
0.0495392
0.0497028
0.0499223
0.050046
0.0503786
0.0503764
0.0509662
0.055056
0.055258
0.0553459
0.0555991
0.0554887
0.0559703
0.055551
0.0565181
0.0597827
0.0600328
0.0601053
0.0603737
0.0602789
0.0606181
0.0602827
0.0607815
0.0670595
0.0672619
0.0671893
0.0675021
0.0670878
0.0675869
0.0667508
0.0676289
0.0745581
0.0748108
0.0747627
0.07486
0.074264
0.0743487
0.0732451
0.0735422
0.0845584
0.0847612
0.0845612
0.0845894
0.0835317
0.0834974
0.0813622
0.0815458
0.0956577
0.0958434
0.0951897
0.0946053
0.0928627
0.0918071
0.0889295
0.0875477
0.109683
0.109799
0.108855
0.107817
0.105179
0.103095
0.0983894
0.0953349
0.125718
0.125485
0.123702
0.12121
0.116851
0.112149
0.105302
0.09826
0.145397
0.144862
0.142342
0.138371
0.132043
0.12435
0.114024
0.102046
0.168112
0.16677
0.162472
0.155298
0.144857
0.13156
0.115323
0.0956357
0.0286474
0.0287816
0.0289473
0.0291448
0.0293786
0.0296436
0.0298907
0.0300983
0.0302396
0.0302964
0.0302552
0.0301116
0.029872
0.0295554
0.0291876
0.0287955
0.0283976
0.0280027
0.0276181
0.0272544
0.0269307
0.0266743
0.0265096
0.031959
0.0317566
0.0314888
0.0311462
0.0307229
0.0302912
0.0298953
0.0295527
0.0292838
0.0290979
0.0289923
0.0289495
0.0289357
0.0288878
0.0287378
0.0284954
0.028183
0.0278296
0.0274624
0.0271049
0.0267828
0.0265283
0.0263649
0.0296483
0.0298468
0.0300761
0.0303405
0.0305909
0.0307459
0.0308027
0.0307652
0.030621
0.030371
0.0300345
0.0296464
0.0292636
0.0289294
0.0286281
0.028328
0.0279909
0.0276183
0.0272338
0.0268641
0.0265353
0.0262805
0.0261259
0.0322352
0.0320093
0.0317209
0.0313863
0.0311119
0.0308975
0.0307322
0.0306
0.0304856
0.0303683
0.0302126
0.029961
0.029583
0.0291267
0.0286846
0.0282529
0.0278204
0.027385
0.0269574
0.0265607
0.0262167
0.0259574
0.0258141
0.0314198
0.0316165
0.0318448
0.0320463
0.0321438
0.032163
0.0320845
0.0318972
0.0316073
0.0312323
0.0308124
0.0303697
0.0298924
0.0293613
0.028791
0.0282114
0.0276515
0.027125
0.0266396
0.0262088
0.0258468
0.0255807
0.0254483
0.0340998
0.033818
0.0334513
0.0331278
0.0328471
0.0325922
0.0323558
0.0321224
0.0318681
0.0315538
0.0311484
0.0306571
0.0300972
0.0294675
0.0287887
0.028099
0.0274354
0.0268226
0.0262775
0.0258132
0.025436
0.0251659
0.0250431
0.0341814
0.0343366
0.0344882
0.0345339
0.0344695
0.0342801
0.0339499
0.0334942
0.0329421
0.0323294
0.0316728
0.0309784
0.0302487
0.0294844
0.0286966
0.027912
0.0271634
0.0264788
0.0258808
0.0253867
0.0249976
0.0247268
0.0246102
0.0370243
0.0365748
0.0361448
0.0357662
0.0354077
0.0350261
0.0346074
0.0341244
0.0335313
0.0328274
0.0320242
0.0311528
0.0302497
0.0293461
0.0284573
0.0275997
0.026797
0.0260718
0.0254453
0.0249369
0.024545
0.0242788
0.0241618
0.0382178
0.0381784
0.0380816
0.037843
0.0374407
0.0368785
0.0361722
0.0353528
0.0344403
0.0334484
0.0323904
0.0312923
0.0301896
0.0291215
0.0281155
0.0271847
0.0263432
0.0256002
0.0249689
0.0244652
0.0240849
0.0238299
0.0237092
0.0411598
0.0406347
0.0400849
0.0394872
0.0388442
0.0381072
0.0372509
0.0362548
0.0351177
0.0338729
0.0325604
0.0312335
0.0299453
0.0287359
0.0276327
0.0266488
0.0257915
0.0250564
0.0244466
0.0239683
0.0236175
0.0233809
0.0232584
0.0436695
0.0432575
0.0427516
0.0420474
0.0410893
0.039922
0.038602
0.0371643
0.0356407
0.03407
0.0324933
0.0309601
0.0295181
0.0282045
0.0270383
0.0260302
0.0251808
0.0244752
0.0239052
0.0234638
0.0231514
0.0229349
0.0228147
0.0471872
0.046222
0.0452428
0.044071
0.0427817
0.0413287
0.0396995
0.0379142
0.0360372
0.0341429
0.0323014
0.0305689
0.0289921
0.0275954
0.026391
0.0253808
0.0245569
0.0238959
0.0233756
0.0229733
0.0226973
0.0224977
0.0223828
0.0506539
0.049595
0.048428
0.0469353
0.0451253
0.0430745
0.0408532
0.0385362
0.0362037
0.0339376
0.0318147
0.0298982
0.0282169
0.0267816
0.0255891
0.0246236
0.0238645
0.0232806
0.022833
0.0224843
0.0222477
0.02207
0.0219654
0.0555006
0.0535889
0.0515562
0.0492483
0.0467402
0.0440215
0.0411838
0.0383562
0.0356385
0.0331103
0.0308373
0.028852
0.0271648
0.0257722
0.0246533
0.0237784
0.0231172
0.0226347
0.022276
0.0219942
0.0218016
0.0216534
0.0215641
0.0597008
0.0574007
0.0548326
0.0518488
0.048538
0.0450649
0.0415695
0.0381934
0.0350505
0.0322395
0.0298069
0.0277617
0.0260912
0.0247631
0.0237334
0.0229573
0.0223944
0.0220088
0.0217332
0.0215173
0.0213678
0.021253
0.0211816
0.065502
0.0617449
0.0578942
0.0538015
0.0495622
0.0452894
0.0411561
0.0373074
0.0338657
0.0309
0.0284235
0.0264195
0.0248473
0.0236477
0.0227565
0.0221133
0.0216681
0.0213853
0.0211941
0.0210473
0.0209443
0.0208691
0.0208189
0.0708723
0.0660155
0.0608427
0.0553212
0.0498034
0.0445651
0.039794
0.0356049
0.0320276
0.0290596
0.0266745
0.0248214
0.0234298
0.0224202
0.0217138
0.0212369
0.020931
0.020759
0.020658
0.0205846
0.0205325
0.0205019
0.0204756
0.0764535
0.0692679
0.0623544
0.0555291
0.048982
0.0429829
0.0377353
0.0333153
0.029703
0.0268425
0.0246552
0.0230434
0.0219017
0.0211306
0.0206406
0.0203508
0.0201974
0.020141
0.0201329
0.0201345
0.0201367
0.0201526
0.0201515
0.0814006
0.0721736
0.0630547
0.0544707
0.0468037
0.0402714
0.0348417
0.0304345
0.0269673
0.0243504
0.0224631
0.0211668
0.0203278
0.0198288
0.0195736
0.01948
0.0194829
0.0195427
0.019626
0.0197026
0.0197606
0.0198226
0.0198475
0.0848215
0.0721148
0.0611441
0.0513761
0.043095
0.0363734
0.0310631
0.0269413
0.0238421
0.0216279
0.0201447
0.0192306
0.0187354
0.0185311
0.0185228
0.0186297
0.0187902
0.0189671
0.0191409
0.019292
0.0194071
0.0195128
0.0195646
0.0853464
0.0703518
0.0573538
0.046573
0.0380283
0.03146
0.0264954
0.0228374
0.0202741
0.0186064
0.017636
0.0171804
0.0170778
0.0171983
0.0174561
0.0177752
0.0181015
0.018403
0.0186724
0.0189002
0.0190754
0.019223
0.0193033
0.0815426
0.0635907
0.0504606
0.0398005
0.0316072
0.0255585
0.0212169
0.0182138
0.0163203
0.0153006
0.0149262
0.0149945
0.0153322
0.0158084
0.0163533
0.0169004
0.0174059
0.0178431
0.0182164
0.0185258
0.0187641
0.0189541
0.0190641
0.0698878
0.0540052
0.0415643
0.0318305
0.0244199
0.0189962
0.0153537
0.0130821
0.0119426
0.0116466
0.0119336
0.0125867
0.0134188
0.0142941
0.0151595
0.015963
0.0166712
0.0172659
0.0177593
0.0181605
0.0184679
0.0187049
0.0188471
0.0550671
0.0431971
0.0330788
0.0246679
0.0183855
0.0135502
0.0103004
0.00859168
0.0081018
0.00844377
0.00931571
0.010493
0.0117777
0.0130214
0.0141774
0.0152105
0.0160993
0.0168332
0.0174279
0.0179012
0.0182584
0.0185238
0.0186826
0.0355344
0.0249548
0.0191268
0.0136421
0.0100271
0.00722919
0.00530245
0.00473356
0.00518189
0.00626422
0.00770452
0.00931862
0.0109368
0.0124259
0.0137562
0.0149127
0.015888
0.016681
0.017311
0.0178015
0.0181635
0.018419
0.0185665
0.0120667
0.00218571
0.000116098
-0.00197727
-0.00202932
-0.00151279
-0.000495612
0.0010539
0.00293227
0.00495974
0.00700494
0.00899302
0.0108334
0.0124475
0.0138381
0.0150117
0.0159788
0.0167509
0.0173524
0.0178092
0.0181362
0.0183501
0.0184641
-0.0102263
-0.0175698
-0.0165603
-0.0160014
-0.0131199
-0.0096617
-0.00588506
-0.00232722
0.000910949
0.00383238
0.00644502
0.00877645
0.0108178
0.0125528
0.0139954
0.0151722
0.0161152
0.0168509
0.0174124
0.0178279
0.0181143
0.0182856
0.0183656
-0.0308733
-0.0332902
-0.0281738
-0.0251765
-0.0201275
-0.0149976
-0.00977239
-0.00504214
-0.000897894
0.00267825
0.00574496
0.00837748
0.0106169
0.0124938
0.0140151
0.0152216
0.0161635
0.0168815
0.0174186
0.017807
0.0180653
0.018208
0.0182649
-0.0500882
-0.0465663
-0.0371447
-0.0313045
-0.0242278
-0.0180181
-0.0121533
-0.00691929
-0.00231424
0.00164296
0.00501237
0.00787431
0.0102835
0.0122867
0.0138904
0.0151447
0.0161072
0.0168282
0.0173592
0.0177369
0.0179825
0.0181129
0.0181598
-0.0680199
-0.05838
-0.0455178
-0.0367381
-0.0277207
-0.0204122
-0.0139327
-0.00830402
-0.00338857
0.000810674
0.00438278
0.00740871
0.00993827
0.012028
0.0136941
0.014992
0.0159809
0.016715
0.0172511
0.0176293
0.0178734
0.0180038
0.0180508
-0.0833821
-0.0683128
-0.0529802
-0.0414514
-0.0309464
-0.0225762
-0.0154288
-0.00937371
-0.00416523
0.000212979
0.00392844
0.00706327
0.00965766
0.0117911
0.0134903
0.0148148
0.0158236
0.0165715
0.0171167
0.0175008
0.0177498
0.0178869
0.0179399
)
;

boundaryField
{
    outlet
    {
        type            fixedValue;
        value           uniform 0;
    }
    upperWall
    {
        type            symmetryPlane;
    }
    lowerWall
    {
        type            symmetryPlane;
    }
    inlet
    {
        type            zeroGradient;
    }
    cylinder
    {
        type            zeroGradient;
    }
    frontAndBack
    {
        type            empty;
    }
}


// ************************************************************************* //
