/*--------------------------------*- C++ -*----------------------------------*\
| =========                 |                                                 |
| \\      /  F ield         | OpenFOAM: The Open Source CFD Toolbox           |
|  \\    /   O peration     | Version:  2312                                  |
|   \\  /    A nd           | Website:  www.openfoam.com                      |
|    \\/     M anipulation  |                                                 |
\*---------------------------------------------------------------------------*/
FoamFile
{
    version     2.0;
    format      ascii;
    arch        "LSB;label=32;scalar=64";
    class       volScalarField;
    location    "100.2";
    object      p;
}
// * * * * * * * * * * * * * * * * * * * * * * * * * * * * * * * * * * * * * //

dimensions      [0 2 -2 0 0 0 0];

internalField   nonuniform List<scalar> 
5478
(
-0.473245
-0.473664
-0.474945
-0.47632
-0.475034
-0.467415
-0.450394
-0.422941
-0.386723
-0.345325
-0.302461
-0.260966
-0.222839
-0.188617
-0.157869
-0.481581
-0.479452
-0.477712
-0.47536
-0.469407
-0.456402
-0.434562
-0.404501
-0.368802
-0.330583
-0.292555
-0.25644
-0.223348
-0.192997
-0.165835
-0.490579
-0.4859
-0.481049
-0.474252
-0.462368
-0.443193
-0.416774
-0.385005
-0.350439
-0.315432
-0.281514
-0.249649
-0.220125
-0.193104
-0.168409
-0.50275
-0.49543
-0.486801
-0.474301
-0.455103
-0.429343
-0.398958
-0.366205
-0.332992
-0.300572
-0.269702
-0.24077
-0.213936
-0.189203
-0.166567
-0.519484
-0.508259
-0.495183
-0.475127
-0.447545
-0.415553
-0.382009
-0.34864
-0.31638
-0.285736
-0.256951
-0.230137
-0.205227
-0.182358
-0.161102
-0.540627
-0.523739
-0.504411
-0.474923
-0.438774
-0.40132
-0.365146
-0.331076
-0.299298
-0.269802
-0.242526
-0.217363
-0.194209
-0.172928
-0.152999
-0.562901
-0.540255
-0.511009
-0.470723
-0.426746
-0.384748
-0.346358
-0.311602
-0.2801
-0.251492
-0.225485
-0.201834
-0.180309
-0.160743
-0.142519
-0.580395
-0.553106
-0.511104
-0.45968
-0.409061
-0.363489
-0.323463
-0.288295
-0.257186
-0.229509
-0.204785
-0.182665
-0.162888
-0.145166
-0.129035
-0.459451
-0.460423
-0.461829
-0.467708
-0.478411
-0.493931
-0.514026
-0.537847
-0.563835
-0.589752
-0.61276
-0.629443
-0.636504
-0.632203
-0.610507
-0.445746
-0.448226
-0.449853
-0.454505
-0.462307
-0.472607
-0.484494
-0.496613
-0.507253
-0.514603
-0.516736
-0.511359
-0.496256
-0.470738
-0.441893
-0.435656
-0.43943
-0.441657
-0.445717
-0.45136
-0.457252
-0.461704
-0.462655
-0.458019
-0.446294
-0.426592
-0.397967
-0.360075
-0.315638
-0.262971
-0.431413
-0.436214
-0.439325
-0.443485
-0.448061
-0.451153
-0.450372
-0.443022
-0.426663
-0.400041
-0.363604
-0.318384
-0.260726
-0.205433
-0.137003
-0.433551
-0.438969
-0.442984
-0.447659
-0.452065
-0.453798
-0.449815
-0.436947
-0.412758
-0.376167
-0.328002
-0.27694
-0.20747
-0.153084
-0.0914463
-0.441216
-0.446583
-0.451275
-0.456556
-0.461339
-0.46258
-0.456622
-0.440016
-0.410505
-0.368092
-0.315324
-0.259323
-0.196369
-0.140346
-0.089131
-0.452312
-0.456833
-0.461519
-0.467058
-0.471339
-0.471292
-0.462714
-0.442588
-0.409564
-0.364842
-0.313244
-0.258989
-0.205825
-0.158526
-0.116379
-0.463526
-0.466279
-0.469705
-0.47409
-0.47625
-0.473028
-0.460627
-0.436703
-0.401389
-0.35755
-0.309865
-0.262055
-0.217444
-0.178127
-0.144408
-0.536447
-0.419061
-0.317099
-0.281114
-0.298122
-0.317078
-0.259248
-0.185576
-0.143499
-0.126735
-0.115838
-0.1092
-0.120468
-0.140316
-0.141803
-0.116092
-0.0977454
-0.106353
-0.131283
-0.129977
-0.108841
-0.105954
-0.129777
-0.125309
-0.144408
-0.163826
-0.165438
-0.0913043
-0.0919677
-0.053882
-0.0367323
-0.0114949
-0.00467678
-0.00858385
0.00096287
-0.000363371
-0.00173712
-0.000126664
-0.384487
-0.328183
-0.27298
-0.291987
-0.341071
-0.363842
-0.289736
-0.200603
-0.145481
-0.124286
-0.108691
-0.0946693
-0.109214
-0.133959
-0.136745
-0.111683
-0.091685
-0.0977399
-0.123628
-0.124628
-0.111551
-0.117764
-0.141837
-0.131247
-0.133546
-0.136328
-0.145722
-0.101091
-0.10368
-0.0543599
-0.0361626
-0.0130038
-0.00577045
-0.00843164
0.00027759
-0.000696756
-0.00153337
-0.000124299
-0.204783
-0.184871
-0.188075
-0.274219
-0.361442
-0.382304
-0.302233
-0.206657
-0.145124
-0.121764
-0.106973
-0.088814
-0.10185
-0.128462
-0.131876
-0.107139
-0.0853532
-0.0891455
-0.11514
-0.118118
-0.112503
-0.127742
-0.152212
-0.134987
-0.120922
-0.109247
-0.122626
-0.108141
-0.113219
-0.0542136
-0.0352006
-0.0145885
-0.0069608
-0.00828252
-0.000461213
-0.000992966
-0.00135508
-0.000125599
-0.0613999
-0.049659
-0.0907529
-0.228175
-0.347058
-0.36845
-0.295128
-0.204377
-0.142998
-0.118412
-0.107192
-0.0902681
-0.100688
-0.125954
-0.127842
-0.102483
-0.0793357
-0.0810746
-0.106319
-0.110666
-0.111009
-0.135143
-0.160767
-0.137013
-0.108291
-0.0855157
-0.0986126
-0.112445
-0.120012
-0.0538195
-0.0340041
-0.0162017
-0.00818986
-0.00821663
-0.0012443
-0.00122037
-0.0012036
-0.000133617
-0.0316207
0.022929
-0.0155627
-0.163316
-0.298509
-0.330084
-0.271205
-0.194017
-0.139618
-0.114429
-0.10442
-0.0961605
-0.105266
-0.12898
-0.124739
-0.0978055
-0.0742998
-0.0750788
-0.0978384
-0.102293
-0.106989
-0.139651
-0.166841
-0.137994
-0.0970826
-0.0662873
-0.0754711
-0.114515
-0.123186
-0.0534631
-0.0325955
-0.0177714
-0.00936947
-0.00830821
-0.00206736
-0.00135526
-0.00107678
-0.000151357
-0.0353419
0.0318689
0.0217458
-0.105006
-0.235819
-0.274425
-0.236003
-0.176789
-0.134132
-0.109157
-0.0969952
-0.1016
-0.110605
-0.13522
-0.126034
-0.0957999
-0.0708068
-0.0701842
-0.0896433
-0.0928135
-0.099964
-0.140912
-0.171269
-0.138564
-0.0891643
-0.0524492
-0.0543228
-0.114578
-0.122625
-0.0533596
-0.0311194
-0.0192725
-0.0104114
-0.00862777
-0.00293308
-0.00138445
-0.00096963
-0.000181479
-0.0727466
-0.00838834
0.0159599
-0.0508879
-0.166843
-0.214378
-0.202863
-0.161947
-0.129307
-0.1054
-0.0906696
-0.0982849
-0.116463
-0.142477
-0.125151
-0.0922716
-0.0682458
-0.0672754
-0.0829298
-0.0830272
-0.0889939
-0.138826
-0.171249
-0.136711
-0.0822713
-0.0438976
-0.035175
-0.113165
-0.118301
-0.0536946
-0.0302727
-0.0207734
-0.0112016
-0.00921695
-0.00385706
-0.00131214
-0.000876052
-0.000225666
-0.109537
-0.0669286
-0.0205803
-0.0338391
-0.100928
-0.149429
-0.154768
-0.138402
-0.116272
-0.100402
-0.0855488
-0.0843231
-0.118228
-0.161826
-0.130681
-0.0940152
-0.0670016
-0.0637605
-0.0751217
-0.0735159
-0.0768197
-0.133024
-0.169166
-0.135923
-0.0781938
-0.0408674
-0.0197014
-0.109805
-0.111146
-0.0547783
-0.0282894
-0.0219812
-0.0117117
-0.0100848
-0.0048047
-0.00113976
-0.000792929
-0.000285919
-0.113095
-0.0850943
-0.048031
-0.042674
-0.0779834
-0.110593
-0.120858
-0.1121
-0.0929407
-0.0823315
-0.0742951
-0.0699239
-0.106583
-0.137331
-0.120573
-0.0904518
-0.0654362
-0.063363
-0.0718918
-0.0644277
-0.0682675
-0.12434
-0.157498
-0.126858
-0.0716888
-0.0392371
-0.0147941
-0.101226
-0.10002
-0.0557165
-0.0314045
-0.0229989
-0.011914
-0.0115747
-0.00604536
-0.000754352
-0.000685932
-0.000381894
-0.107573
-0.088091
-0.0631489
-0.0531028
-0.063718
-0.0796623
-0.0853428
-0.0783383
-0.0673077
-0.0617743
-0.0540037
-0.0520074
-0.0937011
-0.14584
-0.111865
-0.0807187
-0.0604825
-0.0566329
-0.0591555
-0.0476146
-0.0488347
-0.109732
-0.153447
-0.111919
-0.0551944
-0.0237185
-0.00866349
-0.086374
-0.0940995
-0.0528416
-0.0292204
-0.0236905
-0.0128429
-0.0136125
-0.00763326
-0.000394677
-0.000567969
-0.000506047
-0.0912645
-0.0826331
-0.0680535
-0.0569942
-0.0559502
-0.0613627
-0.0637764
-0.0602799
-0.0532043
-0.045503
-0.0366613
-0.0257198
-0.0377125
-0.0447622
-0.0668656
-0.0586361
-0.0532411
-0.0483435
-0.0460144
-0.0319908
-0.0276133
-0.0803092
-0.108794
-0.0856821
-0.0312668
-0.00954753
-0.000771805
-0.0699552
-0.079898
-0.0464157
-0.0290592
-0.0243517
-0.0136351
-0.0159569
-0.00961602
4.05514e-06
-0.000418039
-0.00063913
-0.0748191
-0.0731795
-0.0647925
-0.0549855
-0.0492578
-0.047784
-0.0457308
-0.0393815
-0.0326291
-0.0234354
-0.0130567
-0.00189164
0.00487811
0.00723346
-0.011286
-0.0307103
-0.0419121
-0.0360925
-0.0289621
-0.0125726
-0.00514215
-0.044661
-0.0727048
-0.0569442
-0.0120449
0.00322619
0.0100168
-0.0487884
-0.0599528
-0.0391486
-0.0296153
-0.0244783
-0.0142254
-0.0186376
-0.0119529
0.000313611
-0.000287833
-0.000772621
-0.0593452
-0.0602087
-0.054918
-0.0484302
-0.0419587
-0.0373013
-0.0337617
-0.0284357
-0.0228066
-0.0134501
-0.00108403
0.0149686
0.0373348
0.0458596
0.0267241
-0.00479412
-0.0219197
-0.0202671
-0.0143724
-2.23794e-05
0.011486
-0.00296543
-0.0218453
-0.0309575
-0.00255006
0.0125435
0.0157686
-0.0226509
-0.0336772
-0.0297054
-0.0292249
-0.0236267
-0.0148688
-0.0213657
-0.0145303
0.000414968
-0.000269665
-0.000893338
-0.0453509
-0.0477996
-0.0454785
-0.0403755
-0.0342934
-0.0290902
-0.0243634
-0.0176368
-0.0107626
-0.000711885
0.0111101
0.0239484
0.0431988
0.0514489
0.0404028
0.0129148
-0.00316895
-0.00283226
0.0013775
0.0124139
0.0194565
0.0171834
0.00414961
-0.0176494
-0.00618971
0.0168159
0.0196921
0.00392564
-0.00430071
-0.0173901
-0.0261675
-0.0202177
-0.0148524
-0.0238422
-0.0175009
0.000278204
-0.000403382
-0.000998202
-0.0333806
-0.0362812
-0.0352995
-0.031594
-0.0265363
-0.0213024
-0.0162504
-0.0102934
-0.00438059
0.00336935
0.0131415
0.0246421
0.0391576
0.0460118
0.0404582
0.0216395
0.00978097
0.00834389
0.00898795
0.0171267
0.0229964
0.0257014
0.0176886
-0.00758564
-0.00525232
0.0175204
0.0213696
0.02521
0.0185301
-0.00541573
-0.0213962
-0.0136209
-0.0128765
-0.0254791
-0.0207217
-0.000362653
-0.000773675
-0.00100955
-0.023198
-0.0258866
-0.0256431
-0.0231651
-0.0192032
-0.0147428
-0.0101931
-0.00506322
0.000287066
0.00709338
0.0152709
0.0238583
0.0327412
0.0375315
0.0355414
0.0240901
0.0161593
0.0149164
0.0157925
0.021082
0.023804
0.024125
0.020686
0.00344129
0.00320698
0.0183917
0.0224173
0.0335399
0.0271373
0.0030454
-0.014015
-0.00569031
-0.00886669
-0.0242484
-0.0209611
-0.00141179
-0.00143599
-0.000890335
-0.0146151
-0.0170352
-0.0172247
-0.0155318
-0.0125021
-0.00888519
-0.00504349
-0.000775726
0.0036574
0.00881573
0.0145748
0.0206811
0.0266487
0.030031
0.0300034
0.0240211
0.0192087
0.018331
0.0176373
0.0207283
0.0226726
0.0225357
0.0209105
0.0113798
0.00964086
0.018125
0.021828
0.032185
0.028134
0.00889354
-0.0051518
0.00106564
-0.00260905
-0.0186078
-0.0161368
-0.00146204
-0.00189133
-0.000771879
-0.00769276
-0.00969992
-0.00996644
-0.00879783
-0.00662192
-0.00389293
-0.000898298
0.00242704
0.00581324
0.0096746
0.0138655
0.0181968
0.022223
0.0245493
0.0252852
0.0227744
0.0200059
0.0194982
0.0194382
0.0210512
0.0217275
0.0205931
0.019746
0.0152085
0.0141025
0.0190379
0.0211951
0.0277777
0.0267627
0.0130259
0.00256715
0.00539458
0.00296857
-0.0102939
-0.0079637
7.48275e-05
-0.00117869
-0.000590685
-0.00205912
-0.00359749
-0.00393649
-0.00321495
-0.00171666
0.00028764
0.00254033
0.00502495
0.00755362
0.0103332
0.013295
0.0162548
0.0190451
0.0207787
0.0216947
0.021105
0.0197697
0.0195241
0.0192916
0.0200389
0.0202587
0.0196452
0.019235
0.0168453
0.0158045
0.0188657
0.0200258
0.0239453
0.0241949
0.0150368
0.00727294
0.00793643
0.00651991
-0.00330599
-0.00127391
0.00227174
0.000752895
-0.000162245
0.0025505
0.00131265
0.000947176
0.00137821
0.00241105
0.00382451
0.00543647
0.00720107
0.0090053
0.0109326
0.0129921
0.0150384
0.0169956
0.0183844
0.0192891
0.0194791
0.0190239
0.0190042
0.0190693
0.019447
0.0194285
0.0189232
0.0186889
0.0175214
0.0169653
0.0187562
0.0192435
0.0209349
0.0211714
0.0154242
0.00993462
0.009316
0.00787231
0.00138209
0.00272844
0.00375582
0.00220083
0.00028139
0.00617067
0.00522045
0.00490191
0.00514074
0.00579399
0.00673541
0.00784185
0.00905383
0.0102971
0.0116025
0.0129974
0.0144138
0.0157798
0.0168541
0.0176399
0.0181147
0.0182226
0.0183156
0.0184008
0.0186062
0.0185519
0.0182311
0.0180977
0.0175016
0.0170774
0.0178226
0.0181918
0.0186956
0.0185591
0.0149629
0.0111909
0.00985613
0.00817995
0.00391247
0.00412608
0.0043824
0.00286932
0.000576295
0.00905259
0.008333
0.00804191
0.00813097
0.00851256
0.00911126
0.00985414
0.0106649
0.0114783
0.0123232
0.0132409
0.014206
0.0151473
0.0159441
0.0165992
0.0170928
0.0173923
0.0175637
0.0177052
0.0178862
0.0178596
0.0176553
0.0175296
0.0171944
0.0169387
0.0172483
0.017199
0.0170861
0.0166
0.014232
0.0115815
0.0100178
0.00821638
0.00517648
0.00435214
0.00409598
0.00292065
0.00072931
0.0113385
0.0107818
0.0105168
0.0105114
0.0107064
0.0110563
0.0115139
0.0120222
0.0125357
0.0130615
0.0136381
0.0142629
0.0148905
0.0154505
0.0159527
0.0163706
0.0166983
0.0169078
0.0170481
0.0171887
0.0171839
0.0170424
0.0169456
0.0166936
0.0164571
0.0164165
0.0161548
0.0157439
0.0151219
0.0133117
0.0113117
0.00988209
0.00808467
0.00577448
0.00450453
0.00386925
0.00273964
0.000795528
0.013114
0.0126871
0.0124524
0.0123864
0.0124517
0.0126253
0.0128813
0.0131755
0.0134715
0.0137701
0.0141078
0.0144922
0.0148926
0.0152544
0.0155942
0.0159029
0.0161709
0.0163485
0.0164647
0.0165591
0.0165689
0.016452
0.016341
0.0161165
0.0158629
0.0156679
0.0152855
0.0147408
0.0140408
0.012652
0.0109867
0.00969182
0.00801926
0.00611402
0.00462852
0.00367199
0.00252552
0.000818019
0.0144899
0.0141601
0.0139491
0.0138437
0.013823
0.0138775
0.0139917
0.0141322
0.0142725
0.0144123
0.0145822
0.0147898
0.0150156
0.0152241
0.0154268
0.0156203
0.015796
0.0159085
0.0159817
0.0160199
0.0160087
0.0158878
0.0157533
0.0155361
0.0152481
0.014941
0.0145029
0.0138836
0.0131655
0.0120497
0.0106086
0.00941766
0.00793429
0.00626564
0.00474571
0.00351784
0.00232909
0.000798751
0.0155382
0.0152789
0.0150891
0.014962
0.0148864
0.0148601
0.0148751
0.014908
0.014941
0.0149715
0.0150237
0.0151026
0.0151983
0.0152866
0.0153759
0.0154639
0.0155419
0.0155789
0.015593
0.0155718
0.0155172
0.0153775
0.0152101
0.0149691
0.0146577
0.0142853
0.0138241
0.0131981
0.0124659
0.0115282
0.0102829
0.0091567
0.00782701
0.00634798
0.00487649
0.00349058
0.00221795
0.000776876
0.0163201
0.0161119
0.0159396
0.0158013
0.0156912
0.0156121
0.0155596
0.0155191
0.0154784
0.0154344
0.015405
0.0153916
0.0153911
0.0153871
0.0153854
0.0153857
0.0153788
0.0153447
0.0152926
0.0152129
0.0151075
0.0149317
0.0147306
0.0144579
0.0141324
0.0137219
0.0132421
0.0126338
0.011908
0.0110788
0.00999024
0.00891676
0.00771232
0.00640306
0.00502828
0.00353606
0.00217775
0.000760064
0.0168848
0.0167111
0.0165536
0.0164105
0.0162816
0.0161689
0.0160725
0.0159823
0.0158923
0.015799
0.0157138
0.0156371
0.0155667
0.0154945
0.0154229
0.0153539
0.0152762
0.0151806
0.0150691
0.0149362
0.0147805
0.0145677
0.0143313
0.0140291
0.0136835
0.0132535
0.012759
0.0121682
0.0114615
0.0106926
0.00971662
0.00870407
0.00759582
0.00639377
0.00512904
0.00371434
0.00223711
0.000769455
0.0172793
0.0171274
0.0169797
0.0168351
0.0166961
0.0165634
0.0164388
0.0163166
0.0161936
0.0160686
0.015946
0.0158269
0.0157084
0.0155879
0.0154666
0.0153436
0.0152139
0.0150673
0.0149082
0.0147294
0.01453
0.0142868
0.0140173
0.0136907
0.013325
0.0128865
0.0123815
0.0118042
0.0111141
0.0103631
0.00946856
0.00849612
0.0074284
0.00628335
0.00504761
0.00364949
0.00220564
0.000749545
0.0175294
0.0173902
0.0172484
0.0171046
0.0169606
0.0168171
0.0166756
0.0165337
0.0163912
0.0162466
0.0161019
0.0159557
0.0158075
0.0156556
0.0155013
0.0153426
0.0151773
0.0149961
0.0148037
0.0145892
0.0143603
0.0140915
0.0137975
0.0134534
0.0130679
0.0126254
0.012114
0.011541
0.0108653
0.010129
0.00927311
0.00833554
0.00730418
0.00617409
0.00496861
0.00363477
0.00221811
0.000755857
0.017649
0.0175162
0.0173781
0.0172356
0.0170902
0.0169424
0.0167935
0.0166427
0.016491
0.0163371
0.0161817
0.0160223
0.0158596
0.0156916
0.0155206
0.0153427
0.0151586
0.0149591
0.0147481
0.0145156
0.0142682
0.0139874
0.0136786
0.0133251
0.0129287
0.0124819
0.0119682
0.0113956
0.0107298
0.00999751
0.00916501
0.00824237
0.0072279
0.0061184
0.00492296
0.00361099
0.00220903
0.000749873
-0.108783
-0.118368
-0.126132
-0.131932
-0.135621
-0.134606
-0.130081
-0.122129
-0.0867426
-0.0926555
-0.0969869
-0.100158
-0.101546
-0.101753
-0.101884
-0.106679
-0.067046
-0.070861
-0.0733594
-0.0760004
-0.0779162
-0.0814543
-0.0844234
-0.0895368
-0.051856
-0.0544609
-0.0564053
-0.0589411
-0.0611748
-0.0641784
-0.0660075
-0.0696652
-0.0391196
-0.0410716
-0.0425501
-0.0443123
-0.045865
-0.0478176
-0.0497196
-0.0535951
-0.0288378
-0.0301135
-0.0310996
-0.0322275
-0.0334269
-0.0349926
-0.0368899
-0.0402027
-0.0202241
-0.0209956
-0.0216043
-0.0223154
-0.0232273
-0.0244563
-0.0261399
-0.0289382
-0.013057
-0.0134828
-0.0138126
-0.0142323
-0.0149389
-0.0159478
-0.017359
-0.0195944
-0.00702542
-0.00723431
-0.00740403
-0.00769879
-0.00824683
-0.00896788
-0.00998345
-0.0117241
-0.00200099
-0.00211387
-0.002199
-0.00235176
-0.00265115
-0.00310933
-0.00390848
-0.00536803
0.00221956
0.00217015
0.00216962
0.00212011
0.00191502
0.00150311
0.000815922
-0.000325335
0.00575862
0.00571838
0.00571076
0.00565323
0.00547826
0.00517885
0.00470566
0.00387183
0.00866118
0.00859775
0.00857078
0.00853196
0.00843269
0.00823459
0.00786819
0.00720161
0.0110544
0.0109709
0.010924
0.0108776
0.010786
0.0106139
0.0103178
0.00981533
0.0129763
0.0128697
0.0127921
0.0127229
0.0126332
0.012497
0.0122769
0.0119075
0.0144964
0.0143757
0.0142787
0.0141959
0.0141078
0.0139921
0.0138175
0.0135392
0.0156832
0.0155561
0.0154463
0.0153513
0.0152588
0.0151533
0.0150121
0.0148048
0.0165894
0.0164624
0.0163473
0.0162455
0.0161503
0.0160517
0.0159333
0.0157752
0.017266
0.0171433
0.017028
0.0169234
0.0168263
0.0167314
0.0166274
0.0165026
0.0177524
0.0176357
0.0175236
0.0174194
0.0173223
0.0172295
0.0171347
0.0170306
0.0180836
0.0179751
0.0178696
0.0177693
0.0176744
0.0175838
0.0174946
0.0174027
0.0182885
0.018188
0.0180899
0.0179949
0.0179031
0.0178144
0.0177277
0.0176416
0.018381
0.018287
0.0181946
0.0181036
0.0180138
0.0179261
0.0178402
0.017756
0.0514318
0.0540907
0.0561613
0.057465
0.0573907
0.0557218
0.0522745
0.046532
0.0375732
0.0240595
0.00412573
-0.0248517
-0.0671765
-0.126071
-0.17988
0.0276497
0.0276904
0.0258034
0.0226514
0.0182534
0.0122146
0.00398629
-0.00718788
-0.0223581
-0.0429666
-0.0710127
-0.109078
-0.161412
-0.232184
-0.291281
0.00349627
0.000919651
-0.00470204
-0.011825
-0.0201491
-0.0302669
-0.0429591
-0.059115
-0.0798627
-0.106718
-0.141833
-0.187935
-0.248011
-0.328889
-0.386477
-0.0216731
-0.0269661
-0.0356127
-0.0457181
-0.0572039
-0.0708517
-0.0874979
-0.108025
-0.133594
-0.165717
-0.206487
-0.259305
-0.325834
-0.408694
-0.46393
-0.046667
-0.0548611
-0.0658701
-0.078237
-0.0923043
-0.108948
-0.128918
-0.153024
-0.182445
-0.218797
-0.263515
-0.320908
-0.390938
-0.471419
-0.522317
-0.0701563
-0.0813575
-0.0942969
-0.10853
-0.124845
-0.144034
-0.166709
-0.193547
-0.225747
-0.264813
-0.312692
-0.371696
-0.441728
-0.517002
-0.561463
-0.0918289
-0.105425
-0.119852
-0.135925
-0.154365
-0.175711
-0.2005
-0.229433
-0.263489
-0.304039
-0.352803
-0.411142
-0.478131
-0.545027
-0.582634
-0.112209
-0.126579
-0.142496
-0.160459
-0.180848
-0.204035
-0.230476
-0.260791
-0.295796
-0.336611
-0.384514
-0.440104
-0.500919
-0.556387
-0.588165
0.189079
0.203875
0.220384
0.239024
0.259871
0.282852
0.307885
0.334918
0.363873
0.394499
0.426214
0.457846
0.487391
0.510812
0.530097
0.185637
0.199599
0.215378
0.233369
0.253549
0.275762
0.299891
0.32588
0.353641
0.382904
0.413049
0.442848
0.470223
0.49117
0.508025
0.178048
0.190365
0.204752
0.221524
0.240423
0.261109
0.28339
0.307174
0.332333
0.358531
0.385058
0.410581
0.432855
0.448036
0.459359
0.16631
0.176378
0.188905
0.203944
0.220891
0.239227
0.258709
0.279221
0.300559
0.322256
0.343431
0.362565
0.377124
0.383431
0.386736
0.150477
0.157924
0.168366
0.181387
0.195891
0.211155
0.226931
0.243122
0.259474
0.275377
0.289737
0.300789
0.30564
0.300508
0.293876
0.130837
0.13534
0.143516
0.154252
0.165925
0.177664
0.189207
0.200423
0.210964
0.220068
0.226435
0.228062
0.221704
0.203403
0.184562
0.107901
0.109878
0.116
0.123998
0.132084
0.139599
0.146378
0.152191
0.156473
0.158241
0.155978
0.147432
0.12904
0.0968073
0.0648964
0.0811205
0.0817931
0.0866746
0.0918215
0.0959062
0.0987406
0.100336
0.100355
0.0980182
0.0921273
0.0809556
0.0620026
0.0313342
-0.0147883
-0.0590137
0.0294233
0.0338556
0.0301831
0.0341057
0.0316583
0.0359515
0.0342016
0.0385877
0.0379368
0.0424163
0.0431944
0.0480012
0.0504992
0.0561354
0.0608034
0.0680318
0.0754464
0.0853246
0.0964202
0.110373
0.126319
0.145898
0.168467
0.0294528
0.0338519
0.030222
0.0341011
0.0317104
0.0359437
0.0342686
0.0385901
0.0380207
0.0424139
0.0432637
0.0480428
0.0505342
0.0561774
0.060889
0.0680302
0.0754833
0.0853688
0.0961479
0.109928
0.125369
0.144538
0.166165
0.0294925
0.0338226
0.0302788
0.0340673
0.0317914
0.035902
0.0343662
0.0385599
0.0381703
0.0423837
0.0433958
0.0480456
0.050605
0.0561218
0.0608371
0.0677909
0.0751211
0.0847644
0.0951194
0.108533
0.123003
0.141294
0.160919
0.0295411
0.0337696
0.0303525
0.0340084
0.0318896
0.0358303
0.0344865
0.0385046
0.038288
0.0423289
0.0435335
0.0480531
0.0507184
0.0562259
0.06093
0.0678382
0.0749252
0.0844791
0.0941121
0.106981
0.119844
0.136518
0.152744
0.0295976
0.0336965
0.0304339
0.033928
0.0320077
0.0357349
0.0346231
0.0384264
0.0384217
0.0422423
0.0436688
0.0479819
0.050722
0.0559921
0.0606888
0.0672645
0.0741275
0.0831549
0.091994
0.103898
0.114884
0.129448
0.14135
0.0296592
0.0336069
0.0305289
0.0338294
0.0321336
0.0356291
0.0347744
0.0383473
0.0386159
0.0422024
0.0438851
0.0480343
0.0509483
0.0562877
0.0608383
0.067507
0.0739283
0.0827188
0.0904598
0.101225
0.109454
0.120925
0.127024
0.0297272
0.0335027
0.0306272
0.0337209
0.0322664
0.03551
0.0349184
0.0382399
0.038747
0.0420979
0.0439703
0.0478767
0.0508437
0.0558416
0.0603681
0.0664904
0.0726364
0.0803587
0.0872639
0.0961469
0.102082
0.109922
0.109955
0.0297962
0.0333902
0.0307276
0.0336113
0.0324102
0.0354234
0.0350919
0.0382057
0.0389899
0.0421845
0.0443013
0.0481428
0.0513053
0.0564947
0.0606794
0.067073
0.07262
0.0800264
0.0853145
0.0923356
0.0941939
0.0970856
0.0892102
0.0298747
0.0332328
0.0308594
0.0334341
0.0325594
0.0352031
0.0352231
0.0379923
0.0390724
0.0419094
0.0442124
0.0476635
0.0508294
0.0554121
0.0594444
0.0646964
0.0697197
0.0746807
0.0788791
0.0815392
0.0809016
0.0760226
0.0626767
0.0299806
0.033005
0.0310288
0.0331778
0.0327166
0.0348766
0.0353282
0.0374755
0.0389747
0.0413025
0.0437129
0.0465986
0.0496805
0.0533856
0.0569885
0.0607767
0.064644
0.0672692
0.0694446
0.0686057
0.0658171
0.058046
0.0472291
0.0301154
0.0327098
0.0312269
0.0328573
0.0329024
0.0344627
0.0354237
0.0369875
0.0388161
0.0406779
0.0431229
0.0454603
0.0483746
0.0511916
0.0542279
0.0567656
0.059259
0.0602096
0.0602023
0.0575491
0.0529086
0.0451184
0.0351785
0.0302801
0.0323379
0.031457
0.0324824
0.0330682
0.0340848
0.0354182
0.0365493
0.0385042
0.0400056
0.0423325
0.0441731
0.0467899
0.0487688
0.0510865
0.052582
0.0535958
0.0532785
0.0515694
0.0477853
0.0422897
0.034776
0.0259438
0.0304783
0.031884
0.0316801
0.032156
0.0331219
0.0337575
0.0353001
0.0361178
0.0380254
0.039283
0.0412937
0.042785
0.0449046
0.0461574
0.0476348
0.0482755
0.0479884
0.0466692
0.043928
0.0396218
0.0339952
0.0270087
0.0192017
0.0307066
0.0314058
0.0318058
0.0318967
0.0330978
0.0334523
0.0350558
0.0356681
0.0373865
0.0384945
0.0400595
0.041234
0.0427884
0.0433646
0.0440561
0.043965
0.0427365
0.0406864
0.0375087
0.0331207
0.0277528
0.0214265
0.0144234
0.0309225
0.030962
0.0318175
0.031688
0.0329755
0.0331642
0.034671
0.03519
0.0366088
0.0375726
0.0386728
0.0395171
0.0405145
0.040485
0.0404997
0.0398211
0.0380171
0.0355382
0.0322521
0.0280912
0.0231821
0.0175863
0.0113822
0.031099
0.0305684
0.0317347
0.0315112
0.0327436
0.0328756
0.0341597
0.0346398
0.0357209
0.0365102
0.0371763
0.0376648
0.0381549
0.0376442
0.0371091
0.0359928
0.0339314
0.0312834
0.0280736
0.0242909
0.01994
0.0150876
0.00970668
0.0312057
0.0302469
0.0315448
0.0313493
0.0324076
0.0325685
0.0335505
0.0339953
0.0347508
0.0353141
0.0356059
0.0357458
0.0357922
0.0349344
0.0339964
0.0326073
0.0304955
0.0278828
0.0248757
0.0215303
0.0177914
0.0136889
0.0091418
0.0312254
0.030009
0.0312479
0.0311832
0.0319845
0.0322006
0.0328817
0.0332456
0.0337133
0.0340188
0.0340008
0.0338365
0.0335152
0.0324344
0.0312539
0.0297349
0.0276947
0.0252585
0.0225485
0.0196596
0.0165248
0.0131334
0.00937445
0.0311455
0.0298504
0.0308624
0.0309783
0.0315154
0.0317488
0.0321727
0.0324016
0.0326208
0.0326683
0.0324059
0.0320026
0.0314023
0.0302097
0.0289208
0.0273857
0.0254937
0.023316
0.0209561
0.0185138
0.0159318
0.013178
0.0101264
0.030961
0.0297551
0.0304234
0.0306813
0.031025
0.0312147
0.031432
0.031494
0.0314987
0.0313175
0.0308687
0.0302949
0.0295188
0.0282966
0.0269987
0.0255335
0.0238344
0.0219464
0.0199464
0.0179199
0.0158235
0.0136191
0.0111817
0.0306784
0.0296901
0.0299868
0.030258
0.0305041
0.0306182
0.030665
0.0305621
0.0303843
0.0300226
0.0294368
0.0287568
0.0278907
0.0267004
0.0254663
0.0241274
0.0226393
0.021036
0.0193743
0.0177186
0.016034
0.0142858
0.0123634
0.0303168
0.0295994
0.0295994
0.0297467
0.0299275
0.0299602
0.029875
0.0296395
0.0293159
0.0288231
0.0281492
0.0274111
0.026523
0.0254121
0.0242873
0.0231024
0.0218237
0.0204802
0.0191162
0.0177765
0.0164308
0.0150488
0.0135392
0.0299008
0.0294065
0.0292493
0.0292571
0.0293174
0.0292506
0.0290672
0.0287423
0.0283227
0.027748
0.0270265
0.0262687
0.0254066
0.0244024
0.0234072
0.0223832
0.0212998
0.0201824
0.0190694
0.017993
0.0169262
0.0158394
0.0146582
0.0294602
0.0291254
0.0289111
0.0287869
0.0287002
0.0285309
0.0282654
0.027882
0.0274104
0.0268041
0.0260787
0.0253347
0.024526
0.0236354
0.0227699
0.0218972
0.0209862
0.0200582
0.0191499
0.0182875
0.017447
0.0165982
0.01568
0.0290141
0.0287723
0.0285416
0.0283259
0.0281116
0.0278442
0.0275065
0.0270832
0.0265901
0.025989
0.0252978
0.0245969
0.0238569
0.023074
0.0223247
0.0215832
0.0208185
0.0200464
0.0193016
0.0186084
0.0179479
0.0172902
0.0165819
0.0285764
0.0283834
0.02814
0.0278674
0.0275661
0.0272185
0.0268206
0.0263702
0.0258714
0.0252949
0.0246591
0.0240207
0.0233566
0.0226708
0.0220211
0.0213898
0.0207487
0.020105
0.0194887
0.0189245
0.0184022
0.0178932
0.0173511
0.028155
0.0279824
0.0277303
0.027423
0.0270694
0.0266686
0.0262295
0.025762
0.0252655
0.0247206
0.0241449
0.0235749
0.0229873
0.0223867
0.0218194
0.0212774
0.0207372
0.0201974
0.0196811
0.0192128
0.0187908
0.0183928
0.0179805
0.0277646
0.0276003
0.0273394
0.0270102
0.0266289
0.0261991
0.0257401
0.0252677
0.024777
0.024261
0.0237371
0.0232298
0.022716
0.0221935
0.0216968
0.0212267
0.0207669
0.0203096
0.0198698
0.0194705
0.0191178
0.0187977
0.0184799
0.0274279
0.0272659
0.0269993
0.0266578
0.0262613
0.0258184
0.0253528
0.0248843
0.0244037
0.0239081
0.0234176
0.0229549
0.0225041
0.0220534
0.0216209
0.0212115
0.0208167
0.0204278
0.0200498
0.0197007
0.0193927
0.0191233
0.0188733
0.0271669
0.0270045
0.0267353
0.0263892
0.025987
0.0255406
0.0250741
0.0246137
0.0241515
0.0236791
0.0232114
0.0227754
0.0223699
0.0219763
0.0215913
0.0212174
0.0208563
0.0205069
0.0201716
0.0198605
0.0195836
0.0193433
0.0191295
0.0270262
0.0268648
0.0265904
0.0262365
0.025828
0.0253776
0.0249085
0.0244516
0.0240021
0.0235447
0.0230908
0.0226699
0.0222894
0.0219295
0.0215747
0.0212253
0.0208892
0.0205699
0.0202685
0.0199879
0.0197338
0.0195111
0.0193189
0.0465026
0.0260575
0.00174861
-0.0212338
-0.0424951
-0.0623247
-0.0805021
-0.0961706
0.035084
0.015979
-0.00739374
-0.0276459
-0.0435997
-0.0571358
-0.0690227
-0.0789348
0.0254898
0.010807
-0.00861404
-0.0254128
-0.0370292
-0.046084
-0.0543944
-0.0616897
0.0177298
0.00607318
-0.00973857
-0.0236581
-0.0327123
-0.0388163
-0.0440952
-0.0485802
0.0122739
0.00330542
-0.0088626
-0.0196989
-0.0265064
-0.0305142
-0.033807
-0.0367584
0.00832256
0.00150599
-0.00728887
-0.0152473
-0.0204103
-0.0232773
-0.0254135
-0.0272854
0.00584235
0.000510985
-0.00527966
-0.0105204
-0.0142552
-0.0164679
-0.0179906
-0.019216
0.00485791
0.000786785
-0.00283859
-0.00608263
-0.00867196
-0.0104101
-0.0115884
-0.0124239
0.00504613
0.00199499
-0.000185982
-0.00208664
-0.00379813
-0.00510601
-0.00602591
-0.00662307
0.00599804
0.00373728
0.00249597
0.00147087
0.000395221
-0.00055464
-0.00127359
-0.00172789
0.00739487
0.0057337
0.00508621
0.00461093
0.00397652
0.00331005
0.00276075
0.00241024
0.00901356
0.00780626
0.00751986
0.00737151
0.00702979
0.00657954
0.00617279
0.00590355
0.0106769
0.00981526
0.0097396
0.00977224
0.00961308
0.00931776
0.00901772
0.00879784
0.0122433
0.0116379
0.0116798
0.011816
0.0117829
0.0116032
0.0113806
0.0111918
0.0136654
0.0132395
0.0133365
0.0135173
0.0135581
0.0134545
0.0132851
0.0131176
0.014923
0.014621
0.0147301
0.0149098
0.0149781
0.0149189
0.0147872
0.0146379
0.0160079
0.0157895
0.0158835
0.0160339
0.0161001
0.0160619
0.015955
0.0158212
0.0169196
0.016757
0.0168207
0.0169264
0.0169712
0.0169358
0.0168425
0.0167207
0.0176599
0.0175352
0.0175641
0.0176204
0.017634
0.0175899
0.0175017
0.0173891
0.01824
0.0181389
0.0181347
0.0181445
0.0181243
0.0180651
0.0179756
0.0178683
0.0186905
0.0185996
0.0185605
0.018525
0.0184696
0.0183913
0.0182962
0.018192
0.0189784
0.0188928
0.0188321
0.0187678
0.0186883
0.0185952
0.0184942
0.0183911
0.0191788
0.0190789
0.0189844
0.0188873
0.0187855
0.0186814
0.018578
0.0184778
-0.465017
-0.477797
-0.495896
-0.519016
-0.548157
-0.584041
-0.619767
-0.648802
-0.462476
-0.474197
-0.490158
-0.510164
-0.534358
-0.563103
-0.593812
-0.618959
-0.455263
-0.467694
-0.482589
-0.500254
-0.521041
-0.54238
-0.559771
-0.568742
-0.44638
-0.459413
-0.472949
-0.486373
-0.499222
-0.509205
-0.513193
-0.50863
-0.438353
-0.449963
-0.459256
-0.465498
-0.468882
-0.468748
-0.463397
-0.45077
-0.432756
-0.439187
-0.44132
-0.439634
-0.435296
-0.428212
-0.416993
-0.399597
-0.429304
-0.427045
-0.420692
-0.412076
-0.402163
-0.390565
-0.375643
-0.355468
-0.425983
-0.413172
-0.398823
-0.384778
-0.370937
-0.356389
-0.339132
-0.31739
-0.420003
-0.397002
-0.376449
-0.358395
-0.341908
-0.325408
-0.306778
-0.284276
-0.408987
-0.378378
-0.353676
-0.332991
-0.314839
-0.29719
-0.277896
-0.255283
-0.392253
-0.357317
-0.330437
-0.308321
-0.289432
-0.271269
-0.251923
-0.229695
-0.370108
-0.334246
-0.30652
-0.284316
-0.265324
-0.247288
-0.228387
-0.206973
-0.344902
-0.308921
-0.282194
-0.260737
-0.242299
-0.224993
-0.206921
-0.18674
-0.313914
-0.28152
-0.257437
-0.237603
-0.220499
-0.204094
-0.187244
-0.168482
-0.279659
-0.25455
-0.232336
-0.215729
-0.199197
-0.184155
-0.168437
-0.151755
-0.473001
-0.482512
-0.485828
-0.482971
-0.475905
-0.467572
-0.460892
-0.459222
-0.471993
-0.479185
-0.480277
-0.475948
-0.468814
-0.461752
-0.456874
-0.456435
-0.47334
-0.480045
-0.479432
-0.472324
-0.462255
-0.453162
-0.447591
-0.447951
-0.480293
-0.486748
-0.483911
-0.472444
-0.456899
-0.443236
-0.435587
-0.436561
-0.493278
-0.5
-0.494751
-0.478163
-0.456009
-0.436618
-0.426369
-0.427907
-0.5127
-0.520327
-0.512602
-0.490629
-0.461818
-0.436804
-0.424099
-0.424882
-0.538709
-0.547929
-0.537629
-0.510181
-0.47531
-0.445868
-0.431009
-0.428131
-0.570676
-0.582203
-0.569157
-0.536235
-0.496285
-0.463942
-0.445383
-0.435309
-0.606884
-0.621402
-0.605478
-0.567212
-0.523166
-0.488133
-0.46318
-0.442053
-0.644458
-0.662355
-0.643563
-0.60075
-0.554017
-0.51372
-0.47814
-0.44345
-0.680128
-0.70148
-0.680008
-0.632887
-0.582394
-0.533798
-0.485247
-0.4365
-0.709325
-0.734759
-0.710775
-0.661386
-0.604459
-0.543779
-0.480306
-0.419198
-0.727759
-0.755335
-0.730585
-0.676484
-0.610179
-0.536384
-0.46074
-0.394076
-0.730682
-0.760607
-0.734165
-0.673457
-0.595998
-0.511474
-0.431331
-0.364115
-0.710608
-0.73992
-0.710305
-0.63994
-0.552971
-0.465905
-0.391081
-0.330191
-0.63033
-0.656478
-0.626639
-0.550343
-0.460265
-0.383062
-0.330087
-0.297632
-0.463633
-0.477215
-0.460732
-0.415153
-0.363904
-0.320798
-0.291485
-0.270851
-0.322591
-0.312594
-0.298912
-0.27985
-0.25941
-0.239096
-0.227198
-0.222986
-0.245311
-0.212122
-0.191737
-0.178463
-0.171179
-0.167019
-0.162072
-0.167154
-0.239084
-0.180025
-0.141581
-0.127016
-0.122202
-0.120802
-0.115751
-0.121794
-0.246345
-0.163745
-0.101572
-0.0789453
-0.0808132
-0.0845735
-0.083643
-0.0878662
-0.212042
-0.1527
-0.0927823
-0.0424559
-0.0414902
-0.0544226
-0.0652639
-0.060523
-0.162808
-0.136149
-0.108672
-0.0829521
-0.0737899
-0.077496
-0.0826403
-0.0784568
-0.140154
-0.135559
-0.131426
-0.122794
-0.118287
-0.120319
-0.118616
-0.114144
-0.13147
-0.137885
-0.145504
-0.148188
-0.140752
-0.130088
-0.111304
-0.0911497
-0.129935
-0.149764
-0.169735
-0.18402
-0.181744
-0.161735
-0.13494
-0.107331
-0.131886
-0.162235
-0.193219
-0.216673
-0.221099
-0.209346
-0.186377
-0.150873
-0.13493
-0.152122
-0.171309
-0.188747
-0.199882
-0.195785
-0.189085
-0.160135
-0.145734
-0.149317
-0.152522
-0.154124
-0.154895
-0.151231
-0.148621
-0.136922
-0.145242
-0.145789
-0.144212
-0.139639
-0.13408
-0.126328
-0.120521
-0.113067
-0.120372
-0.124066
-0.126235
-0.125354
-0.121048
-0.113297
-0.103344
-0.0914406
-0.103363
-0.108804
-0.11326
-0.115993
-0.11641
-0.113617
-0.106674
-0.0960091
-0.114393
-0.122044
-0.128804
-0.134297
-0.137867
-0.138498
-0.136477
-0.130375
-0.137621
-0.14298
-0.147318
-0.150824
-0.152688
-0.153187
-0.148823
-0.157197
-0.13382
-0.13644
-0.13803
-0.139686
-0.14023
-0.141625
-0.140211
-0.142232
-0.104663
-0.0995987
-0.0938494
-0.0885182
-0.0836834
-0.0810934
-0.0777972
-0.0778223
-0.0930156
-0.0797708
-0.0666574
-0.0547716
-0.04466
-0.0368344
-0.0317161
-0.0280806
-0.116681
-0.102961
-0.0888316
-0.0750139
-0.062231
-0.0508022
-0.0419971
-0.0316189
-0.117432
-0.107968
-0.0971194
-0.0849677
-0.0720286
-0.0587089
-0.0447685
-0.0319093
-0.152154
-0.156067
-0.155653
-0.150426
-0.140754
-0.127145
-0.108892
-0.0883461
-0.189193
-0.210517
-0.226392
-0.23583
-0.23908
-0.236442
-0.229492
-0.217779
-0.179485
-0.187377
-0.189788
-0.188715
-0.183614
-0.176256
-0.164977
-0.153189
-0.0791687
-0.0658787
-0.0526414
-0.0413522
-0.0320959
-0.0254916
-0.0213778
-0.0201884
-0.0788424
-0.0649202
-0.0507973
-0.0373104
-0.0248042
-0.0139125
-0.00446225
0.00338725
-0.0525046
-0.050196
-0.047143
-0.0434875
-0.0393339
-0.0348823
-0.0301641
-0.0250543
-0.0368631
-0.0364971
-0.0356971
-0.0344405
-0.0327189
-0.0306868
-0.0282784
-0.025859
-0.0101147
-0.00890177
-0.00792383
-0.00719932
-0.00671587
-0.00647693
-0.00644163
-0.0066047
-0.00373243
-0.00294148
-0.00230303
-0.00179736
-0.00139806
-0.0010732
-0.000783157
-0.000496564
-0.00869546
-0.00873211
-0.00865848
-0.00845715
-0.00812814
-0.00768622
-0.00715051
-0.00652929
0.00158183
0.00211797
0.00255258
0.00286854
0.00305663
0.00310954
0.0030351
0.00279601
-2.47129e-05
0.000297261
0.000587021
0.000843411
0.00107868
0.00131544
0.00158195
0.00189878
-0.00196127
-0.00219683
-0.0024285
-0.00263519
-0.00279628
-0.00288974
-0.00289312
-0.00278485
-0.000132511
-0.000142211
-0.000156822
-0.000178712
-0.000211378
-0.000259371
-0.000327997
-0.000422048
-0.25877
-0.191505
-0.149522
-0.113858
-0.0847221
-0.0632318
-0.0459087
-0.0323303
-0.0219628
-0.0138407
-0.00740238
-0.00242592
0.00152572
0.00466094
0.00713408
0.00910118
0.0106393
0.0118361
0.0127518
0.0134389
0.0139279
0.0142418
0.0144013
-0.245612
-0.184964
-0.14865
-0.113852
-0.0858805
-0.0646011
-0.0473422
-0.0339466
-0.0235424
-0.0152155
-0.0086753
-0.00350975
0.000622755
0.00391016
0.00653297
0.00862036
0.0102612
0.0115421
0.0125212
0.0132545
0.0137756
0.0141102
0.0142796
-0.197049
-0.146958
-0.123913
-0.0949733
-0.0735556
-0.0562876
-0.0420648
-0.0308152
-0.0217351
-0.0142952
-0.00836631
-0.00348359
0.00047801
0.00369499
0.00630345
0.00839277
0.0100528
0.0113545
0.0123539
0.0131036
0.0136374
0.0139816
0.0141558
-0.144642
-0.105271
-0.0901279
-0.0667712
-0.0531889
-0.0414664
-0.0317776
-0.0239072
-0.0171626
-0.0114137
-0.0065461
-0.00237695
0.00110946
0.00403629
0.00645547
0.00842813
0.0100195
0.011279
0.0122539
0.0129894
0.0135163
0.0138579
0.0140312
-0.100859
-0.0695083
-0.0568345
-0.0388218
-0.0315179
-0.0248389
-0.0197242
-0.0154069
-0.0113232
-0.00750923
-0.00395251
-0.000705368
0.00218275
0.0047107
0.00685478
0.00864589
0.0101128
0.0112875
0.0122067
0.0129056
0.0134098
0.0137389
0.0139066
-0.0658982
-0.0405547
-0.0274158
-0.0132106
-0.0111317
-0.00864158
-0.00783873
-0.00684756
-0.00533148
-0.00336315
-0.00111643
0.00120217
0.00345973
0.00553585
0.0073662
0.00894383
0.0102603
0.0113326
0.0121823
0.0128349
0.0133099
0.0136226
0.0137828
-0.0288758
-0.00424145
0.0100689
0.0162512
0.011513
0.00776628
0.00370455
0.00132905
0.000406592
0.00065327
0.00164614
0.00309727
0.00474671
0.00638064
0.00790371
0.00926129
0.0104219
0.0113872
0.0121642
0.0127685
0.0132126
0.0135075
0.0136594
-0.0178647
0.0287085
0.0527841
0.0458711
0.033937
0.0233026
0.0143564
0.00879209
0.00565882
0.00434939
0.0042406
0.00492407
0.00599714
0.00721659
0.00844294
0.00958554
0.0105934
0.0114513
0.012154
0.0127079
0.0131188
0.0133951
0.0135378
-0.0278197
0.0396874
0.0661131
0.0617007
0.0479929
0.0338461
0.0222838
0.014622
0.00999462
0.00758889
0.00666391
0.00671391
0.00728546
0.00812
0.00904728
0.00996213
0.0108041
0.0115433
0.0121623
0.0126587
0.013032
0.0132849
0.0134164
-0.0341194
0.0261659
0.0521932
0.0529908
0.0439296
0.0335273
0.0239214
0.0171358
0.0126042
0.00998421
0.00871324
0.00832764
0.0084964
0.00899564
0.00965434
0.0103624
0.0110424
0.0116597
0.01219
0.0126227
0.0129518
0.0131785
0.0132967
-0.0736678
-0.0284008
0.00580992
0.0230825
0.0268276
0.0249921
0.0198481
0.0162294
0.0134251
0.0114683
0.0102882
0.00976293
0.00967398
0.00989094
0.0102864
0.0107853
0.011297
0.011788
0.0122248
0.0125902
0.0128747
0.013072
0.013176
-0.133111
-0.0943504
-0.0446599
-0.0102415
0.00837265
0.0175771
0.0123025
0.0135245
0.0133771
0.0123165
0.0115375
0.0109862
0.0106917
0.010688
0.0108769
0.0111897
0.0115476
0.0119193
0.0122656
0.0125646
0.012801
0.0129693
0.0130584
-0.148537
-0.104535
-0.0603392
-0.0248356
-0.00449006
0.00768738
0.0113579
0.0133047
0.013916
0.0132483
0.0127379
0.0121496
0.0117321
0.0115304
0.0115089
0.0116199
0.0118215
0.0120679
0.0123171
0.012544
0.0127314
0.0128667
0.0129394
-0.119959
-0.08523
-0.0569078
-0.0280649
-0.0103479
0.00368525
0.00981057
0.0137497
0.0148263
0.0146892
0.0141561
0.01336
0.0127791
0.0123887
0.0121721
0.012094
0.0121324
0.0122446
0.012391
0.012541
0.0126714
0.0127706
0.0128242
-0.094296
-0.0653629
-0.0434219
-0.0175103
-0.00644317
0.00823281
0.0118008
0.0161495
0.0161083
0.0162203
0.0154263
0.0145472
0.0138021
0.0132116
0.0128025
0.0125592
0.0124476
0.0124297
0.0124685
0.0125353
0.0126079
0.0126685
0.0127027
-0.0747829
-0.0500749
-0.0282352
-0.00363235
0.00853179
0.0192291
0.0209736
0.0224642
0.0201878
0.0187574
0.0169644
0.0157082
0.0147606
0.0139972
0.0134122
0.0130013
0.0127414
0.0126016
0.0125419
0.0125326
0.0125468
0.0125687
0.0125823
-0.0856475
-0.0638304
-0.0345437
-0.00531598
0.0184377
0.0264629
0.0283592
0.0269443
0.0235674
0.021072
0.0185099
0.0168492
0.0155442
0.014601
0.0138982
0.0133788
0.0130092
0.012761
0.0126046
0.0125163
0.0124731
0.0124569
0.0124506
-0.118375
-0.107269
-0.0688737
-0.0294957
0.00994849
0.0235501
0.0277935
0.0252162
0.022793
0.020733
0.0187515
0.0173467
0.0161362
0.0151721
0.0143537
0.0137246
0.0132528
0.012908
0.0126677
0.0125084
0.0124075
0.0123502
0.0123208
-0.131907
-0.156698
-0.095927
-0.0495821
-0.00470983
0.0115988
0.0191788
0.0202309
0.0198826
0.0190678
0.0179073
0.0169697
0.0161557
0.0154378
0.0146746
0.0140326
0.013475
0.0130354
0.0127067
0.0124741
0.0123182
0.0122229
0.0121744
-0.132726
-0.117471
-0.0811811
-0.0432952
-0.0125261
0.00263237
0.0112763
0.0153054
0.0169238
0.0172606
0.0169902
0.0165623
0.0160924
0.0155014
0.0148169
0.0141649
0.0135854
0.0130994
0.0127133
0.0124242
0.0122206
0.0120889
0.0120223
-0.0749492
-0.0603248
-0.0374753
-0.0200233
-0.00958655
-0.00124371
0.00737774
0.0128974
0.0156022
0.0165845
0.0166767
0.016533
0.0162728
0.015736
0.0150523
0.0143272
0.0136717
0.0131207
0.0126745
0.0123326
0.0120862
0.0119251
0.0118423
-0.0269152
-0.0177679
-0.0108805
-0.00990367
-0.00981309
-0.000512083
0.00577432
0.0130864
0.0146228
0.0166109
0.0167963
0.0168334
0.0163916
0.0157631
0.0150863
0.0143758
0.0137058
0.0131068
0.0126109
0.0122231
0.0119385
0.0117466
0.0116476
-0.0330435
-0.020647
-0.0144798
-0.00629391
-0.00138017
0.00654872
0.012197
0.0169984
0.0177923
0.0187665
0.0177429
0.0177489
0.0167745
0.0159409
0.015119
0.0143298
0.0136178
0.0129942
0.0124723
0.0120555
0.0117424
0.0115313
0.0114192
-0.0239711
-0.00917423
0.00107394
0.0121895
0.0183974
0.0230432
0.024677
0.0247957
0.0235788
0.0221763
0.0199705
0.0185203
0.017188
0.0162269
0.015253
0.0143358
0.0135164
0.0128298
0.0122759
0.0118393
0.0115122
0.0112841
0.0111626
-0.0758321
-0.0523922
-0.0242258
0.00346723
0.0264674
0.0344458
0.0345588
0.0292102
0.0265758
0.0229748
0.0202062
0.0182525
0.0168872
0.0159098
0.0149191
0.0140216
0.013231
0.0125675
0.0120082
0.0115666
0.0112243
0.010991
0.0108639
-0.194198
-0.160764
-0.111699
-0.0582235
-0.0065176
0.0250745
0.0295133
0.0282426
0.0262286
0.0228027
0.0202978
0.0181487
0.0167118
0.0155516
0.0144732
0.0135647
0.0128084
0.0121771
0.0116493
0.0112207
0.0108868
0.0106455
0.0105141
-0.135949
-0.11612
-0.0813029
-0.0398554
-0.000956961
0.021933
0.0261844
0.024992
0.023455
0.0215584
0.0193645
0.017242
0.0158031
0.0146693
0.0137839
0.0130032
0.0123189
0.0117193
0.0112102
0.0108024
0.0104815
0.0102491
0.0101191
-0.0192924
-0.00746214
0.00310123
0.00975106
0.0134891
0.0126928
0.00986047
0.0121514
0.014111
0.0158396
0.0150117
0.0140083
0.0132702
0.0130305
0.0125807
0.0121037
0.0116265
0.0111551
0.0107009
0.0103115
0.00999935
0.00977408
0.00964763
0.00652193
0.00921299
0.010915
0.0142007
0.0170003
0.0186819
0.0186182
0.0178
0.016374
0.0152924
0.0139658
0.0124176
0.0114011
0.0119475
0.0114971
0.011181
0.0108152
0.0104287
0.0100547
0.00973067
0.0094611
0.00925396
0.00913361
-0.0190151
-0.011804
-0.0046621
0.00206907
0.00772522
0.0100418
0.0113284
0.0107996
0.0111912
0.0118629
0.011852
0.00782322
0.00818068
0.00908095
0.00979033
0.0100929
0.00999308
0.0097202
0.00934493
0.00904586
0.00880049
0.00862075
0.00851403
-0.0221958
-0.0184746
-0.0144174
-0.0110195
-0.00822031
-0.00674873
-0.00550315
-0.00376918
-0.000879818
0.001604
0.00286641
0.00352786
0.00509176
0.00701783
0.00826234
0.00875422
0.00883333
0.0087329
0.00853499
0.00832039
0.00812263
0.0079537
0.00784603
-0.00684524
-0.00665277
-0.00679481
-0.00741775
-0.00819246
-0.00878936
-0.00881162
-0.00766972
-0.00525287
-0.00234382
0.000130584
0.00223852
0.00423026
0.00604323
0.0070543
0.00752528
0.00765721
0.00763598
0.00752213
0.00739474
0.00728524
0.0071673
0.0070756
-0.000155585
0.000601941
0.00166558
0.00327287
0.00523682
0.0072307
0.00857091
0.00878076
0.00841306
0.00765077
0.00622574
0.00476035
0.00428318
0.00501285
0.00607109
0.00669736
0.00679165
0.00671978
0.00657519
0.00647059
0.00638605
0.00628657
0.00620985
-0.00562393
-0.00463178
-0.00365178
-0.00282112
-0.00237506
-0.00249187
-0.00308475
-0.00387907
-0.00405497
-0.00331846
-0.00228959
-0.000879957
0.00127083
0.00382415
0.005548
0.00611706
0.00603249
0.00580887
0.00563024
0.00552602
0.00544444
0.00535603
0.00529154
0.00219676
0.00146558
0.000294624
-0.001202
-0.00293613
-0.00469834
-0.00623054
-0.00736366
-0.00761634
-0.00670146
-0.00476536
-0.00229427
0.000213229
0.00247544
0.003786
0.00439497
0.00452077
0.00449056
0.00441374
0.00442562
0.00440238
0.00430845
0.0042422
0.00241417
0.0033735
0.00467053
0.00639486
0.00849023
0.0106783
0.0125187
0.0131823
0.0122192
0.00986637
0.00707112
0.00458691
0.00306122
0.00258534
0.00268884
0.00279836
0.00287722
0.00295855
0.00302512
0.0032132
0.00327502
0.00320368
0.00316313
-0.0025096
-0.00203438
-0.00128002
-0.000207663
0.0010726
0.00232532
0.003292
0.00365064
0.0035713
0.00334651
0.00312149
0.00278325
0.00249922
0.00236707
0.00228241
0.00208708
0.00191085
0.00180297
0.00181648
0.00197985
0.00205761
0.00200866
0.00198776
-0.000573702
-0.000827005
-0.00115976
-0.00160614
-0.00217723
-0.00286263
-0.0035917
-0.0041603
-0.00406973
-0.003125
-0.00175576
-0.000538399
0.000317052
0.000770792
0.000882111
0.000836059
0.000762653
0.000693974
0.000663949
0.000705497
0.000702601
0.000678191
0.000672519
-0.130955
-0.108032
-0.0865921
-0.0691192
-0.0539445
-0.0415633
-0.0309237
-0.0221138
-0.0148254
-0.00874862
-0.00375257
0.000335928
0.00368618
0.00640165
0.0085895
0.0103314
0.0117071
0.0127825
0.0136098
0.0142317
0.0146741
0.014954
0.0150909
-0.143047
-0.115858
-0.0915678
-0.071824
-0.0556686
-0.0424473
-0.0311699
-0.0220599
-0.0146103
-0.00846842
-0.00350116
0.000530649
0.00381843
0.00646574
0.00859535
0.0102915
0.0116373
0.0126933
0.013509
0.0141262
0.0145691
0.0148534
0.0149952
-0.156772
-0.124918
-0.0965945
-0.0745264
-0.0575856
-0.0434246
-0.0315067
-0.0221329
-0.0144771
-0.00823176
-0.00326749
0.000736566
0.00397572
0.00656014
0.00863324
0.0102817
0.0115943
0.0126267
0.0134272
0.0140363
0.014476
0.0147606
0.0149046
-0.168641
-0.133281
-0.101746
-0.0784587
-0.0607555
-0.0451172
-0.032495
-0.0227415
-0.0147267
-0.00828879
-0.00325279
0.000802466
0.00404426
0.00660562
0.00865062
0.0102687
0.0115577
0.0125702
0.0133566
0.013957
0.014392
0.0146743
0.0148186
-0.184563
-0.143182
-0.10693
-0.0831545
-0.0640382
-0.0468228
-0.0338312
-0.0236515
-0.0152302
-0.00860014
-0.00344783
0.000710449
0.0039847
0.00656008
0.00860749
0.0102206
0.0115034
0.0125071
0.0132863
0.0138812
0.0143125
0.0145925
0.0147365
-0.195985
-0.150207
-0.112688
-0.0887779
-0.0672453
-0.0488704
-0.0355715
-0.0247847
-0.0159654
-0.00917397
-0.00385376
0.000438869
0.00377283
0.0064028
0.00848046
0.0101159
0.0114119
0.0124217
0.0132039
0.0138002
0.0142321
0.0145119
0.0146565
-0.213028
-0.158442
-0.119893
-0.0943465
-0.0703547
-0.0515256
-0.0376369
-0.0261405
-0.0170044
-0.0100403
-0.004479
-5.35648e-05
0.00337075
0.00609406
0.00823483
0.00992743
0.0112616
0.0122989
0.0131
0.0137086
0.0141476
0.0144314
0.0145779
-0.229513
-0.169735
-0.131168
-0.101961
-0.0755295
-0.056099
-0.0409231
-0.028506
-0.0189472
-0.0115678
-0.00562566
-0.000987632
0.00264094
0.00553051
0.00779881
0.00960073
0.011014
0.0121129
0.0129573
0.0135957
0.0140537
0.0143483
0.0144994
0.0337065
0.00890545
-0.0145565
-0.0386817
-0.063876
-0.0881583
-0.111095
-0.132588
0.0366505
0.0092886
-0.0174683
-0.0449428
-0.0730699
-0.100189
-0.125415
-0.147854
0.0388096
0.00713163
-0.0240719
-0.0550182
-0.0854807
-0.11435
-0.140809
-0.164612
0.0393702
0.00299509
-0.0325892
-0.0668116
-0.0994656
-0.130015
-0.15796
-0.183413
0.0377451
-0.00302607
-0.0426561
-0.0802077
-0.1154
-0.148031
-0.177794
-0.204845
0.0339075
-0.0112467
-0.0549489
-0.0961394
-0.134364
-0.169425
-0.201031
-0.229478
0.0277453
-0.0222595
-0.0704411
-0.115663
-0.157269
-0.195
-0.228359
-0.257946
0.0186491
-0.0369684
-0.090231
-0.139882
-0.18503
-0.225182
-0.260583
-0.291047
0.00549908
-0.0566273
-0.115649
-0.170208
-0.219218
-0.262086
-0.298931
-0.329794
-0.0133068
-0.0829325
-0.148465
-0.208431
-0.261672
-0.307124
-0.345055
-0.375577
-0.0399605
-0.118213
-0.191181
-0.257002
-0.314244
-0.362663
-0.401077
-0.430038
-0.0775051
-0.165434
-0.246946
-0.319856
-0.381761
-0.4316
-0.468756
-0.494055
-0.130981
-0.229588
-0.31914
-0.399007
-0.464484
-0.51392
-0.547254
-0.565252
-0.20409
-0.31601
-0.416879
-0.498282
-0.560567
-0.603639
-0.627027
-0.631591
-0.271411
-0.388214
-0.486492
-0.564489
-0.620862
-0.655436
-0.669735
-0.666639
0.188183
0.182941
0.173527
0.15993
0.142245
0.120794
0.0961637
0.0670578
0.202752
0.196365
0.185041
0.168984
0.148596
0.123812
0.0965999
0.0666195
0.219108
0.211709
0.198787
0.180664
0.158156
0.131048
0.101651
0.0709908
0.237666
0.229437
0.215145
0.19507
0.170455
0.141146
0.108766
0.0752526
0.258453
0.249391
0.233654
0.211392
0.1841
0.15195
0.115732
0.0778995
0.281334
0.271256
0.253751
0.228884
0.198166
0.162327
0.121666
0.0787563
0.306205
0.294862
0.275154
0.247193
0.212345
0.171968
0.126337
0.0778724
0.333019
0.320163
0.297776
0.266168
0.226529
0.180753
0.129459
0.0748436
0.361696
0.347075
0.321487
0.285564
0.240412
0.188281
0.130344
0.0687081
0.391968
0.37528
0.345893
0.304818
0.253244
0.193638
0.127815
0.0580159
0.423231
0.404084
0.370171
0.322892
0.263713
0.195287
0.120088
0.040726
0.454284
0.432167
0.39284
0.338068
0.269792
0.190911
0.10456
0.0139343
0.483094
0.457332
0.411431
0.347503
0.268227
0.176826
0.0771674
-0.0268985
0.505608
0.475572
0.42205
0.347242
0.254805
0.148571
0.0334398
-0.0859284
0.523991
0.489748
0.42908
0.34476
0.240071
0.119561
-0.0102587
-0.143139
0.0294033
0.0293932
0.0293931
0.0294016
0.0294188
0.0294379
0.0294739
0.0294995
0.033833
0.0337839
0.0337098
0.0336124
0.0334947
0.0333593
0.0332093
0.0330526
0.0301621
0.0301583
0.0301721
0.0302022
0.0302443
0.0302964
0.0303544
0.0304109
0.0340789
0.0340207
0.0339329
0.0338191
0.0336838
0.0335328
0.0333727
0.0332122
0.0316297
0.0316258
0.031648
0.0316901
0.0317499
0.03182
0.0318965
0.0319789
0.0359203
0.0358528
0.0357517
0.0356224
0.035471
0.0353069
0.035131
0.0349777
0.0341672
0.0341579
0.0341783
0.0342268
0.0342956
0.0343819
0.0344628
0.0345784
0.0385447
0.0384538
0.0383269
0.0381722
0.0379928
0.037819
0.0376157
0.0375051
0.0378794
0.037849
0.0378612
0.0378939
0.0379425
0.0380131
0.0380587
0.0381796
0.0423703
0.0422692
0.0421597
0.0420133
0.0418346
0.0416973
0.0414715
0.041436
0.0431202
0.0430467
0.0430189
0.0430028
0.0429935
0.0430373
0.0430002
0.0431685
0.0479062
0.047748
0.0475598
0.0474144
0.047133
0.0471164
0.0466817
0.0470493
0.0504303
0.0503231
0.0502173
0.0501647
0.0500361
0.0500924
0.0498907
0.0500465
0.0560365
0.0558712
0.0556116
0.05549
0.0550156
0.0550766
0.0543815
0.0546625
0.0606755
0.0604293
0.0601285
0.0599011
0.0594752
0.059289
0.0586314
0.0586563
0.0679388
0.0676982
0.0672918
0.0670647
0.0663391
0.0661166
0.0648141
0.0648483
0.0752881
0.0748216
0.0741498
0.0734089
0.0722707
0.0713799
0.0697587
0.0689747
0.0852088
0.0846423
0.0838429
0.0829525
0.0813391
0.0801856
0.077538
0.0764666
0.0962233
0.0952539
0.093817
0.0919741
0.089444
0.0868001
0.0831923
0.079862
0.110152
0.108923
0.107013
0.104466
0.100868
0.0970174
0.0915066
0.0865319
0.126005
0.124035
0.120974
0.116632
0.111012
0.104113
0.0961787
0.0864201
0.145512
0.14293
0.138694
0.132504
0.124315
0.114389
0.10181
0.0883855
0.167878
0.164089
0.157467
0.147786
0.134807
0.119252
0.10051
0.0784646
0.029531
0.0295775
0.0296469
0.0297403
0.0298611
0.0300048
0.030126
0.0302007
0.0302008
0.0301082
0.02991
0.0296027
0.0291937
0.0287035
0.0281599
0.0275929
0.0270254
0.0264722
0.0259455
0.0254603
0.0250415
0.0247188
0.0245281
0.0328401
0.0325438
0.0321735
0.0317201
0.0311772
0.0306151
0.0300811
0.0295926
0.0291709
0.0288259
0.028555
0.028342
0.0281583
0.0279379
0.0276231
0.0272164
0.026745
0.0262421
0.0257398
0.0252658
0.0248537
0.0245352
0.024346
0.0304898
0.0305922
0.0307176
0.0308678
0.030997
0.031022
0.0309354
0.0307461
0.0304426
0.0300267
0.0295173
0.0289497
0.0283837
0.0278651
0.0273858
0.0269221
0.0264338
0.025925
0.0254189
0.0249462
0.0245359
0.0242235
0.024041
0.0329721
0.0326415
0.0322393
0.0317827
0.0313762
0.0310204
0.0307036
0.0304103
0.0301277
0.0298384
0.0295055
0.0290772
0.0285269
0.0278896
0.0272737
0.0266823
0.0261052
0.0255434
0.0250091
0.024525
0.0241129
0.0238068
0.0236351
0.0320601
0.0321362
0.0322309
0.0322938
0.0322478
0.0321135
0.0318723
0.0315153
0.0310486
0.0304935
0.0298894
0.0292634
0.02861
0.0279094
0.0271809
0.0264542
0.025762
0.0251221
0.0245438
0.024041
0.0236234
0.0233206
0.0231567
0.034693
0.0342505
0.0337273
0.0332411
0.0327992
0.0323731
0.0319581
0.0315393
0.0310958
0.0305839
0.0299863
0.0293065
0.0285681
0.0277779
0.0269509
0.0261287
0.0253531
0.0246509
0.0240382
0.0235237
0.0231078
0.0228117
0.022656
0.0346342
0.0346293
0.03461
0.0344508
0.0341755
0.0337687
0.0332283
0.0325648
0.031812
0.0310037
0.0301601
0.0292892
0.0283979
0.0274904
0.0265784
0.025687
0.0248547
0.0241128
0.0234813
0.0229677
0.0225668
0.0222871
0.0221487
0.0371318
0.0365898
0.0359806
0.0354093
0.0348318
0.0342333
0.0335989
0.0328927
0.0320898
0.0311776
0.0301768
0.0291258
0.0280665
0.0270317
0.0260409
0.0251048
0.0242489
0.0234989
0.0228693
0.0223682
0.0219907
0.0217321
0.0216114
0.0381228
0.0379001
0.0375824
0.037144
0.0365311
0.0357413
0.0347878
0.0337171
0.0325632
0.0313489
0.0300956
0.0288312
0.0275974
0.026435
0.0253722
0.0244141
0.0235666
0.0228391
0.0222352
0.021759
0.0214103
0.0211687
0.0210559
0.0410335
0.0401314
0.0393277
0.0383987
0.0374499
0.0364113
0.0352676
0.0340085
0.0326442
0.0312101
0.0297475
0.0283081
0.0269454
0.0257009
0.0246005
0.0236506
0.0228443
0.022169
0.0216128
0.0211766
0.0208649
0.0206404
0.0205308
0.0429483
0.0422502
0.0414815
0.0405078
0.0392891
0.0378752
0.0363082
0.0346285
0.0328759
0.0311007
0.0293577
0.0277047
0.0261956
0.0248648
0.0237311
0.0227993
0.0220535
0.0214572
0.020975
0.0206013
0.0203426
0.0201515
0.0200561
0.0462338
0.0449834
0.043611
0.042103
0.04047
0.0386815
0.0367308
0.0346582
0.0325373
0.0304515
0.0284785
0.0266859
0.0251081
0.0237659
0.0226621
0.0217923
0.0211379
0.0206509
0.0202749
0.0199905
0.0198028
0.0196653
0.0196001
0.0493411
0.0479002
0.0462193
0.0442096
0.041912
0.0394367
0.0368742
0.0343
0.0317945
0.0294371
0.0273019
0.0254343
0.0238533
0.0225597
0.0215338
0.020754
0.0201975
0.019821
0.0195566
0.0193661
0.0192471
0.019163
0.0191301
0.0531587
0.0508669
0.0484151
0.0457835
0.0429731
0.0399765
0.0368776
0.0338198
0.0309284
0.0283077
0.0260224
0.0241051
0.0225544
0.0213442
0.0204305
0.0197656
0.0193112
0.0190311
0.0188653
0.0187608
0.0187017
0.0186619
0.0186521
0.0571177
0.0543014
0.0511267
0.0475277
0.0437186
0.0398648
0.0361014
0.0325577
0.0293619
0.0265888
0.0242759
0.0224263
0.0210073
0.0199663
0.0192374
0.0187464
0.0184342
0.0182651
0.0181976
0.0181785
0.0181813
0.0181865
0.0181946
0.0618018
0.0574815
0.0529498
0.0482399
0.0434342
0.0387266
0.0343475
0.0304496
0.0271035
0.0243365
0.022144
0.0204845
0.019293
0.0184936
0.0180014
0.0177246
0.0175863
0.0175456
0.0175774
0.0176402
0.0177064
0.0177597
0.0177848
0.0655535
0.0602643
0.0545436
0.0486127
0.0427773
0.0372646
0.0323174
0.0280742
0.0245925
0.0218721
0.0198552
0.0184441
0.0175301
0.017007
0.0167729
0.0167271
0.016781
0.0168847
0.017021
0.0171629
0.01729
0.0173921
0.0174351
0.0704091
0.0624431
0.0546509
0.0472094
0.0403275
0.0342458
0.0290744
0.0248313
0.0215151
0.0190689
0.017385
0.0163252
0.0157499
0.0155336
0.0155684
0.0157559
0.0160082
0.016269
0.016521
0.0167452
0.0169303
0.017079
0.0171408
0.0727469
0.0632256
0.0537197
0.0448406
0.0369608
0.0303484
0.025034
0.020956
0.0179966
0.0159912
0.0147651
0.0141421
0.0139589
0.0140773
0.0143898
0.0148074
0.0152544
0.015676
0.0160524
0.0163649
0.01661
0.0168036
0.0168859
0.0752209
0.0613709
0.0497632
0.0398649
0.0315889
0.0249517
0.0198737
0.01624
0.0138625
0.0124888
0.0118738
0.0117999
0.012085
0.0125877
0.0132057
0.0138625
0.0145026
0.0150834
0.0155865
0.0159938
0.0163047
0.0165446
0.0166521
0.0723301
0.0567232
0.0436997
0.0330112
0.0246388
0.0183712
0.0139188
0.0110243
0.00941401
0.0087891
0.00886414
0.00939184
0.0101786
0.0110885
0.0120278
0.0129298
0.0137593
0.0144906
0.0151139
0.0156167
0.0159983
0.016288
0.0164273
0.0659351
0.0470772
0.0338419
0.0234943
0.0157689
0.0103374
0.00688966
0.00506781
0.00448523
0.00478299
0.00565501
0.00684856
0.008177
0.00952266
0.0108063
0.0119719
0.0130014
0.0138868
0.0146298
0.0152292
0.0156861
0.0160308
0.0162078
0.0492117
0.0336834
0.0210555
0.0115576
0.00492328
0.000774885
-0.00130225
-0.00177032
-0.00110418
0.000285284
0.00207484
0.00401682
0.00594593
0.00777507
0.00944454
0.0109137
0.0121786
0.0132442
0.0141243
0.0148314
0.0153714
0.0157792
0.0159979
0.0290094
0.0189189
0.00900944
0.000484573
-0.00522768
-0.00826119
-0.00908706
-0.00829224
-0.00644523
-0.00400604
-0.00132355
0.00135154
0.00386778
0.00616643
0.00821038
0.00997882
0.0114773
0.0127195
0.0137289
0.0145305
0.0151376
0.0155893
0.0158358
0.00603152
-0.0015042
-0.00713629
-0.0123665
-0.0154349
-0.0162047
-0.015137
-0.0128343
-0.00982259
-0.00649871
-0.00315277
1.20087e-05
0.00288547
0.00544819
0.00768599
0.00960053
0.0112068
0.0125243
0.0135824
0.0144126
0.0150334
0.0154811
0.0157251
-0.0169529
-0.0254984
-0.0271741
-0.0270262
-0.0252848
-0.0224801
-0.0189036
-0.0149248
-0.0108404
-0.00686359
-0.00314542
0.000208824
0.00315809
0.00573271
0.00794248
0.00981326
0.0113718
0.0126426
0.0136561
0.0144431
0.0150226
0.0154218
0.0156355
-0.0375955
-0.0441817
-0.0420151
-0.038393
-0.0330932
-0.0274369
-0.0217807
-0.016379
-0.0113718
-0.00683451
-0.0028049
0.000703219
0.00370806
0.00626281
0.00840583
0.0101901
0.0116592
0.0128477
0.0137889
0.0145122
0.0150353
0.0153776
0.0155544
-0.0587938
-0.059341
-0.0520391
-0.0459133
-0.0385305
-0.0312896
-0.0243625
-0.0179846
-0.0122639
-0.00722625
-0.0028655
0.00085138
0.00398351
0.00658469
0.00871762
0.0104586
0.0118683
0.0129948
0.0138783
0.0145495
0.0150264
0.0153249
0.0154723
-0.0795224
-0.0735992
-0.0616361
-0.0528488
-0.0433759
-0.0347882
-0.0268298
-0.0196769
-0.0133848
-0.00792594
-0.00326375
0.000658872
0.00393254
0.00662144
0.00879748
0.0105452
0.0119375
0.0130354
0.0138871
0.0145277
0.0149775
0.0152527
0.0153839
-0.0993906
-0.0872315
-0.0712623
-0.0593556
-0.0475968
-0.0376731
-0.0287726
-0.020994
-0.0142838
-0.00852762
-0.00365819
0.000402214
0.00376637
0.00651718
0.0087342
0.0105012
0.0118957
0.0129859
0.013825
0.0144527
0.0148925
0.0151616
0.0152889
-0.116129
-0.0983735
-0.0798416
-0.0650725
-0.0513371
-0.0400726
-0.0302058
-0.0218358
-0.0147797
-0.00881715
-0.00384089
0.000270152
0.00365703
0.00641667
0.00864026
0.0104092
0.011802
0.0128882
0.013722
0.0143459
0.0147856
0.0150589
0.0151897
)
;

boundaryField
{
    outlet
    {
        type            fixedValue;
        value           uniform 0;
    }
    upperWall
    {
        type            symmetryPlane;
    }
    lowerWall
    {
        type            symmetryPlane;
    }
    inlet
    {
        type            zeroGradient;
    }
    cylinder
    {
        type            zeroGradient;
    }
    frontAndBack
    {
        type            empty;
    }
}


// ************************************************************************* //
