/*--------------------------------*- C++ -*----------------------------------*\
| =========                 |                                                 |
| \\      /  F ield         | OpenFOAM: The Open Source CFD Toolbox           |
|  \\    /   O peration     | Version:  2312                                  |
|   \\  /    A nd           | Website:  www.openfoam.com                      |
|    \\/     M anipulation  |                                                 |
\*---------------------------------------------------------------------------*/
FoamFile
{
    version     2.0;
    format      ascii;
    arch        "LSB;label=32;scalar=64";
    class       volScalarField;
    location    "189.05";
    object      p;
}
// * * * * * * * * * * * * * * * * * * * * * * * * * * * * * * * * * * * * * //

dimensions      [0 2 -2 0 0 0 0];

internalField   nonuniform List<scalar> 
5478
(
-0.327633
-0.328559
-0.326375
-0.321396
-0.31279
-0.300352
-0.284877
-0.267953
-0.251322
-0.236246
-0.223365
-0.211763
-0.201373
-0.190436
-0.179476
-0.335035
-0.334195
-0.331314
-0.326006
-0.317202
-0.304159
-0.287519
-0.269052
-0.2505
-0.232986
-0.216863
-0.202181
-0.188832
-0.176111
-0.163981
-0.345091
-0.341729
-0.337011
-0.330294
-0.319832
-0.304674
-0.285843
-0.265357
-0.244982
-0.225809
-0.208325
-0.192495
-0.177875
-0.163809
-0.150436
-0.358213
-0.35189
-0.344719
-0.335397
-0.321389
-0.302583
-0.280899
-0.258531
-0.237003
-0.217057
-0.198766
-0.181965
-0.166381
-0.151969
-0.138845
-0.375974
-0.366121
-0.356026
-0.342068
-0.322318
-0.298731
-0.27402
-0.249982
-0.227504
-0.206855
-0.188039
-0.170937
-0.155232
-0.140784
-0.127216
-0.399688
-0.384455
-0.370315
-0.349062
-0.321881
-0.293112
-0.265363
-0.239652
-0.216244
-0.195115
-0.176061
-0.15878
-0.143053
-0.128775
-0.115436
-0.426937
-0.406012
-0.384163
-0.35321
-0.318224
-0.284502
-0.253877
-0.226565
-0.202314
-0.180768
-0.161604
-0.144566
-0.12935
-0.115671
-0.102884
-0.451925
-0.426827
-0.393257
-0.351232
-0.309043
-0.271045
-0.237969
-0.209352
-0.184522
-0.162902
-0.144014
-0.127463
-0.113006
-0.100282
-0.0888199
-0.464214
-0.466733
-0.469571
-0.475501
-0.484201
-0.49432
-0.503953
-0.510348
-0.513053
-0.509271
-0.497689
-0.478907
-0.455887
-0.431746
-0.407345
-0.426865
-0.428414
-0.428223
-0.428971
-0.430482
-0.431616
-0.430937
-0.427289
-0.419997
-0.408808
-0.394422
-0.378537
-0.364464
-0.359121
-0.35244
-0.395837
-0.396452
-0.394135
-0.391059
-0.387334
-0.381883
-0.373918
-0.363064
-0.349527
-0.334294
-0.319696
-0.308484
-0.298136
-0.308887
-0.313171
-0.371335
-0.371499
-0.368242
-0.363141
-0.355945
-0.34626
-0.333775
-0.318672
-0.301952
-0.284927
-0.269992
-0.263154
-0.256805
-0.271246
-0.28415
-0.352271
-0.352618
-0.349213
-0.342922
-0.33355
-0.321058
-0.305651
-0.287879
-0.269453
-0.252569
-0.238358
-0.233995
-0.231913
-0.24445
-0.261565
-0.337799
-0.338741
-0.335484
-0.328525
-0.31776
-0.303444
-0.286168
-0.26752
-0.249218
-0.23373
-0.222576
-0.219491
-0.221558
-0.231136
-0.246516
-0.328174
-0.329608
-0.326572
-0.319633
-0.308668
-0.294119
-0.277258
-0.259704
-0.243169
-0.22954
-0.220781
-0.21712
-0.218432
-0.222918
-0.229392
-0.324488
-0.326202
-0.323663
-0.317572
-0.307824
-0.294718
-0.279074
-0.262581
-0.24695
-0.233649
-0.224044
-0.217134
-0.212863
-0.209236
-0.205386
-0.40322
-0.456214
-0.485246
-0.425777
-0.296053
-0.204613
-0.165296
-0.162019
-0.169533
-0.167431
-0.152869
-0.152886
-0.142225
-0.120496
-0.100889
-0.121744
-0.143525
-0.150132
-0.11996
-0.114924
-0.132972
-0.162845
-0.117855
-0.124732
-0.148049
-0.178205
-0.161411
-0.175627
-0.101532
-0.0756316
-0.0367196
-0.0196149
-0.0144026
-0.00976251
-0.00643455
-0.00394001
-0.00223405
-0.000736967
-0.389913
-0.486392
-0.521919
-0.450881
-0.315655
-0.211144
-0.161187
-0.14602
-0.134134
-0.12544
-0.131613
-0.145889
-0.138737
-0.116928
-0.0973363
-0.117812
-0.138135
-0.144422
-0.12311
-0.123122
-0.148191
-0.1751
-0.111128
-0.113373
-0.12918
-0.159219
-0.1779
-0.19509
-0.0956076
-0.0682607
-0.0374362
-0.0211989
-0.0143576
-0.00947199
-0.00641561
-0.00399634
-0.00223731
-0.00073188
-0.353595
-0.475063
-0.51887
-0.451944
-0.320626
-0.211869
-0.156112
-0.136259
-0.113977
-0.0952824
-0.113358
-0.138235
-0.134157
-0.113238
-0.0955664
-0.114509
-0.132412
-0.136489
-0.124262
-0.129053
-0.162729
-0.183812
-0.103002
-0.101312
-0.110909
-0.137786
-0.190271
-0.208623
-0.0884332
-0.0597809
-0.0375333
-0.0226162
-0.0142472
-0.0091412
-0.00638336
-0.00404725
-0.00223809
-0.000725927
-0.316258
-0.427923
-0.475666
-0.415798
-0.303197
-0.206808
-0.150236
-0.129177
-0.108436
-0.0820031
-0.09745
-0.133219
-0.131019
-0.109725
-0.0961185
-0.112113
-0.126478
-0.12744
-0.123209
-0.132095
-0.175635
-0.189911
-0.0954831
-0.0895057
-0.0940945
-0.115008
-0.198198
-0.216049
-0.081456
-0.0509648
-0.036988
-0.0237734
-0.0140937
-0.00879623
-0.00633578
-0.00408783
-0.0022361
-0.000719375
-0.286341
-0.368506
-0.413603
-0.366086
-0.27849
-0.200402
-0.147073
-0.123534
-0.108311
-0.083291
-0.101786
-0.136747
-0.128721
-0.109627
-0.0998015
-0.11234
-0.121139
-0.117944
-0.119926
-0.131504
-0.186133
-0.192821
-0.0892919
-0.0781165
-0.0793369
-0.0923738
-0.201496
-0.216635
-0.0753386
-0.0419625
-0.0358264
-0.0245331
-0.0139078
-0.00846121
-0.00627237
-0.00411378
-0.00223089
-0.000712501
-0.261704
-0.310031
-0.342969
-0.311086
-0.249749
-0.189502
-0.143526
-0.118743
-0.105251
-0.0900581
-0.113577
-0.145758
-0.129082
-0.110125
-0.103261
-0.110854
-0.114408
-0.107867
-0.114126
-0.12731
-0.192523
-0.193724
-0.085467
-0.0673634
-0.0672117
-0.0707363
-0.199831
-0.210782
-0.0705507
-0.0338629
-0.0342745
-0.02495
-0.013722
-0.00815815
-0.00619504
-0.00412546
-0.00222308
-0.000705794
-0.231172
-0.255623
-0.276793
-0.263444
-0.226343
-0.18043
-0.141213
-0.115071
-0.0992926
-0.0925514
-0.129485
-0.157311
-0.128364
-0.108504
-0.1063
-0.110963
-0.110836
-0.0980608
-0.10551
-0.118574
-0.195113
-0.190234
-0.081907
-0.0577655
-0.0585947
-0.0493239
-0.194255
-0.199384
-0.0667356
-0.0266448
-0.0322851
-0.0248765
-0.0135057
-0.00789519
-0.0061042
-0.00411468
-0.00221041
-0.000699046
-0.200925
-0.214121
-0.222735
-0.218891
-0.200208
-0.169615
-0.13746
-0.114091
-0.0947843
-0.0815092
-0.137852
-0.166278
-0.131095
-0.108804
-0.10634
-0.104317
-0.103977
-0.0872392
-0.095111
-0.104706
-0.192629
-0.187402
-0.0814571
-0.0484872
-0.0526282
-0.029613
-0.184792
-0.185006
-0.0654179
-0.0178736
-0.0297121
-0.024657
-0.0133629
-0.0076798
-0.00600853
-0.00410237
-0.00219999
-0.000694291
-0.187306
-0.199318
-0.196915
-0.187654
-0.169832
-0.142245
-0.114079
-0.0949032
-0.0793448
-0.0665554
-0.115375
-0.137348
-0.118659
-0.101259
-0.105463
-0.108464
-0.0983045
-0.0753572
-0.0821734
-0.0970992
-0.176364
-0.174144
-0.0781813
-0.0391334
-0.0471428
-0.021151
-0.166337
-0.163797
-0.06266
-0.023205
-0.0267687
-0.0231971
-0.0129274
-0.00746481
-0.00583652
-0.0040174
-0.00216291
-0.00068245
-0.14424
-0.15798
-0.154825
-0.141816
-0.125437
-0.104984
-0.0845991
-0.0718096
-0.056645
-0.04828
-0.0830043
-0.108828
-0.0944847
-0.0814787
-0.0937767
-0.0883938
-0.076588
-0.0556966
-0.0579002
-0.0806673
-0.15594
-0.163181
-0.0654085
-0.0266343
-0.0304221
-0.00777209
-0.135877
-0.150565
-0.0503084
-0.0121126
-0.022569
-0.0212982
-0.0121039
-0.00707067
-0.00557073
-0.00386689
-0.00209808
-0.00066239
-0.115847
-0.128948
-0.12673
-0.116484
-0.1033
-0.0875814
-0.0703205
-0.0564653
-0.0372107
-0.0169431
-0.0152216
-0.00662668
-0.0289477
-0.0486063
-0.0720005
-0.0719292
-0.0581876
-0.0383002
-0.032939
-0.0512935
-0.117812
-0.127169
-0.0435438
-0.0162942
-0.0195477
0.00476163
-0.0997133
-0.117783
-0.0333118
-0.0109087
-0.0185026
-0.0184233
-0.0110765
-0.00675163
-0.00528248
-0.00367824
-0.00202047
-0.000641464
-0.0905285
-0.100745
-0.0992202
-0.0897753
-0.0764402
-0.0609243
-0.0463387
-0.0329631
-0.0157261
0.00363478
0.0209409
0.0428829
0.0241146
-0.0163072
-0.0442918
-0.0437633
-0.0325316
-0.0163053
-0.00669486
-0.0230568
-0.0700879
-0.0727335
-0.0229672
-0.0123487
-0.00805861
0.017808
-0.0562929
-0.0755824
-0.0168263
-0.00860091
-0.0138458
-0.0152203
-0.0100655
-0.00649554
-0.00494518
-0.00344465
-0.00192806
-0.000617323
-0.0669746
-0.075616
-0.0755665
-0.0684758
-0.0583344
-0.0470831
-0.0349867
-0.0232327
-0.00622848
0.0150427
0.0373802
0.0541352
0.0452727
0.00780816
-0.0172179
-0.0194958
-0.0146272
-0.0064248
0.00943174
0.00416066
-0.0176004
-0.0208276
-0.00965077
-0.0120696
-0.001375
0.0244017
-0.00953472
-0.0264175
-0.00143833
-0.005012
-0.00848741
-0.0112531
-0.00890472
-0.00622206
-0.00455498
-0.00317229
-0.00181869
-0.000588314
-0.0483041
-0.0558328
-0.0563483
-0.0512053
-0.0429703
-0.0331947
-0.022128
-0.0108516
0.00320715
0.0197792
0.0355113
0.0473959
0.0455742
0.0214224
0.00129192
-0.00292362
0.00179187
0.00612711
0.0175307
0.0131817
0.00613915
0.00497576
-0.00235204
-0.00805077
0.00748478
0.0284893
0.0234678
0.00863825
0.00993114
-0.000130537
-0.00322069
-0.00754582
-0.00771809
-0.00579421
-0.00407255
-0.00287677
-0.00169216
-0.000551831
-0.0340118
-0.0394949
-0.0400783
-0.0363584
-0.0299441
-0.0224105
-0.0139264
-0.00522412
0.00514424
0.0175299
0.0293966
0.0374602
0.0377008
0.0251359
0.0115431
0.0066751
0.00847828
0.0105836
0.0199722
0.020422
0.0173473
0.0146094
0.00488805
0.00119326
0.0111646
0.0276432
0.0385707
0.0249623
0.0141909
0.00275326
0.000541965
-0.0048048
-0.006537
-0.00510804
-0.00356116
-0.00257199
-0.00154218
-0.000503542
-0.0217741
-0.026098
-0.0270482
-0.0246209
-0.0198982
-0.0142084
-0.00775367
-0.000915025
0.0069022
0.0156006
0.0234711
0.0289145
0.0296205
0.0240343
0.0161533
0.0122562
0.0143246
0.0157889
0.0202586
0.0193469
0.0161879
0.0156743
0.0110205
0.0101122
0.0150848
0.025594
0.0346754
0.0252161
0.0144903
0.0053961
0.00171672
-0.00318624
-0.00522218
-0.00418424
-0.00302028
-0.00224303
-0.00135849
-0.000442303
-0.0123425
-0.0158626
-0.0167744
-0.0151431
-0.0117516
-0.00757095
-0.00284883
0.00214671
0.00754919
0.0133332
0.018565
0.0224358
0.0234275
0.0214949
0.0177726
0.014858
0.0155553
0.0164444
0.0187426
0.0193128
0.0173632
0.0165672
0.0140228
0.0132826
0.0167451
0.0229719
0.0282577
0.0239651
0.0146811
0.00742412
0.00311547
-0.00160739
-0.00367036
-0.00314104
-0.00241732
-0.00185072
-0.00113175
-0.000366388
-0.00527915
-0.00781024
-0.00858661
-0.00760882
-0.00531952
-0.00238764
0.000902393
0.00438453
0.00804732
0.0119276
0.0154288
0.0182305
0.0193185
0.0189435
0.0175626
0.0160288
0.0166283
0.0175051
0.0183529
0.0185774
0.0172984
0.0167186
0.0153074
0.0158836
0.018053
0.0209764
0.0230226
0.0211306
0.0146465
0.00878209
0.00423821
-7.99994e-05
-0.0021735
-0.00216697
-0.00180756
-0.00142991
-0.000892609
-0.000292791
0.000494656
-0.00146205
-0.00222144
-0.00172058
-0.000247805
0.00174924
0.00397549
0.00632826
0.00873728
0.0112904
0.0136403
0.0156017
0.0166665
0.0169635
0.0168996
0.0162806
0.0164513
0.0169782
0.0174078
0.0175809
0.0169083
0.0165796
0.0156948
0.0155099
0.0173008
0.0189495
0.0196747
0.0184736
0.014183
0.00948748
0.00529712
0.00139848
-0.000780351
-0.00121447
-0.00116054
-0.000972158
-0.000625878
-0.000203822
0.00488504
0.00335248
0.0026801
0.00290129
0.00380668
0.00510786
0.00654932
0.00806815
0.00961791
0.0112628
0.0128324
0.0141957
0.0151361
0.0156253
0.0159088
0.0159056
0.016115
0.0165869
0.0168701
0.0168749
0.0165169
0.0162985
0.0158417
0.015891
0.0168883
0.0174623
0.0172919
0.0162038
0.0133701
0.0098517
0.00620119
0.00272167
0.000482743
-0.000315403
-0.0005345
-0.000528516
-0.000365106
-0.000120214
0.00822473
0.00706451
0.00648646
0.00651567
0.00701434
0.00780848
0.00871285
0.00965748
0.0106139
0.0116255
0.012648
0.0135653
0.014311
0.0148144
0.0152404
0.0155143
0.0157287
0.0160153
0.0162159
0.0161957
0.0159941
0.0158755
0.0155888
0.0154518
0.0158519
0.0159649
0.015514
0.0144434
0.012356
0.00976412
0.0068044
0.00380552
0.00162609
0.000534549
6.43092e-05
-0.000104354
-0.000110183
-3.4457e-05
0.0108145
0.00991885
0.0094049
0.00930236
0.00954156
0.0100028
0.0105407
0.011079
0.0116223
0.0122142
0.0128528
0.0134502
0.0139684
0.0143895
0.014766
0.0150723
0.0152804
0.0154834
0.0156599
0.0156736
0.0155174
0.0154036
0.0152026
0.0150373
0.0150749
0.0148598
0.0142151
0.0131844
0.0115613
0.00957231
0.00721429
0.00468691
0.00264804
0.0013613
0.000658209
0.00030697
0.000138203
5.4587e-05
0.012775
0.0120777
0.0116338
0.0114621
0.0115234
0.0117424
0.0120224
0.0123024
0.0125805
0.0128923
0.0132497
0.0136046
0.0139225
0.0142108
0.0144871
0.0147345
0.0149097
0.0150354
0.0151448
0.0151418
0.0150178
0.0148941
0.0146874
0.0144217
0.0142001
0.0138198
0.0131521
0.0121958
0.0108584
0.00924906
0.0073699
0.00529878
0.00346797
0.00211495
0.00122006
0.000682592
0.000353429
0.000126704
0.0142526
0.0137119
0.0133307
0.0131224
0.0130722
0.0131356
0.0132451
0.0133483
0.0134444
0.0135666
0.013731
0.0139076
0.0140641
0.0142125
0.0143705
0.0145203
0.014621
0.014669
0.0147074
0.0146769
0.0145431
0.0143788
0.0141489
0.0138434
0.0135095
0.0130337
0.012349
0.0114618
0.0103246
0.0089805
0.00744316
0.00574322
0.00412628
0.00278596
0.00176626
0.00105718
0.000566461
0.00019971
0.0153529
0.0149281
0.0145995
0.0143789
0.0142629
0.0142243
0.014216
0.0142002
0.0141767
0.0141725
0.0142001
0.0142413
0.014272
0.014304
0.0143517
0.0143977
0.0144112
0.0143864
0.0143513
0.0142697
0.0141061
0.0139049
0.0136444
0.013296
0.0128857
0.0123676
0.0117013
0.0108798
0.00987979
0.00872493
0.00742434
0.00600032
0.00458816
0.00331753
0.0022489
0.00140971
0.000764462
0.000257315
0.016153
0.0158167
0.0155341
0.0153143
0.0151594
0.0150546
0.014969
0.0148763
0.0147761
0.0146881
0.0146215
0.0145648
0.014502
0.0144415
0.0143944
0.0143483
0.0142798
0.0141836
0.0140753
0.0139335
0.0137308
0.0134863
0.0131884
0.0128142
0.0123744
0.0118419
0.0111932
0.010428
0.00953216
0.00851563
0.00738834
0.00616764
0.00492359
0.00373686
0.002662
0.0017375
0.0009635
0.000318155
0.0167248
0.016453
0.0162067
0.0159935
0.0158178
0.015672
0.0155368
0.0153945
0.0152452
0.0151025
0.0149723
0.0148467
0.0147156
0.0145853
0.014463
0.0143406
0.0142007
0.0140406
0.013868
0.0136688
0.013423
0.0131384
0.0128088
0.0124139
0.0119549
0.0114206
0.010795
0.0100762
0.00925606
0.00833998
0.00733614
0.00625628
0.00513836
0.00403358
0.00297952
0.00201303
0.00114587
0.000374191
0.0171173
0.0168909
0.016673
0.016469
0.0162836
0.0161133
0.0159469
0.015774
0.0155946
0.0154171
0.0152447
0.0150724
0.0148935
0.0147128
0.0145344
0.014353
0.0141571
0.0139445
0.0137194
0.0134706
0.013186
0.0128671
0.0125081
0.0120955
0.0116265
0.0110946
0.0104878
0.00980541
0.00904201
0.0081994
0.00728385
0.00630382
0.00527959
0.00424316
0.00321797
0.00223221
0.00130143
0.00042642
0.0173737
0.017178
0.0169807
0.0167859
0.0165968
0.0164127
0.0162278
0.0160368
0.0158395
0.0156407
0.0154412
0.0152384
0.0150282
0.0148134
0.0145956
0.0143718
0.014135
0.0138831
0.0136174
0.0133305
0.0130143
0.0126676
0.0122853
0.0118587
0.0113825
0.010853
0.0102614
0.0096057
0.00888247
0.00809152
0.00723685
0.00632441
0.00536521
0.0043787
0.0033804
0.00238891
0.00141731
0.000467548
0.0175223
0.0173458
0.0171627
0.0169757
0.0167866
0.0165959
0.0164013
0.0162007
0.0159941
0.0157831
0.0155678
0.0153467
0.0151178
0.014882
0.0146393
0.0143881
0.0141244
0.0138464
0.013553
0.0132401
0.0129017
0.0125354
0.0121367
0.0116995
0.0112186
0.0106905
0.0101088
0.00947071
0.00877347
0.00801612
0.0072005
0.00633068
0.00541312
0.00445989
0.00348131
0.00248978
0.00149391
0.000496197
0.0175871
0.0174201
0.0172449
0.0170629
0.0168752
0.0166823
0.0164838
0.0162795
0.0160691
0.0158528
0.0156301
0.0154004
0.0151627
0.0149169
0.0146619
0.0143968
0.0141196
0.0138283
0.0135205
0.013194
0.0128439
0.0124672
0.0120597
0.0116168
0.0111334
0.0106058
0.0100291
0.00939997
0.00871597
0.00797567
0.00717979
0.00633146
0.00543465
0.00449853
0.00353037
0.00253958
0.00153245
0.000510935
-0.0750196
-0.0863018
-0.0976951
-0.108729
-0.121039
-0.132576
-0.146734
-0.164199
-0.0605223
-0.0689727
-0.0776832
-0.0863413
-0.0959216
-0.104957
-0.114055
-0.125803
-0.0466429
-0.0525987
-0.0585434
-0.0646202
-0.0714567
-0.0780329
-0.0856763
-0.0966732
-0.0356058
-0.0398098
-0.0440257
-0.0484306
-0.053929
-0.0597553
-0.0672418
-0.076445
-0.0259672
-0.0290649
-0.0322197
-0.0357459
-0.0403016
-0.044946
-0.0500626
-0.0562421
-0.0180755
-0.0202662
-0.0225585
-0.0250608
-0.0280974
-0.0309225
-0.0343382
-0.0393723
-0.0113319
-0.0127463
-0.0141674
-0.0156766
-0.0176164
-0.0197801
-0.02298
-0.0273408
-0.00548466
-0.00631736
-0.00716456
-0.00824206
-0.00991721
-0.0119378
-0.0143108
-0.0171647
-0.000603331
-0.00115478
-0.00177153
-0.00263045
-0.00380685
-0.00498872
-0.00640661
-0.00860928
0.00341114
0.0030569
0.00270945
0.00224387
0.00157469
0.000718012
-0.000558626
-0.00246109
0.00684457
0.00663183
0.00644155
0.00612771
0.00558508
0.0048406
0.00386607
0.00250871
0.00963794
0.00946209
0.00931064
0.00907702
0.00869954
0.00819416
0.00750194
0.00645374
0.0119063
0.0117449
0.0116228
0.0114623
0.0112006
0.0108151
0.0102538
0.00941975
0.0137241
0.01356
0.0134342
0.0132923
0.0130808
0.0127752
0.0123408
0.0117104
0.0151327
0.0149611
0.0148226
0.0146863
0.0145129
0.0142759
0.0139412
0.0134583
0.016204
0.0160307
0.0158835
0.015747
0.0155934
0.0153992
0.0151356
0.0147681
0.0169922
0.0168218
0.016671
0.0165342
0.0163939
0.0162311
0.0160225
0.0157433
0.0175575
0.0173945
0.017246
0.0171116
0.0169802
0.0168377
0.0166668
0.0164512
0.0179519
0.0177978
0.0176546
0.0175238
0.017399
0.0172705
0.0171266
0.0169568
0.018216
0.0180713
0.017935
0.0178089
0.0176893
0.0175701
0.0174439
0.0173044
0.0183783
0.0182438
0.0181153
0.0179944
0.0178793
0.0177664
0.0176517
0.0175317
0.0184594
0.018336
0.018216
0.0181007
0.0179894
0.0178805
0.0177723
0.0176632
0.0184816
0.0183694
0.0182576
0.018147
0.0180381
0.0179311
0.0178254
0.0177205
0.0755819
0.0793478
0.082872
0.08577
0.0872543
0.087074
0.085068
0.0807332
0.0731355
0.0609155
0.0421968
0.0143712
-0.0268027
-0.0845982
-0.136291
0.0545223
0.0561111
0.0561286
0.0549193
0.0523513
0.0480739
0.0416032
0.0321948
0.0187801
-9.89609e-05
-0.0264339
-0.0628158
-0.113328
-0.182135
-0.237772
0.0328558
0.0322712
0.0289407
0.0240996
0.0179806
0.0100488
-0.000445066
-0.0143829
-0.0328898
-0.0574859
-0.0902922
-0.133964
-0.191597
-0.268594
-0.322629
0.0106898
0.00763825
0.00145104
-0.00615185
-0.0150814
-0.0260905
-0.0400381
-0.0578257
-0.0805634
-0.109729
-0.147621
-0.196964
-0.260117
-0.337843
-0.388989
-0.0114346
-0.0171423
-0.0254455
-0.0349803
-0.0460932
-0.0596469
-0.0764087
-0.0972319
-0.123215
-0.155674
-0.197027
-0.249946
-0.315089
-0.389611
-0.435785
-0.0328587
-0.0409937
-0.0507547
-0.0617379
-0.0746159
-0.0902001
-0.109087
-0.13207
-0.160191
-0.194836
-0.237972
-0.291572
-0.355502
-0.423722
-0.463347
-0.0532457
-0.0629649
-0.073726
-0.0859615
-0.100377
-0.117514
-0.1379
-0.162224
-0.191439
-0.226781
-0.269776
-0.321655
-0.381308
-0.440153
-0.473473
-0.0723305
-0.0826762
-0.0943662
-0.107775
-0.123386
-0.141626
-0.162908
-0.187811
-0.217135
-0.251865
-0.293079
-0.341142
-0.393411
-0.440266
-0.468811
0.188379
0.203327
0.219947
0.238696
0.259667
0.282774
0.307919
0.335048
0.364082
0.39477
0.426526
0.458175
0.487716
0.511121
0.53038
0.187875
0.202223
0.218237
0.236434
0.256854
0.279309
0.30364
0.32978
0.357653
0.386991
0.417161
0.446926
0.474198
0.495003
0.511711
0.183239
0.196153
0.210917
0.228021
0.247298
0.268368
0.290966
0.314979
0.34029
0.366573
0.39311
0.418555
0.440643
0.455571
0.466661
0.17448
0.18534
0.198382
0.213867
0.231309
0.250152
0.270084
0.290952
0.31255
0.334409
0.355637
0.374699
0.389039
0.395012
0.398063
0.16162
0.170042
0.181178
0.194844
0.210015
0.225915
0.242245
0.258896
0.275619
0.291797
0.30631
0.317373
0.322066
0.316629
0.30978
0.145012
0.150621
0.159658
0.171268
0.183843
0.196423
0.208693
0.220522
0.231575
0.241088
0.247742
0.249513
0.243134
0.224676
0.205807
0.124939
0.12834
0.135524
0.144583
0.153773
0.162353
0.17009
0.176749
0.181774
0.184177
0.18242
0.174247
0.156078
0.123966
0.0924389
0.101377
0.103561
0.109685
0.116139
0.121569
0.125688
0.128472
0.129595
0.128282
0.123323
0.112971
0.0947251
0.0646655
0.0190965
-0.0240487
0.026597
0.0310051
0.027354
0.0312778
0.0288492
0.0331705
0.0314237
0.0358481
0.0352032
0.039754
0.0405852
0.0454169
0.0479861
0.0537053
0.0584307
0.0657623
0.0732981
0.0833846
0.0945537
0.108651
0.124819
0.144619
0.167481
0.0266765
0.0310519
0.027451
0.0313372
0.0289702
0.0332464
0.0315899
0.0359771
0.0354096
0.0399422
0.0409063
0.0457039
0.0483813
0.0541894
0.0589609
0.0664031
0.0740898
0.0840799
0.0954174
0.109625
0.125605
0.145323
0.167696
0.0267659
0.031073
0.0275662
0.0313671
0.0291088
0.0332877
0.0317881
0.036074
0.0356152
0.0400898
0.0412595
0.045936
0.048779
0.0545513
0.0593479
0.0666136
0.074471
0.0844765
0.0955543
0.109593
0.124991
0.144143
0.165007
0.0268638
0.0310702
0.0276958
0.0313704
0.0293065
0.0333006
0.0320092
0.0361441
0.0360443
0.0402292
0.0416285
0.0461985
0.0492335
0.0550881
0.0599467
0.0675097
0.0750058
0.0851011
0.0956602
0.109354
0.123527
0.141381
0.159409
0.0269693
0.0310472
0.0278368
0.0313496
0.0294909
0.033291
0.0322479
0.0361808
0.036299
0.0403265
0.0419883
0.0463217
0.0495915
0.0552074
0.060132
0.067415
0.0748635
0.0846109
0.0946475
0.107573
0.12028
0.136351
0.1506
0.0270789
0.0310058
0.0279894
0.0313103
0.0296893
0.0332706
0.0324967
0.0362057
0.0366405
0.0404762
0.0424059
0.0466539
0.0501563
0.0559618
0.0607712
0.0684058
0.0753613
0.0851945
0.0942554
0.106367
0.116653
0.129949
0.138989
0.0271939
0.0309492
0.0281446
0.0312598
0.0298883
0.0332327
0.0327428
0.0362016
0.0368876
0.0405489
0.0426894
0.0466667
0.0503661
0.0557845
0.0606942
0.0678525
0.0746239
0.0835757
0.0919817
0.1024
0.110784
0.120792
0.12427
0.0273115
0.0308841
0.0282968
0.0312062
0.0301011
0.0332255
0.0329997
0.0362704
0.0373073
0.0408016
0.0432238
0.0472386
0.0511372
0.0568198
0.0615227
0.0692492
0.0753947
0.0845739
0.0913378
0.10058
0.104972
0.110353
0.106369
0.0274487
0.0307844
0.0284932
0.0310961
0.0303255
0.0331118
0.0332658
0.0361324
0.0374869
0.0407321
0.0433249
0.0470634
0.0510681
0.0560412
0.0607561
0.067415
0.0730655
0.0799585
0.0857269
0.0906779
0.092803
0.0909177
0.0819637
0.0276268
0.0306287
0.0287415
0.0309274
0.0305837
0.032895
0.0335015
0.0358145
0.0375482
0.0402356
0.0430688
0.0462819
0.050198
0.0544073
0.058777
0.0639538
0.0687035
0.0731701
0.0769843
0.0783474
0.0779664
0.0728405
0.0653214
0.0278397
0.030411
0.0290253
0.0307008
0.0308717
0.032597
0.0337524
0.0354902
0.0375575
0.0398547
0.0427192
0.0454648
0.0491899
0.0526044
0.0564985
0.0603123
0.0639304
0.0664439
0.0681682
0.0674893
0.0648844
0.0593272
0.0520694
0.0280885
0.0301223
0.0293476
0.0304336
0.0311451
0.0323477
0.0338808
0.0352263
0.0374612
0.039368
0.0421577
0.0445235
0.0478353
0.0505575
0.0537719
0.0563774
0.0587277
0.0597813
0.0597247
0.0577497
0.053905
0.048077
0.0411275
0.0283776
0.0297558
0.0296622
0.0302299
0.0313227
0.0321472
0.033904
0.0349836
0.0372067
0.0388377
0.0413553
0.0434402
0.0461459
0.048266
0.0506849
0.0522394
0.0533955
0.0533398
0.0520179
0.0492732
0.0449831
0.0391776
0.0324734
0.0287026
0.0293836
0.0298838
0.0300907
0.0314259
0.0319787
0.0338038
0.0347163
0.0367945
0.0382215
0.040343
0.0421785
0.0442095
0.0457223
0.0473788
0.0480224
0.0481933
0.047324
0.0453028
0.0421636
0.0378437
0.0323648
0.0260951
0.0290148
0.0290518
0.0300108
0.0300033
0.0314357
0.0318354
0.0335694
0.0344089
0.0362257
0.0374851
0.0391719
0.0407101
0.0420966
0.0430095
0.0439792
0.0439108
0.0433349
0.0419206
0.0395942
0.0363418
0.0321959
0.0271928
0.0214867
0.0292921
0.0287785
0.0300479
0.0299507
0.0313394
0.0317023
0.0332115
0.0340302
0.0355313
0.0366074
0.0378682
0.0390499
0.0398725
0.0402585
0.0406263
0.040042
0.0389774
0.0372353
0.0348253
0.0316811
0.0278557
0.0234066
0.0183786
0.0295074
0.028584
0.0299826
0.0299171
0.031141
0.0315507
0.0327605
0.0335449
0.03473
0.0355828
0.0364573
0.0372581
0.0376091
0.037571
0.0374485
0.0365275
0.0351797
0.0332966
0.0309505
0.0280616
0.0246617
0.0208036
0.0164908
0.0296422
0.0284775
0.0298158
0.0298806
0.0308603
0.0313347
0.0322471
0.0329408
0.0338353
0.0344408
0.0349739
0.0354077
0.0353839
0.0350304
0.0345513
0.0334334
0.0319625
0.0300919
0.0279114
0.0253503
0.0224208
0.0191564
0.0155379
0.0296826
0.0284553
0.0295645
0.0298208
0.0305358
0.0310273
0.0316875
0.0322308
0.032861
0.0332169
0.033456
0.0335751
0.0332735
0.0327056
0.0319923
0.0307881
0.0293159
0.0275636
0.0256103
0.0233996
0.0209372
0.0182378
0.0152635
0.0296236
0.0284986
0.0292605
0.0296551
0.0301865
0.0306293
0.0310844
0.0314437
0.0318313
0.0319602
0.0319572
0.0318268
0.0313355
0.0306354
0.0297966
0.0285911
0.0271972
0.0256231
0.0239257
0.0220589
0.0200251
0.0178304
0.0154275
0.0294705
0.0285722
0.0289646
0.0293648
0.0297988
0.0301552
0.0304379
0.0306135
0.0307802
0.030721
0.030529
0.0302119
0.029601
0.0288395
0.0279635
0.0268164
0.0255447
0.0241718
0.0227322
0.0211825
0.0195217
0.0177519
0.015825
0.0292419
0.0286116
0.0287169
0.0289925
0.0293524
0.0296051
0.0297481
0.0297697
0.0297475
0.0295395
0.0292085
0.0287621
0.0280901
0.0273206
0.0264673
0.0254181
0.0242898
0.0231152
0.0219142
0.0206445
0.0192998
0.0178799
0.0163429
0.0289615
0.0285489
0.0285007
0.0286344
0.0288609
0.0289976
0.0290252
0.0289273
0.0287609
0.0284428
0.0280188
0.0274959
0.0268075
0.0260638
0.0252697
0.0243402
0.023361
0.0223678
0.0213756
0.020346
0.0192671
0.0181354
0.0169159
0.0286553
0.0283917
0.0282838
0.0282822
0.028352
0.0283692
0.0282945
0.0281042
0.0278364
0.0274474
0.0269731
0.0264188
0.0257467
0.0250492
0.02433
0.0235235
0.0226868
0.0218524
0.0210336
0.0202
0.019337
0.018438
0.0174739
0.02834
0.0281605
0.0280252
0.0279228
0.0278534
0.0277554
0.0275873
0.027325
0.0269907
0.0265644
0.0260754
0.0255264
0.024895
0.0242556
0.0236135
0.0229199
0.0222094
0.0215072
0.0208258
0.0201444
0.0194503
0.0187354
0.0179767
0.0280229
0.0278826
0.0277253
0.0275537
0.0273797
0.027182
0.0269328
0.0266135
0.026236
0.0257946
0.0253142
0.0247955
0.0242228
0.0236511
0.0230863
0.0224919
0.0218865
0.0212884
0.0207094
0.0201396
0.0195716
0.0189984
0.0184026
0.0277097
0.0275829
0.0274046
0.0271848
0.0269386
0.0266657
0.0263533
0.025992
0.0255893
0.025148
0.0246888
0.0242107
0.0237002
0.0231916
0.02269
0.0221735
0.0216531
0.0211397
0.0206427
0.0201597
0.0196878
0.019223
0.0187532
0.0274102
0.0272847
0.0270882
0.0268355
0.0265419
0.0262173
0.0258622
0.0254753
0.0250628
0.0246313
0.0241965
0.0237564
0.0232984
0.022841
0.0223897
0.0219342
0.0214813
0.0210375
0.0206088
0.0201958
0.0197986
0.0194157
0.0190394
0.0271424
0.0270153
0.0268054
0.0265314
0.026209
0.0258526
0.0254711
0.0250697
0.0246548
0.0242343
0.0238185
0.0234049
0.022985
0.022568
0.0221589
0.0217545
0.0213587
0.0209748
0.0206053
0.02025
0.0199098
0.0195861
0.019277
0.0269269
0.0267962
0.026579
0.0262955
0.0259599
0.0255892
0.0251966
0.0247917
0.0243802
0.0239682
0.0235625
0.0231639
0.0227689
0.0223811
0.0220034
0.0216354
0.0212791
0.0209361
0.0206084
0.0202963
0.0200004
0.0197219
0.0194612
0.0268129
0.0266826
0.0264583
0.0261637
0.0258166
0.025434
0.0250311
0.0246185
0.0242042
0.0237957
0.0233995
0.0230169
0.0226441
0.0222797
0.0219247
0.0215803
0.0212485
0.0209317
0.0206326
0.0203526
0.0200927
0.0198541
0.0196377
0.0693323
0.0514128
0.029192
0.00863592
-0.0102147
-0.0283239
-0.045919
-0.0616282
0.0568266
0.0402403
0.0184032
-0.000536526
-0.0154432
-0.0281491
-0.0403106
-0.0509622
0.0457048
0.0329605
0.0143756
-0.00212306
-0.013329
-0.0220042
-0.0307658
-0.0392737
0.0358063
0.0259694
0.0105778
-0.00354514
-0.012477
-0.0186091
-0.0245818
-0.0303943
0.0275347
0.020198
0.00851329
-0.00238782
-0.00922377
-0.0136638
-0.0178729
-0.0220857
0.0211163
0.0152773
0.00709787
-0.000528698
-0.00572971
-0.009245
-0.0123849
-0.0153498
0.0167345
0.0120316
0.006621
0.00161869
-0.00215714
-0.00493037
-0.00732626
-0.00945641
0.0140816
0.0103812
0.00692255
0.00379317
0.00118178
-0.000941259
-0.00276594
-0.00426442
0.0127638
0.00992115
0.00779949
0.00594724
0.00422672
0.00266805
0.00130105
0.000218304
0.0124011
0.0102577
0.00902681
0.00801199
0.00692897
0.00581545
0.00479282
0.00398592
0.0126907
0.0111013
0.0104463
0.00996047
0.00931752
0.00855337
0.00781576
0.00723432
0.01337
0.0122162
0.0119244
0.0117646
0.0114161
0.0109079
0.0103765
0.00993868
0.0141993
0.0133684
0.0132909
0.0133407
0.013212
0.0128981
0.0125121
0.0121636
0.0150712
0.0144782
0.0145204
0.0146818
0.0146903
0.0145133
0.0142364
0.0139549
0.0159248
0.0155004
0.015596
0.0157938
0.0158662
0.0157743
0.0155758
0.0153453
0.0167072
0.0164023
0.0165087
0.0166972
0.0167863
0.0167388
0.0165915
0.0163994
0.0173888
0.0171679
0.0172604
0.0174146
0.0174914
0.0174585
0.017339
0.0171726
0.0179548
0.017792
0.0178586
0.0179679
0.0180172
0.0179809
0.0178738
0.0177242
0.0184102
0.0182839
0.0183197
0.0183827
0.0183994
0.0183507
0.0182465
0.018107
0.0187698
0.0186614
0.018663
0.0186812
0.0186651
0.0186006
0.0184943
0.0183612
0.0190551
0.0189477
0.0189091
0.0188813
0.0188318
0.0187504
0.0186411
0.0185136
0.0192677
0.0191504
0.019069
0.0189953
0.0189127
0.0188152
0.0187039
0.0185836
0.0194631
0.0193213
0.0191826
0.0190527
0.0189318
0.018817
0.018705
0.0185935
-0.622718
-0.634593
-0.6523
-0.675497
-0.704736
-0.737068
-0.766528
-0.787109
-0.617179
-0.628871
-0.645364
-0.665444
-0.6886
-0.714207
-0.738312
-0.753941
-0.610906
-0.621868
-0.636116
-0.652548
-0.669912
-0.685108
-0.694361
-0.693121
-0.605752
-0.614036
-0.62348
-0.632126
-0.638692
-0.640865
-0.636188
-0.622237
-0.602982
-0.604649
-0.604943
-0.602778
-0.598027
-0.589764
-0.576184
-0.555063
-0.600524
-0.591436
-0.580394
-0.567984
-0.554706
-0.539681
-0.520848
-0.495806
-0.594112
-0.572582
-0.551086
-0.531073
-0.512311
-0.493255
-0.471449
-0.444471
-0.579833
-0.547141
-0.518328
-0.493747
-0.471931
-0.450743
-0.427459
-0.399751
-0.555334
-0.515492
-0.483221
-0.456675
-0.433683
-0.411686
-0.388022
-0.360453
-0.521042
-0.479112
-0.446601
-0.420192
-0.397369
-0.375616
-0.352375
-0.325623
-0.479476
-0.439579
-0.409297
-0.38442
-0.362874
-0.342113
-0.319911
-0.294493
-0.433249
-0.398596
-0.371803
-0.349662
-0.330061
-0.310873
-0.2902
-0.266502
-0.385631
-0.356877
-0.334813
-0.316039
-0.298868
-0.281724
-0.262921
-0.241284
-0.335336
-0.315184
-0.298642
-0.283808
-0.269483
-0.254459
-0.237797
-0.218355
-0.285211
-0.276146
-0.263428
-0.253611
-0.241259
-0.228537
-0.213926
-0.197189
-0.505172
-0.544223
-0.575783
-0.597106
-0.608669
-0.613204
-0.614536
-0.616565
-0.508125
-0.546411
-0.576132
-0.59502
-0.604249
-0.607311
-0.608278
-0.610661
-0.514193
-0.554443
-0.584242
-0.601175
-0.607032
-0.606356
-0.604279
-0.604913
-0.525629
-0.569713
-0.600444
-0.615357
-0.616868
-0.61084
-0.604018
-0.601612
-0.541983
-0.591429
-0.623766
-0.636681
-0.633494
-0.62161
-0.609511
-0.603167
-0.561891
-0.618193
-0.652675
-0.663663
-0.655822
-0.63821
-0.621081
-0.608905
-0.58315
-0.647909
-0.684819
-0.693917
-0.681559
-0.658775
-0.635467
-0.614392
-0.602339
-0.67748
-0.716536
-0.723393
-0.707119
-0.678536
-0.646476
-0.613381
-0.617119
-0.699565
-0.741401
-0.746969
-0.726292
-0.690039
-0.646802
-0.600518
-0.622094
-0.710346
-0.753319
-0.756453
-0.730423
-0.685174
-0.63032
-0.573056
-0.61404
-0.704319
-0.745181
-0.74397
-0.711947
-0.657873
-0.594715
-0.532232
-0.591753
-0.678007
-0.712494
-0.704266
-0.666565
-0.607927
-0.542334
-0.481235
-0.555615
-0.627036
-0.651311
-0.635825
-0.595888
-0.53882
-0.478943
-0.425921
-0.510679
-0.564508
-0.573522
-0.549913
-0.511471
-0.463763
-0.414234
-0.369907
-0.460539
-0.484368
-0.479628
-0.452802
-0.418647
-0.384227
-0.348026
-0.313952
-0.405334
-0.387681
-0.349612
-0.312248
-0.293031
-0.278259
-0.266101
-0.26065
-0.391556
-0.315628
-0.233265
-0.180287
-0.169519
-0.17778
-0.181949
-0.198892
-0.404998
-0.280789
-0.167228
-0.0970762
-0.0733336
-0.0882846
-0.100142
-0.125919
-0.359966
-0.244007
-0.119576
-0.0363095
-0.00336627
-0.0109426
-0.0255839
-0.0548741
-0.251544
-0.177741
-0.103167
-0.0533627
-0.00298033
0.0266014
0.0374319
0.00898569
-0.1902
-0.166993
-0.142697
-0.121061
-0.0827777
-0.0144346
0.0565354
0.0673104
-0.169329
-0.170905
-0.166498
-0.152321
-0.126597
-0.0848738
-0.0249975
0.0295524
-0.183512
-0.201615
-0.205253
-0.186979
-0.157046
-0.120827
-0.0874294
-0.0425639
-0.213197
-0.251532
-0.272057
-0.265929
-0.243481
-0.208697
-0.181398
-0.132739
-0.22046
-0.262885
-0.290078
-0.290541
-0.277236
-0.24586
-0.226737
-0.17852
-0.175723
-0.196492
-0.213229
-0.222996
-0.222851
-0.206317
-0.194266
-0.161475
-0.158711
-0.162436
-0.163317
-0.163029
-0.159852
-0.152196
-0.147444
-0.132292
-0.145267
-0.145848
-0.143657
-0.139374
-0.133551
-0.126093
-0.120697
-0.114727
-0.124249
-0.1277
-0.129963
-0.1281
-0.12215
-0.112419
-0.100647
-0.0889609
-0.105772
-0.111529
-0.118413
-0.123848
-0.12708
-0.127003
-0.122168
-0.111099
-0.125751
-0.129877
-0.134647
-0.139076
-0.141912
-0.140992
-0.136351
-0.127599
-0.147898
-0.151411
-0.154822
-0.158555
-0.162594
-0.169856
-0.160279
-0.163035
-0.15313
-0.154039
-0.15313
-0.1522
-0.150308
-0.150608
-0.147272
-0.148238
-0.114994
-0.109014
-0.102273
-0.0962011
-0.0906684
-0.0875924
-0.0835775
-0.083245
-0.105164
-0.094668
-0.0836554
-0.0731114
-0.0633025
-0.0547079
-0.0479506
-0.0420485
-0.11767
-0.102764
-0.0889005
-0.0767953
-0.0666293
-0.0583173
-0.0524321
-0.0474851
-0.147736
-0.130842
-0.113479
-0.0965784
-0.080951
-0.0665046
-0.0534328
-0.0414007
-0.122143
-0.12305
-0.120813
-0.115568
-0.107884
-0.0976769
-0.0842831
-0.0698764
-0.134998
-0.143117
-0.148159
-0.149225
-0.145819
-0.138264
-0.126511
-0.109955
-0.166606
-0.183887
-0.198885
-0.210011
-0.216726
-0.218306
-0.215078
-0.207422
-0.193507
-0.203496
-0.206586
-0.204025
-0.197359
-0.1887
-0.176422
-0.163882
-0.140961
-0.118422
-0.0956293
-0.0755336
-0.0592944
-0.0479297
-0.0404434
-0.039001
-0.15146
-0.124325
-0.0959692
-0.0684027
-0.0426673
-0.020543
-0.00150626
0.0133075
-0.104816
-0.104798
-0.101852
-0.0965402
-0.089457
-0.0810518
-0.0713708
-0.0608377
-0.0815799
-0.0857491
-0.0878546
-0.0876322
-0.0849842
-0.080569
-0.0744594
-0.0676908
-0.0355099
-0.0339455
-0.0323041
-0.0307633
-0.0293149
-0.0281143
-0.0269353
-0.0261456
-0.0179793
-0.0163269
-0.0147754
-0.0134492
-0.0123626
-0.0114872
-0.0107403
-0.0100042
-0.014371
-0.0142618
-0.0140562
-0.0137617
-0.0133835
-0.0129347
-0.0124421
-0.0118809
-0.00998427
-0.0110129
-0.0111354
-0.0111773
-0.0111146
-0.0109833
-0.0107357
-0.0105092
-0.00643982
-0.00643617
-0.00641865
-0.00639122
-0.00635263
-0.00631001
-0.00624954
-0.00620974
-0.00388264
-0.00382517
-0.00377114
-0.0037243
-0.00368594
-0.00365908
-0.00363564
-0.00363018
-0.00222774
-0.00221856
-0.00220689
-0.00219774
-0.00218279
-0.00216951
-0.00215148
-0.00213894
-0.000740722
-0.000742844
-0.000743419
-0.00074218
-0.000739591
-0.000736159
-0.000730751
-0.000725966
-0.230714
-0.176247
-0.138534
-0.108599
-0.0849718
-0.0667889
-0.0515966
-0.0396029
-0.0301494
-0.0223078
-0.0159834
-0.0108458
-0.00662771
-0.00322749
-0.000439561
0.00182023
0.00363566
0.00508153
0.00621595
0.00708524
0.00771792
0.00813853
0.00835319
-0.184991
-0.142779
-0.11891
-0.0964655
-0.0779693
-0.0629569
-0.0499393
-0.0394605
-0.0305836
-0.0230514
-0.0168356
-0.0116447
-0.00735325
-0.0038297
-0.000925296
0.00143291
0.00333791
0.00485371
0.00604078
0.00694754
0.00760532
0.00804133
0.00826352
-0.112735
-0.0840696
-0.0767621
-0.065826
-0.0577099
-0.049915
-0.0421829
-0.034822
-0.0278743
-0.0215952
-0.0160803
-0.0112998
-0.00724347
-0.00383094
-0.000995035
0.00133398
0.00323135
0.00474722
0.00593836
0.00684949
0.00751131
0.00795032
0.00817421
-0.042621
-0.0269036
-0.0315447
-0.0309948
-0.033221
-0.0329383
-0.0309423
-0.0273804
-0.0230526
-0.0184687
-0.0140641
-0.0100354
-0.00643145
-0.00332559
-0.000702192
0.00149121
0.00329675
0.00475215
0.00590414
0.00678985
0.00743621
0.00786658
0.00808677
0.0238118
0.0293599
0.0128428
0.00101929
-0.0109603
-0.0168327
-0.0196156
-0.0194058
-0.0175625
-0.0146498
-0.0114525
-0.00827398
-0.0052167
-0.00252949
-0.000193935
0.00180066
0.00346518
0.0048245
0.00591129
0.00675388
0.00737344
0.00778848
0.0080019
0.10665
0.0805746
0.0527657
0.0278324
0.00838794
-0.00309166
-0.00962085
-0.0121683
-0.01224
-0.0107883
-0.0087135
-0.00634337
-0.00383718
-0.00161229
0.000413179
0.00218243
0.0036855
0.00493268
0.00594223
0.00673319
0.00731997
0.00771608
0.007921
0.0981531
0.0825217
0.0623784
0.0388825
0.0189402
0.00565995
-0.00234568
-0.00632708
-0.00757072
-0.00719899
-0.00600797
-0.00431257
-0.00242448
-0.000618629
0.00108512
0.0026153
0.00394654
0.00507128
0.00599513
0.00672781
0.00727683
0.00765045
0.00784491
-0.00127347
0.018251
0.0266094
0.0217974
0.0138026
0.006468
0.000975106
-0.00232885
-0.00382077
-0.00401439
-0.00342716
-0.00232174
-0.000967262
0.000442715
0.00182209
0.00310616
0.0042553
0.00524674
0.00607568
0.00674202
0.00724672
0.00759312
0.00777451
-0.0979304
-0.0506102
-0.0177582
-0.00496386
0.00100835
0.00169274
0.00112205
-0.000321683
-0.00106533
-0.00127573
-0.001022
-0.000377348
0.000512133
0.00154101
0.00260489
0.00364311
0.00460342
0.00545357
0.00617985
0.00677316
0.00722829
0.00754357
0.0077097
-0.140837
-0.0795492
-0.044392
-0.0220794
-0.00973655
-0.00314566
6.61424e-05
0.000723554
0.00107829
0.00105578
0.00112792
0.00145196
0.00195663
0.00263314
0.00339857
0.00419616
0.0049671
0.00567467
0.00629606
0.00681403
0.00721763
0.00750037
0.00765046
-0.125403
-0.0776428
-0.0485027
-0.025334
-0.0124923
-0.00363763
0.000746316
0.0025238
0.0034674
0.00336998
0.00328255
0.00325572
0.00338351
0.00371391
0.0041896
0.00475164
0.00533871
0.00590472
0.00642061
0.00686251
0.00721368
0.00746308
0.00759666
-0.10543
-0.0723256
-0.048292
-0.025167
-0.0124171
-0.00129634
0.00297988
0.005688
0.00627848
0.00589905
0.00552973
0.00510584
0.00486671
0.00484733
0.00502159
0.00533951
0.00573799
0.00615854
0.00656433
0.00692549
0.00722023
0.00743333
0.00754875
-0.0941629
-0.067423
-0.046909
-0.0216104
-0.0102113
0.00353919
0.00650041
0.0101195
0.00962106
0.00891624
0.00795803
0.00701955
0.00638124
0.0060212
0.00590461
0.0059802
0.00618293
0.00644928
0.00673654
0.00700904
0.00724038
0.00741218
0.00750664
-0.0747469
-0.0514367
-0.0316946
-0.00905117
0.00259124
0.0128008
0.0142842
0.0157304
0.0135497
0.0121125
0.0103741
0.00897453
0.00790929
0.00719233
0.00679192
0.00663736
0.00664858
0.00676106
0.00692647
0.00710623
0.0072704
0.00739799
0.00746983
-0.0956437
-0.0696977
-0.0342737
-0.00248741
0.0206034
0.02671
0.0265387
0.0233261
0.01864
0.0152914
0.0124712
0.0106659
0.00924223
0.0082552
0.0076217
0.00726565
0.0071009
0.00706977
0.00711858
0.00720764
0.00730487
0.00738807
0.00743692
-0.114874
-0.103073
-0.0585797
-0.0168839
0.0221882
0.0260067
0.0290047
0.0256713
0.021153
0.0174232
0.0141139
0.0121724
0.0103571
0.00916928
0.00836411
0.00784951
0.0075349
0.00737316
0.0073113
0.00731212
0.0073431
0.00738158
0.00740707
-0.142623
-0.138267
-0.0752364
-0.0312074
0.0086251
0.0197893
0.022652
0.021548
0.0190598
0.0166853
0.0144416
0.0126954
0.0111291
0.00993862
0.00903868
0.00839764
0.00795913
0.00767707
0.00750946
0.00742265
0.00738577
0.00737769
0.00737848
-0.136926
-0.119227
-0.078571
-0.0366842
-0.00414355
0.00986186
0.0153154
0.0163432
0.0158893
0.0149045
0.0137278
0.0125831
0.0114646
0.0104571
0.00958951
0.00889246
0.00835708
0.00796909
0.00770235
0.00753097
0.00742777
0.00737337
0.00734937
-0.0797677
-0.0660101
-0.0459678
-0.02964
-0.015336
-0.00298649
0.00616485
0.0107434
0.0127995
0.0133425
0.0130936
0.012444
0.011634
0.0107839
0.00998713
0.00927641
0.00868259
0.00821613
0.00786747
0.00762212
0.00745918
0.00736236
0.00731562
-0.0378874
-0.0306793
-0.026957
-0.0260172
-0.0196296
-0.00715851
0.00183069
0.00860192
0.0115838
0.0127453
0.0128861
0.0125655
0.0118865
0.011128
0.0103417
0.00960132
0.00895699
0.00842346
0.00800463
0.00769465
0.00747784
0.00734176
0.00727373
-0.0435795
-0.031537
-0.0248037
-0.0136762
-0.0112215
-0.000159317
0.00478745
0.0106897
0.0120175
0.013427
0.0130496
0.0129643
0.0121633
0.0114744
0.0106696
0.00989899
0.00920182
0.008603
0.00811871
0.00774838
0.00748125
0.00730823
0.00721994
-0.0340977
-0.0228484
-0.0134716
-0.000882756
0.00388072
0.0102659
0.0121096
0.0143968
0.0141039
0.0146062
0.0137706
0.0134175
0.0124838
0.011746
0.0108902
0.0100985
0.00936176
0.00871819
0.00818513
0.00776691
0.00745857
0.00725468
0.00714934
-0.0580834
-0.0369412
-0.015296
0.00570919
0.0193275
0.0222074
0.0225225
0.0206114
0.0183275
0.0167254
0.0151863
0.0141519
0.0129754
0.0120454
0.0110894
0.0102321
0.00944632
0.00876621
0.00819519
0.00774179
0.00740236
0.00717424
0.00705524
-0.0971823
-0.0772529
-0.0481463
-0.0211165
0.00224957
0.00900765
0.0161995
0.0166131
0.0171977
0.0163675
0.0154704
0.0143617
0.0132395
0.0121983
0.0111961
0.0102818
0.00946125
0.0087497
0.00815069
0.00767143
0.0073087
0.00706262
0.00693325
-0.18731
-0.156469
-0.113159
-0.0677191
-0.0266284
-0.00340701
0.0069114
0.0105953
0.0134256
0.0144408
0.014517
0.0139083
0.0130238
0.0120588
0.0110925
0.0101757
0.00935773
0.00863783
0.00803227
0.007542
0.00716818
0.00691196
0.00677646
-0.144722
-0.120169
-0.0785013
-0.0320848
0.00593251
0.0226157
0.0222851
0.0197636
0.0178997
0.0164736
0.0152985
0.0141848
0.0130195
0.0119433
0.0109048
0.00997198
0.00914543
0.00843089
0.00783177
0.00734537
0.00697307
0.00671589
0.00657911
-0.0370715
-0.0165776
0.00580931
0.0235768
0.0349004
0.0364364
0.0313072
0.026196
0.0217429
0.0192878
0.0165219
0.0147105
0.013011
0.0117743
0.0106049
0.00965568
0.00882037
0.00812549
0.00754448
0.00707651
0.00671706
0.00646783
0.00633468
0.0166079
0.02103
0.0253087
0.0328235
0.0358599
0.0358915
0.0321093
0.0284632
0.0239126
0.020433
0.0171322
0.0147734
0.0127417
0.011306
0.0100773
0.00914141
0.00834257
0.00769476
0.00715731
0.00672668
0.00639482
0.00616315
0.0060387
-0.0490644
-0.0327244
-0.0156973
0.00124213
0.0153131
0.0230091
0.0248522
0.0214612
0.0190435
0.0168938
0.0149319
0.0131346
0.0115099
0.010237
0.00918023
0.00836258
0.007679
0.00712173
0.0066606
0.00628839
0.00599934
0.00579597
0.00568589
-0.0578834
-0.0482651
-0.0342874
-0.0202787
-0.0065328
0.00259674
0.00684997
0.00770837
0.00861196
0.00911947
0.00931793
0.00918917
0.00878628
0.00830495
0.00775095
0.00725376
0.00679578
0.00639609
0.00605078
0.00576199
0.00553149
0.00536552
0.0052744
-0.0242899
-0.0206332
-0.0164929
-0.0129077
-0.00930628
-0.00632085
-0.00393933
-0.00171162
0.000664064
0.00261451
0.00404481
0.00505169
0.00561791
0.0059343
0.00596404
0.00589468
0.00572455
0.00553311
0.00533388
0.00514875
0.00499035
0.0048707
0.00480313
-0.0101208
-0.00941004
-0.00936124
-0.0091286
-0.00845222
-0.00710656
-0.00542758
-0.00359956
-0.0018667
-0.000354302
0.000995492
0.00216338
0.00306566
0.00376443
0.00419234
0.00446583
0.00456699
0.00458628
0.00454007
0.00446653
0.00438538
0.00431602
0.00427409
-0.0112049
-0.0102848
-0.00934164
-0.00826284
-0.00706056
-0.00584242
-0.00469623
-0.00371224
-0.00265344
-0.00163243
-0.000622061
0.00035299
0.00123807
0.00203152
0.00264191
0.00311547
0.00341749
0.00361021
0.00370185
0.00373451
0.00372943
0.00370989
0.00369344
-0.00993064
-0.00911479
-0.00821603
-0.00727399
-0.00633011
-0.00551851
-0.00476616
-0.00402473
-0.00315428
-0.00228452
-0.00143801
-0.000631055
0.000111823
0.00082303
0.00144308
0.00197767
0.00237902
0.00267582
0.00286509
0.00298003
0.00303807
0.00306215
0.00306872
-0.00606533
-0.00581693
-0.00554316
-0.00524462
-0.00489749
-0.00450917
-0.00403225
-0.00346522
-0.00279301
-0.00213505
-0.0014927
-0.000884287
-0.000328475
0.000207368
0.000692076
0.00114704
0.00153235
0.0018481
0.00207743
0.00223674
0.00233405
0.00238772
0.0024104
-0.00359742
-0.00352315
-0.00345014
-0.00335001
-0.00320224
-0.00299374
-0.00270203
-0.00235858
-0.00195953
-0.00156458
-0.0011529
-0.000751511
-0.000377444
-1.66643e-05
0.000303625
0.000617157
0.000902011
0.00115882
0.00136851
0.0015284
0.00163613
0.00170124
0.00173129
-0.00211127
-0.00205258
-0.00199292
-0.00191281
-0.0018121
-0.00168823
-0.00153366
-0.00136473
-0.00116042
-0.000955413
-0.000724961
-0.000494015
-0.000275402
-6.00299e-05
0.00012111
0.000299885
0.000460015
0.000616154
0.000755874
0.000872515
0.000957655
0.00101253
0.00103913
-0.000712641
-0.000691136
-0.000667162
-0.000636968
-0.000601456
-0.000561316
-0.000511714
-0.000459385
-0.000388983
-0.000323471
-0.00024384
-0.000165001
-9.16935e-05
-1.27438e-05
4.73352e-05
0.000109368
0.000155748
0.000203355
0.000245378
0.000283512
0.00031349
0.000334289
0.000344745
-0.170504
-0.140579
-0.113368
-0.0919909
-0.0733712
-0.0583715
-0.0457281
-0.035476
-0.0270275
-0.0200048
-0.0142302
-0.00945939
-0.00552029
-0.00226136
0.000419576
0.00259303
0.0043489
0.00574637
0.00684563
0.00768924
0.00830057
0.00869996
0.00889913
-0.181633
-0.146563
-0.116457
-0.0933529
-0.0740057
-0.0582973
-0.0453269
-0.0349561
-0.0264757
-0.0194841
-0.0138065
-0.00913549
-0.00529496
-0.00212391
0.000480623
0.00259622
0.0043137
0.00568621
0.00677049
0.00760613
0.00821534
0.00861746
0.00882081
-0.192678
-0.152317
-0.118689
-0.0943348
-0.0742757
-0.0580145
-0.0448902
-0.0344935
-0.0259612
-0.0189903
-0.0133998
-0.00880749
-0.00505788
-0.00196729
0.000563679
0.00262204
0.00429953
0.00564395
0.00671025
0.00753499
0.00813933
0.00854131
0.00874675
-0.201325
-0.156474
-0.121635
-0.0968842
-0.0756568
-0.058512
-0.0450834
-0.0345092
-0.0257531
-0.0187344
-0.0131585
-0.00858566
-0.00488968
-0.00184626
0.00062972
0.00264499
0.00428998
0.00560948
0.00665887
0.00747258
0.00807103
0.00847113
0.00867693
-0.210502
-0.159871
-0.124333
-0.0984703
-0.0760488
-0.0586326
-0.0452862
-0.0346071
-0.0256686
-0.0186721
-0.0130798
-0.00850193
-0.00482163
-0.00179119
0.000652074
0.00264564
0.00427002
0.00557211
0.00660895
0.00741399
0.00800741
0.00840539
0.00861075
-0.213149
-0.161756
-0.12807
-0.100739
-0.0771315
-0.059518
-0.0460362
-0.0349865
-0.0258517
-0.0188672
-0.0131877
-0.00858291
-0.00486967
-0.00182874
0.000609244
0.00260677
0.00422559
0.00552205
0.00655398
0.00735516
0.00794603
0.00834282
0.00854771
-0.218909
-0.163629
-0.129573
-0.10094
-0.0776045
-0.0603627
-0.0467884
-0.0354172
-0.0263456
-0.0193423
-0.0135427
-0.00888638
-0.00509022
-0.00201395
0.000463492
0.00249561
0.00413262
0.00544312
0.00648358
0.00728978
0.00788333
0.00828162
0.00848689
-0.219793
-0.169957
-0.134394
-0.104313
-0.0808732
-0.0632719
-0.048855
-0.0369906
-0.0278458
-0.0204948
-0.0144646
-0.00963083
-0.0056642
-0.00247253
0.000124321
0.00224401
0.00394608
0.00530613
0.00637999
0.00720798
0.00781444
0.00821979
0.00842765
0.00549836
-0.0221705
-0.0485611
-0.0757777
-0.103557
-0.130062
-0.154683
-0.177162
0.00731274
-0.0232297
-0.0531095
-0.0839065
-0.11506
-0.144757
-0.172075
-0.196293
0.00808072
-0.0271396
-0.0616945
-0.0961702
-0.130013
-0.161921
-0.191051
-0.217137
0.0071917
-0.0330762
-0.0722885
-0.110275
-0.146655
-0.180719
-0.21186
-0.240234
0.0041523
-0.0408249
-0.0844423
-0.126068
-0.16537
-0.202019
-0.235576
-0.266201
-0.0010596
-0.0507213
-0.0988352
-0.144498
-0.187254
-0.226847
-0.262889
-0.295597
-0.00857166
-0.0634027
-0.116457
-0.166627
-0.213275
-0.256009
-0.294495
-0.329067
-0.0190008
-0.0797983
-0.138402
-0.193541
-0.244395
-0.29045
-0.331331
-0.367506
-0.033462
-0.101169
-0.166024
-0.226626
-0.281912
-0.33124
-0.374625
-0.41206
-0.0535435
-0.129209
-0.201133
-0.267777
-0.327908
-0.380726
-0.426136
-0.464163
-0.0814452
-0.166243
-0.246247
-0.319621
-0.384868
-0.441258
-0.488137
-0.525681
-0.120268
-0.215405
-0.304545
-0.385661
-0.456457
-0.515822
-0.562725
-0.597825
-0.174994
-0.281866
-0.380386
-0.468927
-0.544554
-0.604844
-0.649286
-0.678487
-0.249101
-0.369517
-0.480282
-0.573794
-0.64805
-0.703099
-0.738622
-0.755189
-0.318866
-0.445985
-0.555545
-0.645504
-0.714231
-0.761141
-0.78726
-0.7951
0.184557
0.176415
0.164051
0.147473
0.126837
0.102377
0.0749173
0.0426499
0.199065
0.189544
0.17507
0.155844
0.132321
0.104427
0.0740588
0.0407756
0.215413
0.204741
0.188531
0.167113
0.141287
0.110915
0.078152
0.0439882
0.233976
0.222364
0.204658
0.181186
0.153051
0.120238
0.0843213
0.0470701
0.254758
0.242194
0.2229
0.197131
0.166151
0.130245
0.0903014
0.0485075
0.27763
0.263935
0.242731
0.214227
0.179702
0.139889
0.0952725
0.04819
0.302502
0.287452
0.263929
0.232188
0.193438
0.148905
0.0990689
0.0462057
0.329333
0.312709
0.286429
0.250904
0.207261
0.157176
0.101423
0.0421477
0.358041
0.339613
0.310094
0.270137
0.220862
0.164283
0.101641
0.0350492
0.388361
0.36785
0.334519
0.289326
0.2335
0.169309
0.098544
0.0234648
0.419693
0.396734
0.358891
0.307446
0.243893
0.170735
0.0903566
0.00536362
0.450838
0.424959
0.381738
0.322787
0.250036
0.166266
0.0744878
-0.0221628
0.479765
0.450338
0.400614
0.332531
0.248699
0.152244
0.0468941
-0.0636114
0.502402
0.468822
0.411584
0.332694
0.235646
0.124173
0.00303373
-0.123215
0.520892
0.483216
0.418899
0.330508
0.221155
0.0951618
-0.0411387
-0.181661
0.0265268
0.026467
0.0264173
0.0263767
0.0263455
0.026315
0.0262942
0.0262705
0.0309322
0.0308329
0.0307083
0.0305602
0.0303925
0.0302085
0.03001
0.0298046
0.0272745
0.0272137
0.0271711
0.0271461
0.0271314
0.0271272
0.027128
0.0271322
0.0311865
0.031064
0.0309126
0.0307365
0.0305399
0.0303276
0.0301082
0.0298908
0.0287494
0.0286724
0.0286208
0.0285911
0.0285804
0.0285815
0.0285913
0.0286054
0.0330551
0.0329002
0.032714
0.0325009
0.0322642
0.032014
0.0317545
0.0315183
0.0312842
0.0311747
0.0310863
0.0310485
0.0310078
0.0310012
0.0309804
0.0310122
0.0356734
0.0354564
0.0352037
0.0349274
0.0346319
0.0343519
0.0340432
0.0338199
0.0350154
0.0348473
0.0347122
0.0346022
0.0345109
0.0344378
0.0343619
0.0343164
0.0395182
0.0392445
0.0389398
0.0386114
0.0382521
0.037919
0.0375328
0.0373046
0.0402747
0.0399716
0.0397023
0.0394616
0.0392306
0.0390639
0.0388303
0.0387832
0.0450734
0.0446963
0.0442794
0.0438838
0.0434052
0.043077
0.0425298
0.0424066
0.0475657
0.0471178
0.0466634
0.0462707
0.0457651
0.0455046
0.044948
0.0448092
0.0531584
0.0525917
0.0518654
0.0513785
0.0504409
0.0502151
0.0491448
0.0490734
0.0578376
0.0571472
0.0563751
0.0556952
0.0548305
0.0541926
0.0531257
0.0526239
0.0650703
0.0642168
0.0632169
0.0623333
0.0610411
0.0601222
0.0583103
0.0575399
0.0723924
0.0711752
0.0697513
0.068315
0.066498
0.0649252
0.062711
0.0611514
0.0823343
0.0808511
0.0791387
0.0773634
0.0748864
0.0727135
0.0692783
0.0668851
0.0931939
0.0910857
0.0884881
0.0855294
0.0818745
0.078101
0.0735317
0.0689261
0.107034
0.104466
0.101194
0.0973172
0.0924034
0.0870902
0.0803988
0.0735102
0.122761
0.11911
0.114289
0.108233
0.100864
0.0921698
0.0826258
0.0708553
0.142163
0.13759
0.131278
0.123076
0.112837
0.100845
0.0863639
0.0708159
0.164393
0.158137
0.148948
0.136682
0.121154
0.102847
0.0817299
0.0569513
0.0262445
0.0262197
0.0262121
0.0262222
0.0262537
0.0263005
0.0263149
0.0262741
0.0261519
0.0259306
0.0255985
0.0251535
0.0246051
0.0239775
0.0232975
0.0225981
0.0219034
0.0212298
0.0205917
0.0200079
0.0195048
0.0191164
0.0188816
0.0295332
0.0291632
0.0287143
0.0281765
0.0275416
0.0268822
0.0262434
0.0256432
0.0251029
0.0246333
0.0242319
0.0238829
0.0235548
0.0232026
0.0227354
0.0221845
0.0215778
0.0209508
0.020337
0.0197674
0.0192743
0.0188954
0.018666
0.0271461
0.0271671
0.0272044
0.0272598
0.0272856
0.0271995
0.0269995
0.0266901
0.0262604
0.0257129
0.0250689
0.0243641
0.0236628
0.0230124
0.0223999
0.0218006
0.0211809
0.0205501
0.0199357
0.0193704
0.0188857
0.0185188
0.0183049
0.0295821
0.0291637
0.0286644
0.0281012
0.0275819
0.0271067
0.0266653
0.026242
0.0258232
0.02539
0.024913
0.024336
0.0236357
0.0228647
0.0221225
0.0214085
0.0207164
0.0200491
0.019422
0.0188589
0.0183848
0.0180325
0.0178403
0.0286112
0.0285877
0.0285805
0.0285291
0.0283602
0.0280954
0.0277161
0.0272147
0.0265993
0.0258919
0.0251358
0.0243589
0.023555
0.022711
0.0218483
0.021002
0.0202052
0.0194762
0.0188245
0.0182633
0.0178043
0.0174715
0.0173052
0.0311248
0.0305677
0.0299248
0.0293127
0.0287385
0.0281694
0.027602
0.0270217
0.0264193
0.0257469
0.0249932
0.0241663
0.0232865
0.02236
0.0214129
0.0204877
0.0196229
0.0188466
0.0181744
0.0176174
0.0171768
0.0168669
0.0167258
0.0309412
0.0308022
0.0306263
0.0303301
0.0299086
0.0293506
0.0286493
0.0278199
0.0268959
0.0259168
0.0249074
0.0238818
0.0228499
0.0218197
0.0208071
0.0198386
0.018945
0.0181544
0.0174835
0.0169436
0.0165289
0.0162458
0.0161258
0.0333672
0.0326136
0.0318398
0.0310919
0.0303215
0.0295378
0.0287116
0.0278206
0.0268385
0.0257566
0.0245971
0.0234008
0.0222131
0.0210744
0.0200044
0.0190188
0.0181362
0.017372
0.0167374
0.0162414
0.0158713
0.0156262
0.0155236
0.0341532
0.0337557
0.0332514
0.032585
0.0317353
0.0307121
0.0295397
0.0282645
0.0269271
0.0255505
0.024155
0.0227699
0.0214368
0.0201974
0.0190795
0.0180928
0.0172439
0.0165319
0.0159587
0.0155267
0.0152178
0.0150196
0.0149332
0.0366718
0.035629
0.0345791
0.0334758
0.0323226
0.0310829
0.0297372
0.0282775
0.0267234
0.0251155
0.0235031
0.0219465
0.0204984
0.0191972
0.018065
0.0171053
0.0163151
0.0156777
0.0151838
0.0148257
0.014586
0.0144355
0.0143643
0.0383378
0.0374123
0.0363813
0.0351568
0.0336928
0.0320277
0.030214
0.0283074
0.0263592
0.0244275
0.0225706
0.020849
0.0193132
0.0179934
0.0168957
0.0160117
0.0153238
0.0147985
0.0144118
0.0141423
0.0139797
0.0138763
0.0138223
0.0414429
0.0397928
0.0380932
0.0362462
0.0342791
0.0321734
0.0299459
0.02765
0.0253655
0.0231799
0.0211653
0.0193767
0.0178469
0.0165875
0.0155889
0.0148315
0.0142853
0.0139049
0.0136498
0.0134823
0.0134005
0.013344
0.0133103
0.0437455
0.0419691
0.039987
0.0377319
0.0351976
0.0325031
0.0297378
0.0269867
0.0243406
0.021892
0.0197182
0.0178709
0.0163646
0.0151851
0.0143032
0.0136827
0.0132817
0.0130485
0.0129254
0.0128603
0.0128536
0.0128435
0.0128319
0.0472245
0.0445348
0.0416597
0.0386298
0.0354658
0.0321887
0.0288779
0.0256732
0.0227023
0.0200694
0.017839
0.0160387
0.0146517
0.0136371
0.0129414
0.0125067
0.0122801
0.0122092
0.012223
0.0122645
0.0123321
0.0123727
0.0123872
0.0505289
0.0472107
0.0434931
0.0394369
0.035218
0.0310422
0.0270691
0.0234389
0.0202633
0.0176033
0.0154764
0.0138622
0.0127098
0.0119523
0.0115114
0.0113107
0.0112879
0.0113916
0.0115455
0.0116949
0.011836
0.0119313
0.0119745
0.0539493
0.0490696
0.0441103
0.0390937
0.0340621
0.0291754
0.0246855
0.0207594
0.0174897
0.014901
0.0129657
0.0116143
0.0107575
0.0102966
0.0101317
0.0101748
0.0103572
0.0106285
0.0109128
0.0111627
0.0113718
0.0115212
0.011593
0.0571136
0.0510631
0.0446853
0.0382274
0.0320541
0.0264202
0.0215304
0.0174713
0.0142689
0.0118968
0.0102709
0.00927354
0.00877574
0.00865056
0.00878355
0.00908013
0.00946867
0.00990136
0.0103121
0.0106605
0.0109368
0.0111411
0.0112415
0.0600822
0.0514834
0.0432739
0.0354773
0.0283533
0.0222157
0.0172094
0.013315
0.010458
0.00852716
0.00737643
0.00684462
0.00677327
0.00702047
0.00746895
0.00802446
0.00861704
0.00920417
0.00973795
0.010184
0.0105288
0.0107887
0.0109185
0.0609815
0.0506691
0.0406017
0.0314104
0.0234954
0.01708
0.0121286
0.0085439
0.00618512
0.00484467
0.0042951
0.00432297
0.00474069
0.00539801
0.00618214
0.00700433
0.00780159
0.00853923
0.00919143
0.00973286
0.0101475
0.0104622
0.0106222
0.0611359
0.0466122
0.0346828
0.0246552
0.0165909
0.0104686
0.0060584
0.00315981
0.00155865
0.000978917
0.00113999
0.00179429
0.0027391
0.00382578
0.00495225
0.00604052
0.00703907
0.00792217
0.00868504
0.00931504
0.00979712
0.0101617
0.010352
0.0556661
0.0397044
0.026677
0.0161637
0.00834323
0.00283621
-0.000734141
-0.00265784
-0.00328351
-0.00296814
-0.00202298
-0.000705655
0.000782941
0.0023032
0.00377081
0.00512233
0.00632024
0.00734803
0.00821806
0.00893181
0.00947831
0.00988749
0.0101076
0.046217
0.0273498
0.0145315
0.00475822
-0.00200366
-0.00635074
-0.00863076
-0.00922287
-0.00860271
-0.00719864
-0.00534806
-0.00329805
-0.00122684
0.000747677
0.00256986
0.00419495
0.00560195
0.00678605
0.00777141
0.00857256
0.00918535
0.00963836
0.00988869
0.0251924
0.0109724
-0.000808665
-0.00910144
-0.0143142
-0.0170741
-0.0176796
-0.016656
-0.0145844
-0.0119379
-0.00906581
-0.006195
-0.00347201
-0.000988858
0.00123137
0.00316691
0.0048166
0.00618718
0.00731189
0.00821681
0.00890642
0.00941034
0.00969404
0.00204978
-0.00720573
-0.0161324
-0.0226924
-0.0265175
-0.02766
-0.0265814
-0.0239606
-0.0204607
-0.0165925
-0.0127084
-0.00901941
-0.0056408
-0.00264203
-2.16251e-05
0.00222863
0.00412282
0.00568019
0.00694203
0.00794468
0.00870198
0.00924496
0.00955027
-0.023599
-0.0305913
-0.034821
-0.0376667
-0.038319
-0.0366254
-0.0332429
-0.0288654
-0.0240621
-0.0192348
-0.0146449
-0.0104367
-0.00667391
-0.0033918
-0.000564196
0.00184019
0.00384716
0.0054861
0.00680298
0.00783879
0.00861328
0.00915475
0.00945355
-0.0495094
-0.056629
-0.0558346
-0.0531069
-0.0486308
-0.0430613
-0.0369748
-0.0308306
-0.0249419
-0.0194891
-0.0145662
-0.0102034
-0.00638979
-0.00311209
-0.00031505
0.00204542
0.00400409
0.00559785
0.00687336
0.00786957
0.00860695
0.0091072
0.00937407
-0.0728348
-0.076791
-0.0709988
-0.064528
-0.0562438
-0.0477446
-0.0395708
-0.0320283
-0.0252593
-0.0192921
-0.0141047
-0.00964091
-0.0058231
-0.00258797
0.000137914
0.00241116
0.00428061
0.00579332
0.00699852
0.00793361
0.00861821
0.00906942
0.00930052
-0.0958289
-0.0928419
-0.0813293
-0.0719685
-0.0613427
-0.0512485
-0.0418387
-0.033377
-0.0259492
-0.0195329
-0.0140597
-0.00943537
-0.0055454
-0.00228553
0.000427337
0.00265793
0.0044714
0.00592633
0.00707765
0.00796443
0.00860673
0.00902097
0.00922559
-0.117915
-0.107699
-0.0912094
-0.0787381
-0.0656963
-0.0542068
-0.0438047
-0.0346705
-0.0267793
-0.0200306
-0.0143247
-0.00954444
-0.00556026
-0.00224504
0.000495635
0.00272645
0.00452402
0.00595463
0.00707923
0.00794028
0.00855954
0.00895501
0.00914657
-0.138581
-0.121229
-0.100291
-0.0845054
-0.0690946
-0.0563528
-0.045099
-0.035479
-0.0273008
-0.0203673
-0.0145445
-0.00968657
-0.00565379
-0.0023088
0.000450245
0.00268591
0.00448146
0.00590482
0.00701998
0.00787165
0.00848323
0.00887456
0.00906415
-0.156023
-0.132191
-0.107997
-0.0893074
-0.0719171
-0.0579454
-0.0458068
-0.0357639
-0.0273813
-0.0203554
-0.014515
-0.00966696
-0.00565385
-0.00233003
0.000408296
0.00262558
0.00440933
0.00582413
0.0069333
0.00778146
0.00839253
0.00878718
0.00898088
)
;

boundaryField
{
    outlet
    {
        type            fixedValue;
        value           uniform 0;
    }
    upperWall
    {
        type            symmetryPlane;
    }
    lowerWall
    {
        type            symmetryPlane;
    }
    inlet
    {
        type            zeroGradient;
    }
    cylinder
    {
        type            zeroGradient;
    }
    frontAndBack
    {
        type            empty;
    }
}


// ************************************************************************* //
