/*--------------------------------*- C++ -*----------------------------------*\
| =========                 |                                                 |
| \\      /  F ield         | OpenFOAM: The Open Source CFD Toolbox           |
|  \\    /   O peration     | Version:  2312                                  |
|   \\  /    A nd           | Website:  www.openfoam.com                      |
|    \\/     M anipulation  |                                                 |
\*---------------------------------------------------------------------------*/
FoamFile
{
    version     2.0;
    format      ascii;
    arch        "LSB;label=32;scalar=64";
    class       volScalarField;
    location    "182.85";
    object      p;
}
// * * * * * * * * * * * * * * * * * * * * * * * * * * * * * * * * * * * * * //

dimensions      [0 2 -2 0 0 0 0];

internalField   nonuniform List<scalar> 
5478
(
-0.61849
-0.61388
-0.610654
-0.609469
-0.609709
-0.607559
-0.597898
-0.576987
-0.543766
-0.500215
-0.45032
-0.397571
-0.34548
-0.293504
-0.243418
-0.627013
-0.621501
-0.616127
-0.610811
-0.60382
-0.591519
-0.571132
-0.541774
-0.504588
-0.462205
-0.41725
-0.371899
-0.327423
-0.284273
-0.244444
-0.640202
-0.633387
-0.625183
-0.614332
-0.59801
-0.574882
-0.545243
-0.510363
-0.47202
-0.431906
-0.39138
-0.351458
-0.312751
-0.275718
-0.240465
-0.658621
-0.649129
-0.6369
-0.618153
-0.591157
-0.558113
-0.521669
-0.483628
-0.445109
-0.406876
-0.369486
-0.333351
-0.298822
-0.266142
-0.235707
-0.682313
-0.667685
-0.649784
-0.620765
-0.582826
-0.541604
-0.500345
-0.460265
-0.421726
-0.384846
-0.349685
-0.316335
-0.284772
-0.255214
-0.227263
-0.709411
-0.688197
-0.661061
-0.619911
-0.571933
-0.524269
-0.479481
-0.43794
-0.399378
-0.36348
-0.330029
-0.298816
-0.269734
-0.242659
-0.217003
-0.734523
-0.707626
-0.667081
-0.612954
-0.556462
-0.503876
-0.456515
-0.413982
-0.375542
-0.340582
-0.308607
-0.279276
-0.252312
-0.227509
-0.204132
-0.751626
-0.719785
-0.663616
-0.597417
-0.534111
-0.477894
-0.428892
-0.38596
-0.348
-0.314154
-0.283769
-0.256362
-0.23163
-0.209204
-0.188521
-0.453874
-0.45802
-0.461825
-0.467485
-0.475194
-0.484293
-0.493517
-0.501303
-0.506088
-0.506909
-0.503944
-0.498546
-0.492943
-0.489555
-0.487282
-0.486683
-0.491986
-0.498658
-0.508447
-0.520784
-0.535713
-0.550262
-0.561515
-0.566083
-0.561094
-0.545331
-0.51955
-0.486024
-0.449635
-0.410843
-0.521187
-0.526636
-0.535409
-0.548869
-0.566586
-0.585515
-0.604347
-0.618437
-0.622495
-0.611893
-0.583941
-0.539317
-0.478395
-0.413676
-0.339009
-0.552828
-0.557321
-0.566692
-0.581544
-0.601001
-0.622916
-0.643613
-0.658201
-0.660048
-0.643489
-0.603656
-0.545413
-0.465406
-0.382813
-0.289066
-0.57808
-0.580736
-0.589192
-0.603267
-0.62191
-0.642911
-0.66224
-0.674054
-0.671071
-0.647176
-0.599356
-0.532104
-0.446366
-0.359709
-0.269499
-0.595618
-0.595997
-0.602067
-0.613369
-0.62895
-0.646198
-0.661387
-0.667808
-0.658304
-0.627547
-0.575074
-0.505299
-0.424739
-0.342964
-0.26449
-0.606298
-0.604464
-0.607197
-0.614244
-0.624664
-0.637061
-0.646059
-0.644829
-0.627319
-0.59037
-0.535993
-0.469644
-0.398739
-0.329098
-0.261851
-0.612689
-0.609164
-0.608509
-0.610958
-0.616754
-0.6228
-0.623454
-0.61265
-0.586624
-0.545063
-0.491576
-0.43134
-0.369761
-0.310799
-0.254208
-0.50322
-0.514832
-0.408988
-0.291966
-0.22442
-0.202293
-0.222235
-0.254744
-0.243439
-0.178271
-0.149135
-0.135121
-0.111022
-0.104429
-0.123372
-0.146377
-0.13951
-0.120379
-0.108272
-0.127181
-0.138708
-0.135334
-0.12563
-0.138209
-0.142804
-0.181758
-0.193655
-0.162354
-0.0881455
-0.0714045
-0.0401989
-0.0264076
-0.0137706
-0.00927582
-0.00663748
-0.00422213
-0.00230462
-0.00073652
-0.389215
-0.368771
-0.286587
-0.232486
-0.213835
-0.215104
-0.24876
-0.29171
-0.274794
-0.194739
-0.151222
-0.136675
-0.112215
-0.105035
-0.123662
-0.145243
-0.138806
-0.116046
-0.0967972
-0.11592
-0.126405
-0.132751
-0.134894
-0.149588
-0.153684
-0.171194
-0.161265
-0.151048
-0.0954892
-0.0743416
-0.0373434
-0.0252969
-0.0143752
-0.00951724
-0.00654201
-0.00417998
-0.00231278
-0.000741411
-0.274537
-0.22545
-0.168654
-0.175441
-0.190091
-0.212338
-0.258732
-0.30925
-0.288751
-0.206261
-0.150141
-0.135481
-0.114903
-0.107747
-0.126052
-0.144026
-0.137404
-0.110707
-0.0843669
-0.10454
-0.11397
-0.127787
-0.140357
-0.158453
-0.161791
-0.157867
-0.127564
-0.135106
-0.0998452
-0.0759441
-0.0341318
-0.0239603
-0.0148849
-0.00972882
-0.00643317
-0.00412984
-0.00231765
-0.00074533
-0.186957
-0.12544
-0.0513189
-0.0899804
-0.13479
-0.183997
-0.25354
-0.307761
-0.285192
-0.210604
-0.147925
-0.131505
-0.116377
-0.112275
-0.130909
-0.143738
-0.136468
-0.105123
-0.0724624
-0.0935287
-0.101814
-0.120544
-0.141915
-0.16418
-0.166718
-0.143869
-0.0962596
-0.116644
-0.101052
-0.0763232
-0.0308628
-0.0224788
-0.0152608
-0.00990138
-0.00631873
-0.00407514
-0.00231872
-0.000747915
-0.153623
-0.0552373
0.0367715
0.0351448
-0.0422742
-0.128602
-0.23288
-0.290994
-0.269766
-0.204854
-0.142717
-0.125139
-0.114364
-0.116733
-0.137573
-0.144375
-0.134901
-0.0992593
-0.0621536
-0.0834228
-0.0905975
-0.111528
-0.140041
-0.166489
-0.169486
-0.130755
-0.0693816
-0.0974435
-0.0997003
-0.0752536
-0.0277249
-0.020894
-0.0154638
-0.010019
-0.0062036
-0.00401679
-0.00231501
-0.000748854
-0.164073
-0.0581747
0.055924
0.125146
0.0503557
-0.0653104
-0.194642
-0.258754
-0.240093
-0.18855
-0.135216
-0.117954
-0.107479
-0.118526
-0.141793
-0.14649
-0.135065
-0.0959911
-0.0544711
-0.0740358
-0.0798852
-0.10025
-0.135196
-0.165441
-0.170266
-0.121086
-0.0488556
-0.0783205
-0.0963815
-0.0730132
-0.0249818
-0.0192909
-0.0154876
-0.0100856
-0.00609672
-0.00395903
-0.00230724
-0.000748178
-0.177231
-0.0863379
0.0157745
0.138293
0.124925
0.00615992
-0.146819
-0.233548
-0.217906
-0.175255
-0.130533
-0.112883
-0.0973818
-0.114399
-0.143439
-0.147002
-0.1327
-0.0915779
-0.0493479
-0.0664254
-0.0705568
-0.0859948
-0.127251
-0.161194
-0.168184
-0.112051
-0.0342382
-0.0589172
-0.0916649
-0.0691435
-0.0227631
-0.0177309
-0.0153489
-0.0100772
-0.00599289
-0.00389818
-0.00229242
-0.000745387
-0.195607
-0.124037
-0.0471662
0.0408549
0.110671
0.0600134
-0.0641531
-0.137872
-0.163069
-0.143171
-0.117343
-0.106446
-0.087159
-0.101473
-0.140978
-0.147314
-0.135373
-0.091881
-0.0461236
-0.0576168
-0.062203
-0.0707221
-0.116284
-0.153634
-0.166841
-0.106311
-0.0243594
-0.040907
-0.0853216
-0.064713
-0.0210162
-0.0161415
-0.0150016
-0.0100533
-0.00591867
-0.00384765
-0.00227794
-0.000742185
-0.176312
-0.126717
-0.0512623
0.0333238
0.10177
0.0781718
-0.0252544
-0.097553
-0.120564
-0.108052
-0.0942003
-0.0872339
-0.075149
-0.0891237
-0.127355
-0.132257
-0.123974
-0.088264
-0.0461226
-0.0546043
-0.0563309
-0.0589923
-0.104511
-0.140397
-0.1529
-0.0992259
-0.0186265
-0.0291964
-0.0755323
-0.0576658
-0.0196124
-0.0147365
-0.0143415
-0.00976988
-0.00578106
-0.00376197
-0.00223476
-0.000730169
-0.144344
-0.103879
-0.0457941
0.0129694
0.0532134
0.0486909
-0.00608541
-0.0552542
-0.0748627
-0.0709158
-0.0668218
-0.0645266
-0.05389
-0.0680892
-0.1148
-0.129736
-0.105902
-0.0745763
-0.0407193
-0.0474384
-0.0403564
-0.0398229
-0.0841722
-0.123108
-0.131421
-0.0800551
-0.000277673
-0.0161718
-0.0618934
-0.0504881
-0.016183
-0.0129394
-0.013257
-0.00927956
-0.00554191
-0.0036225
-0.00216449
-0.000709443
-0.117446
-0.0933358
-0.0528764
-0.0119099
0.0190883
0.0247805
-0.00129703
-0.0300845
-0.0476772
-0.0491052
-0.0467907
-0.0471703
-0.0346502
-0.0351444
-0.0685014
-0.0874881
-0.0719369
-0.0520342
-0.0363382
-0.0448303
-0.0322657
-0.0217484
-0.0543669
-0.0941468
-0.0981391
-0.0464429
0.01465
-0.00110709
-0.0453686
-0.0401694
-0.0127505
-0.0114608
-0.0118997
-0.00861435
-0.00529914
-0.00348547
-0.00208172
-0.00068502
-0.0947855
-0.0811222
-0.0537366
-0.0250226
-0.00270617
0.00599182
-0.00387133
-0.0192871
-0.0293651
-0.029268
-0.0258337
-0.0230323
-0.0123871
-0.00678454
-0.0206768
-0.0373749
-0.0367067
-0.0311444
-0.03245
-0.034629
-0.0184089
-0.000667926
-0.0229144
-0.062221
-0.0637022
-0.0110982
0.0271898
0.0171708
-0.0263228
-0.0283681
-0.0104036
-0.0101627
-0.0102333
-0.00782162
-0.00506841
-0.00333408
-0.00197994
-0.000655282
-0.0763246
-0.069353
-0.0520237
-0.0324441
-0.0163954
-0.00690161
-0.00776266
-0.0131645
-0.0183067
-0.0189114
-0.0155029
-0.0125007
0.000459798
0.0167353
0.022637
0.00430624
-0.00995382
-0.0143061
-0.0225597
-0.0210815
-0.00955334
0.0120838
0.00785355
-0.0265225
-0.0333539
0.0168181
0.0340268
0.0315407
-0.00508659
-0.0143446
-0.00840879
-0.00870576
-0.00829198
-0.00690166
-0.00481823
-0.00315757
-0.00185859
-0.00062058
-0.06113
-0.0575539
-0.0469044
-0.0339791
-0.0225091
-0.0139029
-0.0109973
-0.0111934
-0.0117879
-0.00999606
-0.00475284
0.00120301
0.0111566
0.0246373
0.0356886
0.0230758
0.0049921
-0.00216621
-0.00988558
-0.00592174
0.00175612
0.018044
0.0186569
-0.0136609
-0.0174824
0.0270859
0.0351372
0.0400997
0.0118316
-0.0011934
-0.00635199
-0.00669119
-0.00628801
-0.00596199
-0.00451273
-0.00293669
-0.00171812
-0.0005807
-0.047724
-0.0467212
-0.0407085
-0.0320146
-0.023413
-0.0163557
-0.0121093
-0.00941773
-0.00760971
-0.00517878
-0.00087461
0.00394851
0.0126476
0.0247785
0.0338904
0.0269424
0.0129559
0.0063585
0.000896227
0.00339408
0.00668092
0.0191506
0.0237446
-0.00147083
-0.00588187
0.024333
0.0318767
0.0407727
0.0211495
0.00679774
-0.00423
-0.00460724
-0.00466652
-0.00510083
-0.00408681
-0.00265245
-0.0015614
-0.000534034
-0.0369589
-0.0372729
-0.0338467
-0.0281395
-0.0219975
-0.0162966
-0.0118819
-0.00838542
-0.00565616
-0.00259075
0.00184127
0.00722356
0.0140051
0.0215255
0.0269465
0.024408
0.0155301
0.0105302
0.00691326
0.00962405
0.011633
0.0174611
0.0179038
0.00640399
0.00246912
0.0202386
0.0284321
0.0356021
0.0209699
0.00872
-0.00177308
-0.00270477
-0.00353586
-0.00426449
-0.00349848
-0.00230853
-0.00138803
-0.000477485
-0.0281891
-0.028998
-0.0271575
-0.0234505
-0.0190543
-0.0145992
-0.0106755
-0.00715708
-0.00406747
-0.000864569
0.00289928
0.00693447
0.0118999
0.0169528
0.0209669
0.0204622
0.0154887
0.0123908
0.00987762
0.0109501
0.0122721
0.015425
0.017296
0.0111332
0.00809393
0.0174647
0.0238185
0.0292878
0.0202802
0.00972506
0.000971765
-0.00108028
-0.00245478
-0.00331727
-0.00279727
-0.0019169
-0.00118264
-0.000404176
-0.0208779
-0.0218999
-0.0209749
-0.0185361
-0.0154062
-0.0120618
-0.00885325
-0.00578252
-0.00292967
-0.000119024
0.00300516
0.00634886
0.0102378
0.013664
0.0163579
0.0168673
0.014481
0.0127476
0.0118303
0.0123606
0.0133674
0.0145498
0.0153301
0.0126705
0.0112743
0.0158989
0.0204757
0.0236964
0.0184554
0.0101498
0.00312748
0.000268941
-0.0014284
-0.00235438
-0.00210702
-0.0015204
-0.000967444
-0.000332135
-0.0149189
-0.0158939
-0.015441
-0.0138563
-0.0116895
-0.00925749
-0.00675871
-0.00426953
-0.00185601
0.000503379
0.00307142
0.00569466
0.00853121
0.0109655
0.0128595
0.0138954
0.0131199
0.0123494
0.0118207
0.0120584
0.0125992
0.0133577
0.0141417
0.0131861
0.0125741
0.0148271
0.0173399
0.019263
0.0164962
0.0103326
0.00465574
0.0015448
-0.000390685
-0.00141741
-0.00142763
-0.00109533
-0.000720079
-0.000244635
-0.00997105
-0.010841
-0.0106882
-0.00968838
-0.00818285
-0.00643185
-0.00455958
-0.00265244
-0.00073824
0.00112867
0.00310479
0.00512442
0.00723181
0.00915811
0.0106894
0.0116738
0.0117715
0.0115874
0.0115894
0.0119392
0.0123683
0.0127659
0.0132247
0.0129288
0.0127797
0.0139276
0.0153343
0.0160103
0.0143404
0.0101109
0.00568666
0.0026665
0.000600627
-0.000559955
-0.000804421
-0.000689473
-0.000480328
-0.000165126
-0.00593058
-0.00668923
-0.00668186
-0.0060425
-0.00502294
-0.00379882
-0.0024484
-0.00104087
0.000398318
0.00181761
0.00329801
0.00483689
0.00640663
0.00787978
0.00906057
0.00999722
0.0105305
0.010761
0.010949
0.0112782
0.0116082
0.0119314
0.0123238
0.0123359
0.0123075
0.0128286
0.0133466
0.0135066
0.0123727
0.00957793
0.0062342
0.00353612
0.00149938
0.000220883
-0.000235935
-0.000307696
-0.000247606
-8.43422e-05
-0.00264811
-0.00325428
-0.00331148
-0.00292087
-0.00225471
-0.0014317
-0.000491138
0.000522844
0.00156592
0.0026036
0.00367397
0.00481442
0.00598136
0.00709384
0.0080513
0.0088807
0.00952519
0.00994526
0.0102597
0.0106491
0.0109928
0.011243
0.0115213
0.011614
0.0116265
0.0118502
0.0120028
0.0117789
0.010835
0.00893598
0.00648857
0.00419822
0.00229992
0.000956488
0.000303407
5.35161e-05
-2.5396e-05
-2.41777e-06
5.38605e-05
-0.00043008
-0.000531025
-0.000312065
0.000107411
0.000644796
0.00127538
0.00197462
0.00270498
0.00343754
0.00419264
0.00500951
0.00586394
0.00669372
0.00745
0.00813917
0.00874736
0.00923113
0.00960024
0.00997272
0.0102917
0.0105069
0.0107231
0.0108243
0.0108181
0.0108334
0.010739
0.0103811
0.00959238
0.00822126
0.00642766
0.00458147
0.00290786
0.0015995
0.000794782
0.000372274
0.000158042
6.07753e-05
0.00223688
0.00185749
0.00174298
0.00184984
0.00209429
0.00242312
0.00282355
0.00328572
0.00377849
0.00427644
0.00479131
0.00535666
0.00596887
0.00657664
0.00715173
0.00768938
0.00820263
0.0086489
0.00900098
0.0093337
0.00962397
0.00981932
0.00997412
0.0100444
0.0100108
0.00993821
0.00975117
0.00934571
0.00865676
0.00760612
0.00626546
0.00480113
0.0033684
0.00214583
0.0012569
0.000685049
0.000334944
0.000122611
0.00399234
0.00370208
0.00358557
0.00361521
0.00373667
0.00391858
0.00415553
0.00444182
0.00475429
0.00507245
0.00540697
0.00578294
0.00620171
0.00662596
0.00703673
0.007441
0.00784001
0.00820364
0.00850175
0.00877704
0.00901599
0.00917315
0.00927941
0.00932024
0.00926187
0.00912734
0.00888635
0.00848458
0.00788979
0.00705575
0.00600948
0.00484269
0.00364481
0.00254414
0.00164784
0.000973698
0.000493207
0.000166902
0.00538919
0.00516651
0.00505313
0.00503278
0.00507147
0.00515166
0.00527191
0.00542978
0.00560905
0.00579473
0.00599511
0.00622832
0.00649693
0.00677607
0.00705278
0.00733328
0.00761801
0.00788537
0.00811083
0.00831549
0.00849039
0.00860439
0.00866695
0.0086701
0.00858958
0.00843221
0.0081814
0.00780104
0.007278
0.00659224
0.00575267
0.00480796
0.00380803
0.00283187
0.00196386
0.00123652
0.000653725
0.000214084
0.00648248
0.00631045
0.0062027
0.0061505
0.00613386
0.00614484
0.00618402
0.00625099
0.00633438
0.00642398
0.0065257
0.00665225
0.00680628
0.00697125
0.00713923
0.00731456
0.0074977
0.00767207
0.00782082
0.00795375
0.00806377
0.00812839
0.00814749
0.00811755
0.00801955
0.00784847
0.0075968
0.00724441
0.00678193
0.00620113
0.00550377
0.00471534
0.00386641
0.00300469
0.00218596
0.00144744
0.000799298
0.000256833
0.00731655
0.00717977
0.00707724
0.00700524
0.00695326
0.00691885
0.0069033
0.00690707
0.00692297
0.00694473
0.00697638
0.00702578
0.00709481
0.00717316
0.00725653
0.00734746
0.00744588
0.00754014
0.00761888
0.00768673
0.00773625
0.00775254
0.00773245
0.00767068
0.00755394
0.00737542
0.00712919
0.00680184
0.00638639
0.00588064
0.00528253
0.00460675
0.00387108
0.00310318
0.00233727
0.00160542
0.000920753
0.000297263
0.00792516
0.00781158
0.00771342
0.00762968
0.00755621
0.00749316
0.00744205
0.00740358
0.00737386
0.00734972
0.00733329
0.00732899
0.00733756
0.0073536
0.00737462
0.00740197
0.00743473
0.00746584
0.00748759
0.00750109
0.00750015
0.00747475
0.00742032
0.00733127
0.00719821
0.00701362
0.00677153
0.00646394
0.00608364
0.00562972
0.00509954
0.00450101
0.00384422
0.00314555
0.00242621
0.00170879
0.00100616
0.000328514
0.00832736
0.00822801
0.00813313
0.00804341
0.00795828
0.00787908
0.00780693
0.00774262
0.00768456
0.00763178
0.00758508
0.0075464
0.0075158
0.00749104
0.00747066
0.00745487
0.00744237
0.00742929
0.00741043
0.00738444
0.00734664
0.00729015
0.0072095
0.00710001
0.00695339
0.00676359
0.00652425
0.00622911
0.00587222
0.00545143
0.00496467
0.0044154
0.00380952
0.00315741
0.00247216
0.00176897
0.00105858
0.000349575
0.00853101
0.00843848
0.00834568
0.0082539
0.00816412
0.008078
0.00799625
0.00791962
0.00784783
0.00778108
0.00771948
0.00766363
0.00761323
0.00756773
0.0075261
0.00748784
0.00745132
0.00741469
0.00737394
0.00732653
0.00726849
0.00719479
0.0070995
0.00697828
0.00682394
0.00663075
0.00639244
0.00610353
0.00575855
0.00535453
0.00488971
0.0043652
0.00378526
0.00315716
0.00248983
0.00179575
0.0010832
0.000359813
-0.162378
-0.172548
-0.181663
-0.188097
-0.19293
-0.190849
-0.188574
-0.180121
-0.133008
-0.138247
-0.142459
-0.144986
-0.145925
-0.145774
-0.144734
-0.147276
-0.10661
-0.109328
-0.110714
-0.112846
-0.114315
-0.117028
-0.116807
-0.119321
-0.0860152
-0.087293
-0.0878662
-0.0899111
-0.0907809
-0.0924571
-0.0915369
-0.0934722
-0.068366
-0.0690866
-0.0692747
-0.0703787
-0.0702832
-0.0706937
-0.0703616
-0.0731309
-0.0542283
-0.0543277
-0.0540475
-0.0542128
-0.0538781
-0.0544406
-0.0552834
-0.0581612
-0.0423689
-0.0421195
-0.0417031
-0.0417219
-0.0418325
-0.042602
-0.0434094
-0.045216
-0.032786
-0.0324203
-0.0320538
-0.032015
-0.0320646
-0.0323949
-0.0328284
-0.0343839
-0.0248863
-0.0244822
-0.024081
-0.0238898
-0.0238276
-0.0240332
-0.0245383
-0.0259535
-0.0183296
-0.0179499
-0.017574
-0.0173639
-0.0173024
-0.0174525
-0.0178813
-0.0190196
-0.0128985
-0.0125826
-0.0122587
-0.0120409
-0.011955
-0.0120644
-0.0124489
-0.0133928
-0.00837513
-0.00813465
-0.00788059
-0.00770555
-0.00765214
-0.00775494
-0.00805836
-0.00877832
-0.00463729
-0.00448201
-0.00431316
-0.00418947
-0.00413757
-0.00418644
-0.00440453
-0.00497243
-0.00152912
-0.00144659
-0.00134329
-0.00125906
-0.00122348
-0.00127453
-0.00146522
-0.00191308
0.00102778
0.00104712
0.00108712
0.0011195
0.00112266
0.00107105
0.000927096
0.000600877
0.00310333
0.00307638
0.00306977
0.0030663
0.00305133
0.00300349
0.0028905
0.00264687
0.00477914
0.00472236
0.00468373
0.00465271
0.00461854
0.00456536
0.00447081
0.00429132
0.00611127
0.00603623
0.00597637
0.00592565
0.00587697
0.00581988
0.00573935
0.00560671
0.00715516
0.00707039
0.00699807
0.00693492
0.00687625
0.00681564
0.0067435
0.00664237
0.00795172
0.00786274
0.0077839
0.00771364
0.00764891
0.00758592
0.00751881
0.00743777
0.00852932
0.00844088
0.00836035
0.00828724
0.00821965
0.00815537
0.0080911
0.0080219
0.00890367
0.00882001
0.00874177
0.00866899
0.00860072
0.00853594
0.00847304
0.00841002
0.00908479
0.00900914
0.0089355
0.00886456
0.00879645
0.00873128
0.00866851
0.0086076
0.0117399
0.0134654
0.0142977
0.0137818
0.0114079
0.00710186
0.000715482
-0.00833862
-0.0211069
-0.0390817
-0.0643381
-0.0998099
-0.15022
-0.218911
-0.283245
-0.0155248
-0.016603
-0.020268
-0.0257144
-0.0327406
-0.041696
-0.0531997
-0.0681261
-0.0876569
-0.113391
-0.147536
-0.19306
-0.254824
-0.336544
-0.407421
-0.0421233
-0.0463673
-0.0544403
-0.0643747
-0.0757231
-0.0891325
-0.105522
-0.125913
-0.151577
-0.184226
-0.226243
-0.280657
-0.351508
-0.444893
-0.51485
-0.0695171
-0.0771827
-0.0887925
-0.102098
-0.116979
-0.134339
-0.155158
-0.180439
-0.211479
-0.250049
-0.298627
-0.36059
-0.438631
-0.536677
-0.603472
-0.0970352
-0.108076
-0.122371
-0.13823
-0.15604
-0.176821
-0.201461
-0.230864
-0.266293
-0.309629
-0.363197
-0.430575
-0.513262
-0.609973
-0.67174
-0.12321
-0.137478
-0.15397
-0.172017
-0.192431
-0.216159
-0.243945
-0.276639
-0.315364
-0.362143
-0.419248
-0.489467
-0.573103
-0.664817
-0.719141
-0.147312
-0.164305
-0.182639
-0.202792
-0.22569
-0.251974
-0.282271
-0.317427
-0.358621
-0.407473
-0.466092
-0.536378
-0.617676
-0.700895
-0.746692
-0.169366
-0.187964
-0.208243
-0.230716
-0.25595
-0.284424
-0.316706
-0.353602
-0.396153
-0.445713
-0.503977
-0.572001
-0.647609
-0.718794
-0.756748
0.182931
0.197502
0.21389
0.232469
0.253264
0.276172
0.301115
0.328052
0.356901
0.387402
0.418965
0.4504
0.479693
0.502774
0.521704
0.175692
0.189014
0.204364
0.222081
0.242
0.263883
0.287614
0.313154
0.340411
0.369086
0.398522
0.427446
0.45372
0.473293
0.48876
0.164234
0.175557
0.189259
0.205548
0.223954
0.24403
0.265583
0.288545
0.312781
0.337911
0.363161
0.387119
0.407421
0.420153
0.429115
0.148547
0.15732
0.16892
0.183246
0.199451
0.216894
0.235331
0.254659
0.274656
0.294795
0.314109
0.330963
0.34265
0.345299
0.345316
0.128788
0.134714
0.14404
0.156114
0.169581
0.183623
0.197997
0.212611
0.227177
0.241008
0.252894
0.260927
0.262007
0.252061
0.240664
0.105188
0.107847
0.114724
0.124336
0.134728
0.144937
0.154716
0.163946
0.17223
0.178707
0.181944
0.17976
0.168653
0.144316
0.119181
0.0785026
0.0782801
0.0828307
0.0894077
0.0958829
0.101515
0.106168
0.109599
0.111157
0.109735
0.103655
0.0904564
0.0662764
0.0267528
-0.0129037
0.0473298
0.0458963
0.0493762
0.052879
0.0549371
0.055441
0.0544701
0.0516407
0.0460533
0.0363564
0.0206363
-0.00386521
-0.0414298
-0.0961309
-0.149525
0.0255003
0.0299119
0.0262344
0.0301371
0.0276967
0.0319642
0.0301791
0.0345458
0.0338777
0.0383124
0.0390154
0.0438231
0.0462346
0.0517855
0.0564191
0.0635796
0.0708861
0.0806971
0.0915855
0.105378
0.121083
0.140456
0.162695
0.0254536
0.0298261
0.0261875
0.0300326
0.0276458
0.0318307
0.0300858
0.034364
0.0337467
0.0380678
0.0388171
0.0435117
0.0458728
0.0512994
0.0558593
0.0628259
0.0698715
0.0794712
0.0897912
0.103178
0.11792
0.136477
0.157185
0.0254173
0.0297149
0.0261588
0.0298997
0.0276152
0.0316643
0.030024
0.0341464
0.0336476
0.0377928
0.0385983
0.0431677
0.0454848
0.0506883
0.0551993
0.0619066
0.0685997
0.0779261
0.0874269
0.100195
0.113493
0.130702
0.148709
0.0253902
0.0295804
0.0261469
0.0297425
0.0275974
0.0314669
0.0299952
0.0339075
0.0335763
0.0374952
0.0384254
0.0428367
0.0451524
0.0502726
0.054633
0.0611465
0.0674013
0.0764193
0.0848305
0.0967485
0.107974
0.123139
0.137159
0.0253716
0.0294264
0.0261467
0.029565
0.0275952
0.0312461
0.0299911
0.0336513
0.0335214
0.0371675
0.0382537
0.0424289
0.0447187
0.0494752
0.0538475
0.0599487
0.0657569
0.0741136
0.0814186
0.0921256
0.100988
0.113475
0.122398
0.0253578
0.0292563
0.0261583
0.0293716
0.0276172
0.0310144
0.0300036
0.0334058
0.0334891
0.036872
0.0381568
0.0421511
0.0445028
0.0493097
0.0533453
0.0592404
0.0644687
0.0722532
0.0781019
0.0872928
0.0929443
0.102073
0.104684
0.025355
0.0290724
0.0261743
0.0291703
0.0276477
0.0307738
0.0300077
0.0331347
0.033446
0.0365263
0.0379723
0.0416676
0.0440076
0.0483668
0.0523635
0.0575699
0.0624182
0.0689759
0.0737661
0.0808608
0.0837314
0.0882959
0.0842131
0.0253483
0.0288815
0.0261924
0.02897
0.027683
0.0305601
0.0300554
0.0329391
0.0334435
0.0363489
0.0379962
0.0415779
0.0439491
0.0484151
0.0519815
0.057046
0.0611666
0.0669249
0.0697051
0.0744706
0.0728282
0.0729477
0.0603557
0.0253378
0.0286277
0.0262238
0.0286838
0.0277145
0.0301912
0.0300122
0.0325573
0.0333286
0.0357759
0.0376037
0.0406808
0.0429898
0.046768
0.0500528
0.0537435
0.0573524
0.0604168
0.062082
0.0624126
0.0579887
0.0490638
0.0296746
0.0253333
0.0282802
0.0262674
0.02829
0.0277211
0.0296783
0.0299131
0.0318003
0.0329749
0.0348392
0.036762
0.0391615
0.0413507
0.0442071
0.0468988
0.0490515
0.0514424
0.0520708
0.0518783
0.0483368
0.0422317
0.0306512
0.0154756
0.0253486
0.0278557
0.0263283
0.0278187
0.0277502
0.02908
0.0297789
0.0310745
0.0325365
0.0338752
0.0358115
0.0375563
0.039518
0.041459
0.0433845
0.0443164
0.0452503
0.0441718
0.0419671
0.0366717
0.0292559
0.0179391
0.00385482
0.0253838
0.0273443
0.0264102
0.0272842
0.0277382
0.0285128
0.0295369
0.0303764
0.0319266
0.0328611
0.0346673
0.0358234
0.0374322
0.0385299
0.0395376
0.0395148
0.0389482
0.0366084
0.0329173
0.0267435
0.0188032
0.00824086
-0.00435167
0.0254429
0.0267389
0.0264663
0.0267933
0.0276071
0.027985
0.0291754
0.0296693
0.0311382
0.0317957
0.03328
0.0339731
0.0350661
0.0354624
0.0355008
0.0346881
0.0329053
0.0296417
0.0251264
0.0187571
0.0110506
0.00153622
-0.00952913
0.0255202
0.0261104
0.0264147
0.0263514
0.0273835
0.0274646
0.0286822
0.0289444
0.0301796
0.0306479
0.0316951
0.031985
0.0325203
0.0322774
0.0314754
0.0299756
0.0273946
0.0235874
0.0188124
0.0126957
0.00556892
-0.00286279
-0.0125529
0.0255673
0.0255051
0.026252
0.0259469
0.027048
0.0269463
0.0280442
0.0281917
0.0290823
0.0293933
0.0299633
0.0298716
0.0298786
0.0290598
0.0276221
0.0256079
0.0225983
0.0186154
0.0139029
0.00828654
0.00192518
-0.00536557
-0.0136645
0.0255618
0.0249402
0.0259822
0.0255653
0.0265932
0.0264166
0.0272777
0.0273728
0.0278843
0.0280174
0.0281393
0.0276811
0.0272266
0.0259459
0.0240797
0.0217468
0.0186039
0.0147191
0.0102822
0.00530221
-0.000181459
-0.00630028
-0.0131928
0.0254771
0.0244366
0.0255941
0.0251927
0.0260262
0.0258644
0.0264147
0.0264586
0.0266235
0.0265371
0.0262718
0.0254894
0.0246559
0.0230536
0.0209534
0.0184967
0.0154229
0.0118201
0.00781964
0.00353296
-0.00105228
-0.00604785
-0.0116389
0.0252957
0.0240052
0.0250897
0.02481
0.0253677
0.0252457
0.0254952
0.025446
0.0253207
0.024993
0.0244144
0.0233818
0.0222614
0.0204788
0.0183135
0.0158929
0.0130258
0.00980852
0.00633485
0.00274166
-0.00100381
-0.00500242
-0.00946629
0.0250056
0.0236443
0.0244898
0.0243843
0.024663
0.0245465
0.0245433
0.0243518
0.023993
0.0234342
0.0226193
0.021428
0.0201213
0.0182847
0.0161793
0.0139108
0.0113367
0.00855014
0.00562236
0.00267794
-0.000328327
-0.00348853
-0.00701371
0.0246043
0.0233384
0.0238327
0.0238584
0.0239374
0.0237723
0.0235724
0.0232148
0.0226694
0.0219236
0.0209435
0.0196775
0.0182923
0.0164986
0.0145322
0.0124887
0.0102514
0.00789684
0.00548269
0.0031107
0.000731199
-0.00174233
-0.00450301
0.0241006
0.0230568
0.0231782
0.0232089
0.0231849
0.0229462
0.0225916
0.0220783
0.0213904
0.0205154
0.0194368
0.0181637
0.0167882
0.0151061
0.0133282
0.0115439
0.00965039
0.00769929
0.00573829
0.00384912
0.00198394
6.19192e-05
-0.00208308
0.0235167
0.022741
0.0225733
0.0224859
0.0223914
0.0220735
0.0216074
0.0209806
0.0201955
0.0192483
0.0181335
0.016899
0.0155947
0.0140729
0.0125092
0.0109847
0.00941335
0.00782155
0.00624582
0.00475005
0.00329246
0.00180159
0.000140723
0.0228819
0.0223249
0.0220083
0.0217873
0.0215766
0.0211776
0.0206349
0.0199413
0.0191109
0.0181439
0.017043
0.0158791
0.014685
0.0133496
0.0120044
0.0107206
0.0094332
0.00815023
0.00689495
0.00571431
0.00457591
0.00342043
0.00213754
0.0222274
0.0218223
0.0214561
0.0211157
0.0207741
0.0202988
0.0197023
0.0189775
0.0181442
0.0172037
0.0161611
0.0150918
0.0140251
0.0128787
0.011742
0.0106717
0.00962238
0.00859324
0.00759658
0.00666443
0.00577263
0.00487509
0.00388731
0.0215765
0.0212625
0.0208827
0.0204632
0.0200154
0.019475
0.0188409
0.0181102
0.0173035
0.016423
0.0154712
0.0145137
0.0135788
0.0126096
0.0116618
0.0107745
0.00991668
0.0090861
0.00828973
0.00754867
0.00684527
0.00614559
0.00538705
0.0209444
0.0206792
0.0202961
0.0198328
0.0193182
0.0187324
0.0180774
0.0173566
0.016591
0.0157854
0.0149393
0.0141021
0.0132985
0.0124907
0.011709
0.0109764
0.01027
0.00958882
0.00893971
0.00833887
0.00777546
0.00722482
0.00664255
0.0203453
0.0201047
0.0197223
0.019239
0.0186918
0.0180856
0.0174284
0.01673
0.0160129
0.0152854
0.014545
0.0138236
0.013138
0.0124626
0.0118133
0.0112019
0.0106144
0.0100508
0.00951582
0.0090219
0.00856325
0.00812426
0.00767526
0.0197976
0.0195697
0.0191915
0.0187047
0.0181478
0.0175412
0.0168983
0.0162331
0.0155678
0.0149132
0.0142668
0.0136447
0.0130547
0.0124811
0.0119326
0.0114154
0.0109219
0.0104517
0.0100076
0.00959695
0.00921763
0.0088612
0.00850975
0.0193276
0.0191083
0.0187374
0.0182571
0.0177053
0.01711
0.0164893
0.0158592
0.0152403
0.0146443
0.0140697
0.0135217
0.0130032
0.0125064
0.0120356
0.0115939
0.011177
0.0107834
0.0104129
0.010068
0.0097485
0.00945209
0.00917079
0.0189667
0.0187519
0.0183898
0.0179216
0.0173829
0.0168051
0.0162094
0.0156131
0.0150325
0.0144777
0.0139496
0.0134501
0.0129804
0.0125367
0.0121195
0.0117295
0.0113645
0.0110228
0.0107033
0.0104068
0.0101329
0.00988104
0.00964868
0.0187713
0.0185619
0.0182024
0.0177364
0.0172012
0.0166292
0.0160435
0.0154611
0.0148972
0.0143633
0.0138635
0.0133976
0.0129628
0.0125548
0.0121714
0.0118124
0.0114781
0.0111679
0.0108819
0.0106203
0.0103834
0.0101711
0.00998305
0.00828609
-0.0162669
-0.0431208
-0.0670863
-0.0897747
-0.111513
-0.131582
-0.148593
-0.00168916
-0.0243827
-0.0501659
-0.0711078
-0.087305
-0.101777
-0.114655
-0.125159
-0.0103956
-0.0283919
-0.0494928
-0.0654366
-0.0762431
-0.0858172
-0.0943769
-0.101749
-0.0167244
-0.031156
-0.0474561
-0.0597634
-0.0675826
-0.0739567
-0.0792205
-0.0836399
-0.0205442
-0.0320407
-0.0434974
-0.0520718
-0.0574519
-0.0614309
-0.0644931
-0.0670765
-0.0222078
-0.0310376
-0.0384791
-0.0440435
-0.0478382
-0.0505161
-0.0523798
-0.0537602
-0.0218546
-0.0284287
-0.0329346
-0.0362423
-0.0387988
-0.0406293
-0.0417496
-0.0423615
-0.0199441
-0.0247762
-0.0273289
-0.0290956
-0.0307148
-0.0319905
-0.0327293
-0.0329886
-0.0170915
-0.0206273
-0.0219494
-0.0227248
-0.0236646
-0.0245374
-0.0250468
-0.0251398
-0.0137989
-0.0163805
-0.0169648
-0.0171389
-0.0176074
-0.018181
-0.0185409
-0.0185709
-0.0104153
-0.0122965
-0.0124589
-0.0122948
-0.0124547
-0.0128118
-0.0130732
-0.0130928
-0.00714825
-0.00851638
-0.00845486
-0.00812605
-0.00809882
-0.00830247
-0.00849105
-0.00851433
-0.00411638
-0.00510469
-0.00493941
-0.00455574
-0.00443214
-0.00453853
-0.00467952
-0.00471703
-0.00140711
-0.00211514
-0.00191461
-0.00153015
-0.00135732
-0.00139826
-0.00150379
-0.00155546
0.000965069
0.000459633
0.000658517
0.00101172
0.00120192
0.00120202
0.00111839
0.00104948
0.00300883
0.00265183
0.00282781
0.00312529
0.00329926
0.0033141
0.00324165
0.00315979
0.00473551
0.0044852
0.00462746
0.00485971
0.00499938
0.00501214
0.00494494
0.00485657
0.00616373
0.00598881
0.00609466
0.00626271
0.00636112
0.00636104
0.0062931
0.00620069
0.00732386
0.00719871
0.00726793
0.00737719
0.00743417
0.00741669
0.00734489
0.0072503
0.00824701
0.00814912
0.00818039
0.00823632
0.00825473
0.00821942
0.00814326
0.00804834
0.00896562
0.00887461
0.00886283
0.00886679
0.00884802
0.00879543
0.00871595
0.00862336
0.00947782
0.00938109
0.00932559
0.00928075
0.00922744
0.00915916
0.00907826
0.00899111
0.00983379
0.00971479
0.00960191
0.00949982
0.00940768
0.00932248
0.0092412
0.00916217
-0.339022
-0.347922
-0.360787
-0.377586
-0.399715
-0.428267
-0.460439
-0.489229
-0.338733
-0.346167
-0.356622
-0.370481
-0.38872
-0.411506
-0.437961
-0.462937
-0.334345
-0.341757
-0.350973
-0.362682
-0.378331
-0.396843
-0.41425
-0.426087
-0.326729
-0.334975
-0.343591
-0.35305
-0.363747
-0.374087
-0.380672
-0.380374
-0.317103
-0.325872
-0.333157
-0.338796
-0.343003
-0.345041
-0.343112
-0.33504
-0.3067
-0.314672
-0.319144
-0.32017
-0.318687
-0.314779
-0.307327
-0.294526
-0.297122
-0.302337
-0.302766
-0.29943
-0.293823
-0.286064
-0.275161
-0.259494
-0.289386
-0.289944
-0.285654
-0.278656
-0.270085
-0.259814
-0.246714
-0.229358
-0.28354
-0.27792
-0.268947
-0.258929
-0.248122
-0.236116
-0.221607
-0.203318
-0.278548
-0.266157
-0.253063
-0.24058
-0.227967
-0.214782
-0.199368
-0.180707
-0.273103
-0.254117
-0.238076
-0.22331
-0.209516
-0.195433
-0.179617
-0.160953
-0.264997
-0.241844
-0.223387
-0.206958
-0.192436
-0.177762
-0.161977
-0.143634
-0.255045
-0.228983
-0.208479
-0.19135
-0.176244
-0.16159
-0.146037
-0.128458
-0.241404
-0.21431
-0.193289
-0.176128
-0.161079
-0.146598
-0.131616
-0.114985
-0.22498
-0.199069
-0.177968
-0.161715
-0.146469
-0.132345
-0.117983
-0.102745
-0.425999
-0.404096
-0.387115
-0.37285
-0.360231
-0.349214
-0.339763
-0.335992
-0.428262
-0.404326
-0.385521
-0.370249
-0.357672
-0.347385
-0.339442
-0.33606
-0.429266
-0.403072
-0.382568
-0.366115
-0.352641
-0.341806
-0.333842
-0.330894
-0.43115
-0.401997
-0.37922
-0.360667
-0.345023
-0.332281
-0.323622
-0.321591
-0.434265
-0.401652
-0.376184
-0.354864
-0.336048
-0.320266
-0.310252
-0.309381
-0.438408
-0.402278
-0.374074
-0.349773
-0.327423
-0.308262
-0.297311
-0.298135
-0.443259
-0.404258
-0.37369
-0.346571
-0.320775
-0.298659
-0.287658
-0.289375
-0.448562
-0.408266
-0.376133
-0.34664
-0.317768
-0.293693
-0.283436
-0.28459
-0.454354
-0.415248
-0.38299
-0.351482
-0.319975
-0.295321
-0.285248
-0.284192
-0.461165
-0.426387
-0.395335
-0.362441
-0.329038
-0.30471
-0.292889
-0.286633
-0.47005
-0.44295
-0.414278
-0.379681
-0.344664
-0.319907
-0.304339
-0.290436
-0.482481
-0.465349
-0.439954
-0.404213
-0.368588
-0.340886
-0.317195
-0.291932
-0.499212
-0.493926
-0.470168
-0.431943
-0.394012
-0.361042
-0.327084
-0.289566
-0.5195
-0.526005
-0.504548
-0.465093
-0.421979
-0.378744
-0.33203
-0.282505
-0.541563
-0.556104
-0.533979
-0.491235
-0.441049
-0.385711
-0.326837
-0.271554
-0.585698
-0.606354
-0.577134
-0.519845
-0.447072
-0.371507
-0.302879
-0.258217
-0.6023
-0.619229
-0.590689
-0.53461
-0.457158
-0.376391
-0.309971
-0.263203
-0.490373
-0.509406
-0.491339
-0.447987
-0.390879
-0.333074
-0.287668
-0.249338
-0.335767
-0.349042
-0.341761
-0.319817
-0.292166
-0.264759
-0.242938
-0.221287
-0.230357
-0.228518
-0.223147
-0.215
-0.205896
-0.19647
-0.189252
-0.182475
-0.187181
-0.175985
-0.167695
-0.160684
-0.154601
-0.150039
-0.146295
-0.14471
-0.187209
-0.156497
-0.138332
-0.13062
-0.125616
-0.121029
-0.117101
-0.118978
-0.206372
-0.158876
-0.123353
-0.10657
-0.104205
-0.102558
-0.0968284
-0.0904256
-0.19695
-0.147621
-0.0987692
-0.0771379
-0.0781285
-0.0888412
-0.097688
-0.0897241
-0.158251
-0.137733
-0.119653
-0.106353
-0.102647
-0.110759
-0.124361
-0.126012
-0.146706
-0.14285
-0.13833
-0.135464
-0.134081
-0.140842
-0.149773
-0.15759
-0.133207
-0.131781
-0.130826
-0.133906
-0.136392
-0.139152
-0.1355
-0.127595
-0.110401
-0.112746
-0.117323
-0.124726
-0.132033
-0.133915
-0.130228
-0.124279
-0.104216
-0.106685
-0.111685
-0.121624
-0.132512
-0.137967
-0.140984
-0.129787
-0.123717
-0.124414
-0.125794
-0.128114
-0.132666
-0.131119
-0.135367
-0.121472
-0.146397
-0.144724
-0.141788
-0.137667
-0.133601
-0.127608
-0.124934
-0.116674
-0.13915
-0.137215
-0.133623
-0.128289
-0.121263
-0.112609
-0.104255
-0.094764
-0.124134
-0.126949
-0.128054
-0.126846
-0.122867
-0.115531
-0.104749
-0.0917138
-0.11856
-0.12717
-0.133459
-0.136847
-0.13686
-0.133905
-0.12762
-0.117583
-0.137964
-0.147782
-0.156032
-0.162321
-0.166035
-0.166653
-0.164238
-0.157621
-0.150269
-0.160754
-0.170053
-0.178243
-0.184324
-0.188405
-0.187877
-0.188887
-0.135309
-0.133187
-0.129254
-0.125232
-0.120618
-0.117597
-0.112264
-0.109898
-0.113029
-0.0983077
-0.0821437
-0.0663137
-0.0521542
-0.0413372
-0.0340285
-0.0289897
-0.125202
-0.111286
-0.0972129
-0.0838709
-0.0715483
-0.0607532
-0.0520384
-0.0444054
-0.129798
-0.115399
-0.10016
-0.0846529
-0.0694095
-0.0550673
-0.0414081
-0.028074
-0.188428
-0.19082
-0.188616
-0.181304
-0.16931
-0.153128
-0.132558
-0.109712
-0.222131
-0.244565
-0.259202
-0.265662
-0.26462
-0.25692
-0.244434
-0.22768
-0.168591
-0.170353
-0.168824
-0.165738
-0.160145
-0.153412
-0.143031
-0.132563
-0.0782948
-0.0666938
-0.0543889
-0.0430059
-0.0329263
-0.025147
-0.0199008
-0.0161557
-0.0670944
-0.0616246
-0.055212
-0.0483111
-0.0412968
-0.0345481
-0.0280154
-0.0216669
-0.0424332
-0.0438798
-0.0444081
-0.0439982
-0.04268
-0.0406416
-0.0380394
-0.0348583
-0.0272188
-0.027685
-0.0278346
-0.0276831
-0.0272033
-0.0264832
-0.0254435
-0.0243709
-0.0131267
-0.0124831
-0.0118956
-0.0113995
-0.0110047
-0.0107331
-0.0105521
-0.0105035
-0.00901677
-0.00874967
-0.0084935
-0.00825671
-0.00804587
-0.00786535
-0.00772182
-0.00761081
-0.00671119
-0.00675807
-0.00677465
-0.00675824
-0.00670698
-0.00662599
-0.00651529
-0.00638645
-0.0042524
-0.00427219
-0.00428005
-0.00427462
-0.00425424
-0.00422386
-0.00417576
-0.00413227
-0.00229302
-0.00227858
-0.00226285
-0.00224695
-0.00223054
-0.00221531
-0.00219777
-0.00218679
-0.000730804
-0.000724544
-0.000719017
-0.000713517
-0.00070857
-0.00070486
-0.000700886
-0.000699171
-0.230161
-0.170063
-0.132506
-0.10231
-0.0743248
-0.0539336
-0.0381479
-0.0249506
-0.0151232
-0.00754161
-0.0015503
0.00301687
0.00651055
0.0092193
0.0112742
0.0128392
0.0140115
0.0148725
0.015497
0.0159352
0.0162238
0.0163976
0.0164767
-0.23765
-0.180997
-0.144387
-0.110451
-0.0816232
-0.0601634
-0.0425225
-0.0286177
-0.0180511
-0.00975205
-0.00330612
0.00163202
0.00543725
0.00837288
0.0106141
0.0123266
0.013611
0.01456
0.0152485
0.0157326
0.0160525
0.0162458
0.0163347
-0.219319
-0.165554
-0.135413
-0.10393
-0.0782055
-0.0581433
-0.0413701
-0.0283242
-0.0180732
-0.00998142
-0.00368765
0.00121194
0.00502703
0.00796932
0.0102523
0.0120051
0.0133311
0.0143186
0.0150384
0.015547
0.0158852
0.0160908
0.0161864
-0.190325
-0.140767
-0.117165
-0.0877125
-0.066882
-0.0496817
-0.0353403
-0.0242164
-0.0153196
-0.00825262
-0.0026823
0.00176596
0.00528368
0.00803347
0.0102048
0.0118904
0.0131849
0.0141587
0.0148744
0.015384
0.0157257
0.0159351
0.0160334
-0.153877
-0.11298
-0.095264
-0.06751
-0.0522135
-0.0380284
-0.0266642
-0.0179575
-0.0108985
-0.00526575
-0.000717797
0.00301037
0.00602669
0.0084619
0.0104091
0.0119528
0.0131581
0.0140751
0.0147565
0.0152455
0.0155759
0.01578
0.0158766
-0.120364
-0.0876163
-0.0723769
-0.0479507
-0.0366118
-0.0250201
-0.0169081
-0.0107934
-0.00578799
-0.00174072
0.00167231
0.00457973
0.00702796
0.00908231
0.010756
0.0121203
0.0132031
0.0140386
0.0146669
0.0151218
0.0154317
0.0156245
0.0157163
-0.0982134
-0.0706835
-0.0535883
-0.0304262
-0.0217336
-0.0118043
-0.00690609
-0.00327948
-0.000406635
0.00198741
0.0041963
0.00623321
0.00809206
0.00973928
0.0111371
0.0123129
0.0132641
0.014012
0.014582
0.0149991
0.0152859
0.0154657
0.015552
-0.0740831
-0.0498147
-0.0297452
-0.0100945
-0.00369649
0.0027541
0.00368668
0.00451096
0.00504789
0.00574004
0.00672609
0.00790942
0.00916775
0.0103895
0.0115101
0.0124952
0.0133164
0.0139783
0.0144911
0.0148714
0.0151358
0.015303
0.0153839
-0.0597639
-0.0332197
0.000392754
0.0165169
0.0203996
0.0201392
0.0158035
0.0128419
0.0106497
0.00951974
0.00924139
0.00958337
0.0102421
0.0110564
0.0118968
0.0126876
0.0133767
0.0139493
0.0144025
0.0147439
0.014984
0.0151372
0.0152118
-0.0906861
-0.0469752
0.0175707
0.0415981
0.0427574
0.0348825
0.0267359
0.02039
0.0158201
0.013034
0.011679
0.011255
0.011345
0.0117675
0.0123242
0.0129171
0.0134666
0.0139415
0.0143277
0.0146238
0.0148344
0.0149697
0.0150359
-0.122621
-0.0540228
0.0325694
0.0574438
0.0552883
0.0443281
0.0335925
0.0254291
0.0195166
0.0158021
0.0137094
0.0127411
0.0123939
0.0124841
0.0127787
0.013178
0.0135817
0.0139514
0.0142633
0.0145079
0.0146844
0.0147989
0.0148551
-0.103041
-0.0561635
0.0136937
0.0497618
0.0519573
0.0438721
0.0341783
0.0264919
0.0209759
0.017385
0.0150964
0.0139562
0.0133007
0.0131304
0.0132062
0.0134314
0.0136968
0.0139626
0.0141988
0.0143902
0.014531
0.0146234
0.014669
-0.108361
-0.0778512
-0.0379886
-0.00332179
0.0179751
0.0255644
0.0255543
0.0228716
0.0199999
0.0175679
0.015856
0.0147568
0.0140509
0.0137167
0.01361
0.0136704
0.0138054
0.0139702
0.0141307
0.0142676
0.014372
0.0144417
0.0144764
-0.124797
-0.110199
-0.0784367
-0.0400132
-0.0098287
0.00722031
0.015465
0.0181373
0.018352
0.0172246
0.0163386
0.0153674
0.0146869
0.0142585
0.0140119
0.0139245
0.0139308
0.0139915
0.0140716
0.0141494
0.0142122
0.0142557
0.0142773
-0.125941
-0.0983165
-0.0715871
-0.0404226
-0.0178198
-0.00145707
0.0084102
0.0140119
0.0162856
0.0168359
0.01669
0.0159516
0.0153242
0.0147919
0.014415
0.0141911
0.0140724
0.0140262
0.0140207
0.0140335
0.0140501
0.0140638
0.0140704
-0.10513
-0.0801003
-0.056163
-0.0283083
-0.0115527
0.00428022
0.0102968
0.015681
0.0166342
0.0173279
0.0170287
0.0164501
0.0158528
0.0152574
0.0147815
0.0144384
0.0142014
0.0140533
0.013964
0.0139116
0.0138807
0.0138635
0.0138543
-0.081908
-0.0579958
-0.0379518
-0.0134414
-0.001508
0.0120765
0.0158407
0.0198917
0.0192273
0.0192165
0.0180512
0.0171977
0.0163388
0.0156272
0.0150633
0.0146237
0.0142897
0.0140529
0.0138866
0.0137732
0.0136975
0.0136507
0.0136264
-0.0771694
-0.0517384
-0.0274791
-0.00222574
0.0126521
0.0204806
0.0225819
0.0233098
0.0214752
0.0204855
0.018884
0.0179336
0.0167963
0.0159816
0.0153084
0.0147747
0.014352
0.0140329
0.0137944
0.0136221
0.0135016
0.0134246
0.0133847
-0.107834
-0.088066
-0.0523577
-0.0171312
0.0164694
0.0240951
0.0264764
0.0246209
0.0224082
0.0205456
0.0187611
0.0182742
0.0168451
0.0161807
0.0154826
0.0148918
0.0143933
0.0139958
0.0136868
0.0134562
0.0132907
0.0131829
0.0131269
-0.143755
-0.129767
-0.0932285
-0.0534111
0.00412308
0.0111187
0.0191018
0.0202111
0.0202398
0.0193971
0.0183994
0.0177345
0.016853
0.0161637
0.015505
0.0149018
0.0143612
0.0139078
0.0135414
0.01326
0.0130548
0.0129195
0.012849
-0.173102
-0.153525
-0.110334
-0.0604778
-0.0171662
0.000168728
0.010367
0.0144797
0.0167538
0.0175505
0.0175457
0.0172805
0.0167131
0.0160945
0.0154543
0.0148285
0.0142562
0.0137596
0.0133484
0.0130267
0.0127883
0.0126294
0.0125465
-0.102109
-0.086924
-0.0564437
-0.0254707
-0.00448454
0.00404875
0.0096988
0.0133305
0.0152971
0.0165099
0.0169562
0.0169849
0.0165849
0.0160285
0.0153831
0.0147224
0.014112
0.0135694
0.013116
0.0127574
0.0124896
0.0123098
0.0122156
-0.0266459
-0.0148902
-0.00352456
0.000492533
-0.00110673
-8.27086e-05
0.00515032
0.0128613
0.0137078
0.0164409
0.0167332
0.0170181
0.0164634
0.0159172
0.0152178
0.0145281
0.013885
0.0133091
0.0128265
0.0124405
0.0121505
0.0119545
0.0118517
-0.0392366
-0.0265433
-0.0176517
-0.00376976
-0.00126813
0.00481131
0.0109745
0.0163403
0.0174573
0.0185635
0.0177489
0.0177234
0.0166646
0.0159103
0.0150257
0.0142667
0.0135674
0.0129665
0.0124647
0.0120638
0.0117618
0.0115568
0.011449
-0.0204938
-0.00596573
0.00292306
0.0123148
0.0170168
0.0216091
0.0234662
0.0236719
0.0226352
0.0215872
0.0198675
0.0185649
0.017034
0.0158965
0.0148021
0.0139314
0.0131705
0.0125467
0.0120325
0.0116264
0.0113203
0.0111122
0.0110025
-0.0918423
-0.0630978
-0.0303879
0.00289945
0.0292371
0.0396647
0.0387766
0.0320267
0.0271016
0.0229363
0.0205532
0.0184706
0.0167666
0.0154356
0.0142983
0.0133879
0.0126308
0.0120124
0.0115107
0.0111154
0.0108177
0.0106148
0.0105076
-0.198374
-0.162626
-0.111399
-0.058938
-0.0098545
0.0184347
0.0288413
0.0263346
0.0242089
0.0215598
0.0193283
0.0174056
0.0158211
0.0145468
0.0134857
0.0126283
0.0119266
0.0113517
0.0108893
0.0105235
0.0102479
0.0100587
0.0099585
-0.116848
-0.096057
-0.0630781
-0.0262594
0.00786349
0.0279026
0.0304608
0.0260983
0.0225
0.0197101
0.0175229
0.0157984
0.01439
0.0133114
0.0123938
0.011667
0.0110603
0.0105658
0.0101653
0.009848
0.00960731
0.00944128
0.00935269
-0.0152729
-0.00782337
-0.00168372
0.00288485
0.00750064
0.0113207
0.01293
0.0141542
0.0145224
0.0149075
0.0140532
0.0133386
0.0124095
0.0116924
0.0110196
0.0104879
0.0100261
0.00964849
0.00933604
0.00908596
0.00889335
0.00875855
0.00868602
-0.0174761
-0.0130461
-0.00883579
-0.00360494
0.00166396
0.00579462
0.00799866
0.0087945
0.00932568
0.0098019
0.0100396
0.0101315
0.00993501
0.00969269
0.0093745
0.0090962
0.00883129
0.00860349
0.00840492
0.00823932
0.00810694
0.00801129
0.00795873
-0.0307308
-0.0252774
-0.0189648
-0.012384
-0.00604006
-0.00302891
-9.87703e-06
0.0013628
0.00284455
0.0041825
0.00531014
0.00620615
0.00680201
0.00721356
0.00739474
0.00748496
0.00747891
0.00744163
0.00738035
0.00731367
0.00725036
0.00719979
0.00717023
-0.0222032
-0.0194418
-0.0162122
-0.0130238
-0.00993988
-0.00754903
-0.00564671
-0.00399761
-0.00212952
-0.000322758
0.00131146
0.00271101
0.00381772
0.00470623
0.00531779
0.00576455
0.00602998
0.00619858
0.00628501
0.00632479
0.00633499
0.00633122
0.00632544
-0.0103937
-0.00995405
-0.00955816
-0.0091948
-0.00856902
-0.00765239
-0.00640749
-0.00492848
-0.00335162
-0.00192937
-0.000595899
0.00064044
0.00175339
0.00274502
0.00353307
0.00416787
0.00461799
0.00494492
0.00515645
0.00529183
0.00537047
0.00541209
0.00542959
-0.00749331
-0.00721377
-0.00700018
-0.00671022
-0.00625565
-0.00557447
-0.00475469
-0.00386553
-0.00290974
-0.00200254
-0.00109726
-0.000211467
0.000630496
0.00145192
0.00218784
0.00283874
0.00335377
0.00375847
0.00404721
0.00424956
0.00437899
0.00445562
0.00449142
-0.00616648
-0.00583777
-0.00546374
-0.00502382
-0.00454353
-0.00406844
-0.00356428
-0.00304172
-0.00242516
-0.00179744
-0.00114938
-0.000508799
9.94445e-05
0.000704105
0.00126864
0.00180966
0.00228254
0.00268331
0.0029919
0.00322164
0.00337791
0.0034749
0.00352186
-0.00402451
-0.00385594
-0.00366661
-0.00345012
-0.0032098
-0.00295234
-0.0026528
-0.00230499
-0.0018799
-0.00143931
-0.000978963
-0.000523589
-9.41757e-05
0.000325715
0.000707357
0.00108404
0.00143284
0.00175182
0.00201976
0.00223121
0.00238272
0.00248078
0.00252947
-0.00215468
-0.00209981
-0.00204068
-0.00196589
-0.00186962
-0.00174718
-0.00158315
-0.00138634
-0.00114551
-0.000900279
-0.000632626
-0.000363072
-0.000106563
0.000147477
0.00036707
0.000583836
0.000781722
0.000974507
0.00114956
0.00129816
0.0014101
0.00148497
0.00152267
-0.000690613
-0.000675577
-0.000659677
-0.000637548
-0.000607852
-0.000569217
-0.00051508
-0.000453353
-0.00037241
-0.000296696
-0.000207048
-0.000117522
-3.30715e-05
5.79105e-05
0.000130635
0.000205302
0.000264248
0.000323934
0.000377834
0.000427088
0.00046637
0.000493908
0.000508011
-0.0877615
-0.0718744
-0.056622
-0.0441927
-0.0332788
-0.0243072
-0.0167143
-0.00998226
-0.00448713
0.000116964
0.00396963
0.0070951
0.00963815
0.011668
0.0132539
0.014472
0.0153826
0.0160499
0.0165291
0.016864
0.0170793
0.0171993
0.0172472
-0.0999766
-0.0807871
-0.0626478
-0.0482144
-0.0360768
-0.026247
-0.0178144
-0.0105168
-0.00479138
-1.8371e-06
0.00393194
0.00706657
0.00959892
0.0116008
0.0131597
0.0143587
0.0152592
0.0159239
0.0164042
0.016743
0.016964
0.0170916
0.0171462
-0.112978
-0.0902665
-0.0687137
-0.0521638
-0.038955
-0.0284147
-0.0189661
-0.0111367
-0.00519094
-0.000140714
0.00389046
0.00705242
0.00959094
0.0115683
0.0130993
0.014274
0.0151587
0.0158151
0.0162926
0.016632
0.0168561
0.0169887
0.017048
-0.125902
-0.100126
-0.0754623
-0.0567407
-0.0427502
-0.031119
-0.0203202
-0.0121677
-0.00590321
-0.000485958
0.00367535
0.00692822
0.00951954
0.0115044
0.0130319
0.0141951
0.0150702
0.0157198
0.0161936
0.0165316
0.0167561
0.0168911
0.0169528
-0.141449
-0.11101
-0.0827101
-0.0621517
-0.0477075
-0.0340803
-0.0220414
-0.013778
-0.00690361
-0.00108945
0.00322868
0.00664552
0.00932841
0.0113583
0.0129153
0.0140899
0.0149717
0.0156231
0.0160979
0.0164362
0.0166611
0.0167973
0.0168603
-0.156265
-0.121367
-0.0895892
-0.0683501
-0.0527988
-0.0365243
-0.024161
-0.0156758
-0.00795589
-0.00191645
0.00258516
0.00620791
0.00899491
0.0111045
0.0127206
0.0139328
0.0148417
0.0155088
0.015994
0.0163383
0.0165668
0.0167054
0.0167696
-0.175569
-0.132042
-0.097711
-0.0769759
-0.057857
-0.0395089
-0.0274385
-0.0177913
-0.00929606
-0.00311048
0.00171705
0.00556929
0.00848216
0.0107135
0.0124178
0.0136982
0.0146583
0.0153603
0.0158704
0.0162307
0.016469
0.0166134
0.0166799
-0.197525
-0.145345
-0.109901
-0.0871812
-0.0635458
-0.0446069
-0.0317652
-0.0204485
-0.0114951
-0.00489256
0.000414062
0.00454432
0.00767577
0.0101026
0.0119489
0.0133456
0.0143926
0.0151587
0.0157149
0.016106
0.0163639
0.0165195
0.0165905
0.0652664
0.0434075
0.0216433
-0.000224036
-0.0226898
-0.0444764
-0.0652567
-0.0853881
0.0688653
0.0449186
0.0208098
-0.00387374
-0.0290406
-0.0533799
-0.0760119
-0.0964969
0.0721898
0.0446528
0.0168956
-0.010893
-0.0381708
-0.0639899
-0.087574
-0.108889
0.074621
0.0428827
0.0113014
-0.0193964
-0.0486096
-0.0758371
-0.100585
-0.12308
0.0753618
0.0395291
0.00432861
-0.0292773
-0.0607101
-0.0896973
-0.115902
-0.139548
0.074234
0.0342826
-0.00458804
-0.0413524
-0.0753936
-0.106499
-0.134145
-0.158771
0.0711072
0.0266391
-0.0162836
-0.0565672
-0.0934323
-0.126447
-0.155817
-0.181245
0.065443
0.0157997
-0.0317203
-0.0759193
-0.115888
-0.151152
-0.181718
-0.20759
0.0562341
0.000625171
-0.0520967
-0.100609
-0.143885
-0.181303
-0.212854
-0.238688
0.042027
-0.0204312
-0.0790161
-0.132216
-0.178871
-0.218455
-0.250606
-0.275651
0.0208296
-0.0494798
-0.114721
-0.173122
-0.223295
-0.264722
-0.296657
-0.319709
-0.0101164
-0.0892555
-0.162033
-0.226318
-0.280198
-0.322311
-0.352381
-0.371344
-0.0553183
-0.14411
-0.224229
-0.294263
-0.350262
-0.39111
-0.41672
-0.42795
-0.118234
-0.218601
-0.307406
-0.378222
-0.430798
-0.464994
-0.480724
-0.479221
-0.174805
-0.279089
-0.365965
-0.433506
-0.480571
-0.507453
-0.516016
-0.50907
0.185846
0.184431
0.178881
0.169185
0.155399
0.137876
0.116876
0.0924221
0.200665
0.198512
0.191404
0.179564
0.163295
0.142815
0.119603
0.0940455
0.217198
0.214323
0.205875
0.192224
0.174031
0.151411
0.126337
0.0998045
0.235893
0.232393
0.222786
0.207422
0.18737
0.162704
0.134987
0.105781
0.256827
0.252705
0.241884
0.224587
0.202163
0.17488
0.143665
0.11055
0.279893
0.275014
0.262707
0.243082
0.217569
0.186892
0.151575
0.113832
0.304985
0.299148
0.284967
0.262561
0.233276
0.198418
0.158471
0.11562
0.332049
0.325047
0.308558
0.282863
0.249179
0.209333
0.1641
0.115562
0.361012
0.352639
0.333367
0.303772
0.265009
0.219284
0.167861
0.112815
0.391618
0.38164
0.359044
0.324784
0.280102
0.227454
0.168698
0.106082
0.423277
0.411394
0.384836
0.344954
0.293263
0.232443
0.164985
0.0935065
0.454805
0.440631
0.409345
0.362677
0.302615
0.232118
0.154339
0.0724456
0.484191
0.467224
0.430229
0.375292
0.305112
0.223058
0.133003
0.0387632
0.507395
0.48719
0.443662
0.379052
0.296834
0.201145
0.0968528
-0.0114004
0.526451
0.503059
0.453335
0.380172
0.287232
0.178763
0.0611975
-0.0591561
0.025557
0.0256232
0.0256993
0.0257839
0.0258768
0.025972
0.0260753
0.0261772
0.0299715
0.0300048
0.0300123
0.0299961
0.0299597
0.0299044
0.0298335
0.0297547
0.0262996
0.0263823
0.0264833
0.0265963
0.0267232
0.0268578
0.0269997
0.0271381
0.0302104
0.0302521
0.030264
0.0302488
0.03021
0.030154
0.0300872
0.0300179
0.0277769
0.0278853
0.0280199
0.0281727
0.0283417
0.0285198
0.0287008
0.0288909
0.0320586
0.0321141
0.0321347
0.0321264
0.0320954
0.0320518
0.031992
0.0319584
0.0302922
0.0304308
0.0306018
0.0307967
0.0310104
0.031237
0.0314595
0.0317006
0.034687
0.0347825
0.0348403
0.0348654
0.0348607
0.0348511
0.0348119
0.0348543
0.0340225
0.034184
0.0344035
0.0346459
0.034897
0.0351804
0.035406
0.0357544
0.0385068
0.0386449
0.0387412
0.0388429
0.038899
0.038998
0.0390229
0.0391894
0.0392662
0.0395207
0.0398043
0.0401057
0.0404027
0.0407514
0.0409877
0.0414481
0.0440818
0.0442772
0.044408
0.0446156
0.0446612
0.0449573
0.0448841
0.0454743
0.0465889
0.0469156
0.0472406
0.0476272
0.0479272
0.0484026
0.0485795
0.0492273
0.0522318
0.0526211
0.0528887
0.0532885
0.0533323
0.0539356
0.0536193
0.0546405
0.0569021
0.0572963
0.0576096
0.0580268
0.0581484
0.0586283
0.0584747
0.0591992
0.064177
0.0646917
0.0649662
0.065535
0.0654707
0.0662015
0.0655466
0.0666792
0.0716572
0.072186
0.0724578
0.0727166
0.0724471
0.0726205
0.0717555
0.0721702
0.0816441
0.0821858
0.0824293
0.0827144
0.0821028
0.0823117
0.080581
0.0811608
0.092752
0.0932558
0.0932104
0.092901
0.0916914
0.0907678
0.0883065
0.0869864
0.106777
0.107289
0.107018
0.106283
0.104252
0.102449
0.0982963
0.0958341
0.122809
0.123035
0.122064
0.120013
0.116413
0.112074
0.105933
0.0992005
0.142488
0.14253
0.140851
0.137382
0.131811
0.12466
0.114945
0.103861
0.165155
0.164595
0.161205
0.154823
0.14525
0.132893
0.117555
0.0985231
0.0262996
0.0264588
0.0266513
0.0268784
0.0271446
0.0274449
0.0277307
0.0279797
0.0281654
0.0282694
0.0282784
0.0281882
0.0280049
0.0277463
0.0274377
0.0271052
0.0267658
0.0264277
0.0260966
0.0257821
0.0255007
0.0252756
0.0251301
0.0296381
0.0294615
0.0292218
0.0289097
0.0285189
0.0281236
0.0277681
0.0274693
0.0272472
0.0271108
0.0270573
0.0270685
0.0271093
0.0271149
0.0270205
0.0268353
0.0265796
0.0262809
0.0259646
0.0256531
0.0253712
0.0251469
0.0250021
0.0273169
0.0275434
0.0278027
0.0280977
0.0283826
0.0285743
0.0286713
0.0286775
0.0285806
0.0283815
0.0280995
0.0277671
0.0274443
0.027171
0.0269316
0.0266931
0.0264168
0.0261025
0.0257713
0.0254475
0.0251569
0.0249298
0.0247916
0.029889
0.0296978
0.029446
0.0291507
0.0289164
0.0287427
0.0286201
0.0285336
0.0284698
0.0284055
0.0283047
0.02811
0.0277919
0.0273982
0.0270178
0.0266484
0.0262766
0.0258997
0.0255281
0.0251804
0.0248771
0.0246459
0.0245178
0.0290953
0.0293293
0.0295938
0.0298412
0.0299924
0.030066
0.0300419
0.0299108
0.0296789
0.0293624
0.0290015
0.0286188
0.0282007
0.0277277
0.027215
0.0266908
0.0261818
0.0257036
0.0252638
0.0248759
0.0245512
0.0243126
0.0241947
0.0318181
0.0315594
0.0312246
0.0309408
0.0307084
0.0305079
0.030332
0.0301608
0.0299691
0.029715
0.0293745
0.0289483
0.028455
0.0278923
0.0272778
0.0266487
0.0260388
0.0254744
0.0249708
0.0245417
0.0241939
0.0239458
0.0238343
0.031934
0.0321348
0.032342
0.0324183
0.0323893
0.0322386
0.03196
0.0315602
0.0310703
0.0305239
0.029935
0.0293072
0.0286442
0.0279459
0.0272234
0.0265021
0.0258118
0.0251808
0.0246288
0.0241715
0.0238099
0.0235576
0.0234491
0.0346749
0.0343472
0.0339968
0.0336965
0.0334053
0.0330911
0.0327397
0.0323185
0.0318009
0.0311709
0.0304377
0.0296301
0.0287833
0.0279296
0.0270869
0.0262735
0.0255142
0.0248313
0.0242448
0.0237717
0.0234075
0.0231587
0.0230497
0.0359047
0.0359282
0.0359054
0.0357756
0.0354836
0.0350256
0.0344039
0.033657
0.0328105
0.0318824
0.0308887
0.0298531
0.0288097
0.0277964
0.0268385
0.0259485
0.0251419
0.02443
0.0238284
0.023352
0.0229955
0.0227556
0.0226437
0.0391823
0.0384511
0.0381765
0.0375527
0.0369587
0.036271
0.0354725
0.0345399
0.0334731
0.0323027
0.0310673
0.0298178
0.0286042
0.0274644
0.0264213
0.025487
0.0246683
0.0239625
0.0233753
0.0229141
0.0225787
0.0223512
0.0222364
0.0415174
0.0411811
0.0407901
0.0401788
0.0393293
0.0382784
0.0370725
0.0357375
0.0343015
0.0327998
0.0312751
0.0297813
0.0283734
0.0270886
0.0259498
0.0249681
0.0241429
0.0234581
0.0229033
0.0224704
0.0221645
0.0219499
0.0218341
0.0451691
0.0443401
0.0434549
0.0424375
0.0412831
0.0399552
0.0384247
0.036716
0.0348934
0.0330333
0.0312113
0.0294963
0.0279318
0.0265471
0.0253563
0.0243618
0.0235562
0.0229148
0.0224115
0.0220203
0.0217504
0.0215527
0.021441
0.0490459
0.0480978
0.0469614
0.0454756
0.0436717
0.0416446
0.0394695
0.0372108
0.0349419
0.0327396
0.0306812
0.0288173
0.027176
0.0257722
0.024602
0.0236534
0.0229091
0.0223397
0.021905
0.0215664
0.0213355
0.021161
0.0210594
0.0536435
0.0519188
0.0500246
0.0479097
0.0455655
0.0429823
0.0402423
0.0374788
0.0347969
0.0322878
0.0300197
0.0280318
0.0263417
0.0249447
0.023819
0.0229367
0.022268
0.0217787
0.0214121
0.0211258
0.0209295
0.0207804
0.0206917
0.0583152
0.0562184
0.0537985
0.0509142
0.0477152
0.0443378
0.0409057
0.0375538
0.0344167
0.0315901
0.0291267
0.0270496
0.0253517
0.0240018
0.0229572
0.0221708
0.0215988
0.0212028
0.0209128
0.0206869
0.0205289
0.0204116
0.0203396
0.064545
0.0609659
0.0571547
0.0530827
0.0488292
0.0445442
0.0404236
0.0366084
0.0331914
0.0302268
0.0277365
0.0257111
0.024114
0.0228934
0.0219892
0.021339
0.0208896
0.0206002
0.0203989
0.0202439
0.0201323
0.0200546
0.0200032
0.0696206
0.0651834
0.0602953
0.055034
0.0496729
0.0444543
0.0396096
0.035308
0.0316154
0.0285543
0.0261022
0.0241998
0.0227693
0.0217296
0.0210002
0.0205068
0.0201893
0.0200054
0.0198926
0.0198093
0.0197468
0.0197123
0.0196832
0.0762778
0.06929
0.0623476
0.0555609
0.0490883
0.0431192
0.0378141
0.0332578
0.0294885
0.0264948
0.0242069
0.0225217
0.0213276
0.0205181
0.0199971
0.0196813
0.0195058
0.0194278
0.0194009
0.0193883
0.0193765
0.0193867
0.0193809
0.0811109
0.0723759
0.0635351
0.0550988
0.0474133
0.0407619
0.0351687
0.0305769
0.0269352
0.0241641
0.022148
0.0207517
0.0198389
0.0192867
0.0189916
0.0188645
0.0188374
0.0188676
0.018926
0.0189837
0.0190248
0.0190786
0.0190972
0.0857411
0.0731529
0.0622033
0.0525411
0.0441823
0.0371898
0.0315203
0.0270908
0.0237761
0.0214067
0.0198059
0.0188024
0.0182395
0.0179884
0.0179471
0.0180269
0.0181613
0.0183106
0.0184609
0.0185929
0.0186916
0.0187879
0.0188327
0.0866943
0.0717733
0.0587989
0.0479909
0.0392556
0.0323236
0.0269308
0.0229189
0.020112
0.0182883
0.0172207
0.0166975
0.0165444
0.0166335
0.0168705
0.0171722
0.0174795
0.0177585
0.0180078
0.0182184
0.0183784
0.0185154
0.0185878
0.0839132
0.0657205
0.052282
0.041285
0.0327339
0.0262151
0.0214021
0.0180679
0.0159634
0.0148238
0.0143895
0.0144207
0.01473
0.0151984
0.0157415
0.0162849
0.0167805
0.0172043
0.0175631
0.0178584
0.0180835
0.0182623
0.0183634
0.0733172
0.0569016
0.0437211
0.0329761
0.0249217
0.0190116
0.0149682
0.0125037
0.0112722
0.0109472
0.0112422
0.0118982
0.0127216
0.0136122
0.0144968
0.015312
0.0160248
0.0166193
0.0171073
0.0175009
0.0177995
0.018027
0.01816
0.0592956
0.0473017
0.0363928
0.0264071
0.0183988
0.0127671
0.00926494
0.0075052
0.00703509
0.0074473
0.00841565
0.00965502
0.0109557
0.0122367
0.013433
0.0144986
0.0154108
0.0161607
0.0167633
0.0172394
0.0175956
0.0178563
0.018008
0.0404025
0.0301956
0.0230999
0.0162646
0.0103677
0.00626191
0.00412028
0.00353057
0.00402567
0.00520494
0.00677079
0.00846359
0.0100933
0.0116173
0.0129876
0.0141794
0.0151826
0.0159966
0.0166404
0.0171395
0.0175059
0.0177612
0.0179047
0.0177429
0.00795496
0.00411175
0.00103817
-0.000534973
-0.00105846
-0.000594916
0.000630864
0.00234974
0.0043261
0.00639321
0.00838595
0.0101769
0.0117781
0.0131667
0.0143434
0.0153147
0.0160916
0.0166979
0.0171591
0.0174893
0.0177046
0.0178173
-0.00194473
-0.0108861
-0.0120357
-0.0122069
-0.0100672
-0.007467
-0.00466288
-0.00178546
0.00104757
0.00374143
0.00624825
0.00850869
0.0104562
0.0121155
0.0134951
0.0146267
0.0155361
0.0162485
0.0167951
0.0172024
0.0174844
0.0176541
0.0177332
-0.0209164
-0.0254285
-0.0224788
-0.0203148
-0.0162161
-0.0120466
-0.00790716
-0.00395155
-0.000310917
0.00295612
0.0058516
0.0083786
0.0105194
0.0122795
0.0136908
0.0148114
0.0156851
0.0163513
0.0168512
0.0172148
0.0174571
0.0175916
0.0176454
-0.0396533
-0.0383322
-0.0312092
-0.0266373
-0.0208859
-0.0156457
-0.0106691
-0.00596536
-0.00172864
0.00199691
0.00523551
0.00800661
0.01033
0.0122117
0.0136928
0.0148419
0.0157149
0.0163644
0.0168404
0.0171785
0.0173965
0.0175112
0.0175515
-0.0581327
-0.0511284
-0.0404673
-0.0330521
-0.0253509
-0.0188599
-0.0130868
-0.00769765
-0.00297668
0.00110903
0.00462253
0.00757947
0.0100353
0.0120147
0.0135642
0.0147541
0.0156451
0.016298
0.0167686
0.0170976
0.0173062
0.017415
0.0174521
-0.0738783
-0.0620123
-0.0491865
-0.0390836
-0.0296163
-0.0217576
-0.0151724
-0.00905362
-0.00390811
0.000466251
0.00418289
0.00725551
0.00978122
0.0118098
0.0133967
0.0146134
0.0155206
0.0161828
0.016657
0.0169871
0.0171966
0.0173088
0.0173499
)
;

boundaryField
{
    outlet
    {
        type            fixedValue;
        value           uniform 0;
    }
    upperWall
    {
        type            symmetryPlane;
    }
    lowerWall
    {
        type            symmetryPlane;
    }
    inlet
    {
        type            zeroGradient;
    }
    cylinder
    {
        type            zeroGradient;
    }
    frontAndBack
    {
        type            empty;
    }
}


// ************************************************************************* //
