/*--------------------------------*- C++ -*----------------------------------*\
| =========                 |                                                 |
| \\      /  F ield         | OpenFOAM: The Open Source CFD Toolbox           |
|  \\    /   O peration     | Version:  2312                                  |
|   \\  /    A nd           | Website:  www.openfoam.com                      |
|    \\/     M anipulation  |                                                 |
\*---------------------------------------------------------------------------*/
FoamFile
{
    version     2.0;
    format      ascii;
    arch        "LSB;label=32;scalar=64";
    class       volScalarField;
    location    "167.35";
    object      p;
}
// * * * * * * * * * * * * * * * * * * * * * * * * * * * * * * * * * * * * * //

dimensions      [0 2 -2 0 0 0 0];

internalField   nonuniform List<scalar> 
5478
(
-0.356188
-0.355485
-0.350455
-0.34225
-0.33265
-0.323178
-0.315347
-0.309787
-0.305838
-0.301847
-0.296161
-0.286729
-0.274985
-0.258897
-0.239319
-0.365822
-0.363728
-0.358853
-0.351686
-0.342563
-0.331814
-0.320308
-0.308815
-0.297413
-0.285755
-0.273266
-0.26011
-0.245743
-0.229081
-0.211994
-0.379744
-0.375275
-0.369283
-0.361602
-0.350913
-0.336747
-0.320353
-0.303276
-0.286512
-0.270359
-0.254786
-0.2391
-0.223001
-0.206532
-0.189708
-0.397843
-0.390429
-0.382327
-0.372278
-0.357355
-0.338018
-0.316694
-0.295445
-0.275237
-0.256302
-0.238301
-0.221134
-0.204556
-0.18821
-0.172695
-0.421477
-0.410016
-0.399328
-0.383952
-0.362063
-0.336626
-0.310811
-0.286261
-0.263557
-0.242675
-0.22347
-0.205532
-0.188445
-0.172392
-0.15682
-0.451709
-0.434239
-0.418947
-0.394887
-0.364306
-0.332657
-0.30277
-0.275522
-0.25093
-0.228749
-0.208572
-0.190105
-0.17313
-0.157312
-0.142233
-0.485209
-0.462096
-0.437029
-0.401646
-0.362314
-0.324993
-0.291524
-0.26196
-0.235865
-0.212731
-0.192151
-0.173705
-0.156995
-0.141836
-0.127463
-0.514771
-0.487918
-0.449113
-0.401212
-0.353953
-0.311808
-0.275405
-0.244097
-0.21703
-0.193498
-0.17291
-0.154828
-0.13892
-0.124742
-0.111854
-0.424499
-0.42614
-0.426787
-0.428665
-0.432308
-0.437858
-0.445472
-0.455327
-0.467713
-0.483112
-0.502008
-0.524675
-0.550648
-0.577188
-0.603071
-0.40965
-0.409065
-0.407823
-0.407507
-0.408829
-0.412362
-0.418889
-0.429304
-0.444433
-0.464922
-0.49126
-0.522372
-0.556881
-0.590851
-0.620453
-0.397555
-0.394991
-0.392263
-0.389929
-0.388948
-0.390216
-0.394858
-0.404091
-0.419017
-0.440132
-0.467265
-0.499432
-0.532966
-0.566139
-0.591579
-0.386283
-0.382713
-0.378555
-0.373846
-0.369836
-0.367886
-0.369334
-0.375503
-0.387504
-0.406086
-0.430259
-0.460138
-0.490977
-0.522037
-0.543447
-0.37527
-0.371815
-0.366397
-0.358861
-0.350954
-0.344751
-0.34203
-0.344406
-0.353072
-0.369078
-0.391332
-0.419691
-0.446918
-0.472272
-0.483998
-0.364882
-0.362499
-0.356273
-0.346174
-0.334563
-0.324334
-0.318134
-0.318246
-0.32594
-0.341643
-0.361879
-0.385779
-0.405269
-0.418843
-0.417097
-0.356382
-0.355304
-0.348994
-0.337536
-0.324408
-0.312877
-0.30625
-0.306491
-0.313522
-0.325849
-0.340275
-0.353779
-0.361219
-0.361421
-0.349474
-0.352768
-0.352305
-0.346388
-0.336147
-0.324051
-0.313995
-0.307742
-0.306435
-0.309668
-0.314746
-0.319535
-0.319952
-0.314788
-0.304128
-0.289433
-0.636239
-0.606408
-0.45834
-0.305838
-0.223764
-0.194879
-0.202254
-0.210832
-0.187636
-0.152038
-0.145458
-0.126262
-0.109572
-0.115815
-0.139833
-0.152371
-0.134699
-0.115165
-0.120747
-0.136729
-0.143206
-0.131322
-0.13012
-0.139592
-0.138069
-0.168178
-0.186179
-0.160347
-0.119005
-0.0781168
-0.0309825
-0.0234919
-0.016803
-0.0104108
-0.0060101
-0.00406708
-0.00241377
-0.00079797
-0.653189
-0.623038
-0.477772
-0.31694
-0.215416
-0.173015
-0.159144
-0.157895
-0.147817
-0.139679
-0.144574
-0.127599
-0.11712
-0.120746
-0.140301
-0.151794
-0.134585
-0.121182
-0.130566
-0.145934
-0.151246
-0.127617
-0.114363
-0.128254
-0.126882
-0.180017
-0.211146
-0.16075
-0.106013
-0.0751356
-0.0340641
-0.0241809
-0.0159096
-0.0101826
-0.00616338
-0.0040894
-0.00237682
-0.000788049
-0.620498
-0.587581
-0.458346
-0.308994
-0.205271
-0.159628
-0.131148
-0.114739
-0.108826
-0.128278
-0.143117
-0.130904
-0.127315
-0.128181
-0.14094
-0.149489
-0.132656
-0.125913
-0.138266
-0.155903
-0.157608
-0.122724
-0.0973027
-0.116209
-0.114301
-0.187764
-0.228672
-0.157939
-0.0911286
-0.0704866
-0.0365276
-0.0246305
-0.0149419
-0.00991284
-0.00629767
-0.00410502
-0.00233697
-0.000777739
-0.555649
-0.528999
-0.41794
-0.290294
-0.195782
-0.152471
-0.119885
-0.093302
-0.0806435
-0.119773
-0.142293
-0.137583
-0.140508
-0.139826
-0.14193
-0.145022
-0.12861
-0.12853
-0.143206
-0.161487
-0.16279
-0.11778
-0.0802496
-0.104452
-0.100884
-0.190256
-0.238512
-0.153929
-0.0756691
-0.0645228
-0.0381891
-0.0248524
-0.0139707
-0.00960979
-0.00647881
-0.00411422
-0.00229571
-0.000767127
-0.474232
-0.453145
-0.368796
-0.268376
-0.187911
-0.146478
-0.116662
-0.0928297
-0.0788777
-0.117448
-0.140251
-0.141767
-0.150691
-0.150566
-0.143222
-0.13977
-0.122425
-0.128158
-0.144738
-0.165094
-0.166686
-0.11255
-0.0642846
-0.0932508
-0.0871553
-0.187301
-0.242125
-0.148927
-0.0605142
-0.0575543
-0.0389516
-0.0248184
-0.0130513
-0.00928617
-0.00658946
-0.00411433
-0.0022542
-0.000756258
-0.388278
-0.374677
-0.319689
-0.247492
-0.180618
-0.141745
-0.113446
-0.0969689
-0.0891878
-0.12698
-0.14281
-0.14294
-0.152252
-0.155165
-0.140365
-0.132723
-0.113936
-0.123981
-0.142878
-0.16633
-0.16973
-0.109004
-0.0510985
-0.0828488
-0.0735723
-0.179039
-0.240958
-0.143946
-0.0472283
-0.0500639
-0.0388919
-0.0245829
-0.0122397
-0.0089509
-0.00670204
-0.00410547
-0.00221451
-0.000745392
-0.316867
-0.314285
-0.282237
-0.231966
-0.175845
-0.137425
-0.110342
-0.0940243
-0.102089
-0.132169
-0.141252
-0.134108
-0.148929
-0.156352
-0.141317
-0.128821
-0.1049
-0.11535
-0.138428
-0.165028
-0.169493
-0.103897
-0.041409
-0.0749056
-0.0595117
-0.165539
-0.233441
-0.136327
-0.0367979
-0.0420323
-0.0380677
-0.0240699
-0.0115487
-0.00862786
-0.00666234
-0.00408051
-0.00217534
-0.000734068
-0.273033
-0.271944
-0.250528
-0.216825
-0.173135
-0.137774
-0.112343
-0.084055
-0.100417
-0.144382
-0.142809
-0.124641
-0.135411
-0.13945
-0.129217
-0.120598
-0.0951817
-0.103119
-0.130819
-0.160331
-0.17167
-0.101575
-0.0336014
-0.0560722
-0.0445558
-0.148115
-0.2242
-0.129165
-0.0280947
-0.0341112
-0.0364211
-0.0235077
-0.0110095
-0.0083088
-0.00657699
-0.00405485
-0.00214466
-0.00072398
-0.240855
-0.244814
-0.221011
-0.186067
-0.146427
-0.114514
-0.0921993
-0.0644609
-0.0643302
-0.0975502
-0.111217
-0.100426
-0.118706
-0.135983
-0.123151
-0.105043
-0.0821149
-0.0895823
-0.121237
-0.146863
-0.159789
-0.0962949
-0.0300166
-0.0547397
-0.0361213
-0.131004
-0.201112
-0.119244
-0.0227887
-0.02744
-0.0337771
-0.02209
-0.0104557
-0.00792164
-0.00638846
-0.00396891
-0.00209306
-0.000705662
-0.177261
-0.185845
-0.166318
-0.137855
-0.107433
-0.0830994
-0.0656326
-0.0419215
-0.0297029
-0.0447553
-0.0372217
-0.0527016
-0.0918944
-0.118626
-0.0959959
-0.0789541
-0.0583812
-0.0648211
-0.106409
-0.136354
-0.142371
-0.0824647
-0.018843
-0.0347659
-0.0200006
-0.103554
-0.179411
-0.105016
-0.010672
-0.0207886
-0.0299646
-0.0201881
-0.00950615
-0.00735841
-0.00608157
-0.00382314
-0.00201707
-0.000679493
-0.13842
-0.148585
-0.136802
-0.115831
-0.0910905
-0.067642
-0.0476529
-0.019899
0.0121184
0.0360637
0.0386822
0.00800341
-0.0529899
-0.0839974
-0.0700824
-0.055149
-0.0385087
-0.0384795
-0.0706605
-0.103628
-0.106183
-0.0541106
-0.00829147
-0.0274792
-0.0102565
-0.0705557
-0.136613
-0.078128
-0.000884592
-0.0149549
-0.0248089
-0.0175184
-0.0086528
-0.00687831
-0.00568133
-0.00363565
-0.00194631
-0.00065483
-0.106788
-0.113656
-0.105055
-0.086472
-0.0644703
-0.0441972
-0.0254044
-0.00193676
0.0267752
0.0481496
0.057886
0.0395387
-0.0148898
-0.0415386
-0.0401659
-0.027713
-0.0148733
-0.0111411
-0.032195
-0.0643662
-0.0631804
-0.0246498
-0.00452263
-0.0173385
-0.00103694
-0.0329738
-0.0859491
-0.0440359
0.00536928
-0.00817793
-0.0184466
-0.0145666
-0.00807983
-0.00643855
-0.00516942
-0.00340435
-0.00188093
-0.000631052
-0.0779425
-0.0844367
-0.0795127
-0.0666517
-0.050332
-0.0338722
-0.0178444
0.00246985
0.0272947
0.0458891
0.0525765
0.0429682
0.0093404
-0.0133774
-0.0198135
-0.0121523
-0.0014986
0.00895346
0.00713219
-0.0201322
-0.0256291
-0.00416924
-0.00578605
-0.0104137
0.00491078
0.00286137
-0.02993
-0.00479799
0.0105739
-0.000337932
-0.0109094
-0.0110191
-0.00759185
-0.0059748
-0.00455415
-0.00312739
-0.00181792
-0.00060859
-0.0572964
-0.062742
-0.0596054
-0.0499558
-0.037128
-0.0234212
-0.00947859
0.00614903
0.0236437
0.0366228
0.0418974
0.0371012
0.0187581
0.00355177
-0.00363888
0.00395395
0.0116667
0.0180816
0.0200526
-0.00149945
-0.00809837
0.00406817
-0.00384782
-0.00206995
0.0114303
0.0249128
0.01008
0.0249141
0.014572
0.00678124
-0.00384243
-0.00747051
-0.00696841
-0.00535262
-0.00387373
-0.00282193
-0.00174426
-0.00058371
-0.0409975
-0.044888
-0.043007
-0.0361694
-0.0266936
-0.0164287
-0.00593038
0.00521193
0.0173457
0.0270677
0.0312684
0.0295422
0.0203285
0.0115591
0.00567901
0.00938363
0.0155398
0.0210125
0.0243334
0.0104391
0.00305257
0.00853422
0.00206722
0.00619431
0.0161958
0.0315336
0.0244281
0.0349241
0.0162523
0.0108393
0.000896214
-0.0047066
-0.00600329
-0.00453726
-0.00323849
-0.00250091
-0.00162066
-0.000540879
-0.0276152
-0.0309522
-0.0301338
-0.0254642
-0.0186903
-0.0111555
-0.00333594
0.00465405
0.0128305
0.0196817
0.0232718
0.023113
0.0189855
0.0147562
0.0115795
0.0144906
0.0190009
0.0210709
0.0212049
0.0147155
0.00902722
0.0112055
0.00886847
0.0129032
0.0186245
0.0274921
0.0252256
0.0308423
0.0171713
0.0122579
0.00291386
-0.00278407
-0.00458669
-0.00359168
-0.00266742
-0.00215233
-0.00142649
-0.000475789
-0.0176336
-0.0203211
-0.0200133
-0.0168881
-0.012143
-0.00679159
-0.00125009
0.00427012
0.00974404
0.0145198
0.0174938
0.018363
0.0170631
0.0155964
0.0138954
0.0148847
0.0179134
0.0192139
0.0193882
0.0161179
0.0125087
0.013002
0.0113603
0.014974
0.019007
0.02407
0.0242287
0.0261194
0.0172783
0.0119967
0.00446011
-0.00102807
-0.00295122
-0.00259644
-0.00207494
-0.00173697
-0.00116533
-0.000387957
-0.00990334
-0.0119862
-0.0120136
-0.0100442
-0.00685487
-0.00317197
0.000648844
0.00444451
0.00814111
0.0114921
0.0138792
0.0151302
0.0150417
0.0148416
0.0146302
0.0153927
0.0175427
0.0181349
0.0178873
0.0161854
0.0141541
0.0140466
0.013622
0.0163454
0.0190365
0.0211407
0.0216073
0.0219601
0.0170586
0.0119257
0.00556546
0.000616553
-0.00148305
-0.00167395
-0.00147526
-0.0012916
-0.000890452
-0.000301499
-0.00381722
-0.00550527
-0.00576238
-0.00460449
-0.00250596
-1.65729e-05
0.00256233
0.00511719
0.00758328
0.00994212
0.0117723
0.0130248
0.0136277
0.0141567
0.0145696
0.0149592
0.0161831
0.0166905
0.0165715
0.0157313
0.0147228
0.014635
0.014163
0.0159179
0.0179648
0.0188917
0.019195
0.0188353
0.0157796
0.011715
0.00651552
0.00213834
-0.00013757
-0.000755081
-0.000838584
-0.000815156
-0.000591309
-0.00020078
0.000820425
-0.000523475
-0.000861572
-0.000216018
0.00111357
0.00274379
0.00442867
0.006125
0.00777738
0.0094137
0.0107953
0.0119245
0.0126789
0.0132915
0.0139147
0.0143912
0.015226
0.0157072
0.0157169
0.0152942
0.0148245
0.0148121
0.0147945
0.015831
0.017003
0.017205
0.0171368
0.0164712
0.0145204
0.0114137
0.00720759
0.00342805
0.00106309
9.6591e-05
-0.000233619
-0.000359901
-0.000306037
-0.000108337
0.00438684
0.00332259
0.00295143
0.00326978
0.00408008
0.00512503
0.00620807
0.00730003
0.00837091
0.00947435
0.0104793
0.0113546
0.0120719
0.0127019
0.0133602
0.0138533
0.0143966
0.0148
0.0149272
0.0147676
0.0145781
0.0146075
0.0144934
0.0150271
0.0157046
0.0157321
0.0154522
0.0146358
0.0131122
0.0108509
0.00760682
0.00443296
0.00213165
0.000893241
0.000335329
6.66314e-05
-3.19452e-05
-1.56472e-05
0.00716576
0.00631837
0.00593879
0.0060402
0.00650727
0.00715622
0.00782692
0.00849447
0.00916939
0.00989367
0.0105961
0.0112311
0.0118079
0.0123465
0.0128974
0.0133447
0.0137486
0.0140911
0.0142883
0.0142671
0.0142052
0.0142642
0.0142345
0.0144589
0.0147071
0.0145274
0.0141006
0.0132967
0.0120529
0.0102809
0.00780336
0.00520193
0.00307584
0.00166135
0.000885715
0.000466394
0.000227579
7.92571e-05
0.00929015
0.00862571
0.00827686
0.0082544
0.00848827
0.0088573
0.00925087
0.00963913
0.0100381
0.0104801
0.0109348
0.0113619
0.0117681
0.012173
0.0125931
0.0129587
0.0132644
0.0135217
0.0137131
0.0137654
0.0137525
0.0137893
0.0137204
0.0137184
0.0137171
0.0134526
0.0129686
0.0121862
0.01111
0.00968211
0.0077723
0.00568377
0.00380834
0.00235741
0.00139585
0.000812892
0.000439997
0.000154414
0.0109271
0.0104084
0.0100933
0.00999588
0.0100798
0.0102633
0.0104656
0.0106597
0.0108666
0.0111119
0.0113815
0.0116398
0.0118907
0.0121593
0.0124451
0.0127028
0.0129134
0.0130935
0.0132417
0.0132955
0.0132785
0.0132704
0.0131788
0.0130691
0.0129119
0.0125653
0.0120591
0.0113358
0.0103919
0.00919175
0.00767672
0.0059952
0.00436897
0.00297101
0.00189309
0.00114918
0.000637487
0.000227103
0.0121679
0.0117624
0.0114862
0.0113528
0.0113419
0.0113995
0.0114695
0.0115331
0.0116083
0.0117144
0.011843
0.0119685
0.0120934
0.0122379
0.0124027
0.0125521
0.012669
0.0127689
0.0128495
0.012869
0.0128266
0.0127703
0.0126403
0.0124479
0.0122003
0.0118217
0.011311
0.0106306
0.0097815
0.00875568
0.00751154
0.00612419
0.00472675
0.00343817
0.00233352
0.00146144
0.00080702
0.000278491
0.0130979
0.0127821
0.0125431
0.0123928
0.0123211
0.0122956
0.0122777
0.0122552
0.0122409
0.0122491
0.0122744
0.0122996
0.0123272
0.0123703
0.012431
0.0124832
0.0125153
0.0125354
0.0125426
0.0125078
0.0124227
0.0123128
0.0121415
0.011906
0.01161
0.0112092
0.0107006
0.0100693
0.0093033
0.00840073
0.00734478
0.00617656
0.004966
0.00378687
0.00270202
0.00175523
0.000976455
0.000329277
0.0137856
0.0135364
0.0133284
0.0131729
0.0130643
0.0129851
0.0129086
0.0128295
0.0127549
0.0126958
0.0126477
0.0125992
0.012553
0.0125167
0.012494
0.0124642
0.0124225
0.0123704
0.0123091
0.0122158
0.0120839
0.011925
0.0117151
0.0114476
0.0111189
0.0107116
0.0102137
0.0096177
0.00891416
0.00810318
0.00718099
0.00616376
0.00509229
0.0040131
0.00297253
0.00200304
0.00113431
0.00037414
0.0142773
0.0140764
0.0138938
0.013739
0.0136089
0.0134954
0.0133816
0.013266
0.0131523
0.0130477
0.0129488
0.0128482
0.0127484
0.0126534
0.0125666
0.0124727
0.0123707
0.0122591
0.0121387
0.0119933
0.0118171
0.0116157
0.0113701
0.0110773
0.010729
0.0103168
0.00982877
0.0092612
0.00860787
0.00786504
0.00703482
0.00612466
0.0051576
0.0041608
0.00316509
0.00219552
0.00127256
0.000417478
0.0146144
0.0144462
0.0142831
0.0141309
0.0139893
0.0138544
0.0137181
0.0135798
0.0134416
0.0133072
0.0131742
0.0130389
0.012902
0.0127661
0.0126322
0.0124922
0.0123441
0.0121872
0.0120199
0.0118326
0.0116201
0.0113833
0.0111102
0.0107962
0.0104343
0.0100182
0.00953937
0.00899298
0.00837451
0.00768089
0.00691344
0.006076
0.0051812
0.00424542
0.0032874
0.00232711
0.00137725
0.00045351
0.0148227
0.0146753
0.0145257
0.014377
0.0142299
0.0140835
0.0139347
0.0137837
0.0136312
0.0134788
0.013325
0.0131681
0.0130082
0.0128461
0.0126815
0.0125109
0.0123321
0.012144
0.0119443
0.0117277
0.0114889
0.0112271
0.0109338
0.0106045
0.0102331
0.00981408
0.00934094
0.00880819
0.0082131
0.0075514
0.00682375
0.006033
0.00518387
0.00428938
0.00335959
0.00240794
0.00144508
0.000479412
0.0149199
0.0147831
0.0146409
0.0144952
0.0143465
0.0141954
0.0140414
0.0138851
0.0137262
0.0135653
0.0134014
0.0132343
0.0130631
0.012888
0.0127079
0.0125216
0.012327
0.0121226
0.0119058
0.0116735
0.0114209
0.0111452
0.0108413
0.0105035
0.0101271
0.0097061
0.00923568
0.00871033
0.00812658
0.00748169
0.00677404
0.00600654
0.00518073
0.00430711
0.00339249
0.00244609
0.00147791
0.000492708
-0.0960161
-0.108345
-0.121662
-0.134738
-0.150759
-0.165703
-0.185274
-0.207382
-0.0790889
-0.0878955
-0.0974871
-0.107285
-0.118278
-0.128651
-0.139086
-0.15224
-0.062906
-0.0687679
-0.0748101
-0.0814732
-0.0885364
-0.095178
-0.103117
-0.115491
-0.049657
-0.0534461
-0.0572118
-0.0616451
-0.0668506
-0.0731206
-0.0816918
-0.0919328
-0.0380201
-0.0406029
-0.0433427
-0.0471293
-0.0520385
-0.0570112
-0.0617908
-0.0672374
-0.0285214
-0.0302845
-0.032329
-0.0349499
-0.0377431
-0.0400523
-0.043009
-0.0480984
-0.0203507
-0.02132
-0.0223512
-0.0236517
-0.0253504
-0.0274771
-0.0306488
-0.0348021
-0.0132676
-0.0137059
-0.0142577
-0.0152567
-0.0167911
-0.0185555
-0.0205375
-0.0231463
-0.00747517
-0.00768971
-0.008002
-0.00864034
-0.00956276
-0.0105797
-0.0119045
-0.0140844
-0.00261033
-0.00265582
-0.00272897
-0.00303492
-0.00360568
-0.00441237
-0.00556388
-0.00730669
0.00143234
0.00144486
0.00145008
0.00126718
0.000857862
0.000244919
-0.000587794
-0.00187783
0.00471533
0.00472456
0.00474842
0.00465234
0.00439788
0.00397696
0.00335686
0.00233411
0.00738924
0.00737782
0.00739779
0.00734657
0.00717441
0.00685212
0.00635334
0.00554794
0.00953034
0.00948322
0.00947147
0.00942342
0.00929187
0.009047
0.00866553
0.00805255
0.0112152
0.0111359
0.0110911
0.0110362
0.0109298
0.0107409
0.0104433
0.00997095
0.0125215
0.012419
0.0123457
0.0122763
0.0121787
0.0120263
0.0117955
0.0114402
0.0135125
0.013397
0.0133052
0.0132244
0.0131317
0.0130054
0.0128241
0.0125557
0.0142546
0.0141341
0.0140317
0.0139424
0.0138503
0.013739
0.0135922
0.0133891
0.0147997
0.0146786
0.0145716
0.0144774
0.0143853
0.0142842
0.0141621
0.0140063
0.0151892
0.015071
0.0149634
0.0148667
0.0147743
0.0146789
0.0145728
0.0144489
0.0154515
0.0153386
0.0152334
0.0151364
0.0150441
0.0149523
0.0148566
0.0147533
0.0156054
0.0155002
0.0153996
0.0153043
0.0152127
0.0151232
0.0150334
0.014942
0.0156677
0.0155718
0.015477
0.0153841
0.0152933
0.0152045
0.015117
0.0150302
0.0587086
0.0622106
0.0653708
0.0674895
0.0678021
0.0661683
0.0624651
0.0561388
0.0461557
0.0310285
0.00872053
-0.0235852
-0.0705039
-0.135557
-0.194238
0.0363795
0.0377436
0.0371965
0.0350344
0.0312142
0.0254322
0.017168
0.00560066
-0.0104333
-0.0325126
-0.0627951
-0.104071
-0.160805
-0.237706
-0.300365
0.0144577
0.0133054
0.00894533
0.00285746
-0.00464211
-0.0141446
-0.0265165
-0.0427475
-0.0640621
-0.092098
-0.129148
-0.178103
-0.2423
-0.328203
-0.388808
-0.00761909
-0.0117164
-0.0192553
-0.0283108
-0.0387802
-0.0515138
-0.0674846
-0.0877009
-0.113401
-0.146217
-0.188559
-0.243549
-0.313651
-0.400418
-0.457638
-0.0305012
-0.0373086
-0.0469664
-0.0579763
-0.0706934
-0.0860845
-0.104987
-0.128364
-0.157428
-0.193714
-0.239646
-0.298456
-0.370821
-0.45414
-0.50568
-0.0526545
-0.0620612
-0.0732187
-0.0856489
-0.100146
-0.117633
-0.138665
-0.164269
-0.195532
-0.234023
-0.2819
-0.341473
-0.41264
-0.489246
-0.533185
-0.0738432
-0.0851044
-0.0972301
-0.110857
-0.126867
-0.145886
-0.168467
-0.195379
-0.227688
-0.266822
-0.314538
-0.372278
-0.439007
-0.505609
-0.542004
-0.094173
-0.105888
-0.118922
-0.133796
-0.151004
-0.171032
-0.194408
-0.221786
-0.254077
-0.292435
-0.338164
-0.391803
-0.450764
-0.504401
-0.53499
0.184907
0.19967
0.216163
0.234828
0.255731
0.278759
0.303808
0.33083
0.359746
0.390297
0.421889
0.453334
0.482618
0.505699
0.524632
0.18285
0.196799
0.212513
0.230512
0.250753
0.272976
0.297005
0.322785
0.35024
0.379076
0.40863
0.437619
0.463902
0.483493
0.498994
0.176654
0.188981
0.203306
0.220107
0.239093
0.259772
0.281858
0.305247
0.329821
0.355223
0.380682
0.404781
0.425148
0.437949
0.447032
0.16631
0.176435
0.188899
0.203941
0.220944
0.239243
0.258486
0.278513
0.299098
0.319726
0.33943
0.35658
0.368472
0.371315
0.371647
0.151878
0.159486
0.169997
0.183137
0.197708
0.212849
0.228246
0.24379
0.259207
0.273812
0.286382
0.295004
0.296586
0.287143
0.276401
0.1337
0.138273
0.146619
0.157702
0.169627
0.181324
0.192473
0.202949
0.212391
0.219959
0.224222
0.223005
0.212828
0.189501
0.165663
0.112105
0.11442
0.120856
0.129229
0.137594
0.145132
0.151593
0.156717
0.159886
0.160016
0.155446
0.143744
0.121086
0.0832747
0.0458988
0.0868864
0.0881614
0.0936843
0.0993595
0.103743
0.106571
0.107845
0.107202
0.103774
0.096229
0.0826691
0.0603966
0.0251893
-0.0268752
-0.07658
0.0250802
0.0294929
0.0258245
0.0297253
0.027292
0.0315648
0.0298053
0.0342056
0.0335027
0.0380066
0.0387681
0.0435134
0.0460492
0.0516698
0.056328
0.0635912
0.0710441
0.0810001
0.0920993
0.10609
0.122076
0.14171
0.164304
0.0251323
0.0295118
0.0258903
0.0297502
0.0273782
0.031599
0.0299169
0.0342682
0.0336494
0.0381395
0.0389666
0.0436914
0.0463235
0.0519998
0.0566094
0.0639722
0.0713995
0.0813506
0.0923495
0.106305
0.121929
0.141308
0.163201
0.0251942
0.0295056
0.0259746
0.0297448
0.0274909
0.0315981
0.0300609
0.0342924
0.0338339
0.0382091
0.0392021
0.0437657
0.0465769
0.0521526
0.0568236
0.0641587
0.0715199
0.0814452
0.0920878
0.105781
0.120632
0.139218
0.159282
0.0252646
0.0294756
0.0260723
0.0297125
0.0276228
0.0315691
0.0302296
0.034284
0.0340356
0.038272
0.0394478
0.0439123
0.0468994
0.0524651
0.0571171
0.0645785
0.0715998
0.0815275
0.0915135
0.104733
0.118196
0.135292
0.152358
0.0253435
0.029425
0.0261865
0.0296573
0.0277714
0.0315172
0.0304171
0.0342454
0.0342494
0.038297
0.0396889
0.0438695
0.0471287
0.052453
0.0571659
0.0644402
0.0711979
0.0807709
0.0901022
0.102459
0.11428
0.12929
0.142218
0.0254241
0.0293558
0.0263054
0.0295849
0.0279293
0.0314527
0.030618
0.0342027
0.0344916
0.0383666
0.0399838
0.044153
0.0475375
0.0529319
0.0575106
0.0649894
0.0711742
0.0807439
0.0888703
0.100298
0.109508
0.121674
0.129347
0.0255136
0.0292712
0.0264301
0.0295017
0.0280907
0.0313718
0.0308157
0.0341308
0.0346817
0.038371
0.0401578
0.0439552
0.0476726
0.0525732
0.0572751
0.0642483
0.0701962
0.0788844
0.0862317
0.0959419
0.103094
0.111496
0.11352
0.0256009
0.0291788
0.026552
0.0294166
0.0282611
0.0313166
0.0310315
0.0341418
0.0349829
0.0384886
0.0405753
0.0445718
0.0482064
0.0534066
0.0578851
0.0651871
0.0703919
0.0791849
0.0845372
0.0930496
0.0958215
0.0999948
0.0938037
0.0257066
0.0290456
0.026711
0.0292675
0.028441
0.031153
0.0312369
0.0339217
0.0350846
0.0383611
0.04057
0.0441027
0.0479275
0.052357
0.0569193
0.0629
0.0676943
0.0741126
0.0784497
0.0827888
0.0830457
0.0796635
0.0680356
0.025845
0.0288483
0.0269128
0.0290516
0.0286455
0.0308572
0.0313975
0.0335582
0.0350517
0.0375113
0.0401583
0.0432359
0.0469196
0.050525
0.0547067
0.059209
0.0631355
0.0669689
0.0696138
0.069982
0.0680068
0.0613414
0.0517198
0.0260149
0.0285859
0.0271462
0.0287725
0.028876
0.0304851
0.03157
0.0331606
0.0349669
0.0371903
0.0397057
0.0422551
0.0456865
0.0485405
0.0521639
0.0552746
0.0581187
0.0598733
0.060679
0.0589152
0.0550354
0.0479371
0.0386315
0.0262174
0.0282491
0.0274137
0.028447
0.0290907
0.0301592
0.0316075
0.0328143
0.0347793
0.0365195
0.0390355
0.041146
0.0441109
0.0463513
0.0491528
0.0510953
0.0527547
0.0529685
0.0521844
0.0492244
0.0442664
0.0370764
0.0281006
0.026457
0.0278307
0.0276708
0.0281798
0.0292081
0.0298842
0.031538
0.0324747
0.0344316
0.0358684
0.0381299
0.0398999
0.0422193
0.0439452
0.0458401
0.0467479
0.0473263
0.0464227
0.0444694
0.0408824
0.0355912
0.028672
0.0203052
0.0267286
0.0274042
0.0278328
0.0279734
0.0292469
0.0296359
0.0313425
0.0321118
0.0339215
0.035124
0.0370239
0.0384848
0.0401098
0.0413135
0.0423737
0.0423779
0.0420648
0.0404335
0.0378181
0.0339393
0.0287653
0.0223209
0.0146759
0.0269838
0.0270154
0.0278983
0.0278167
0.0291876
0.0294081
0.0310179
0.0317318
0.0332495
0.0342693
0.0357641
0.0368766
0.0378617
0.0385304
0.0388784
0.0381948
0.0372039
0.0351571
0.0322654
0.028354
0.0235228
0.0177277
0.0109561
0.0272001
0.0266814
0.0278712
0.0276937
0.0290211
0.0291792
0.0305714
0.0312616
0.0324512
0.0332827
0.0343775
0.0351044
0.0355414
0.0357244
0.0354931
0.0343499
0.0329087
0.0306598
0.0277548
0.0240427
0.0196882
0.0146431
0.00882965
0.0273513
0.0264227
0.0277391
0.0275908
0.028756
0.0290116
0.03004
0.0306947
0.0315549
0.0321625
0.0328931
0.033234
0.0332208
0.0330072
0.0323519
0.0309347
0.0292416
0.0269679
0.0242269
0.0208752
0.0170721
0.0127911
0.00792432
0.0274188
0.0262486
0.0275028
0.0274853
0.0284002
0.0287009
0.0294448
0.0300144
0.0305809
0.0309403
0.0313481
0.0313443
0.0309805
0.0304739
0.0295425
0.0279984
0.0262243
0.0240611
0.0215856
0.0186695
0.0154418
0.0118886
0.00789342
0.0273898
0.0261558
0.0271817
0.0273416
0.0279952
0.0283116
0.0288059
0.029232
0.0295474
0.0296571
0.0297853
0.02951
0.0288991
0.0281911
0.0271104
0.0255576
0.0238328
0.0218645
0.0197011
0.0172346
0.0145614
0.0116676
0.00844119
0.0272602
0.0261257
0.0268077
0.0271036
0.0275668
0.0278421
0.0281305
0.0283764
0.0284771
0.0283693
0.0282607
0.0277957
0.0270278
0.0262
0.0250746
0.0235969
0.0220038
0.0202727
0.0184312
0.0163889
0.0142134
0.0118888
0.00931083
0.0270363
0.0261257
0.026443
0.026741
0.0271025
0.0273065
0.0274242
0.0274842
0.0274033
0.0271268
0.0268299
0.0262398
0.0253941
0.0245184
0.0234233
0.0220728
0.020655
0.0191716
0.0176351
0.01597
0.0142199
0.012367
0.0103177
0.0267371
0.0260926
0.026128
0.0263037
0.0265829
0.0267015
0.0266887
0.0265927
0.0263638
0.0259659
0.0255301
0.0248695
0.0240099
0.0231403
0.0221217
0.020928
0.0197009
0.0184531
0.0171887
0.0158464
0.0144514
0.0129853
0.011367
0.0263876
0.0259562
0.0258471
0.0258851
0.0260258
0.0260441
0.0259341
0.0257214
0.0253848
0.0249078
0.0243846
0.0236976
0.0228679
0.0220422
0.0211252
0.0200963
0.0190558
0.0180195
0.0169885
0.0159149
0.0148109
0.0136579
0.0123872
0.0260149
0.0257273
0.0255666
0.0254797
0.0254616
0.0253738
0.0251826
0.0248868
0.0244808
0.0239641
0.0234017
0.0227247
0.0219528
0.0211944
0.0203859
0.0195117
0.0186403
0.0177853
0.0169463
0.0160883
0.0152158
0.0143113
0.0133183
0.0256364
0.0254308
0.0252486
0.0250735
0.024919
0.024728
0.0244634
0.0241104
0.0236667
0.0231417
0.0225797
0.0219413
0.0212443
0.0205652
0.0198613
0.0191221
0.0183933
0.017685
0.0169966
0.0163046
0.0156111
0.0149008
0.0141301
0.0252609
0.0250949
0.024895
0.0246631
0.0244133
0.0241344
0.0238065
0.0234128
0.0229525
0.022438
0.0219007
0.0213192
0.0207063
0.0201123
0.0195068
0.0188817
0.018267
0.0176711
0.0170952
0.0165269
0.0159679
0.0154071
0.0148117
0.0248955
0.0247452
0.0245288
0.0242597
0.0239504
0.0236092
0.0232331
0.0228131
0.0223512
0.021859
0.0213578
0.0208372
0.0203024
0.019782
0.019257
0.0187234
0.0182008
0.0176948
0.0172081
0.0167354
0.0162791
0.0158322
0.0153711
0.024552
0.0244063
0.0241764
0.0238828
0.0235388
0.0231598
0.022754
0.0223221
0.0218688
0.0214039
0.0209403
0.0204721
0.0199998
0.0195388
0.0190791
0.0186193
0.018171
0.0177382
0.0173236
0.0169259
0.0165476
0.0161846
0.0158221
0.0242493
0.0241052
0.0238666
0.0235583
0.0231963
0.022798
0.0223772
0.0219417
0.0214986
0.0210565
0.0206223
0.0201922
0.0197663
0.0193526
0.0189469
0.0185485
0.0181636
0.0177943
0.0174411
0.0171027
0.0167812
0.0164768
0.0161843
0.0240113
0.0238662
0.023624
0.02331
0.0229418
0.0225378
0.0221139
0.0216821
0.0212507
0.0208258
0.0204113
0.0200065
0.019612
0.0192317
0.0188638
0.0185073
0.0181643
0.0178365
0.0175252
0.0172303
0.0169529
0.0166937
0.0164512
0.0238833
0.0237401
0.0234933
0.023171
0.0227953
0.022385
0.0219565
0.0215225
0.0210933
0.0206764
0.0202759
0.0198918
0.0195221
0.0191664
0.0188239
0.0184936
0.018177
0.0178764
0.0175943
0.0173318
0.0170899
0.0168692
0.0166701
0.0529526
0.033403
0.0107214
-0.00888545
-0.0281761
-0.0472269
-0.0659876
-0.0818944
0.04129
0.023706
0.00122883
-0.0175333
-0.032095
-0.045226
-0.058257
-0.0691605
0.0305589
0.0168404
-0.00235378
-0.01824
-0.0284904
-0.0373762
-0.0467772
-0.0554906
0.0207116
0.0102016
-0.0049707
-0.0177676
-0.0256653
-0.0321339
-0.0386472
-0.0446547
0.0130775
0.00461757
-0.00601579
-0.0151194
-0.0210789
-0.0258244
-0.0303072
-0.0345068
0.00788032
0.00107787
-0.00598882
-0.0120495
-0.0164553
-0.0200761
-0.0232959
-0.0261621
0.00484132
-0.000495451
-0.00499291
-0.00878397
-0.0118671
-0.0145866
-0.0169317
-0.0188932
0.00352493
-0.000573283
-0.00329253
-0.00549369
-0.00752776
-0.00949236
-0.0111627
-0.0124397
0.00346058
0.000367113
-0.00116621
-0.00230099
-0.00355375
-0.00492482
-0.00611924
-0.0069844
0.00422919
0.00192731
0.00115645
0.000703401
5.58838e-06
-0.000909538
-0.0017503
-0.0023361
0.00549716
0.00380859
0.00350874
0.00346732
0.00314434
0.00256821
0.00199156
0.00159245
0.00698258
0.00575713
0.00573215
0.00593493
0.00586688
0.00553029
0.00513117
0.00483678
0.00849017
0.00760178
0.0077204
0.0080575
0.0081685
0.00800879
0.00773602
0.00750386
0.00994539
0.00930546
0.00948897
0.00986663
0.0100657
0.0100212
0.00984092
0.00965204
0.0112886
0.0108269
0.0110202
0.0113762
0.0115969
0.0116162
0.0114998
0.0113437
0.0124782
0.0121458
0.0123182
0.0126202
0.0128227
0.0128656
0.0127862
0.0126532
0.0134959
0.0132568
0.0133936
0.0136276
0.0137893
0.0138279
0.0137635
0.013644
0.0143382
0.0141657
0.0142628
0.0144278
0.0145395
0.0145587
0.0144958
0.0143835
0.0150179
0.0148893
0.0149475
0.0150495
0.0151114
0.0151047
0.0150351
0.0149252
0.0155536
0.0154493
0.0154689
0.0155153
0.0155318
0.0154986
0.0154196
0.0153104
0.0159712
0.015873
0.0158508
0.0158447
0.0158193
0.0157617
0.0156741
0.0155667
0.016272
0.0161685
0.0161044
0.0160498
0.0159868
0.0159083
0.0158151
0.0157121
0.0165111
0.0163852
0.0162655
0.016155
0.0160526
0.0159551
0.0158594
0.0157637
-0.601832
-0.60972
-0.621577
-0.638417
-0.660409
-0.685962
-0.710026
-0.726554
-0.598036
-0.604599
-0.615001
-0.629247
-0.646387
-0.665492
-0.683832
-0.695471
-0.595941
-0.600009
-0.607389
-0.617586
-0.629223
-0.639621
-0.645145
-0.641682
-0.595846
-0.595577
-0.597411
-0.599935
-0.601663
-0.60035
-0.593282
-0.577939
-0.59653
-0.58921
-0.582083
-0.574309
-0.565398
-0.554252
-0.538804
-0.516727
-0.593823
-0.577022
-0.559706
-0.542425
-0.52559
-0.508155
-0.48788
-0.462232
-0.582711
-0.556202
-0.530376
-0.506741
-0.485392
-0.464614
-0.441875
-0.414642
-0.559832
-0.526044
-0.495442
-0.469143
-0.446103
-0.424072
-0.400463
-0.372889
-0.524678
-0.488006
-0.456904
-0.430928
-0.408197
-0.386341
-0.362964
-0.335924
-0.47971
-0.44497
-0.416694
-0.393002
-0.37189
-0.351173
-0.328824
-0.302932
-0.429085
-0.399783
-0.376282
-0.356019
-0.337299
-0.318401
-0.297593
-0.273306
-0.376445
-0.354614
-0.336769
-0.320413
-0.304553
-0.287846
-0.268952
-0.24658
-0.324941
-0.310863
-0.298705
-0.286549
-0.273638
-0.259415
-0.24264
-0.222468
-0.274542
-0.268729
-0.262545
-0.254643
-0.244765
-0.232996
-0.218463
-0.200645
-0.226247
-0.229919
-0.228373
-0.224978
-0.217583
-0.207999
-0.195734
-0.180566
-0.444202
-0.469284
-0.498318
-0.527685
-0.553509
-0.573547
-0.587026
-0.595413
-0.447983
-0.474557
-0.504419
-0.533432
-0.558105
-0.575897
-0.587009
-0.593242
-0.450987
-0.479951
-0.512266
-0.542393
-0.566753
-0.58303
-0.591355
-0.59414
-0.45572
-0.488057
-0.523275
-0.555678
-0.580219
-0.594755
-0.599731
-0.597829
-0.462468
-0.498566
-0.537224
-0.572624
-0.597403
-0.609843
-0.610444
-0.604116
-0.470776
-0.51051
-0.552945
-0.590689
-0.615853
-0.625564
-0.621477
-0.609147
-0.479895
-0.522134
-0.567409
-0.606813
-0.63145
-0.637389
-0.627406
-0.607362
-0.48883
-0.53104
-0.576758
-0.615713
-0.637546
-0.638637
-0.621676
-0.593232
-0.496636
-0.534641
-0.576669
-0.611749
-0.62822
-0.623113
-0.599168
-0.563714
-0.502899
-0.53098
-0.563668
-0.590421
-0.598649
-0.586723
-0.557771
-0.519364
-0.507973
-0.519379
-0.536194
-0.549459
-0.547372
-0.530399
-0.500735
-0.464358
-0.512662
-0.500586
-0.494921
-0.491333
-0.47893
-0.459191
-0.43344
-0.403896
-0.517868
-0.476904
-0.440908
-0.409184
-0.392891
-0.378319
-0.363015
-0.343283
-0.524509
-0.451661
-0.384953
-0.342542
-0.310506
-0.298777
-0.294352
-0.28572
-0.530628
-0.423671
-0.317652
-0.225454
-0.217577
-0.222379
-0.229704
-0.231662
-0.543439
-0.4085
-0.273975
-0.177151
-0.118119
-0.129816
-0.147804
-0.17304
-0.514516
-0.372661
-0.221471
-0.0955407
-0.0233413
-0.0223024
-0.0602235
-0.102355
-0.386195
-0.284666
-0.177175
-0.0559561
0.0604595
0.0912143
0.0557168
-0.0181252
-0.275598
-0.242455
-0.192994
-0.101085
0.0257755
0.124087
0.1414
0.0787247
-0.227669
-0.22536
-0.201861
-0.145305
-0.060387
0.0199978
0.090743
0.091609
-0.22264
-0.241408
-0.239385
-0.218258
-0.176606
-0.124648
-0.058869
0.00742392
-0.247738
-0.283293
-0.301762
-0.302917
-0.284589
-0.242987
-0.190247
-0.103098
-0.26171
-0.298975
-0.316644
-0.316466
-0.298599
-0.262317
-0.224961
-0.157965
-0.222583
-0.246302
-0.257734
-0.255506
-0.240994
-0.215235
-0.19452
-0.151358
-0.163471
-0.172261
-0.177078
-0.1786
-0.174997
-0.164467
-0.15436
-0.129528
-0.144874
-0.144452
-0.141958
-0.138706
-0.132712
-0.1245
-0.118747
-0.108804
-0.127179
-0.129361
-0.130195
-0.127058
-0.119366
-0.110249
-0.103348
-0.0964843
-0.106602
-0.105167
-0.106469
-0.10887
-0.110426
-0.107625
-0.0978055
-0.0833987
-0.113627
-0.112071
-0.11228
-0.115124
-0.119319
-0.12193
-0.121229
-0.113326
-0.138541
-0.136589
-0.136226
-0.138367
-0.144306
-0.149802
-0.15277
-0.150068
-0.150767
-0.147634
-0.144359
-0.142147
-0.140518
-0.141672
-0.140571
-0.142544
-0.133285
-0.130814
-0.127642
-0.12493
-0.121425
-0.120153
-0.116357
-0.117479
-0.108621
-0.101681
-0.0942544
-0.086945
-0.0802299
-0.076057
-0.0723702
-0.0729144
-0.109372
-0.0967713
-0.083111
-0.0698283
-0.0585761
-0.0501023
-0.0443708
-0.0408348
-0.126729
-0.115488
-0.103707
-0.0918965
-0.0811861
-0.0706878
-0.063436
-0.0498523
-0.133619
-0.122647
-0.110808
-0.0985458
-0.0865089
-0.0744069
-0.0627225
-0.0525024
-0.133454
-0.133537
-0.131546
-0.126974
-0.119934
-0.10984
-0.0956522
-0.0798691
-0.143833
-0.154245
-0.160661
-0.162877
-0.161222
-0.156352
-0.147753
-0.135138
-0.149768
-0.158391
-0.165194
-0.169501
-0.169715
-0.184377
-0.177402
-0.16827
-0.147245
-0.153979
-0.15766
-0.158953
-0.158321
-0.156822
-0.151968
-0.147335
-0.152948
-0.135003
-0.116044
-0.098529
-0.0838559
-0.0742442
-0.0663942
-0.0648313
-0.156234
-0.123529
-0.0901375
-0.0598605
-0.0335723
-0.0139391
-0.000781539
0.00887065
-0.155415
-0.145735
-0.132481
-0.116848
-0.0999368
-0.082491
-0.0645494
-0.0470279
-0.129247
-0.135834
-0.138267
-0.136544
-0.131236
-0.123023
-0.1128
-0.100867
-0.0794658
-0.0792332
-0.0779095
-0.0757978
-0.0726527
-0.0689553
-0.0639442
-0.0592293
-0.0275466
-0.0239689
-0.0205009
-0.0173931
-0.0147339
-0.0127609
-0.011445
-0.010623
-0.0225829
-0.0214909
-0.0202542
-0.0189294
-0.0175742
-0.0162573
-0.0149848
-0.0136933
-0.0175519
-0.01811
-0.0184301
-0.0184941
-0.0182901
-0.0178486
-0.017203
-0.01635
-0.0105837
-0.0106967
-0.0107563
-0.0107637
-0.0107101
-0.0106129
-0.0104448
-0.0102846
-0.00584646
-0.00568599
-0.00554189
-0.00542234
-0.00533214
-0.00527965
-0.0052507
-0.00526607
-0.00403729
-0.00400196
-0.00396444
-0.00392613
-0.00388841
-0.00385389
-0.00381955
-0.0037961
-0.0024453
-0.00247017
-0.0024873
-0.00249512
-0.00249153
-0.00248018
-0.00245825
-0.00243323
-0.000806949
-0.00081442
-0.000819991
-0.000824312
-0.000824602
-0.000822412
-0.000816606
-0.000810447
-0.158611
-0.134112
-0.111357
-0.0897152
-0.0728626
-0.0582554
-0.0454038
-0.0349925
-0.0263883
-0.0192439
-0.013418
-0.00856796
-0.00463287
-0.00144251
0.00117139
0.00327079
0.0049518
0.00627957
0.00731357
0.00809935
0.0086664
0.00904032
0.00923063
-0.110633
-0.0949859
-0.0886575
-0.076489
-0.0666029
-0.0554362
-0.0449558
-0.0356335
-0.0274243
-0.0204027
-0.0144555
-0.00947192
-0.00539893
-0.00204417
0.000695544
0.00290162
0.00467044
0.00606348
0.00714493
0.00796307
0.00855139
0.00893795
0.00913411
-0.0330917
-0.0392079
-0.050701
-0.0521821
-0.0512636
-0.0461372
-0.0397705
-0.0327483
-0.0259295
-0.0196753
-0.0141193
-0.00939537
-0.00543086
-0.00212551
0.000580914
0.00277994
0.00454967
0.00594756
0.00703513
0.00785819
0.00845007
0.00883902
0.00903643
0.0466957
0.0132416
-0.0140131
-0.0277117
-0.0346022
-0.0346929
-0.0321188
-0.0277509
-0.022637
-0.0174767
-0.012687
-0.00848476
-0.00484848
-0.00177665
0.000771604
0.00286675
0.0045644
0.00591603
0.00697371
0.00777818
0.00835968
0.00874337
0.00893875
0.0844587
0.0395563
0.00874248
-0.0103814
-0.0217292
-0.0240132
-0.0243636
-0.0220912
-0.018561
-0.0145551
-0.0106596
-0.00706717
-0.00388863
-0.00115813
0.00115634
0.00308489
0.00466612
0.00594014
0.00694636
0.00771782
0.00827911
0.0086518
0.00884252
0.0254463
0.0150032
0.00355379
-0.00715356
-0.0146272
-0.0173976
-0.0181362
-0.0168343
-0.0143701
-0.0113693
-0.00832512
-0.00537971
-0.00271093
-0.000370709
0.00166759
0.00339299
0.00483127
0.00600646
0.00694541
0.00767293
0.00820734
0.00856494
0.00874901
-0.0592542
-0.0320467
-0.0191873
-0.016593
-0.0156338
-0.0151209
-0.0139999
-0.0124977
-0.0104895
-0.00820846
-0.00586783
-0.00355079
-0.0014013
0.000544771
0.00227645
0.00377564
0.00505343
0.00611449
0.00697444
0.00764825
0.00814778
0.00848473
0.00865916
-0.106869
-0.0654334
-0.0400013
-0.0264648
-0.018395
-0.0141287
-0.0107889
-0.00879861
-0.00688195
-0.0051141
-0.00338355
-0.00166426
-1.99824e-05
0.00153462
0.00295563
0.00422062
0.00532449
0.00625875
0.00702888
0.00764048
0.00809903
0.00841092
0.00857333
-0.114597
-0.0734601
-0.0500874
-0.0312233
-0.0205746
-0.012832
-0.00807264
-0.0055379
-0.00353126
-0.00215676
-0.000947519
0.000235636
0.00139268
0.0025464
0.00365633
0.00468719
0.00561426
0.00641909
0.00709648
0.00764266
0.00805723
0.00834195
0.00849116
-0.0987356
-0.0666348
-0.0475702
-0.0279759
-0.0183847
-0.0090046
-0.00437731
-0.00166121
0.000125375
0.000872849
0.0015077
0.00212353
0.0028001
0.00355971
0.00436023
0.00515864
0.00590845
0.00658416
0.00716835
0.00764928
0.00801982
0.00827701
0.0084128
-0.0878008
-0.0636727
-0.0453248
-0.0234237
-0.0138033
-0.00236367
0.000720071
0.00349366
0.00421131
0.00418898
0.00415132
0.00412054
0.00427523
0.00461435
0.00509266
0.0056502
0.00622053
0.00676417
0.00725189
0.00766429
0.00798842
0.00821658
0.00833809
-0.0800822
-0.057985
-0.0411119
-0.0175019
-0.00752246
0.00492422
0.00699144
0.00972106
0.00877189
0.00783085
0.0068937
0.00617643
0.00581128
0.00574049
0.00589264
0.00619566
0.00657687
0.00697903
0.00736156
0.00769818
0.00796933
0.00816342
0.00826788
-0.0711076
-0.0503672
-0.0280686
-0.00580798
0.00770183
0.0164893
0.0170323
0.0168918
0.0139529
0.0117572
0.00973215
0.0082702
0.00735969
0.00688244
0.00672346
0.00678062
0.00697152
0.00722428
0.00749333
0.00774615
0.00795895
0.00811558
0.00820117
-0.100731
-0.0817027
-0.0396806
-0.00454757
0.0245145
0.0314242
0.0295158
0.0244726
0.0190044
0.0150906
0.0120787
0.0100997
0.00877542
0.00795039
0.00751457
0.00735182
0.00736449
0.00747543
0.00763447
0.00780372
0.00795574
0.00807266
0.00813804
-0.132804
-0.120935
-0.0703344
-0.0180596
0.0279505
0.0355089
0.033686
0.0280834
0.0221359
0.0173855
0.0138051
0.0114899
0.00991437
0.00886763
0.00823343
0.00789249
0.00774421
0.00772278
0.00777451
0.00786101
0.00795356
0.00803129
0.00807665
-0.129564
-0.119037
-0.0793407
-0.031098
0.00661058
0.0218303
0.0249792
0.0231858
0.0200617
0.0170278
0.0143938
0.0123258
0.0107421
0.00964305
0.00888168
0.00840166
0.00811822
0.00797524
0.00792411
0.00792839
0.00795832
0.00799385
0.00801711
-0.107428
-0.0901955
-0.0615036
-0.0329774
-0.0106721
0.00351059
0.0117759
0.014692
0.0152259
0.0146199
0.0135762
0.0123824
0.0112341
0.0102527
0.00946211
0.0088866
0.00848618
0.00822878
0.00807587
0.00799703
0.00796407
0.00795651
0.00795702
-0.0718154
-0.0598728
-0.0442542
-0.0314749
-0.0177744
-0.00496218
0.00489001
0.00989151
0.0123913
0.0129914
0.0128551
0.012223
0.0114525
0.0106451
0.00991254
0.00929432
0.00881134
0.0084586
0.00821568
0.00805962
0.00796592
0.00791646
0.00789469
-0.0426727
-0.0395959
-0.036806
-0.0322168
-0.0209055
-0.00598552
0.00299827
0.00889087
0.0112475
0.012748
0.0127269
0.0124437
0.0117109
0.0109732
0.0102599
0.00960927
0.00906942
0.00864326
0.00832626
0.00810378
0.00795634
0.0078685
0.00782623
-0.0604344
-0.0463429
-0.0388799
-0.0264003
-0.013926
0.000298249
0.00676933
0.0120761
0.0126603
0.0137506
0.0131715
0.0129735
0.0120891
0.0113799
0.0106222
0.009914
0.00930662
0.00880805
0.00842083
0.00813487
0.00793592
0.00781112
0.00774883
-0.0450943
-0.0298407
-0.019978
-0.00632845
0.000909143
0.00905385
0.0119618
0.0150481
0.0145988
0.0149321
0.0138308
0.013348
0.0124019
0.011668
0.0108773
0.0101446
0.00948893
0.00893299
0.00848632
0.00814507
0.00789946
0.00774036
0.00765918
-0.0671452
-0.043483
-0.0191135
0.00563684
0.0219903
0.0248633
0.0246684
0.0213413
0.0182428
0.0165441
0.0148373
0.0138253
0.0127334
0.011899
0.011042
0.0102745
0.00958203
0.00898863
0.00849806
0.00811431
0.00783298
0.00764685
0.00755092
-0.119561
-0.0971266
-0.061624
-0.0267077
0.00581648
0.015662
0.0227038
0.0190401
0.0178826
0.0162173
0.0149974
0.0139453
0.0129238
0.0120218
0.011147
0.0103428
0.00961781
0.00899065
0.0084658
0.00804985
0.00773808
0.0075289
0.00741988
-0.150336
-0.130255
-0.0954377
-0.0585316
-0.0227863
-0.00819009
0.00275061
0.00896237
0.0124861
0.0135061
0.0137595
0.0133665
0.0126823
0.011906
0.0110888
0.0102915
0.00956422
0.00891832
0.00837356
0.00793531
0.00760408
0.00737914
0.00726093
-0.131649
-0.108367
-0.0737536
-0.0399889
-0.0139291
-0.00376
0.00236058
0.00726247
0.0108204
0.0127284
0.0133059
0.0131736
0.0125348
0.0117855
0.0109599
0.0101555
0.00942097
0.00876782
0.00821633
0.00776757
0.00742583
0.00719148
0.00706764
-0.0628596
-0.0413342
-0.0136908
0.0109908
0.0249834
0.0256659
0.0209422
0.0180354
0.0160062
0.0157368
0.0143967
0.0136761
0.0126196
0.011734
0.0107697
0.00993956
0.00917996
0.00852827
0.00797878
0.00753486
0.00719484
0.00696007
0.00683528
0.00348154
0.017388
0.0142978
0.0514742
0.0394418
0.0364988
0.0311073
0.0270314
0.0227245
0.0198105
0.0168215
0.0147654
0.0129782
0.0117036
0.0105366
0.00963266
0.00884295
0.00819868
0.0076623
0.00723317
0.00690487
0.00667784
0.00655676
-0.0331421
-0.0147012
0.00463092
0.0251468
0.0377563
0.0416223
0.0385348
0.0315414
0.0257434
0.0210483
0.0173896
0.0147198
0.0126645
0.0111967
0.0100097
0.00910248
0.00835124
0.0077455
0.00725102
0.0068563
0.0065533
0.00634245
0.00622924
-0.0844317
-0.0655596
-0.0414559
-0.0185313
0.00394407
0.011084
0.017018
0.0166953
0.0162464
0.0151008
0.0137749
0.0123578
0.0110152
0.00991966
0.00899685
0.00826331
0.00764954
0.00714258
0.0067253
0.0063883
0.00612854
0.00594526
0.00584632
-0.0511934
-0.0406999
-0.0276619
-0.0149556
-0.003841
0.00306209
0.00588211
0.00670884
0.00764332
0.00834863
0.00872728
0.00875837
0.0084664
0.00808347
0.00760557
0.00717315
0.00676716
0.00641117
0.00610244
0.00584342
0.00563705
0.00548843
0.00540708
-0.0107529
-0.00930145
-0.0083663
-0.00773964
-0.00650143
-0.00473825
-0.00277505
-0.000574608
0.00148363
0.0031113
0.00428382
0.00514225
0.00561984
0.00589149
0.00591578
0.00585655
0.0057101
0.00554493
0.00537225
0.00521261
0.00507488
0.00497054
0.00491128
-0.0126596
-0.0113539
-0.0101804
-0.00884168
-0.00723502
-0.00546013
-0.00378687
-0.00238669
-0.0010464
0.000193682
0.00134481
0.00237071
0.00317121
0.00380261
0.00419978
0.00445951
0.00456803
0.00459981
0.00457113
0.0045156
0.00445104
0.00439409
0.00435937
-0.0151254
-0.0134473
-0.0115009
-0.00944707
-0.00743071
-0.00603361
-0.00475713
-0.00378867
-0.00269613
-0.00162811
-0.000595169
0.000387202
0.00126276
0.00204622
0.00264998
0.00311914
0.00342392
0.00362385
0.00372789
0.0037738
0.00378024
0.00377018
0.00375927
-0.00983919
-0.00915918
-0.00836763
-0.00753677
-0.00668604
-0.00592091
-0.00515527
-0.00433231
-0.00335284
-0.00240057
-0.00150053
-0.000662381
9.39152e-05
0.000811115
0.00143456
0.00197374
0.0023804
0.00268338
0.00288048
0.00300542
0.00307291
0.00310523
0.00311658
-0.00525727
-0.00518487
-0.00513276
-0.00504292
-0.00485245
-0.0045318
-0.00403662
-0.00343983
-0.00275755
-0.00210898
-0.0014721
-0.000867488
-0.000313297
0.000217602
0.000697031
0.00114862
0.00153558
0.0018554
0.00208929
0.00225316
0.00235611
0.00241499
0.00244148
-0.0037431
-0.00365139
-0.00356342
-0.00344308
-0.00327521
-0.00305006
-0.0027526
-0.00241483
-0.00201798
-0.00161951
-0.00119867
-0.000783532
-0.000395673
-2.45948e-05
0.000299875
0.000613562
0.000897735
0.00115587
0.00136991
0.00153436
0.00164698
0.00171688
0.00174985
-0.00237981
-0.00230011
-0.00221572
-0.00211398
-0.00200385
-0.00188616
-0.00173849
-0.00156329
-0.00133114
-0.00109203
-0.000829325
-0.00056949
-0.000325871
-8.87199e-05
0.000107147
0.000293865
0.00045471
0.000609518
0.000749677
0.000868827
0.000958782
0.00101891
0.00104822
-0.000793484
-0.000767757
-0.000740272
-0.000709862
-0.000677672
-0.000643017
-0.000594911
-0.000536677
-0.000453182
-0.000374094
-0.000281921
-0.00019364
-0.000111977
-2.55459e-05
4.13065e-05
0.000108214
0.000156385
0.000203913
0.000245045
0.000283192
0.000314141
0.000336302
0.000347556
-0.155158
-0.126672
-0.101146
-0.0812482
-0.0643381
-0.0508092
-0.0394538
-0.0302591
-0.022672
-0.0163861
-0.0111704
-0.0068198
-0.0032291
-0.000245039
0.00220075
0.00417935
0.00576883
0.00702433
0.00800424
0.0087491
0.00928387
0.00962993
0.00980183
-0.165057
-0.131807
-0.103875
-0.0825867
-0.0651867
-0.0510396
-0.0393187
-0.0299824
-0.022342
-0.016073
-0.0109043
-0.00661777
-0.00310633
-0.000188461
0.0022002
0.00413789
0.00570168
0.00694246
0.00791495
0.00865701
0.00919306
0.00954366
0.0097204
-0.173665
-0.135761
-0.105191
-0.0832162
-0.0655289
-0.0508956
-0.0390116
-0.0296899
-0.0220072
-0.0157596
-0.010622
-0.00639872
-0.00296667
-0.000108262
0.00222121
0.00411649
0.0056517
0.00687456
0.00783706
0.00857451
0.00911017
0.00946337
0.00964338
-0.179604
-0.137996
-0.107117
-0.0852078
-0.0666527
-0.0510538
-0.0390292
-0.0296447
-0.0218508
-0.0155867
-0.0104263
-0.00624934
-0.00286191
-4.01138e-05
0.0022394
0.00410121
0.00561095
0.00681648
0.00776843
0.0085004
0.00903458
0.00938888
0.00957075
-0.18352
-0.138459
-0.108391
-0.0861772
-0.0666694
-0.0507869
-0.0391833
-0.0297334
-0.0218595
-0.0155589
-0.0103631
-0.00622085
-0.00282395
-1.79272e-05
0.00223201
0.00407731
0.00556934
0.00676201
0.00770539
0.00843262
0.00896488
0.00931921
0.00950182
-0.180389
-0.137858
-0.111087
-0.0879732
-0.0670156
-0.0513106
-0.0399141
-0.0300981
-0.0221173
-0.0157178
-0.0104963
-0.00634166
-0.00288272
-7.9934e-05
0.00217329
0.00402298
0.00551108
0.00670083
0.0076414
0.00836689
0.00889843
0.00925296
0.00943587
-0.176307
-0.136524
-0.111178
-0.0872012
-0.0666525
-0.0522655
-0.0407928
-0.0306717
-0.0226772
-0.0161712
-0.0109155
-0.00665784
-0.00311112
-0.000277864
0.00202612
0.00390714
0.00541504
0.00661898
0.00756809
0.00829871
0.00883284
0.00918877
0.00937206
-0.165488
-0.138583
-0.113785
-0.0887728
-0.0693226
-0.0550814
-0.0426408
-0.0322901
-0.0240867
-0.0173264
-0.011873
-0.00737428
-0.00367884
-0.000720768
0.0017051
0.00366787
0.00523962
0.00648892
0.00746809
0.00821763
0.00876266
0.00912436
0.00930958
0.0168708
-0.00989573
-0.0362399
-0.063399
-0.0905768
-0.116361
-0.140066
-0.161827
0.0186875
-0.0108519
-0.0402481
-0.0707153
-0.101201
-0.130211
-0.156613
-0.179855
0.0196785
-0.0142691
-0.0479492
-0.0818682
-0.115
-0.146175
-0.174396
-0.199554
0.0194456
-0.0193611
-0.0574386
-0.0946637
-0.130323
-0.163651
-0.193977
-0.221429
0.0174667
-0.0259481
-0.0682876
-0.108991
-0.147547
-0.183441
-0.216228
-0.245999
0.0136423
-0.0343884
-0.081133
-0.125729
-0.167658
-0.206463
-0.241775
-0.273719
0.00781459
-0.0452902
-0.0968669
-0.145828
-0.191516
-0.233428
-0.27122
-0.305142
-0.000590834
-0.0595051
-0.11648
-0.170264
-0.220003
-0.265141
-0.305377
-0.341033
-0.012593
-0.0781847
-0.141215
-0.2003
-0.25437
-0.302765
-0.345397
-0.382387
-0.0296489
-0.102893
-0.172743
-0.237661
-0.296419
-0.348185
-0.392843
-0.430517
-0.0537878
-0.135795
-0.213398
-0.284762
-0.348397
-0.403635
-0.449753
-0.487049
-0.0878786
-0.179788
-0.266146
-0.344941
-0.413878
-0.471819
-0.517946
-0.552963
-0.136544
-0.239612
-0.334881
-0.420723
-0.494167
-0.552986
-0.596733
-0.62605
-0.203075
-0.318935
-0.42562
-0.515861
-0.587884
-0.641726
-0.677069
-0.694532
-0.265229
-0.387513
-0.493255
-0.580471
-0.647641
-0.694285
-0.72144
-0.731432
0.182629
0.176021
0.165203
0.150159
0.131035
0.10805
0.0819229
0.0514706
0.197235
0.189451
0.176697
0.159156
0.137216
0.111029
0.0820789
0.0503696
0.213642
0.204879
0.190523
0.170924
0.146739
0.118131
0.0869145
0.0540712
0.232228
0.222646
0.2069
0.185383
0.158984
0.127937
0.0937424
0.0578515
0.253031
0.242614
0.225398
0.201728
0.172646
0.138559
0.100504
0.0602676
0.275958
0.264565
0.245595
0.219347
0.18693
0.149062
0.106487
0.0612035
0.300926
0.288384
0.267305
0.238003
0.201595
0.159199
0.111558
0.0607291
0.327892
0.314031
0.290456
0.257594
0.216553
0.168853
0.11548
0.0584706
0.356778
0.341417
0.314916
0.277904
0.231524
0.177636
0.117619
0.053555
0.387328
0.37025
0.340314
0.298419
0.245837
0.184709
0.116898
0.0446658
0.418954
0.399884
0.365895
0.318193
0.258313
0.188672
0.111675
0.0299326
0.450472
0.429055
0.390263
0.335619
0.267077
0.187383
0.0995379
0.00665457
0.479869
0.455641
0.411084
0.348032
0.269074
0.1774
0.0766916
-0.0293691
0.50308
0.475594
0.424454
0.351604
0.260297
0.154488
0.0388451
-0.0821485
0.522139
0.491437
0.434015
0.352417
0.250057
0.130835
0.000944458
-0.133545
0.0250378
0.0250053
0.0249832
0.0249703
0.0249656
0.0249659
0.0249762
0.0249837
0.0294477
0.0293762
0.0292794
0.0291592
0.0290195
0.028864
0.0286946
0.0285178
0.0257764
0.0257465
0.0257348
0.02574
0.0257551
0.0257868
0.0258188
0.0258531
0.0296685
0.0295806
0.0294639
0.0293228
0.0291622
0.0289854
0.0287999
0.0286152
0.027232
0.0271976
0.0271942
0.0272083
0.0272317
0.0272663
0.0273175
0.0273738
0.0314927
0.0313814
0.0312379
0.0310639
0.0308653
0.0306552
0.0304364
0.0302455
0.0297186
0.0296511
0.0296133
0.02961
0.0296316
0.0296686
0.0296977
0.0297665
0.0340961
0.0339454
0.0337597
0.0335513
0.0333257
0.0331085
0.0328658
0.0326991
0.0333936
0.0332992
0.0332352
0.0332013
0.0331816
0.0331885
0.0331758
0.03322
0.0378461
0.0376372
0.0374025
0.037146
0.0368596
0.0366097
0.0363065
0.0361791
0.0385744
0.0383986
0.0382463
0.0381246
0.038008
0.0379629
0.037826
0.0378987
0.0433124
0.0430623
0.0427815
0.0425064
0.0421558
0.041928
0.0415031
0.0414612
0.0457603
0.0454519
0.0451472
0.0448794
0.0445236
0.044364
0.0439572
0.0440023
0.0513231
0.0509153
0.0503991
0.0500288
0.0493868
0.0491167
0.048555
0.0485678
0.0559455
0.0554797
0.0549206
0.0544619
0.0537543
0.0533708
0.0524866
0.0521969
0.0630822
0.062514
0.0616384
0.061002
0.0599175
0.0593672
0.0578155
0.0574797
0.0704133
0.069584
0.068454
0.0674143
0.0659207
0.0648187
0.0628921
0.0618533
0.0802602
0.0792006
0.0778066
0.0765018
0.0743517
0.0727343
0.0695989
0.067835
0.091137
0.0895845
0.0874321
0.0851052
0.0818991
0.0788892
0.0747394
0.0710364
0.104945
0.103024
0.10029
0.0971613
0.0927833
0.0883067
0.0820971
0.0761115
0.120677
0.117869
0.113771
0.108644
0.101982
0.0943715
0.0854613
0.0750701
0.140066
0.13651
0.131148
0.124043
0.114806
0.103849
0.0905728
0.0755125
0.16234
0.15736
0.149413
0.138407
0.124204
0.106983
0.0870916
0.0636718
0.02499
0.0250063
0.0250439
0.0251031
0.0251879
0.0252929
0.0253697
0.025396
0.0253454
0.0252
0.0249479
0.0245866
0.0241245
0.0235841
0.0229949
0.0223857
0.0217793
0.0211894
0.0206282
0.0201121
0.0196656
0.01932
0.0191102
0.0282815
0.0279556
0.0275546
0.0270688
0.0264911
0.0258927
0.0253195
0.0247894
0.0243234
0.0239321
0.0236134
0.023351
0.0231143
0.0228381
0.0224642
0.0220017
0.0214834
0.0209396
0.0204024
0.0198995
0.0194612
0.0191229
0.0189169
0.0259047
0.0259735
0.0260621
0.0261736
0.02626
0.0262398
0.0261099
0.0258747
0.0255229
0.025057
0.024498
0.0238827
0.0232736
0.0227155
0.0221956
0.0216837
0.0211476
0.0205943
0.0200518
0.0195495
0.0191166
0.0187877
0.0185941
0.028348
0.0279784
0.0275338
0.0270305
0.0265753
0.02617
0.0258036
0.0254612
0.0251287
0.0247874
0.0244052
0.0239233
0.0233192
0.0226454
0.0219963
0.0213724
0.0207635
0.0201702
0.0196071
0.0190994
0.0186705
0.0183521
0.018176
0.0274279
0.027464
0.0275236
0.0275397
0.0274406
0.0272504
0.0269513
0.0265357
0.0260119
0.025398
0.0247378
0.0240575
0.0233488
0.0225968
0.021822
0.0210595
0.0203415
0.0196832
0.0190914
0.0185788
0.0181567
0.0178509
0.0176949
0.0299048
0.029428
0.0288667
0.0283414
0.0278513
0.0273713
0.0268972
0.0264148
0.0259136
0.0253452
0.0246973
0.0239744
0.0231973
0.0223679
0.0215078
0.0206604
0.0198656
0.0191497
0.0185289
0.0180123
0.0176009
0.0173109
0.017175
0.0297551
0.0296961
0.0296063
0.029408
0.0290924
0.0286456
0.0280545
0.0273367
0.0265232
0.0256546
0.0247534
0.0238318
0.0228986
0.0219599
0.0210286
0.0201305
0.0192967
0.0185541
0.0179224
0.017413
0.0170201
0.0167511
0.0166337
0.032336
0.0316352
0.0309556
0.030305
0.029655
0.0289861
0.0282861
0.0275137
0.0266462
0.0256787
0.0246294
0.0235357
0.0224404
0.021382
0.0203799
0.0194496
0.0186096
0.0178773
0.0172667
0.0167878
0.0164293
0.0161893
0.0160872
0.033138
0.0328291
0.0324357
0.0318789
0.0311467
0.0302493
0.0292164
0.0280841
0.0268858
0.0256403
0.0243651
0.0230884
0.0218496
0.0206873
0.0196282
0.0186821
0.0178579
0.0171589
0.0165906
0.0161569
0.0158444
0.0156386
0.015549
0.0356612
0.034789
0.0338901
0.0329404
0.0319392
0.030862
0.0296687
0.0283549
0.026934
0.0254457
0.0239369
0.0224679
0.0210914
0.0198457
0.0187535
0.0178189
0.0170398
0.0164031
0.0159015
0.0155284
0.0152735
0.0151051
0.0150273
0.037562
0.0367877
0.0359079
0.0348303
0.0335095
0.0319901
0.0303231
0.0285609
0.0267511
0.024947
0.0232002
0.0215648
0.0200882
0.0188045
0.0177234
0.0168418
0.0161455
0.0156059
0.0151994
0.014905
0.0147186
0.0145908
0.0145274
0.040649
0.0392023
0.0376798
0.0360339
0.0342631
0.0323541
0.0303191
0.0282018
0.0260764
0.0240243
0.0221129
0.0203919
0.0188982
0.0176445
0.0166271
0.0158345
0.0152442
0.0148186
0.0145177
0.0143067
0.0141876
0.0140999
0.0140532
0.0431332
0.0415821
0.0398578
0.0378724
0.0355986
0.0331362
0.0305656
0.0279729
0.0254516
0.0230927
0.0209719
0.0191474
0.0176362
0.0164283
0.0155005
0.0148208
0.0143532
0.0140528
0.013862
0.0137361
0.0136797
0.0136335
0.0136064
0.0470594
0.044578
0.041935
0.0391024
0.0361295
0.0330311
0.0298924
0.0268439
0.0239996
0.0214529
0.01927
0.017478
0.016064
0.0149983
0.0142365
0.0137273
0.0134227
0.0132731
0.0132074
0.013178
0.013188
0.0131897
0.0131867
0.0504012
0.047368
0.0439933
0.0402747
0.0363487
0.0324147
0.0286351
0.0251465
0.0220512
0.0194217
0.0172816
0.0156152
0.0143805
0.01352
0.0129649
0.0126496
0.0125181
0.0125193
0.012577
0.012644
0.0127193
0.0127715
0.012794
0.0543509
0.0498116
0.0452187
0.0405416
0.0358229
0.031194
0.0268774
0.0230365
0.0197826
0.0171557
0.0151347
0.013664
0.0126666
0.0120524
0.0117303
0.011622
0.0116646
0.011808
0.0119806
0.012139
0.012277
0.0123805
0.0124286
0.0581916
0.0524267
0.046377
0.0401977
0.0342564
0.0288256
0.024079
0.0201019
0.0169055
0.0144638
0.0127081
0.0115426
0.0108572
0.010539
0.0104839
0.0106038
0.0108305
0.0111166
0.011405
0.0116555
0.0118579
0.0120148
0.0120896
0.0615188
0.053351
0.0456202
0.0381832
0.0313023
0.025293
0.0203356
0.0164261
0.0134846
0.0114034
0.0100554
0.00929978
0.00899456
0.00901208
0.00924522
0.0096037
0.0100187
0.0104476
0.0108513
0.0111941
0.0114627
0.0116733
0.0117757
0.0636104
0.0535401
0.0437554
0.0348026
0.0270745
0.0207859
0.0158636
0.0121937
0.00964934
0.00806042
0.00723159
0.00697008
0.00710346
0.00749294
0.00803224
0.00863565
0.00924036
0.00981101
0.0103263
0.0107591
0.0110944
0.0113559
0.0114862
0.0642663
0.0504191
0.0388854
0.0290145
0.021048
0.0149718
0.0105134
0.00743645
0.00553633
0.00459499
0.00437748
0.00466193
0.00526217
0.00603557
0.00688247
0.00772656
0.00851533
0.00922265
0.00984177
0.0103585
0.0107573
0.0110638
0.0112215
0.0604498
0.0448442
0.0319038
0.0214718
0.0136951
0.00816308
0.00443109
0.00217929
0.001127
0.000980849
0.00146386
0.00234402
0.00343662
0.0046045
0.00576379
0.00685029
0.00782476
0.00867012
0.00939218
0.00998969
0.0104502
0.0107971
0.0109817
0.0521205
0.0338662
0.0211588
0.0114274
0.00463537
0.000140271
-0.00252486
-0.0036818
-0.00367317
-0.00287191
-0.00158916
-5.28294e-05
0.00156684
0.0031478
0.00463097
0.00596923
0.00713903
0.00813122
0.00896304
0.00964398
0.0101676
0.0105548
0.0107665
0.0338148
0.0194089
0.00779384
-0.000486448
-0.00580219
-0.00901848
-0.0104218
-0.0102822
-0.00905282
-0.0071817
-0.00499991
-0.00272661
-0.000512253
0.00153518
0.00338257
0.00500682
0.00640061
0.007565
0.00852649
0.00930392
0.00989883
0.010333
0.0105745
0.0132492
0.00298608
-0.00574967
-0.012173
-0.0160908
-0.018083
-0.0181749
-0.016711
-0.0142694
-0.0113404
-0.00827167
-0.00527158
-0.00246539
5.1044e-05
0.00225988
0.00416619
0.00577807
0.00710851
0.00819118
0.00905407
0.00970754
0.0101756
0.0104355
-0.0106096
-0.0191328
-0.0231734
-0.0261327
-0.0272039
-0.0266564
-0.024592
-0.0214416
-0.0177353
-0.0138715
-0.0101144
-0.00660783
-0.00342456
-0.000629844
0.00177884
0.00382968
0.00554458
0.00694745
0.00807658
0.00896522
0.0096299
0.0100937
0.0103468
-0.0373084
-0.0445404
-0.0440673
-0.0424925
-0.0389797
-0.0344405
-0.0293797
-0.0242141
-0.0192247
-0.014581
-0.0103692
-0.0066138
-0.00330697
-0.000460499
0.001959
0.00399532
0.00568179
0.0070519
0.00814631
0.0089987
0.00962777
0.0100525
0.010277
-0.0612677
-0.0655488
-0.0602642
-0.0551375
-0.0479709
-0.0404247
-0.0330231
-0.0262374
-0.020198
-0.0149076
-0.0103225
-0.00637544
-0.00299296
-0.000127508
0.00227551
0.00426762
0.00589736
0.00720954
0.00824954
0.00905167
0.00963523
0.0100166
0.0102104
-0.0837435
-0.0817365
-0.0712533
-0.0631762
-0.0535551
-0.0444195
-0.0357583
-0.0280067
-0.0212609
-0.0154759
-0.0105628
-0.0064131
-0.00292212
4.79285e-06
0.00243474
0.00441861
0.00602053
0.00729643
0.00829891
0.00906502
0.00961523
0.00996614
0.0101383
-0.105177
-0.0959999
-0.0806549
-0.0693961
-0.0574317
-0.0470411
-0.0375848
-0.0293131
-0.0221784
-0.0160962
-0.0109634
-0.00665379
-0.00305917
-5.95208e-05
0.00241579
0.00441843
0.00602185
0.00728778
0.00827533
0.009025
0.0095592
0.00989634
0.0100588
-0.124894
-0.10863
-0.0890832
-0.074558
-0.0604454
-0.0488712
-0.0387052
-0.0300734
-0.0227188
-0.0164901
-0.0112567
-0.00686862
-0.00322011
-0.000179647
0.00232051
0.00433719
0.00594789
0.00721464
0.00819962
0.00894539
0.009476
0.00981179
0.00997369
-0.141659
-0.118959
-0.0963557
-0.0788786
-0.0629861
-0.0502386
-0.0393392
-0.0303666
-0.0228503
-0.0165625
-0.0113143
-0.00692151
-0.00327958
-0.000248149
0.00223919
0.00424703
0.00585379
0.00711841
0.00810236
0.00884803
0.00938033
0.00972069
0.00988695
)
;

boundaryField
{
    outlet
    {
        type            fixedValue;
        value           uniform 0;
    }
    upperWall
    {
        type            symmetryPlane;
    }
    lowerWall
    {
        type            symmetryPlane;
    }
    inlet
    {
        type            zeroGradient;
    }
    cylinder
    {
        type            zeroGradient;
    }
    frontAndBack
    {
        type            empty;
    }
}


// ************************************************************************* //
