/*--------------------------------*- C++ -*----------------------------------*\
| =========                 |                                                 |
| \\      /  F ield         | OpenFOAM: The Open Source CFD Toolbox           |
|  \\    /   O peration     | Version:  2312                                  |
|   \\  /    A nd           | Website:  www.openfoam.com                      |
|    \\/     M anipulation  |                                                 |
\*---------------------------------------------------------------------------*/
FoamFile
{
    version     2.0;
    format      ascii;
    arch        "LSB;label=32;scalar=64";
    class       volScalarField;
    location    "87";
    object      p;
}
// * * * * * * * * * * * * * * * * * * * * * * * * * * * * * * * * * * * * * //

dimensions      [0 2 -2 0 0 0 0];

internalField   nonuniform List<scalar> 
5478
(
-0.324212
-0.324176
-0.320229
-0.31316
-0.30352
-0.292536
-0.281711
-0.272264
-0.264739
-0.258627
-0.253009
-0.245674
-0.236998
-0.225051
-0.211067
-0.33236
-0.330864
-0.326799
-0.320329
-0.311256
-0.299767
-0.28684
-0.273728
-0.26113
-0.249138
-0.237283
-0.225496
-0.213568
-0.200414
-0.186698
-0.344257
-0.340373
-0.335003
-0.327835
-0.317586
-0.303718
-0.287391
-0.270267
-0.253561
-0.237793
-0.223123
-0.209102
-0.195118
-0.180894
-0.166719
-0.359884
-0.35309
-0.345548
-0.336211
-0.322468
-0.304432
-0.28419
-0.263799
-0.244423
-0.226483
-0.209739
-0.193976
-0.179027
-0.164639
-0.151092
-0.380628
-0.37009
-0.359937
-0.345972
-0.326162
-0.30278
-0.278704
-0.25562
-0.234235
-0.214627
-0.196715
-0.180253
-0.164749
-0.15025
-0.136363
-0.407594
-0.391525
-0.377359
-0.355689
-0.327937
-0.298838
-0.271089
-0.245645
-0.222649
-0.201964
-0.183251
-0.166175
-0.150574
-0.136196
-0.122563
-0.438477
-0.41662
-0.394067
-0.362037
-0.325985
-0.291488
-0.260393
-0.232852
-0.208529
-0.186983
-0.167858
-0.150818
-0.135462
-0.121593
-0.108499
-0.466534
-0.440742
-0.405605
-0.361792
-0.318095
-0.278943
-0.245036
-0.215844
-0.190617
-0.168713
-0.149597
-0.132851
-0.118213
-0.105265
-0.0935048
-0.424032
-0.426434
-0.427916
-0.430298
-0.433753
-0.437918
-0.442111
-0.445633
-0.448079
-0.449675
-0.451507
-0.455526
-0.463658
-0.476894
-0.491411
-0.397978
-0.39878
-0.397513
-0.396285
-0.395379
-0.394744
-0.39442
-0.394717
-0.396359
-0.400743
-0.409496
-0.423881
-0.445238
-0.473999
-0.501409
-0.377447
-0.376554
-0.373637
-0.369901
-0.365872
-0.36188
-0.358483
-0.356627
-0.357367
-0.362829
-0.374473
-0.39354
-0.418494
-0.451998
-0.481686
-0.360855
-0.359107
-0.355121
-0.349397
-0.342693
-0.335755
-0.329534
-0.32532
-0.324658
-0.329325
-0.340147
-0.359255
-0.382451
-0.41424
-0.441423
-0.346772
-0.345246
-0.340553
-0.333062
-0.323629
-0.31365
-0.304485
-0.297702
-0.294904
-0.298166
-0.307707
-0.32637
-0.348187
-0.376146
-0.399327
-0.335069
-0.334094
-0.329143
-0.3202
-0.308107
-0.295302
-0.283651
-0.275262
-0.272008
-0.275787
-0.285889
-0.302962
-0.321871
-0.341267
-0.354403
-0.325901
-0.325831
-0.3209
-0.311742
-0.297732
-0.284416
-0.272837
-0.265198
-0.262916
-0.266256
-0.274371
-0.285483
-0.296095
-0.304198
-0.304436
-0.321701
-0.322065
-0.317505
-0.309079
-0.29648
-0.284725
-0.27428
-0.266831
-0.263371
-0.26321
-0.265502
-0.267155
-0.266516
-0.262239
-0.253883
-0.541451
-0.587918
-0.501038
-0.361428
-0.240591
-0.183848
-0.178242
-0.197413
-0.195905
-0.162721
-0.141499
-0.136386
-0.114716
-0.0994684
-0.112466
-0.1345
-0.140327
-0.115202
-0.0962713
-0.106654
-0.129831
-0.122073
-0.119273
-0.150884
-0.148061
-0.114838
-0.0975594
-0.0921021
-0.0607566
-0.0494726
-0.0143153
-0.00381597
-0.00874225
-0.0149404
-0.0101157
0.0140443
0.0143682
0.000702121
-0.558442
-0.610998
-0.526199
-0.375463
-0.245253
-0.17655
-0.154006
-0.15209
-0.141639
-0.131738
-0.133559
-0.135942
-0.116126
-0.105325
-0.117252
-0.135034
-0.13966
-0.117954
-0.103705
-0.11858
-0.140987
-0.123914
-0.108205
-0.131761
-0.129809
-0.118772
-0.110564
-0.100092
-0.0587127
-0.0477786
-0.0166726
-0.00674897
-0.00992503
-0.0156886
-0.010728
0.0144943
0.0143594
0.000540409
-0.532284
-0.587298
-0.514537
-0.370069
-0.241959
-0.169129
-0.139734
-0.120775
-0.0973247
-0.10398
-0.125089
-0.13366
-0.119425
-0.11387
-0.124006
-0.13533
-0.137131
-0.119447
-0.109724
-0.129521
-0.150325
-0.123791
-0.0961953
-0.112461
-0.110345
-0.118751
-0.120458
-0.106586
-0.0563734
-0.0454762
-0.0191286
-0.00964462
-0.0111067
-0.0164181
-0.0114308
0.0147177
0.0142874
0.000430146
-0.478501
-0.532515
-0.471354
-0.345734
-0.232627
-0.160994
-0.13268
-0.106191
-0.0745977
-0.0816553
-0.118122
-0.132771
-0.124494
-0.125549
-0.133068
-0.135146
-0.132592
-0.119166
-0.113705
-0.138815
-0.157965
-0.12316
-0.0846137
-0.0944037
-0.0912232
-0.114951
-0.126799
-0.11178
-0.054309
-0.0427997
-0.0215762
-0.0122797
-0.0122545
-0.0171325
-0.0121869
0.0147111
0.0141824
0.000369771
-0.416981
-0.455504
-0.409344
-0.312152
-0.220958
-0.154836
-0.126824
-0.102372
-0.0738378
-0.0750364
-0.116268
-0.132395
-0.130046
-0.138602
-0.14335
-0.135866
-0.12702
-0.116487
-0.114902
-0.145602
-0.163617
-0.12243
-0.0743033
-0.078444
-0.0737093
-0.107869
-0.130028
-0.114939
-0.0528201
-0.0398498
-0.0238926
-0.0144526
-0.0133409
-0.0178378
-0.0129813
0.0144718
0.0140605
0.000352198
-0.352322
-0.374744
-0.344526
-0.277962
-0.20892
-0.151114
-0.122196
-0.0997681
-0.0813802
-0.0842638
-0.123798
-0.133541
-0.132594
-0.145245
-0.148349
-0.133025
-0.119972
-0.110893
-0.11291
-0.148954
-0.167369
-0.122865
-0.066492
-0.0650885
-0.0583664
-0.0979109
-0.13059
-0.11614
-0.0521932
-0.0371504
-0.0260869
-0.016032
-0.0143498
-0.0185436
-0.0137852
0.0140056
0.0139278
0.000368257
-0.289006
-0.304662
-0.291125
-0.250345
-0.199309
-0.148801
-0.118072
-0.0962834
-0.0841351
-0.0991128
-0.136007
-0.132013
-0.128626
-0.148313
-0.153219
-0.133781
-0.115155
-0.103153
-0.10662
-0.148899
-0.167346
-0.121258
-0.0607085
-0.0551418
-0.0453659
-0.0848586
-0.129592
-0.114204
-0.0526244
-0.0346315
-0.028104
-0.016948
-0.0152498
-0.019268
-0.0146486
0.0133125
0.0137995
0.000406631
-0.243352
-0.254112
-0.246009
-0.222835
-0.18903
-0.147428
-0.119033
-0.0966254
-0.0761924
-0.104379
-0.151639
-0.128028
-0.123802
-0.141757
-0.144978
-0.126364
-0.108285
-0.0935072
-0.0973865
-0.144232
-0.16836
-0.121644
-0.0577667
-0.0472869
-0.0337655
-0.0698154
-0.126596
-0.110286
-0.0543908
-0.0318809
-0.0293799
-0.0173239
-0.0160596
-0.0199859
-0.0154814
0.0123768
0.0136675
0.000456149
-0.218929
-0.230206
-0.215695
-0.191497
-0.159318
-0.123426
-0.0984987
-0.0793159
-0.0573624
-0.0784196
-0.10016
-0.105364
-0.106716
-0.131462
-0.152429
-0.11984
-0.095811
-0.0802481
-0.0903642
-0.132926
-0.156824
-0.114679
-0.0546665
-0.0403431
-0.0282684
-0.0583848
-0.117711
-0.102209
-0.0569915
-0.0346994
-0.0306544
-0.0162299
-0.0168099
-0.0210268
-0.0164996
0.0113966
0.0135154
0.000513043
-0.16222
-0.175102
-0.163219
-0.14112
-0.116556
-0.0899426
-0.0722063
-0.0561223
-0.038105
-0.0482275
-0.0713673
-0.0644881
-0.073008
-0.107373
-0.103959
-0.0930047
-0.0712991
-0.0577309
-0.071456
-0.120899
-0.154044
-0.103809
-0.0428545
-0.0264851
-0.0159988
-0.0410065
-0.103675
-0.0954318
-0.0543952
-0.0355484
-0.0319123
-0.0168697
-0.0180947
-0.0221925
-0.0175667
0.0101068
0.0129104
0.00053926
-0.126025
-0.139372
-0.13254
-0.116278
-0.0974065
-0.074584
-0.0564854
-0.0373049
-0.0109542
0.00648478
0.0242495
0.011686
-0.0237748
-0.0719725
-0.0812722
-0.0686277
-0.050117
-0.035256
-0.0432404
-0.0896112
-0.120425
-0.0794181
-0.0253797
-0.015259
-0.00776509
-0.0227929
-0.0841488
-0.0799991
-0.0485232
-0.0388338
-0.033884
-0.01589
-0.0190865
-0.0231845
-0.0187521
0.00838576
0.0119772
0.000588596
-0.0966922
-0.106219
-0.101254
-0.0869566
-0.068967
-0.0492979
-0.0330886
-0.0153234
0.00880733
0.0317409
0.0547725
0.0549344
0.0145929
-0.0326302
-0.0449773
-0.0377509
-0.0235029
-0.00944522
-0.0118448
-0.0508416
-0.0731074
-0.0466639
-0.012932
-0.0092579
0.00155839
-0.00436258
-0.0585291
-0.0556826
-0.0416323
-0.0424021
-0.0352292
-0.0155967
-0.0200985
-0.024071
-0.0198566
0.00628695
0.0108315
0.000695314
-0.0695114
-0.0777012
-0.0755134
-0.0652219
-0.0522811
-0.0369207
-0.0228272
-0.00691529
0.0158419
0.0395077
0.0593044
0.0616023
0.0334126
-0.00143996
-0.0168424
-0.0155891
-0.00993808
0.00515786
0.0167007
-0.00455874
-0.0191545
-0.0145702
-0.0092861
-0.00994506
0.00506959
0.00880596
-0.0260024
-0.0226734
-0.0311333
-0.0453273
-0.0352326
-0.0152489
-0.0210224
-0.0247661
-0.0210173
0.00385251
0.00956509
0.000854082
-0.0491922
-0.056301
-0.0551315
-0.0475233
-0.0370499
-0.02421
-0.0114912
0.00204962
0.0196598
0.036999
0.0502722
0.053933
0.0382023
0.0154771
0.00171294
0.00212119
0.00765136
0.0171688
0.0270116
0.0070006
0.00316676
0.0044087
-0.00759647
-0.00893974
0.00942796
0.0147221
7.76796e-05
0.00936788
-0.0167988
-0.0399202
-0.0322071
-0.0153504
-0.0216841
-0.0248287
-0.0216798
0.00129756
0.00827075
0.00105431
-0.0336479
-0.0386248
-0.0380783
-0.0325754
-0.024628
-0.015006
-0.00526764
0.00502269
0.0175797
0.0300172
0.039646
0.0425944
0.0352827
0.0223228
0.0120048
0.0116177
0.0133258
0.0202516
0.0305733
0.0173802
0.012476
0.0134782
-0.000736382
-0.00322154
0.0115441
0.0163371
0.0168495
0.0281102
-0.00182851
-0.0249889
-0.0246955
-0.0198135
-0.0216002
-0.0235402
-0.0212628
-0.000969378
0.00706809
0.00127435
-0.0204806
-0.0245491
-0.0246918
-0.0209522
-0.0151157
-0.00801004
-0.000627614
0.00722692
0.0160218
0.0245449
0.0311425
0.0334538
0.030348
0.0241894
0.017595
0.0177197
0.0200027
0.0231151
0.0295014
0.0203235
0.014152
0.0161436
0.00721025
0.00582234
0.0140198
0.0153387
0.0210232
0.0295978
0.00889165
-0.00981356
-0.0129133
-0.0146623
-0.0178429
-0.0208672
-0.0196874
-0.00235814
0.00617232
0.00153565
-0.0106303
-0.0138544
-0.0141725
-0.0116358
-0.00745984
-0.00235965
0.00295077
0.0085423
0.0144428
0.0199942
0.024665
0.0267622
0.0259029
0.0235678
0.020005
0.0196544
0.0207705
0.0222303
0.025867
0.0219158
0.016884
0.0166568
0.0120914
0.0114493
0.0156037
0.0162934
0.0212154
0.0262817
0.0149045
0.0017454
0.000382764
-0.00121769
-0.00888777
-0.0161182
-0.0156317
-0.00207039
0.00558466
0.00178683
-0.00310946
-0.00546946
-0.00587801
-0.00428546
-0.0014505
0.00206357
0.00574885
0.00959928
0.0135685
0.0173164
0.0205814
0.0223713
0.022522
0.0218304
0.0199932
0.0202999
0.0215459
0.0221835
0.0234153
0.0218606
0.018485
0.0170282
0.0145239
0.0151235
0.0174093
0.0168017
0.0190707
0.0228355
0.0173105
0.00901483
0.00960223
0.00763981
0.00155839
-0.00859174
-0.0083479
0.000127988
0.00534731
0.0020066
0.00285407
0.00103495
0.000547475
0.0014562
0.00330383
0.00566668
0.00816194
0.0107256
0.0133401
0.0158391
0.0180927
0.0195772
0.020163
0.0203585
0.0200142
0.0201143
0.0206514
0.0210825
0.0215282
0.020688
0.0188951
0.0175388
0.0157138
0.0160702
0.0178149
0.0171249
0.0180244
0.0202848
0.0177046
0.0124605
0.0140137
0.0119585
0.00825473
-0.00131302
-0.00179942
0.00339779
0.00573366
0.00227057
0.00740144
0.00597029
0.00548964
0.0059916
0.00713888
0.00865652
0.0102709
0.01192
0.0136012
0.0152702
0.0167968
0.0179448
0.0186648
0.0191486
0.0193402
0.0195804
0.0199559
0.020254
0.0203869
0.0197136
0.0187102
0.0178387
0.0164458
0.016721
0.0180135
0.0173783
0.0171116
0.0182809
0.0171704
0.0144113
0.0151342
0.0133759
0.0108797
0.00335339
0.00208307
0.00557181
0.00591832
0.00243665
0.010822
0.00970942
0.00923712
0.00942301
0.0101302
0.0110929
0.0121193
0.0131602
0.0142215
0.0152731
0.0162932
0.0171346
0.0177618
0.0182659
0.0186382
0.0189549
0.0191756
0.019319
0.0193952
0.0189435
0.0182887
0.0178208
0.0168676
0.016676
0.0175701
0.0171954
0.0165413
0.0168391
0.0162953
0.0148476
0.0147258
0.013352
0.0110914
0.00548507
0.00406198
0.00616685
0.00540886
0.00230621
0.0134768
0.0126103
0.0121687
0.0121786
0.0125434
0.0131069
0.0137244
0.0143348
0.0149536
0.0155987
0.0162541
0.0168229
0.0172928
0.017697
0.0180386
0.0183085
0.0184892
0.0185937
0.0186322
0.0183731
0.0179156
0.0175982
0.0170372
0.0167139
0.0170472
0.0168558
0.016186
0.0158628
0.01543
0.0145742
0.0140065
0.0127363
0.0106325
0.00651743
0.00495495
0.00576805
0.00449624
0.00195874
0.0154728
0.0147932
0.014397
0.0143025
0.0144521
0.0147424
0.0150724
0.015393
0.0157249
0.0160848
0.0164707
0.0168164
0.0171169
0.0173905
0.0176424
0.0178547
0.0179657
0.0180252
0.0180131
0.0178652
0.0175429
0.0172727
0.0169217
0.0165294
0.016473
0.0162945
0.0157519
0.0151495
0.0146236
0.0139174
0.0129182
0.0118901
0.00996841
0.00687596
0.00528688
0.00516419
0.00371772
0.00157748
0.0169742
0.0164433
0.0160922
0.0159355
0.0159466
0.0160568
0.0161963
0.0163241
0.016459
0.0166203
0.0168099
0.0169837
0.0171342
0.0172809
0.0174216
0.017545
0.0175867
0.017599
0.0175522
0.0174297
0.0171892
0.0169352
0.016653
0.0163034
0.0160539
0.0157621
0.0152928
0.0146233
0.0139839
0.0133976
0.0128709
0.0113306
0.0094598
0.00704152
0.00547754
0.00479272
0.00318189
0.00127635
0.018092
0.0176717
0.0173631
0.0171785
0.0171053
0.0170972
0.0171076
0.0171061
0.01711
0.0171359
0.0171864
0.0172307
0.0172595
0.0172941
0.0173311
0.017363
0.0173355
0.017291
0.0172014
0.0170691
0.0168524
0.0166065
0.0163334
0.0159881
0.0156526
0.0152662
0.014808
0.0141622
0.0134531
0.0127726
0.0120179
0.0107155
0.00904878
0.0070992
0.00558404
0.00450791
0.00283257
0.00106176
0.0189089
0.0185743
0.0183057
0.0181104
0.0179855
0.0179002
0.0178258
0.0177414
0.01766
0.0175955
0.0175467
0.0174961
0.0174329
0.0173788
0.0173277
0.0172764
0.0171831
0.0170792
0.0169431
0.0167801
0.0165557
0.0162982
0.0160129
0.0156564
0.0152855
0.0148429
0.0143558
0.0137351
0.0129994
0.012231
0.0114091
0.0102401
0.00875808
0.00707846
0.0056635
0.0043235
0.00268175
0.000960425
0.0194974
0.0192253
0.0189889
0.0187924
0.0186384
0.0185057
0.0183771
0.0182398
0.0181024
0.0179788
0.0178613
0.0177458
0.0176145
0.0174937
0.0173708
0.0172509
0.0171012
0.0169404
0.0167578
0.0165515
0.0163054
0.0160233
0.0157166
0.0153423
0.0149464
0.0144813
0.0139634
0.0133648
0.0126268
0.0118172
0.0109639
0.00987116
0.00857735
0.00712986
0.00580497
0.00447043
0.00264837
0.000905209
0.0199035
0.0196759
0.0194649
0.0192734
0.019104
0.0189443
0.0187821
0.0186134
0.0184403
0.0182788
0.0181151
0.0179553
0.0177761
0.017607
0.0174294
0.0172566
0.017061
0.0168518
0.0166321
0.0163786
0.0161126
0.0157937
0.0154677
0.0150721
0.0146491
0.014174
0.0136198
0.0130305
0.0123111
0.0115167
0.0106887
0.00963328
0.00847142
0.00716599
0.00583786
0.00439335
0.00264263
0.000877744
0.0201741
0.0199784
0.0197853
0.0195994
0.0194212
0.0192462
0.0190654
0.0188787
0.0186863
0.018498
0.0183067
0.0181143
0.0179081
0.017703
0.0174886
0.0172734
0.0170417
0.0167968
0.0165415
0.0162552
0.0159583
0.0156171
0.0152604
0.014854
0.0144036
0.0139123
0.0133482
0.012734
0.0120231
0.0112215
0.0103538
0.00933164
0.00822026
0.00698747
0.00566091
0.00419561
0.00254684
0.000851626
0.0203415
0.0201645
0.0199833
0.0198014
0.0196195
0.0194359
0.0192457
0.0190495
0.0188461
0.0186422
0.0184327
0.0182211
0.0179984
0.0177712
0.017534
0.0172901
0.0170351
0.0167655
0.0164846
0.0161771
0.0158532
0.0154951
0.0151144
0.0146922
0.0142266
0.0137174
0.0131448
0.0125132
0.0118107
0.0110064
0.0101399
0.00914894
0.00805937
0.00686574
0.00553691
0.00412184
0.00253424
0.000855502
0.0204168
0.0202502
0.0200756
0.0198965
0.0197131
0.0195265
0.019333
0.0191337
0.0189262
0.0187149
0.0184968
0.0182755
0.0180451
0.0178076
0.0175589
0.0173001
0.0170315
0.0167482
0.0164536
0.0161338
0.015796
0.0154272
0.0150334
0.0146027
0.0141291
0.0136088
0.013033
0.0123935
0.0116882
0.010888
0.0100185
0.00904085
0.00795965
0.00677816
0.00546235
0.00404474
0.0024988
0.00084906
-0.0791124
-0.0912925
-0.104116
-0.116978
-0.132112
-0.146929
-0.165709
-0.188089
-0.0639832
-0.0730476
-0.0825333
-0.0924772
-0.103328
-0.113844
-0.124545
-0.138261
-0.0493908
-0.0556182
-0.0617881
-0.0686454
-0.0760075
-0.0831945
-0.0914827
-0.103774
-0.0375562
-0.0418115
-0.0459799
-0.0507511
-0.0563899
-0.0627014
-0.071218
-0.0814344
-0.0271678
-0.0301785
-0.0332328
-0.0371011
-0.0420656
-0.0472367
-0.0524818
-0.0585734
-0.0185764
-0.02067
-0.0229555
-0.0257153
-0.0288012
-0.0314692
-0.0345768
-0.0398168
-0.0112092
-0.0124891
-0.0137868
-0.0152466
-0.0170475
-0.0192441
-0.0225835
-0.0271074
-0.00474507
-0.00540257
-0.00611829
-0.00721122
-0.00889316
-0.0109436
-0.013177
-0.0159604
0.00056733
0.000157501
-0.000341042
-0.00114455
-0.00222337
-0.00334455
-0.004691
-0.00694807
0.00499587
0.00478575
0.00456862
0.00416637
0.00353576
0.00267781
0.0014474
-0.000409369
0.00872937
0.00862538
0.0085269
0.00826503
0.00777518
0.00707951
0.00617002
0.00483696
0.0117439
0.0116587
0.0115903
0.0114205
0.0110997
0.010635
0.00998003
0.00894443
0.014186
0.0141006
0.0140482
0.0139411
0.0137205
0.0133642
0.0128292
0.0120057
0.0161283
0.0160232
0.0159529
0.0158559
0.0156796
0.0154004
0.0149883
0.0143671
0.0176275
0.0175012
0.0174081
0.0173109
0.0171674
0.016952
0.0166326
0.016155
0.0187677
0.0186282
0.0185165
0.0184117
0.0182822
0.0181051
0.0178532
0.0174899
0.019611
0.0194646
0.0193408
0.01923
0.0191102
0.0189619
0.0187621
0.0184851
0.0202256
0.0200779
0.0199494
0.0198358
0.0197211
0.01959
0.0194251
0.0192102
0.020662
0.0205153
0.0203852
0.0202699
0.0201587
0.0200397
0.019901
0.0197317
0.0209615
0.0208175
0.0206877
0.0205716
0.0204629
0.0203517
0.0202305
0.0200917
0.0211532
0.0210152
0.0208882
0.0207732
0.0206663
0.0205608
0.020451
0.0203326
0.0212636
0.021134
0.021012
0.0208997
0.0207946
0.0206926
0.0205895
0.0204827
0.0213082
0.0211863
0.0210686
0.0209576
0.0208526
0.0207516
0.0206511
0.0205493
0.0734206
0.0771002
0.0805351
0.0831675
0.08419
0.083401
0.0806626
0.0754477
0.06677
0.0532036
0.032792
0.00282546
-0.0411131
-0.102425
-0.157377
0.0518513
0.0534451
0.0533471
0.0518301
0.0487884
0.0439042
0.0366845
0.0263492
0.0117808
-0.0085406
-0.0366874
-0.075351
-0.128783
-0.201404
-0.26015
0.0301187
0.0294598
0.0258333
0.0205769
0.0139665
0.00544816
-0.00578089
-0.0206576
-0.0403541
-0.0664472
-0.10114
-0.147196
-0.207852
-0.288798
-0.34571
0.00823356
0.00487221
-0.00178083
-0.00988734
-0.0193472
-0.0309643
-0.0456626
-0.0643947
-0.0883276
-0.119005
-0.158806
-0.210584
-0.276815
-0.35844
-0.412129
-0.0140629
-0.0201191
-0.0288635
-0.0388712
-0.0505014
-0.0646721
-0.0821868
-0.10395
-0.131114
-0.165061
-0.208301
-0.263659
-0.331836
-0.410028
-0.458312
-0.035781
-0.0443103
-0.0544762
-0.0658594
-0.0792019
-0.0953628
-0.114946
-0.138822
-0.168068
-0.20414
-0.249099
-0.305048
-0.371863
-0.443414
-0.484615
-0.0566502
-0.0667402
-0.0778394
-0.0903785
-0.105181
-0.122827
-0.143839
-0.168953
-0.19917
-0.235808
-0.280488
-0.334523
-0.396826
-0.458568
-0.49293
-0.0763463
-0.0869948
-0.0989246
-0.112605
-0.12852
-0.147137
-0.168914
-0.19445
-0.224599
-0.260426
-0.303099
-0.35304
-0.407613
-0.456803
-0.486033
0.19123
0.206095
0.222672
0.241397
0.262348
0.285424
0.310524
0.337595
0.366561
0.397165
0.42882
0.460346
0.489738
0.512969
0.532063
0.190081
0.204255
0.220142
0.238266
0.258621
0.280977
0.305164
0.331122
0.358775
0.387845
0.417681
0.447024
0.473762
0.493923
0.509995
0.184818
0.197473
0.212048
0.229035
0.248203
0.269107
0.291464
0.315167
0.340101
0.365923
0.39189
0.416619
0.437792
0.451601
0.461634
0.175424
0.185969
0.198764
0.21407
0.231338
0.249949
0.269564
0.290026
0.311118
0.332348
0.352785
0.370845
0.383899
0.38824
0.389865
0.161956
0.170038
0.180924
0.194393
0.209324
0.224892
0.240789
0.256908
0.272988
0.288375
0.301897
0.311701
0.314781
0.307269
0.29843
0.144765
0.149944
0.15871
0.170137
0.182465
0.194668
0.206427
0.217615
0.227885
0.236435
0.241887
0.242142
0.233823
0.212878
0.191501
0.124099
0.127081
0.134004
0.142825
0.151698
0.159841
0.167012
0.172962
0.177103
0.178401
0.175254
0.165321
0.144897
0.109919
0.0754903
0.1
0.101856
0.107786
0.11396
0.118978
0.122554
0.124677
0.125003
0.122708
0.116521
0.104618
0.0844026
0.0518075
0.00302889
-0.0432886
0.0302358
0.0347363
0.030997
0.0349572
0.0325173
0.036804
0.0350669
0.0394675
0.0388207
0.0433248
0.0441314
0.0489267
0.0514953
0.0571739
0.0618799
0.0691727
0.0766746
0.0867126
0.0978578
0.111918
0.128
0.14773
0.170469
0.0303013
0.0347717
0.0310826
0.0350013
0.0326253
0.0368858
0.0352078
0.0395766
0.0389977
0.0434782
0.0444023
0.0491677
0.051841
0.0575873
0.0623113
0.0696943
0.0772462
0.0872774
0.0984184
0.112507
0.128341
0.147927
0.170117
0.0303767
0.0347814
0.0311856
0.0350155
0.032762
0.0369059
0.0353794
0.0396478
0.039232
0.0435944
0.0447043
0.0493493
0.0521812
0.0578604
0.0626592
0.0700204
0.0775692
0.0875899
0.0984426
0.112331
0.127495
0.146412
0.166953
0.0304607
0.0347671
0.0313037
0.0350028
0.0329161
0.0368992
0.0355748
0.039686
0.0394795
0.0436979
0.0450252
0.0495718
0.0525985
0.0582947
0.0630863
0.0705697
0.0778837
0.0879357
0.0982285
0.111722
0.125607
0.143148
0.160814
0.0305532
0.0347322
0.0314319
0.0349666
0.0330866
0.0368704
0.0357887
0.0396944
0.0397388
0.0437616
0.0453349
0.0496338
0.0528935
0.0584144
0.0632646
0.0705853
0.0776819
0.0873919
0.0970936
0.109789
0.122134
0.137767
0.15151
0.0306466
0.0346793
0.031572
0.0349116
0.0332669
0.0368315
0.036013
0.0396961
0.0400324
0.0438725
0.0457155
0.04995
0.0534118
0.0588963
0.0637086
0.071294
0.077926
0.0876757
0.0963079
0.10816
0.118018
0.130857
0.139415
0.0307485
0.0346105
0.0317125
0.0348457
0.0334484
0.0367726
0.0362357
0.0396678
0.0402691
0.0438972
0.0459434
0.0499124
0.0536106
0.058848
0.0636024
0.0707316
0.0771365
0.0860155
0.0939288
0.104096
0.111989
0.121361
0.124311
0.0308493
0.0345332
0.0318513
0.034777
0.0336454
0.0367476
0.0364704
0.0397148
0.0406286
0.0441179
0.0464554
0.0504575
0.0542437
0.0597409
0.0643584
0.0718845
0.0776374
0.0866817
0.0927993
0.101855
0.10556
0.110496
0.105703
0.0309713
0.0344193
0.0320315
0.0346469
0.033846
0.0366053
0.036702
0.0395617
0.0407936
0.0440232
0.0464948
0.0501929
0.0540685
0.0588851
0.0635239
0.0698714
0.075199
0.0819089
0.0870495
0.0918386
0.0931673
0.0907604
0.0808107
0.0311298
0.0342461
0.0322591
0.0344533
0.0340776
0.0363648
0.0369029
0.0392146
0.0408344
0.0434998
0.0461792
0.0493976
0.0531588
0.0571483
0.0614505
0.0663005
0.0707518
0.0749431
0.0782807
0.0793018
0.0782428
0.0725326
0.0642213
0.0313213
0.0340096
0.0325202
0.0342007
0.0343358
0.0360332
0.0371087
0.0388489
0.0408213
0.043035
0.0457782
0.0485199
0.0520268
0.0552444
0.059049
0.0625057
0.0658788
0.0680472
0.0694213
0.0683538
0.0651842
0.0589836
0.0509103
0.0315473
0.0337018
0.032816
0.0338973
0.03459
0.0357472
0.037196
0.038543
0.0406915
0.0424801
0.0451659
0.0475134
0.0505704
0.0531194
0.0562057
0.0584506
0.0606071
0.0612766
0.0609364
0.0586107
0.0542558
0.0478093
0.0399512
0.0318112
0.0333156
0.033116
0.0336469
0.0347401
0.0355166
0.0371746
0.038244
0.0404013
0.0418975
0.0443126
0.0463662
0.0487853
0.0507512
0.0530201
0.0542047
0.0552057
0.0547798
0.0531899
0.0501464
0.0454011
0.0390745
0.0316012
0.0321104
0.0329022
0.0333252
0.0334709
0.0348148
0.0353141
0.0370334
0.0379257
0.0399421
0.0412215
0.0432532
0.0450407
0.0467775
0.0481403
0.0496391
0.0499292
0.0499412
0.0487489
0.0464639
0.0430423
0.0383319
0.0323883
0.0254456
0.0324051
0.0325304
0.0334201
0.0333522
0.0347958
0.0351331
0.0367609
0.0375751
0.0393222
0.0404261
0.042035
0.0435093
0.0446104
0.0453683
0.0461816
0.0457991
0.0450442
0.0433568
0.0407839
0.0372587
0.0327899
0.0273874
0.0211397
0.0326658
0.0322119
0.0334261
0.0332689
0.0346697
0.0349567
0.0363636
0.0371497
0.0385749
0.0394912
0.0406868
0.0417869
0.0423448
0.0425791
0.0427865
0.0419484
0.0406881
0.0387057
0.0360892
0.0327027
0.028618
0.0238523
0.0184117
0.0328612
0.0319704
0.0333292
0.0332034
0.0344378
0.0347625
0.0358741
0.0366271
0.0377262
0.0384176
0.0392344
0.0399398
0.0400567
0.0398745
0.0395915
0.0384681
0.036931
0.0348369
0.0323276
0.0292469
0.0256466
0.0215502
0.0169323
0.0329743
0.0318169
0.0331279
0.0331358
0.03412
0.0345075
0.0353244
0.0359908
0.036791
0.037235
0.0377124
0.0380451
0.0378201
0.037336
0.0367004
0.0354209
0.0337888
0.0317407
0.029429
0.0267282
0.023657
0.0202207
0.0163805
0.0329915
0.0317467
0.0328397
0.0330326
0.0337548
0.0341644
0.0347294
0.0352486
0.0357828
0.0359832
0.0361643
0.0361806
0.0357126
0.0350295
0.0341727
0.0328401
0.0312388
0.0293456
0.027288
0.0249809
0.0224277
0.0196092
0.0164742
0.0329072
0.0317419
0.0324972
0.0328383
0.0333632
0.0337325
0.0340977
0.0344305
0.0347228
0.0347074
0.0346434
0.0344176
0.033791
0.0329928
0.0320285
0.030721
0.0292278
0.0275482
0.0257733
0.023842
0.021754
0.0194785
0.0169559
0.0327268
0.0317701
0.0321565
0.0325209
0.032936
0.0332298
0.0334336
0.0335766
0.0336454
0.0334529
0.0332019
0.0328049
0.0320877
0.0312431
0.0302583
0.0290311
0.0276883
0.0262419
0.0247487
0.0231564
0.0214628
0.0196373
0.0176207
0.0324659
0.031778
0.0318637
0.0321059
0.0324446
0.0326576
0.032738
0.0327203
0.0325945
0.032261
0.0318766
0.031374
0.0306239
0.0297814
0.0288308
0.027717
0.026545
0.0253288
0.0240955
0.0227956
0.0214253
0.0199633
0.0183602
0.0321488
0.0316882
0.0316067
0.0317062
0.0319124
0.0320198
0.0320095
0.0318761
0.0316042
0.0311644
0.0306914
0.0301384
0.0293997
0.0285886
0.0276969
0.0267079
0.0257105
0.0247121
0.0237125
0.0226605
0.0215517
0.0203785
0.0191072
0.0318014
0.0315024
0.0313613
0.0313222
0.0313652
0.0313592
0.0312648
0.0310483
0.0306866
0.0301837
0.0296615
0.0291003
0.028405
0.027642
0.0268142
0.0259409
0.0251039
0.024301
0.0235063
0.0226627
0.0217632
0.0208138
0.0198003
0.0314437
0.0312397
0.0310792
0.0309401
0.0308386
0.0307208
0.0305409
0.0302609
0.0298533
0.029325
0.0287871
0.0282448
0.0276109
0.0269081
0.0261459
0.0253723
0.0246673
0.0240241
0.0233988
0.022729
0.0220018
0.0212305
0.0204194
0.0310898
0.0309339
0.0307562
0.0305524
0.0303484
0.0301337
0.0298709
0.0295389
0.0291124
0.0285856
0.0280548
0.0275447
0.0269769
0.0263431
0.0256535
0.0249676
0.0243632
0.0238362
0.0233391
0.0228091
0.022227
0.0216045
0.0209555
0.0307445
0.0306046
0.0304113
0.0301694
0.0299028
0.0296122
0.0292779
0.028906
0.0284761
0.0279661
0.0274541
0.0269803
0.0264777
0.0259145
0.0252978
0.0246874
0.0241573
0.0237085
0.0232989
0.022873
0.0224098
0.0219142
0.0213998
0.0304216
0.0302871
0.0300765
0.0298044
0.0295008
0.0291668
0.0287814
0.0283761
0.0279479
0.0274622
0.0269729
0.0265309
0.0260889
0.025596
0.0250504
0.0245064
0.0240314
0.0236338
0.0232819
0.0229306
0.0225583
0.0221634
0.0217545
0.0301381
0.0300061
0.0297823
0.0294849
0.0291567
0.0288012
0.0283913
0.0279594
0.027525
0.0270617
0.0265977
0.0261785
0.0257782
0.0253471
0.0248729
0.0243955
0.0239677
0.0236061
0.0232931
0.0229959
0.0226914
0.0223729
0.0220462
0.0299162
0.0297821
0.0295536
0.0292413
0.0288907
0.0285249
0.0281166
0.0276722
0.0272263
0.0267843
0.0263526
0.0259504
0.0255718
0.0251851
0.0247701
0.0243431
0.0239415
0.0235906
0.02329
0.0230201
0.022759
0.0224941
0.0222252
0.0297964
0.0296621
0.0294266
0.0291015
0.0287346
0.0283595
0.0279515
0.0275026
0.0270536
0.0266244
0.0262116
0.0258197
0.0254505
0.0250874
0.0247097
0.0243203
0.0239449
0.0236099
0.0233221
0.0230695
0.022833
0.0226002
0.0223699
0.0673092
0.0487866
0.0261814
0.00625492
-0.012599
-0.0311341
-0.0492598
-0.0652564
0.0550583
0.0381559
0.0159923
-0.00296593
-0.0176526
-0.0304826
-0.0431664
-0.0541135
0.043976
0.0308593
0.0119196
-0.00445459
-0.0151867
-0.0238884
-0.0330697
-0.041894
0.0338807
0.0238489
0.00847641
-0.00518831
-0.0135879
-0.019865
-0.0262201
-0.0323357
0.025576
0.0177873
0.00653527
-0.00345933
-0.00984649
-0.0145045
-0.018982
-0.0233621
0.0195743
0.0132378
0.005608
-0.00118135
-0.0059771
-0.00961608
-0.0129032
-0.0159443
0.0157014
0.0106565
0.00569651
0.00134304
-0.00207707
-0.00487212
-0.00733177
-0.00945799
0.0135973
0.00967586
0.00657944
0.00394618
0.00163032
-0.000440128
-0.00224943
-0.00369261
0.0128185
0.00983383
0.00800218
0.00653169
0.00504964
0.00357165
0.00225119
0.00124625
0.0129589
0.0107237
0.00972336
0.00900673
0.00812057
0.00710031
0.00614575
0.00543223
0.0136924
0.0120425
0.01157
0.0113219
0.0108457
0.0101752
0.00950713
0.00900968
0.014739
0.0135389
0.0133873
0.0134231
0.0132221
0.0128008
0.0123291
0.0119589
0.0158715
0.0150008
0.0150261
0.0152332
0.0152337
0.0149994
0.014666
0.0143735
0.0169971
0.0163735
0.0164901
0.0167702
0.0168821
0.0167743
0.0165433
0.0163062
0.0180523
0.0176082
0.0177578
0.0180424
0.018194
0.0181584
0.0179976
0.0178009
0.0189894
0.0186761
0.0188258
0.0190792
0.0192272
0.0192223
0.0191031
0.0189353
0.0197957
0.0195725
0.019703
0.0199091
0.0200306
0.0200278
0.0199261
0.0197739
0.0204715
0.0203035
0.0204006
0.020553
0.0206388
0.0206251
0.0205279
0.0203839
0.0210213
0.0208841
0.0209391
0.0210354
0.0210827
0.0210529
0.0209549
0.0208157
0.0214526
0.0213293
0.0213396
0.0213816
0.0213911
0.0213443
0.0212445
0.0211097
0.021798
0.0216733
0.0216338
0.0216197
0.0215897
0.0215243
0.0214221
0.0212934
0.0220167
0.0218948
0.0218231
0.021768
0.0217054
0.0216227
0.0215174
0.0213946
0.0221821
0.0220475
0.0219363
0.0218399
0.0217478
0.0216512
0.0215452
0.0214297
-0.616358
-0.625414
-0.639515
-0.658947
-0.68373
-0.711861
-0.737804
-0.755559
-0.611341
-0.619754
-0.632631
-0.649324
-0.668826
-0.690341
-0.710662
-0.723465
-0.60735
-0.613917
-0.624145
-0.636905
-0.650724
-0.662782
-0.66942
-0.666351
-0.605297
-0.608035
-0.612881
-0.617767
-0.621213
-0.620961
-0.614428
-0.599161
-0.605093
-0.600679
-0.596158
-0.590298
-0.582704
-0.572317
-0.557183
-0.535027
-0.603305
-0.588493
-0.572907
-0.556975
-0.541079
-0.524155
-0.504014
-0.478159
-0.59488
-0.568805
-0.543564
-0.520557
-0.499641
-0.479045
-0.45623
-0.428663
-0.575878
-0.540608
-0.509332
-0.482787
-0.459558
-0.437327
-0.413401
-0.385356
-0.544831
-0.504792
-0.471811
-0.444659
-0.421126
-0.398684
-0.374759
-0.347115
-0.503305
-0.463744
-0.432485
-0.406836
-0.38439
-0.362762
-0.33966
-0.313056
-0.455039
-0.419859
-0.392628
-0.369783
-0.34937
-0.329303
-0.307576
-0.282506
-0.403335
-0.375302
-0.353148
-0.333898
-0.316121
-0.298073
-0.278151
-0.254963
-0.351923
-0.331187
-0.314711
-0.299495
-0.284605
-0.268954
-0.251098
-0.230112
-0.299912
-0.288152
-0.27775
-0.266827
-0.255039
-0.24181
-0.226195
-0.207557
-0.249555
-0.24836
-0.242373
-0.236378
-0.226968
-0.216067
-0.202674
-0.18673
-0.456357
-0.492621
-0.52857
-0.559518
-0.582614
-0.59749
-0.605836
-0.610848
-0.46051
-0.497578
-0.533241
-0.562799
-0.583777
-0.596352
-0.602753
-0.606512
-0.465035
-0.50492
-0.542322
-0.571938
-0.591449
-0.601162
-0.604069
-0.604673
-0.471768
-0.516327
-0.556884
-0.587305
-0.605272
-0.611482
-0.609788
-0.605997
-0.480522
-0.531425
-0.576329
-0.607765
-0.624247
-0.626603
-0.619617
-0.611175
-0.491083
-0.547772
-0.599114
-0.631531
-0.646556
-0.6444
-0.632437
-0.617672
-0.50165
-0.565327
-0.621019
-0.65492
-0.668352
-0.661812
-0.6434
-0.620033
-0.510203
-0.579677
-0.639475
-0.676206
-0.684549
-0.672144
-0.645642
-0.611976
-0.514625
-0.586721
-0.647697
-0.681954
-0.686672
-0.667721
-0.632467
-0.589231
-0.513362
-0.582813
-0.640606
-0.66962
-0.668195
-0.642412
-0.600029
-0.550785
-0.506155
-0.56606
-0.614541
-0.634277
-0.625156
-0.594512
-0.54906
-0.499755
-0.494336
-0.536851
-0.56941
-0.577143
-0.560186
-0.527505
-0.48497
-0.440998
-0.480636
-0.497129
-0.504246
-0.497114
-0.476313
-0.448521
-0.414782
-0.380102
-0.468118
-0.453188
-0.434558
-0.410784
-0.387309
-0.366859
-0.346057
-0.321298
-0.45712
-0.405938
-0.352247
-0.316009
-0.297964
-0.287291
-0.278184
-0.264378
-0.473789
-0.375298
-0.276408
-0.20167
-0.177478
-0.185339
-0.194441
-0.20746
-0.496992
-0.356701
-0.220849
-0.121387
-0.0685039
-0.0811731
-0.101361
-0.135254
-0.413691
-0.284764
-0.163191
-0.0619913
0.00825739
0.015401
-0.0154482
-0.0592586
-0.309347
-0.228853
-0.150264
-0.06425
0.0430425
0.0970105
0.0906591
0.0268188
-0.221954
-0.19655
-0.168205
-0.118332
-0.023299
0.0793952
0.136402
0.109466
-0.190312
-0.193823
-0.187264
-0.158945
-0.0997118
-0.0267341
0.051748
0.0923442
-0.207076
-0.227947
-0.229478
-0.214039
-0.184669
-0.144055
-0.0947922
-0.0231697
-0.244404
-0.27889
-0.293262
-0.289431
-0.273785
-0.241225
-0.201929
-0.12678
-0.250926
-0.287721
-0.304666
-0.301289
-0.286656
-0.252932
-0.227024
-0.168582
-0.192209
-0.215275
-0.230294
-0.234078
-0.225587
-0.203889
-0.188231
-0.150882
-0.14841
-0.153697
-0.155809
-0.156662
-0.154262
-0.147313
-0.142402
-0.12415
-0.136649
-0.136199
-0.133691
-0.130418
-0.125409
-0.118319
-0.113192
-0.106133
-0.115655
-0.117799
-0.120292
-0.1194
-0.113741
-0.104463
-0.0949358
-0.0860256
-0.0968171
-0.0958231
-0.098035
-0.10162
-0.105089
-0.105786
-0.100118
-0.0873942
-0.109326
-0.107365
-0.107738
-0.110426
-0.114262
-0.115677
-0.113602
-0.108786
-0.133067
-0.131466
-0.131343
-0.133588
-0.139284
-0.149694
-0.126671
-0.132842
-0.139176
-0.13677
-0.133871
-0.13209
-0.130172
-0.13101
-0.127562
-0.1298
-0.111615
-0.107529
-0.102943
-0.0992547
-0.0954265
-0.094159
-0.0908676
-0.0919476
-0.0879195
-0.0792847
-0.0708123
-0.0632569
-0.0569624
-0.0524715
-0.0499038
-0.0489016
-0.0944638
-0.082548
-0.0712576
-0.061334
-0.0533178
-0.046952
-0.0425355
-0.0384983
-0.117572
-0.10477
-0.0920852
-0.0799651
-0.0691929
-0.0593251
-0.051632
-0.0444339
-0.118094
-0.111866
-0.103551
-0.0932396
-0.0818088
-0.0691746
-0.0553635
-0.0427864
-0.12817
-0.133812
-0.135608
-0.132933
-0.125881
-0.114849
-0.0991427
-0.0805886
-0.168625
-0.183462
-0.194314
-0.200226
-0.20102
-0.196652
-0.188142
-0.175496
-0.163493
-0.175044
-0.182351
-0.186053
-0.185071
-0.180842
-0.171814
-0.162589
-0.107256
-0.0974301
-0.0865803
-0.0769742
-0.0688865
-0.0636767
-0.0587351
-0.057658
-0.0823139
-0.0658004
-0.0490898
-0.0337842
-0.0204158
-0.00980998
-0.00229959
0.00285048
-0.0825876
-0.0717787
-0.0602684
-0.0487666
-0.0377002
-0.0274208
-0.0177129
-0.00883403
-0.0621409
-0.0625766
-0.0619472
-0.0601366
-0.0572212
-0.0533112
-0.0485386
-0.042785
-0.05051
-0.0508501
-0.0505704
-0.0496936
-0.0480613
-0.0459723
-0.0430184
-0.0400046
-0.0121445
-0.0102362
-0.00872534
-0.00771163
-0.00713113
-0.00705572
-0.00730007
-0.00810509
-0.00106844
0.0013758
0.00340496
0.00496177
0.00604782
0.00666429
0.00689683
0.00675855
-0.00760344
-0.00651763
-0.0054919
-0.00452082
-0.00358186
-0.0026588
-0.00174023
-0.000789653
-0.0141791
-0.0134332
-0.012708
-0.0120069
-0.0113324
-0.01069
-0.0100874
-0.00951395
-0.00962602
-0.00930879
-0.00922536
-0.00940445
-0.00984378
-0.0105244
-0.0114011
-0.0124179
0.0133724
0.0124822
0.0113538
0.00991943
0.0082735
0.00645824
0.00451701
0.00248482
0.0142793
0.0140734
0.0137359
0.0132725
0.0127162
0.0121219
0.0115467
0.0110503
0.000912679
0.00116854
0.00146712
0.00180639
0.00218555
0.00260601
0.00307316
0.00359028
-0.184799
-0.14783
-0.118038
-0.0937209
-0.0739916
-0.0582014
-0.0442424
-0.0330883
-0.0240945
-0.0165807
-0.0104597
-0.00540283
-0.00126266
0.00207639
0.00481384
0.00701515
0.0087734
0.0101631
0.0112392
0.0120548
0.0126447
0.0130266
0.0132248
-0.134328
-0.108067
-0.0946804
-0.0801081
-0.0668543
-0.0543635
-0.043001
-0.0332538
-0.0247663
-0.0174973
-0.0113793
-0.00622752
-0.00198732
0.00149939
0.00435791
0.00665811
0.00850241
0.00995655
0.0110802
0.0119273
0.0125361
0.0129299
0.0131325
-0.0611384
-0.0494234
-0.0534936
-0.0513589
-0.0484551
-0.0428832
-0.0364564
-0.0294658
-0.0226496
-0.0163805
-0.0107827
-0.00596064
-0.001904
0.00149825
0.00429833
0.00657437
0.00840993
0.00986048
0.0109846
0.0118329
0.0124432
0.0128382
0.0130411
0.0182684
0.00850956
-0.0114947
-0.0207015
-0.0275685
-0.0289248
-0.0272118
-0.0233442
-0.0186756
-0.013772
-0.00907682
-0.00486968
-0.00118884
0.00195362
0.00456638
0.00672002
0.00846934
0.00986099
0.0109461
0.0117682
0.0123622
0.0127493
0.0129483
0.0976791
0.0575599
0.0248966
0.00413158
-0.00990071
-0.0162743
-0.0181391
-0.0167744
-0.0139916
-0.0104001
-0.00672377
-0.00323251
-5.83867e-05
0.00270097
0.00504564
0.00700995
0.00862389
0.00992154
0.0109419
0.0117217
0.0122905
0.0126634
0.0128564
0.111883
0.071285
0.0407552
0.0175524
0.00169072
-0.00674213
-0.0106454
-0.0107787
-0.0093787
-0.00690969
-0.00420398
-0.00140551
0.00123766
0.00358169
0.00563188
0.00737825
0.00883586
0.010023
0.0109658
0.0116929
0.0122268
0.0125808
0.0127651
0.0125212
0.0209806
0.0186154
0.0102777
0.00254793
-0.00271029
-0.00550589
-0.00602507
-0.00522259
-0.0035523
-0.00155781
0.000592306
0.00267917
0.00459645
0.00632032
0.00782164
0.00910516
0.010165
0.0110178
0.0116835
0.0121771
0.0125066
0.0126791
-0.079409
-0.0384072
-0.014643
-0.007936
-0.00399345
-0.00355607
-0.00290212
-0.00246224
-0.00158612
-0.000374051
0.00105112
0.00261684
0.00418588
0.00569541
0.00708016
0.0083268
0.00942709
0.0103483
0.0111011
0.011696
0.0121402
0.0124403
0.0125976
-0.119918
-0.0704866
-0.039873
-0.0218193
-0.0107978
-0.00512684
-0.00144984
0.000141169
0.00149616
0.00251359
0.00352318
0.00460664
0.00570949
0.00682409
0.00787782
0.00887101
0.00978121
0.0105541
0.0112004
0.0117203
0.0121139
0.012382
0.0125229
-0.113474
-0.0705393
-0.0456527
-0.0249649
-0.013418
-0.00464067
0.000402551
0.00298821
0.00466622
0.00542357
0.0060322
0.00664487
0.0072757
0.00796491
0.0086846
0.00942079
0.0101469
0.0107684
0.0113051
0.0117478
0.0120894
0.0123257
0.0124508
-0.0959696
-0.0642956
-0.0427929
-0.0220204
-0.0108602
-0.000554069
0.00417672
0.00700726
0.0083592
0.00851751
0.00862965
0.00868475
0.00883636
0.00911881
0.00950662
0.00997348
0.0105265
0.0109916
0.0114182
0.0117826
0.0120705
0.0122734
0.0123823
-0.0858375
-0.0621284
-0.0434291
-0.0195792
-0.00783428
0.00561178
0.00920927
0.0124948
0.0125607
0.0120395
0.0114743
0.0108942
0.0105093
0.0103479
0.0103904
0.010562
0.0109573
0.0112432
0.0115503
0.0118288
0.012058
0.0122235
0.0123142
-0.072492
-0.0507085
-0.0326332
-0.00991377
0.00165417
0.013595
0.0162251
0.0190282
0.0175611
0.0161437
0.0145032
0.0131406
0.0121951
0.0116173
0.0113218
0.01124
0.0113785
0.011523
0.0117111
0.0118977
0.0120589
0.0121816
0.0122501
-0.0738636
-0.0526213
-0.0238039
0.00228339
0.0201725
0.0290645
0.029441
0.0275138
0.0232768
0.0201513
0.0173212
0.0152446
0.0137858
0.0128311
0.0122301
0.0119062
0.0118253
0.0118096
0.0118725
0.0119673
0.0120628
0.0121416
0.0121875
-0.0979764
-0.0870035
-0.0469294
-0.00785193
0.029215
0.0414537
0.0409917
0.0353776
0.028826
0.0236659
0.0196997
0.017057
0.015219
0.0139297
0.0130642
0.012527
0.0122451
0.012093
0.012041
0.0120439
0.0120712
0.0121063
0.0121286
-0.120519
-0.123274
-0.0625483
-0.0203861
0.024414
0.0380445
0.0385372
0.0347333
0.0295393
0.0248152
0.0209774
0.0182573
0.0162593
0.0148324
0.0138025
0.0130951
0.012647
0.0123598
0.0121941
0.0121107
0.0120763
0.0120677
0.0120684
-0.11803
-0.104724
-0.0704575
-0.0275954
0.0102544
0.0264482
0.0298628
0.0285902
0.0258162
0.0230889
0.0206977
0.018665
0.0169133
0.0155116
0.0144142
0.0136103
0.0130414
0.0126351
0.0123616
0.0121872
0.0120837
0.0120294
0.0120061
-0.0877472
-0.0771359
-0.0569772
-0.0332763
-0.00966841
0.00676655
0.0164934
0.019979
0.0206962
0.0202715
0.0193643
0.0182186
0.0170885
0.015939
0.0149012
0.0140298
0.0133761
0.012865
0.012497
0.0122445
0.0120806
0.0119818
0.0119361
-0.0495842
-0.0458332
-0.0425439
-0.0378882
-0.0246592
-0.00803121
0.00621244
0.0137008
0.0172679
0.0182273
0.0181954
0.0176409
0.0169673
0.0161057
0.0152053
0.0143576
0.0136417
0.0130558
0.0126095
0.0122854
0.0120631
0.0119247
0.0118567
-0.0381487
-0.0351814
-0.0338405
-0.0273506
-0.0179781
-0.00328735
0.00654483
0.0139404
0.0167091
0.018164
0.0182598
0.0179778
0.0173786
0.0164573
0.0154955
0.0145944
0.0138284
0.0131858
0.0126784
0.0122968
0.012028
0.0118536
0.0117651
-0.0408059
-0.0300229
-0.0240518
-0.0120048
-0.00528326
0.00608492
0.0107798
0.0163885
0.0167519
0.0182798
0.0179728
0.0180378
0.0174568
0.0166578
0.0157311
0.0148004
0.0139746
0.0132714
0.0127106
0.0122791
0.0119671
0.0117613
0.0116563
-0.033698
-0.0174239
-0.0050324
0.0093079
0.0163456
0.021354
0.0225175
0.0229458
0.021388
0.0204395
0.0189832
0.0185338
0.0173583
0.016595
0.0157278
0.0148497
0.0140202
0.0132921
0.0126921
0.0122213
0.0118747
0.0116459
0.0115259
-0.0680075
-0.0437131
-0.0141062
0.0121291
0.0318179
0.0336704
0.0341265
0.0306138
0.0269516
0.0236113
0.0208172
0.0192954
0.0180082
0.0169266
0.0158091
0.0148105
0.0139423
0.013205
0.0125943
0.0121068
0.0117422
0.0114922
0.0113626
-0.152405
-0.121669
-0.0766316
-0.0309474
0.00880528
0.0222539
0.0272766
0.0247889
0.0236798
0.0213803
0.0196304
0.0188335
0.0178937
0.0168667
0.0157625
0.014738
0.013829
0.0130685
0.012443
0.011947
0.0115631
0.0113072
0.0111679
-0.142419
-0.117685
-0.077457
-0.0325416
0.00352194
0.0178248
0.0208116
0.0205859
0.0200871
0.0188309
0.0172631
0.018228
0.016963
0.0159939
0.015147
0.0143175
0.013531
0.0128121
0.0121995
0.01171
0.0113343
0.0110713
0.0109294
-0.0543328
-0.0380364
-0.0163905
0.00271374
0.0159125
0.0206604
0.0213115
0.0210121
0.0201285
0.018675
0.0170891
0.0164543
0.015982
0.0153985
0.0146263
0.0138062
0.0130649
0.0124152
0.0118607
0.0114081
0.0110442
0.01079
0.0106491
0.00334732
0.00922144
0.0106973
0.0136001
0.00965118
0.0130433
0.015327
0.0177168
0.0174807
0.0164276
0.0144666
0.0142337
0.0145918
0.0146326
0.0141001
0.0133531
0.0125962
0.0119508
0.0114228
0.0110065
0.0106796
0.0104431
0.0103083
-0.00417395
0.00135577
0.0068555
0.0136965
0.0190619
0.0230679
0.0249514
0.0238119
0.0210126
0.0178032
0.0148126
0.0133301
0.0131656
0.013087
0.0127401
0.0123309
0.0118348
0.011344
0.0109042
0.0105458
0.0102559
0.0100402
0.00991554
-0.0346171
-0.0238588
-0.0112413
0.00201992
0.0152774
0.0122171
0.0189966
0.0201623
0.0200626
0.0176782
0.0141873
0.011801
0.0112983
0.0114936
0.0113943
0.0111308
0.0108286
0.0105298
0.0102384
0.0099855
0.00974567
0.00955669
0.00944052
-0.0347289
-0.029276
-0.0222013
-0.0155668
-0.00994799
-0.00713241
-0.0058754
-0.00401263
0.000919128
0.00415904
0.00564233
0.00702261
0.00863595
0.0097176
0.0100181
0.00999885
0.00986502
0.00967635
0.00951412
0.00937226
0.00920076
0.00903141
0.00892534
-0.00886231
-0.00882779
-0.00954058
-0.0118288
-0.0152629
-0.01986
-0.0246036
-0.0255059
-0.00809444
-0.00421548
-0.000473392
0.00278084
0.00563078
0.00766376
0.00870502
0.00905059
0.00908917
0.00898917
0.00884629
0.00871677
0.00855267
0.00840729
0.00831042
0.00590899
0.00494744
0.00364109
0.00257571
0.00186075
0.00153929
0.00137264
0.00152469
0.00232382
0.0018635
0.00125851
0.00211758
0.00458747
0.00670084
0.00773266
0.00807873
0.00819148
0.00818571
0.00814275
0.00806292
0.0079183
0.00775866
0.00765341
0.000398562
0.00172971
0.0034795
0.00501592
0.00665587
0.00808578
0.00892267
0.00848404
0.00692929
0.00441323
0.00137758
0.000393204
0.00224764
0.00441622
0.00591963
0.00677184
0.00714376
0.00725699
0.00725503
0.00724191
0.00712876
0.00700512
0.00688998
-0.00883122
-0.00844474
-0.00827819
-0.00844425
-0.00882637
-0.00935565
-0.00972566
-0.00954826
-0.00834878
-0.00698631
-0.00595276
-0.0041244
-0.000702446
0.00291684
0.00529096
0.00629041
0.00659233
0.00655368
0.00643801
0.00642373
0.00633495
0.00617283
0.00602556
-0.0137681
-0.0156131
-0.0176374
-0.019789
-0.0217985
-0.0234253
-0.0242629
-0.0234032
-0.0196352
-0.0147532
-0.0107083
-0.00675508
-0.00184615
0.00207685
0.00435488
0.00543746
0.00577859
0.00573556
0.00559803
0.00560614
0.00548173
0.00524306
0.00506194
-1.3276e-05
-0.0027167
-0.00525939
-0.00736565
-0.00882187
-0.00950399
-0.00969559
-0.00966365
-0.0093717
-0.00917767
-0.00939424
-0.00892587
-0.00573781
-0.000281492
0.00392165
0.00589856
0.0060346
0.0055594
0.00497275
0.00467328
0.00438475
0.00407102
0.0038956
0.0106377
0.0106409
0.0111509
0.0122141
0.0135623
0.014651
0.0148967
0.0136793
0.0108478
0.0070347
0.00260085
-0.00192199
-0.00329296
-0.000598591
0.00224541
0.00383053
0.00417394
0.00404158
0.00362899
0.00346314
0.00319694
0.00282546
0.00262402
0.00425477
0.00506467
0.0059111
0.00669109
0.00971508
0.0099457
0.00966976
0.00860188
0.00665371
0.00427927
0.00190654
-0.000223136
-0.00109895
-0.000129259
0.00111374
0.0016773
0.00171474
0.00161215
0.00144937
0.00137924
0.00123661
0.00106747
0.00097901
-0.160407
-0.130837
-0.104182
-0.0833253
-0.0653554
-0.0509371
-0.0388238
-0.0289824
-0.0209046
-0.0141792
-0.00861099
-0.00397848
-0.000149188
0.00302871
0.00564175
0.0077571
0.00946222
0.0108099
0.0118587
0.0126531
0.0132223
0.0135875
0.0137711
-0.17089
-0.136326
-0.107035
-0.0846506
-0.0660642
-0.0509979
-0.038522
-0.0285776
-0.0204569
-0.0137508
-0.00825119
-0.00369921
4.00365e-05
0.00313906
0.00568349
0.00774767
0.00941949
0.0107469
0.0117852
0.012575
0.0131441
0.0135129
0.0136997
-0.180552
-0.140985
-0.108711
-0.0853564
-0.0662913
-0.050733
-0.0380987
-0.028209
-0.0200316
-0.013339
-0.00789911
-0.00341666
0.000236811
0.00326703
0.00574474
0.0077574
0.00939325
0.0106962
0.0117205
0.0125039
0.013072
0.0134427
0.013632
-0.187547
-0.143879
-0.110978
-0.087473
-0.0674364
-0.0509339
-0.0381235
-0.0281842
-0.0198211
-0.0130954
-0.00765223
-0.00320464
0.000392245
0.00337842
0.00579912
0.00776978
0.00937339
0.0106523
0.0116613
0.0124364
0.0130024
0.0133735
0.0135647
-0.193406
-0.145453
-0.112811
-0.0885279
-0.067463
-0.0506788
-0.0382793
-0.0282622
-0.019739
-0.0130259
-0.00756074
-0.00313279
0.00045951
0.00343354
0.0058195
0.00776875
0.00934962
0.0106097
0.0116051
0.012372
0.0129349
0.013305
0.0134972
-0.192448
-0.14576
-0.115714
-0.0902802
-0.0679652
-0.0512589
-0.0390633
-0.0285741
-0.0199006
-0.0131604
-0.00763625
-0.00320245
0.000434534
0.00340692
0.00578559
0.00773622
0.00930763
0.0105597
0.0115473
0.0123084
0.0128684
0.0132369
0.0134296
-0.191938
-0.145431
-0.115821
-0.0895773
-0.0678055
-0.0521456
-0.0399132
-0.0289699
-0.0203983
-0.0135978
-0.00800412
-0.0034985
0.000231325
0.00323325
0.00565601
0.00763802
0.00922454
0.010488
0.0114802
0.0122431
0.0128035
0.0131712
0.0133641
-0.185536
-0.148704
-0.118678
-0.0917672
-0.0706131
-0.0550522
-0.041707
-0.0304769
-0.0218173
-0.0147104
-0.00891615
-0.00420268
-0.000315258
0.00280015
0.00534378
0.00740799
0.00905613
0.0103652
0.0113859
0.0121658
0.0127352
0.0131065
0.0133006
0.0144819
-0.0129261
-0.0395383
-0.0669125
-0.0945219
-0.120812
-0.145079
-0.167311
0.0162121
-0.0140267
-0.0438705
-0.0747071
-0.105702
-0.135209
-0.162196
-0.186048
0.0170206
-0.0177606
-0.0520746
-0.0864872
-0.120161
-0.151868
-0.180682
-0.20647
0.0164005
-0.023335
-0.0621722
-0.0999884
-0.136206
-0.170099
-0.200999
-0.229092
0.0138538
-0.0305407
-0.0737138
-0.115085
-0.15423
-0.190722
-0.224092
-0.254498
0.00932396
-0.0397221
-0.0873539
-0.132694
-0.175268
-0.214701
-0.250612
-0.283182
0.00266735
-0.0515033
-0.104029
-0.153812
-0.20022
-0.242794
-0.281202
-0.315725
-0.00671156
-0.0667712
-0.124774
-0.179462
-0.230004
-0.275868
-0.316723
-0.352953
-0.0198755
-0.086724
-0.150879
-0.210957
-0.265896
-0.31505
-0.358369
-0.395929
-0.0383376
-0.11298
-0.184075
-0.250094
-0.30981
-0.362412
-0.407791
-0.446032
-0.0641991
-0.147773
-0.226776
-0.299381
-0.364105
-0.420252
-0.467135
-0.504994
-0.100428
-0.194101
-0.282039
-0.362233
-0.432396
-0.491397
-0.538336
-0.573896
-0.151798
-0.256889
-0.353957
-0.441382
-0.516222
-0.576166
-0.62074
-0.650569
-0.221668
-0.339878
-0.448731
-0.540836
-0.614313
-0.669208
-0.705201
-0.722873
-0.287154
-0.41191
-0.519719
-0.608582
-0.676938
-0.724257
-0.751556
-0.761212
0.188063
0.180569
0.168848
0.152896
0.132868
0.108996
0.0820827
0.0505328
0.202634
0.193846
0.180095
0.161565
0.138678
0.111507
0.0816767
0.0489771
0.219016
0.209161
0.193737
0.173081
0.147905
0.118281
0.0860915
0.0523754
0.237594
0.226854
0.209981
0.18734
0.15989
0.127803
0.0925524
0.0557601
0.258387
0.246746
0.228336
0.203469
0.17325
0.138075
0.0988903
0.0576536
0.281284
0.268585
0.248336
0.220809
0.187155
0.148121
0.104343
0.0579485
0.3062
0.292248
0.269781
0.239105
0.201353
0.157693
0.108772
0.0567266
0.333093
0.317698
0.292606
0.258256
0.215754
0.166672
0.111928
0.0535975
0.361884
0.344842
0.316675
0.278037
0.230063
0.174654
0.11315
0.0476455
0.392313
0.373378
0.341602
0.297915
0.243579
0.180765
0.111317
0.0374986
0.423785
0.402644
0.366604
0.316907
0.255078
0.183551
0.104728
0.0212189
0.455113
0.431358
0.390256
0.333363
0.262631
0.180808
0.0908944
-0.00398283
0.48428
0.457376
0.410178
0.344553
0.263112
0.169001
0.0659172
-0.042432
0.507224
0.476656
0.422459
0.346587
0.252419
0.143788
0.0254024
-0.0982271
0.526029
0.491844
0.431012
0.346082
0.240296
0.117765
-0.0152626
-0.15272
0.0301798
0.0301337
0.0300979
0.0300714
0.030053
0.0300391
0.0300383
0.0300303
0.0346743
0.0345864
0.0344731
0.0343369
0.0341815
0.0340089
0.0338227
0.0336301
0.0309295
0.0308807
0.0308505
0.0308337
0.0308344
0.0308411
0.0308561
0.0308719
0.0348813
0.0347743
0.0346391
0.0344797
0.0343
0.0341064
0.0339051
0.0337049
0.032438
0.0323871
0.0323559
0.0323377
0.0323312
0.0323477
0.0323774
0.0324068
0.0367079
0.0365708
0.0363987
0.0361971
0.0359765
0.0357442
0.0355036
0.0352861
0.0349528
0.034865
0.0348127
0.0347834
0.0347603
0.0347948
0.0347924
0.0348504
0.0393197
0.0391291
0.0389066
0.0386596
0.0383894
0.0381306
0.0378459
0.0376502
0.03866
0.0385204
0.0384155
0.0383374
0.0382752
0.0382409
0.0381874
0.0381976
0.0431246
0.042879
0.0426037
0.0423095
0.0419829
0.0416944
0.0413433
0.0411686
0.0438726
0.0436211
0.0433989
0.0432039
0.043016
0.0428883
0.0426927
0.0426786
0.0486287
0.0482988
0.0479357
0.0475869
0.0471574
0.0468688
0.0463697
0.046271
0.0511303
0.0507267
0.050324
0.0499663
0.0495301
0.0492733
0.0487875
0.0487229
0.056699
0.0561706
0.0555231
0.0550718
0.0542849
0.053951
0.0532149
0.0530691
0.0613616
0.0607344
0.0599972
0.0594506
0.0585964
0.0581061
0.0571195
0.0566948
0.0685228
0.0678637
0.0668348
0.0660248
0.0646434
0.0640292
0.062276
0.0617327
0.0758324
0.074819
0.073474
0.0722259
0.0704855
0.0691597
0.0670337
0.0657258
0.0857182
0.0844196
0.0827792
0.0812621
0.0788714
0.0769606
0.0736119
0.071509
0.0965919
0.0947417
0.0922803
0.0896091
0.0861068
0.0826722
0.0782571
0.074059
0.110419
0.108151
0.105063
0.101518
0.0967999
0.0918461
0.0853263
0.0788164
0.126164
0.122874
0.118324
0.112665
0.105558
0.0973272
0.0879953
0.0768372
0.145566
0.14143
0.135502
0.127767
0.117925
0.106358
0.0923298
0.0769378
0.167824
0.162114
0.153428
0.141665
0.126663
0.10874
0.0880534
0.063921
0.0300194
0.0300139
0.0300279
0.0300618
0.0301194
0.0301948
0.0302425
0.0302386
0.0301549
0.0299745
0.0296854
0.0292844
0.0287795
0.0281926
0.0275522
0.0268893
0.0262306
0.0255946
0.0249931
0.0244445
0.0239758
0.0236164
0.0234061
0.0333737
0.0330231
0.0325957
0.032081
0.0314714
0.0308358
0.0302229
0.0296488
0.0291345
0.0286916
0.0283179
0.0279985
0.027705
0.0273808
0.0269636
0.0264611
0.0258987
0.0253153
0.0247434
0.0242096
0.02375
0.0233993
0.0231953
0.0309008
0.0309435
0.0310043
0.0310869
0.0311477
0.0310978
0.0309293
0.0306552
0.0302648
0.0297604
0.0291618
0.0285047
0.027847
0.027236
0.0266642
0.026111
0.0255373
0.0249464
0.0243703
0.023836
0.0233769
0.0230313
0.0228322
0.0334185
0.0330246
0.0325533
0.0320204
0.0315252
0.0310791
0.0306702
0.0302819
0.0299001
0.0295064
0.0290709
0.0285388
0.0278883
0.0271611
0.0264607
0.025791
0.025142
0.0245128
0.0239147
0.0233802
0.0229285
0.0225913
0.0223981
0.0324385
0.0324372
0.032455
0.0324333
0.0322934
0.0320643
0.0317267
0.0312701
0.030701
0.0300418
0.0293319
0.0285978
0.0278368
0.0270335
0.0262114
0.0254053
0.0246502
0.023964
0.023349
0.022822
0.0223901
0.0220789
0.0219102
0.0349204
0.0343949
0.0337851
0.0331995
0.0326607
0.0321334
0.0316096
0.0310783
0.0305194
0.0299009
0.0291994
0.0284251
0.0275981
0.0267231
0.0258103
0.0249131
0.0240826
0.0233434
0.0227115
0.0221865
0.0217691
0.02148
0.0213354
0.0348047
0.0347058
0.0345766
0.0343233
0.0339475
0.0334359
0.0327834
0.0320045
0.0311319
0.0302032
0.0292428
0.0282673
0.027287
0.0263077
0.0253324
0.0243823
0.023506
0.0227315
0.0220828
0.0215585
0.021149
0.0208641
0.0207243
0.0372059
0.0365139
0.0357768
0.0350774
0.0343623
0.0336288
0.0328592
0.0320229
0.0311004
0.0300827
0.028988
0.0278549
0.026732
0.0256558
0.0246454
0.023698
0.0228315
0.0220718
0.0214376
0.0209374
0.0205626
0.0202969
0.0201645
0.0380527
0.0376945
0.0372274
0.0366057
0.0358034
0.0348364
0.0337237
0.0325115
0.0312355
0.0299187
0.0285819
0.0272518
0.0259723
0.0247899
0.0237389
0.0228189
0.0220138
0.0213221
0.0207469
0.0202989
0.0199844
0.019766
0.0196576
0.0405829
0.0396154
0.0386329
0.037593
0.0365066
0.03534
0.0340674
0.0326803
0.0311896
0.0296368
0.0280705
0.0265469
0.0251246
0.0238469
0.0227481
0.0218408
0.0211059
0.0205109
0.0200296
0.0196562
0.0194032
0.0192301
0.0191493
0.0422858
0.0414273
0.0404604
0.0393058
0.0379097
0.0363164
0.0345743
0.0327401
0.0308661
0.0290075
0.0272175
0.0255471
0.0240433
0.0227361
0.02164
0.0207665
0.0201061
0.0196209
0.0192546
0.0189788
0.0187945
0.0186642
0.0186106
0.0454063
0.0437972
0.0421896
0.040419
0.0385308
0.0365072
0.0343648
0.0321538
0.0299535
0.0278471
0.0259038
0.0241724
0.0226812
0.0214353
0.0204235
0.0196385
0.0190687
0.0186859
0.0184299
0.0182548
0.0181515
0.0180769
0.0180556
0.0477836
0.0460782
0.044238
0.0421018
0.0396815
0.0370884
0.03441
0.0317303
0.0291407
0.0267328
0.024585
0.0227565
0.0212623
0.0200862
0.0191909
0.0185344
0.0180801
0.0177985
0.0176391
0.0175543
0.0175284
0.0175136
0.0175246
0.051432
0.0488134
0.0460439
0.0431081
0.0400306
0.0368435
0.0336251
0.0305054
0.0275996
0.0250061
0.0227933
0.0209957
0.0196013
0.0185765
0.0178681
0.0174067
0.0171261
0.0169836
0.0169365
0.0169442
0.0169871
0.0170228
0.0170553
0.0547335
0.0515204
0.047952
0.0440357
0.0399382
0.0358749
0.0319994
0.0284535
0.0253376
0.0227133
0.0205971
0.0189725
0.0177948
0.0170077
0.0165417
0.0163136
0.0162395
0.0162619
0.0163409
0.016442
0.016545
0.0166187
0.0166614
0.0583315
0.0536218
0.0488499
0.0439824
0.0390939
0.0343257
0.0299123
0.0260257
0.022772
0.0201852
0.0182377
0.0168615
0.0159694
0.0154699
0.0152718
0.0152821
0.015412
0.0155993
0.0158056
0.0159992
0.016161
0.0162729
0.0163267
0.0618138
0.0558817
0.0496424
0.0432833
0.0372217
0.0316995
0.0268958
0.0228918
0.0197039
0.0173126
0.015649
0.0146085
0.0140659
0.0138958
0.0139864
0.0142382
0.0145682
0.0149189
0.0152559
0.0155482
0.0157807
0.0159448
0.0160214
0.064866
0.0564886
0.0484927
0.0408393
0.0338338
0.0277687
0.0228118
0.018944
0.016078
0.0141008
0.0128789
0.0122682
0.0121219
0.0123002
0.0126829
0.0131722
0.0136973
0.0142092
0.014679
0.0150759
0.015389
0.0156173
0.0157254
0.0662852
0.0560633
0.0460945
0.0370116
0.0292157
0.0228882
0.0179877
0.0144006
0.0119932
0.0105731
0.00992377
0.0098403
0.0101468
0.0106984
0.0113824
0.0121125
0.0128331
0.013505
0.0141058
0.0146086
0.0150048
0.015298
0.0154389
0.0666086
0.0524278
0.0406656
0.0307162
0.0227318
0.0166679
0.0122692
0.0093119
0.00759517
0.00687624
0.00689283
0.00740235
0.00820643
0.00915666
0.010154
0.0111294
0.0120433
0.0128673
0.0135874
0.0141856
0.0146557
0.0150037
0.0151743
0.0618423
0.0460221
0.0330431
0.0226009
0.0148749
0.00941589
0.00580779
0.00375097
0.00294437
0.00306805
0.00382722
0.0049711
0.00630011
0.0076692
0.00899669
0.0102281
0.0113378
0.0123089
0.0131374
0.013819
0.0143515
0.014745
0.0149432
0.0527428
0.0342435
0.0214989
0.0118175
0.00515533
0.00079602
-0.00163231
-0.00246879
-0.00211419
-0.000969885
0.000640109
0.0024778
0.00436585
0.00617716
0.00785448
0.00935742
0.0106735
0.0117963
0.0127336
0.0134947
0.0140846
0.0145222
0.0147487
0.032928
0.0187661
0.00711617
-0.00105514
-0.0061971
-0.00914386
-0.0101213
-0.00949893
-0.00779862
-0.00548989
-0.0029145
-0.000295195
0.00222078
0.00452819
0.00659675
0.00840626
0.00995873
0.0112585
0.0123254
0.0131806
0.0138358
0.0143267
0.0145849
0.0111282
0.00129976
-0.0074278
-0.0137433
-0.0175546
-0.0190606
-0.018509
-0.0164039
-0.013368
-0.00990779
-0.00637281
-0.00297433
0.000170515
0.00297623
0.00543083
0.00754296
0.00932827
0.0108032
0.0119977
0.0129432
0.0136568
0.0141872
0.0144679
-0.0136923
-0.0216087
-0.0256482
-0.0283723
-0.0291985
-0.0279854
-0.0251498
-0.0212873
-0.016947
-0.0125256
-0.00828101
-0.0043594
-0.000826516
0.0022648
0.0049254
0.00718823
0.00908164
0.0106326
0.0118778
0.0128544
0.0135814
0.0141067
0.0143848
-0.0404796
-0.0475065
-0.0467779
-0.0445583
-0.0404299
-0.0352293
-0.0295063
-0.0237249
-0.0181806
-0.0130421
-0.00839343
-0.00426178
-0.000635305
0.00248289
0.00513476
0.00736847
0.0092227
0.0107332
0.0119398
0.0128809
0.0135733
0.0140519
0.0143036
-0.0643455
-0.0683069
-0.0625334
-0.0566553
-0.0487737
-0.040589
-0.032657
-0.0253688
-0.0188561
-0.013134
-0.00816255
-0.00387947
-0.000209121
0.00289955
0.00551034
0.00767915
0.0094593
0.010898
0.0120401
0.0129261
0.0135708
0.0139964
0.0142168
-0.0871313
-0.0845217
-0.0732663
-0.0643941
-0.054087
-0.0443145
-0.0351472
-0.0269237
-0.0197332
-0.0135416
-0.00826551
-0.00380216
-4.25825e-05
0.00310794
0.00572848
0.00787352
0.00961149
0.0110008
0.012094
0.0129352
0.0135413
0.0139276
0.0141235
-0.108948
-0.0990613
-0.0829133
-0.0708662
-0.0581561
-0.0470579
-0.0370096
-0.0282
-0.0205931
-0.0140941
-0.00859476
-0.00397473
-0.000117602
0.00309559
0.00575416
0.0079101
0.0096414
0.0110118
0.0120805
0.0128958
0.0134792
0.0138449
0.0140275
-0.129236
-0.112181
-0.0916968
-0.0763359
-0.0613607
-0.0490291
-0.0381957
-0.0289588
-0.0211013
-0.0144421
-0.00883797
-0.00414268
-0.000236742
0.00301142
0.00569203
0.00785824
0.00959322
0.0109596
0.0120197
0.012823
0.0133963
0.0137559
0.0139346
-0.14639
-0.122795
-0.099134
-0.0808304
-0.0639992
-0.0504529
-0.0388381
-0.0291993
-0.0211827
-0.0144531
-0.00883448
-0.00414265
-0.000251823
0.00298084
0.00564353
0.00779563
0.00952319
0.0108839
0.0119393
0.0127372
0.0133072
0.0136684
0.0138486
)
;

boundaryField
{
    outlet
    {
        type            fixedValue;
        value           uniform 0;
    }
    upperWall
    {
        type            symmetryPlane;
    }
    lowerWall
    {
        type            symmetryPlane;
    }
    inlet
    {
        type            zeroGradient;
    }
    cylinder
    {
        type            zeroGradient;
    }
    frontAndBack
    {
        type            empty;
    }
}


// ************************************************************************* //
