/*--------------------------------*- C++ -*----------------------------------*\
| =========                 |                                                 |
| \\      /  F ield         | OpenFOAM: The Open Source CFD Toolbox           |
|  \\    /   O peration     | Version:  2312                                  |
|   \\  /    A nd           | Website:  www.openfoam.com                      |
|    \\/     M anipulation  |                                                 |
\*---------------------------------------------------------------------------*/
FoamFile
{
    version     2.0;
    format      ascii;
    arch        "LSB;label=32;scalar=64";
    class       volScalarField;
    location    "41.1";
    object      p;
}
// * * * * * * * * * * * * * * * * * * * * * * * * * * * * * * * * * * * * * //

dimensions      [0 2 -2 0 0 0 0];

internalField   nonuniform List<scalar> 
5478
(
-0.524938
-0.520438
-0.516224
-0.513487
-0.513072
-0.513615
-0.512065
-0.505312
-0.491141
-0.468937
-0.439864
-0.405427
-0.368748
-0.328244
-0.286811
-0.534091
-0.528941
-0.523498
-0.518341
-0.513312
-0.506494
-0.495847
-0.480017
-0.458629
-0.432538
-0.402944
-0.371437
-0.338543
-0.304819
-0.272133
-0.54797
-0.541654
-0.534308
-0.525557
-0.513834
-0.498221
-0.478722
-0.455762
-0.43012
-0.402576
-0.373945
-0.344632
-0.315192
-0.285802
-0.256721
-0.566883
-0.558186
-0.547854
-0.53338
-0.513122
-0.48862
-0.461857
-0.434083
-0.405907
-0.37772
-0.349681
-0.322058
-0.294955
-0.268518
-0.243415
-0.590988
-0.577838
-0.563173
-0.540408
-0.510518
-0.478012
-0.445659
-0.414428
-0.38452
-0.355853
-0.328364
-0.301978
-0.276569
-0.252378
-0.228876
-0.619085
-0.599923
-0.577873
-0.54444
-0.504955
-0.465673
-0.428959
-0.395162
-0.36396
-0.334987
-0.307934
-0.282541
-0.25868
-0.236152
-0.214554
-0.646548
-0.622044
-0.588229
-0.542686
-0.494594
-0.449845
-0.409784
-0.37407
-0.341993
-0.312941
-0.286419
-0.262064
-0.239553
-0.218747
-0.198889
-0.667336
-0.638363
-0.590204
-0.532678
-0.477368
-0.42838
-0.385943
-0.349043
-0.316625
-0.28788
-0.262177
-0.239021
-0.218136
-0.199195
-0.181681
-0.414701
-0.416932
-0.41892
-0.422137
-0.426722
-0.432299
-0.437871
-0.442775
-0.446188
-0.446758
-0.443241
-0.434837
-0.421503
-0.404463
-0.384699
-0.438128
-0.440551
-0.443926
-0.4496
-0.457654
-0.46773
-0.479071
-0.490533
-0.500087
-0.506296
-0.506603
-0.499083
-0.482045
-0.457747
-0.424617
-0.461208
-0.463279
-0.467621
-0.475297
-0.486235
-0.500144
-0.516203
-0.533019
-0.548344
-0.558878
-0.561326
-0.553517
-0.527205
-0.494807
-0.445871
-0.481521
-0.482595
-0.487081
-0.495662
-0.507913
-0.52391
-0.542214
-0.56138
-0.57865
-0.589812
-0.59035
-0.57722
-0.545821
-0.503318
-0.443909
-0.497248
-0.496896
-0.500552
-0.508318
-0.520063
-0.53546
-0.553439
-0.571717
-0.587226
-0.595258
-0.591029
-0.571345
-0.533992
-0.48463
-0.422932
-0.507935
-0.506053
-0.507868
-0.513423
-0.522827
-0.535706
-0.550765
-0.565957
-0.577111
-0.57914
-0.568258
-0.542285
-0.501072
-0.451533
-0.392277
-0.514538
-0.511386
-0.510845
-0.513309
-0.519332
-0.528745
-0.54022
-0.550209
-0.554331
-0.548326
-0.529641
-0.49844
-0.456386
-0.410122
-0.358289
-0.51924
-0.515261
-0.512524
-0.512
-0.514839
-0.520623
-0.526677
-0.529155
-0.524271
-0.509295
-0.48406
-0.449293
-0.408901
-0.365919
-0.321748
-0.359613
-0.349571
-0.376651
-0.439758
-0.457918
-0.38766
-0.300563
-0.265087
-0.281614
-0.365741
-0.463586
-0.458344
-0.346613
-0.230564
-0.141608
-0.0822197
-0.0443589
-0.0215562
-0.0145821
-0.00749485
-0.00298837
-0.000339683
0.00272475
0.00354923
0.00408935
0.00424496
0.00351211
0.00201352
0.00146466
0.00118503
-5.94365e-05
9.24814e-05
0.000467991
-0.000180547
-2.28047e-05
0.000214937
0.000101181
8.70584e-06
-0.376781
-0.337364
-0.327136
-0.371261
-0.394347
-0.343863
-0.28601
-0.276288
-0.302829
-0.382154
-0.48208
-0.477751
-0.359672
-0.23517
-0.140893
-0.0790671
-0.0384121
-0.0140324
-0.00665916
-0.000933024
0.000245247
0.000906453
0.00344097
0.00364599
0.00442962
0.00470771
0.0038454
0.0022517
0.00182362
0.00129917
-7.00694e-06
0.000203462
0.000541401
-0.000173075
3.31583e-05
0.000244768
9.96239e-05
9.57578e-06
-0.377518
-0.316247
-0.272872
-0.285982
-0.310699
-0.283931
-0.263961
-0.281071
-0.305848
-0.374806
-0.482204
-0.486118
-0.36792
-0.238668
-0.140961
-0.0784956
-0.0362116
-0.0106775
-0.00201125
0.003405
0.00265495
0.00180607
0.0039397
0.0037358
0.00465456
0.0050847
0.00411438
0.00251949
0.00222351
0.00135808
0.000113061
0.000334283
0.000570366
-0.000135032
9.14752e-05
0.000264394
9.97145e-05
1.1762e-05
-0.359994
-0.281558
-0.212955
-0.198462
-0.209434
-0.218631
-0.233125
-0.274034
-0.290616
-0.352721
-0.468925
-0.481261
-0.371175
-0.240773
-0.142056
-0.0791247
-0.0365079
-0.00996229
-0.000222391
0.00529923
0.00411683
0.00248436
0.00415993
0.00382296
0.00472919
0.00529234
0.00425527
0.00279699
0.00258144
0.00137656
0.000306322
0.000475215
0.000547775
-6.30119e-05
0.000150708
0.000271586
0.000101721
1.56517e-05
-0.331891
-0.243107
-0.165563
-0.113451
-0.11095
-0.142914
-0.184724
-0.242615
-0.258667
-0.320668
-0.44563
-0.470468
-0.371834
-0.242688
-0.145037
-0.0813319
-0.0390556
-0.011052
-2.23968e-06
0.00562182
0.00489205
0.00300335
0.00407799
0.00379314
0.00460521
0.00525259
0.0042388
0.00303991
0.00282151
0.00138099
0.00054211
0.00060647
0.00048267
3.55392e-05
0.000207757
0.00026646
0.000105616
2.13441e-05
-0.308574
-0.22444
-0.141775
-0.062655
-0.0347807
-0.0644825
-0.117676
-0.174063
-0.205341
-0.273036
-0.401887
-0.435738
-0.356488
-0.239439
-0.146645
-0.0835511
-0.0422248
-0.0136045
-0.000891317
0.00501961
0.00513439
0.00330371
0.00376984
0.0036004
0.00429467
0.00498672
0.00410224
0.0031911
0.00291751
0.00138833
0.000773791
0.000711105
0.000395456
0.000144523
0.000259358
0.000251615
0.000110997
2.86902e-05
-0.288444
-0.217163
-0.143842
-0.0576868
0.0100163
0.00364014
-0.0357196
-0.0736441
-0.130224
-0.226378
-0.365443
-0.417447
-0.35004
-0.240379
-0.150208
-0.0878451
-0.0468858
-0.0173207
-0.00291281
0.00372906
0.00491629
0.0033676
0.00339077
0.00329172
0.00387493
0.00459653
0.00391607
0.00323375
0.00290404
0.00139887
0.000960747
0.000783115
0.000309282
0.000246758
0.000302478
0.000231188
0.000117728
3.75164e-05
-0.277165
-0.224301
-0.161719
-0.0898958
-0.0150771
0.0201886
0.0122348
0.010173
-0.042633
-0.162399
-0.300939
-0.359118
-0.321298
-0.236155
-0.155346
-0.094365
-0.052499
-0.022344
-0.00595805
0.00194332
0.00418808
0.00317549
0.00302969
0.00294714
0.00341647
0.0041248
0.00368795
0.00316482
0.00282116
0.00143408
0.00109501
0.000826108
0.00023955
0.000335507
0.000334891
0.000207012
0.000125875
4.80792e-05
-0.243455
-0.208309
-0.147845
-0.0853072
-0.0135897
0.0290527
0.0475875
0.0900047
0.0695238
-0.0987536
-0.259939
-0.333745
-0.283002
-0.204959
-0.135715
-0.084057
-0.0478072
-0.0214574
-0.00650161
0.000824731
0.00350419
0.00284127
0.0026977
0.00262988
0.00302205
0.00373355
0.00338803
0.00304528
0.00271196
0.00137846
0.00124313
0.000866164
0.000141694
0.00043084
0.000369076
0.000169741
0.000134712
6.11269e-05
-0.190283
-0.163924
-0.113986
-0.0643442
-0.00812559
0.0255208
0.0430997
0.07801
0.0656614
-0.068214
-0.204441
-0.24815
-0.21155
-0.158151
-0.111269
-0.0734557
-0.0446493
-0.022578
-0.00855676
-0.00117394
0.00200322
0.00203348
0.00197152
0.00198927
0.00237513
0.00302775
0.00289746
0.00257622
0.0023838
0.00129895
0.00123225
0.000821374
0.000104276
0.00047128
0.000369292
0.000143833
0.000145624
6.7891e-05
-0.152801
-0.13821
-0.101652
-0.0624873
-0.0196831
0.0143424
0.0322253
0.0557673
0.0459018
-0.0399591
-0.129991
-0.168478
-0.156908
-0.127551
-0.0939719
-0.0639387
-0.0400467
-0.0215887
-0.00945137
-0.0026442
0.000710926
0.00124057
0.00134599
0.00147626
0.001867
0.00252177
0.00246346
0.00236824
0.00211032
0.00122819
0.00116705
0.000781842
0.000124698
0.000462979
0.00035915
0.000136965
0.000151053
7.00625e-05
-0.120804
-0.111999
-0.0850887
-0.053429
-0.0225178
0.00424386
0.0195232
0.0320113
0.0289026
-0.0169874
-0.076565
-0.1094
-0.108532
-0.091921
-0.0719152
-0.0530866
-0.0363842
-0.0223219
-0.0116337
-0.00483628
-0.00105102
0.000142753
0.000555609
0.000812971
0.00126775
0.0019134
0.00197006
0.00194077
0.00181625
0.00111419
0.00104951
0.000739303
0.000156508
0.000432199
0.000340481
0.000134654
0.000155099
7.16653e-05
-0.0961296
-0.0915541
-0.073793
-0.0510755
-0.0279803
-0.00726839
0.00587124
0.0134933
0.0128221
-0.011372
-0.0467509
-0.0703313
-0.0766338
-0.0716059
-0.0605152
-0.0465873
-0.0329208
-0.0210188
-0.0118552
-0.00581296
-0.00219841
-0.000759464
-0.000180422
0.000183264
0.000680299
0.00145392
0.00149883
0.00160232
0.00153318
0.000992659
0.00092935
0.000692124
0.000196685
0.00040122
0.000312652
0.000137278
0.000162031
7.16699e-05
-0.077124
-0.074658
-0.0629506
-0.0469777
-0.0307703
-0.0160611
-0.00559057
-0.000112377
-0.000234101
-0.0122322
-0.0323164
-0.0492924
-0.0546962
-0.0522954
-0.045205
-0.0365301
-0.0278131
-0.0195266
-0.012346
-0.00704441
-0.00351289
-0.00175427
-0.000894285
-0.000391445
0.000102378
0.000444806
0.000974969
0.00117785
0.00122104
0.000834904
0.000788765
0.000621247
0.000215105
0.000365257
0.000277989
0.000139975
0.000168243
6.99348e-05
-0.0612142
-0.0604063
-0.0535091
-0.0429885
-0.0319078
-0.021667
-0.0137732
-0.00937732
-0.00891054
-0.0145332
-0.0250908
-0.0345309
-0.0391017
-0.0394544
-0.0366962
-0.0316253
-0.0251661
-0.0185369
-0.0125506
-0.00785454
-0.00453432
-0.00265581
-0.00165909
-0.00105231
-0.000495604
2.68574e-05
0.000516511
0.00079378
0.000914888
0.000674417
0.000660816
0.000540881
0.000221416
0.000340231
0.000244641
0.000138814
0.000174658
6.95524e-05
-0.0487305
-0.049277
-0.0454111
-0.0387154
-0.0313124
-0.0243377
-0.018658
-0.0150824
-0.0141594
-0.0165761
-0.0217686
-0.0273353
-0.030295
-0.0306652
-0.0288003
-0.0251679
-0.0207327
-0.0161038
-0.0117071
-0.00801089
-0.00515965
-0.00330047
-0.00220622
-0.00152457
-0.000965988
-0.000396729
9.38313e-05
0.000410844
0.000605551
0.000494295
0.00052214
0.00044258
0.00020667
0.000318799
0.000208398
0.000132129
0.000182146
6.70312e-05
-0.0393224
-0.0403018
-0.0382687
-0.0342007
-0.029444
-0.0248107
-0.0208404
-0.0180294
-0.0168329
-0.0174726
-0.0196723
-0.0223795
-0.02372
-0.0237467
-0.0226493
-0.0206961
-0.0179419
-0.014638
-0.0112141
-0.00813848
-0.00567708
-0.00394769
-0.00283775
-0.00207516
-0.00145473
-0.000863676
-0.000313738
3.33848e-05
0.000298045
0.000301996
0.000377373
0.000334086
0.000177398
0.000296581
0.000174657
0.000127366
0.000193297
7.49586e-05
-0.0316276
-0.0328528
-0.0320356
-0.0297262
-0.0267792
-0.0237541
-0.0210147
-0.0188492
-0.0175887
-0.0173625
-0.0179963
-0.0189243
-0.0194041
-0.0192696
-0.0185047
-0.017193
-0.0151624
-0.0126869
-0.0101432
-0.00779645
-0.00583946
-0.00430699
-0.00323365
-0.00246458
-0.00185314
-0.00125179
-0.000682079
-0.00028682
2.09379e-05
0.000115852
0.000248569
0.000226658
0.000125587
0.000272661
0.000136436
0.000103847
0.00018873
5.99775e-05
-0.0254203
-0.0267492
-0.0266318
-0.02541
-0.023651
-0.0217164
-0.0198529
-0.0182267
-0.0170744
-0.0164836
-0.0163542
-0.016395
-0.0162922
-0.0159208
-0.0151835
-0.0141328
-0.0127199
-0.0110467
-0.00922085
-0.00739568
-0.00582564
-0.00453909
-0.00357675
-0.00281548
-0.00219636
-0.00159878
-0.00100714
-0.000601741
-0.00024957
-6.73659e-05
0.000115393
0.000134012
9.45332e-05
0.000260769
0.000126505
0.000117955
0.000220063
9.03371e-05
-0.0203732
-0.0216518
-0.0219087
-0.0213457
-0.0203422
-0.0191333
-0.0178894
-0.0167004
-0.0157349
-0.0150578
-0.0146167
-0.0142665
-0.0138442
-0.0133086
-0.0125784
-0.0117812
-0.0107705
-0.00950664
-0.00811722
-0.00674685
-0.00561065
-0.00462325
-0.00382661
-0.00311835
-0.00249598
-0.00192914
-0.00131192
-0.000884657
-0.000503589
-0.000266951
-3.20933e-05
3.39662e-06
-9.11243e-06
0.000204177
6.62785e-05
4.7192e-05
0.000173338
4.78958e-05
-0.0161668
-0.0173394
-0.0177781
-0.0175991
-0.0170611
-0.016326
-0.0155147
-0.014667
-0.0139093
-0.0132792
-0.0127653
-0.0122893
-0.0117412
-0.0111594
-0.0104899
-0.009823
-0.00901643
-0.00811688
-0.00717299
-0.0061925
-0.00532765
-0.00453644
-0.0038841
-0.00323718
-0.00265472
-0.00205735
-0.00145915
-0.00102371
-0.000632057
-0.000348662
-7.87906e-05
-8.02586e-06
1.41081e-05
0.000237536
0.000116808
0.000126756
0.000255039
0.000114097
-0.0126129
-0.0136547
-0.0141627
-0.0141974
-0.0139419
-0.0135072
-0.0129906
-0.012402
-0.0118386
-0.0113224
-0.0108502
-0.010386
-0.0098471
-0.00929662
-0.00866203
-0.00807149
-0.00743262
-0.00678126
-0.00614147
-0.00547689
-0.0049644
-0.00445374
-0.00398968
-0.0034293
-0.00283047
-0.00235316
-0.0017249
-0.00129278
-0.000884476
-0.000577895
-0.000287269
-0.000189604
-0.00015579
0.000112609
3.57543e-06
-3.19084e-05
0.000132305
3.42348e-05
-0.00971853
-0.0105853
-0.01106
-0.0111875
-0.0110884
-0.010837
-0.0105122
-0.0101096
-0.00970655
-0.00930702
-0.00891929
-0.00852256
-0.00806126
-0.00759058
-0.00705455
-0.006587
-0.00608214
-0.00560743
-0.00516905
-0.00473677
-0.0044162
-0.00404939
-0.00373123
-0.00325918
-0.00267006
-0.00219181
-0.00159922
-0.00117376
-0.000787541
-0.000469553
-0.00015726
-4.65566e-05
-1.55085e-05
0.000246554
0.000155617
0.000156935
0.000291778
0.000139539
-0.00712745
-0.00785351
-0.00830406
-0.00848338
-0.00848913
-0.00836391
-0.00817552
-0.0079094
-0.00763588
-0.00734198
-0.00703811
-0.00672113
-0.00633317
-0.00594838
-0.00548133
-0.00509437
-0.0046914
-0.00438606
-0.00421217
-0.00405175
-0.00404669
-0.00390972
-0.00371888
-0.00337531
-0.00307226
-0.00247181
-0.00182433
-0.00140863
-0.00102656
-0.000727434
-0.000461299
-0.00029142
-0.000256622
2.08164e-05
-2.56484e-05
-0.000106148
7.50853e-05
2.60427e-05
-0.00494667
-0.00552704
-0.00590625
-0.00609237
-0.00616096
-0.00611918
-0.00602473
-0.00586015
-0.00568414
-0.00547904
-0.00527115
-0.0050601
-0.00477256
-0.0044742
-0.00407214
-0.00372973
-0.00335655
-0.00310019
-0.00299012
-0.0029599
-0.00309288
-0.00307294
-0.00303927
-0.00277493
-0.00230831
-0.00187499
-0.00132547
-0.000971629
-0.000626179
-0.000361748
-6.896e-05
5.06474e-05
4.13833e-05
0.000323344
0.00024694
0.000195487
0.000321174
0.000161321
-0.00308748
-0.00354559
-0.00385735
-0.00401699
-0.00414256
-0.00416299
-0.00413188
-0.00403278
-0.00392327
-0.00377719
-0.00361826
-0.00346732
-0.00326618
-0.00305854
-0.00271303
-0.00241146
-0.00208714
-0.00192702
-0.00198752
-0.00212415
-0.00246767
-0.00258631
-0.00257995
-0.00237589
-0.00211067
-0.00177481
-0.00134116
-0.00108263
-0.000800453
-0.000621275
-0.000486709
-0.00021903
-0.000240954
-3.14961e-05
2.047e-05
-0.000136138
2.28619e-05
3.01204e-05
-0.00155274
-0.00193685
-0.002242
-0.00246249
-0.00253564
-0.00254675
-0.00252787
-0.00245404
-0.00236992
-0.002263
-0.00214477
-0.00204795
-0.0018795
-0.00169529
-0.00135036
-0.00100321
-0.000640204
-0.000433721
-0.000492706
-0.000679058
-0.00103739
-0.00123843
-0.00135814
-0.001262
-0.00104634
-0.00080148
-0.000509459
-0.000356401
-9.73929e-05
-4.94004e-05
0.000171251
0.00032179
0.000185618
0.000488848
0.000406335
0.000214558
0.000329473
0.000185804
-0.000200882
-0.000462462
-0.00067717
-0.000830025
-0.000952351
-0.00103275
-0.00108182
-0.00109124
-0.00106429
-0.0010273
-0.00094203
-0.000859296
-0.000717051
-0.000573745
-0.000360155
-0.0001318
5.3226e-05
0.000247549
0.000284397
0.000315837
0.000252362
0.000128397
-6.294e-06
-9.82383e-05
-0.000215402
-0.000284943
-0.00025177
-0.00030339
-0.000119162
-0.000259368
-0.000153
0.000147031
-0.000127586
0.000174494
0.00019645
-0.000138486
4.02209e-05
7.02862e-05
0.000517439
0.000330919
0.00017273
4.38289e-05
-6.4223e-05
-0.000149113
-0.000209647
-0.000253291
-0.000272862
-0.000302977
-0.000299954
-0.000282558
-0.000235103
-0.000178897
-9.89574e-05
8.97026e-08
9.60907e-05
0.00020215
0.000242993
0.000277564
0.000294384
0.00030084
0.000255653
0.0002816
0.000258379
0.000223523
0.000305231
0.000297627
0.000396097
0.000430933
0.000438048
0.00062929
0.000484638
0.000547759
0.000599119
0.000353492
0.000307763
0.000176237
0.00126367
0.00111577
0.000979299
0.000855996
0.000740496
0.000631315
0.000537307
0.000458203
0.000403098
0.000355364
0.000326906
0.000306862
0.000313712
0.000334432
0.000370868
0.000422512
0.000468289
0.000523026
0.000530904
0.000543351
0.000498769
0.0004523
0.000380147
0.000304728
0.000283835
0.000210104
0.000179483
0.000145268
0.000145565
0.00018491
0.00013265
0.00027181
0.000199151
0.000202774
0.000293788
9.10013e-05
5.44008e-05
5.96599e-05
0.00152156
0.00138966
0.00126228
0.00114082
0.00102762
0.00091996
0.000821437
0.000730278
0.000651953
0.000586598
0.000535799
0.000499075
0.000475762
0.000466619
0.000466124
0.00048143
0.000497234
0.000524225
0.000535345
0.000547983
0.000536824
0.000513973
0.000491669
0.000443604
0.000445136
0.000412048
0.000396922
0.000404318
0.000392144
0.000472407
0.000414207
0.000502593
0.000494177
0.000418967
0.000500153
0.000333386
0.000181419
0.000110102
-0.1595
-0.171997
-0.184531
-0.1955
-0.207162
-0.214684
-0.223252
-0.228531
-0.134273
-0.142284
-0.149782
-0.156629
-0.162074
-0.165613
-0.169921
-0.178123
-0.110817
-0.115794
-0.119611
-0.123757
-0.127114
-0.13222
-0.136986
-0.144221
-0.0918074
-0.0946228
-0.0967662
-0.100211
-0.103443
-0.107576
-0.110227
-0.114643
-0.0753568
-0.0772444
-0.078776
-0.0813287
-0.0832221
-0.0851035
-0.0861855
-0.089992
-0.0619908
-0.0630435
-0.063827
-0.0649858
-0.0655453
-0.0665694
-0.0682133
-0.0721913
-0.0504663
-0.050869
-0.0510587
-0.051626
-0.0523368
-0.0538257
-0.0554969
-0.0579636
-0.0409085
-0.0410258
-0.0411848
-0.0417685
-0.0424463
-0.0432668
-0.0439699
-0.0457182
-0.0331132
-0.0330961
-0.0331473
-0.0334186
-0.0336956
-0.0341571
-0.0349238
-0.0366824
-0.0266319
-0.026517
-0.0264538
-0.0265937
-0.0268645
-0.0273666
-0.0281185
-0.0295249
-0.0212799
-0.0211788
-0.0211151
-0.0212121
-0.0214379
-0.0218329
-0.0224449
-0.023616
-0.0168406
-0.0167789
-0.0167229
-0.0167769
-0.0169513
-0.0172865
-0.0178384
-0.0188456
-0.0131187
-0.0131053
-0.0130759
-0.013121
-0.0132719
-0.0135644
-0.0140461
-0.0148899
-0.0100007
-0.0100341
-0.0100374
-0.0100856
-0.0102172
-0.010466
-0.0108734
-0.0115669
-0.00737686
-0.00745018
-0.00748592
-0.00754617
-0.00767181
-0.00789551
-0.00825285
-0.00883766
-0.00516615
-0.00526385
-0.00531986
-0.00538364
-0.00549362
-0.00567989
-0.00596953
-0.0064321
-0.00328434
-0.00339608
-0.0034666
-0.0035367
-0.00363947
-0.00379989
-0.00403696
-0.00440136
-0.00168007
-0.00179667
-0.00187541
-0.00194913
-0.00204548
-0.00218508
-0.00237934
-0.0026646
-0.000335261
-0.000451679
-0.000533783
-0.000609169
-0.00070058
-0.000824906
-0.000989049
-0.00121688
0.000799698
0.000674049
0.000579877
0.000499261
0.000415394
0.000314555
0.000190187
3.13073e-05
0.00153931
0.0013942
0.00126863
0.0011579
0.00105285
0.000943391
0.000823979
0.000691319
0.00205256
0.00192325
0.00181157
0.00171841
0.00163719
0.00155907
0.00147721
0.00138711
0.00232456
0.00220891
0.00209666
0.00199277
0.00189756
0.00180811
0.00172064
0.00163275
0.0160214
0.0182867
0.0197177
0.0199123
0.0183557
0.0149773
0.0096291
0.00172978
-0.00974294
-0.0262318
-0.0497247
-0.0830062
-0.130632
-0.195808
-0.255498
-0.0101441
-0.0105512
-0.0132961
-0.0176526
-0.0234839
-0.0311455
-0.0412283
-0.0545715
-0.0723125
-0.0959935
-0.12774
-0.170319
-0.228289
-0.305729
-0.370889
-0.0359289
-0.0391983
-0.0460081
-0.0544832
-0.0642458
-0.0759468
-0.0904722
-0.108802
-0.132152
-0.162156
-0.201124
-0.251937
-0.317851
-0.406073
-0.469624
-0.0624705
-0.068844
-0.0788708
-0.0903836
-0.103317
-0.118564
-0.137063
-0.15978
-0.187969
-0.223291
-0.26808
-0.325868
-0.398218
-0.489287
-0.550022
-0.0892705
-0.0987095
-0.111075
-0.124795
-0.140291
-0.158552
-0.1804
-0.206685
-0.238727
-0.278233
-0.327179
-0.389584
-0.466005
-0.554727
-0.610656
-0.114909
-0.127371
-0.141584
-0.157102
-0.174786
-0.195548
-0.220067
-0.249017
-0.283822
-0.326095
-0.378021
-0.442287
-0.51896
-0.60224
-0.651118
-0.138873
-0.153816
-0.169432
-0.186697
-0.206431
-0.229242
-0.255731
-0.286673
-0.323212
-0.36688
-0.419648
-0.483225
-0.556839
-0.631401
-0.672491
-0.161615
-0.177449
-0.194656
-0.213803
-0.235369
-0.259815
-0.287699
-0.319772
-0.356996
-0.400682
-0.452398
-0.513032
-0.580332
-0.642925
-0.677114
0.182184
0.196423
0.212425
0.23052
0.250701
0.27285
0.296886
0.322772
0.350434
0.379616
0.409746
0.43969
0.467504
0.489365
0.507439
0.174822
0.187862
0.202873
0.220175
0.239566
0.26078
0.283696
0.308282
0.334452
0.361912
0.390023
0.417564
0.442468
0.460935
0.475655
0.1634
0.174535
0.187996
0.203976
0.221964
0.241488
0.262354
0.284508
0.307826
0.331933
0.356073
0.378881
0.398067
0.409963
0.418462
0.147894
0.156617
0.168117
0.182276
0.198211
0.215266
0.233197
0.251917
0.271221
0.290598
0.309101
0.325152
0.336123
0.338382
0.33838
0.128527
0.134593
0.143991
0.156046
0.169398
0.183244
0.197348
0.211628
0.225804
0.239206
0.25066
0.258327
0.259199
0.24945
0.23869
0.10552
0.10857
0.115731
0.125499
0.13595
0.146168
0.155935
0.165142
0.173396
0.179853
0.183121
0.1811
0.170402
0.14699
0.123346
0.0797003
0.0800695
0.0850854
0.0920131
0.0987902
0.104709
0.109658
0.113409
0.115331
0.114345
0.108823
0.0963985
0.0733376
0.0355665
-0.0016104
0.0498006
0.0491068
0.0530966
0.0570941
0.059708
0.0608323
0.0605326
0.0584302
0.0536522
0.0448938
0.0303138
0.00726567
-0.0283881
-0.0804432
-0.130283
0.022388
0.0269401
0.0232565
0.0274114
0.0248717
0.0293632
0.0277515
0.0322779
0.0318431
0.0364052
0.0374941
0.0424041
0.0452252
0.0510072
0.0558249
0.0632553
0.0706975
0.0807029
0.0916547
0.1055
0.121224
0.140548
0.162404
0.0223566
0.0268128
0.0232184
0.0272525
0.024826
0.029193
0.0276426
0.0320973
0.0316663
0.0361547
0.0372487
0.042061
0.0448484
0.0504968
0.0551623
0.062453
0.069556
0.0793249
0.0896909
0.103129
0.117837
0.136267
0.156657
0.0223413
0.0266607
0.0231956
0.027065
0.0248043
0.0289837
0.0275554
0.0318878
0.031526
0.0358831
0.03703
0.0416757
0.044485
0.0499463
0.0544752
0.0615653
0.0682533
0.0777319
0.0872513
0.100051
0.113284
0.130359
0.148123
0.0223306
0.0264866
0.0231845
0.0268547
0.0248028
0.0288244
0.027493
0.0316514
0.0314096
0.0355923
0.0368426
0.0413234
0.0441724
0.0494336
0.0537938
0.0606997
0.0668805
0.0760527
0.0844746
0.0964318
0.107606
0.122664
0.13658
0.0223277
0.0262941
0.023182
0.0266287
0.0248151
0.0285834
0.0274534
0.0314018
0.0313169
0.0352863
0.0366312
0.0408597
0.0437904
0.0487423
0.0530088
0.0595716
0.0652033
0.0737449
0.0809881
0.0917298
0.100565
0.113007
0.122006
0.0223311
0.0260866
0.0232023
0.0263946
0.0248364
0.028339
0.0274263
0.0311434
0.0312498
0.0350132
0.0365211
0.0406068
0.0435671
0.0483628
0.0524112
0.0586865
0.0637027
0.0716714
0.0774764
0.0867649
0.0924461
0.101631
0.104545
0.0223309
0.0258682
0.023217
0.0261575
0.0248618
0.0280815
0.0274147
0.0308859
0.0311753
0.0347047
0.036124
0.0400263
0.0430792
0.0474743
0.0514263
0.0570677
0.0616127
0.0684352
0.0730791
0.0803151
0.0832826
0.088101
0.0846819
0.0223277
0.0256444
0.0232308
0.0259331
0.0248936
0.0278451
0.0273958
0.0306712
0.0311607
0.0345908
0.0364297
0.0399876
0.0430248
0.0474011
0.051025
0.0563554
0.0601657
0.066166
0.0688644
0.0738819
0.0724921
0.0729347
0.0615176
0.0223271
0.025348
0.0232472
0.0256038
0.024903
0.0275211
0.027378
0.0302887
0.0310429
0.0339894
0.0357581
0.0388981
0.0418244
0.0455223
0.0489523
0.0530101
0.0562546
0.0597776
0.0612611
0.0620405
0.0577886
0.0499033
0.0318611
0.0223305
0.0249421
0.0232688
0.0251807
0.0248958
0.0268799
0.0272169
0.0295347
0.0304607
0.0330123
0.034844
0.0375992
0.0401612
0.0429001
0.0457263
0.0481801
0.0501702
0.0511619
0.0507628
0.0475439
0.0416331
0.0307093
0.0163844
0.0223481
0.0244573
0.0233004
0.0246796
0.024872
0.026249
0.0269989
0.0287968
0.0300772
0.0319525
0.0338022
0.0358243
0.0381504
0.0399539
0.0419704
0.0430927
0.0437328
0.0428249
0.0406039
0.0354963
0.0283469
0.0176034
0.00428723
0.0223831
0.0238817
0.0233389
0.0241527
0.024791
0.025673
0.0266595
0.0280335
0.0292687
0.0307937
0.0325361
0.0339867
0.035846
0.0368514
0.0379383
0.0379684
0.0372724
0.0349257
0.0312922
0.0252289
0.0174932
0.00734603
-0.00477636
0.0224359
0.0232323
0.023317
0.0236801
0.0246114
0.0250639
0.0262083
0.0272414
0.0285061
0.0295548
0.0310508
0.0320164
0.0332599
0.0335906
0.0336834
0.0327735
0.0309426
0.0275951
0.0230948
0.0167755
0.00922081
6.92133e-05
-0.0106889
0.022487
0.0225871
0.0231852
0.0232233
0.0243394
0.0244974
0.025636
0.0264012
0.0275127
0.0282042
0.0293587
0.0298852
0.0304553
0.0301774
0.0293853
0.0276865
0.0250691
0.0211581
0.0163268
0.0102119
0.00323316
-0.00488804
-0.0143847
0.0225076
0.0219563
0.0229482
0.0227824
0.0239623
0.0238707
0.0249209
0.0255062
0.0263724
0.0267422
0.0274904
0.0276125
0.0275535
0.0267025
0.0252218
0.0229582
0.0198613
0.0157601
0.0109419
0.00527983
-0.000955206
-0.00801364
-0.0162271
0.02247
0.0213603
0.0225986
0.0223466
0.0234707
0.023216
0.0240772
0.0245424
0.0250951
0.0251606
0.0254955
0.0252483
0.0246381
0.0232842
0.021328
0.0187372
0.0154526
0.0114212
0.0068519
0.00176283
-0.00368413
-0.00970017
-0.0166092
0.0223524
0.0208153
0.022126
0.0219896
0.0228737
0.0225151
0.0231209
0.0235006
0.0237147
0.0234663
0.0234323
0.0228591
0.0217935
0.0200504
0.0178186
0.0151334
0.0118816
0.00808533
0.00390983
-0.000548775
-0.00520102
-0.0102498
-0.0159826
0.022136
0.0203297
0.0215218
0.021543
0.0221856
0.0217386
0.0220772
0.0223766
0.0222658
0.0216888
0.0213511
0.0205323
0.019121
0.0171096
0.0147757
0.0121689
0.00911174
0.00564902
0.00192632
-0.00190082
-0.00578378
-0.0099209
-0.0145883
0.0218137
0.0198951
0.0208044
0.0210558
0.0214455
0.0208699
0.0209637
0.0211827
0.0207869
0.0198791
0.0192957
0.0183263
0.0167066
0.0145476
0.0122272
0.00981944
0.00707211
0.00399463
0.000730866
-0.00249844
-0.00566362
-0.00897434
-0.0127164
0.0213737
0.0195058
0.0200014
0.0204772
0.0206867
0.0199127
0.0197897
0.0199376
0.0193302
0.0181202
0.0173179
0.0162874
0.0146059
0.0124032
0.0101694
0.00802662
0.00565534
0.00298697
0.000165335
-0.00253022
-0.0050705
-0.00767856
-0.0106533
0.020835
0.0191171
0.0191894
0.019779
0.0199122
0.01892
0.0185751
0.0186477
0.0179155
0.0164734
0.0154729
0.0144516
0.0128341
0.0106892
0.00859136
0.00672935
0.0047471
0.00248462
7.65225e-05
-0.00216109
-0.00418603
-0.00622441
-0.00857737
0.0201982
0.0187106
0.0183938
0.0189819
0.0190919
0.0179293
0.0173592
0.0173532
0.0165688
0.0149834
0.0138255
0.0128409
0.0113625
0.0093627
0.00744219
0.00584467
0.00421322
0.00232384
0.000295118
-0.00155024
-0.00315857
-0.00474895
-0.00661068
0.0194912
0.0182443
0.0176321
0.0181488
0.0182239
0.0169477
0.0161876
0.0160967
0.0153013
0.0136636
0.0124171
0.0114902
0.0101879
0.00839774
0.00668918
0.00532534
0.00397797
0.00240904
0.000725558
-0.000777444
-0.00205151
-0.00330089
-0.00478398
0.0187442
0.0176944
0.0169202
0.0173195
0.0173187
0.01599
0.015092
0.014931
0.0141521
0.0125291
0.0112357
0.0103704
0.00925353
0.00770913
0.00622347
0.00505062
0.00391678
0.00261505
0.00124203
4.26907e-05
-0.000958823
-0.00195173
-0.00315343
0.0179562
0.0171006
0.0162457
0.0165091
0.0164063
0.0150786
0.0141081
0.0138728
0.0131189
0.0115721
0.0103202
0.0095171
0.00858557
0.00730746
0.00604096
0.00500838
0.00402192
0.00294231
0.00185148
0.000916324
0.000125202
-0.000687176
-0.00168055
0.0171961
0.0164503
0.0156186
0.0157408
0.0155037
0.0142279
0.0132524
0.012961
0.0122392
0.0108076
0.0096037
0.00885313
0.00807908
0.00705563
0.00599197
0.00507417
0.00420042
0.00330666
0.00245361
0.0017313
0.00109218
0.000402607
-0.000432985
0.0164196
0.0158205
0.0150755
0.0150413
0.0146763
0.0134911
0.0125275
0.0121853
0.0115312
0.0102509
0.009132
0.00843403
0.00781591
0.00702305
0.00611872
0.00527295
0.00450376
0.00379358
0.00314712
0.00257427
0.00202258
0.00140942
0.000695774
0.0157204
0.0152566
0.0145574
0.0143249
0.0139507
0.0129259
0.0119057
0.0114991
0.0110343
0.0099452
0.00883861
0.00813719
0.0076635
0.00707921
0.00628128
0.00545849
0.0047699
0.00423362
0.00378667
0.00335008
0.00287999
0.00234689
0.00175826
0.0151253
0.014751
0.0141037
0.0137452
0.013375
0.0124586
0.0113894
0.0108991
0.0105546
0.00969291
0.00862865
0.00783446
0.00738166
0.00696888
0.00634514
0.00560539
0.00493367
0.00442976
0.00407552
0.00378427
0.00348051
0.00311174
0.0026817
0.0146859
0.0143493
0.0137534
0.0133515
0.0129351
0.0120949
0.0110677
0.0104756
0.0101598
0.00954781
0.00860697
0.007726
0.00719076
0.00685454
0.00643282
0.00582796
0.00516699
0.00462547
0.00427365
0.0040509
0.00384856
0.00358463
0.00324405
0.0144375
0.0141464
0.013567
0.013066
0.0126402
0.011951
0.0109568
0.0102018
0.00982094
0.00940597
0.00867051
0.0077898
0.00710317
0.00669718
0.00637052
0.00592375
0.00536245
0.00482201
0.00441971
0.00416908
0.00400151
0.0038364
0.00363222
0.0116475
-0.0115859
-0.0378775
-0.0615663
-0.0841411
-0.10577
-0.12637
-0.14416
0.000787123
-0.0208922
-0.0462094
-0.0674493
-0.0842803
-0.0991082
-0.112959
-0.124597
-0.00872482
-0.0261216
-0.0473624
-0.0640992
-0.0756712
-0.0858355
-0.0955156
-0.10424
-0.0162725
-0.0303953
-0.0472826
-0.0605436
-0.0690594
-0.0761929
-0.0824238
-0.0880142
-0.0211955
-0.032778
-0.0450944
-0.0545682
-0.0605322
-0.0653005
-0.0692148
-0.07287
-0.0239257
-0.0332969
-0.041766
-0.0481321
-0.0523764
-0.0557025
-0.0582877
-0.0605618
-0.0246095
-0.0319795
-0.0375416
-0.0415432
-0.0444497
-0.0467462
-0.048434
-0.0497554
-0.0236434
-0.0292845
-0.0328597
-0.0352774
-0.0372123
-0.0387998
-0.0399074
-0.0406321
-0.0217121
-0.0258916
-0.0280677
-0.029439
-0.0307055
-0.0318428
-0.0326282
-0.0330397
-0.0191921
-0.0222631
-0.023494
-0.0241646
-0.0249538
-0.0257803
-0.0263732
-0.0266434
-0.0163903
-0.0186667
-0.0193124
-0.0195351
-0.0199775
-0.020574
-0.0210545
-0.0212827
-0.0135734
-0.0152789
-0.0155856
-0.0155461
-0.0157493
-0.0161711
-0.0165745
-0.0168016
-0.0108904
-0.0121807
-0.012304
-0.0121314
-0.0121797
-0.0124673
-0.0128047
-0.0130349
-0.00844163
-0.00942433
-0.00945253
-0.00922638
-0.0091835
-0.00937223
-0.00965169
-0.00987994
-0.00623427
-0.00698798
-0.00697354
-0.00674124
-0.0066523
-0.00677282
-0.00700503
-0.00722789
-0.00431632
-0.00490013
-0.00486486
-0.00464429
-0.00453366
-0.00460616
-0.00479664
-0.00500528
-0.00261465
-0.00306536
-0.00302181
-0.0028253
-0.00271462
-0.00276122
-0.00292306
-0.00311884
-0.00117879
-0.00151256
-0.00145049
-0.00126792
-0.00116044
-0.0011935
-0.00133613
-0.00151813
9.98361e-05
-0.000146983
-8.17109e-05
7.11495e-05
0.000157491
0.000122407
-9.55725e-06
-0.000180102
0.00128702
0.00108413
0.00111054
0.00120756
0.00126259
0.00122618
0.0011098
0.0009527
0.00229713
0.00206718
0.00197947
0.00197107
0.00197084
0.00192897
0.00183174
0.00169258
0.0029236
0.00270971
0.00258332
0.0025168
0.00246947
0.00240651
0.00231155
0.00218801
0.00340972
0.00320267
0.00300394
0.00284437
0.00272516
0.00262929
0.00253689
0.00243583
-0.321194
-0.327467
-0.336511
-0.348569
-0.364803
-0.386179
-0.411607
-0.436191
-0.321448
-0.3264
-0.333398
-0.342911
-0.356034
-0.372855
-0.392694
-0.412733
-0.319097
-0.323479
-0.329039
-0.336422
-0.346821
-0.360084
-0.373532
-0.383067
-0.31473
-0.318789
-0.323087
-0.328158
-0.334568
-0.341442
-0.346056
-0.345115
-0.308234
-0.311849
-0.314488
-0.316269
-0.317434
-0.317346
-0.314324
-0.306132
-0.299519
-0.302137
-0.302409
-0.300432
-0.296772
-0.291425
-0.283301
-0.270642
-0.288847
-0.289744
-0.287263
-0.281922
-0.274789
-0.266111
-0.254878
-0.239556
-0.276827
-0.275475
-0.270284
-0.262352
-0.253069
-0.242413
-0.229361
-0.212527
-0.264158
-0.260329
-0.252666
-0.242991
-0.232448
-0.220624
-0.206562
-0.188963
-0.251504
-0.245044
-0.235291
-0.22457
-0.213215
-0.200747
-0.186175
-0.168337
-0.239406
-0.229948
-0.21869
-0.207283
-0.195386
-0.18264
-0.167885
-0.150203
-0.227325
-0.215255
-0.203044
-0.191082
-0.178888
-0.166051
-0.151441
-0.134204
-0.215827
-0.201045
-0.188249
-0.175764
-0.16346
-0.1508
-0.136596
-0.120113
-0.202954
-0.186949
-0.173918
-0.161189
-0.149214
-0.136736
-0.123191
-0.107582
-0.189669
-0.173702
-0.160046
-0.147737
-0.135717
-0.123422
-0.11056
-0.0961883
-0.393008
-0.374276
-0.358632
-0.345655
-0.334921
-0.326308
-0.320483
-0.318603
-0.394616
-0.375126
-0.358832
-0.345537
-0.334937
-0.326527
-0.321151
-0.319368
-0.395097
-0.374372
-0.357209
-0.343362
-0.332421
-0.32405
-0.318607
-0.316934
-0.395883
-0.373192
-0.354552
-0.339646
-0.327918
-0.319033
-0.31338
-0.312037
-0.397007
-0.371612
-0.350939
-0.334472
-0.321495
-0.311705
-0.305704
-0.304894
-0.398
-0.369299
-0.346161
-0.327809
-0.313204
-0.302128
-0.296005
-0.296129
-0.39866
-0.365908
-0.339991
-0.319683
-0.303599
-0.291562
-0.285516
-0.285861
-0.398079
-0.361042
-0.332278
-0.310113
-0.2928
-0.28019
-0.27457
-0.274963
-0.395748
-0.354488
-0.323099
-0.299376
-0.281211
-0.268624
-0.263761
-0.26399
-0.39114
-0.346244
-0.312806
-0.288209
-0.270026
-0.258158
-0.253745
-0.253346
-0.383948
-0.336637
-0.301997
-0.276673
-0.258341
-0.248188
-0.245304
-0.244066
-0.374288
-0.326418
-0.292317
-0.268385
-0.252101
-0.242922
-0.239108
-0.235431
-0.363016
-0.316569
-0.282847
-0.259339
-0.244304
-0.238241
-0.235049
-0.228333
-0.351465
-0.309507
-0.279268
-0.258349
-0.24489
-0.238919
-0.233888
-0.221997
-0.340196
-0.301889
-0.276256
-0.25799
-0.246826
-0.2418
-0.23395
-0.215568
-0.335801
-0.312348
-0.289299
-0.270583
-0.257014
-0.247847
-0.233284
-0.209929
-0.354709
-0.350534
-0.333688
-0.311213
-0.289223
-0.268087
-0.243983
-0.213442
-0.406602
-0.416581
-0.404167
-0.377083
-0.342201
-0.299691
-0.259451
-0.218141
-0.480615
-0.488643
-0.472354
-0.436823
-0.389084
-0.330451
-0.276453
-0.223797
-0.489902
-0.487929
-0.460654
-0.419167
-0.368444
-0.310638
-0.262115
-0.214262
-0.404813
-0.394985
-0.366717
-0.32793
-0.288557
-0.249812
-0.222006
-0.192554
-0.302911
-0.289626
-0.264772
-0.235441
-0.208314
-0.184784
-0.170132
-0.158822
-0.247806
-0.224482
-0.198329
-0.172435
-0.150046
-0.131722
-0.121745
-0.116206
-0.252867
-0.218809
-0.182804
-0.15157
-0.127516
-0.106358
-0.0890044
-0.0811501
-0.329805
-0.283898
-0.235487
-0.186135
-0.137425
-0.0996742
-0.0729278
-0.0593007
-0.420944
-0.362126
-0.298007
-0.234396
-0.173783
-0.120193
-0.0771057
-0.0430333
-0.421832
-0.373095
-0.324764
-0.276772
-0.219759
-0.149294
-0.0835367
-0.0362588
-0.325334
-0.298533
-0.270922
-0.241905
-0.207244
-0.166821
-0.120178
-0.0773013
-0.223115
-0.213948
-0.204781
-0.194953
-0.180311
-0.163144
-0.141027
-0.115055
-0.142404
-0.143371
-0.147376
-0.152001
-0.15486
-0.156995
-0.154133
-0.148149
-0.0883972
-0.0972821
-0.11034
-0.124061
-0.140534
-0.157793
-0.173246
-0.185469
-0.0542993
-0.06824
-0.0859196
-0.105633
-0.128823
-0.152865
-0.179314
-0.204925
-0.033364
-0.0483134
-0.0659805
-0.0856228
-0.107671
-0.130557
-0.155885
-0.18005
-0.0250314
-0.0366795
-0.0491779
-0.0628216
-0.0773908
-0.0926183
-0.108319
-0.131207
-0.0150111
-0.0225971
-0.0310871
-0.0401042
-0.0493569
-0.0601065
-0.0701152
-0.0848578
-0.00666178
-0.0105882
-0.0149971
-0.0200257
-0.0255291
-0.0320333
-0.0381229
-0.04752
-0.00195176
-0.00392029
-0.00629595
-0.00908601
-0.0122233
-0.015915
-0.0193984
-0.0247228
0.00172176
0.000401657
-0.00125688
-0.00321305
-0.00540983
-0.00785766
-0.0103049
-0.0135788
0.00329084
0.00267307
0.00170994
0.000497812
-0.000920952
-0.00251542
-0.00417208
-0.00629283
0.00362147
0.00301626
0.00228165
0.00142826
0.000465223
-0.000586312
-0.00171508
-0.00300615
0.00372721
0.00317575
0.00257432
0.00191475
0.00120018
0.000441536
-0.00035559
-0.00124147
0.00312973
0.00271756
0.00227861
0.00180665
0.00130369
0.0007749
0.000226372
-0.000373619
0.00180087
0.00159707
0.00137216
0.00112285
0.000851366
0.000555613
0.000243041
-0.0001245
0.00118088
0.000967426
0.000785368
0.000607934
0.000424855
0.000233843
3.63071e-05
-0.0001951
0.00102216
0.000825587
0.000616118
0.000405916
0.000199883
2.13678e-06
-0.000182418
-0.000349493
-6.63976e-05
-5.28393e-05
-4.05643e-05
-4.00849e-05
-5.65137e-05
-9.16171e-05
-0.000146637
-0.000243053
-3.05791e-06
-8.90444e-05
-0.000170736
-0.000248108
-0.000321373
-0.00039143
-0.000457312
-0.000524014
0.000366937
0.000251273
0.00013279
1.7822e-05
-8.8989e-05
-0.000183956
-0.000264427
-0.000324031
-0.0001665
-0.000140108
-0.000110929
-8.63584e-05
-7.11517e-05
-6.75746e-05
-7.96277e-05
-0.000117607
-7.67004e-05
-0.000127606
-0.0001751
-0.000218597
-0.000258238
-0.000293206
-0.000321555
-0.000346141
0.000178144
0.00013677
9.39172e-05
5.23013e-05
1.39195e-05
-2.01215e-05
-4.82963e-05
-6.77084e-05
0.000104017
0.000107365
0.000110402
0.00011216
0.000112121
0.000109816
0.000103923
9.33541e-05
8.70549e-06
9.33439e-06
1.00811e-05
1.03465e-05
9.70569e-06
8.09642e-06
5.13701e-06
-5.88912e-07
-0.193228
-0.152344
-0.122562
-0.0948355
-0.0700676
-0.0502835
-0.0346323
-0.0223222
-0.0126464
-0.0056729
-0.000720013
0.00293597
0.00531307
0.00680807
0.00778024
0.00830594
0.00867307
0.00886217
0.00907078
0.00935608
0.00940822
0.00946961
0.00951059
-0.199985
-0.162971
-0.135231
-0.103488
-0.0775767
-0.056395
-0.0391761
-0.0255345
-0.0150748
-0.00748706
-0.00188708
0.0020312
0.00458566
0.00621847
0.00724433
0.00780168
0.00818857
0.00839896
0.00861827
0.00897539
0.00907601
0.00917909
0.00923912
-0.195211
-0.157623
-0.129691
-0.100719
-0.0759857
-0.0554182
-0.0384794
-0.0250575
-0.0148901
-0.00735022
-0.00183937
0.00187794
0.0043353
0.00587948
0.00682784
0.00734015
0.00771455
0.00792645
0.00815105
0.00857063
0.00871929
0.00886802
0.00895144
-0.191801
-0.148082
-0.117718
-0.0896114
-0.0669264
-0.0481333
-0.0326926
-0.0209801
-0.0119762
-0.00530961
-0.00060657
0.00250908
0.00455118
0.00578417
0.00653184
0.00692679
0.00725431
0.00745021
0.00768149
0.00813923
0.00834568
0.00853947
0.00864902
-0.179231
-0.131479
-0.103427
-0.0750847
-0.0544448
-0.037651
-0.0241482
-0.0143817
-0.00704128
-0.00190094
0.00156246
0.00377408
0.00514225
0.00591111
0.00636152
0.00658443
0.00683502
0.00699635
0.00723961
0.0077149
0.0079655
0.00820342
0.00833367
-0.158761
-0.11104
-0.0851443
-0.0572442
-0.0400105
-0.0254041
-0.0142967
-0.00663673
-0.00111758
0.00224821
0.00430399
0.00541639
0.00596265
0.00618756
0.00628116
0.00628953
0.00644957
0.0065565
0.00680358
0.0072916
0.0075929
0.00786499
0.00800895
-0.129686
-0.0873402
-0.0662882
-0.0375529
-0.0240312
-0.0106256
-0.00278749
0.00235569
0.00549879
0.00686688
0.00734905
0.00723
0.00688141
0.00652495
0.00622589
0.00599071
0.00606876
0.00611707
0.00635336
0.00688364
0.00721581
0.00751988
0.00767578
-0.0871892
-0.052952
-0.0397088
-0.0146636
-0.00630095
0.00550218
0.00972056
0.0123318
0.0128406
0.0119415
0.0106155
0.00911665
0.00779522
0.006835
0.00612167
0.00567034
0.00560559
0.00563405
0.00586977
0.0064579
0.00682797
0.00716222
0.00733447
-0.0578427
-0.0295869
-0.0101534
0.0109882
0.0162561
0.0240991
0.0240162
0.0233864
0.0207455
0.0173698
0.0139859
0.0109893
0.00859711
0.00703116
0.00589379
0.00522531
0.0050464
0.00507732
0.00533447
0.00599576
0.0064127
0.00678573
0.00698467
-0.03532
-0.00532617
0.0165655
0.0339871
0.0401199
0.0448271
0.0409482
0.0364386
0.0295213
0.0230235
0.0172953
0.0126931
0.00925989
0.00695917
0.00547748
0.00463454
0.00438417
0.0044416
0.0047392
0.00548265
0.00597272
0.00639882
0.00662693
-0.00326967
0.0181618
0.0455092
0.0568085
0.0636296
0.0625802
0.0557594
0.0475878
0.037592
0.028099
0.02007
0.0138881
0.00946775
0.00656101
0.00478237
0.00382842
0.0035597
0.00368021
0.00405893
0.00490814
0.00551246
0.0060046
0.00626428
0.00359415
0.00972509
0.0521507
0.0723752
0.0846568
0.0774275
0.0674185
0.0557837
0.0429669
0.03113
0.0213743
0.0140548
0.00897222
0.00571857
0.00377716
0.00282651
0.00260816
0.00281508
0.00329747
0.00428938
0.00504942
0.0056118
0.0059025
-0.0165646
-0.0254867
0.0307432
0.0789656
0.104364
0.0955694
0.0792086
0.0621634
0.0454462
0.0313309
0.0204547
0.012681
0.00747829
0.00422309
0.00242305
0.00159457
0.00152331
0.00184142
0.00247171
0.00362428
0.00457911
0.00521918
0.00554357
-0.0683408
-0.0603568
-0.0243618
0.0411854
0.0828635
0.0824636
0.0707231
0.0579156
0.0415233
0.0272418
0.0166633
0.00942614
0.00481949
0.00207689
0.00070133
0.000158944
0.000389542
0.0008506
0.00164359
0.00296445
0.00411339
0.00483818
0.00519085
-0.12523
-0.116169
-0.108227
-0.0859184
-0.0610612
-0.0343524
-0.000321727
0.0195499
0.0191695
0.0135967
0.00795755
0.00362862
0.000850458
-0.00074269
-0.00135496
-0.00140182
-0.000852992
-0.000149764
0.000773423
0.00233513
0.0036782
0.00446859
0.00484797
-0.192211
-0.210404
-0.234403
-0.251942
-0.241957
-0.180682
-0.0987444
-0.0435021
-0.0193232
-0.00912915
-0.00556776
-0.00459586
-0.00430032
-0.00413208
-0.00365337
-0.00306801
-0.00210051
-0.00109954
4.81123e-06
0.00179202
0.00328882
0.00413134
0.00452146
-0.235178
-0.273725
-0.313346
-0.340243
-0.32459
-0.247233
-0.153707
-0.0874645
-0.0503199
-0.0296715
-0.0187263
-0.0128905
-0.00956502
-0.00752136
-0.005899
-0.00461746
-0.00322654
-0.00191703
-0.00061039
0.00136068
0.0029536
0.00382172
0.00420951
-0.218073
-0.252828
-0.283492
-0.291167
-0.268972
-0.206862
-0.14289
-0.0925507
-0.0604354
-0.0396627
-0.0267348
-0.0187957
-0.0137279
-0.0103798
-0.00790397
-0.00603032
-0.00427684
-0.00266334
-0.0011297
0.00104757
0.00268127
0.00354114
0.00390622
-0.160592
-0.174942
-0.189623
-0.189777
-0.173993
-0.140245
-0.107063
-0.0774896
-0.0560863
-0.0401015
-0.0289963
-0.0213934
-0.0159898
-0.0121569
-0.00929147
-0.00705114
-0.00509089
-0.00322106
-0.00151851
0.000834211
0.00241927
0.00326736
0.0036061
-0.097542
-0.105308
-0.110659
-0.109571
-0.10227
-0.0873249
-0.0737678
-0.0586061
-0.0465725
-0.0358957
-0.0278033
-0.0215879
-0.0167179
-0.0130515
-0.0101796
-0.00784122
-0.0058094
-0.00378279
-0.00193067
0.000612264
0.00213822
0.00296079
0.00327528
-0.0536336
-0.0582693
-0.0616229
-0.0624668
-0.0609616
-0.0552572
-0.0503681
-0.0428768
-0.0368542
-0.0301883
-0.0249396
-0.0203081
-0.0163615
-0.0132244
-0.010608
-0.00838926
-0.00643376
-0.00434534
-0.00250128
0.000325337
0.00183024
0.0026348
0.00292289
-0.0281251
-0.0314426
-0.0342531
-0.0362302
-0.0373281
-0.0359886
-0.0349624
-0.0315056
-0.0288277
-0.0249806
-0.021739
-0.0184427
-0.015468
-0.0129546
-0.0106833
-0.00874102
-0.00693066
-0.00492453
-0.00317543
-0.000124644
0.00141421
0.00221009
0.00251829
-0.0160289
-0.018688
-0.0210658
-0.0231247
-0.0246296
-0.0249831
-0.0252851
-0.024002
-0.0230347
-0.0208046
-0.0188945
-0.0166561
-0.0145272
-0.0125769
-0.0106638
-0.00904179
-0.0073986
-0.00557578
-0.00402393
-0.000729886
0.000922011
0.00175558
0.0020776
-0.00815387
-0.0103967
-0.0125219
-0.0146059
-0.0162599
-0.0173836
-0.0183144
-0.0182147
-0.0181554
-0.0171199
-0.0161305
-0.0146668
-0.0132399
-0.0118043
-0.0102817
-0.0090003
-0.00757027
-0.00606136
-0.00471014
-0.00135904
0.000398936
0.00126501
0.00163075
-0.00437587
-0.00606535
-0.00774258
-0.00948972
-0.0109788
-0.0122514
-0.0133519
-0.0138357
-0.0142532
-0.0139562
-0.0135513
-0.0127822
-0.0118326
-0.0108408
-0.00966523
-0.00866681
-0.00742537
-0.00625985
-0.00496195
-0.0018422
-7.88303e-05
0.000820573
0.00119302
-0.00232409
-0.00361087
-0.00492718
-0.00630646
-0.00754856
-0.00872254
-0.00975664
-0.0104483
-0.0110535
-0.0111706
-0.011161
-0.0108278
-0.0102636
-0.00961879
-0.00876326
-0.00796445
-0.00700204
-0.00587682
-0.00492415
-0.00186526
-0.000453015
0.000473154
0.000815939
-0.00108842
-0.00199648
-0.00294965
-0.00398025
-0.00494973
-0.00593828
-0.00683263
-0.007548
-0.00820165
-0.00853113
-0.00876218
-0.00873199
-0.00847934
-0.00811653
-0.00755027
-0.00688382
-0.00615292
-0.00503362
-0.00422455
-0.00168123
-0.000649122
0.000267076
0.000530859
-0.000621365
-0.00125122
-0.00191532
-0.00266258
-0.0033819
-0.00415782
-0.0048884
-0.00552119
-0.00613453
-0.0065277
-0.00685521
-0.00697912
-0.00691436
-0.00671856
-0.00635218
-0.0057793
-0.00524846
-0.00415282
-0.0035471
-0.00144106
-0.000755251
0.000167883
0.000335605
-0.000558054
-0.000978629
-0.00145264
-0.00196626
-0.00248318
-0.0030426
-0.00357786
-0.00407275
-0.00454959
-0.00490007
-0.00520198
-0.00535924
-0.00539211
-0.00526639
-0.00508781
-0.00454944
-0.00425843
-0.00314103
-0.0027992
-0.00100779
-0.000726486
0.000125116
0.000205217
-0.000523345
-0.000811625
-0.00111707
-0.00146078
-0.00180256
-0.00219128
-0.00256209
-0.00292508
-0.00329476
-0.00357359
-0.0038485
-0.00399429
-0.00408672
-0.00398767
-0.00392281
-0.00342175
-0.00325942
-0.00223047
-0.00205789
-0.000585063
-0.000657755
0.000189485
0.00012558
-0.000424387
-0.000627395
-0.000842413
-0.00109326
-0.00134581
-0.00163553
-0.00191222
-0.00218682
-0.00247169
-0.00269594
-0.00292034
-0.0030433
-0.00315353
-0.00306503
-0.00308727
-0.00262928
-0.00262851
-0.00167304
-0.00168855
-0.000415557
-0.000598139
0.000245893
0.00011998
-0.000623266
-0.000719273
-0.000849362
-0.00099308
-0.0011484
-0.00133188
-0.00150897
-0.00170081
-0.00188795
-0.00205393
-0.00220586
-0.00229446
-0.00239598
-0.00227894
-0.00237525
-0.00187808
-0.00201312
-0.001021
-0.00123926
-5.14377e-05
-0.000493938
0.000304112
0.000115151
-0.000373897
-0.00048425
-0.000590994
-0.000704846
-0.000816803
-0.000947762
-0.0010595
-0.00119075
-0.00131553
-0.00140927
-0.00153905
-0.0015529
-0.00167603
-0.00151966
-0.00166472
-0.00122287
-0.00142956
-0.000631826
-0.000916415
0.000128875
-0.000413057
0.000400959
0.000133059
-0.000192041
-0.000270095
-0.000349203
-0.000441036
-0.000533252
-0.00064081
-0.000737236
-0.000842255
-0.000949397
-0.00103455
-0.00112371
-0.00116656
-0.00125597
-0.00114985
-0.00131279
-0.000909871
-0.00120859
-0.000419357
-0.000829945
0.000180476
-0.00033228
0.000413832
0.000158459
-0.000380667
-0.000409017
-0.000451084
-0.00049583
-0.000542027
-0.00059938
-0.000655172
-0.000715701
-0.000773522
-0.000835619
-0.000883041
-0.000896748
-0.000976041
-0.000822715
-0.0010037
-0.000549942
-0.000873015
-6.23584e-05
-0.000538392
0.00042824
-0.000221656
0.000468913
0.000164261
-8.3726e-05
-0.00011625
-0.00014968
-0.000183721
-0.000218445
-0.000254948
-0.000288596
-0.000327413
-0.000357135
-0.000384027
-0.000420334
-0.000395659
-0.000489872
-0.00031863
-0.000542623
-0.000145926
-0.000531005
0.000111846
-0.000378304
0.000424247
-0.000162257
0.000463181
0.000168577
7.71191e-05
5.46922e-05
3.42233e-05
1.00067e-05
-1.52463e-05
-4.28634e-05
-6.84301e-05
-9.80376e-05
-0.000128386
-0.000153011
-0.000185777
-0.000179226
-0.000268353
-0.000149144
-0.000366313
-5.42035e-05
-0.000418875
0.000113712
-0.00030875
0.000305687
-0.000106309
0.000325144
0.0001235
-1.04123e-05
-1.94104e-05
-2.84119e-05
-3.78255e-05
-4.68076e-05
-5.75833e-05
-6.73388e-05
-7.71689e-05
-8.84225e-05
-0.000100769
-0.000119197
-9.70462e-05
-0.000169632
-6.19841e-05
-0.000215298
3.39645e-06
-0.000215957
9.59762e-05
-0.000149077
0.000167281
-5.41457e-05
0.000148753
4.34249e-05
-0.0824384
-0.0676619
-0.0531005
-0.0412767
-0.0309451
-0.0223823
-0.0150349
-0.00880207
-0.00359345
0.000511635
0.00377179
0.0063118
0.00809373
0.0093079
0.0100938
0.0104992
0.0107613
0.0108133
0.0109222
0.0110612
0.0109915
0.0109436
0.0108999
-0.094043
-0.0763437
-0.0590891
-0.0454632
-0.0339354
-0.024418
-0.0162445
-0.00944454
-0.00390694
0.000313061
0.00366442
0.00620795
0.00794061
0.00913318
0.00989413
0.0102941
0.0105544
0.0106206
0.0107391
0.0108713
0.0108134
0.0107693
0.01073
-0.105648
-0.0851686
-0.065058
-0.0496329
-0.0369705
-0.0264532
-0.0174163
-0.0100529
-0.0042304
0.000109086
0.00360952
0.00613274
0.00781464
0.00898235
0.00970942
0.0100918
0.0103475
0.0104174
0.0105428
0.0106745
0.010634
0.0105958
0.0105667
-0.117036
-0.0938605
-0.0711075
-0.0539983
-0.0403338
-0.0287018
-0.0187535
-0.0108297
-0.00479568
-0.000231255
0.0034937
0.00597631
0.00766126
0.00882047
0.00951913
0.00988534
0.0101361
0.0102073
0.0103399
0.0104739
0.0104486
0.0104187
0.0104037
-0.129544
-0.103722
-0.0781528
-0.0593888
-0.0444948
-0.0313019
-0.0203836
-0.0119558
-0.00572423
-0.000691816
0.00322778
0.00567304
0.00745006
0.00861181
0.00930079
0.00966274
0.00991392
0.00999031
0.0101301
0.0102707
0.0102569
0.0102372
0.0102377
-0.141002
-0.112288
-0.0844499
-0.0649165
-0.0486905
-0.0338847
-0.0222082
-0.0134591
-0.00679839
-0.00119114
0.00274421
0.00525201
0.00716667
0.00832981
0.00903711
0.00941154
0.00967397
0.00976574
0.00991821
0.0100706
0.0100619
0.0100549
0.0100685
-0.155194
-0.122128
-0.0923932
-0.0720268
-0.0533713
-0.0369779
-0.0247149
-0.0154687
-0.00795826
-0.00193583
0.00197408
0.00473184
0.00676487
0.00795047
0.0087097
0.00911387
0.00940104
0.00951759
0.00968735
0.00986656
0.00986558
0.00987442
0.0098978
-0.170578
-0.133313
-0.103407
-0.080933
-0.0595162
-0.0418559
-0.0285505
-0.018159
-0.00968818
-0.0033694
0.000831345
0.00399252
0.00615381
0.00744747
0.00830088
0.00875842
0.00908471
0.00923734
0.009429
0.00964981
0.00966579
0.00969642
0.00972702
0.0698905
0.0485977
0.0270012
0.00473207
-0.0177254
-0.0396173
-0.0604613
-0.0796568
0.0733333
0.0498496
0.0260349
0.00128354
-0.0237655
-0.0478752
-0.0699744
-0.0898204
0.0765544
0.0495656
0.022356
-0.0051502
-0.0321391
-0.057531
-0.0805596
-0.101281
0.0789567
0.0479728
0.017186
-0.0129267
-0.0416689
-0.0683665
-0.0925994
-0.114426
0.0797941
0.0449481
0.0107466
-0.0220159
-0.0527637
-0.0810829
-0.10672
-0.129646
0.0788989
0.04018
0.00250687
-0.0331743
-0.0662725
-0.0964265
-0.123425
-0.147282
0.0761448
0.0331947
-0.00827424
-0.0472161
-0.0829118
-0.114963
-0.143203
-0.167734
0.0710297
0.0232564
-0.0224652
-0.0649942
-0.10346
-0.137385
-0.16671
-0.191573
0.0626202
0.0093238
-0.0411586
-0.0875678
-0.128947
-0.164712
-0.194841
-0.219544
0.0495778
-0.0100206
-0.0658305
-0.116383
-0.160603
-0.198239
-0.22873
-0.252536
0.0300706
-0.0367123
-0.0985354
-0.153735
-0.200984
-0.239845
-0.269776
-0.291485
0.00157368
-0.0732683
-0.141805
-0.201975
-0.252229
-0.291243
-0.319023
-0.336563
-0.0399796
-0.123476
-0.198605
-0.263476
-0.314917
-0.352102
-0.375054
-0.384806
-0.0976798
-0.19127
-0.272845
-0.337718
-0.385448
-0.415846
-0.429125
-0.426981
-0.147812
-0.24416
-0.324146
-0.385895
-0.428555
-0.452735
-0.460344
-0.453956
0.185341
0.184252
0.179145
0.170065
0.156945
0.140158
0.119957
0.0961863
0.19987
0.198113
0.191526
0.180364
0.164833
0.145232
0.122824
0.0979209
0.216009
0.213575
0.205693
0.192778
0.175351
0.153675
0.129422
0.10354
0.234175
0.231117
0.222096
0.207529
0.18827
0.164572
0.137786
0.109339
0.254428
0.250736
0.240517
0.224085
0.202525
0.176262
0.146153
0.113989
0.276671
0.272225
0.260549
0.241868
0.217349
0.187797
0.153788
0.117252
0.30081
0.295427
0.281933
0.260565
0.232459
0.198886
0.160467
0.119123
0.326795
0.320282
0.304563
0.280025
0.247745
0.209411
0.165954
0.119263
0.354547
0.346708
0.328322
0.300036
0.262938
0.219028
0.169691
0.116885
0.383817
0.37443
0.352877
0.320123
0.277406
0.22696
0.170693
0.11079
0.414035
0.402824
0.377508
0.339397
0.29003
0.231889
0.167446
0.0992639
0.444077
0.430689
0.400899
0.356356
0.299062
0.231828
0.157735
0.0798725
0.472013
0.455995
0.420822
0.368477
0.30163
0.223565
0.138054
0.0488072
0.494055
0.475025
0.433726
0.372326
0.294171
0.20339
0.104696
0.00261538
0.512326
0.490359
0.44328
0.373891
0.285923
0.183473
0.0727538
-0.0400576
0.0224275
0.0224757
0.022533
0.0225989
0.0226724
0.0227512
0.0228272
0.022912
0.0270413
0.0271165
0.0271652
0.0271892
0.0271906
0.0271736
0.0271394
0.0270959
0.0233098
0.0233778
0.0234618
0.0235601
0.0236705
0.0237901
0.023915
0.0240359
0.0275384
0.0276303
0.0276882
0.027714
0.0277104
0.0276818
0.0276377
0.027575
0.0249394
0.0250274
0.0251394
0.0252712
0.0254202
0.0255789
0.0257459
0.0259261
0.0294925
0.0295842
0.0296445
0.029677
0.0296877
0.0296894
0.0296756
0.0296977
0.0278729
0.0280057
0.0281751
0.0283748
0.0285932
0.0288268
0.0290258
0.0292923
0.032412
0.0325035
0.0325716
0.0326274
0.0326624
0.0327266
0.0327243
0.0328756
0.0320339
0.0322421
0.0324789
0.0327328
0.0329946
0.0332685
0.0335105
0.0338176
0.0366058
0.0367594
0.0368903
0.0370044
0.0370976
0.0372156
0.0372917
0.0375065
0.0377423
0.0379944
0.0382842
0.0385969
0.0389246
0.0392695
0.0395611
0.0399726
0.0426915
0.0429052
0.0430244
0.0431169
0.0432935
0.0436549
0.0437806
0.0444164
0.0456013
0.0459456
0.0462031
0.0465303
0.0468961
0.0473447
0.0476244
0.0482022
0.051432
0.0517488
0.0520155
0.0523263
0.0524581
0.0530477
0.0530132
0.0538546
0.0563682
0.0567792
0.0571405
0.0576404
0.057684
0.0586621
0.0583454
0.0593338
0.063893
0.0643442
0.0646692
0.0652192
0.0651865
0.0660711
0.0654552
0.0666945
0.0715536
0.0721131
0.0723886
0.0729879
0.0725514
0.0734109
0.0723767
0.0734182
0.0816911
0.0823013
0.0825164
0.0833343
0.0826654
0.0830676
0.0813729
0.082458
0.0929032
0.0935918
0.0932505
0.0940558
0.0926678
0.0922093
0.0896883
0.0888891
0.106986
0.107846
0.107302
0.107536
0.105332
0.10411
0.0999343
0.0979874
0.123047
0.123539
0.122792
0.121163
0.117634
0.113876
0.107806
0.101834
0.142712
0.142794
0.141393
0.138523
0.133217
0.126711
0.117301
0.106889
0.164974
0.164721
0.161602
0.155768
0.146649
0.134877
0.119979
0.101806
0.0230077
0.0231376
0.0232978
0.023489
0.0237146
0.0239726
0.0242572
0.0245259
0.0247376
0.0248692
0.0248986
0.0248231
0.0246303
0.0243594
0.0240434
0.0236813
0.0233649
0.0229882
0.0226738
0.0223672
0.0221328
0.0219076
0.0217909
0.0270315
0.0269201
0.0267408
0.0264909
0.0261531
0.0257411
0.0253033
0.0249179
0.0245971
0.0243618
0.0242109
0.0241558
0.0241161
0.0240358
0.0238868
0.0236673
0.0233968
0.0230852
0.0227509
0.0223796
0.0220588
0.021816
0.021657
0.024214
0.0244402
0.0247086
0.0250237
0.0253778
0.0257184
0.0259586
0.0260693
0.0260741
0.0259681
0.0257618
0.0254906
0.025202
0.0249158
0.0246227
0.0242932
0.0239091
0.0234861
0.0230087
0.0225318
0.0220994
0.0217816
0.0215875
0.0274738
0.0272909
0.0270608
0.0267794
0.0264514
0.0261819
0.0259972
0.0258634
0.0257468
0.0256314
0.0254895
0.0252876
0.025001
0.0246539
0.0242579
0.0238275
0.0233729
0.0228947
0.0224162
0.0220511
0.0216805
0.0213789
0.0212494
0.026108
0.0263093
0.0265437
0.0267908
0.0270328
0.0271405
0.0271932
0.0270931
0.026896
0.026595
0.026205
0.025739
0.0252088
0.0246317
0.0240286
0.0234301
0.0228474
0.0223328
0.0218521
0.0214391
0.0210809
0.020806
0.020677
0.0295716
0.0294013
0.029159
0.0288413
0.0285363
0.0282883
0.0280507
0.0278091
0.0275567
0.0272701
0.0269203
0.026485
0.0259501
0.0253267
0.0246395
0.0239293
0.0232128
0.0225387
0.021902
0.0213083
0.0208064
0.0204692
0.0202201
0.0294145
0.0295866
0.0297632
0.0299433
0.0300178
0.0299601
0.0297713
0.0294437
0.0289888
0.0284339
0.0278094
0.0271383
0.0264368
0.0257035
0.0249312
0.0241411
0.0233352
0.0225529
0.0218463
0.0212576
0.0207302
0.0203259
0.0200374
0.0327022
0.0324487
0.0320508
0.0316378
0.0312603
0.0308752
0.0304652
0.0299973
0.0294402
0.0287713
0.0279798
0.0270835
0.0261351
0.0251753
0.0242255
0.0233099
0.0224491
0.0216516
0.0209782
0.02049
0.0200877
0.0197714
0.0196382
0.0339912
0.034003
0.0339619
0.0338184
0.0334941
0.0330084
0.0323655
0.0315854
0.0306895
0.0296984
0.0286252
0.0274783
0.0262799
0.0250657
0.0238858
0.0227652
0.0217715
0.0208893
0.0201567
0.0195564
0.0191013
0.0188127
0.0187746
0.0374724
0.0370152
0.0365226
0.0360319
0.0354428
0.0347466
0.0339173
0.0329378
0.0318152
0.0305767
0.0292627
0.02791
0.026548
0.0251946
0.0239032
0.0226888
0.0216187
0.0206899
0.0199141
0.0192102
0.0185959
0.0181244
0.0179232
0.0401679
0.0397043
0.0392757
0.0385983
0.0376957
0.0366281
0.0353962
0.0340231
0.0325303
0.0309465
0.0293187
0.0277094
0.0261757
0.0247367
0.0234241
0.0222369
0.0211985
0.0202816
0.0195467
0.0189706
0.0183745
0.0178215
0.0174543
0.0441664
0.0431821
0.0424264
0.0413345
0.0400918
0.0386059
0.0369003
0.0350419
0.0330934
0.0311092
0.0291492
0.0272633
0.0255113
0.0239322
0.0225491
0.0213578
0.0203416
0.0194492
0.0187464
0.0183379
0.0179209
0.0175285
0.0172117
0.0482206
0.0471169
0.0460577
0.0444482
0.0426446
0.0406185
0.0384059
0.0360603
0.0336543
0.0312814
0.0290188
0.0269171
0.0250082
0.0233206
0.021851
0.0205964
0.0195377
0.0186334
0.0178896
0.0175
0.0171499
0.0169334
0.0168071
0.0534106
0.0511788
0.0495785
0.047322
0.0449098
0.0422149
0.0394206
0.0365996
0.0338246
0.0311796
0.0287276
0.0265215
0.0245672
0.0228594
0.0213681
0.0200804
0.0189702
0.018055
0.0172273
0.0168375
0.0163498
0.0161436
0.0161274
0.0586646
0.05621
0.0538127
0.0507749
0.0474877
0.0439814
0.0404234
0.0369355
0.0336488
0.0306556
0.027993
0.0256859
0.0237195
0.0220397
0.0206037
0.0193864
0.0183185
0.0174632
0.0167322
0.016369
0.0157961
0.015468
0.0153933
0.0648805
0.0609516
0.0573598
0.0531514
0.048927
0.0446361
0.04043
0.0364363
0.0327688
0.02951
0.0266957
0.0243168
0.0223718
0.0207605
0.0194218
0.0183422
0.0174168
0.0167112
0.0161505
0.0159553
0.015437
0.0150562
0.0148457
0.0707699
0.0661599
0.061279
0.0557936
0.0502706
0.0448913
0.0398895
0.0353893
0.0314373
0.0280433
0.0251958
0.0228559
0.0209585
0.0194442
0.0182289
0.0173015
0.0165322
0.0159773
0.0155502
0.0154626
0.0150938
0.0148051
0.0145211
0.0774107
0.0705702
0.0637144
0.0568379
0.0502371
0.0440754
0.0385394
0.0337127
0.0296349
0.0262836
0.0235781
0.021431
0.0197282
0.0183785
0.0173252
0.0165438
0.0158847
0.0154077
0.015018
0.0149039
0.0146597
0.0145309
0.0142859
0.0829547
0.0743096
0.0653995
0.0568055
0.0489812
0.042126
0.0362903
0.0313985
0.027409
0.0242573
0.021821
0.0199741
0.0185598
0.0174584
0.0165985
0.0159638
0.0153686
0.0149165
0.0145142
0.0143314
0.0141341
0.0141264
0.0139943
0.0878885
0.0756094
0.0646586
0.0547949
0.0461967
0.0389728
0.0330612
0.0283096
0.0246024
0.0217996
0.0197375
0.0182574
0.017181
0.0163689
0.0156982
0.0152552
0.0147167
0.0143
0.0139322
0.0137722
0.0135871
0.0136196
0.0135936
0.0892699
0.0747185
0.0617483
0.0507244
0.0417509
0.0345828
0.0288811
0.0244721
0.0212068
0.0188771
0.0172724
0.0161997
0.0154748
0.0149588
0.0145319
0.0142267
0.0138274
0.0135004
0.0132533
0.0132217
0.0130706
0.0131005
0.0131299
0.0870657
0.0694563
0.0559538
0.0447477
0.0358159
0.0289544
0.0237348
0.0199116
0.0172796
0.0155666
0.0145235
0.0139264
0.01359
0.0133859
0.0132101
0.0130858
0.0128647
0.0126652
0.0125808
0.0127058
0.0126163
0.0126528
0.0126856
0.0773574
0.0612856
0.0481735
0.0375985
0.0290515
0.0225273
0.0178474
0.0147236
0.0128638
0.011906
0.0115485
0.0115345
0.0116716
0.0118397
0.0119537
0.0120386
0.0120154
0.011958
0.012007
0.0122262
0.0122171
0.0123034
0.012318
0.0643496
0.0519857
0.0408479
0.0312521
0.0234739
0.0171289
0.0127607
0.010179
0.00898916
0.00872876
0.0090259
0.00958608
0.0101991
0.0107432
0.0111444
0.0114176
0.0115539
0.0115893
0.0116924
0.0119375
0.0119761
0.0121044
0.0120986
0.0461834
0.0348336
0.027547
0.0205734
0.0152184
0.0106795
0.00763483
0.00621386
0.00599678
0.00652784
0.00744884
0.00848997
0.00946574
0.0102737
0.0108671
0.0112448
0.0114669
0.0115236
0.0116275
0.0118545
0.011895
0.0120125
0.011989
0.0238706
0.012836
0.00889915
0.00500291
0.00302757
0.00196721
0.00189386
0.00258787
0.00379581
0.00525833
0.00676857
0.00817168
0.00936234
0.01029
0.0109556
0.0113505
0.0115869
0.011613
0.0116897
0.0118764
0.011883
0.0119464
0.0119086
0.00321852
-0.00626578
-0.00752568
-0.00892532
-0.00785452
-0.00573535
-0.00315065
-0.000536579
0.00197527
0.00427899
0.00630531
0.008009
0.00935745
0.0103487
0.0110399
0.0114223
0.0116545
0.0116473
0.011706
0.0118697
0.0118406
0.0118479
0.0118041
-0.0159403
-0.0214382
-0.0188781
-0.0179661
-0.0146113
-0.0107745
-0.00677145
-0.00300991
0.000381101
0.00330711
0.00574848
0.00771841
0.00921635
0.0102688
0.0109826
0.0113543
0.0115871
0.0115651
0.0116233
0.0117832
0.0117316
0.0117004
0.0116568
-0.0345283
-0.0346222
-0.0279574
-0.02436
-0.01901
-0.014107
-0.00934858
-0.0049495
-0.00100509
0.00235033
0.00510586
0.00730313
0.00893894
0.0100586
0.0108024
0.0111749
0.0114154
0.0113987
0.011468
0.0116304
0.0115662
0.0115167
0.0114744
-0.0524546
-0.0469971
-0.0369917
-0.0304879
-0.02319
-0.017086
-0.0115234
-0.00654404
-0.00215295
0.0015181
0.00450253
0.00687405
0.00861227
0.00978993
0.0105635
0.0109465
0.0111979
0.0112004
0.0112841
0.0114438
0.0113724
0.0113192
0.0112767
-0.0686551
-0.0578611
-0.0456972
-0.0362492
-0.0272977
-0.0199026
-0.0134412
-0.00783429
-0.00301743
0.000901146
0.00404621
0.00653067
0.00831778
0.00952855
0.010319
0.0107156
0.0109759
0.0110036
0.0111016
0.0112522
0.0111771
0.011126
0.011082
)
;

boundaryField
{
    outlet
    {
        type            fixedValue;
        value           uniform 0;
    }
    upperWall
    {
        type            symmetryPlane;
    }
    lowerWall
    {
        type            symmetryPlane;
    }
    inlet
    {
        type            zeroGradient;
    }
    cylinder
    {
        type            zeroGradient;
    }
    frontAndBack
    {
        type            empty;
    }
}


// ************************************************************************* //
