/*--------------------------------*- C++ -*----------------------------------*\
| =========                 |                                                 |
| \\      /  F ield         | OpenFOAM: The Open Source CFD Toolbox           |
|  \\    /   O peration     | Version:  2312                                  |
|   \\  /    A nd           | Website:  www.openfoam.com                      |
|    \\/     M anipulation  |                                                 |
\*---------------------------------------------------------------------------*/
FoamFile
{
    version     2.0;
    format      ascii;
    arch        "LSB;label=32;scalar=64";
    class       volScalarField;
    location    "99.1";
    object      p;
}
// * * * * * * * * * * * * * * * * * * * * * * * * * * * * * * * * * * * * * //

dimensions      [0 2 -2 0 0 0 0];

internalField   nonuniform List<scalar> 
5478
(
-0.372879
-0.374455
-0.374496
-0.372809
-0.367033
-0.355379
-0.336799
-0.312132
-0.283716
-0.254446
-0.226708
-0.201741
-0.18043
-0.161875
-0.145851
-0.380854
-0.38015
-0.37847
-0.374863
-0.367048
-0.353052
-0.332465
-0.306917
-0.278996
-0.25107
-0.224732
-0.200871
-0.179755
-0.160967
-0.144506
-0.389923
-0.386465
-0.382196
-0.375781
-0.364691
-0.34736
-0.324422
-0.298057
-0.270626
-0.243964
-0.219128
-0.196538
-0.176201
-0.157758
-0.140973
-0.401523
-0.395196
-0.387808
-0.377514
-0.36161
-0.339934
-0.314366
-0.287224
-0.260363
-0.234893
-0.211271
-0.189647
-0.169841
-0.151777
-0.135559
-0.417456
-0.407508
-0.396555
-0.380622
-0.358243
-0.331612
-0.30344
-0.275579
-0.249052
-0.224317
-0.201535
-0.180673
-0.161596
-0.144331
-0.128375
-0.438452
-0.423232
-0.407504
-0.383749
-0.353813
-0.322213
-0.291525
-0.262749
-0.23619
-0.211897
-0.189771
-0.169653
-0.15134
-0.134697
-0.119265
-0.462201
-0.44126
-0.417377
-0.383881
-0.346409
-0.310264
-0.277208
-0.247437
-0.220708
-0.19671
-0.175165
-0.15583
-0.138509
-0.12297
-0.108571
-0.483016
-0.457632
-0.422125
-0.377886
-0.333652
-0.293696
-0.258685
-0.228125
-0.201343
-0.177784
-0.157004
-0.138667
-0.122489
-0.108157
-0.0952848
-0.484049
-0.485067
-0.487476
-0.495486
-0.508964
-0.527069
-0.548362
-0.57055
-0.590553
-0.604595
-0.609225
-0.601117
-0.578346
-0.541496
-0.495275
-0.450715
-0.452054
-0.452588
-0.456297
-0.463021
-0.471582
-0.480373
-0.487271
-0.489822
-0.4857
-0.471303
-0.449155
-0.419251
-0.382973
-0.342164
-0.420718
-0.422322
-0.421632
-0.422008
-0.423108
-0.423478
-0.421389
-0.414914
-0.402246
-0.382159
-0.356291
-0.323907
-0.285844
-0.253234
-0.210245
-0.396467
-0.398538
-0.39753
-0.395995
-0.39335
-0.388041
-0.378422
-0.363023
-0.340851
-0.311349
-0.277339
-0.243148
-0.197988
-0.177338
-0.140827
-0.378742
-0.381441
-0.380733
-0.378435
-0.373708
-0.365035
-0.350977
-0.330516
-0.303673
-0.271459
-0.231901
-0.203347
-0.159352
-0.137302
-0.119854
-0.367768
-0.371027
-0.370815
-0.368429
-0.362839
-0.352554
-0.336358
-0.313589
-0.284523
-0.250934
-0.213797
-0.183662
-0.151423
-0.129409
-0.120751
-0.3637
-0.367149
-0.367458
-0.365528
-0.360292
-0.350001
-0.333425
-0.31008
-0.280921
-0.248152
-0.215303
-0.186259
-0.161994
-0.144103
-0.135583
-0.366367
-0.369357
-0.369983
-0.368659
-0.363714
-0.353265
-0.336107
-0.312342
-0.283632
-0.252651
-0.22303
-0.196392
-0.174783
-0.15801
-0.146274
-0.416978
-0.352175
-0.359777
-0.394045
-0.366633
-0.266284
-0.182353
-0.146839
-0.132508
-0.137415
-0.136692
-0.138267
-0.143971
-0.141434
-0.112423
-0.0959111
-0.109122
-0.13317
-0.132967
-0.110224
-0.101618
-0.128595
-0.126657
-0.120125
-0.151549
-0.165633
-0.138481
-0.106765
-0.0894271
-0.058619
-0.0347428
-0.00894966
-0.00588958
-0.009041
0.00276391
-0.000450684
-0.00198208
0.000176164
-0.298295
-0.312602
-0.382086
-0.44214
-0.405398
-0.293835
-0.194351
-0.146228
-0.125156
-0.116765
-0.105788
-0.118747
-0.136034
-0.136367
-0.107908
-0.0910468
-0.102988
-0.126886
-0.130018
-0.112052
-0.112485
-0.140614
-0.131835
-0.114605
-0.129925
-0.137565
-0.142972
-0.137767
-0.0965768
-0.0571606
-0.0357818
-0.0109005
-0.00667125
-0.00921195
0.00213315
-0.000736429
-0.00176826
0.000123067
-0.19105
-0.251315
-0.372937
-0.449794
-0.414261
-0.302504
-0.198449
-0.144286
-0.121234
-0.106441
-0.0882539
-0.102781
-0.128644
-0.131281
-0.103995
-0.0865255
-0.0971878
-0.119749
-0.125632
-0.112378
-0.122012
-0.151063
-0.135335
-0.1076
-0.10886
-0.10935
-0.142349
-0.14587
-0.101868
-0.0550346
-0.0363561
-0.0128689
-0.00761371
-0.00938106
0.00147886
-0.00100824
-0.00158939
6.12497e-05
-0.123714
-0.191927
-0.328399
-0.415356
-0.385955
-0.288735
-0.196045
-0.141385
-0.117892
-0.103629
-0.0846079
-0.0950444
-0.124085
-0.126743
-0.100045
-0.0826591
-0.0918586
-0.112416
-0.119732
-0.110693
-0.129429
-0.159841
-0.13829
-0.100228
-0.0900737
-0.0832375
-0.137204
-0.149029
-0.105815
-0.0526117
-0.0364864
-0.0147801
-0.00871528
-0.00959497
0.000803432
-0.00123383
-0.0014499
-6.23527e-07
-0.105739
-0.151396
-0.274195
-0.360584
-0.34264
-0.265501
-0.188865
-0.138381
-0.114508
-0.101989
-0.0902587
-0.097786
-0.126257
-0.123918
-0.0975117
-0.0810312
-0.0889268
-0.105698
-0.112452
-0.106676
-0.134015
-0.165885
-0.140402
-0.0935221
-0.0745964
-0.0612335
-0.12863
-0.148341
-0.108078
-0.0500863
-0.0361414
-0.0165426
-0.00993576
-0.00990623
0.00010271
-0.00138169
-0.00135108
-6.7811e-05
-0.114637
-0.133624
-0.220445
-0.295759
-0.287509
-0.234196
-0.175723
-0.133231
-0.110377
-0.0964258
-0.0983065
-0.103759
-0.132955
-0.12462
-0.0973046
-0.0810814
-0.0864981
-0.0990847
-0.104058
-0.0998925
-0.134982
-0.168714
-0.142643
-0.0889328
-0.0632915
-0.0443048
-0.117369
-0.14483
-0.108913
-0.047776
-0.0354405
-0.0181427
-0.0112197
-0.0103932
-0.000636554
-0.00142552
-0.00129179
-0.000142236
-0.130875
-0.129612
-0.174954
-0.229517
-0.236264
-0.207989
-0.165305
-0.130008
-0.107848
-0.0912003
-0.097693
-0.111466
-0.143089
-0.123408
-0.0955965
-0.0820003
-0.085251
-0.0943781
-0.0953155
-0.0898177
-0.131587
-0.168525
-0.142207
-0.0845863
-0.0557733
-0.0322461
-0.103456
-0.140102
-0.107117
-0.0463793
-0.0344832
-0.0196006
-0.0124452
-0.0111736
-0.0014459
-0.00135113
-0.00126717
-0.000226014
-0.13608
-0.129642
-0.144701
-0.173757
-0.182669
-0.174966
-0.150503
-0.122814
-0.10584
-0.0870192
-0.084575
-0.116062
-0.155591
-0.127071
-0.0982495
-0.0827707
-0.0815391
-0.087125
-0.0854327
-0.0792943
-0.123711
-0.165424
-0.143231
-0.0823958
-0.0527419
-0.0217909
-0.0877259
-0.134523
-0.103777
-0.0453529
-0.0327986
-0.0208786
-0.0135993
-0.011897
-0.00228109
-0.00115447
-0.00127584
-0.000320792
-0.134157
-0.134337
-0.135369
-0.144832
-0.150801
-0.145017
-0.125392
-0.101319
-0.0877868
-0.0757151
-0.0682559
-0.103789
-0.11507
-0.115851
-0.0960187
-0.0835201
-0.0825405
-0.0837149
-0.0744223
-0.0715531
-0.115252
-0.155646
-0.13553
-0.0775415
-0.0494523
-0.0259853
-0.0747891
-0.123995
-0.09769
-0.0459327
-0.0323162
-0.0215593
-0.0148505
-0.0135827
-0.00325811
-0.00074015
-0.00131846
-0.000456538
-0.117006
-0.119392
-0.116774
-0.116437
-0.113336
-0.105976
-0.0915128
-0.0753721
-0.0671452
-0.0547438
-0.050837
-0.089591
-0.133507
-0.107305
-0.0856487
-0.0805118
-0.0765594
-0.0672425
-0.0564735
-0.0524561
-0.0995395
-0.147378
-0.123984
-0.0651093
-0.0334865
-0.0108624
-0.0578563
-0.109563
-0.0917234
-0.0423235
-0.0318726
-0.0217666
-0.0169452
-0.0153951
-0.00447917
-0.00030169
-0.00140152
-0.000627552
-0.0966956
-0.10347
-0.101813
-0.0965904
-0.0912675
-0.0850169
-0.0745082
-0.062089
-0.0515862
-0.0364965
-0.0234524
-0.0312058
-0.0391229
-0.0551709
-0.0589103
-0.0697974
-0.0657122
-0.0522448
-0.0385019
-0.031101
-0.072099
-0.117251
-0.100532
-0.0443064
-0.0177859
-0.0075568
-0.0393424
-0.0897141
-0.0793135
-0.0369901
-0.0315866
-0.0214894
-0.0190195
-0.0180868
-0.00608196
0.00017007
-0.00146082
-0.000818962
-0.0777914
-0.0844517
-0.0836978
-0.0778313
-0.0704693
-0.0619741
-0.0504948
-0.0395745
-0.0291852
-0.0146557
-0.00168635
0.0108908
0.0217416
0.00397947
-0.0249781
-0.0494817
-0.0426567
-0.0305211
-0.0164872
-0.00746056
-0.0394484
-0.0751254
-0.0680443
-0.0268099
-0.00732415
0.00368961
-0.0178192
-0.0653512
-0.0622564
-0.0317706
-0.030941
-0.0204363
-0.0210785
-0.0210844
-0.00803854
0.000605807
-0.00152911
-0.00101764
-0.0591698
-0.0657535
-0.066046
-0.0612774
-0.054076
-0.0468523
-0.0383631
-0.0291271
-0.0194971
-0.00355793
0.0137747
0.0378766
0.052241
0.0374406
0.0024664
-0.0227235
-0.0211405
-0.0151037
-0.00376607
0.00928886
-0.00251574
-0.0213211
-0.0328169
-0.0174092
-0.00389915
-0.00342541
0.00153951
-0.0343389
-0.0387751
-0.0253798
-0.028728
-0.0185594
-0.022996
-0.0240222
-0.0103121
0.000810919
-0.00168135
-0.00120026
-0.0433389
-0.0495032
-0.0504089
-0.0466973
-0.0406492
-0.0339729
-0.0256121
-0.0162023
-0.00646839
0.00754874
0.022121
0.0398936
0.0513412
0.0450617
0.0188913
-0.00261001
-0.00378203
0.00146788
0.00881476
0.0183378
0.0115849
-0.00161104
-0.010283
-0.0163608
-0.00417369
0.016183
0.0169271
-0.00431508
-0.00924568
-0.0174013
-0.0236693
-0.0145792
-0.0238111
-0.026951
-0.0129734
0.000759036
-0.00193495
-0.0013676
-0.030409
-0.0354411
-0.0363661
-0.0337256
-0.02874
-0.0229341
-0.0162259
-0.00876053
-0.00107254
0.00965421
0.0216814
0.0348002
0.0433558
0.0411428
0.0250351
0.00955323
0.00733638
0.00836026
0.0131141
0.0217799
0.0189144
0.0138437
0.00358498
-0.0108015
-0.00203259
0.0146607
0.0241077
0.0197861
0.015568
-0.00964359
-0.0163466
-0.00800725
-0.0218387
-0.0293213
-0.0156742
0.000208426
-0.00231303
-0.00139849
-0.0194991
-0.0234912
-0.024591
-0.0228953
-0.019108
-0.0144738
-0.00910166
-0.00309005
0.0033803
0.0116559
0.0205051
0.0289041
0.0345388
0.0339334
0.0256897
0.0154931
0.0137744
0.0154047
0.0177792
0.0228258
0.0193105
0.0148257
0.0109356
-0.000581093
0.00470893
0.0177667
0.0235673
0.02978
0.0271909
-0.00247719
-0.00798341
-0.00137526
-0.0164467
-0.0281122
-0.0162263
-0.00160356
-0.00281451
-0.00123691
-0.0106047
-0.0139325
-0.0149923
-0.0138489
-0.0110234
-0.0074543
-0.00331093
0.0012763
0.00611716
0.0118157
0.0177686
0.023467
0.0272706
0.0275943
0.0242056
0.0183359
0.0166248
0.0169504
0.0180476
0.0210481
0.0196202
0.0164078
0.0142327
0.00708655
0.0100503
0.0168703
0.0219267
0.0300229
0.0285579
0.0047555
-3.73708e-05
0.00354023
-0.0076778
-0.0215486
-0.0126916
-0.00191246
-0.00288525
-0.0011403
-0.00380809
-0.00634118
-0.00712613
-0.00641257
-0.00446588
-0.00188791
0.00112404
0.00443168
0.00788262
0.0118464
0.0158717
0.0196922
0.0223716
0.0229523
0.0219829
0.0189859
0.0178842
0.0184701
0.0189747
0.0201884
0.0188143
0.0167395
0.0153403
0.0116842
0.0141806
0.019834
0.0205658
0.0264681
0.0267317
0.0106037
0.00587986
0.00640825
0.000287973
-0.0123555
-0.00587607
0.000301153
-0.00177717
-0.00100678
0.0017891
-0.000108839
-0.00085791
-0.000515644
0.000754177
0.00255876
0.00467314
0.00698514
0.00936035
0.0120144
0.0146823
0.0172111
0.0191311
0.0198445
0.0199333
0.0188259
0.0180867
0.0182325
0.0183813
0.0189029
0.0179626
0.0168518
0.01606
0.0140564
0.0155096
0.0185118
0.0192606
0.0231879
0.0239183
0.0138011
0.0092804
0.00827092
0.00528154
-0.00460548
0.000219397
0.00305219
0.000345261
-0.000511511
0.00619125
0.00468697
0.00401597
0.00415734
0.00496332
0.00616385
0.00757518
0.00910609
0.010675
0.0123951
0.0141516
0.0158222
0.017206
0.0179448
0.0183405
0.018123
0.0178222
0.0179682
0.0180604
0.0182078
0.0175613
0.0168258
0.0163982
0.015402
0.0162747
0.0181669
0.0183715
0.0203576
0.0208277
0.0150443
0.0111119
0.00944286
0.00727811
0.000581303
0.00389583
0.00453033
0.00191498
5.2086e-05
0.00954831
0.00841273
0.00785793
0.00785697
0.0083094
0.00905101
0.00994811
0.0109196
0.0119104
0.0129788
0.0140996
0.0152014
0.0161585
0.0167895
0.0172331
0.0174108
0.0174199
0.0174757
0.0175231
0.0175024
0.0170947
0.0166683
0.0164375
0.0159203
0.0162378
0.0172448
0.0174057
0.0181922
0.0180308
0.0138063
0.0113363
0.0097047
0.00779646
0.00347094
0.0050267
0.00487199
0.00267402
0.000425108
0.0121822
0.0113157
0.0108307
0.0107149
0.0109163
0.0113455
0.0118998
0.0124806
0.0130563
0.0136775
0.0143626
0.0150572
0.0156842
0.0161618
0.0165508
0.016809
0.0169348
0.0169819
0.0170347
0.0170333
0.0167682
0.0164855
0.0163034
0.0160239
0.0161396
0.0165352
0.0164859
0.0165789
0.016062
0.0134513
0.0114536
0.00991023
0.00794198
0.0049455
0.00506701
0.0046838
0.00285369
0.000626531
0.014211
0.0135384
0.0131191
0.012947
0.0129896
0.0131927
0.0134847
0.0137971
0.0141017
0.0144307
0.0148073
0.0152149
0.0155923
0.0159006
0.0161795
0.0163925
0.0165381
0.0165868
0.0166114
0.0166046
0.0164267
0.0162205
0.0160761
0.0158246
0.0157682
0.0157979
0.0155559
0.0153154
0.0146712
0.0127918
0.0111247
0.00979983
0.0079041
0.00564171
0.00492086
0.00418265
0.00273593
0.000725676
0.0157522
0.0152324
0.0148729
0.0146695
0.0146063
0.0146568
0.0147737
0.0149017
0.0150187
0.015145
0.0153149
0.0155162
0.0157103
0.0158714
0.0160287
0.0161591
0.0162536
0.0162712
0.0162651
0.0162335
0.0161025
0.0159107
0.0157513
0.0155032
0.0153251
0.0151665
0.0147893
0.014342
0.0136719
0.0122451
0.0107777
0.00961077
0.00789476
0.00602895
0.00486578
0.00386516
0.00256917
0.000778245
0.016918
0.0165102
0.0161975
0.0159807
0.0158543
0.0158065
0.0158038
0.015806
0.0157967
0.0157918
0.015821
0.0158756
0.0159321
0.0159726
0.0160203
0.016062
0.0160793
0.0160471
0.0159991
0.0159231
0.0157914
0.0155896
0.0154043
0.0151418
0.0148656
0.0145701
0.0141284
0.0135608
0.0128802
0.0117448
0.0104123
0.00930398
0.00780167
0.00619933
0.0048592
0.00362553
0.00236007
0.000776515
0.0177817
0.0174574
0.0171851
0.0169681
0.016805
0.0166931
0.0166107
0.0165304
0.0164402
0.0163503
0.0162838
0.0162345
0.0161905
0.0161379
0.0160946
0.0160514
0.0159939
0.0159015
0.0157992
0.0156725
0.0155111
0.0152875
0.0150596
0.0147644
0.0144299
0.0140471
0.0135712
0.0129563
0.0122566
0.0113112
0.0101217
0.00904589
0.00770829
0.00629682
0.0049148
0.00353073
0.00221178
0.00076026
0.0184081
0.0181446
0.0179049
0.0176933
0.0175107
0.0173597
0.0172259
0.0170927
0.0169507
0.0168066
0.0166768
0.0165557
0.0164394
0.0163168
0.0162022
0.0160877
0.0159624
0.015815
0.0156578
0.0154799
0.0152738
0.0150166
0.0147472
0.014414
0.0140473
0.0136056
0.0131044
0.0124811
0.011768
0.0109339
0.00987399
0.00883101
0.0076456
0.00638581
0.00502867
0.00355383
0.00216179
0.00075483
0.0188471
0.0186259
0.0184126
0.0182089
0.0180193
0.0178446
0.0176798
0.0175123
0.0173391
0.0171613
0.0169907
0.016822
0.0166541
0.0164817
0.0163125
0.016143
0.0159612
0.0157651
0.0155568
0.0153341
0.0150852
0.014793
0.0144849
0.0141173
0.0137206
0.013247
0.0127233
0.0121024
0.0113912
0.0106141
0.00964944
0.00866856
0.00755762
0.0063956
0.00510999
0.00368593
0.00226129
0.0007771
0.0191441
0.0189506
0.0187557
0.0185602
0.018369
0.0181818
0.0179982
0.0178103
0.0176177
0.0174202
0.0172233
0.0170247
0.0168222
0.0166157
0.0164075
0.0161961
0.0159738
0.0157368
0.0154894
0.0152253
0.0149401
0.0146189
0.0142765
0.0138834
0.0134609
0.0129694
0.0124283
0.0118134
0.0111043
0.0103415
0.00944096
0.00847843
0.00741315
0.00628461
0.00502889
0.00363762
0.00221219
0.00075544
0.0193249
0.0191484
0.0189656
0.0187777
0.0185872
0.0183945
0.0182
0.0180008
0.0177977
0.0175892
0.0173777
0.0171604
0.0169379
0.0167092
0.0164764
0.0162373
0.0159879
0.0157235
0.0154478
0.0151529
0.014843
0.0144973
0.0141317
0.0137188
0.0132745
0.0127757
0.0122208
0.0116072
0.010904
0.0101476
0.00927576
0.00833627
0.0072992
0.00617394
0.00496381
0.00362804
0.00221926
0.000758979
0.0194083
0.0192404
0.0190644
0.0188812
0.0186923
0.0184979
0.0182993
0.0180954
0.0178876
0.0176743
0.017456
0.0172301
0.0169979
0.016758
0.0165128
0.0162588
0.0159957
0.0157167
0.0154258
0.015115
0.0147898
0.0144332
0.0140529
0.0136307
0.013174
0.0126697
0.0121088
0.0114934
0.0107946
0.0100386
0.00918568
0.00825328
0.00723161
0.00612033
0.00491991
0.00360476
0.00220856
0.000751332
-0.0796976
-0.0899053
-0.0988925
-0.10696
-0.113993
-0.119062
-0.123302
-0.12818
-0.0631435
-0.0704454
-0.0769084
-0.0832517
-0.0889723
-0.0946012
-0.0997067
-0.107557
-0.047873
-0.0530526
-0.0576139
-0.0624763
-0.0672386
-0.072431
-0.077512
-0.0853221
-0.0360472
-0.0397835
-0.0431391
-0.0467489
-0.0506591
-0.055196
-0.0602744
-0.0673487
-0.0258546
-0.0286378
-0.0312139
-0.0340593
-0.037394
-0.041087
-0.0450956
-0.0504729
-0.0176465
-0.0196375
-0.0215109
-0.0235397
-0.0258987
-0.0284146
-0.0314215
-0.0359196
-0.010677
-0.0119946
-0.0132147
-0.0145353
-0.0162023
-0.0181647
-0.0207837
-0.0245469
-0.00480521
-0.0056324
-0.00638423
-0.00728528
-0.00861928
-0.010287
-0.0123626
-0.0151232
0.000181731
-0.000347496
-0.000875429
-0.00158161
-0.00258682
-0.00368982
-0.00505915
-0.00713114
0.00430364
0.00394016
0.00360077
0.00319309
0.00261182
0.00186603
0.000719667
-0.001067
0.00780916
0.00758049
0.00739278
0.00713235
0.00666718
0.00599604
0.00506506
0.00374863
0.0107133
0.0105245
0.0103635
0.0101448
0.00979438
0.00932937
0.00868731
0.00770233
0.0130749
0.0128968
0.0127585
0.0126026
0.0123669
0.0120226
0.0115051
0.0107118
0.0149939
0.0148179
0.01468
0.0145372
0.0143374
0.0140528
0.0136452
0.0130472
0.0164992
0.0163174
0.0161669
0.0160236
0.0158531
0.0156303
0.0153194
0.014867
0.0176601
0.0174786
0.0173217
0.0171785
0.0170254
0.01684
0.0165931
0.0162479
0.0185359
0.0183587
0.0181992
0.018055
0.0179116
0.0177525
0.0175547
0.0172928
0.0191802
0.0190119
0.0188557
0.0187138
0.0185779
0.0184365
0.0182727
0.0180694
0.0196421
0.0194846
0.0193348
0.0191965
0.019066
0.0189362
0.0187957
0.0186336
0.0199577
0.0198116
0.01967
0.0195371
0.0194119
0.0192902
0.0191652
0.0190302
0.0201579
0.0200245
0.0198935
0.0197683
0.0196487
0.0195333
0.0194183
0.0193003
0.0202716
0.0201494
0.0200287
0.0199111
0.0197966
0.0196853
0.0195756
0.0194665
0.0203156
0.0202018
0.0200885
0.0199762
0.0198651
0.019756
0.0196487
0.0195429
0.0728316
0.0762951
0.0793912
0.0819102
0.0831348
0.0827982
0.0807194
0.0764065
0.068963
0.0570759
0.038919
0.0119362
-0.0280397
-0.0841968
-0.134761
0.0511209
0.0522197
0.0516697
0.0499857
0.047078
0.0425575
0.0359199
0.026439
0.0130835
-0.00556199
-0.0314417
-0.0670823
-0.116539
-0.18388
-0.238958
0.0287926
0.0275613
0.0235876
0.0181927
0.0116029
0.00326352
-0.00755781
-0.0217152
-0.0403095
-0.0648263
-0.097345
-0.140472
-0.197165
-0.273428
-0.326998
0.00548864
0.00181762
-0.00495502
-0.013132
-0.0226407
-0.0342139
-0.0486642
-0.066854
-0.0898788
-0.119203
-0.157019
-0.206152
-0.268732
-0.346016
-0.397137
-0.017622
-0.0239505
-0.0329007
-0.0431297
-0.0549676
-0.0692342
-0.0866526
-0.108077
-0.134572
-0.167515
-0.209028
-0.262064
-0.327153
-0.401644
-0.44825
-0.0395438
-0.0484717
-0.0590927
-0.0709547
-0.0847569
-0.101279
-0.121004
-0.144843
-0.17374
-0.209095
-0.252832
-0.306952
-0.371339
-0.440104
-0.480471
-0.0600167
-0.0708474
-0.0826769
-0.0960568
-0.111627
-0.129937
-0.151493
-0.176968
-0.207282
-0.243677
-0.287695
-0.340573
-0.401251
-0.461218
-0.495357
-0.079222
-0.0907369
-0.1037
-0.118507
-0.13559
-0.155322
-0.178118
-0.204536
-0.235352
-0.271558
-0.314246
-0.363836
-0.417743
-0.46621
-0.495386
0.191263
0.206206
0.222815
0.241538
0.26247
0.285535
0.310644
0.337742
0.36675
0.397417
0.429163
0.460815
0.490372
0.513812
0.533117
0.190047
0.204366
0.22038
0.238555
0.258929
0.281351
0.305683
0.331858
0.359794
0.389228
0.419543
0.449517
0.477081
0.498257
0.515342
0.184705
0.197567
0.212325
0.229397
0.248615
0.269648
0.292271
0.316376
0.341839
0.368339
0.395179
0.421035
0.443683
0.459312
0.471077
0.175262
0.186037
0.199057
0.214509
0.231897
0.250709
0.270674
0.291654
0.31345
0.335608
0.357262
0.376913
0.392058
0.399068
0.403042
0.161714
0.170017
0.181084
0.194664
0.209758
0.225641
0.242037
0.258841
0.27581
0.29235
0.307381
0.319165
0.324847
0.320715
0.31508
0.144418
0.149904
0.158822
0.170266
0.182699
0.195227
0.207556
0.219552
0.230887
0.240818
0.248069
0.250669
0.245424
0.228465
0.21105
0.123721
0.126907
0.133907
0.14276
0.151771
0.160254
0.168005
0.174795
0.180083
0.18291
0.181787
0.174506
0.157568
0.127079
0.0970961
0.099473
0.10135
0.107168
0.113343
0.118558
0.122556
0.12532
0.126531
0.125439
0.120875
0.111142
0.0937946
0.0649928
0.0210899
-0.0206023
0.029545
0.0339848
0.0303108
0.03426
0.0318298
0.0361487
0.034423
0.0388494
0.0382397
0.0427665
0.0436023
0.0484653
0.0510174
0.0567378
0.0614813
0.068815
0.0763293
0.0862859
0.0975428
0.111627
0.127777
0.147547
0.170387
0.0296109
0.0340188
0.0303929
0.0343032
0.0319357
0.0362022
0.0345637
0.0389457
0.0384237
0.0429007
0.0438413
0.0486951
0.0513373
0.0571031
0.061919
0.0691982
0.0769206
0.0870323
0.0981532
0.112268
0.12815
0.14776
0.169987
0.0296869
0.0340273
0.0304926
0.0343169
0.0320662
0.0362213
0.0347355
0.0390071
0.0386522
0.0430023
0.04414
0.0488829
0.0516346
0.0573594
0.0622283
0.0694557
0.077123
0.0870646
0.0979498
0.111831
0.127031
0.146014
0.166642
0.0297714
0.0340121
0.030607
0.0343047
0.0322119
0.0362108
0.0349298
0.0390399
0.0388907
0.0430832
0.0444592
0.0490861
0.052001
0.0577684
0.0626594
0.069942
0.0774734
0.0874493
0.0977975
0.111309
0.125191
0.142814
0.160449
0.0298635
0.0339767
0.0307309
0.0342696
0.0323883
0.0361775
0.035141
0.0390535
0.0391507
0.0431259
0.0447571
0.0491881
0.0522546
0.0578218
0.0627655
0.0697947
0.0771762
0.0867224
0.0964653
0.109159
0.121464
0.137258
0.151003
0.0299604
0.0339237
0.0308723
0.0342162
0.0325678
0.0361342
0.0353635
0.0390575
0.0394479
0.0432173
0.0451406
0.0494256
0.0527237
0.0584177
0.0632558
0.0705209
0.07752
0.0870473
0.0958482
0.10765
0.117476
0.130415
0.138773
0.0300623
0.0338558
0.0310118
0.0341518
0.032749
0.0360745
0.0355806
0.0390307
0.039675
0.0432352
0.0453654
0.0494721
0.0528707
0.0581939
0.0630742
0.0698809
0.0766689
0.0852359
0.0933305
0.103387
0.111198
0.120832
0.123476
0.0301671
0.0337794
0.0311505
0.0340844
0.0329452
0.0360488
0.0358164
0.0390752
0.0400525
0.0434554
0.0458658
0.0499137
0.0535432
0.0591882
0.0637858
0.071039
0.0772725
0.0858643
0.0924598
0.101081
0.104991
0.109826
0.104987
0.0302877
0.033666
0.0313299
0.0339581
0.0331506
0.0359024
0.0360403
0.0389381
0.0402217
0.0433223
0.0459207
0.0496867
0.053342
0.0583834
0.0629137
0.0691289
0.0748767
0.0811287
0.0866916
0.0909827
0.0925805
0.0900412
0.0801139
0.0304455
0.033493
0.0315581
0.0337665
0.0333811
0.0356642
0.0362428
0.0385488
0.0402532
0.042865
0.0455871
0.0486809
0.0524048
0.0566002
0.060796
0.0655487
0.0702596
0.0741664
0.0776913
0.0785148
0.0777015
0.0720634
0.0638365
0.0306366
0.0332566
0.0318198
0.0335163
0.0336423
0.035338
0.0364482
0.0381764
0.0402324
0.0423948
0.0451644
0.0478868
0.0513317
0.0546819
0.0583966
0.0618422
0.0653075
0.0674316
0.068753
0.0676621
0.0646819
0.0587533
0.0510176
0.030862
0.032948
0.0321179
0.0332172
0.0338922
0.035053
0.0365475
0.0378627
0.0400732
0.0418772
0.0445473
0.0468559
0.0499504
0.0525111
0.0555848
0.0578828
0.0599552
0.0607393
0.060239
0.0578756
0.0537515
0.0477389
0.0406724
0.0311254
0.0325619
0.0324144
0.0329717
0.0340353
0.0348205
0.0365383
0.0375641
0.0397516
0.0413069
0.0436793
0.0456873
0.0482422
0.0501055
0.0524039
0.0537375
0.0545104
0.0542398
0.0525369
0.0494411
0.0449356
0.0390778
0.0325079
0.0314238
0.032156
0.0326182
0.0327972
0.0341045
0.0346161
0.0364063
0.0372442
0.0392669
0.0406548
0.0426052
0.0443422
0.0462859
0.0474698
0.0490167
0.0495356
0.049277
0.0481962
0.0458863
0.0424713
0.0379982
0.0325057
0.0263827
0.0317149
0.0317893
0.032712
0.0326772
0.0340799
0.0344334
0.0361362
0.0368898
0.0386347
0.039877
0.0413736
0.0428
0.0441474
0.0446975
0.0455566
0.0454304
0.0444496
0.0428163
0.0402706
0.0368534
0.0326105
0.0276337
0.0220845
0.0319713
0.0314772
0.0327158
0.0325926
0.0339487
0.0342525
0.0357411
0.0364712
0.0378819
0.0389481
0.0400152
0.0410784
0.0418916
0.041918
0.0421669
0.0415574
0.0401604
0.0382083
0.0356244
0.0323985
0.0285267
0.0241134
0.0191989
0.0321621
0.0312414
0.0326163
0.0325261
0.0337163
0.0340647
0.0352469
0.0359442
0.0370306
0.0378691
0.0385586
0.0392413
0.0395916
0.0392229
0.0389732
0.03804
0.0364494
0.0343786
0.031883
0.028955
0.0255473
0.0217275
0.0174896
0.0322701
0.0310929
0.032413
0.0324572
0.033397
0.0338018
0.0346879
0.0353044
0.0360932
0.0366708
0.037038
0.0373639
0.0373289
0.0366866
0.0360821
0.034957
0.0333197
0.0312888
0.0289767
0.0263946
0.0234795
0.0202529
0.0166816
0.0322817
0.0310268
0.0321232
0.0323505
0.0330302
0.0334517
0.0340816
0.0345591
0.0350815
0.0353939
0.0354933
0.0355178
0.0351833
0.034373
0.0335477
0.0323384
0.0307539
0.0288696
0.0268021
0.0245762
0.0221351
0.0194696
0.0165233
0.0321912
0.0310263
0.03178
0.032151
0.0326392
0.0330134
0.0334334
0.0337358
0.03402
0.034089
0.0339704
0.0337604
0.0332216
0.0323218
0.0313878
0.0301799
0.0287097
0.027028
0.025232
0.0233502
0.0213386
0.0191747
0.0167909
0.0320041
0.0310573
0.0314392
0.0318239
0.0322128
0.0325044
0.0327465
0.0328714
0.0329448
0.032812
0.0325193
0.03214
0.0314761
0.0305502
0.0295953
0.0284494
0.0271255
0.0256633
0.0241379
0.0225718
0.0209313
0.019192
0.0172864
0.0317382
0.0310608
0.0311452
0.0314037
0.0317236
0.0319239
0.032022
0.0319971
0.0318946
0.0316043
0.0311806
0.0306853
0.0299634
0.0290624
0.0281459
0.0270983
0.0259316
0.0246812
0.0234041
0.0221143
0.0207849
0.0193919
0.0178752
0.0314169
0.0309639
0.0308853
0.0310002
0.0311922
0.0312795
0.0312642
0.031129
0.0308992
0.0304966
0.0299813
0.029415
0.0286843
0.0278405
0.0269962
0.0260646
0.0250518
0.023992
0.0229317
0.0218799
0.0208123
0.0197044
0.0185035
0.0310674
0.0307719
0.0306323
0.0306088
0.0306435
0.0306126
0.0304965
0.0302785
0.029966
0.0295013
0.0289393
0.0283417
0.0276325
0.0268597
0.0261003
0.0252851
0.0244127
0.0235157
0.0226367
0.0217837
0.0209336
0.0200589
0.0191133
0.0307076
0.0305029
0.0303412
0.0302174
0.0301117
0.0299654
0.0297576
0.0294736
0.0291091
0.0286206
0.0280542
0.0274607
0.0267919
0.0260915
0.0254139
0.0247049
0.0239555
0.0231943
0.0224619
0.0217691
0.0210953
0.0204107
0.0196715
0.0303496
0.0301904
0.0300091
0.0298186
0.0296119
0.029367
0.0290783
0.0287409
0.0283425
0.0278528
0.027309
0.0267452
0.0261279
0.025496
0.0248919
0.0242762
0.0236346
0.022987
0.0223702
0.0218007
0.021264
0.0207291
0.0201559
0.0299992
0.0298568
0.029659
0.029423
0.0291496
0.0288338
0.0284837
0.0281044
0.0276828
0.0272017
0.0266914
0.0261703
0.0256091
0.0250397
0.0244991
0.0239619
0.0234116
0.0228572
0.0223306
0.0218522
0.021416
0.0209954
0.0205545
0.0296692
0.0295313
0.0293169
0.0290482
0.0287331
0.0283719
0.0279836
0.0275773
0.0271399
0.0266684
0.0261888
0.0257119
0.0252095
0.0247001
0.0242155
0.0237436
0.0232689
0.0227907
0.0223334
0.02192
0.0215532
0.0212136
0.0208707
0.0293806
0.0292415
0.0290146
0.0287237
0.0283809
0.0279921
0.0275821
0.0271626
0.0267179
0.0262506
0.025788
0.0253436
0.0248954
0.0244445
0.0240117
0.0235946
0.0231827
0.0227707
0.0223711
0.0220043
0.0216813
0.0213947
0.0211231
0.0291537
0.0290114
0.0287764
0.0284733
0.0281154
0.027712
0.0272891
0.0268663
0.0264289
0.0259724
0.0255195
0.0250944
0.0246883
0.0242868
0.0238915
0.0235045
0.0231258
0.0227542
0.0223956
0.0220634
0.0217685
0.0215108
0.021278
0.0290317
0.0288885
0.0286451
0.0283299
0.0279604
0.0275463
0.0271141
0.0266893
0.0262588
0.0258105
0.0253643
0.02495
0.0245677
0.0241962
0.0238256
0.0234598
0.0231058
0.0227656
0.022441
0.0221376
0.0218631
0.0216222
0.0214123
0.0668723
0.0484042
0.0258382
0.00432476
-0.0155313
-0.0340618
-0.0515604
-0.0669094
0.0545742
0.0373231
0.0152036
-0.00402102
-0.019449
-0.0324963
-0.0442856
-0.0543954
0.0438834
0.0307012
0.0120821
-0.00447959
-0.0160762
-0.0250115
-0.0334498
-0.0412471
0.0347044
0.0243499
0.00887982
-0.00527257
-0.0145577
-0.0207607
-0.0263582
-0.031458
0.0274504
0.0197221
0.00771791
-0.00363411
-0.0108076
-0.0150578
-0.0187936
-0.0224213
0.0216328
0.0157885
0.00707194
-0.00128131
-0.00677449
-0.0100089
-0.0126949
-0.0152361
0.0175285
0.0128623
0.00703659
0.00146953
-0.00256274
-0.00514983
-0.00719665
-0.00901478
0.0150518
0.0113912
0.00765121
0.00412049
0.00129059
-0.000748336
-0.00234763
-0.00366978
0.0138734
0.0110642
0.00874811
0.00661068
0.00471208
0.00317227
0.0019275
0.000949489
0.0136215
0.0115022
0.0101356
0.00891902
0.00769428
0.0065685
0.0056064
0.00486256
0.0139954
0.0124167
0.0116634
0.0110343
0.0102795
0.00948396
0.00876253
0.00820579
0.0147561
0.013601
0.0132326
0.0129625
0.0125209
0.0119733
0.0114414
0.0110184
0.0156814
0.0148509
0.014715
0.0146634
0.0144372
0.0140752
0.0136808
0.0133389
0.0166218
0.0160298
0.0160266
0.0161074
0.0160335
0.0158078
0.0155141
0.0152311
0.0175275
0.0171033
0.0171651
0.0173037
0.017313
0.0171766
0.0169565
0.0167187
0.0183557
0.018047
0.0181265
0.0182722
0.0183151
0.018232
0.0180641
0.0178626
0.019086
0.0188549
0.0189225
0.0190445
0.019089
0.0190313
0.0188966
0.0187224
0.0197061
0.0195266
0.0195657
0.0196467
0.0196722
0.0196201
0.0195043
0.0193506
0.0202122
0.020068
0.0200731
0.020107
0.0201031
0.0200438
0.0199366
0.0197975
0.0206086
0.0204874
0.0204604
0.0204493
0.0204123
0.0203383
0.0202312
0.020101
0.0209192
0.0208083
0.020747
0.0206912
0.0206188
0.0205254
0.0204137
0.0202896
0.0211083
0.0210047
0.0209236
0.0208394
0.0207422
0.0206329
0.0205156
0.0203944
0.0212555
0.0211394
0.0210262
0.0209099
0.0207897
0.0206684
0.0205483
0.0204308
-0.563239
-0.576976
-0.596453
-0.621382
-0.652319
-0.688092
-0.721703
-0.746954
-0.559117
-0.572138
-0.589927
-0.611523
-0.636745
-0.665539
-0.694052
-0.714787
-0.551383
-0.564937
-0.581148
-0.599795
-0.620196
-0.639268
-0.652947
-0.656539
-0.543791
-0.556376
-0.569427
-0.581651
-0.592073
-0.598339
-0.59783
-0.588089
-0.538274
-0.546476
-0.552317
-0.554953
-0.554492
-0.550215
-0.540432
-0.523007
-0.534735
-0.534074
-0.529922
-0.522983
-0.514104
-0.502845
-0.487433
-0.465639
-0.530571
-0.518228
-0.503931
-0.48933
-0.474709
-0.459063
-0.44026
-0.416103
-0.522376
-0.498214
-0.475759
-0.455827
-0.43753
-0.419233
-0.398473
-0.373164
-0.507285
-0.473886
-0.446229
-0.423047
-0.402697
-0.382916
-0.361248
-0.335629
-0.484268
-0.445797
-0.415702
-0.391113
-0.369914
-0.349618
-0.327803
-0.302559
-0.454332
-0.414689
-0.384515
-0.359909
-0.338935
-0.31884
-0.297525
-0.273162
-0.41916
-0.381582
-0.352833
-0.329524
-0.309479
-0.290241
-0.26993
-0.246875
-0.381349
-0.346788
-0.321123
-0.29993
-0.281391
-0.263593
-0.244662
-0.223302
-0.338827
-0.310941
-0.289491
-0.271305
-0.254817
-0.23863
-0.221424
-0.20191
-0.294402
-0.276704
-0.258016
-0.244384
-0.229043
-0.214832
-0.199264
-0.182225
-0.516412
-0.542301
-0.55857
-0.565087
-0.564299
-0.560116
-0.556354
-0.556435
-0.516273
-0.540324
-0.554152
-0.558345
-0.556321
-0.552444
-0.55005
-0.551728
-0.520547
-0.545082
-0.55741
-0.558375
-0.552512
-0.545538
-0.541477
-0.542945
-0.532345
-0.558301
-0.56908
-0.56568
-0.553863
-0.541376
-0.533949
-0.534699
-0.551515
-0.5798
-0.589102
-0.580863
-0.562353
-0.54355
-0.532165
-0.531202
-0.577337
-0.608764
-0.616679
-0.60351
-0.578549
-0.553888
-0.538541
-0.533809
-0.608433
-0.643723
-0.650289
-0.632192
-0.601448
-0.572083
-0.552152
-0.540241
-0.642273
-0.682056
-0.687313
-0.664645
-0.629002
-0.595372
-0.568358
-0.545447
-0.675242
-0.720086
-0.724222
-0.697777
-0.657914
-0.618127
-0.580767
-0.543935
-0.703014
-0.753291
-0.756209
-0.727104
-0.68249
-0.633407
-0.582491
-0.531303
-0.720951
-0.775041
-0.77827
-0.74592
-0.694063
-0.63353
-0.568952
-0.506753
-0.722725
-0.779167
-0.781898
-0.746191
-0.685895
-0.613828
-0.538683
-0.470963
-0.704411
-0.758417
-0.758268
-0.717899
-0.64981
-0.570694
-0.493645
-0.428813
-0.657288
-0.710801
-0.705741
-0.661921
-0.590069
-0.51269
-0.442678
-0.383298
-0.598012
-0.634343
-0.620238
-0.575524
-0.509806
-0.442197
-0.385596
-0.336421
-0.48813
-0.500137
-0.4778
-0.436891
-0.385583
-0.339845
-0.310145
-0.291041
-0.363805
-0.34327
-0.312136
-0.29146
-0.275207
-0.258102
-0.245308
-0.245288
-0.309237
-0.244707
-0.193086
-0.173068
-0.169092
-0.171678
-0.169123
-0.179429
-0.311318
-0.209337
-0.13655
-0.104404
-0.0985681
-0.106191
-0.105893
-0.120399
-0.294573
-0.185344
-0.0841055
-0.0412566
-0.0443121
-0.0543116
-0.0586451
-0.0732177
-0.220108
-0.154373
-0.081338
-0.0297865
-0.0146032
-0.0193339
-0.0236825
-0.0311859
-0.164214
-0.141041
-0.112973
-0.0871843
-0.0775353
-0.0606472
-0.0151003
-0.0338661
-0.147363
-0.147154
-0.143115
-0.130671
-0.122147
-0.108621
-0.0792092
-0.039714
-0.145812
-0.161249
-0.171739
-0.165497
-0.145629
-0.117542
-0.0854841
-0.0525028
-0.167065
-0.19907
-0.223488
-0.229209
-0.210344
-0.173835
-0.141086
-0.103431
-0.176506
-0.218897
-0.253497
-0.266748
-0.25789
-0.232233
-0.204657
-0.165909
-0.160309
-0.182725
-0.203605
-0.218011
-0.223463
-0.210239
-0.199239
-0.167716
-0.150995
-0.155344
-0.15801
-0.15925
-0.158836
-0.153217
-0.149704
-0.137326
-0.145317
-0.145468
-0.143164
-0.138417
-0.132731
-0.124964
-0.119161
-0.112839
-0.117432
-0.122381
-0.126142
-0.126154
-0.122141
-0.114099
-0.103442
-0.0911209
-0.100625
-0.105603
-0.110338
-0.113522
-0.114817
-0.113057
-0.107043
-0.0965034
-0.114638
-0.120055
-0.125548
-0.130464
-0.134264
-0.135409
-0.133918
-0.128017
-0.137843
-0.141374
-0.144329
-0.147116
-0.14911
-0.150503
-0.147592
-0.153945
-0.134416
-0.13492
-0.134747
-0.135082
-0.134658
-0.135669
-0.133707
-0.135575
-0.106992
-0.102828
-0.0978307
-0.0931828
-0.0887471
-0.0862737
-0.0827533
-0.0822005
-0.0900408
-0.0784989
-0.0674545
-0.0577984
-0.0497995
-0.043822
-0.0399689
-0.0378894
-0.115614
-0.101878
-0.0872546
-0.072907
-0.0597354
-0.0468897
-0.0429608
-0.0346195
-0.119778
-0.111259
-0.101289
-0.0899475
-0.0780086
-0.0658182
-0.0539372
-0.0426442
-0.123272
-0.123526
-0.120567
-0.114024
-0.104181
-0.0914605
-0.0747379
-0.0564925
-0.171706
-0.188658
-0.201366
-0.208674
-0.210386
-0.206432
-0.197714
-0.184919
-0.190854
-0.211138
-0.225108
-0.232875
-0.234042
-0.229731
-0.220294
-0.210235
-0.12964
-0.11813
-0.105515
-0.094682
-0.0857979
-0.0802336
-0.0747211
-0.0734076
-0.0813372
-0.0636152
-0.0449235
-0.0273859
-0.0115341
0.00121025
0.0105456
0.0173513
-0.0806604
-0.0706627
-0.0599503
-0.0491479
-0.0386016
-0.028692
-0.0193006
-0.0103079
-0.0591964
-0.0586978
-0.0570251
-0.0541881
-0.0503252
-0.045664
-0.0404858
-0.0348617
-0.0333076
-0.0315601
-0.0297073
-0.027847
-0.025971
-0.0241738
-0.0223087
-0.0207692
-0.00712041
-0.00546254
-0.00404901
-0.0029157
-0.00207014
-0.00152172
-0.00127044
-0.0011461
-0.005268
-0.00476904
-0.00435426
-0.00397615
-0.0035906
-0.00315423
-0.00263187
-0.0019688
-0.00883361
-0.00858131
-0.00828232
-0.00793821
-0.00754962
-0.00712773
-0.00668118
-0.00623507
0.00336192
0.00391274
0.00439602
0.00478357
0.00495029
0.00502231
0.00495805
0.00472229
-0.000177531
7.16868e-05
0.000295874
0.000509124
0.000736081
0.00101203
0.00137273
0.00184266
-0.00222502
-0.00248929
-0.00276251
-0.0030305
-0.0032777
-0.00348677
-0.00363864
-0.00371524
0.000221571
0.000253815
0.000266751
0.000252315
0.000200929
0.000102555
-5.24311e-05
-0.000271349
-0.255551
-0.192037
-0.1499
-0.115315
-0.0879188
-0.0671324
-0.0504193
-0.0371443
-0.0269301
-0.0187032
-0.0121297
-0.00688888
-0.00263645
0.000767894
0.0035177
0.00573904
0.00750935
0.00891394
0.0100095
0.0108467
0.0114544
0.0118541
0.0120599
-0.225823
-0.171021
-0.139233
-0.108837
-0.0844331
-0.0654567
-0.0499182
-0.0375886
-0.0277307
-0.019609
-0.0131376
-0.00779039
-0.00342536
0.000107129
0.00298766
0.00531368
0.00717862
0.00865939
0.00981292
0.0106922
0.0113288
0.0117471
0.0119617
-0.162075
-0.120931
-0.104064
-0.0825866
-0.066794
-0.0537998
-0.0426162
-0.033225
-0.0251127
-0.0182353
-0.0124486
-0.00750948
-0.00339154
3.62121e-05
0.00286663
0.00517307
0.00704024
0.00852796
0.00969138
0.0105791
0.0112228
0.0116468
0.0118641
-0.101787
-0.0718849
-0.0630179
-0.0494498
-0.04262
-0.0365272
-0.0308749
-0.0254134
-0.0200155
-0.0149688
-0.0103408
-0.00618389
-0.00257231
0.000533174
0.00314205
0.00530917
0.00708684
0.00851618
0.00964259
0.0105068
0.0111371
0.0115538
0.011768
-0.0515736
-0.0302937
-0.025527
-0.0182281
-0.0191236
-0.0189251
-0.0183228
-0.0166074
-0.0140086
-0.0108737
-0.00756962
-0.00434724
-0.00134788
0.00133157
0.00364624
0.00561469
0.00725175
0.00858399
0.00964495
0.0104651
0.011067
0.0114678
0.0116747
-0.00419598
0.0148921
0.0155566
0.012821
0.00377297
-0.00244337
-0.00659384
-0.00824571
-0.0080755
-0.00668573
-0.00463217
-0.0022884
7.88391e-05
0.00227902
0.00426186
0.00599641
0.00746748
0.00868606
0.00966881
0.0104367
0.0110054
0.011387
0.0115849
0.0449288
0.0579876
0.0584068
0.0415477
0.0245731
0.0122038
0.00379222
-0.000788296
-0.00262608
-0.00275504
-0.00181263
-0.000267539
0.00149102
0.00324506
0.00490716
0.00640616
0.00770824
0.00880726
0.00970742
0.0104193
0.0109512
0.0113114
0.0114991
0.0524768
0.0734185
0.0715254
0.0558692
0.0369025
0.0217631
0.0113688
0.00514811
0.00192286
0.000760829
0.000863019
0.00173352
0.00293017
0.00426454
0.00560075
0.00685683
0.00798312
0.00895555
0.00976597
0.0104159
0.0109067
0.0112426
0.0114182
0.00341835
0.0319884
0.042681
0.0403257
0.0308143
0.0215168
0.0138856
0.00848625
0.00529062
0.00374156
0.00332027
0.00365814
0.00438294
0.00533116
0.00635657
0.00736403
0.00830481
0.00913918
0.00985036
0.01043
0.0108737
0.0111799
0.0113411
-0.0758667
-0.0382885
-0.00589262
0.00924017
0.0141235
0.0136794
0.0120279
0.00904193
0.00723303
0.00597071
0.00538629
0.00543451
0.00577798
0.00637998
0.00711283
0.00788933
0.00864949
0.00934452
0.00995272
0.0104577
0.0108494
0.0111237
0.0112689
-0.140575
-0.0855162
-0.0406041
-0.0118934
-0.000313528
0.00621581
0.00884046
0.00878992
0.00853587
0.00777134
0.00723656
0.00707299
0.00714624
0.00744513
0.00789085
0.00843368
0.00900718
0.00956019
0.0100633
0.0104919
0.0108317
0.0110717
0.0112002
-0.13861
-0.086724
-0.049233
-0.0205399
-0.00601081
0.00341206
0.00787381
0.00946985
0.0100441
0.00943754
0.00902383
0.00863192
0.00842924
0.00844726
0.00864235
0.00897481
0.00937169
0.00978864
0.0101878
0.0105389
0.0108227
0.011028
0.0111386
-0.114082
-0.0780294
-0.0506054
-0.0241445
-0.00885601
0.00325554
0.00849151
0.0115443
0.0121014
0.0115603
0.0109809
0.0103036
0.00982613
0.00955353
0.00947717
0.00957251
0.00977963
0.0100491
0.010334
0.0106
0.010825
0.0109902
0.0110806
-0.0932677
-0.0649301
-0.0440445
-0.018489
-0.00762
0.00686368
0.010439
0.0146756
0.0144929
0.0141187
0.0130891
0.0119986
0.0111684
0.0106207
0.0103112
0.0101947
0.0102196
0.0103377
0.0105042
0.0106804
0.0108386
0.0109614
0.0110295
-0.0742352
-0.0497835
-0.0286281
-0.00470436
0.00713353
0.0177633
0.0192806
0.0206177
0.0182895
0.0168373
0.0150411
0.0135875
0.0124634
0.0116727
0.011116
0.0108012
0.0106556
0.0106295
0.0106764
0.0107598
0.0108533
0.0109312
0.0109768
-0.0857471
-0.0640773
-0.0335629
-0.00359199
0.0205557
0.0290469
0.0302349
0.0277198
0.0233008
0.0199309
0.0170025
0.0149849
0.0135805
0.012589
0.0118698
0.0113766
0.0110718
0.0109117
0.0108492
0.0108462
0.0108731
0.0109066
0.0109289
-0.115023
-0.103086
-0.0645274
-0.0250156
0.0144744
0.0275577
0.0305571
0.0274213
0.0238815
0.020833
0.0180771
0.0160284
0.0144707
0.0133503
0.01251
0.011895
0.0114696
0.0111904
0.0110206
0.0109286
0.0108894
0.0108769
0.0108756
-0.131432
-0.142584
-0.0879332
-0.0425544
0.000479392
0.016344
0.0222503
0.0223737
0.0209058
0.0191856
0.0175116
0.0161714
0.0149974
0.0139907
0.0131027
0.0123869
0.0118477
0.0114595
0.011194
0.0110209
0.0109155
0.0108557
0.0108284
-0.125777
-0.109967
-0.0749608
-0.0392085
-0.0101744
0.00493295
0.0130816
0.0162868
0.017111
0.0170723
0.0165116
0.0157922
0.0150337
0.0142466
0.0134836
0.0127834
0.0121777
0.0116972
0.0113395
0.0110865
0.0109198
0.0108184
0.0107681
-0.0775238
-0.0620589
-0.0396681
-0.0227309
-0.0112281
-0.00175972
0.00743013
0.0127236
0.0149051
0.0158216
0.016006
0.0156721
0.0151802
0.0145039
0.0137709
0.0130466
0.0124078
0.0118729
0.0114554
0.0111408
0.0109205
0.0107785
0.0107054
-0.0368948
-0.0246099
-0.0150764
-0.0121108
-0.00866389
-0.00162226
0.00703323
0.0134087
0.0139309
0.0160461
0.0160875
0.0158379
0.0154941
0.0149037
0.0141755
0.0133607
0.0126376
0.0120255
0.0115346
0.0111588
0.0108877
0.0107101
0.0106179
-0.0367079
-0.0157912
-0.0143
-0.00853816
-0.00403335
0.00467219
0.0103755
0.0156448
0.0160991
0.0175022
0.0167173
0.0163448
0.0157724
0.0150895
0.0143113
0.0135123
0.0127795
0.0121281
0.0115874
0.0111611
0.0108452
0.0106319
0.0105208
-0.0334978
-0.018454
-0.00738207
0.00510866
0.0120333
0.017907
0.0202611
0.0218056
0.0206351
0.0198211
0.0183107
0.0175118
0.0164241
0.0155069
0.0144907
0.0136081
0.0128185
0.0121357
0.0115627
0.0111017
0.0107528
0.0105165
0.0103902
-0.0475207
-0.0282051
-0.00726349
0.0119571
0.0257043
0.0286202
0.0293428
0.026894
0.0248172
0.0216415
0.0197083
0.0181224
0.0166784
0.0156189
0.0146076
0.0136858
0.0128349
0.0120991
0.0114899
0.0110026
0.0106328
0.0103747
0.0102367
-0.164909
-0.134654
-0.0918788
-0.0462895
-0.00314034
0.0197669
0.0278679
0.0239249
0.0230544
0.0208424
0.0189664
0.017367
0.0162146
0.0153096
0.0143829
0.013482
0.0126623
0.011951
0.0113384
0.0108407
0.0104536
0.0101849
0.0100385
-0.188199
-0.165009
-0.11731
-0.0625879
-0.0116005
0.0162173
0.0238275
0.0245581
0.0237732
0.0216029
0.0193383
0.0174694
0.0162487
0.0152343
0.0142285
0.0132363
0.0124044
0.0116948
0.0110998
0.0106107
0.0102276
0.00994763
0.00979446
-0.0700791
-0.0540906
-0.0283474
-0.002714
0.0175138
0.0261987
0.025398
0.0234259
0.0218921
0.0202258
0.0183076
0.0168343
0.0155629
0.0146079
0.0136524
0.0128068
0.0120525
0.0113737
0.0107862
0.0103098
0.00992956
0.00965403
0.00950015
0.0179924
0.0226841
0.0222409
0.0228569
0.0218552
0.0199235
0.0175808
0.0175267
0.0179603
0.0181258
0.0167002
0.0152393
0.0140605
0.0133956
0.0127238
0.0120997
0.0114986
0.0109264
0.0103936
0.00993429
0.00956159
0.00928694
0.00913337
-0.00371367
0.00382885
0.0110142
0.0185691
0.0242985
0.0271244
0.0268962
0.0220743
0.0201865
0.018368
0.0160787
0.0142562
0.0130448
0.0124668
0.0119128
0.0114072
0.0108592
0.0103399
0.00986761
0.00945591
0.0091192
0.00886305
0.00871554
-0.0277014
-0.0206811
-0.00876935
-0.00230258
0.00366917
0.00661468
0.00781366
0.00776991
0.00898815
0.0102297
0.0104306
0.0100228
0.0097771
0.010011
0.0102864
0.0103588
0.0101149
0.00972908
0.00928677
0.00888652
0.00855984
0.00832327
0.00818563
-0.018112
-0.0150063
-0.0119408
-0.0100625
-0.00885771
-0.00861172
-0.00808538
-0.006077
-0.00234341
0.000993868
0.00289646
0.00419006
0.00579818
0.00762738
0.00879842
0.00919389
0.00912241
0.00887188
0.00856758
0.00825479
0.00797409
0.00774448
0.00760482
-0.001761
-0.00157517
-0.00271572
-0.00282295
-0.00259841
-0.00187213
-0.000915119
0.000186781
0.00129917
0.00216877
0.00261916
0.0034675
0.00505608
0.0069418
0.00794791
0.00825213
0.00813683
0.00791739
0.00765303
0.00741034
0.00720984
0.00702882
0.00690408
-0.000981533
0.000596554
0.00256459
0.00507267
0.00767161
0.00986006
0.0108843
0.00996158
0.00902308
0.00819917
0.00705641
0.0056614
0.00533232
0.00609923
0.00671223
0.00710246
0.00712427
0.00697009
0.00673963
0.00655273
0.00639254
0.00622905
0.0061107
-0.00559945
-0.00506088
-0.00467664
-0.00459452
-0.00495076
-0.00576573
-0.00672548
-0.00736345
-0.00676346
-0.00490612
-0.00291744
-0.000868551
0.00166757
0.0043473
0.00600954
0.00649389
0.00633773
0.00602811
0.00575178
0.00560713
0.00547944
0.00533163
0.00522594
0.00424845
0.00361398
0.00271091
0.00164928
0.000557303
-0.000448509
-0.00127592
-0.00202517
-0.00251228
-0.00261535
-0.00220609
-0.00108966
0.000700534
0.00295052
0.00439613
0.00502901
0.00502685
0.00483438
0.00461441
0.00452747
0.00444886
0.00431688
0.00421158
0.0026351
0.00398044
0.00570881
0.00781293
0.0101312
0.012403
0.0142471
0.0144996
0.0127956
0.0101137
0.00717379
0.00454328
0.00305157
0.00293267
0.00297242
0.00307468
0.00313034
0.00316302
0.00319497
0.00334366
0.00337191
0.00325163
0.00317618
-0.00371283
-0.00363637
-0.00337485
-0.00288919
-0.00225205
-0.00161514
-0.00114105
-0.00104703
-0.00095839
-0.000500601
0.000246098
0.000868672
0.0014814
0.00205479
0.00231297
0.00222528
0.00206637
0.00194221
0.00193235
0.0020538
0.00209549
0.00202682
0.00199013
-0.00062285
-0.00116955
-0.00185007
-0.00267206
-0.00360477
-0.00460069
-0.00555737
-0.00624166
-0.0060647
-0.00467652
-0.00262544
-0.00115345
-4.49572e-05
0.000616552
0.000847382
0.000862519
0.0008072
0.000736317
0.000692833
0.000723987
0.000709902
0.000680977
0.00067074
-0.157513
-0.129989
-0.10467
-0.0844616
-0.0668681
-0.0525176
-0.0403686
-0.0303995
-0.0221534
-0.0152944
-0.00965247
-0.00500409
-0.00116882
0.00198117
0.00455851
0.0066399
0.00831538
0.00964903
0.0106943
0.0114928
0.0120731
0.0124508
0.0126406
-0.169269
-0.136904
-0.108667
-0.0864163
-0.0679583
-0.052792
-0.0401879
-0.0300254
-0.0216912
-0.0148328
-0.00927053
-0.004711
-0.000961476
0.00210724
0.00461406
0.00663985
0.0082777
0.00958546
0.0106144
0.0114049
0.0119832
0.0123632
0.0125567
-0.181927
-0.144441
-0.112149
-0.0882079
-0.068955
-0.0530016
-0.0400621
-0.029742
-0.0212979
-0.0144145
-0.00890912
-0.00440599
-0.000729561
0.00226177
0.00469879
0.00666777
0.00826567
0.00954396
0.0105532
0.0113325
0.0119053
0.0122839
0.0124786
-0.192302
-0.150865
-0.116139
-0.0917183
-0.0711956
-0.0540819
-0.0406548
-0.0299916
-0.0212723
-0.0142777
-0.00875753
-0.00423877
-0.000590171
0.00236377
0.00475843
0.00668895
0.00825689
0.00951027
0.0105016
0.0112695
0.0118357
0.0122109
0.0124053
-0.205621
-0.157104
-0.120192
-0.0949554
-0.072797
-0.0550074
-0.0413781
-0.030427
-0.0214481
-0.0143722
-0.00879058
-0.00420945
-0.000559348
0.00239085
0.00476627
0.00668011
0.00823246
0.00947066
0.0104503
0.0112099
0.0117706
0.0121425
0.0123362
-0.212617
-0.160982
-0.125618
-0.098874
-0.0748372
-0.0565522
-0.0425177
-0.0311283
-0.0218665
-0.0147322
-0.00903068
-0.00436769
-0.000678645
0.00230773
0.00469368
0.00661972
0.00817441
0.00941131
0.0103885
0.0111461
0.011705
0.0120757
0.0122693
-0.225092
-0.16644
-0.130381
-0.101527
-0.0766531
-0.0582663
-0.0437914
-0.0320011
-0.0225934
-0.0153806
-0.00948648
-0.00473837
-0.0009683
0.00208036
0.00451101
0.00648138
0.00806193
0.00931815
0.0103081
0.0110736
0.0116367
0.0120097
0.0122044
-0.232515
-0.176147
-0.138558
-0.10683
-0.0810501
-0.0618617
-0.0464538
-0.0339608
-0.0242964
-0.0167064
-0.0105099
-0.00558214
-0.00161682
0.00157286
0.00412708
0.00619726
0.00784888
0.00916065
0.010189
0.0109805
0.0115594
0.0119415
0.0121398
0.0146666
-0.0120539
-0.037224
-0.0632164
-0.0901509
-0.115951
-0.140071
-0.16231
0.0169467
-0.0126134
-0.0413821
-0.070924
-0.101029
-0.129852
-0.156491
-0.180207
0.0181768
-0.0160223
-0.0495003
-0.0826785
-0.11532
-0.146155
-0.174396
-0.199741
0.0176224
-0.0215336
-0.0596238
-0.0962669
-0.131307
-0.164102
-0.194124
-0.221475
0.0147856
-0.0289725
-0.0713538
-0.111561
-0.149377
-0.184549
-0.216731
-0.246062
0.00966964
-0.0386687
-0.0853944
-0.129523
-0.170634
-0.208547
-0.242955
-0.27408
0.00215359
-0.0512535
-0.102757
-0.151242
-0.196059
-0.23691
-0.273502
-0.306181
-0.00839408
-0.067666
-0.124566
-0.177842
-0.226648
-0.270521
-0.309287
-0.343239
-0.0231176
-0.0891946
-0.152195
-0.210746
-0.263792
-0.310725
-0.351562
-0.386398
-0.0436469
-0.117572
-0.187479
-0.251853
-0.309501
-0.359587
-0.402096
-0.437121
-0.072228
-0.155173
-0.232985
-0.303809
-0.366173
-0.419566
-0.463154
-0.497233
-0.112007
-0.205132
-0.291928
-0.37034
-0.437903
-0.493678
-0.536764
-0.567857
-0.168083
-0.272674
-0.3684
-0.453989
-0.526044
-0.582223
-0.622235
-0.646771
-0.244023
-0.362182
-0.470015
-0.559417
-0.629281
-0.679615
-0.710085
-0.721383
-0.315086
-0.439261
-0.545084
-0.630754
-0.694712
-0.736492
-0.757329
-0.759955
0.188146
0.180692
0.169031
0.153166
0.133228
0.109489
0.0826849
0.0511107
0.202648
0.193844
0.180098
0.16161
0.138829
0.111628
0.0820175
0.0495754
0.218971
0.209019
0.193546
0.172869
0.147841
0.118198
0.0862587
0.0530882
0.237509
0.226619
0.209663
0.186923
0.159639
0.127645
0.0925779
0.0563897
0.258265
0.246428
0.227899
0.202857
0.172742
0.137739
0.0986726
0.0579638
0.2811
0.268122
0.247685
0.219908
0.186228
0.147364
0.103675
0.0576894
0.305914
0.291546
0.268765
0.23775
0.199806
0.156236
0.107385
0.0556424
0.332663
0.31666
0.291065
0.256249
0.213371
0.164234
0.109517
0.051402
0.361263
0.34337
0.314447
0.275157
0.226603
0.170936
0.109357
0.0439738
0.391445
0.371354
0.338501
0.293897
0.238735
0.175401
0.105699
0.0318735
0.422603
0.399909
0.362391
0.311412
0.248441
0.176068
0.0967244
0.0130186
0.453531
0.42771
0.384616
0.32596
0.253668
0.170584
0.079786
-0.015558
0.482191
0.452545
0.402685
0.334665
0.251121
0.155216
0.0507585
-0.0584506
0.504521
0.470386
0.412674
0.333511
0.236511
0.125411
0.00506233
-0.119913
0.522718
0.484167
0.419096
0.330161
0.220525
0.094695
-0.0408698
-0.18001
0.0294883
0.0294421
0.0294056
0.0293779
0.0293595
0.0293437
0.0293394
0.02933
0.0339248
0.0338385
0.0337265
0.0335912
0.0334363
0.0332641
0.0330773
0.0328841
0.0302457
0.0302331
0.0302065
0.0301916
0.0301892
0.0301951
0.0302125
0.0302292
0.034185
0.0340789
0.0339436
0.0337826
0.0336002
0.0334027
0.0331975
0.0329932
0.0317478
0.0316897
0.0316573
0.0316457
0.0316525
0.0316705
0.0316965
0.0317269
0.0360558
0.0359248
0.0357617
0.0355723
0.0353595
0.035133
0.034897
0.0346821
0.0343111
0.0342306
0.0341865
0.0341511
0.0341402
0.0341595
0.0341636
0.0342192
0.0387101
0.0385254
0.0383052
0.0380576
0.037789
0.0375344
0.0372475
0.0370591
0.0380771
0.0379407
0.0378393
0.0377617
0.0377027
0.0376626
0.0376122
0.0376107
0.0425838
0.0423462
0.0421034
0.0418324
0.0415221
0.0412472
0.0409
0.040724
0.0433589
0.0431145
0.0429076
0.042723
0.0425501
0.0424288
0.0422506
0.0422412
0.0481726
0.0478113
0.0474695
0.0471333
0.0466984
0.0464415
0.0459535
0.0459051
0.0507018
0.0503429
0.0499942
0.049687
0.0493108
0.0491062
0.0486822
0.04862
0.0563138
0.0558624
0.0552858
0.0548566
0.0541042
0.0538893
0.052928
0.0529101
0.0609961
0.0604094
0.059755
0.0591909
0.0584396
0.0579377
0.0569694
0.0565931
0.068289
0.0675973
0.0667623
0.0660778
0.0649294
0.0642093
0.0625143
0.0619555
0.0756153
0.074589
0.0733661
0.0720914
0.0704422
0.0690079
0.0669341
0.0655303
0.0855404
0.0843258
0.0828788
0.0813286
0.0790892
0.0771769
0.0739542
0.0719229
0.0965056
0.0946989
0.0924163
0.0897285
0.0863772
0.0828421
0.0785179
0.0741765
0.110417
0.108196
0.10529
0.101739
0.0971723
0.0922193
0.0858358
0.0794699
0.126215
0.122991
0.118647
0.113007
0.106117
0.0978122
0.088719
0.0773283
0.145677
0.141596
0.135821
0.128093
0.118363
0.106854
0.0927915
0.0778415
0.16796
0.162301
0.153756
0.142129
0.12721
0.109619
0.0890731
0.064981
0.0293186
0.0293117
0.0293231
0.0293536
0.0294065
0.029477
0.0295198
0.0295107
0.0294217
0.0292348
0.0289377
0.0285273
0.028012
0.0274142
0.0267622
0.0260884
0.0254179
0.0247678
0.0241527
0.0235904
0.0231087
0.0227398
0.0225239
0.032627
0.0322746
0.0318433
0.0313238
0.0307098
0.0300705
0.0294546
0.028879
0.0283649
0.0279226
0.0275501
0.0272324
0.0269381
0.0266061
0.026181
0.0256695
0.0250969
0.0244999
0.0239123
0.0233648
0.0228929
0.0225309
0.0223178
0.0302593
0.0303008
0.0303596
0.0304375
0.0304889
0.0304318
0.0302581
0.0299766
0.0295759
0.0290578
0.0284422
0.0277658
0.0270882
0.0264577
0.0258688
0.0253004
0.0247136
0.0241148
0.023529
0.0229887
0.0225244
0.0221734
0.0219702
0.0327001
0.0323023
0.0318272
0.0312914
0.0307992
0.030353
0.0299407
0.029547
0.0291604
0.028763
0.0283171
0.0277774
0.0271163
0.02637
0.0256483
0.0249571
0.0242881
0.0236436
0.0230378
0.022494
0.0220356
0.0216971
0.0215079
0.0317502
0.0317505
0.0317664
0.0317427
0.0316036
0.0313699
0.0310231
0.0305552
0.0299734
0.029301
0.0285779
0.0278337
0.027066
0.0262559
0.0254249
0.0246045
0.0238299
0.0231185
0.0224805
0.02193
0.0214762
0.0211488
0.0209711
0.0343194
0.0337876
0.0331714
0.0325857
0.0320409
0.0315049
0.0309731
0.0304325
0.0298634
0.0292283
0.0285083
0.0277102
0.0268592
0.025964
0.0250417
0.0241357
0.0232897
0.0225304
0.0218735
0.0213266
0.0208883
0.020578
0.0204152
0.0341799
0.0340736
0.033938
0.0336673
0.0332731
0.032742
0.0320723
0.0312775
0.0303933
0.0294543
0.0284838
0.0274933
0.0264924
0.0254876
0.024492
0.0235317
0.0226454
0.0218644
0.0212063
0.020677
0.0202685
0.0199864
0.0198485
0.0365924
0.0359332
0.035193
0.0344878
0.0337648
0.0330216
0.0322456
0.0313949
0.0304479
0.0293973
0.0282666
0.0270981
0.0259367
0.0248175
0.0237604
0.0227762
0.0218883
0.0211213
0.0204858
0.0199868
0.019616
0.0193651
0.0192501
0.0374566
0.0370996
0.036629
0.0360212
0.0352345
0.034271
0.0331508
0.0319212
0.0306192
0.0292715
0.0279007
0.0265362
0.0252221
0.0239998
0.0228977
0.0219189
0.0210665
0.0203462
0.019758
0.0193022
0.0189744
0.0187492
0.0186459
0.0401492
0.0391062
0.0381007
0.0370169
0.0359221
0.034704
0.0333875
0.0319638
0.0304474
0.0288778
0.0272997
0.0257687
0.0243393
0.0230536
0.0219376
0.0209934
0.0202095
0.0195669
0.0190491
0.0186532
0.0183787
0.0181822
0.0180882
0.0418696
0.0409797
0.0400106
0.0388447
0.037437
0.0358291
0.0340708
0.032212
0.0303008
0.028394
0.0265508
0.0248306
0.0232858
0.0219498
0.0208375
0.0199482
0.0192602
0.0187296
0.0183147
0.0180054
0.0178034
0.017656
0.0175853
0.0451595
0.0433919
0.0418147
0.0400297
0.0381461
0.0361149
0.0339492
0.0316992
0.0294437
0.0272673
0.0252453
0.0234402
0.0218827
0.020588
0.019552
0.0187646
0.0182026
0.017812
0.0175295
0.0173298
0.0172136
0.017131
0.0170974
0.0476604
0.0459211
0.0439834
0.0417326
0.0392078
0.0365239
0.0337746
0.0310437
0.0284168
0.0259793
0.0238074
0.0219481
0.0204157
0.0192008
0.0182743
0.0176059
0.017166
0.0169056
0.0167521
0.0166604
0.0166217
0.0165972
0.0165982
0.0511287
0.0485053
0.0457436
0.0428166
0.0397444
0.0365289
0.0332522
0.0300562
0.0270726
0.024412
0.0221403
0.0202866
0.0188388
0.017759
0.0169928
0.0164814
0.0161778
0.0160399
0.0160051
0.0160151
0.0160481
0.016074
0.0161007
0.0546495
0.0514316
0.047838
0.0438607
0.0397192
0.0356054
0.0316681
0.0280388
0.0248361
0.0221225
0.019923
0.018227
0.0169893
0.0161465
0.0156218
0.0153306
0.015206
0.0152067
0.0152896
0.0153997
0.0155068
0.0155858
0.0156343
0.0584564
0.0537166
0.0488222
0.0438187
0.0387732
0.0338718
0.0293653
0.0254187
0.0221106
0.0194592
0.0174424
0.0159994
0.0150487
0.0144999
0.0142555
0.0142145
0.0142927
0.0144435
0.0146406
0.0148426
0.015021
0.0151548
0.0152238
0.0616222
0.055791
0.0495718
0.0432446
0.0371459
0.0315081
0.0265556
0.022395
0.0190732
0.0165745
0.0148232
0.0137037
0.0130913
0.0128666
0.0129184
0.013139
0.0134346
0.0137503
0.0140668
0.0143572
0.0146019
0.0147887
0.0148777
0.0652538
0.0567755
0.0485821
0.0408109
0.0337144
0.0275723
0.0224981
0.0184759
0.0154599
0.0133591
0.0120427
0.0113554
0.0111438
0.0112718
0.0116257
0.0121044
0.0126184
0.0131081
0.0135542
0.0139363
0.0142438
0.0144797
0.0145883
0.066374
0.0563043
0.046373
0.0372376
0.0292872
0.0227576
0.0176567
0.0139082
0.0113663
0.00982711
0.00907893
0.00892139
0.00917488
0.00969217
0.0103624
0.0110975
0.0118243
0.0124893
0.0130713
0.0135507
0.0139236
0.0142072
0.0143374
0.0673396
0.0528842
0.0409463
0.0309191
0.0227423
0.0164016
0.0117428
0.0086019
0.00677097
0.00597153
0.0059257
0.00639174
0.00717107
0.0081153
0.00912164
0.0101156
0.0110475
0.0118792
0.0125937
0.0131728
0.013616
0.013949
0.0141064
0.0623878
0.0464611
0.0333917
0.0228031
0.0147485
0.00895815
0.00510372
0.00288344
0.00197057
0.00202664
0.00274499
0.00386646
0.00518689
0.00656569
0.00791227
0.00916446
0.0102929
0.0112786
0.0121146
0.0127903
0.013307
0.0136926
0.0138839
0.0538461
0.0348052
0.0217523
0.0117589
0.00462455
-6.92891e-05
-0.0026828
-0.00361592
-0.00332454
-0.00221601
-0.000613942
0.00123029
0.00313017
0.00496721
0.00667255
0.0081983
0.00953243
0.0106749
0.0116312
0.0124031
0.0129958
0.013438
0.0136683
0.0338256
0.0189821
0.00686934
-0.00188538
-0.00759865
-0.0107085
-0.0116724
-0.0110219
-0.00930779
-0.00697624
-0.00436515
-0.00170875
0.000835864
0.00318293
0.00529177
0.00713254
0.00870988
0.0100372
0.0111326
0.0120121
0.0126878
0.0131933
0.0134652
0.0107446
0.00150005
-0.00778068
-0.0150449
-0.0194156
-0.0210197
-0.0203946
-0.0182228
-0.015133
-0.0116114
-0.00800777
-0.00454504
-0.00135688
0.00150034
0.00401164
0.00617205
0.00799723
0.00951088
0.0107424
0.0117197
0.0124632
0.0130128
0.0133117
-0.0142811
-0.0209796
-0.0257529
-0.0294081
-0.0306963
-0.0296474
-0.026865
-0.0230287
-0.0186817
-0.0142231
-0.00992587
-0.00595157
-0.00238863
0.0007471
0.00346413
0.00578107
0.00772205
0.00931737
0.0106026
0.0116111
0.0123691
0.0129145
0.0132104
-0.0385299
-0.0461671
-0.0461941
-0.0441201
-0.0404594
-0.0357219
-0.0303873
-0.0248765
-0.0194902
-0.0144271
-0.00980536
-0.00568024
-0.00207102
0.0010569
0.00373657
0.00600564
0.00789746
0.00944625
0.0106878
0.0116536
0.0123699
0.0128661
0.0131311
-0.0606086
-0.0654512
-0.0608916
-0.0551796
-0.0478752
-0.040291
-0.0329222
-0.0260351
-0.0197751
-0.0141976
-0.00930797
-0.00507752
-0.0014555
0.0016273
0.00422672
0.00640102
0.00819886
0.00966306
0.0108312
0.011733
0.0123925
0.0128316
0.0130598
-0.0831272
-0.0812015
-0.0710687
-0.062652
-0.0530916
-0.0438943
-0.0352715
-0.0274382
-0.0204977
-0.0144492
-0.0092552
-0.00484893
-0.00113494
0.00197651
0.00455668
0.00668128
0.00841639
0.00981707
0.0109268
0.0117767
0.0123907
0.0127868
0.0129863
-0.104877
-0.0960163
-0.0809645
-0.0696565
-0.0577953
-0.0471664
-0.0374936
-0.0289151
-0.0214448
-0.0150149
-0.00955285
-0.00496754
-0.00113984
0.00203932
0.00465103
0.00677528
0.00848978
0.00986067
0.0109385
0.0117587
0.0123472
0.0127213
0.0129058
-0.12536
-0.109789
-0.0904854
-0.0759135
-0.0616626
-0.0496845
-0.0390961
-0.0299543
-0.0221286
-0.0154574
-0.00983514
-0.00514276
-0.00124655
0.00197388
0.004612
0.00674498
0.00845632
0.00981673
0.0108811
0.0116889
0.0122686
0.0126376
0.0128188
-0.14272
-0.120966
-0.0986445
-0.0811718
-0.0649398
-0.0516377
-0.0401335
-0.0304752
-0.0223719
-0.0155568
-0.00988123
-0.00517541
-0.0012804
0.00192939
0.00455796
0.00667962
0.00838137
0.00973261
0.010789
0.011592
0.0121715
0.0125441
0.0127289
)
;

boundaryField
{
    outlet
    {
        type            fixedValue;
        value           uniform 0;
    }
    upperWall
    {
        type            symmetryPlane;
    }
    lowerWall
    {
        type            symmetryPlane;
    }
    inlet
    {
        type            zeroGradient;
    }
    cylinder
    {
        type            zeroGradient;
    }
    frontAndBack
    {
        type            empty;
    }
}


// ************************************************************************* //
