/*--------------------------------*- C++ -*----------------------------------*\
| =========                 |                                                 |
| \\      /  F ield         | OpenFOAM: The Open Source CFD Toolbox           |
|  \\    /   O peration     | Version:  2312                                  |
|   \\  /    A nd           | Website:  www.openfoam.com                      |
|    \\/     M anipulation  |                                                 |
\*---------------------------------------------------------------------------*/
FoamFile
{
    version     2.0;
    format      ascii;
    arch        "LSB;label=32;scalar=64";
    class       volScalarField;
    location    "121.3";
    object      p;
}
// * * * * * * * * * * * * * * * * * * * * * * * * * * * * * * * * * * * * * //

dimensions      [0 2 -2 0 0 0 0];

internalField   nonuniform List<scalar> 
5478
(
-0.561642
-0.559627
-0.559447
-0.560793
-0.561463
-0.557058
-0.543012
-0.516745
-0.478797
-0.432418
-0.381977
-0.331022
-0.282307
-0.23627
-0.193224
-0.569081
-0.564992
-0.56183
-0.558755
-0.553056
-0.540643
-0.518876
-0.487492
-0.44854
-0.405289
-0.360773
-0.317176
-0.275868
-0.236848
-0.201203
-0.579012
-0.573078
-0.566659
-0.558225
-0.544533
-0.523372
-0.494642
-0.459909
-0.421548
-0.381852
-0.34247
-0.304546
-0.268585
-0.234945
-0.203655
-0.593293
-0.584823
-0.574375
-0.558874
-0.535837
-0.506162
-0.47203
-0.435519
-0.398271
-0.361428
-0.325776
-0.29179
-0.259794
-0.229953
-0.20237
-0.612532
-0.599683
-0.584101
-0.55949
-0.526537
-0.489525
-0.45148
-0.413901
-0.377491
-0.342638
-0.309553
-0.278399
-0.249173
-0.222062
-0.196731
-0.635701
-0.616703
-0.593411
-0.557925
-0.515565
-0.472579
-0.43155
-0.393078
-0.357153
-0.323644
-0.29246
-0.263474
-0.236605
-0.211753
-0.188334
-0.658454
-0.633679
-0.598691
-0.551322
-0.500803
-0.453142
-0.409824
-0.370671
-0.335125
-0.302735
-0.273131
-0.246041
-0.221218
-0.198491
-0.177214
-0.674721
-0.64514
-0.596017
-0.537055
-0.47988
-0.428702
-0.383853
-0.344423
-0.30945
-0.278221
-0.250189
-0.224935
-0.202201
-0.181722
-0.162988
-0.443189
-0.445767
-0.447731
-0.452165
-0.459584
-0.46994
-0.483034
-0.498464
-0.51555
-0.533579
-0.551762
-0.569053
-0.583804
-0.593735
-0.596359
-0.451686
-0.456197
-0.459871
-0.465791
-0.474124
-0.484073
-0.494435
-0.503612
-0.509968
-0.512343
-0.510165
-0.503152
-0.491411
-0.475741
-0.454008
-0.465585
-0.471574
-0.477043
-0.48487
-0.494792
-0.505259
-0.513993
-0.518052
-0.514544
-0.501547
-0.478316
-0.445045
-0.403236
-0.35745
-0.305287
-0.484999
-0.491093
-0.497858
-0.507655
-0.519453
-0.531067
-0.539187
-0.539519
-0.527968
-0.502054
-0.4611
-0.406635
-0.338738
-0.272163
-0.19001
-0.505994
-0.512113
-0.520163
-0.530964
-0.543752
-0.555901
-0.563091
-0.559889
-0.541757
-0.506131
-0.450876
-0.385241
-0.303407
-0.229061
-0.141508
-0.525913
-0.530759
-0.538378
-0.549181
-0.561726
-0.57258
-0.577722
-0.569765
-0.545172
-0.501731
-0.441884
-0.371463
-0.292696
-0.219055
-0.14663
-0.542056
-0.544812
-0.550756
-0.559654
-0.569517
-0.577032
-0.576927
-0.563458
-0.533291
-0.486209
-0.426736
-0.360117
-0.29203
-0.228171
-0.169047
-0.553558
-0.5539
-0.557038
-0.562254
-0.568039
-0.570297
-0.563688
-0.543807
-0.508924
-0.461115
-0.40527
-0.346241
-0.288901
-0.235288
-0.187023
-0.578242
-0.487872
-0.346424
-0.268051
-0.242476
-0.262948
-0.287506
-0.244298
-0.182147
-0.143611
-0.130117
-0.10966
-0.104031
-0.121008
-0.146912
-0.139251
-0.118585
-0.104241
-0.124751
-0.139
-0.134539
-0.11882
-0.14748
-0.133334
-0.142863
-0.182958
-0.20514
-0.110202
-0.0780297
-0.0555898
-0.0401343
-0.0245922
-0.00919424
-0.00872219
-0.00684259
-0.00425997
-0.00249431
-0.000732554
-0.41921
-0.37645
-0.289627
-0.256109
-0.257098
-0.297481
-0.329235
-0.272186
-0.19538
-0.145022
-0.128603
-0.108846
-0.0978389
-0.116332
-0.143039
-0.135893
-0.115189
-0.0961005
-0.114427
-0.130584
-0.127576
-0.127656
-0.161372
-0.141268
-0.143697
-0.162149
-0.172836
-0.11719
-0.0872972
-0.0562806
-0.0375549
-0.0239196
-0.0100086
-0.00893666
-0.00663285
-0.00424866
-0.00255366
-0.000765728
-0.259542
-0.225292
-0.195389
-0.209606
-0.245033
-0.317596
-0.34996
-0.285961
-0.201975
-0.144124
-0.126046
-0.112313
-0.0957758
-0.11372
-0.139011
-0.132291
-0.110887
-0.0881848
-0.103135
-0.121622
-0.119113
-0.134477
-0.171112
-0.147053
-0.141552
-0.142009
-0.138972
-0.120229
-0.0938111
-0.0560545
-0.0345347
-0.0229268
-0.010745
-0.00909991
-0.00640174
-0.0042265
-0.00262427
-0.000798839
-0.124346
-0.0671335
-0.0594893
-0.119486
-0.208636
-0.316818
-0.34818
-0.284695
-0.201794
-0.142156
-0.122768
-0.116171
-0.0968731
-0.11476
-0.137042
-0.129431
-0.106214
-0.0811002
-0.0916911
-0.11244
-0.109392
-0.138446
-0.176048
-0.151014
-0.13722
-0.124342
-0.106733
-0.119121
-0.0968928
-0.0553067
-0.0313152
-0.0216875
-0.0113559
-0.00920468
-0.00617137
-0.00419517
-0.00268585
-0.000829513
-0.0541882
0.0270076
0.0660528
-0.015412
-0.148301
-0.284415
-0.322114
-0.26604
-0.193471
-0.138839
-0.118791
-0.115385
-0.0994304
-0.120457
-0.13894
-0.125984
-0.101091
-0.0752868
-0.0814797
-0.103423
-0.0990378
-0.139195
-0.176352
-0.152786
-0.131702
-0.109849
-0.0781949
-0.11522
-0.0959631
-0.0541795
-0.0281294
-0.0203001
-0.011809
-0.00924264
-0.00595983
-0.00415878
-0.00273514
-0.000854902
-0.0640298
0.0375066
0.119554
0.0611091
-0.0867942
-0.229143
-0.276323
-0.23519
-0.177129
-0.133954
-0.113232
-0.107486
-0.102266
-0.126573
-0.143635
-0.125771
-0.0977015
-0.0710686
-0.0724682
-0.0945837
-0.0877422
-0.136036
-0.172585
-0.153259
-0.12646
-0.1001
-0.0553465
-0.109407
-0.0917011
-0.0529513
-0.0251296
-0.0188326
-0.0120851
-0.00921488
-0.00578346
-0.00412414
-0.00277025
-0.000872318
-0.097925
-0.0127841
0.104911
0.0965925
-0.0179409
-0.162392
-0.221464
-0.206023
-0.162622
-0.13032
-0.108033
-0.0968795
-0.100194
-0.132574
-0.147887
-0.123184
-0.0934687
-0.0677182
-0.0659961
-0.0865852
-0.0752965
-0.128329
-0.165981
-0.150754
-0.12077
-0.0931045
-0.0371702
-0.101509
-0.0843842
-0.0513787
-0.0225963
-0.0174543
-0.0122134
-0.00911203
-0.00564187
-0.00409827
-0.00278283
-0.000878647
-0.132169
-0.0716564
0.0124814
0.0647947
0.0225138
-0.0800787
-0.144172
-0.153956
-0.135704
-0.116959
-0.101933
-0.0871737
-0.0890478
-0.133218
-0.154624
-0.125982
-0.0928133
-0.0663658
-0.0597931
-0.0785205
-0.0641556
-0.117102
-0.156725
-0.149075
-0.115812
-0.091594
-0.0222801
-0.0918926
-0.0807344
-0.0504076
-0.0202548
-0.0159671
-0.0121668
-0.00899402
-0.00554954
-0.00409926
-0.00282338
-0.000872724
-0.128958
-0.0851846
-0.0168996
0.0357865
0.020378
-0.048537
-0.0975335
-0.115979
-0.107596
-0.09295
-0.08406
-0.0746958
-0.0793944
-0.119404
-0.130468
-0.117172
-0.0867207
-0.0652113
-0.0604394
-0.0740574
-0.0563249
-0.105459
-0.143342
-0.138762
-0.104341
-0.0899756
-0.0298721
-0.0815819
-0.0620492
-0.0481625
-0.0187016
-0.01446
-0.0118108
-0.00861318
-0.00542917
-0.0041155
-0.00279119
-0.00084451
-0.117647
-0.0833173
-0.0357399
-0.00117958
-0.000877965
-0.0342875
-0.0645138
-0.0779962
-0.0738621
-0.0670532
-0.0629614
-0.0550982
-0.0619349
-0.108534
-0.140591
-0.109325
-0.0748502
-0.0563418
-0.055418
-0.0626902
-0.0398213
-0.083038
-0.12718
-0.123403
-0.0875974
-0.0694823
-0.0186537
-0.0688029
-0.103427
-0.0451512
-0.0158576
-0.0125161
-0.0111866
-0.00810179
-0.00524174
-0.00405782
-0.00273229
-0.000784858
-0.0994159
-0.0798091
-0.0505197
-0.0254583
-0.0166168
-0.0283968
-0.0451863
-0.0542487
-0.0555987
-0.0498932
-0.0470579
-0.0382439
-0.0314378
-0.0638403
-0.0867974
-0.0810588
-0.0577089
-0.0470203
-0.0494498
-0.0507852
-0.0287876
-0.0569593
-0.0934174
-0.098978
-0.0632604
-0.0414521
-0.00758872
-0.052017
-0.0717075
-0.0378885
-0.0132478
-0.0108114
-0.0104635
-0.00743222
-0.0050253
-0.00418469
-0.00268119
-0.000696311
-0.0820262
-0.0727599
-0.0543643
-0.0363122
-0.02665
-0.0275816
-0.033871
-0.0371861
-0.0355231
-0.0300184
-0.0235954
-0.0165081
-0.00575268
-0.0165889
-0.0229943
-0.0388571
-0.0412167
-0.0376801
-0.0383813
-0.0339102
-0.0157633
-0.0270502
-0.0535213
-0.0735265
-0.0441557
-0.0137681
0.010642
-0.0295598
-0.0554029
-0.0308422
-0.0116814
-0.00914353
-0.00971352
-0.00666338
-0.00476229
-0.00440061
-0.00263906
-0.000577198
-0.0668934
-0.0630431
-0.0519515
-0.0395546
-0.0304385
-0.0265433
-0.026768
-0.0265001
-0.0253831
-0.0204136
-0.0137853
-0.00434876
0.0144353
0.0243457
0.024072
-0.0021859
-0.023297
-0.0238526
-0.0252424
-0.0195862
-0.00692728
0.00259125
-0.00837898
-0.0500458
-0.033415
0.00983394
0.0183051
-0.00549886
-0.0343085
-0.0229771
-0.0112445
-0.00765029
-0.00911743
-0.00565893
-0.00437228
-0.00469779
-0.0026227
-0.000434137
-0.0533781
-0.052437
-0.0463363
-0.038072
-0.0301978
-0.0246898
-0.0221216
-0.0192045
-0.0155031
-0.00941755
-0.000685243
0.00741364
0.0226932
0.0365189
0.0380299
0.0173823
-0.00624083
-0.0101065
-0.0105776
-0.00380785
0.00310716
0.0147282
0.00534902
-0.0371626
-0.0306817
0.0224356
0.0241978
0.018355
-0.014287
-0.0157984
-0.0113756
-0.00627812
-0.00887399
-0.00477809
-0.003849
-0.00503091
-0.0026289
-0.000279969
-0.0414013
-0.0421467
-0.0388484
-0.0329239
-0.0270769
-0.0216888
-0.0175988
-0.0136073
-0.0096794
-0.00457895
0.00226014
0.00987609
0.0229465
0.0345811
0.0365063
0.0233659
0.00606887
0.0013855
-0.00111597
0.00442937
0.00818896
0.0198225
0.0175697
-0.0221758
-0.0188892
0.0237878
0.0242991
0.0339852
-8.22636e-05
-0.0119489
-0.0109918
-0.00614123
-0.00919718
-0.00403072
-0.00327557
-0.00527255
-0.00261644
-0.000138632
-0.031471
-0.032838
-0.0311896
-0.0273654
-0.022811
-0.0180807
-0.0139683
-0.00994412
-0.00591052
-0.00101064
0.00542723
0.0121138
0.0208364
0.0281983
0.0305002
0.0226907
0.011646
0.00779191
0.00599142
0.0108383
0.0127583
0.0174404
0.0170195
-0.00643677
-0.00581253
0.0204038
0.0233505
0.0381523
0.00639741
-0.0112368
-0.00900454
-0.00686096
-0.0100496
-0.00342613
-0.00282003
-0.0053185
-0.00252498
-4.77801e-05
-0.0231113
-0.0246518
-0.0239637
-0.0214422
-0.0180269
-0.0141828
-0.0105035
-0.00680105
-0.00305565
0.00106341
0.00587521
0.0108192
0.0169011
0.0217429
0.0240088
0.020202
0.0137358
0.0114091
0.00914433
0.0118406
0.0134024
0.0152463
0.0167582
0.00424868
0.00326138
0.0174915
0.0207457
0.0346868
0.0118554
-0.00825372
-0.00555354
-0.00648557
-0.0105422
-0.00272397
-0.00238403
-0.00496799
-0.00226952
3.16449e-06
-0.0162156
-0.0176939
-0.0174556
-0.0157446
-0.0132705
-0.0103436
-0.00736539
-0.00429177
-0.00120046
0.00205531
0.00579624
0.00961409
0.0138735
0.0169349
0.0187278
0.01742
0.0139131
0.0125252
0.0115086
0.0130205
0.0143446
0.0140998
0.0151159
0.00945994
0.00872338
0.0163513
0.0188039
0.0282064
0.0158433
-0.00243772
-0.00193957
-0.00413587
-0.00546851
-0.00172121
-0.00181493
-0.00413825
-0.00186191
-4.40223e-06
-0.0105811
-0.0118065
-0.0117957
-0.0107052
-0.00898641
-0.00683015
-0.00452401
-0.00211483
0.000328422
0.00283939
0.00565403
0.00840962
0.0113473
0.0134334
0.0148188
0.0148981
0.0133836
0.0127403
0.0120722
0.0126511
0.0133715
0.0132816
0.0140585
0.0117941
0.0115027
0.015611
0.0167059
0.0226417
0.0172889
0.00292188
0.00110208
-0.00116061
-0.00347322
-0.00088183
-0.0010198
-0.0030099
-0.00138233
-1.58083e-05
-0.00589675
-0.00693229
-0.00707789
-0.00640361
-0.00520308
-0.00364856
-0.00194741
-0.000155359
0.00167815
0.0035262
0.00556169
0.00756511
0.0096216
0.0112133
0.0122922
0.0129049
0.0125169
0.0122982
0.0122154
0.0125839
0.0130497
0.0129187
0.0133574
0.0125795
0.0126063
0.0148928
0.0152032
0.0184143
0.0163533
0.0064399
0.00351999
0.00130556
-0.00138481
-0.000151987
-0.000298479
-0.00192699
-0.000930174
-1.73887e-05
-0.0021403
-0.00298537
-0.00315786
-0.00273235
-0.00193055
-0.000871813
0.000325979
0.00161006
0.00292701
0.00425227
0.00569059
0.00714526
0.00862824
0.0099022
0.0109466
0.0114938
0.011658
0.0117495
0.0118147
0.0120939
0.0123268
0.0123554
0.0127481
0.0125546
0.0125761
0.0138249
0.0137147
0.0152038
0.0142631
0.00804113
0.00519351
0.00287696
0.00017148
0.000485427
0.000217806
-0.00105465
-0.000551299
-1.51845e-06
0.000902967
0.000247441
6.64206e-05
0.000296802
0.000797116
0.00149043
0.00231308
0.0032109
0.00412249
0.00503854
0.00601584
0.00704929
0.00808385
0.00903541
0.00982507
0.0104466
0.0108483
0.0111019
0.011291
0.0115872
0.0118154
0.0118914
0.0121444
0.0121419
0.0121217
0.0127625
0.0125222
0.0128845
0.0121901
0.0084496
0.0060682
0.00387101
0.00144615
0.0010817
0.000620186
-0.000374693
-0.000225115
3.93578e-05
0.00337006
0.00285177
0.00266457
0.00276565
0.0030598
0.00349403
0.00402685
0.00462634
0.00523596
0.00585339
0.00650937
0.00722417
0.0079661
0.00863117
0.00922419
0.00975768
0.0101937
0.0105236
0.0107583
0.0110321
0.0112305
0.0113136
0.0114827
0.011529
0.0114349
0.0116623
0.0113758
0.0111798
0.0105096
0.00815837
0.00631648
0.00443519
0.00238096
0.00160635
0.000959439
0.000132894
3.55238e-05
7.80941e-05
0.00533249
0.0049302
0.00475351
0.00477115
0.00491846
0.00516444
0.00548544
0.00586402
0.00624884
0.00663971
0.00705374
0.00752633
0.00802381
0.00849665
0.0089352
0.00934912
0.00972617
0.0100354
0.0102606
0.010494
0.010671
0.0107561
0.0108407
0.010853
0.0107256
0.0107207
0.0104153
0.00998007
0.00932452
0.00777653
0.00635885
0.00479499
0.00309795
0.00212903
0.0013259
0.000561719
0.000277677
0.000131162
0.00689125
0.00658128
0.00641627
0.0063766
0.00642285
0.00653851
0.00671041
0.00692648
0.00714739
0.00737338
0.00761471
0.00790708
0.00822238
0.00853629
0.00883168
0.00912907
0.00940821
0.00965404
0.00984012
0.0100179
0.0101523
0.0102054
0.0102275
0.0101888
0.0100456
0.00988208
0.00956568
0.00907072
0.00845817
0.00735271
0.00620257
0.0049409
0.00355845
0.00255308
0.00166832
0.000923247
0.000488778
0.000174318
0.00811256
0.00787125
0.00771919
0.00764419
0.00762419
0.00765039
0.0077173
0.0078164
0.00791984
0.00802836
0.00814789
0.00830936
0.00848705
0.00867559
0.00884972
0.00904144
0.00922472
0.00938577
0.00950957
0.00961826
0.00969863
0.00970856
0.00968618
0.00959663
0.00943756
0.00920929
0.00888276
0.00840162
0.00780593
0.00696701
0.00602752
0.00498977
0.00385746
0.0028964
0.00199621
0.0012397
0.000693543
0.000228072
0.00905356
0.0088634
0.00872371
0.00862749
0.00856463
0.008531
0.00852649
0.00854374
0.00856505
0.00859002
0.00862273
0.00868721
0.00876127
0.00885076
0.00892831
0.00902803
0.00911838
0.00920226
0.00925918
0.00930082
0.00932663
0.00928818
0.00923097
0.00910698
0.00892831
0.00867436
0.00832814
0.00788497
0.00732552
0.00664168
0.00585145
0.00495841
0.00402801
0.00314086
0.00226225
0.00150879
0.000885066
0.000283416
0.00975912
0.00960442
0.00947445
0.00936726
0.00927778
0.00920662
0.00915341
0.00911508
0.00907932
0.00904704
0.00902013
0.00901444
0.00901529
0.0090273
0.00903353
0.00905607
0.0090735
0.00908649
0.0090833
0.00906502
0.00903539
0.00895542
0.00885813
0.00870443
0.00850464
0.0082422
0.0078987
0.00748598
0.00697687
0.00637605
0.00569453
0.00493003
0.00411768
0.0033052
0.00247094
0.00171116
0.00103566
0.000341338
0.0102653
0.010134
0.0100117
0.0098995
0.00979457
0.00970056
0.00961553
0.00954093
0.00946719
0.00939741
0.00933044
0.00927595
0.00922642
0.00918237
0.00913824
0.00910045
0.00906261
0.00901868
0.00896473
0.00889916
0.00881966
0.0087083
0.00857328
0.00839642
0.008179
0.007909
0.00757534
0.00718227
0.00671074
0.00616964
0.00555619
0.00487165
0.00414224
0.00338387
0.00259581
0.0018366
0.0011175
0.000372026
0.0105966
0.0104793
0.0103627
0.0102483
0.010136
0.0100287
0.00992551
0.00982844
0.00973181
0.00963898
0.00954668
0.00946221
0.00937875
0.00930044
0.00922046
0.00914422
0.00906617
0.00898354
0.00889419
0.00879198
0.00868024
0.00854108
0.00838193
0.00818707
0.00795552
0.00768277
0.00735316
0.00697332
0.00652622
0.00602043
0.00545151
0.00482052
0.00413913
0.00342188
0.00267226
0.00191013
0.00116073
0.000391027
0.0107615
0.0106509
0.0105375
0.0104232
0.0103083
0.0101956
0.0100841
0.00997622
0.00986875
0.0097647
0.00966068
0.00956082
0.00946106
0.00936459
0.00926722
0.00917077
0.00907185
0.0089687
0.00885941
0.00873879
0.00860765
0.00845501
0.00828135
0.00807664
0.00783812
0.00756158
0.00723603
0.00686213
0.00642749
0.00594088
0.00539369
0.00478895
0.00413308
0.00343508
0.00270541
0.00194661
0.00118135
0.00039927
-0.13923
-0.148634
-0.156378
-0.16159
-0.164177
-0.160127
-0.153214
-0.140387
-0.112794
-0.117844
-0.121412
-0.123329
-0.123154
-0.121969
-0.120323
-0.122362
-0.0892662
-0.0920753
-0.0933885
-0.0950145
-0.0959122
-0.0986798
-0.0994728
-0.10246
-0.0710024
-0.0725403
-0.0733936
-0.0753528
-0.0766476
-0.0788721
-0.0787768
-0.0803597
-0.0557853
-0.0569493
-0.0576413
-0.0588786
-0.0592795
-0.0599474
-0.0600256
-0.0627972
-0.0435968
-0.0441585
-0.0443644
-0.0447599
-0.0449189
-0.0457074
-0.0469309
-0.0497206
-0.0333928
-0.033579
-0.0335877
-0.0338049
-0.0341578
-0.0349519
-0.035994
-0.0381054
-0.0250551
-0.0250342
-0.0249481
-0.0250183
-0.0252622
-0.0258161
-0.0266816
-0.0285197
-0.0181363
-0.0180082
-0.0178442
-0.0178319
-0.0180143
-0.0184397
-0.0191457
-0.0206591
-0.0123986
-0.0122507
-0.0120819
-0.0120278
-0.0120999
-0.0123604
-0.0129195
-0.0141845
-0.00761583
-0.00747554
-0.00729743
-0.00719117
-0.00721201
-0.0074468
-0.00795657
-0.00898716
-0.00361493
-0.00350996
-0.00337637
-0.00330725
-0.00334938
-0.00353691
-0.0039044
-0.00466723
-0.000317211
-0.000270085
-0.000195418
-0.00014722
-0.00015677
-0.000268235
-0.000547317
-0.00115895
0.00241842
0.00241766
0.00244768
0.00247011
0.00245022
0.00234492
0.00210998
0.00164017
0.00464691
0.00460347
0.00458539
0.0045684
0.00453008
0.00444103
0.0042656
0.00392096
0.00643878
0.00636606
0.00631518
0.00627296
0.00622444
0.00614503
0.00600482
0.00574497
0.00786748
0.0077771
0.00770426
0.00764183
0.00758019
0.00750203
0.00738665
0.00719373
0.00898835
0.00888848
0.00880249
0.00872693
0.00865633
0.00857915
0.00848145
0.00833594
0.00985252
0.00974931
0.00965692
0.00957396
0.00949741
0.00942023
0.00933376
0.00922075
0.010498
0.0103957
0.0103022
0.0102168
0.0101379
0.0100613
0.00998193
0.00988981
0.0109588
0.0108599
0.0107682
0.0106833
0.0106042
0.0105284
0.0104531
0.0103732
0.0112553
0.011161
0.0110728
0.0109902
0.0109123
0.0108375
0.0107646
0.0106912
0.0113964
0.0113085
0.0112247
0.0111447
0.0110682
0.010994
0.0109219
0.0108507
0.0279841
0.0300356
0.0313571
0.031651
0.030368
0.0273608
0.0224578
0.0151078
0.00433635
-0.0112593
-0.033637
-0.0655544
-0.111482
-0.174655
-0.233272
0.0023267
0.00164168
-0.00128112
-0.00569779
-0.0114886
-0.0190307
-0.0289102
-0.0419363
-0.0592145
-0.0822554
-0.11315
-0.154665
-0.211329
-0.286857
-0.35156
-0.0232938
-0.026849
-0.0338343
-0.0424846
-0.0524189
-0.0642561
-0.0788409
-0.0971184
-0.12028
-0.149933
-0.188337
-0.238346
-0.303471
-0.389935
-0.453477
-0.0498031
-0.0564245
-0.0666981
-0.0785349
-0.0918396
-0.107448
-0.126256
-0.149203
-0.177496
-0.212778
-0.257352
-0.314555
-0.38642
-0.476535
-0.537268
-0.0761831
-0.08598
-0.0988089
-0.113087
-0.129187
-0.148055
-0.17048
-0.1973
-0.229778
-0.269577
-0.318729
-0.380946
-0.457051
-0.545387
-0.601481
-0.101059
-0.114099
-0.129002
-0.145328
-0.163896
-0.185565
-0.210991
-0.240874
-0.276489
-0.319464
-0.371927
-0.436475
-0.513227
-0.59649
-0.645741
-0.124002
-0.13951
-0.156142
-0.174567
-0.195529
-0.219617
-0.247427
-0.279703
-0.317521
-0.36236
-0.416126
-0.480466
-0.554607
-0.629526
-0.671166
-0.14515
-0.161865
-0.180297
-0.200917
-0.224113
-0.250304
-0.280023
-0.313967
-0.353018
-0.398435
-0.451705
-0.513638
-0.581924
-0.645216
-0.680064
0.182956
0.197616
0.214043
0.23263
0.253433
0.276369
0.301358
0.328354
0.35728
0.387882
0.419576
0.451182
0.480692
0.504046
0.523252
0.177568
0.191189
0.206741
0.224578
0.244613
0.266657
0.290599
0.316393
0.343951
0.37299
0.402878
0.432367
0.459356
0.479808
0.496153
0.167998
0.179796
0.193828
0.210342
0.228978
0.249358
0.271297
0.294718
0.319487
0.345251
0.371277
0.396196
0.417716
0.431954
0.442348
0.154225
0.163623
0.175675
0.190343
0.206905
0.224796
0.243782
0.263759
0.284515
0.305557
0.325969
0.344185
0.357601
0.362454
0.364412
0.136366
0.143013
0.152874
0.1654
0.179372
0.194034
0.209145
0.224614
0.240175
0.255184
0.2685
0.2783
0.2816
0.274494
0.265909
0.114647
0.118197
0.12569
0.135826
0.146831
0.157806
0.168503
0.178799
0.188324
0.196272
0.201291
0.201302
0.19295
0.172121
0.15064
0.0897127
0.0905467
0.0958619
0.103113
0.110361
0.116926
0.122669
0.127356
0.130382
0.130716
0.126772
0.116211
0.0953419
0.0599977
0.0247541
0.0606428
0.0601951
0.0643062
0.0685735
0.0716066
0.0732685
0.0736062
0.0722601
0.0683995
0.0607615
0.0475433
0.0261335
-0.00754608
-0.0573912
-0.105666
0.0250994
0.0295047
0.0258343
0.029738
0.0272822
0.0315549
0.0297658
0.034133
0.033454
0.0378842
0.0386063
0.0433691
0.0458041
0.0513567
0.0559868
0.0631146
0.0704422
0.0801898
0.0912019
0.105039
0.120817
0.140237
0.162577
0.0250894
0.0294577
0.0258285
0.0296807
0.0272778
0.0314823
0.0297407
0.0340387
0.0334227
0.0377534
0.0385276
0.0432261
0.0456231
0.0511261
0.0557291
0.0627144
0.0699747
0.079769
0.0901743
0.103686
0.118717
0.137517
0.158625
0.0250897
0.0293852
0.0258407
0.0295945
0.0273039
0.0313771
0.0297813
0.0339097
0.0334218
0.0375924
0.038474
0.0430529
0.045462
0.0507822
0.0553507
0.0621829
0.0691538
0.0785534
0.0884184
0.10145
0.115276
0.132971
0.15172
0.0250991
0.0292893
0.0258703
0.0294838
0.0273507
0.0312415
0.0298218
0.0337572
0.0334533
0.0374114
0.0384494
0.0428844
0.0453339
0.050599
0.0551193
0.0617421
0.0684183
0.0776484
0.0866072
0.098937
0.110913
0.126769
0.141799
0.0251165
0.0291738
0.0259077
0.0293528
0.0274054
0.031081
0.0298829
0.0335839
0.0334959
0.0372012
0.0384255
0.0426381
0.0451096
0.0501042
0.0545717
0.0608533
0.0671843
0.0757983
0.0838121
0.095051
0.104898
0.118371
0.128689
0.0251393
0.0290424
0.0259628
0.0292047
0.0274735
0.0309095
0.0299611
0.033418
0.0335706
0.0370287
0.038474
0.0425153
0.045097
0.0500866
0.0543888
0.0605976
0.0664365
0.074633
0.081377
0.0912683
0.098134
0.108339
0.112549
0.02517
0.0288967
0.0260173
0.0290477
0.0275533
0.0307278
0.0300309
0.0332242
0.0336145
0.0368
0.0384202
0.0421897
0.044786
0.0494864
0.0536605
0.059257
0.0647472
0.071782
0.0775936
0.0854986
0.0898185
0.0959973
0.0938188
0.0252002
0.0287433
0.0260754
0.028891
0.0276394
0.0305748
0.0301386
0.0331065
0.0337335
0.0367515
0.0385842
0.0422582
0.0449877
0.0497613
0.0535904
0.0592615
0.0640996
0.0705561
0.0745694
0.0803133
0.0803946
0.0816752
0.0712272
0.0252326
0.0285358
0.0261553
0.0286576
0.0277277
0.0302787
0.0301782
0.0327981
0.0337135
0.0363271
0.0383417
0.0415781
0.0442657
0.0484309
0.0520175
0.0564454
0.0607387
0.0646191
0.067542
0.0689096
0.0662698
0.0592359
0.0428456
0.0252816
0.0282458
0.0262596
0.0283307
0.0278068
0.0298562
0.0301806
0.0321681
0.0334871
0.03556
0.0376714
0.0402769
0.0428807
0.046133
0.0492123
0.0521502
0.0552381
0.0567605
0.0577294
0.0554646
0.050933
0.0412013
0.0281106
0.0253547
0.0278834
0.0263869
0.0279327
0.0279122
0.0293478
0.0301624
0.0315585
0.0331838
0.0347703
0.0369031
0.0389042
0.0413304
0.0436729
0.0460846
0.0477995
0.0494551
0.0493246
0.0481756
0.0441641
0.0380487
0.0284736
0.0164534
0.0254525
0.0274393
0.0265406
0.0274777
0.0279845
0.0288723
0.030039
0.0309886
0.0327199
0.0339313
0.0359383
0.0373997
0.0395152
0.0410011
0.0426015
0.0433342
0.0434897
0.0421146
0.0393778
0.034374
0.0276094
0.0185893
0.00793616
0.0255788
0.0269069
0.0266762
0.0270698
0.0279425
0.0284419
0.0297991
0.0304185
0.0320839
0.0330436
0.0347281
0.035781
0.0374078
0.0381753
0.0388707
0.038799
0.0377008
0.0353677
0.0317215
0.0263814
0.019704
0.0115041
0.00218768
0.025729
0.0263533
0.0267087
0.0267191
0.0278156
0.0280264
0.0294285
0.0298297
0.0312852
0.0320771
0.0333216
0.0340152
0.0350923
0.0352032
0.035087
0.0343168
0.0323705
0.0293996
0.0254219
0.0201923
0.0139702
0.00668685
-0.00151746
0.0258562
0.0258283
0.0266318
0.0264113
0.0275833
0.0276212
0.028915
0.0292135
0.0303513
0.0309951
0.0317656
0.0321076
0.0326475
0.0321777
0.0314101
0.0300849
0.0276663
0.0244025
0.0204042
0.0155571
0.00997317
0.00361836
-0.00353607
0.025937
0.025349
0.0264536
0.0261299
0.0272364
0.0272126
0.0282753
0.0285261
0.0293144
0.0297845
0.0301101
0.0300975
0.0301552
0.0292257
0.0279779
0.0262639
0.0236754
0.0203938
0.0165661
0.0122276
0.00736649
0.00195552
-0.00411104
0.0259436
0.0249367
0.0261626
0.0258599
0.0267824
0.0267825
0.0275398
0.0277467
0.0282047
0.028455
0.028399
0.0280571
0.027705
0.0264495
0.0248934
0.0229739
0.0204072
0.0173035
0.013792
0.0100071
0.00589718
0.00141858
-0.00359248
0.0258585
0.0246021
0.0257598
0.0255823
0.0262412
0.026292
0.0267471
0.0268664
0.0270397
0.027044
0.0266794
0.0260667
0.0253869
0.0239358
0.0222359
0.0202671
0.0178408
0.0150313
0.0119361
0.00871374
0.00531644
0.00168574
-0.00237402
0.0256694
0.0243423
0.0252656
0.0252645
0.0256544
0.0257163
0.0259187
0.0259
0.0258348
0.0255987
0.025001
0.0241908
0.0232764
0.0217504
0.0200342
0.0181318
0.0159222
0.0134638
0.0108248
0.00814326
0.00537938
0.00247552
-0.000767039
0.0253727
0.0241412
0.0247154
0.02485
0.0250475
0.0250635
0.025066
0.0248829
0.0246171
0.0241758
0.0234144
0.0224796
0.0214338
0.0199233
0.0182788
0.016522
0.0145711
0.012475
0.01028
0.00809095
0.00587241
0.0035727
0.00101204
0.0249763
0.0239672
0.02417
0.0243117
0.0244115
0.024353
0.0241957
0.0238567
0.0234254
0.0228298
0.0219657
0.020974
0.0198803
0.0184483
0.0169362
0.0153709
0.0136904
0.0119363
0.0101418
0.00838086
0.00661811
0.00480883
0.00280497
0.0245014
0.0237615
0.0236762
0.023695
0.0237268
0.0235872
0.0233128
0.022856
0.0222987
0.0216006
0.0206904
0.0196912
0.0186124
0.0173026
0.0159572
0.0145986
0.0131785
0.0117304
0.0102801
0.00887529
0.00748088
0.00605872
0.00449435
0.0239751
0.0234563
0.0232203
0.0231039
0.0230159
0.0227848
0.0224267
0.0218975
0.0212648
0.0205136
0.019601
0.018633
0.0176141
0.0164485
0.0152789
0.0141215
0.0129384
0.0117549
0.0105908
0.00947548
0.00837599
0.00725917
0.00603885
0.0234276
0.0230621
0.0227752
0.0225355
0.0223089
0.0219869
0.0215632
0.0209945
0.0203315
0.0195744
0.0186995
0.0177939
0.0168615
0.0158428
0.0148399
0.0138637
0.012884
0.0119201
0.0109875
0.0101031
0.0092368
0.00836029
0.00741118
0.0228798
0.0226045
0.0223028
0.0219809
0.0216391
0.0212344
0.0207563
0.0201691
0.0195082
0.0187805
0.0179735
0.0171531
0.0163225
0.015444
0.0145885
0.0137641
0.0129493
0.0121606
0.0114105
0.0107073
0.0100244
0.00933786
0.00860179
0.0223455
0.0221177
0.0218078
0.0214385
0.0210219
0.0205535
0.0200343
0.0194432
0.0188028
0.0181225
0.0173964
0.0166702
0.0159456
0.0151962
0.0144683
0.0137686
0.0130858
0.0124345
0.0118243
0.0112592
0.0107179
0.0101794
0.00961077
0.021836
0.02163
0.021315
0.020921
0.0204657
0.0199601
0.0194173
0.0188328
0.018222
0.0175945
0.0169482
0.0163109
0.0156819
0.0150439
0.0144246
0.0138296
0.0132546
0.0127116
0.0122077
0.0117453
0.0113084
0.0108819
0.0104427
0.0213678
0.0211722
0.0208538
0.0204478
0.0199778
0.0194589
0.0189105
0.0183426
0.0177652
0.0171869
0.0166091
0.0160471
0.0154989
0.0149533
0.0144259
0.0139206
0.0134355
0.0129782
0.012554
0.0121648
0.0118013
0.0114542
0.0111089
0.0209656
0.0207764
0.020458
0.0200476
0.0195754
0.0190585
0.0185161
0.0179667
0.0174194
0.0168792
0.0163516
0.0158472
0.0153625
0.0148904
0.0144386
0.0140096
0.0136022
0.0132185
0.012859
0.0125237
0.0122099
0.0119154
0.011635
0.0206565
0.0204702
0.0201547
0.0197458
0.0192774
0.0187698
0.018239
0.0177082
0.0171879
0.0166802
0.0161909
0.0157279
0.0152885
0.0148669
0.0144638
0.0140817
0.0137217
0.0133847
0.0130698
0.0127752
0.0124992
0.012242
0.0120036
0.0204889
0.0203059
0.0199893
0.0195765
0.0191063
0.0186014
0.0180763
0.0175535
0.017046
0.0165567
0.0160904
0.0156532
0.0152431
0.0148535
0.0144809
0.0141277
0.0137976
0.0134922
0.0132097
0.0129469
0.012701
0.0124728
0.0122656
0.023961
0.00149039
-0.0244745
-0.0482255
-0.0702473
-0.0910528
-0.110137
-0.126348
0.0132841
-0.00765284
-0.0322734
-0.0531576
-0.0692467
-0.0831465
-0.0953053
-0.105306
0.00436235
-0.0119246
-0.0322465
-0.0488268
-0.060062
-0.0692058
-0.0774163
-0.084526
-0.00239801
-0.0153998
-0.0316046
-0.0448634
-0.0532911
-0.0593225
-0.0643466
-0.0685416
-0.00670606
-0.016932
-0.0290477
-0.0388388
-0.044864
-0.0486743
-0.0516492
-0.0542027
-0.00935866
-0.0172861
-0.0255992
-0.0324213
-0.0368419
-0.0394674
-0.0412894
-0.0427391
-0.010383
-0.0164065
-0.0216687
-0.0259872
-0.0290973
-0.0310112
-0.0321951
-0.0329837
-0.00988141
-0.0143661
-0.0175285
-0.0200679
-0.022154
-0.023591
-0.0244511
-0.0249031
-0.00833542
-0.0116386
-0.013437
-0.0148063
-0.0161294
-0.0171821
-0.0178321
-0.0181149
-0.00619785
-0.00861902
-0.00956319
-0.0101915
-0.0109692
-0.0117131
-0.0122103
-0.0124143
-0.00380508
-0.00557256
-0.0059992
-0.00617982
-0.0065862
-0.00709298
-0.00747397
-0.00763782
-0.00136887
-0.00265139
-0.00277979
-0.00271089
-0.00287841
-0.00320668
-0.0034914
-0.00362548
0.000968346
5.01013e-05
8.29882e-05
0.000272231
0.000242479
3.62019e-05
-0.000177712
-0.000297842
0.00309327
0.00244552
0.00255944
0.00280317
0.00286007
0.00274342
0.00258319
0.0024687
0.00497417
0.00451961
0.00466526
0.00492028
0.00502413
0.00496501
0.00483909
0.00472434
0.00660786
0.00629101
0.00643705
0.0066693
0.00678137
0.00675139
0.00664761
0.00653405
0.00799913
0.00777793
0.00790515
0.00809663
0.00819416
0.0081741
0.00808345
0.00797236
0.00916146
0.00900507
0.00910272
0.0092453
0.0093156
0.00929208
0.00920667
0.00909759
0.0101092
0.00999521
0.0100588
0.0101509
0.0101885
0.010154
0.0100691
0.00996213
0.0108571
0.0107669
0.0107957
0.0108408
0.0108454
0.010797
0.0107101
0.0106053
0.0114362
0.0113523
0.0113432
0.0113433
0.0113162
0.0112534
0.0111641
0.0110621
0.0118352
0.0117491
0.0117071
0.0116702
0.0116173
0.0115428
0.0114521
0.0113537
0.0121098
0.0120031
0.0119152
0.0118351
0.0117545
0.0116691
0.0115793
0.0114873
-0.39783
-0.409109
-0.425097
-0.445643
-0.472036
-0.505333
-0.540562
-0.570586
-0.396401
-0.406373
-0.420027
-0.437556
-0.459521
-0.486241
-0.516158
-0.542507
-0.39041
-0.400778
-0.41338
-0.428758
-0.447954
-0.469029
-0.4875
-0.498945
-0.381597
-0.393061
-0.405007
-0.417418
-0.430247
-0.441447
-0.447595
-0.445927
-0.372313
-0.383793
-0.393307
-0.400352
-0.405125
-0.40692
-0.403985
-0.394252
-0.364372
-0.37323
-0.377882
-0.378598
-0.376521
-0.371714
-0.362963
-0.348365
-0.358818
-0.361957
-0.360147
-0.355003
-0.347901
-0.338758
-0.326318
-0.308802
-0.355325
-0.350284
-0.341614
-0.331635
-0.320841
-0.308823
-0.293987
-0.274759
-0.352098
-0.337872
-0.323167
-0.309293
-0.295808
-0.281781
-0.265422
-0.245258
-0.346837
-0.32428
-0.304955
-0.288095
-0.272675
-0.257297
-0.240051
-0.219548
-0.337798
-0.30914
-0.286803
-0.267728
-0.251197
-0.234938
-0.217382
-0.196992
-0.323915
-0.292675
-0.268116
-0.248122
-0.230928
-0.21439
-0.196951
-0.17709
-0.30741
-0.274133
-0.248986
-0.228914
-0.211593
-0.195381
-0.178395
-0.159462
-0.28549
-0.253163
-0.22937
-0.20993
-0.193352
-0.177587
-0.161484
-0.14365
-0.259739
-0.232153
-0.20925
-0.191919
-0.175549
-0.160593
-0.145362
-0.129245
-0.438528
-0.435113
-0.43018
-0.422772
-0.413468
-0.403872
-0.395987
-0.393188
-0.438838
-0.432928
-0.425935
-0.417444
-0.408367
-0.400062
-0.393788
-0.391836
-0.43936
-0.432218
-0.42369
-0.413213
-0.402162
-0.392556
-0.385967
-0.384749
-0.442731
-0.434398
-0.423832
-0.410045
-0.394838
-0.381688
-0.373551
-0.373407
-0.449665
-0.440502
-0.427568
-0.409673
-0.389039
-0.371009
-0.360892
-0.362048
-0.46068
-0.45146
-0.436001
-0.413716
-0.387344
-0.364206
-0.352319
-0.354508
-0.476177
-0.466744
-0.450036
-0.423394
-0.391577
-0.364096
-0.351273
-0.352395
-0.496845
-0.489567
-0.470741
-0.439601
-0.40313
-0.372418
-0.358624
-0.355902
-0.522366
-0.518514
-0.498008
-0.462364
-0.422449
-0.388688
-0.372564
-0.362824
-0.551993
-0.552642
-0.530634
-0.490688
-0.447309
-0.413126
-0.389618
-0.368923
-0.58433
-0.590164
-0.566174
-0.522231
-0.476488
-0.438048
-0.404629
-0.371291
-0.617112
-0.628203
-0.602553
-0.555922
-0.506963
-0.46077
-0.413738
-0.365869
-0.647843
-0.662786
-0.634706
-0.584931
-0.530175
-0.472567
-0.41164
-0.352969
-0.672887
-0.690934
-0.660145
-0.606516
-0.542829
-0.472175
-0.399927
-0.334593
-0.689267
-0.707435
-0.672754
-0.611057
-0.534434
-0.451235
-0.375101
-0.312004
-0.684042
-0.704273
-0.659197
-0.579885
-0.487854
-0.396056
-0.329648
-0.290021
-0.565475
-0.58653
-0.551717
-0.490158
-0.422154
-0.356401
-0.309537
-0.277004
-0.390246
-0.40754
-0.390958
-0.357038
-0.32135
-0.288016
-0.264034
-0.243893
-0.267785
-0.261856
-0.25078
-0.238289
-0.226127
-0.212457
-0.204433
-0.200055
-0.214806
-0.194502
-0.179774
-0.168319
-0.160147
-0.154445
-0.15073
-0.152619
-0.217621
-0.173413
-0.143497
-0.130969
-0.12625
-0.123158
-0.118234
-0.121731
-0.227235
-0.162557
-0.112432
-0.090724
-0.0913045
-0.0943341
-0.0932098
-0.0904882
-0.201473
-0.150496
-0.100756
-0.0714203
-0.0678072
-0.078559
-0.0879398
-0.0804926
-0.162362
-0.139877
-0.118376
-0.101709
-0.0965536
-0.10596
-0.107107
-0.107892
-0.141766
-0.138279
-0.135542
-0.132722
-0.129652
-0.134621
-0.134478
-0.138816
-0.132804
-0.136092
-0.140258
-0.145494
-0.143941
-0.140916
-0.127108
-0.113523
-0.115353
-0.12762
-0.142961
-0.159324
-0.168081
-0.16415
-0.151089
-0.133077
-0.114402
-0.131368
-0.152133
-0.174566
-0.186902
-0.186448
-0.179276
-0.149954
-0.126677
-0.133576
-0.144458
-0.154102
-0.163553
-0.164413
-0.166395
-0.146566
-0.148982
-0.148941
-0.148237
-0.146387
-0.144736
-0.140062
-0.13797
-0.128189
-0.141643
-0.142397
-0.141274
-0.137413
-0.131779
-0.124052
-0.118088
-0.110019
-0.121474
-0.12356
-0.12406
-0.122289
-0.117739
-0.10984
-0.0992937
-0.0877577
-0.112269
-0.120023
-0.126718
-0.131693
-0.134029
-0.13275
-0.127119
-0.117087
-0.133913
-0.142036
-0.148741
-0.153803
-0.15637
-0.155765
-0.152206
-0.145183
-0.146392
-0.152741
-0.157889
-0.161992
-0.164434
-0.166047
-0.164425
-0.164389
-0.139429
-0.142127
-0.142705
-0.142759
-0.141691
-0.141236
-0.13815
-0.137268
-0.108541
-0.0978253
-0.0874309
-0.0782328
-0.0704932
-0.0655067
-0.0613415
-0.0608617
-0.130816
-0.11263
-0.093906
-0.076207
-0.0601574
-0.0465077
-0.0357999
-0.0274032
-0.123592
-0.112471
-0.100379
-0.0876453
-0.0748134
-0.0625982
-0.0518464
-0.042244
-0.13873
-0.131535
-0.121364
-0.108476
-0.0935416
-0.077171
-0.0580159
-0.0383718
-0.20206
-0.217689
-0.228835
-0.234307
-0.234154
-0.228218
-0.218068
-0.204432
-0.23262
-0.253089
-0.26531
-0.269586
-0.26563
-0.254918
-0.238597
-0.21968
-0.100076
-0.0881052
-0.0761741
-0.0662737
-0.0584725
-0.0532038
-0.0486559
-0.0478414
-0.067069
-0.0549736
-0.042432
-0.0305174
-0.0197252
-0.0104242
-0.00390147
0.00220582
-0.0536695
-0.0504717
-0.0462177
-0.0412508
-0.0358968
-0.0304633
-0.0250793
-0.0195867
-0.0420369
-0.0430901
-0.0431436
-0.0421944
-0.0403291
-0.0377772
-0.0347747
-0.0314129
-0.0248989
-0.0248358
-0.0244807
-0.0238973
-0.0230877
-0.0221567
-0.0210133
-0.0199667
-0.00836945
-0.0075767
-0.00687643
-0.00631225
-0.00590026
-0.00566265
-0.00558041
-0.00562694
-0.00847149
-0.00819367
-0.00790228
-0.00760482
-0.00730836
-0.00701975
-0.0067399
-0.00646603
-0.00700967
-0.0071186
-0.00715779
-0.00712345
-0.00701756
-0.0068487
-0.00663029
-0.00637459
-0.00425821
-0.00424314
-0.00421726
-0.00418107
-0.00413207
-0.00407791
-0.00399142
-0.00388191
-0.00243981
-0.00239368
-0.00235799
-0.00233095
-0.00230709
-0.0022803
-0.00223952
-0.00218067
-0.000700725
-0.000671545
-0.000646705
-0.000626542
-0.000611297
-0.000600755
-0.000594216
-0.000592427
-0.252415
-0.185835
-0.145497
-0.111728
-0.0823332
-0.0613578
-0.0444198
-0.0308947
-0.0206594
-0.0126857
-0.00640051
-0.00159792
0.00206691
0.0050217
0.00731039
0.00909839
0.0104744
0.0115231
0.012313
0.0128904
0.0132911
0.0135471
0.013673
-0.249597
-0.188869
-0.15144
-0.115902
-0.0868495
-0.0651285
-0.0473171
-0.0335129
-0.0228572
-0.0144657
-0.0078783
-0.00278066
0.00107125
0.00423357
0.00669318
0.00861524
0.0100977
0.0112318
0.0120846
0.0127077
0.0131408
0.0134166
0.0135523
-0.215574
-0.161956
-0.134622
-0.103381
-0.0790828
-0.0599296
-0.0440751
-0.0316991
-0.0218995
-0.0140643
-0.00786282
-0.00288568
0.000778786
0.00394195
0.00641138
0.0083511
0.00986309
0.0110273
0.0119067
0.0125521
0.0130015
0.0132879
0.0134293
-0.171421
-0.126976
-0.108109
-0.0804297
-0.0630148
-0.0479743
-0.0356396
-0.0259557
-0.0180662
-0.0116353
-0.00639339
-0.0020388
0.00128045
0.00417212
0.00648408
0.00832912
0.00978972
0.0109251
0.0117892
0.0124274
0.0128747
0.0131612
0.0133033
-0.129342
-0.0940778
-0.0793944
-0.0560357
-0.0443462
-0.0334688
-0.0249945
-0.0183855
-0.012798
-0.00809458
-0.00404924
-0.000566775
0.00227228
0.00476254
0.00681269
0.00848979
0.00984079
0.0109041
0.0117231
0.0123331
0.0127631
0.0130398
0.0131774
-0.0996929
-0.0699941
-0.0545106
-0.0340683
-0.0263514
-0.0185893
-0.0138722
-0.0102554
-0.00706388
-0.00413575
-0.00136359
0.0011881
0.00345487
0.00550881
0.00726558
0.00874394
0.00995704
0.0109274
0.0116835
0.0122514
0.0126554
0.0129176
0.0130489
-0.0710419
-0.0470828
-0.0298433
-0.0125149
-0.00814745
-0.00367861
-0.0028366
-0.00219416
-0.00137448
-0.000172841
0.00133531
0.00299237
0.00467358
0.00629011
0.00774897
0.00901635
0.0100837
0.010956
0.0116465
0.0121724
0.0125503
0.0127969
0.012921
-0.0452976
-0.0186147
0.00593757
0.0166959
0.0154947
0.0131146
0.00870759
0.00580357
0.0041363
0.00366145
0.00395877
0.00477781
0.00585557
0.00705104
0.0082232
0.00928539
0.0102124
0.0109888
0.0116129
0.0120939
0.012443
0.0126736
0.0127907
-0.0596738
-0.00868408
0.0386883
0.0421993
0.0373422
0.0283888
0.0195714
0.0133374
0.00935151
0.00730542
0.00648333
0.00653334
0.00706582
0.00785171
0.00873875
0.00958499
0.010364
0.011037
0.01159
0.0120238
0.012343
0.0125543
0.0126621
-0.0846964
-0.00549187
0.0505937
0.0569081
0.049094
0.0372055
0.0263776
0.0185526
0.013299
0.010249
0.00872272
0.00816092
0.00823924
0.00866005
0.00926912
0.0099207
0.0105519
0.011116
0.0115903
0.0119676
0.0122473
0.0124352
0.0125318
-0.0745755
-0.0096508
0.0394133
0.0515051
0.0456408
0.0360452
0.0270299
0.0202913
0.0154204
0.0123134
0.0104616
0.00958015
0.00936516
0.00946571
0.00982069
0.0102752
0.0107533
0.0112028
0.0115946
0.0119141
0.0121558
0.0123185
0.0124023
-0.10677
-0.0623326
-0.0159247
0.0135983
0.0234069
0.0241195
0.0215747
0.0181673
0.0153409
0.0131723
0.0116278
0.0106995
0.0102697
0.0101856
0.0103429
0.0106282
0.0109647
0.0113017
0.0116082
0.0118663
0.0120638
0.0122
0.0122708
-0.13884
-0.114336
-0.0683467
-0.0244671
-0.00368704
0.010021
0.0142073
0.0151292
0.0147045
0.0134886
0.0125153
0.0116553
0.0111301
0.0108892
0.0108576
0.0109734
0.0111677
0.0113943
0.0116168
0.0118137
0.0119709
0.0120801
0.0121373
-0.141826
-0.10841
-0.0730901
-0.037734
-0.0146332
0.000730846
0.0088351
0.012826
0.0141702
0.0138672
0.0133602
0.0125109
0.0119425
0.0115923
0.0114152
0.0113737
0.0114239
0.0115304
0.0116569
0.011782
0.0118868
0.0119623
0.0120027
-0.113522
-0.0838721
-0.0585256
-0.0305653
-0.0143808
0.0009434
0.00736982
0.0125774
0.0139571
0.0145158
0.0142369
0.0134156
0.0127912
0.0122844
0.0119419
0.0117466
0.0116653
0.0116603
0.0116943
0.0117456
0.0117981
0.0118395
0.0118625
-0.0926434
-0.0652486
-0.0424857
-0.0163788
-0.0043156
0.00993574
0.0132099
0.0171583
0.0164467
0.016283
0.0152285
0.0143085
0.0135571
0.0129415
0.0124682
0.0121354
0.0119244
0.0118029
0.0117399
0.0117165
0.011714
0.0117183
0.0117217
-0.0749756
-0.0515295
-0.0293733
-0.00551278
0.00803291
0.0180388
0.0202697
0.0217244
0.0197594
0.0185934
0.016706
0.0153597
0.0142507
0.0134583
0.0128572
0.012424
0.0121179
0.0119073
0.0117617
0.0116679
0.0116121
0.0115824
0.0115685
-0.104952
-0.0818614
-0.047706
-0.0136965
0.0161628
0.0238073
0.0257557
0.0239603
0.0211067
0.0191389
0.0172701
0.0159691
0.0148181
0.0139418
0.0132529
0.01273
0.0123243
0.0120186
0.0117851
0.011622
0.0115151
0.0114479
0.0114138
-0.132664
-0.119709
-0.0809224
-0.0388424
0.00544291
0.0129047
0.0210306
0.0210597
0.0199013
0.0185113
0.0170933
0.015974
0.0149698
0.0141751
0.0135202
0.012977
0.0125027
0.0121125
0.0117966
0.011561
0.0113958
0.0112918
0.0112391
-0.150386
-0.136575
-0.0970803
-0.0547774
-0.01624
0.000196083
0.010146
0.0143215
0.0160409
0.0164397
0.0160678
0.0154309
0.0147456
0.0141789
0.0136503
0.0131286
0.0126064
0.0121412
0.0117594
0.0114694
0.0112634
0.0111279
0.0110576
-0.126847
-0.108885
-0.0741956
-0.0392234
-0.0137977
-0.00163934
0.00652947
0.0114991
0.0143794
0.015614
0.0157428
0.0152094
0.0147324
0.0142555
0.0137825
0.0132478
0.0126773
0.0121524
0.0117039
0.0113543
0.011101
0.010934
0.0108475
-0.0592725
-0.0422897
-0.0213344
-0.00752616
-0.00326044
-0.000288663
0.00560786
0.0104091
0.0134212
0.0148267
0.0151912
0.0150493
0.0147886
0.0143867
0.0138968
0.0132776
0.0126439
0.0120642
0.0115748
0.0111915
0.0109108
0.0107207
0.0106201
-0.0241972
-0.0180104
-0.015
0.00490437
-0.000442322
0.00365392
0.00963131
0.0147714
0.0158408
0.0165489
0.0160481
0.0156371
0.0150661
0.0145091
0.0138855
0.0132146
0.0125588
0.011946
0.0114177
0.0109987
0.0106863
0.0104717
0.0103579
-0.0363892
-0.0226136
-0.0131289
-0.000513818
0.00653546
0.0135639
0.0174432
0.0199956
0.0195354
0.0193837
0.0182019
0.0172604
0.0159943
0.0149283
0.0139239
0.0130633
0.0123198
0.0116822
0.0111503
0.0107259
0.0104051
0.0101817
0.0100623
-0.0304134
-0.0142787
0.000764861
0.0152686
0.0248011
0.0292248
0.029634
0.0260916
0.0228237
0.0206641
0.0188212
0.0172949
0.015746
0.014624
0.0136681
0.0128413
0.012078
0.0114096
0.0108494
0.0104107
0.0100818
0.00985068
0.00972716
-0.180621
-0.142022
-0.0930519
-0.0402126
0.00883717
0.0361018
0.0430711
0.0331882
0.028374
0.0238636
0.0207069
0.0179241
0.0158389
0.0143772
0.0132999
0.0124141
0.0116439
0.0109877
0.0104415
0.0100128
0.00968616
0.00945908
0.00933729
-0.191711
-0.167717
-0.120049
-0.0647991
-0.0135416
0.0155401
0.0225802
0.0212956
0.0202996
0.0187839
0.0172438
0.0156968
0.014475
0.0135207
0.0126851
0.0118657
0.0111199
0.0104687
0.00994567
0.00953812
0.00923376
0.00901917
0.00890206
-0.0442563
-0.0280166
-0.00783125
0.00852708
0.018372
0.0198925
0.0152816
0.0126306
0.0123638
0.0132763
0.0136082
0.0134127
0.0127513
0.0121073
0.011469
0.0108683
0.010297
0.00978043
0.00933862
0.00898468
0.00870836
0.00851138
0.00840201
0.00208541
0.00603144
0.0059731
0.0087736
0.0119788
0.0143047
0.0138294
0.0130019
0.0120606
0.0121432
0.0121561
0.012115
0.0115928
0.0110206
0.0103981
0.00984252
0.00934648
0.00893021
0.00858755
0.00831693
0.0081023
0.00794048
0.00784919
-0.0150384
-0.0097788
-0.00516582
-0.000610985
0.00313833
0.00527425
0.0058023
0.00557679
0.00563804
0.00616117
0.00688706
0.0076638
0.00819768
0.00854188
0.0085993
0.00847944
0.00825964
0.00802212
0.00779441
0.00759653
0.00743015
0.00730038
0.00722526
-0.0269474
-0.0216897
-0.0153156
-0.00898887
-0.00293845
0.00104189
0.00387122
0.00446037
0.00508887
0.00535797
0.00564341
0.0059171
0.00624848
0.0066281
0.00688816
0.00700246
0.00698561
0.0069218
0.00682713
0.00675156
0.006668
0.00658828
0.00653904
-0.0180177
-0.0154946
-0.0125674
-0.00958076
-0.00646885
-0.00381809
-0.00171701
-0.000198119
0.00104814
0.00205243
0.0028904
0.00358069
0.00416169
0.00470892
0.00518444
0.0055439
0.00575832
0.00585532
0.00588139
0.00588776
0.00586871
0.0058224
0.00579311
-0.0059193
-0.00599363
-0.00631238
-0.00678247
-0.00703719
-0.00685609
-0.00601746
-0.00464958
-0.00294596
-0.00139182
1.43422e-06
0.00119035
0.00213996
0.00292806
0.00352524
0.00402112
0.00439594
0.00467454
0.0048425
0.00495867
0.00500526
0.00500156
0.00499297
-0.0061614
-0.00574217
-0.00532666
-0.00484082
-0.00423609
-0.00346316
-0.00251389
-0.00186655
-0.000985843
-0.000194414
0.000558674
0.00122943
0.00174593
0.00226568
0.00265297
0.00302998
0.00333731
0.0036072
0.0038171
0.0039828
0.00408083
0.00411947
0.00413877
-0.00600843
-0.00552451
-0.00499197
-0.00441089
-0.00379657
-0.00319414
-0.00259698
-0.00208663
-0.00153613
-0.00096908
-0.000365573
0.000233466
0.000798844
0.00132704
0.00176273
0.00213685
0.00244661
0.00270615
0.00291995
0.00308579
0.00318569
0.00323033
0.00325422
-0.00368989
-0.0034009
-0.00304203
-0.00262206
-0.00217439
-0.00177026
-0.00144418
-0.00125482
-0.00102011
-0.000733341
-0.000374883
3.55176e-05
0.000452899
0.000875578
0.00121896
0.00150052
0.00168222
0.0018751
0.00202123
0.00216684
0.00225434
0.00231282
0.00234431
-0.00205972
-0.00185227
-0.00155974
-0.0011869
-0.00077213
-0.000400576
-0.000123455
3.36349e-05
0.000160603
0.000283272
0.00040519
0.000524725
0.000614066
0.000752615
0.000877053
0.00101274
0.00110823
0.00118825
0.00124083
0.00130033
0.00134295
0.00138348
0.00140857
-0.000587564
-0.00057493
-0.000554396
-0.000523709
-0.000480872
-0.000431163
-0.000366915
-0.000289468
-0.000174641
-6.23801e-05
3.89166e-05
0.000116349
0.000163653
0.000211397
0.000250586
0.000308135
0.000358613
0.000401739
0.000429534
0.000455339
0.000465977
0.000470434
0.00047506
-0.111482
-0.0921799
-0.0739262
-0.0589169
-0.0457882
-0.0352444
-0.0259857
-0.0181864
-0.0117547
-0.00635983
-0.00190633
0.00172463
0.00468741
0.00707338
0.00897659
0.0104752
0.0116393
0.0125313
0.0132016
0.0136939
0.0140322
0.014241
0.0143396
-0.123742
-0.100598
-0.0794129
-0.062201
-0.0479896
-0.0366181
-0.0266249
-0.0184116
-0.0117728
-0.0062511
-0.00177643
0.00183031
0.00475267
0.00708686
0.00894536
0.0104095
0.0115518
0.0124322
0.013098
0.0135905
0.0139327
0.0141486
0.0142532
-0.137332
-0.11008
-0.0852009
-0.0655244
-0.0504308
-0.0382594
-0.0273513
-0.0187748
-0.0118816
-0.00617988
-0.00166052
0.00194475
0.00483962
0.00712754
0.00894383
0.0103713
0.0114882
0.0123518
0.0130088
0.0134978
0.0138404
0.0140604
0.0141689
-0.150131
-0.119432
-0.0913722
-0.0696848
-0.0540877
-0.0405312
-0.0285486
-0.0196422
-0.0123439
-0.00637864
-0.00174631
0.00193459
0.00485324
0.00713273
0.00893287
0.0103377
0.0114361
0.0122846
0.0129319
0.0134148
0.0137552
0.0139762
0.0140865
-0.16631
-0.130274
-0.0976176
-0.0746174
-0.0585097
-0.0428374
-0.0301725
-0.0209289
-0.0130852
-0.00684631
-0.00205552
0.00175581
0.00472962
0.00704028
0.00885888
0.0102679
0.0113668
0.0122115
0.0128557
0.0133356
0.0136742
0.0138948
0.0140055
-0.180387
-0.139935
-0.10365
-0.0808997
-0.0628875
-0.0450216
-0.0322429
-0.0224063
-0.0140029
-0.00755944
-0.00256742
0.00141059
0.00446155
0.00684243
0.00870678
0.0101455
0.0112643
0.0121193
0.01277
0.0132526
0.013593
0.0138148
0.013926
-0.199137
-0.149414
-0.111132
-0.0885016
-0.0669222
-0.0479585
-0.0349781
-0.0241058
-0.0152454
-0.00858249
-0.00330588
0.000847252
0.00399709
0.0064911
0.00843353
0.00993684
0.0111019
0.011989
0.0126624
0.0131594
0.0135085
0.013735
0.0138479
-0.220286
-0.161962
-0.123523
-0.0979974
-0.0721289
-0.0529559
-0.0387404
-0.0266402
-0.0173433
-0.0102202
-0.00453057
-0.000124234
0.00322555
0.00590684
0.00798461
0.00960168
0.0108502
0.0118007
0.0125191
0.0130466
0.0134156
0.0136532
0.0137706
0.0466456
0.0233938
0.0010342
-0.0217091
-0.0454335
-0.0682162
-0.0894958
-0.110911
0.0499693
0.0244198
-0.000822428
-0.02671
-0.0532559
-0.0789771
-0.103276
-0.124148
0.0527781
0.0232531
-0.00610131
-0.0353063
-0.0640612
-0.0913626
-0.116383
-0.138676
0.0542797
0.0202956
-0.0131867
-0.0454924
-0.0762812
-0.105049
-0.131317
-0.155131
0.0537907
0.0155715
-0.02174
-0.0571625
-0.0902991
-0.120942
-0.148812
-0.174006
0.0512306
0.00877597
-0.0323937
-0.0712115
-0.107143
-0.139994
-0.169512
-0.195862
0.0464852
-0.000643854
-0.0460676
-0.088658
-0.127704
-0.162882
-0.194016
-0.221284
0.0389765
-0.0135478
-0.0638022
-0.110557
-0.152931
-0.190454
-0.223099
-0.250984
0.0276298
-0.0311402
-0.086873
-0.138224
-0.184152
-0.224046
-0.257906
-0.285918
0.0109025
-0.0550551
-0.116977
-0.173372
-0.223069
-0.26532
-0.299988
-0.327361
-0.0133169
-0.0875301
-0.156503
-0.218424
-0.271903
-0.316481
-0.35125
-0.376771
-0.0479446
-0.131441
-0.208463
-0.276866
-0.334516
-0.380126
-0.413263
-0.434814
-0.0977986
-0.191479
-0.27622
-0.350986
-0.41143
-0.456156
-0.48507
-0.498998
-0.166518
-0.272703
-0.367422
-0.443304
-0.500338
-0.538445
-0.557345
-0.558048
-0.229035
-0.339558
-0.431995
-0.504453
-0.555669
-0.585721
-0.596338
-0.590411
0.184005
0.180714
0.173273
0.161676
0.145985
0.126547
0.103805
0.0769653
0.198662
0.194422
0.185241
0.171333
0.153055
0.130435
0.105304
0.0775325
0.215076
0.209958
0.199303
0.183445
0.163149
0.138297
0.111133
0.0826009
0.233677
0.227827
0.215904
0.198204
0.175924
0.14897
0.118973
0.0877038
0.254519
0.247938
0.234683
0.214915
0.1901
0.160432
0.126754
0.0913672
0.277477
0.270004
0.255114
0.232871
0.204782
0.171575
0.133618
0.0933655
0.302447
0.293851
0.276907
0.251717
0.219655
0.182081
0.13932
0.0937231
0.329383
0.319428
0.299967
0.271294
0.234613
0.191828
0.143587
0.0920588
0.358205
0.346655
0.324172
0.291369
0.249367
0.200439
0.14577
0.087462
0.388652
0.375231
0.349148
0.311405
0.263203
0.207042
0.144741
0.0785454
0.420124
0.404475
0.374101
0.330401
0.274857
0.210155
0.138782
0.0633448
0.451428
0.43309
0.397585
0.346686
0.282358
0.207538
0.125379
0.0390658
0.48054
0.458906
0.417181
0.357493
0.28254
0.195614
0.100595
0.00133388
0.503408
0.477925
0.429026
0.358949
0.271309
0.170063
0.0601065
-0.0538904
0.522133
0.492859
0.437209
0.358042
0.258781
0.143899
0.0198894
-0.106955
0.025119
0.0251485
0.0251878
0.0252358
0.0252922
0.0253487
0.0254353
0.0254986
0.0295257
0.0295204
0.0294896
0.0294353
0.029361
0.0292682
0.0291602
0.0290445
0.0258583
0.0258995
0.0259624
0.0260359
0.0261266
0.0262211
0.0263233
0.0264226
0.029764
0.0297583
0.0297228
0.0296607
0.029576
0.0294748
0.0293638
0.0292515
0.0273111
0.0273656
0.0274464
0.0275467
0.0276636
0.02779
0.027921
0.0280596
0.0315886
0.0315862
0.0315484
0.0314827
0.0313946
0.0312939
0.0311782
0.0310875
0.0298111
0.0298802
0.0299809
0.0301068
0.030252
0.0304117
0.0305683
0.0307471
0.0341872
0.0341944
0.0341647
0.0341041
0.0340153
0.0339256
0.0338077
0.0337743
0.0335011
0.0335826
0.0337022
0.0338416
0.0339951
0.0341736
0.0343136
0.0345483
0.0379662
0.0380137
0.0380098
0.0379918
0.0379342
0.0379212
0.0378189
0.0379057
0.0387023
0.0388006
0.0389397
0.0390904
0.0392404
0.0394442
0.0395459
0.0398663
0.0434614
0.0435145
0.0434988
0.0435263
0.0434056
0.0435561
0.0433022
0.0437894
0.0459566
0.0460857
0.046208
0.0463902
0.0464812
0.0467552
0.0467652
0.0471601
0.0515408
0.0517044
0.0517037
0.0518315
0.0516715
0.0518961
0.0515472
0.0521076
0.0561793
0.0562601
0.0562817
0.0563657
0.0562462
0.0563691
0.0559908
0.0563667
0.0634109
0.0635526
0.0635295
0.0636949
0.0633541
0.0635893
0.0626497
0.0632262
0.0707829
0.0708239
0.0706526
0.0704107
0.0697376
0.0693677
0.068154
0.067959
0.0806917
0.08069
0.0804563
0.0801636
0.0790944
0.0786245
0.0764803
0.076245
0.0917426
0.0915198
0.0908182
0.0897515
0.0879276
0.0861339
0.0831429
0.0807897
0.105676
0.105327
0.104282
0.102645
0.0998769
0.0970414
0.0922649
0.0885493
0.121572
0.120712
0.118754
0.115577
0.111028
0.105433
0.0984548
0.0902103
0.141113
0.139857
0.136953
0.132142
0.125299
0.116793
0.105651
0.0934072
0.163564
0.161419
0.156466
0.148489
0.137243
0.123404
0.106469
0.0857388
0.0255774
0.0256832
0.0258175
0.0259815
0.0261793
0.0264057
0.0266127
0.0267778
0.0268745
0.0268847
0.0267957
0.0266038
0.0263164
0.0259516
0.0255376
0.0251014
0.0246618
0.0242298
0.0238139
0.0234262
0.0230871
0.0228217
0.0226608
0.0288827
0.02865
0.0283497
0.0279727
0.0275117
0.0270407
0.026603
0.0262164
0.0259018
0.0256694
0.0255163
0.0254239
0.0253639
0.0252644
0.0250702
0.024783
0.0244307
0.0240426
0.0236468
0.0232666
0.0229308
0.0226684
0.0225087
0.0265538
0.0267207
0.026916
0.0271417
0.0273511
0.0274631
0.0274749
0.0273908
0.0271987
0.0269003
0.0265148
0.0260762
0.0256457
0.0252644
0.0249197
0.0245795
0.0242074
0.0238054
0.0233973
0.02301
0.02267
0.0224097
0.0222549
0.0290698
0.0288132
0.0284892
0.0281164
0.0278012
0.0275425
0.0273314
0.0271514
0.0269878
0.0268195
0.0266138
0.0263115
0.0258863
0.0253854
0.0249059
0.0244427
0.0239844
0.0235283
0.0230866
0.0226814
0.0223335
0.0220732
0.0219258
0.0282039
0.0283644
0.0285494
0.0287113
0.0287719
0.0287489
0.0286228
0.0283854
0.0280445
0.0276176
0.0271464
0.0266541
0.0261294
0.0255532
0.0249455
0.0243364
0.0237554
0.0232178
0.0227285
0.0222998
0.0219415
0.0216801
0.0215413
0.0308797
0.0305313
0.0301072
0.0297315
0.0294016
0.0290947
0.0288059
0.0285172
0.0282114
0.0278387
0.0273827
0.0268456
0.0262447
0.0255798
0.0248695
0.0241565
0.0234795
0.0228656
0.0223287
0.0218772
0.0215115
0.0212514
0.0211217
0.0308997
0.0310036
0.0311041
0.0310671
0.0309202
0.030649
0.0302494
0.0297292
0.0291208
0.0284574
0.0277559
0.0270229
0.0262638
0.0254794
0.02468
0.0238893
0.0231417
0.0224688
0.0218923
0.0214233
0.0210568
0.0208023
0.0206817
0.033504
0.0330749
0.0326028
0.0321725
0.0317444
0.0312954
0.0308213
0.0302676
0.0296187
0.0288618
0.0280103
0.0270975
0.0261633
0.0252418
0.0243505
0.0234999
0.0227133
0.0220138
0.0214214
0.0209477
0.0205887
0.0203418
0.020228
0.0345964
0.034507
0.0343405
0.0340636
0.0336247
0.0330138
0.0322405
0.0313448
0.0303571
0.0293
0.0281922
0.0270593
0.0259387
0.0248706
0.0238827
0.0229836
0.0221833
0.0214903
0.0209117
0.0204544
0.020116
0.0198813
0.0197725
0.0376721
0.0369317
0.0363278
0.0355395
0.0347883
0.0339423
0.0329881
0.0319093
0.0307124
0.0294312
0.0281048
0.0267837
0.025518
0.024346
0.0232924
0.0223686
0.0215782
0.0209156
0.020374
0.0199511
0.019648
0.019433
0.0193296
0.0397946
0.0392872
0.0387154
0.0379332
0.0369113
0.0356961
0.0343284
0.0328404
0.0312662
0.0296486
0.028037
0.026487
0.025053
0.0237681
0.0226522
0.0217124
0.0209438
0.0203251
0.0198311
0.0194497
0.0191864
0.0189953
0.0189011
0.0432253
0.0422088
0.0410954
0.0398527
0.0384807
0.0369458
0.0352278
0.0333589
0.0314074
0.0294528
0.0275743
0.0258423
0.0242969
0.0229619
0.021844
0.0209397
0.0202339
0.0196912
0.0192667
0.018941
0.0187211
0.0185592
0.0184796
0.0467102
0.0455372
0.0441339
0.0423938
0.0403538
0.0381172
0.035768
0.0333757
0.0310163
0.0287659
0.0266991
0.0248628
0.023283
0.0219689
0.0209089
0.0200854
0.0194726
0.0190259
0.0186869
0.0184288
0.0182566
0.0181285
0.0180656
0.050891
0.0489018
0.0467503
0.0444039
0.0418534
0.0390881
0.0361909
0.0333012
0.0305368
0.0279975
0.0257498
0.0238272
0.0222368
0.0209638
0.0199783
0.0192462
0.0187279
0.018373
0.0181184
0.0179297
0.0178056
0.0177142
0.0176677
0.0551883
0.0527658
0.0499919
0.0467761
0.0433024
0.0397197
0.0361526
0.0327324
0.0295918
0.0268153
0.0244509
0.0225138
0.0209836
0.0198167
0.0189594
0.018356
0.017954
0.0177034
0.0175451
0.0174358
0.0173675
0.0173212
0.0172941
0.0606384
0.0567225
0.0525643
0.0481898
0.0436745
0.0392002
0.0349822
0.0311654
0.0278245
0.0249957
0.0226871
0.0208751
0.0195112
0.0185317
0.0178621
0.0174272
0.0171644
0.0170293
0.0169744
0.0169506
0.0169444
0.0169502
0.0169459
0.0649886
0.0601854
0.0549239
0.0493724
0.0438116
0.0384708
0.0335948
0.0293444
0.0257847
0.0229277
0.0207306
0.0191103
0.0179716
0.0172205
0.016764
0.0165144
0.0164005
0.016382
0.016426
0.0164849
0.0165405
0.0165993
0.0166194
0.0708027
0.0633534
0.0559966
0.0489121
0.0422754
0.0362892
0.031086
0.0267157
0.023201
0.020512
0.0185598
0.0172229
0.0163729
0.0158912
0.0156722
0.0156221
0.0156665
0.0157684
0.0159068
0.0160437
0.0161589
0.0162666
0.0163108
0.0743272
0.0652778
0.0561642
0.0475555
0.0398026
0.0331944
0.0277677
0.0234622
0.0201912
0.0178311
0.0162371
0.0152563
0.0147389
0.0145529
0.0145875
0.0147476
0.0149603
0.01519
0.0154231
0.0156344
0.015806
0.0159551
0.0160215
0.0779379
0.0647405
0.0535093
0.043789
0.0355064
0.0287082
0.0233529
0.0193497
0.0165385
0.0147018
0.0136252
0.0131152
0.013005
0.0131613
0.0134786
0.0138683
0.0142655
0.0146358
0.0149715
0.0152586
0.0154865
0.0156717
0.0157592
0.0769275
0.0616936
0.0487529
0.0380586
0.0295247
0.0229481
0.0180531
0.0146332
0.0124645
0.0112832
0.0108268
0.0108635
0.0112115
0.011743
0.0123632
0.0129946
0.0135854
0.0141048
0.0145501
0.014917
0.0152022
0.0154226
0.0155315
0.0723225
0.0538048
0.0405233
0.0299279
0.021822
0.0158614
0.0117575
0.00921587
0.00791584
0.00754232
0.0078068
0.00845925
0.00931393
0.0102562
0.0112036
0.0120937
0.0128897
0.0135706
0.0141372
0.0145938
0.0149429
0.015205
0.0153398
0.0586017
0.0426202
0.0297454
0.0196953
0.0124061
0.00741132
0.00439647
0.00298381
0.00275828
0.00334645
0.0044396
0.00578074
0.00719665
0.00859593
0.00990938
0.0110907
0.0121197
0.0129865
0.0136966
0.014262
0.0146893
0.015007
0.0151754
0.041328
0.0304193
0.0200739
0.010683
0.00389835
-0.000363878
-0.00244213
-0.0028412
-0.00207244
-0.000572986
0.00131562
0.0033188
0.00526965
0.00710084
0.00875902
0.010215
0.0114613
0.0124986
0.0133398
0.0140029
0.0144987
0.0148611
0.0150564
0.0203639
0.0117483
0.00545314
-0.000717763
-0.00530118
-0.00765193
-0.00807809
-0.00711814
-0.00527285
-0.00293925
-0.000414579
0.00205938
0.00435265
0.00643555
0.00827603
0.00986462
0.0112061
0.0123114
0.0132007
0.0138957
0.0144101
0.0147757
0.0149728
-0.0022161
-0.0112496
-0.0141198
-0.0155936
-0.0154646
-0.0142834
-0.0121966
-0.0095217
-0.00655086
-0.0035071
-0.000555522
0.00215369
0.00455865
0.00667921
0.00850857
0.0100612
0.0113552
0.0124108
0.0132548
0.0139098
0.0143897
0.0147176
0.0148922
-0.021965
-0.0297941
-0.0294156
-0.0275768
-0.0238418
-0.0197479
-0.015504
-0.0113355
-0.00737916
-0.00371959
-0.000407762
0.00250745
0.00501112
0.00714283
0.00892762
0.0104088
0.0116208
0.0125948
0.0133647
0.0139563
0.0143832
0.014662
0.0148061
-0.0419613
-0.0444678
-0.0394034
-0.0351857
-0.029493
-0.023868
-0.0183303
-0.0131509
-0.00844848
-0.00426231
-0.000599156
0.00255362
0.00521404
0.0074139
0.00920516
0.0106562
0.0118175
0.0127324
0.0134427
0.0139801
0.0143594
0.0145963
0.0147134
-0.0616092
-0.0580392
-0.0485725
-0.0418579
-0.0342758
-0.0274629
-0.0209424
-0.0149914
-0.00970069
-0.00507053
-0.0010846
0.00229358
0.00511698
0.00742031
0.00926647
0.0107339
0.0118856
0.0127764
0.0134548
0.0139591
0.0143075
0.0145181
0.0146174
-0.0808581
-0.071324
-0.0580692
-0.0483767
-0.0386225
-0.0305959
-0.0231278
-0.0165144
-0.0107663
-0.00580008
-0.00157223
0.00196522
0.00489888
0.00728194
0.00918329
0.0106813
0.0118445
0.0127343
0.0134032
0.0138944
0.0142293
0.0144296
0.0145218
-0.0970412
-0.0823024
-0.0667419
-0.0542806
-0.0425746
-0.0333397
-0.0248608
-0.0176051
-0.0114688
-0.00624864
-0.00186631
0.00175378
0.00473173
0.00714244
0.0090648
0.0105765
0.0117474
0.0126411
0.0133104
0.0138002
0.014134
0.0143358
0.014429
)
;

boundaryField
{
    outlet
    {
        type            fixedValue;
        value           uniform 0;
    }
    upperWall
    {
        type            symmetryPlane;
    }
    lowerWall
    {
        type            symmetryPlane;
    }
    inlet
    {
        type            zeroGradient;
    }
    cylinder
    {
        type            zeroGradient;
    }
    frontAndBack
    {
        type            empty;
    }
}


// ************************************************************************* //
