/*--------------------------------*- C++ -*----------------------------------*\
| =========                 |                                                 |
| \\      /  F ield         | OpenFOAM: The Open Source CFD Toolbox           |
|  \\    /   O peration     | Version:  2312                                  |
|   \\  /    A nd           | Website:  www.openfoam.com                      |
|    \\/     M anipulation  |                                                 |
\*---------------------------------------------------------------------------*/
FoamFile
{
    version     2.0;
    format      ascii;
    arch        "LSB;label=32;scalar=64";
    class       volScalarField;
    location    "88.6";
    object      p;
}
// * * * * * * * * * * * * * * * * * * * * * * * * * * * * * * * * * * * * * //

dimensions      [0 2 -2 0 0 0 0];

internalField   nonuniform List<scalar> 
5478
(
-0.351885
-0.35327
-0.352518
-0.349939
-0.342889
-0.330793
-0.313131
-0.291045
-0.266721
-0.24254
-0.220335
-0.200662
-0.184055
-0.169101
-0.15594
-0.359406
-0.358745
-0.356722
-0.352606
-0.344424
-0.330757
-0.311573
-0.288584
-0.264112
-0.240118
-0.217756
-0.197622
-0.179773
-0.163734
-0.149474
-0.368578
-0.365275
-0.360946
-0.354523
-0.343776
-0.327377
-0.306085
-0.282022
-0.257343
-0.233617
-0.211714
-0.191887
-0.174034
-0.157646
-0.142573
-0.380397
-0.374201
-0.367017
-0.357244
-0.342288
-0.32196
-0.298097
-0.272955
-0.248279
-0.225073
-0.203668
-0.184116
-0.166157
-0.149723
-0.134965
-0.396582
-0.386843
-0.376362
-0.361457
-0.340456
-0.315353
-0.28881
-0.262659
-0.237898
-0.214926
-0.193859
-0.174626
-0.157057
-0.14113
-0.126343
-0.418091
-0.403149
-0.388274
-0.365916
-0.337528
-0.307447
-0.27824
-0.250929
-0.225824
-0.202965
-0.182225
-0.163409
-0.146287
-0.130737
-0.116308
-0.442793
-0.422143
-0.399502
-0.367578
-0.331621
-0.296872
-0.265128
-0.236612
-0.2111
-0.188276
-0.167853
-0.149584
-0.133262
-0.118632
-0.105036
-0.465044
-0.440013
-0.405912
-0.363236
-0.320379
-0.281652
-0.247769
-0.218269
-0.192503
-0.169918
-0.150068
-0.132604
-0.117249
-0.103679
-0.0915027
-0.479765
-0.481297
-0.484051
-0.491715
-0.504072
-0.520088
-0.538181
-0.55625
-0.572191
-0.576307
-0.572523
-0.557496
-0.530442
-0.493494
-0.450021
-0.443855
-0.44531
-0.445701
-0.44855
-0.453626
-0.459607
-0.464692
-0.46644
-0.461764
-0.454614
-0.439527
-0.416631
-0.388514
-0.358176
-0.323564
-0.412256
-0.413567
-0.412321
-0.41149
-0.410754
-0.408707
-0.403731
-0.394322
-0.379777
-0.360269
-0.336159
-0.308405
-0.277242
-0.258268
-0.223476
-0.386705
-0.388148
-0.386273
-0.383296
-0.378763
-0.371417
-0.360002
-0.343951
-0.322608
-0.296608
-0.267148
-0.241868
-0.204981
-0.195491
-0.178047
-0.367351
-0.369246
-0.367491
-0.363594
-0.356943
-0.34649
-0.331468
-0.311241
-0.286297
-0.258282
-0.225519
-0.203767
-0.174238
-0.164254
-0.161141
-0.35403
-0.356478
-0.3551
-0.350947
-0.343229
-0.331024
-0.314035
-0.292122
-0.265889
-0.23781
-0.208942
-0.187603
-0.167544
-0.157588
-0.159555
-0.347033
-0.349815
-0.348874
-0.345027
-0.337503
-0.325367
-0.308183
-0.2863
-0.260999
-0.234483
-0.209735
-0.189691
-0.174995
-0.166439
-0.165579
-0.346888
-0.349378
-0.34877
-0.345532
-0.338941
-0.32735
-0.310407
-0.288844
-0.26442
-0.239473
-0.216942
-0.197675
-0.183136
-0.17254
-0.165377
-0.390542
-0.368331
-0.405682
-0.424097
-0.351567
-0.24289
-0.170213
-0.144807
-0.140708
-0.14777
-0.141492
-0.138954
-0.142116
-0.129642
-0.103961
-0.095804
-0.112806
-0.134769
-0.125924
-0.105832
-0.108012
-0.1336
-0.12687
-0.13166
-0.162332
-0.155554
-0.0986122
-0.087697
-0.0669087
-0.0479187
-0.0316998
-0.00779885
-0.00664324
-0.0112319
-0.0170905
0.00218473
0.0110374
0.00188561
-0.304162
-0.359963
-0.440201
-0.468238
-0.384578
-0.264531
-0.176091
-0.140629
-0.12457
-0.115923
-0.106332
-0.122101
-0.135477
-0.124979
-0.101402
-0.0933004
-0.10952
-0.13155
-0.12508
-0.111213
-0.121357
-0.147685
-0.13157
-0.121342
-0.140524
-0.135996
-0.106074
-0.0994555
-0.0706514
-0.0457145
-0.0325873
-0.0100386
-0.00818414
-0.0119057
-0.0175606
0.00218595
0.0113339
0.00193399
-0.227932
-0.326024
-0.440824
-0.475243
-0.393289
-0.271498
-0.177577
-0.136437
-0.116267
-0.0980767
-0.0820659
-0.107509
-0.12851
-0.121033
-0.0994918
-0.0914193
-0.106437
-0.127171
-0.122905
-0.114726
-0.133175
-0.159822
-0.133931
-0.109576
-0.118225
-0.114288
-0.110395
-0.108744
-0.0738475
-0.0434935
-0.033248
-0.01218
-0.00974737
-0.012601
-0.0180421
0.00195259
0.0115265
0.00200867
-0.181217
-0.275825
-0.402315
-0.438324
-0.36774
-0.261111
-0.175687
-0.132115
-0.111807
-0.0935635
-0.0722863
-0.0954119
-0.122823
-0.117879
-0.0978666
-0.0904718
-0.103245
-0.121691
-0.119287
-0.115583
-0.142385
-0.169533
-0.135019
-0.0978377
-0.0975633
-0.09252
-0.111427
-0.114897
-0.0767205
-0.0416339
-0.0336443
-0.0141106
-0.0112393
-0.0133114
-0.0185308
0.00151253
0.0116473
0.00210277
-0.164796
-0.23211
-0.351955
-0.384786
-0.329536
-0.244018
-0.172219
-0.129194
-0.108211
-0.0955686
-0.0756329
-0.0960792
-0.122753
-0.11642
-0.0981829
-0.0917363
-0.10172
-0.115772
-0.11396
-0.113364
-0.148252
-0.176115
-0.135441
-0.0872659
-0.0797612
-0.0722534
-0.109376
-0.117672
-0.0789348
-0.0403677
-0.0337436
-0.0157616
-0.0125625
-0.0140288
-0.0190709
0.00089042
0.0117154
0.00220726
-0.164959
-0.197986
-0.275353
-0.316697
-0.281675
-0.22036
-0.163836
-0.12525
-0.104897
-0.0942572
-0.0858862
-0.104958
-0.12708
-0.117901
-0.10029
-0.0938378
-0.0996662
-0.109085
-0.106617
-0.107764
-0.150149
-0.179864
-0.136295
-0.0795364
-0.0655036
-0.0545573
-0.104427
-0.118378
-0.0806055
-0.0399353
-0.033625
-0.0171617
-0.0136352
-0.0147539
-0.0195605
0.000116463
0.0117442
0.0023132
-0.167081
-0.176318
-0.22209
-0.252039
-0.239696
-0.201474
-0.157108
-0.123593
-0.102826
-0.0875958
-0.0943855
-0.117547
-0.134836
-0.11686
-0.101293
-0.0965589
-0.0986688
-0.104234
-0.0984508
-0.0979891
-0.148195
-0.178513
-0.134734
-0.073091
-0.055153
-0.0396753
-0.0966742
-0.11531
-0.0805648
-0.0406812
-0.03319
-0.0184226
-0.0143697
-0.015476
-0.0200121
-0.000828766
0.0117464
0.00241441
-0.159642
-0.160344
-0.176533
-0.193625
-0.195107
-0.177576
-0.147542
-0.120221
-0.102756
-0.0819307
-0.0898541
-0.12422
-0.143741
-0.117999
-0.104761
-0.0959683
-0.09358
-0.0969151
-0.0893041
-0.0868446
-0.141863
-0.187663
-0.135123
-0.0694958
-0.0483553
-0.0271157
-0.0863801
-0.110753
-0.0797711
-0.0423369
-0.0322086
-0.0194638
-0.0147533
-0.0161751
-0.0204079
-0.00188235
0.0117268
0.00250211
-0.152006
-0.157185
-0.161015
-0.164712
-0.163172
-0.149085
-0.123608
-0.0997465
-0.0862559
-0.0727251
-0.0746973
-0.110787
-0.128101
-0.109846
-0.103681
-0.0984233
-0.0942051
-0.0903394
-0.0780882
-0.078703
-0.131284
-0.172791
-0.126726
-0.0646341
-0.0420121
-0.0222688
-0.0751682
-0.101542
-0.076814
-0.0457359
-0.0330345
-0.0199983
-0.0146433
-0.0169642
-0.0212
-0.003026
0.0117264
0.00259603
-0.126905
-0.133303
-0.13449
-0.129629
-0.121667
-0.109831
-0.0911312
-0.0755599
-0.0660235
-0.0540476
-0.056285
-0.095299
-0.118811
-0.0987161
-0.0940672
-0.0975505
-0.0836324
-0.0730032
-0.0586275
-0.0578723
-0.115588
-0.172572
-0.11351
-0.0511151
-0.025683
-0.0120899
-0.0594085
-0.0925463
-0.0731333
-0.0461775
-0.0354265
-0.0200352
-0.0150501
-0.0180142
-0.0220241
-0.00450475
0.011372
0.00261266
-0.10344
-0.113226
-0.113093
-0.106271
-0.0987819
-0.0894208
-0.0754796
-0.0621781
-0.0495474
-0.0342867
-0.0222218
-0.0337567
-0.0434002
-0.0527236
-0.0697491
-0.0858493
-0.073947
-0.056253
-0.0393192
-0.0333518
-0.0824738
-0.107655
-0.0875828
-0.0306333
-0.0112015
-0.00426271
-0.0421754
-0.0763676
-0.0640501
-0.0454583
-0.0389825
-0.020326
-0.0151071
-0.0188963
-0.0229454
-0.00632266
0.0107363
0.0025846
-0.0824582
-0.0907685
-0.091086
-0.0840726
-0.0754051
-0.0645657
-0.0508952
-0.0400123
-0.0268844
-0.0126053
0.00208234
0.0137737
0.0218832
0.00535663
-0.0353402
-0.0609525
-0.0483808
-0.0331645
-0.0155031
-0.00819688
-0.0452527
-0.0703226
-0.0559871
-0.0149894
-0.00101354
0.00440933
-0.0223966
-0.0559725
-0.0509227
-0.0444825
-0.0425336
-0.0207053
-0.0152659
-0.0197931
-0.0237396
-0.00830601
0.00994279
0.00253885
-0.0622587
-0.0698919
-0.0708703
-0.0653561
-0.0576721
-0.0493187
-0.0389404
-0.0294129
-0.0169357
-0.000843247
0.0195019
0.0420424
0.0520936
0.0374046
-0.00446753
-0.029302
-0.0259071
-0.0183775
-0.00149533
0.010403
-0.00338713
-0.0124181
-0.0238368
-0.00949629
0.00293442
0.0073558
-0.00338073
-0.02802
-0.0316515
-0.0412071
-0.0454182
-0.0211425
-0.015673
-0.0205714
-0.0245356
-0.0104139
0.0090281
0.00246932
-0.0453751
-0.0521998
-0.0536327
-0.0494242
-0.0430996
-0.0354739
-0.0257237
-0.0161754
-0.00447903
0.00946429
0.0256625
0.0437387
0.0517478
0.0436979
0.0144321
-0.00507685
-0.00681973
-0.00149689
0.01162
0.0187666
0.0135926
0.0127201
-0.00505416
-0.0125453
0.00141143
0.0106944
0.0104855
-0.00209207
-0.00774772
-0.0336136
-0.0433101
-0.0212951
-0.0163698
-0.020944
-0.0249936
-0.0122535
0.00801916
0.00237177
-0.0317751
-0.0371406
-0.0384492
-0.0354844
-0.0302932
-0.0239352
-0.0163843
-0.00886013
0.000180513
0.0110867
0.0242594
0.0374013
0.0435103
0.0396542
0.0214932
0.00729958
0.00489616
0.00528769
0.0158375
0.0226857
0.0209334
0.0231613
0.00642142
-0.00869202
0.00204863
0.0109663
0.0178301
0.0163006
0.0122806
-0.021335
-0.0333538
-0.0201405
-0.0176817
-0.0203933
-0.0244182
-0.0132112
0.00695809
0.00223238
-0.0203814
-0.0245742
-0.0259586
-0.0240329
-0.02013
-0.0151089
-0.00927908
-0.00317064
0.00413211
0.0125328
0.0218015
0.0300622
0.0342541
0.0330159
0.0230438
0.0142552
0.0125788
0.0128057
0.019647
0.0239726
0.0202702
0.0211456
0.0137009
0.00107691
0.00647578
0.0140237
0.0181265
0.0220226
0.0213994
-0.00784068
-0.0179233
-0.0148812
-0.0156602
-0.0176091
-0.0228385
-0.0128877
0.00596158
0.00211358
-0.0112057
-0.0146593
-0.0159041
-0.014603
-0.0117095
-0.00789395
-0.00350621
0.0011143
0.00645608
0.0122403
0.0184128
0.0239381
0.0268533
0.0269925
0.0223774
0.0172275
0.0160391
0.0150324
0.0191408
0.0229272
0.0207071
0.0198737
0.0167957
0.00855256
0.0105448
0.0140422
0.017265
0.0223502
0.0221778
0.0029282
-0.00433959
-0.00507505
-0.0074942
-0.0116829
-0.0193342
-0.0104823
0.00512141
0.00199973
-0.00423787
-0.00678395
-0.00772655
-0.0069488
-0.00496758
-0.00223597
0.000914615
0.00422771
0.00799125
0.011968
0.0160976
0.0198554
0.0219745
0.0225694
0.0208694
0.0182036
0.0177314
0.017749
0.0195351
0.0219113
0.0200238
0.0185569
0.0168964
0.0127633
0.0141352
0.0152579
0.0161629
0.0200263
0.0206851
0.00980972
0.00481389
0.00389256
0.0018356
-0.00378319
-0.0127751
-0.00561689
0.00430526
0.0018823
0.00142913
-0.000501482
-0.00131604
-0.000934027
0.000370995
0.00225718
0.00445538
0.00676051
0.00929621
0.0119571
0.0146661
0.0171733
0.0187701
0.0194861
0.0191932
0.0180125
0.0178199
0.0177618
0.018674
0.0194094
0.0190006
0.0181153
0.0167401
0.0146156
0.0154641
0.0156211
0.015734
0.0186539
0.0191174
0.013057
0.00959791
0.0092441
0.0076148
0.00211108
-0.00562411
-9.48082e-05
0.00414347
0.001928
0.00585712
0.00433166
0.00362132
0.0038026
0.0046328
0.0058777
0.00733554
0.00886071
0.0105024
0.0122422
0.0140253
0.0156951
0.016894
0.0176428
0.0178753
0.0176437
0.0176407
0.0177609
0.0182624
0.0185935
0.0181959
0.0176983
0.0166045
0.0153696
0.0160905
0.0160839
0.0154668
0.0168485
0.0173192
0.0141044
0.0116686
0.0111889
0.00981669
0.00508786
-0.000571243
0.00318901
0.00423905
0.00200302
0.0092455
0.00809694
0.00752132
0.00752821
0.00799636
0.00876904
0.00969045
0.0106584
0.011682
0.012767
0.0139064
0.0150034
0.0158711
0.0165029
0.0169018
0.0170848
0.0172355
0.0173319
0.0176042
0.0177213
0.0173817
0.0171195
0.0164565
0.0155393
0.0158713
0.0159049
0.0151958
0.0155141
0.0157582
0.0140227
0.012127
0.0113598
0.0100757
0.0059997
0.00204667
0.00405592
0.00331414
0.00181241
0.0118877
0.0110138
0.0105191
0.0104113
0.0106289
0.011075
0.0116336
0.0122115
0.0128037
0.0134345
0.0141301
0.0148319
0.0154255
0.0159074
0.0162817
0.0165573
0.0167426
0.0168575
0.0170026
0.0170734
0.016817
0.0165815
0.0162047
0.0155419
0.0155325
0.0155741
0.014997
0.0146114
0.0144998
0.0135081
0.0121191
0.011013
0.009655
0.00632906
0.00334403
0.00395547
0.00295763
0.00148901
0.0139137
0.0132369
0.012814
0.0126465
0.0127003
0.0129125
0.0132069
0.0135111
0.0138216
0.0141585
0.014552
0.0149633
0.0153302
0.0156507
0.0159248
0.0161699
0.0163308
0.0164274
0.0164886
0.0165106
0.0163279
0.0160947
0.0158468
0.0153674
0.0151115
0.0149877
0.0144742
0.013916
0.0135083
0.012768
0.0116749
0.0103939
0.00897293
0.00615006
0.00391011
0.00376461
0.00259781
0.00118282
0.0154448
0.0149229
0.0145633
0.0143636
0.0143101
0.0143669
0.014484
0.0146061
0.0147259
0.0148645
0.0150483
0.0152564
0.0154438
0.0156173
0.0157731
0.0159318
0.0160258
0.0160727
0.0160794
0.0160493
0.0159039
0.0156804
0.0154521
0.0150931
0.0147712
0.0144775
0.0140577
0.0134142
0.0127805
0.0120821
0.0111683
0.00989374
0.00844803
0.00616687
0.00426665
0.00366654
0.00240198
0.000966508
0.0165991
0.0161904
0.0158799
0.0156675
0.0155506
0.0155078
0.0155051
0.015503
0.0154953
0.0155015
0.0155419
0.0156058
0.0156579
0.0157077
0.0157536
0.0158144
0.01583
0.0158149
0.0157639
0.0156855
0.0155331
0.0153104
0.015074
0.0147437
0.0143853
0.013995
0.0135497
0.012944
0.0122433
0.0114975
0.0106387
0.00940746
0.00803938
0.00617883
0.00450507
0.0036094
0.00226713
0.000827791
0.0174513
0.017126
0.0168571
0.016645
0.0164911
0.0163841
0.0163015
0.0162183
0.0161281
0.0160489
0.0159915
0.0159528
0.0159051
0.0158587
0.0158135
0.0157834
0.0157227
0.0156414
0.0155326
0.0154035
0.0152246
0.0149862
0.0147298
0.014394
0.0140248
0.0135927
0.0131126
0.0125226
0.0118131
0.0110284
0.0102073
0.00915011
0.0078087
0.0061936
0.0047025
0.00363387
0.00221659
0.00077087
0.0180692
0.0178046
0.0175681
0.0173613
0.0171876
0.0170424
0.0169088
0.0167743
0.0166301
0.0164962
0.0163726
0.0162639
0.0161448
0.0160272
0.0159104
0.0158036
0.0156785
0.0155352
0.0153729
0.0151908
0.0149765
0.014712
0.0144294
0.0140785
0.0136913
0.0132469
0.0127395
0.0121675
0.0114748
0.01067
0.00986074
0.00884547
0.00765155
0.00626577
0.00492823
0.00373398
0.00225415
0.000751036
0.0184989
0.0182771
0.0180652
0.017867
0.0176848
0.0175186
0.0173541
0.0171883
0.0170109
0.0168424
0.0166752
0.0165198
0.0163505
0.0161825
0.0160115
0.015845
0.01567
0.0154717
0.0152696
0.0150346
0.0147904
0.0144929
0.0141821
0.0138164
0.0134034
0.0129558
0.0124243
0.011854
0.0111817
0.0103954
0.00959442
0.00864823
0.00757629
0.00636957
0.00508249
0.00379038
0.00230997
0.000754654
0.0187877
0.0185952
0.0184013
0.0182109
0.0180255
0.0178465
0.0176655
0.0174804
0.0172863
0.0170944
0.0169012
0.0167125
0.0165127
0.0163106
0.0161023
0.0158927
0.0156761
0.0154398
0.0151995
0.0149292
0.0146485
0.0143288
0.013986
0.0136063
0.013175
0.0127084
0.0121737
0.011587
0.0109224
0.0101516
0.00933952
0.00839083
0.00734993
0.00619092
0.00498105
0.00368608
0.00224508
0.000744658
0.0189684
0.018793
0.0186107
0.0184259
0.0182399
0.0180544
0.0178643
0.0176694
0.0174659
0.0172608
0.0170514
0.0168417
0.016624
0.0164002
0.0161692
0.0159308
0.015686
0.0154256
0.0151569
0.0148644
0.0145558
0.0142166
0.0138526
0.0134549
0.013012
0.0125285
0.0119891
0.0113862
0.0107294
0.00997065
0.00915575
0.00824131
0.00722738
0.00613681
0.00491596
0.00363525
0.0022476
0.000756214
0.0190493
0.0188832
0.0187077
0.0185269
0.0183413
0.0181535
0.0179601
0.0177618
0.0175553
0.0173444
0.0171274
0.0169076
0.016681
0.0164475
0.0162054
0.0159526
0.0156926
0.0154182
0.0151348
0.0148295
0.0145063
0.0141556
0.0137793
0.0133714
0.0129229
0.0124291
0.0118866
0.0112807
0.0106207
0.00987021
0.00905504
0.00815203
0.00714967
0.00606757
0.00487195
0.00359518
0.00221841
0.000752183
-0.0768443
-0.0874659
-0.0972575
-0.106495
-0.115301
-0.122971
-0.13058
-0.14034
-0.0613228
-0.0691391
-0.076411
-0.0838631
-0.0909176
-0.098242
-0.104754
-0.114062
-0.0467678
-0.0523215
-0.0574267
-0.0629035
-0.0683598
-0.0741949
-0.0801406
-0.0891274
-0.0353886
-0.039374
-0.0430945
-0.0470904
-0.0515865
-0.0567162
-0.0627001
-0.0706384
-0.0255072
-0.0284732
-0.0313281
-0.0344964
-0.0382935
-0.0423976
-0.0468463
-0.0526473
-0.017496
-0.0196207
-0.0216821
-0.0239363
-0.0265536
-0.0293104
-0.0325678
-0.0374121
-0.010656
-0.0120661
-0.0133935
-0.0148573
-0.016665
-0.0188035
-0.0216284
-0.0256671
-0.00485486
-0.0057383
-0.00654096
-0.00755391
-0.00900249
-0.0108541
-0.0130409
-0.0159303
0.000101043
-0.000476625
-0.00104485
-0.00185033
-0.00291875
-0.00410827
-0.00549552
-0.00765561
0.00417174
0.00378106
0.00342948
0.00297326
0.00237119
0.00157041
0.000388765
-0.00146394
0.00764993
0.00740878
0.0072165
0.00692372
0.00643263
0.00571802
0.00476284
0.00341714
0.0105177
0.0103215
0.0101574
0.0099216
0.00955719
0.00906995
0.00840876
0.00739783
0.0128485
0.0126684
0.0125309
0.0123679
0.0121231
0.0117637
0.0112319
0.010424
0.0147389
0.014563
0.0144267
0.0142813
0.0140768
0.0137839
0.013368
0.0127616
0.0162144
0.0160342
0.0158865
0.0157443
0.0155734
0.0153472
0.0150321
0.0145746
0.0173473
0.017169
0.0170166
0.0168769
0.016726
0.0165399
0.0162908
0.0159425
0.0181981
0.0180241
0.0178704
0.0177321
0.0175935
0.0174359
0.0172381
0.0169743
0.0188246
0.0186575
0.0185075
0.0183731
0.0182442
0.0181062
0.0179435
0.0177388
0.0192738
0.0191144
0.0189693
0.0188387
0.0187167
0.0185922
0.018455
0.0182931
0.0195823
0.0194315
0.019292
0.0191653
0.0190486
0.0189337
0.0188135
0.0186801
0.0197838
0.0196431
0.0195103
0.0193883
0.0192754
0.0191671
0.0190575
0.0189422
0.0199005
0.0197705
0.0196456
0.0195289
0.0194197
0.0193156
0.0192124
0.0191072
0.0199463
0.0198258
0.0197074
0.0195941
0.0194863
0.0193832
0.019282
0.0191809
0.0747308
0.0783002
0.0815509
0.0842186
0.0855603
0.0853122
0.0832984
0.0790251
0.0715872
0.0596622
0.0414159
0.0142884
-0.0258825
-0.0822861
-0.132809
0.0533754
0.0546509
0.0543199
0.0528408
0.0501013
0.0457237
0.0392129
0.0298393
0.0165638
-0.00203596
-0.0279095
-0.0635955
-0.113116
-0.180506
-0.235212
0.0313802
0.0303961
0.0266986
0.0215659
0.0152152
0.00709987
-0.00351092
-0.0174747
-0.0358936
-0.060258
-0.092649
-0.135672
-0.192337
-0.268138
-0.321349
0.00850082
0.00510605
-0.00136458
-0.00923337
-0.0184303
-0.0296917
-0.043837
-0.0617316
-0.0844641
-0.113492
-0.151049
-0.199859
-0.262166
-0.338838
-0.389413
-0.0141957
-0.020223
-0.0288276
-0.0386833
-0.0501295
-0.0639956
-0.0810212
-0.102037
-0.128115
-0.160579
-0.201704
-0.254221
-0.31873
-0.392433
-0.438324
-0.0358879
-0.0444098
-0.0545847
-0.0659887
-0.0793056
-0.095312
-0.114563
-0.137856
-0.1662
-0.200962
-0.244067
-0.29746
-0.361006
-0.428728
-0.46833
-0.0563042
-0.0665448
-0.0778326
-0.0906477
-0.10563
-0.123318
-0.144226
-0.169023
-0.198633
-0.234274
-0.277454
-0.329381
-0.38895
-0.447644
-0.481099
-0.0753649
-0.0862884
-0.0986228
-0.112743
-0.129099
-0.14807
-0.170064
-0.195644
-0.225584
-0.260851
-0.302504
-0.350915
-0.403453
-0.450505
-0.47917
0.190278
0.205219
0.221828
0.240552
0.261482
0.284541
0.309636
0.336712
0.36569
0.396319
0.428017
0.459613
0.489109
0.512492
0.531749
0.189366
0.203693
0.219699
0.237866
0.258234
0.280639
0.304937
0.33106
0.358927
0.388273
0.418477
0.448313
0.475712
0.496708
0.513628
0.184338
0.197221
0.211972
0.229036
0.248248
0.269262
0.291838
0.315867
0.341227
0.367594
0.394265
0.419913
0.442303
0.457643
0.469146
0.175217
0.186028
0.19905
0.214495
0.231875
0.250666
0.270582
0.29148
0.313158
0.335157
0.356605
0.375995
0.390809
0.397434
0.401082
0.162008
0.17037
0.18146
0.195053
0.210148
0.226009
0.242351
0.259066
0.27591
0.29228
0.307086
0.318581
0.323894
0.319318
0.313298
0.145071
0.150626
0.15959
0.171079
0.183542
0.196068
0.208355
0.220271
0.231483
0.241244
0.248267
0.250571
0.244947
0.22753
0.209711
0.124726
0.128032
0.135104
0.14402
0.153082
0.16159
0.16933
0.176069
0.181262
0.183944
0.182614
0.175057
0.157762
0.126843
0.0965123
0.100887
0.102903
0.108834
0.115107
0.120403
0.124454
0.127239
0.128437
0.127293
0.122628
0.112735
0.0951633
0.0660649
0.0218048
-0.0200902
0.0283601
0.0328649
0.029146
0.0331059
0.0306966
0.035004
0.0332696
0.0376973
0.0371008
0.0416247
0.0424754
0.0473322
0.049919
0.0556828
0.0604121
0.0677774
0.0752826
0.085271
0.0965313
0.110628
0.126787
0.146565
0.169402
0.0284345
0.0329077
0.02924
0.0331593
0.0308117
0.0350739
0.0334256
0.0378464
0.0373127
0.0417858
0.0427749
0.0475994
0.0502937
0.0560988
0.0609281
0.0683124
0.0759955
0.0860882
0.0972684
0.111409
0.127335
0.146983
0.169263
0.0285188
0.0329248
0.0293513
0.0331827
0.0309547
0.0351089
0.0336126
0.0379267
0.0375527
0.0419084
0.0430899
0.0478233
0.0506357
0.0564113
0.0612791
0.068472
0.0762928
0.0862809
0.0972434
0.111177
0.126456
0.145499
0.166211
0.0286116
0.0329179
0.0294782
0.03318
0.0311103
0.0351143
0.0338214
0.0379801
0.0378197
0.0420184
0.0434374
0.0480538
0.0510454
0.0568705
0.0618072
0.0692165
0.0767411
0.0867711
0.0972179
0.110795
0.1248
0.14251
0.160297
0.0287122
0.0328906
0.0296136
0.033155
0.031282
0.0350949
0.0340468
0.0380058
0.0380958
0.0420951
0.0437666
0.0481899
0.051351
0.0569638
0.061964
0.0690947
0.0765308
0.0861671
0.0960439
0.108822
0.121296
0.137205
0.151152
0.028817
0.0328462
0.0297644
0.033111
0.0314805
0.0350656
0.0342831
0.0380281
0.0384141
0.0422191
0.0441727
0.0484557
0.0518698
0.0576513
0.0625418
0.0699521
0.0769603
0.0866154
0.0955559
0.107473
0.117514
0.130597
0.139247
0.0289268
0.0327862
0.0299127
0.0330559
0.0316744
0.0350193
0.0345133
0.0380174
0.0386647
0.0422647
0.0444355
0.0485143
0.0520389
0.0573725
0.0624158
0.0693643
0.0761749
0.0849068
0.0931609
0.103352
0.111432
0.12124
0.12423
0.0290406
0.0327176
0.0300605
0.0329972
0.0318856
0.0350075
0.0347647
0.0380821
0.0390512
0.0425093
0.0449493
0.0490012
0.0528078
0.0585866
0.0631988
0.0706391
0.0768742
0.0857043
0.0924334
0.101275
0.105469
0.110519
0.106116
0.0291716
0.0326143
0.0302521
0.0328812
0.0321025
0.0348736
0.0349984
0.0379646
0.0392503
0.0424308
0.0450623
0.0488097
0.0526483
0.0577153
0.0623599
0.0687649
0.074523
0.0810577
0.0867561
0.0913017
0.0932314
0.0909785
0.0815467
0.0293422
0.0324545
0.0304937
0.0327003
0.0323492
0.034658
0.0352197
0.0376046
0.0393118
0.0419707
0.0447563
0.0479798
0.0517626
0.0560199
0.0603135
0.0652518
0.0700155
0.0741824
0.0778636
0.0789068
0.0783936
0.0729919
0.0651313
0.0295472
0.0322323
0.0307695
0.0324623
0.0326292
0.0343549
0.0354412
0.0372568
0.0393232
0.0415409
0.0443828
0.0472227
0.05074
0.0541503
0.0579695
0.0615782
0.0651331
0.0674658
0.0689762
0.0680583
0.0653441
0.0596206
0.0521484
0.0297875
0.0319398
0.031082
0.0321746
0.0329013
0.0340915
0.0355629
0.0369702
0.0392008
0.0410452
0.0437988
0.0461858
0.0493793
0.0520259
0.0551995
0.0576401
0.0598413
0.0607934
0.0604871
0.0582823
0.0543603
0.0484899
0.0415751
0.0300668
0.0315707
0.0313987
0.0319415
0.033065
0.0338831
0.0355778
0.03669
0.0389164
0.0405167
0.0429589
0.0450511
0.0476959
0.0496616
0.0520555
0.0535078
0.0544367
0.054306
0.0527737
0.049816
0.0454602
0.0396835
0.0331478
0.0303827
0.0311757
0.0316263
0.031785
0.0331558
0.0337032
0.0354724
0.0363911
0.0384671
0.0398893
0.0419137
0.0437391
0.0457616
0.0470599
0.0486951
0.0493118
0.0492147
0.0482521
0.046082
0.042777
0.0384102
0.0329657
0.0268523
0.0306946
0.0308227
0.0317414
0.0316873
0.033154
0.0335446
0.0352322
0.0360634
0.0378677
0.0391373
0.0407088
0.0422249
0.0436418
0.0443104
0.045249
0.0452039
0.0443743
0.0428401
0.0404087
0.037066
0.03289
0.0279347
0.0223717
0.0309735
0.0305242
0.0317678
0.0316258
0.0330472
0.0333882
0.0348629
0.0356575
0.0371473
0.038236
0.0393757
0.0405261
0.0413995
0.0415457
0.0418644
0.0413196
0.0400571
0.0381848
0.0356873
0.0325106
0.0286765
0.0242675
0.0193382
0.031188
0.0303036
0.0316916
0.0315832
0.0328382
0.0332325
0.0343985
0.0351557
0.036328
0.0371858
0.0379402
0.0387052
0.0391114
0.0388582
0.0386691
0.0377821
0.0363032
0.034299
0.0318644
0.0289703
0.0255833
0.021759
0.0175068
0.031321
0.0301718
0.0315111
0.0315387
0.0325433
0.0329965
0.0338695
0.03454
0.0354198
0.0360171
0.0364351
0.0368365
0.0368586
0.0363224
0.0357691
0.0346734
0.0331216
0.0311512
0.028883
0.026322
0.0234193
0.020186
0.016601
0.0313588
0.0301241
0.0312436
0.0314579
0.0322012
0.0326727
0.0332926
0.0338174
0.0344335
0.0347699
0.0349028
0.0349937
0.0347198
0.0340039
0.0332214
0.0320287
0.030503
0.0286723
0.0266424
0.0244304
0.021997
0.0193252
0.0163665
0.0312953
0.0301435
0.0309229
0.0312875
0.0318328
0.0322587
0.0326761
0.0330187
0.0333903
0.0334901
0.0333932
0.0332386
0.0327606
0.0319436
0.0310448
0.0298432
0.0284091
0.0267725
0.0250151
0.0231476
0.0211402
0.0189689
0.0165731
0.0311357
0.0301944
0.0306024
0.0309903
0.0314285
0.0317719
0.032024
0.0321831
0.032325
0.0322256
0.0319539
0.0316228
0.0310171
0.0301609
0.0292322
0.028085
0.0267822
0.0253586
0.0238744
0.0223265
0.020688
0.0189373
0.0170169
0.0308968
0.0302203
0.0303294
0.0305961
0.0309584
0.031213
0.0313363
0.0313417
0.0312822
0.0310202
0.0306232
0.0301766
0.0295098
0.0286618
0.0277578
0.0267021
0.0255515
0.0243408
0.0231095
0.0218416
0.0205098
0.0190984
0.017563
0.0306011
0.0301507
0.0300919
0.0302166
0.0304452
0.0305864
0.0306132
0.0305066
0.0302943
0.0299094
0.0294263
0.0289163
0.0282409
0.0274317
0.0265784
0.0256273
0.0246336
0.0236271
0.0226248
0.0215982
0.0205192
0.0193802
0.0181542
0.0302751
0.0299863
0.0298654
0.0298506
0.0299139
0.0299352
0.0298719
0.0296833
0.0293736
0.0289138
0.0283819
0.0278479
0.0272009
0.0264488
0.0256542
0.0248018
0.023953
0.0231316
0.0223317
0.0215107
0.0206381
0.0197142
0.0187304
0.0299379
0.0297425
0.0296003
0.0294839
0.0294011
0.0293061
0.0291518
0.0288955
0.0285322
0.0280404
0.0274927
0.0269627
0.0263645
0.0256804
0.0249485
0.0241837
0.023456
0.0227873
0.0221551
0.0215057
0.0208048
0.0200555
0.0192636
0.0296026
0.0294539
0.0292926
0.0291093
0.0289207
0.0287255
0.0284852
0.0281713
0.0277803
0.027286
0.0267461
0.0262363
0.0256935
0.025082
0.0244205
0.0237374
0.0231066
0.0225518
0.022046
0.0215331
0.0209754
0.020373
0.0197381
0.0292733
0.0291398
0.0289604
0.0287358
0.0284822
0.02821
0.0278949
0.0275338
0.0271308
0.0266513
0.0261331
0.0256511
0.0251643
0.0246247
0.0240339
0.0234242
0.0228681
0.022393
0.0219749
0.0215617
0.0211172
0.0206381
0.0201351
0.0289634
0.0288343
0.028637
0.028379
0.0280841
0.0277668
0.0274004
0.0270008
0.0265903
0.0261324
0.0256427
0.0251875
0.0247518
0.0242819
0.0237612
0.0232186
0.0227205
0.0222993
0.0219381
0.0215943
0.0212349
0.0208526
0.0204531
0.028691
0.0285636
0.0283516
0.0280663
0.0277432
0.0274013
0.0270106
0.0265842
0.0261596
0.0257176
0.025258
0.0248273
0.0244265
0.0240126
0.0235605
0.0230881
0.0226452
0.022264
0.0219399
0.0216441
0.0213482
0.0210407
0.020724
0.0284766
0.0283457
0.0281274
0.0278278
0.0274817
0.0271232
0.026732
0.026299
0.0258588
0.0254272
0.0250021
0.0245966
0.0242151
0.0238368
0.0234377
0.0230196
0.0226125
0.0222479
0.0219356
0.0216623
0.0214057
0.0211503
0.0208915
0.0283615
0.0282298
0.0280033
0.0276909
0.0273278
0.026957
0.0265653
0.0261305
0.0256851
0.0252603
0.0248545
0.0244647
0.024093
0.0237327
0.0233661
0.0229872
0.0226123
0.0222677
0.0219683
0.0217098
0.0214755
0.0212502
0.0210286
0.0686655
0.0504906
0.028174
0.00699576
-0.0124791
-0.0308071
-0.0482718
-0.0638012
0.0562898
0.0393218
0.017358
-0.00173758
-0.017009
-0.0299921
-0.0418768
-0.0522289
0.0454097
0.0324202
0.0138447
-0.00271765
-0.0142396
-0.0231625
-0.0316926
-0.0397962
0.0359506
0.0257793
0.0102975
-0.00391955
-0.0131591
-0.019393
-0.0251043
-0.030489
0.0282875
0.0207361
0.00875529
-0.00260224
-0.00973319
-0.0140645
-0.0179612
-0.0218376
0.0221328
0.0163456
0.00771098
-0.000515817
-0.00596996
-0.00931895
-0.0121812
-0.0149162
0.0178185
0.0131715
0.0074143
0.00195566
-0.00204445
-0.00472035
-0.00691562
-0.00888035
0.0151846
0.0115267
0.00782464
0.00437244
0.00157348
-0.000518116
-0.00222338
-0.00365868
0.01388
0.0110665
0.00877341
0.00669231
0.00482452
0.00326031
0.00195705
0.000913625
0.0135283
0.0114017
0.0100508
0.00887321
0.00767562
0.00653732
0.00554086
0.00474857
0.0138266
0.0122408
0.0114999
0.0108995
0.0101692
0.00937262
0.00863655
0.00805373
0.0145278
0.0133675
0.0130103
0.0127641
0.0123451
0.0118035
0.0112661
0.010828
0.0154011
0.0145662
0.0144405
0.0144127
0.0142114
0.0138608
0.0134656
0.0131153
0.0163002
0.0157066
0.0157135
0.015815
0.015764
0.0155522
0.0152623
0.0149767
0.0171715
0.0167516
0.0168262
0.0169823
0.0170092
0.016885
0.0166702
0.016433
0.0179669
0.0176699
0.0177698
0.017934
0.0179902
0.0179144
0.0177492
0.0175482
0.0186679
0.018453
0.0185504
0.0186972
0.0187547
0.0186997
0.0185623
0.0183847
0.0192701
0.0191049
0.0191787
0.0192916
0.0193343
0.0192843
0.0191617
0.0189994
0.019767
0.0196303
0.0196683
0.0197374
0.0197558
0.019702
0.0195879
0.0194375
0.0201584
0.0200343
0.0200319
0.0200542
0.0200441
0.0199822
0.0198739
0.0197346
0.0204821
0.0203563
0.0203063
0.0202772
0.0202332
0.0201586
0.0200529
0.019924
0.0206887
0.0205656
0.0204854
0.0204189
0.0203462
0.0202577
0.0201511
0.0200299
0.0208454
0.0207094
0.0205912
0.0204858
0.0203859
0.0202851
0.0201785
0.0200651
-0.584577
-0.597707
-0.61653
-0.640898
-0.671195
-0.705807
-0.737972
-0.761564
-0.579983
-0.592458
-0.609871
-0.630952
-0.65545
-0.683143
-0.710113
-0.729035
-0.572597
-0.58528
-0.600868
-0.618797
-0.638169
-0.655891
-0.668009
-0.669867
-0.5657
-0.576905
-0.588802
-0.599868
-0.608999
-0.613846
-0.611858
-0.600595
-0.561127
-0.56721
-0.571264
-0.572335
-0.570436
-0.564772
-0.553627
-0.534845
-0.558193
-0.554751
-0.548335
-0.539572
-0.529186
-0.516584
-0.499915
-0.476898
-0.553759
-0.538295
-0.521542
-0.505058
-0.488947
-0.472031
-0.452079
-0.426821
-0.544185
-0.516988
-0.492207
-0.470533
-0.450872
-0.431425
-0.409638
-0.383349
-0.526723
-0.490742
-0.461182
-0.436565
-0.415064
-0.394307
-0.371754
-0.345284
-0.500632
-0.460344
-0.428942
-0.403319
-0.381245
-0.360183
-0.337642
-0.311681
-0.46736
-0.42677
-0.395949
-0.37075
-0.349202
-0.328571
-0.306689
-0.281747
-0.428833
-0.391238
-0.362479
-0.33901
-0.318695
-0.299143
-0.278427
-0.254923
-0.387856
-0.35424
-0.32904
-0.308135
-0.2896
-0.271686
-0.252512
-0.230821
-0.342565
-0.316405
-0.295846
-0.278313
-0.262087
-0.245947
-0.228656
-0.208921
-0.295887
-0.280445
-0.262994
-0.25025
-0.235465
-0.221404
-0.205916
-0.188742
-0.515941
-0.546725
-0.568048
-0.579117
-0.581899
-0.580118
-0.577688
-0.578161
-0.516824
-0.546037
-0.565045
-0.573668
-0.574765
-0.572686
-0.571136
-0.572927
-0.52193
-0.552082
-0.570055
-0.575763
-0.573051
-0.567592
-0.563909
-0.565012
-0.534104
-0.566453
-0.58364
-0.585662
-0.577405
-0.566372
-0.558769
-0.558306
-0.553048
-0.588667
-0.605368
-0.603395
-0.588966
-0.57163
-0.559558
-0.556502
-0.577819
-0.618001
-0.6342
-0.628128
-0.607643
-0.584374
-0.567938
-0.560422
-0.606704
-0.652049
-0.668241
-0.658163
-0.63207
-0.603646
-0.582264
-0.567044
-0.63706
-0.68817
-0.704658
-0.690952
-0.659398
-0.626637
-0.59752
-0.570972
-0.665171
-0.72243
-0.739477
-0.721981
-0.68683
-0.647131
-0.607152
-0.56665
-0.686155
-0.749484
-0.766681
-0.747155
-0.706951
-0.657661
-0.604249
-0.550125
-0.694333
-0.762801
-0.780158
-0.758038
-0.710875
-0.650661
-0.584776
-0.520973
-0.686083
-0.756403
-0.772026
-0.746444
-0.692292
-0.622014
-0.548
-0.480607
-0.658221
-0.724608
-0.734892
-0.70435
-0.644441
-0.570244
-0.497026
-0.434152
-0.612769
-0.669139
-0.670829
-0.636298
-0.57633
-0.505625
-0.441041
-0.385104
-0.549945
-0.588801
-0.579614
-0.542802
-0.490167
-0.431693
-0.380059
-0.335072
-0.448501
-0.459079
-0.434962
-0.40211
-0.363854
-0.327315
-0.300902
-0.286759
-0.356506
-0.322357
-0.27862
-0.253764
-0.244657
-0.238598
-0.230406
-0.234322
-0.337381
-0.249653
-0.178546
-0.145489
-0.142415
-0.149728
-0.151075
-0.165671
-0.340085
-0.221108
-0.124184
-0.0813599
-0.0715129
-0.0819867
-0.0866554
-0.104942
-0.28744
-0.188331
-0.076726
-0.0218437
-0.016824
-0.0264267
-0.0324031
-0.0516698
-0.205872
-0.151658
-0.0905147
-0.0457743
-0.0193594
-0.00472336
0.000243422
-0.00393916
-0.160763
-0.146734
-0.126998
-0.108291
-0.0985584
-0.0743716
-0.0254611
0.00901359
-0.15097
-0.15658
-0.156222
-0.144608
-0.129426
-0.10483
-0.0674872
-0.024387
-0.164615
-0.187811
-0.200563
-0.190987
-0.164104
-0.128862
-0.0967964
-0.0604418
-0.189234
-0.229867
-0.25752
-0.261775
-0.244479
-0.209918
-0.180216
-0.139584
-0.184224
-0.22428
-0.256738
-0.268079
-0.262821
-0.236994
-0.22009
-0.177963
-0.156902
-0.173745
-0.188238
-0.198814
-0.203227
-0.193854
-0.186754
-0.161189
-0.14792
-0.150529
-0.151138
-0.150119
-0.147571
-0.141511
-0.137868
-0.128753
-0.134242
-0.136473
-0.136124
-0.132107
-0.126296
-0.118632
-0.112525
-0.106065
-0.106992
-0.110757
-0.114686
-0.116673
-0.115584
-0.11019
-0.100845
-0.0891797
-0.0983206
-0.101553
-0.105642
-0.10943
-0.112116
-0.112352
-0.10909
-0.100883
-0.115587
-0.11858
-0.122346
-0.126555
-0.13092
-0.133661
-0.134792
-0.132676
-0.136524
-0.137397
-0.137992
-0.139268
-0.140533
-0.142977
-0.142848
-0.144697
-0.125341
-0.123832
-0.121553
-0.120081
-0.117899
-0.11793
-0.115493
-0.116774
-0.0990182
-0.0915528
-0.0837848
-0.0767286
-0.070714
-0.0667841
-0.0632533
-0.062769
-0.0940974
-0.0805039
-0.0678015
-0.0568594
-0.0480261
-0.0411859
-0.0363767
-0.0327929
-0.118698
-0.103568
-0.0887434
-0.0748401
-0.0627294
-0.0519236
-0.0441086
-0.034316
-0.119966
-0.111058
-0.100352
-0.0880442
-0.075157
-0.0619299
-0.0483237
-0.0360398
-0.139128
-0.142878
-0.142426
-0.137256
-0.127748
-0.114394
-0.0966154
-0.0768101
-0.181995
-0.197778
-0.208499
-0.21332
-0.212323
-0.205803
-0.195281
-0.18068
-0.170836
-0.181223
-0.186815
-0.188401
-0.184879
-0.17799
-0.166384
-0.154122
-0.088925
-0.0783204
-0.0678773
-0.0591865
-0.0523258
-0.0479698
-0.044707
-0.0451674
-0.0744587
-0.0603469
-0.0459892
-0.0325214
-0.0203398
-0.0102939
-0.00209662
0.00729532
-0.0624357
-0.0571455
-0.0512647
-0.0451319
-0.0389961
-0.0330354
-0.027075
-0.0211114
-0.0497896
-0.0510437
-0.0514416
-0.0508382
-0.049208
-0.0466162
-0.0431935
-0.0389269
-0.0306449
-0.0294954
-0.0283717
-0.0273543
-0.0263542
-0.0254792
-0.024414
-0.0237062
-0.00561953
-0.00361618
-0.00191982
-0.000640691
0.000202345
0.000567607
0.000521566
0.000146551
-0.00521449
-0.00393317
-0.0028331
-0.0019174
-0.00116391
-0.000553399
-5.77357e-05
0.000373354
-0.0105923
-0.00998789
-0.00941365
-0.00886003
-0.00831528
-0.00777204
-0.00717526
-0.00634459
-0.0166349
-0.0162177
-0.015875
-0.0156369
-0.0155255
-0.0155526
-0.0157076
-0.0159592
0.00192822
0.00139328
0.000555477
-0.00058727
-0.00201237
-0.0036817
-0.00553196
-0.00748776
0.0106012
0.00999628
0.00919885
0.00821035
0.00706211
0.00580992
0.00452143
0.00327495
0.00186854
0.00188882
0.00195236
0.0020648
0.00223006
0.00245089
0.00272965
0.00306588
-0.251541
-0.190033
-0.14865
-0.114951
-0.088403
-0.0681989
-0.0518535
-0.0388417
-0.0288764
-0.0208016
-0.0142697
-0.00905629
-0.00480628
-0.00139664
0.00137426
0.00361633
0.00540692
0.0068296
0.00794047
0.00878797
0.00940704
0.00981306
0.0100249
-0.21687
-0.164913
-0.134884
-0.106424
-0.083559
-0.0656673
-0.0508467
-0.038993
-0.0295614
-0.0216563
-0.0152488
-0.00995502
-0.00560194
-0.00205863
0.000846077
0.00319472
0.00508114
0.00658033
0.00774868
0.00863672
0.0092818
0.00970418
0.0099233
-0.149224
-0.111407
-0.0967457
-0.0782856
-0.0646908
-0.0532718
-0.043202
-0.0344693
-0.0268179
-0.0201541
-0.0144911
-0.00961344
-0.00552354
-0.00209724
0.00074453
0.00306529
0.00494879
0.00645194
0.00762826
0.00852425
0.00917591
0.0096029
0.00982395
-0.0861539
-0.0593207
-0.053593
-0.0438491
-0.0398761
-0.0356818
-0.0313701
-0.0266444
-0.0217322
-0.0169195
-0.0124171
-0.00832378
-0.00472681
-0.00161009
0.00101711
0.00320183
0.00499574
0.00643952
0.00757851
0.00845047
0.00908748
0.00950739
0.00972493
-0.0309535
-0.0130412
-0.0135517
-0.0114898
-0.0160922
-0.0181073
-0.0190032
-0.0180143
-0.015855
-0.0128954
-0.00968159
-0.00649374
-0.00349791
-0.000804884
0.00152451
0.00350644
0.00515611
0.00650068
0.00757283
0.00840105
0.00901173
0.00941672
0.00962772
0.025643
0.0413795
0.0320735
0.0201968
0.00619174
-0.0019288
-0.00766595
-0.0098542
-0.0100981
-0.00883057
-0.00683373
-0.00450284
-0.00211479
0.000118771
0.00212853
0.00388151
0.00536667
0.00659713
0.00758998
0.00836496
0.00894187
0.0093281
0.00953076
0.0835738
0.0834377
0.0682006
0.0452463
0.0247548
0.0108189
0.00171845
-0.00302194
-0.00494351
-0.00505256
-0.00408607
-0.0025099
-0.000705224
0.00108627
0.00277917
0.00429405
0.0056072
0.00671655
0.0076248
0.00834239
0.00888177
0.00924584
0.00943827
0.0558758
0.0685515
0.0644865
0.0491483
0.0311246
0.0172034
0.00764177
0.00209942
-0.000665099
-0.00164082
-0.00142065
-0.000479774
0.000769419
0.00213134
0.00349262
0.00475766
0.00589057
0.00686971
0.00768455
0.00833731
0.00883308
0.00917086
0.00935018
-0.0207103
0.00461091
0.021203
0.0238402
0.0195923
0.0138505
0.00856987
0.00469198
0.0022839
0.00114487
0.000963334
0.00141051
0.00220807
0.00320298
0.00425175
0.00526925
0.00621545
0.00705647
0.00777157
0.00835317
0.00879926
0.0091064
0.00926993
-0.111728
-0.0636844
-0.0249416
-0.00657289
0.00312012
0.00588357
0.00629025
0.00501538
0.00404318
0.00331879
0.00305696
0.00321146
0.0036387
0.00427985
0.00503377
0.00581083
0.00656503
0.00726231
0.00787019
0.00837589
0.0087714
0.00904664
0.00919411
-0.153421
-0.0867596
-0.0476957
-0.0215331
-0.00761955
0.000401238
0.00412661
0.00510377
0.00555513
0.00523623
0.00496079
0.00488883
0.00500733
0.00533603
0.00580633
0.00635009
0.00691779
0.00747626
0.00797853
0.00840757
0.00874959
0.00899228
0.0091235
-0.130055
-0.0827559
-0.0507468
-0.0249457
-0.0105549
-0.000547535
0.00441721
0.00654622
0.00745155
0.0071406
0.00685566
0.00654115
0.00637047
0.00640254
0.00660135
0.00690661
0.00728516
0.00770432
0.00809377
0.00844295
0.00873138
0.00893971
0.0090545
-0.106707
-0.0757867
-0.0521613
-0.0270634
-0.012722
0.000458994
0.00569435
0.00938505
0.010004
0.00960417
0.00900052
0.00833865
0.00785583
0.00755456
0.00745045
0.00751089
0.00769226
0.00797126
0.00824219
0.00850331
0.00872755
0.00889606
0.00899029
-0.0883021
-0.0628683
-0.0425504
-0.0184117
-0.00768869
0.00588166
0.00921654
0.0132068
0.0127546
0.0123084
0.011159
0.0101081
0.00928243
0.00868254
0.0083091
0.00814176
0.00813395
0.00824685
0.00840056
0.00857216
0.00873173
0.008857
0.00892923
-0.0748314
-0.0519062
-0.029331
-0.00514952
0.00838653
0.0186554
0.0201821
0.0206388
0.0175404
0.0155336
0.0134427
0.0119117
0.0106998
0.00975863
0.00912384
0.00875424
0.008573
0.00853731
0.00857222
0.00865236
0.00874391
0.00882554
0.00887389
-0.0920261
-0.0749418
-0.0445435
-0.0128891
0.017333
0.0268707
0.0290869
0.0267876
0.0223218
0.0188445
0.0155416
0.0134496
0.0119021
0.0106922
0.00986268
0.00931128
0.00897362
0.00880184
0.00872698
0.00872372
0.00875431
0.00879362
0.00882048
-0.121331
-0.111573
-0.0765075
-0.0332389
0.0148275
0.0242515
0.0297256
0.0265186
0.0227092
0.0194791
0.0165547
0.0143904
0.0127053
0.011448
0.0105039
0.00983005
0.00936787
0.00907651
0.00889208
0.00880219
0.00876751
0.00876351
0.00876771
-0.13338
-0.125531
-0.0904936
-0.0460937
-0.000990973
0.018244
0.0238458
0.0232047
0.0206447
0.0181547
0.0160435
0.0145062
0.013217
0.0120738
0.0110728
0.010295
0.00972128
0.00932151
0.00904472
0.00887425
0.00877824
0.00873012
0.00871168
-0.11007
-0.0978105
-0.0733899
-0.0456697
-0.0192699
-0.00154896
0.00945413
0.0144368
0.0156129
0.0153509
0.0146022
0.0139034
0.0131605
0.0123025
0.0114246
0.010654
0.0100201
0.00953377
0.00917699
0.00893314
0.00877778
0.00868892
0.00864894
-0.0606842
-0.0500934
-0.0391397
-0.0341411
-0.0262966
-0.0137246
-0.000796614
0.00764109
0.0119709
0.0138456
0.0139504
0.0137586
0.0132196
0.0124389
0.0116167
0.0108829
0.0102313
0.00969321
0.00927306
0.00896833
0.00876363
0.00863974
0.0085788
-0.0311051
-0.0243381
-0.02191
-0.0230557
-0.0200106
-0.00716187
-0.000631496
0.00773498
0.0107339
0.0132665
0.0137163
0.0137564
0.0134258
0.0128054
0.0118707
0.0111001
0.0103971
0.00980116
0.00933048
0.00897704
0.00873077
0.00857303
0.00849544
-0.0393834
-0.0240494
-0.021194
-0.0130392
-0.00850807
0.00155808
0.00652985
0.0119571
0.0124872
0.0136017
0.0132775
0.0134972
0.0133025
0.0128171
0.012056
0.0112624
0.0105199
0.00987486
0.00935575
0.00895893
0.0086723
0.00849124
0.00839812
-0.0281506
-0.0136634
-0.00375522
0.00793805
0.0137441
0.018832
0.0202923
0.0208852
0.0192063
0.0176487
0.0158018
0.0149879
0.0140129
0.0131099
0.0121239
0.011264
0.0105058
0.0098497
0.0093102
0.00888731
0.00858165
0.00837689
0.00827359
-0.0637397
-0.0397482
-0.0122049
0.0126021
0.0302741
0.0321669
0.0314363
0.0269845
0.0244075
0.0207273
0.0179429
0.0160976
0.0145231
0.0133602
0.0122438
0.0112857
0.0104481
0.00976373
0.00920954
0.00877603
0.00845012
0.00823736
0.00812466
-0.155361
-0.122074
-0.0767978
-0.0315077
0.00757148
0.0229574
0.0271373
0.0230704
0.0214937
0.0186537
0.0164045
0.014821
0.0137746
0.0129074
0.0120026
0.0111171
0.0103006
0.00960176
0.00903471
0.00859713
0.00827411
0.00805413
0.00793772
-0.13302
-0.108912
-0.0717153
-0.0306332
0.00377258
0.019927
0.0229936
0.0219617
0.0202977
0.0172291
0.0149417
0.0136044
0.0130075
0.012269
0.011415
0.01059
0.00988144
0.00926953
0.00876532
0.00835877
0.00804795
0.0078349
0.0077201
-0.0443314
-0.0306849
-0.0147399
-0.0016432
0.00803725
0.0125349
0.0147087
0.0162068
0.016301
0.0149638
0.0130838
0.0123162
0.0119167
0.0114988
0.010839
0.0101008
0.00940882
0.00883359
0.00837675
0.0080225
0.00774856
0.00755579
0.0074472
-0.00351083
0.00239263
0.000890175
0.00207227
0.0035222
0.00619354
0.0090169
0.0117919
0.0130581
0.0117685
0.0102571
0.00957806
0.00969662
0.00994678
0.00975168
0.00930789
0.00879975
0.00832796
0.00793568
0.00763846
0.00740318
0.00723498
0.00713874
-0.016606
-0.0101209
-0.00350268
0.00413509
0.0112017
0.0169476
0.0200932
0.0196812
0.0174301
0.0137343
0.0105338
0.00880598
0.0085366
0.00859211
0.00837293
0.00812697
0.007875
0.00762896
0.00737367
0.00716473
0.00697576
0.00683981
0.00675631
-0.0327064
-0.0257054
-0.0166064
-0.00907866
-0.000670619
0.00483596
0.0075628
0.0079409
0.00883877
0.00899191
0.00778002
0.00661466
0.00653895
0.00674661
0.00692364
0.00696506
0.00690657
0.00681536
0.00671532
0.00664006
0.00653242
0.00642216
0.00635165
-0.0219175
-0.0197893
-0.0173423
-0.0156354
-0.0145469
-0.0148563
-0.0160594
-0.0154316
-0.0113689
-0.00675157
-0.00355303
-0.000665505
0.00241912
0.004751
0.00578375
0.00610248
0.00616515
0.00613232
0.00605676
0.00606093
0.00599029
0.00592449
0.00587091
-0.000915201
-0.00177155
-0.00349126
-0.00500674
-0.00763253
-0.0104683
-0.0129554
-0.0133815
-0.0110233
-0.00756507
-0.00460135
-0.00173344
0.00116326
0.00317541
0.00434414
0.00499407
0.00529638
0.00542001
0.0054786
0.00551788
0.00548812
0.00541861
0.00536397
0.000683364
0.00122359
0.00180146
0.00257922
0.00343332
0.00434484
0.00495567
0.00453984
0.00304299
0.000620546
-0.00174683
-0.0025577
-0.00121567
0.00108215
0.00286576
0.00391358
0.00436212
0.00460703
0.00475061
0.00487435
0.00488989
0.004861
0.00480046
-0.00526519
-0.00442836
-0.00347069
-0.00253794
-0.00173677
-0.00118923
-0.000987206
-0.00142059
-0.00232421
-0.00366337
-0.00509214
-0.00530599
-0.00349223
-0.000612363
0.00174104
0.00308508
0.00371268
0.00393372
0.0040199
0.00421717
0.00429082
0.00423795
0.00415855
-0.0163642
-0.017249
-0.0183739
-0.0197238
-0.0210936
-0.0222728
-0.0229104
-0.0224214
-0.0202784
-0.0170908
-0.0137954
-0.0102287
-0.00586424
-0.00141167
0.00153854
0.00284208
0.00329081
0.0033558
0.00332887
0.0036349
0.00364672
0.00355559
0.0034692
-0.0100309
-0.0130812
-0.016475
-0.019462
-0.0220877
-0.0241555
-0.0255742
-0.0256996
-0.023916
-0.0207954
-0.0172652
-0.0130484
-0.00780347
-0.00238469
0.000991961
0.00262845
0.00304253
0.00299649
0.00282362
0.00290025
0.00288868
0.0027395
0.00264102
0.00188114
0.00060664
-0.000227248
-0.000457174
-0.000211153
0.000284325
0.000575186
0.000223978
-0.00089702
-0.0023626
-0.00379721
-0.00487411
-0.00456195
-0.00243392
0.000270769
0.00190666
0.00231687
0.00231925
0.00204324
0.00209079
0.00202444
0.00184114
0.00174699
0.0035404
0.00419927
0.00494568
0.00572484
0.00638148
0.0067132
0.00649563
0.00545337
0.00352868
0.00127724
-0.000709495
-0.00222268
-0.00261914
-0.00140949
0.000117964
0.000951259
0.00113656
0.00108695
0.000935199
0.000924155
0.000846895
0.000730892
0.000676712
-0.163368
-0.135018
-0.108978
-0.08829
-0.0702485
-0.0555732
-0.0431861
-0.033056
-0.0246928
-0.017738
-0.0120226
-0.00731536
-0.00343023
-0.000233204
0.00239076
0.00451186
0.00622196
0.00757993
0.00864203
0.00945586
0.010044
0.0104256
0.0106194
-0.175127
-0.141781
-0.112788
-0.0901048
-0.0712269
-0.0557591
-0.0429444
-0.0326406
-0.0242033
-0.017252
-0.0116217
-0.0070083
-0.00321494
-0.000103663
0.00244578
0.00450956
0.00618214
0.00751632
0.00856528
0.00937165
0.00995741
0.0103423
0.0105393
-0.187462
-0.1489
-0.115962
-0.0916936
-0.0720231
-0.0558277
-0.0427175
-0.0322913
-0.0237655
-0.0168061
-0.0112508
-0.00670289
-0.00298716
4.61224e-05
0.0025245
0.00453063
0.00616299
0.007469
0.00850137
0.00929825
0.00988024
0.0102658
0.0104645
-0.197575
-0.154779
-0.119645
-0.0949518
-0.0740132
-0.0567407
-0.0431878
-0.0324707
-0.0236785
-0.0166208
-0.0110647
-0.00651272
-0.00283649
0.000152679
0.0025824
0.00454628
0.00614665
0.00742744
0.00844371
0.00923048
0.00980807
0.0101926
0.010392
-0.209907
-0.160122
-0.123344
-0.097716
-0.0752382
-0.0574017
-0.0437207
-0.0327867
-0.0237539
-0.0166622
-0.01107
-0.00647103
-0.00279915
0.000184331
0.00259034
0.00453463
0.00611671
0.00738043
0.00838475
0.0091635
0.00973773
0.0101207
0.0103205
-0.21574
-0.163513
-0.128385
-0.101156
-0.0769727
-0.0587327
-0.0447291
-0.0333839
-0.0240719
-0.0169625
-0.0112628
-0.00660023
-0.0028981
0.000112847
0.00252295
0.0044764
0.00605769
0.00731762
0.00831812
0.00909322
0.00966618
0.0100485
0.0102488
-0.22642
-0.167907
-0.132196
-0.103033
-0.0783585
-0.0601459
-0.0458179
-0.034082
-0.0247016
-0.0175684
-0.0116877
-0.006951
-0.00316803
-0.000102576
0.00234914
0.00434418
0.00594796
0.00722467
0.00823517
0.00901588
0.00959286
0.00997668
0.0101783
-0.23197
-0.176861
-0.13943
-0.10772
-0.0824044
-0.063511
-0.0482979
-0.0358678
-0.0263258
-0.0188399
-0.0126737
-0.00777057
-0.00380069
-0.000601783
0.00197392
0.00406734
0.00574073
0.00707176
0.00811838
0.00892204
0.00951309
0.00990398
0.0101088
0.0111042
-0.0160015
-0.0416832
-0.0682074
-0.0955461
-0.121704
-0.146137
-0.168595
0.0132595
-0.0166919
-0.0459278
-0.0760114
-0.106595
-0.135837
-0.162856
-0.186907
0.0143837
-0.0202289
-0.0541594
-0.0878942
-0.121073
-0.152403
-0.181106
-0.206865
0.0137719
-0.0258393
-0.064399
-0.101616
-0.137245
-0.170608
-0.201159
-0.229029
0.0109231
-0.0333353
-0.0762287
-0.117037
-0.15549
-0.191304
-0.224105
-0.254047
0.00583043
-0.0430473
-0.0903409
-0.13511
-0.176912
-0.215538
-0.250656
-0.282488
-0.00162827
-0.0556079
-0.107739
-0.156915
-0.202488
-0.244124
-0.281515
-0.315002
-0.0120778
-0.0719541
-0.129538
-0.183568
-0.233208
-0.27797
-0.317607
-0.352472
-0.0266515
-0.0933669
-0.157105
-0.216478
-0.270425
-0.318325
-0.360175
-0.396047
-0.0469648
-0.121566
-0.192269
-0.257543
-0.316176
-0.367344
-0.41099
-0.447181
-0.0752489
-0.158908
-0.237579
-0.309409
-0.372908
-0.427465
-0.472321
-0.507719
-0.114637
-0.208537
-0.296242
-0.375703
-0.444531
-0.50169
-0.546228
-0.578822
-0.17018
-0.275664
-0.372495
-0.459221
-0.532637
-0.590379
-0.632059
-0.658323
-0.245404
-0.364425
-0.473427
-0.564456
-0.636003
-0.688112
-0.720464
-0.733697
-0.316019
-0.441363
-0.548632
-0.635961
-0.701743
-0.74545
-0.768236
-0.772761
0.186879
0.17916
0.167228
0.151092
0.13088
0.106856
0.0797684
0.0478798
0.201383
0.192307
0.178285
0.159522
0.136459
0.108976
0.079062
0.0462559
0.217715
0.207493
0.191749
0.170802
0.145482
0.115546
0.0832922
0.04972
0.236258
0.225105
0.207883
0.184885
0.1573
0.12499
0.0896041
0.0530008
0.257016
0.244923
0.226134
0.200845
0.170434
0.135097
0.095703
0.0545788
0.279852
0.266633
0.245945
0.217933
0.183973
0.14477
0.100739
0.0543383
0.304669
0.290084
0.267072
0.235834
0.197634
0.153733
0.104525
0.0523628
0.331423
0.315237
0.289445
0.254424
0.211316
0.161866
0.106782
0.0482379
0.360032
0.342001
0.312927
0.273461
0.224704
0.16875
0.106803
0.0409794
0.39023
0.370055
0.33711
0.292373
0.237042
0.173454
0.103393
0.0291162
0.421411
0.398704
0.361166
0.310115
0.247018
0.174429
0.0947478
0.0105832
0.452374
0.42663
0.383606
0.324957
0.252598
0.169346
0.0782395
-0.0175661
0.481086
0.451634
0.401956
0.334046
0.250513
0.1545
0.049774
-0.0598894
0.503492
0.469687
0.412296
0.333382
0.236496
0.125358
0.00478293
-0.120638
0.521772
0.483679
0.419046
0.330476
0.221087
0.0953024
-0.0404728
-0.180117
0.028295
0.0282404
0.0281957
0.0281597
0.0281328
0.02811
0.0280949
0.0280771
0.0327957
0.0327005
0.0325797
0.0324359
0.0322727
0.0320918
0.0318966
0.031695
0.0290696
0.0290107
0.0289722
0.0289457
0.0289399
0.0289364
0.028943
0.0289499
0.0330204
0.0329035
0.032758
0.0325875
0.0323965
0.0321919
0.0319796
0.0317699
0.0306043
0.030535
0.030491
0.0304685
0.0304634
0.0304698
0.030485
0.0305014
0.0348939
0.0347447
0.0345635
0.034353
0.0341233
0.0338834
0.033632
0.0334005
0.0331433
0.0330466
0.0329825
0.0329511
0.0329344
0.032937
0.0329246
0.0329691
0.0375441
0.0373433
0.0371085
0.0368495
0.0365665
0.0362884
0.035988
0.0357785
0.0369149
0.0367545
0.0366306
0.0365316
0.0364507
0.0363936
0.0363213
0.0363119
0.0414159
0.0411729
0.040892
0.0405946
0.0402609
0.0399634
0.0395945
0.0394045
0.0421968
0.0419203
0.0416848
0.0414702
0.0412605
0.0411131
0.0408929
0.0408701
0.0470064
0.0466117
0.046245
0.045868
0.0453955
0.0451153
0.0445451
0.0445577
0.0495605
0.0491485
0.0487421
0.0483935
0.0479689
0.0477114
0.0472231
0.0470875
0.0552119
0.0546986
0.0540393
0.0535109
0.0527086
0.0523658
0.0514334
0.051309
0.0598766
0.0592242
0.0584985
0.0578292
0.0570056
0.0564027
0.0554172
0.054971
0.0671579
0.0663773
0.0654583
0.0646483
0.0634295
0.0625881
0.0608512
0.0601718
0.0744549
0.0733276
0.0719944
0.0706265
0.0688892
0.0673719
0.0652282
0.0637351
0.0843777
0.0830406
0.0814656
0.0798107
0.0774603
0.0754285
0.0721083
0.0699238
0.0953255
0.0933764
0.0909463
0.0881223
0.0846299
0.080973
0.0765354
0.0720649
0.109212
0.106843
0.103768
0.100064
0.0953417
0.0902291
0.0837045
0.0771289
0.124991
0.121585
0.117031
0.11121
0.104122
0.0956424
0.0863648
0.0747885
0.144435
0.140151
0.134148
0.126225
0.11628
0.104574
0.0903141
0.0751192
0.1667
0.160807
0.152005
0.140132
0.124963
0.107101
0.0863003
0.0619092
0.0280558
0.0280366
0.0280353
0.0280526
0.0280921
0.0281478
0.0281741
0.0281466
0.0280375
0.0278296
0.0275112
0.0270792
0.0265416
0.0259207
0.0252443
0.024544
0.0238475
0.0231736
0.022536
0.0219548
0.0214577
0.0210767
0.0208541
0.0314272
0.0310619
0.0306191
0.030088
0.0294599
0.0288024
0.0281656
0.0275652
0.0270228
0.0265501
0.0261448
0.0257917
0.0254624
0.0251041
0.0246471
0.0241054
0.0235045
0.0228837
0.022276
0.0217106
0.0212241
0.0208524
0.0206364
0.0289663
0.0289927
0.0290352
0.0290964
0.0291351
0.0290616
0.0288682
0.0285668
0.0281467
0.0276101
0.0269769
0.0262827
0.0255868
0.0249355
0.0243222
0.0237279
0.0231144
0.0224862
0.0218762
0.0213114
0.0208271
0.0204627
0.020254
0.031468
0.0310582
0.0305667
0.0300104
0.0294902
0.0290189
0.0285844
0.0281694
0.027759
0.0273336
0.0268643
0.0262958
0.0256069
0.0248395
0.0240973
0.0233853
0.0226949
0.0220256
0.021392
0.0208245
0.0203448
0.0199877
0.0197841
0.0305141
0.0304968
0.0304908
0.0304479
0.0302867
0.0300323
0.0296664
0.0291781
0.028574
0.027877
0.0271262
0.0263494
0.0255445
0.024698
0.0238335
0.0229852
0.0221869
0.0214599
0.0208061
0.0202457
0.0197839
0.0194501
0.0192676
0.0330231
0.0324664
0.0318257
0.0312121
0.0306417
0.0300806
0.0295215
0.0289535
0.0283576
0.0276953
0.0269512
0.0261323
0.0252586
0.0243371
0.0233813
0.0224437
0.021572
0.0207959
0.0201289
0.0195752
0.0191347
0.0188285
0.0186735
0.0329169
0.0327926
0.0326414
0.0323471
0.031929
0.0313723
0.0306739
0.0298491
0.0289305
0.0279547
0.0269473
0.0259239
0.0248944
0.0238653
0.0228419
0.0218487
0.020933
0.0201238
0.019445
0.0188955
0.0184668
0.0181709
0.0180261
0.0352977
0.0346069
0.0338434
0.0331126
0.0323651
0.0315921
0.0307876
0.029907
0.0289351
0.0278636
0.0267122
0.0255213
0.0243393
0.0232039
0.0221357
0.0211345
0.0202223
0.0194243
0.0187595
0.0182334
0.0178353
0.017554
0.0174143
0.0361317
0.0357435
0.0352402
0.0345951
0.0337695
0.0327697
0.0316136
0.0303477
0.0290121
0.0276338
0.0262367
0.0248488
0.0235155
0.0222815
0.0211819
0.0202133
0.0193633
0.0186329
0.0180267
0.0175548
0.0172185
0.0169821
0.0168639
0.038781
0.0377495
0.036706
0.0355975
0.034449
0.0332012
0.0318507
0.0303904
0.0288332
0.0272196
0.0255992
0.0240283
0.0225633
0.0212478
0.0201143
0.0191722
0.018402
0.0177728
0.017262
0.0168667
0.0165988
0.0164154
0.0163279
0.0404446
0.0395311
0.0385259
0.0373294
0.0358856
0.0342421
0.0324461
0.0305508
0.0286078
0.026674
0.0248061
0.0230598
0.0214876
0.0201211
0.0189769
0.0180645
0.0173716
0.016856
0.0164623
0.0161643
0.0159653
0.0158272
0.0157685
0.0435219
0.0419633
0.0402886
0.0384604
0.0365154
0.0344331
0.0322207
0.0299318
0.0276474
0.0254544
0.0234247
0.0216167
0.0200562
0.0187513
0.0176933
0.0168746
0.0162821
0.0158826
0.015611
0.0154212
0.0153038
0.0152189
0.0151912
0.0460665
0.0443288
0.0423526
0.0400672
0.0375086
0.0347867
0.0319997
0.0292333
0.0265736
0.0241083
0.0219154
0.0200482
0.0185186
0.0173106
0.0163857
0.0157047
0.0152331
0.0149418
0.0147757
0.0146836
0.0146488
0.0146249
0.0146306
0.0495163
0.046855
0.044022
0.0410392
0.0379154
0.0346558
0.0313465
0.028123
0.0251162
0.0224354
0.0201484
0.0182887
0.0168444
0.0157793
0.0150355
0.014543
0.0142368
0.0140772
0.0140197
0.0140202
0.0140592
0.0140923
0.0141244
0.0529846
0.0496821
0.0460107
0.0419813
0.0377779
0.0336141
0.0296416
0.0259914
0.0227799
0.0200648
0.0178678
0.0161779
0.014949
0.0141228
0.0136272
0.0133758
0.0132822
0.0132915
0.0133632
0.0134615
0.0135669
0.0136462
0.0136932
0.0566333
0.0517997
0.0468561
0.0418115
0.0367229
0.0317891
0.0272558
0.0232924
0.0199844
0.0173483
0.0153553
0.0139388
0.0130119
0.0124865
0.0122716
0.012273
0.0123979
0.0125834
0.0127902
0.0129863
0.0131531
0.0132726
0.01333
0.059766
0.0538045
0.0475002
0.0410823
0.0349167
0.0292499
0.0242902
0.0201405
0.0168407
0.0143756
0.0126688
0.0116011
0.0110387
0.0108563
0.0109421
0.0111968
0.0115326
0.0118898
0.012232
0.0125289
0.0127644
0.0129323
0.0130085
0.0631761
0.0546083
0.0463666
0.0385291
0.0313722
0.0251968
0.0201188
0.0161195
0.0131379
0.011079
0.0098115
0.00918341
0.00903535
0.00922014
0.00961356
0.0101167
0.0106543
0.0111764
0.0116524
0.0120537
0.0123679
0.0125969
0.0127034
0.0641647
0.053956
0.0439231
0.0347109
0.0267373
0.0202176
0.0151486
0.0114459
0.00896062
0.00748392
0.00679634
0.00669703
0.0070069
0.00757476
0.00827995
0.00903174
0.00976938
0.010454
0.0110629
0.0115707
0.0119693
0.0122649
0.0124069
0.0648377
0.050285
0.0382872
0.0281927
0.0200211
0.0137245
0.00913757
0.00607757
0.00432917
0.00360862
0.00363191
0.00415392
0.00497694
0.00595493
0.00698437
0.00799067
0.0089295
0.00977308
0.0105082
0.0111173
0.0115955
0.0119517
0.0121272
0.0596898
0.0437009
0.0305737
0.0199416
0.0119274
0.00619136
0.00241068
0.000281925
-0.000533019
-0.000383623
0.0004174
0.00160607
0.00297606
0.00438772
0.00575683
0.00702635
0.00816825
0.00916588
0.0100178
0.0107185
0.0112658
0.011672
0.0118773
0.0507873
0.0317527
0.0187016
0.00871871
0.00167354
-0.00293576
-0.00545261
-0.00627648
-0.00587336
-0.00465985
-0.00296556
-0.00104391
0.000916913
0.00279624
0.00453386
0.00608809
0.00744682
0.00860597
0.00957561
0.0103649
0.0109759
0.0114289
0.0116635
0.0304742
0.0157545
0.00364914
-0.00502711
-0.010625
-0.0136546
-0.0145055
-0.0137262
-0.0118848
-0.00943813
-0.00672795
-0.00398726
-0.00137137
0.00102889
0.00318133
0.00506065
0.00667186
0.00802134
0.00913056
0.0100228
0.0107055
0.011214
0.0114819
0.00733984
-0.00195944
-0.0112265
-0.0183281
-0.0225882
-0.024083
-0.0233122
-0.0209861
-0.0177478
-0.0140966
-0.0103844
-0.00683111
-0.00356407
-0.000646353
0.00191458
0.00411828
0.00598149
0.00752143
0.0087691
0.0097599
0.0105076
0.0110592
0.0113523
-0.0179925
-0.0248558
-0.0295093
-0.0329395
-0.034081
-0.0328464
-0.0298653
-0.0258437
-0.0213308
-0.0167312
-0.0123171
-0.00824645
-0.00459999
-0.00140149
0.00136639
0.00372624
0.00570453
0.00732699
0.00863013
0.00965562
0.0104204
0.0109697
0.0112623
-0.0429319
-0.0504893
-0.050301
-0.0480239
-0.0441081
-0.0390851
-0.0334847
-0.0277465
-0.0221719
-0.0169575
-0.0122144
-0.00799086
-0.00429705
-0.00110676
0.00162364
0.0039334
0.00585887
0.00743241
0.00869204
0.0096792
0.0104082
0.0109115
0.0111783
-0.0655383
-0.0701867
-0.0652497
-0.0592961
-0.0516491
-0.0437304
-0.0360674
-0.0289375
-0.0224818
-0.0167482
-0.0117344
-0.00740517
-0.00370191
-0.000556771
0.00209399
0.00430736
0.00613527
0.00762074
0.00880537
0.00973077
0.0104078
0.0108564
0.0110906
-0.088329
-0.0861303
-0.0755382
-0.0668094
-0.056865
-0.0473304
-0.0384123
-0.0303362
-0.0232016
-0.0170023
-0.0116906
-0.00719172
-0.00340377
-0.000230122
0.00240393
0.00456856
0.00633273
0.00775248
0.00887658
0.00974987
0.0103829
0.010789
0.0109966
-0.110302
-0.101046
-0.0854883
-0.0737883
-0.0614926
-0.0505246
-0.0405688
-0.0317672
-0.0241199
-0.0175504
-0.0119782
-0.00730707
-0.00341273
-0.000177208
0.0024868
0.00465104
0.00639517
0.00778467
0.00887543
0.00971693
0.0103231
0.0107057
0.0108982
-0.130961
-0.114833
-0.0949424
-0.0799467
-0.0652473
-0.0529429
-0.0420862
-0.0327385
-0.0247553
-0.0179627
-0.0122462
-0.00747906
-0.00352169
-0.000248028
0.00244183
0.00461567
0.00635875
0.00773907
0.00881635
0.00964284
0.0102368
0.0106121
0.0108
-0.14852
-0.126086
-0.103063
-0.085148
-0.0684439
-0.054808
-0.0430435
-0.033197
-0.0249536
-0.0180269
-0.0122645
-0.0074914
-0.00354253
-0.000285382
0.00239056
0.00455159
0.00628637
0.00765945
0.00872999
0.00954937
0.0101392
0.0105164
0.0107061
)
;

boundaryField
{
    outlet
    {
        type            fixedValue;
        value           uniform 0;
    }
    upperWall
    {
        type            symmetryPlane;
    }
    lowerWall
    {
        type            symmetryPlane;
    }
    inlet
    {
        type            zeroGradient;
    }
    cylinder
    {
        type            zeroGradient;
    }
    frontAndBack
    {
        type            empty;
    }
}


// ************************************************************************* //
