/*--------------------------------*- C++ -*----------------------------------*\
| =========                 |                                                 |
| \\      /  F ield         | OpenFOAM: The Open Source CFD Toolbox           |
|  \\    /   O peration     | Version:  2312                                  |
|   \\  /    A nd           | Website:  www.openfoam.com                      |
|    \\/     M anipulation  |                                                 |
\*---------------------------------------------------------------------------*/
FoamFile
{
    version     2.0;
    format      ascii;
    arch        "LSB;label=32;scalar=64";
    class       volScalarField;
    location    "108.4";
    object      p;
}
// * * * * * * * * * * * * * * * * * * * * * * * * * * * * * * * * * * * * * //

dimensions      [0 2 -2 0 0 0 0];

internalField   nonuniform List<scalar> 
5478
(
-0.331952
-0.333136
-0.331409
-0.326982
-0.31857
-0.305725
-0.288991
-0.270003
-0.250776
-0.232989
-0.217688
-0.204343
-0.19294
-0.181727
-0.170995
-0.339198
-0.338555
-0.33598
-0.330955
-0.322135
-0.308571
-0.290801
-0.27071
-0.250307
-0.230991
-0.213328
-0.197473
-0.183305
-0.170171
-0.157998
-0.348798
-0.345649
-0.341051
-0.334391
-0.323746
-0.308067
-0.288355
-0.266727
-0.245105
-0.224724
-0.206171
-0.189488
-0.174321
-0.159994
-0.146515
-0.361197
-0.354987
-0.347961
-0.33857
-0.324325
-0.305094
-0.282786
-0.259643
-0.23728
-0.216531
-0.197543
-0.180196
-0.164188
-0.149467
-0.136175
-0.37806
-0.368516
-0.358428
-0.344344
-0.3244
-0.30052
-0.275399
-0.250866
-0.22786
-0.206698
-0.187412
-0.169899
-0.153894
-0.139267
-0.125586
-0.401374
-0.386127
-0.371866
-0.350519
-0.323246
-0.294322
-0.266342
-0.240338
-0.216605
-0.195147
-0.175792
-0.158263
-0.142324
-0.127877
-0.114431
-0.427533
-0.406737
-0.384873
-0.353953
-0.318997
-0.285246
-0.254525
-0.227067
-0.20264
-0.180907
-0.161556
-0.14434
-0.128995
-0.115227
-0.102385
-0.451613
-0.426599
-0.39319
-0.35136
-0.30932
-0.271402
-0.23834
-0.209686
-0.184783
-0.16307
-0.144083
-0.127441
-0.11289
-0.100085
-0.088583
-0.477554
-0.479784
-0.482837
-0.489863
-0.500425
-0.513045
-0.525359
-0.534026
-0.539946
-0.537969
-0.5264
-0.505367
-0.477617
-0.446826
-0.41542
-0.438314
-0.439781
-0.43977
-0.441286
-0.444052
-0.44671
-0.447545
-0.444694
-0.43786
-0.425774
-0.408669
-0.38808
-0.367813
-0.354367
-0.33844
-0.404918
-0.405646
-0.403457
-0.400851
-0.397625
-0.39284
-0.385138
-0.373675
-0.358405
-0.339886
-0.319976
-0.301845
-0.285303
-0.289359
-0.283863
-0.378199
-0.378647
-0.375491
-0.370462
-0.363874
-0.354231
-0.34113
-0.324453
-0.304854
-0.283954
-0.261877
-0.249224
-0.234912
-0.243662
-0.250496
-0.357461
-0.358245
-0.355167
-0.349395
-0.340169
-0.327433
-0.311045
-0.291397
-0.269321
-0.247831
-0.227483
-0.217293
-0.207989
-0.215428
-0.229095
-0.341957
-0.343389
-0.340598
-0.334152
-0.323704
-0.309201
-0.291039
-0.270072
-0.248227
-0.227994
-0.211136
-0.20261
-0.198991
-0.204603
-0.218355
-0.331947
-0.333901
-0.331368
-0.32509
-0.314601
-0.300038
-0.281992
-0.262118
-0.242054
-0.223981
-0.210376
-0.202341
-0.200026
-0.20246
-0.209146
-0.328643
-0.330639
-0.328626
-0.323196
-0.313968
-0.300608
-0.283763
-0.264968
-0.246125
-0.229121
-0.215895
-0.206023
-0.199859
-0.195599
-0.19224
-0.398165
-0.435655
-0.47215
-0.433878
-0.312469
-0.209661
-0.165463
-0.152679
-0.163162
-0.167397
-0.152637
-0.147905
-0.14513
-0.122845
-0.0999268
-0.11141
-0.136054
-0.145853
-0.119893
-0.11045
-0.124458
-0.151527
-0.118184
-0.122016
-0.152111
-0.176173
-0.134454
-0.147126
-0.0977655
-0.0768637
-0.0306195
-0.0158426
-0.0107881
-0.00538195
-0.00621925
-0.00440765
-0.00145716
-0.000677174
-0.365268
-0.462939
-0.512679
-0.463414
-0.336076
-0.221908
-0.163901
-0.14102
-0.132654
-0.124741
-0.124106
-0.137835
-0.141316
-0.118602
-0.0967725
-0.107691
-0.131403
-0.141765
-0.121614
-0.118026
-0.138598
-0.16303
-0.11505
-0.111997
-0.131704
-0.154358
-0.151109
-0.168232
-0.097522
-0.0723882
-0.0323949
-0.0171858
-0.0109879
-0.00550538
-0.0061196
-0.00439966
-0.00161769
-0.000700139
-0.317078
-0.449115
-0.51221
-0.465908
-0.342186
-0.224957
-0.160582
-0.134376
-0.115482
-0.0971894
-0.100522
-0.12829
-0.136266
-0.114716
-0.095072
-0.104682
-0.126549
-0.135867
-0.121922
-0.123552
-0.151848
-0.17209
-0.110839
-0.101279
-0.112211
-0.130719
-0.163821
-0.184232
-0.0962163
-0.0666431
-0.0337759
-0.0185787
-0.0111842
-0.00559641
-0.00602465
-0.00437642
-0.00180374
-0.000731538
-0.278139
-0.396966
-0.469581
-0.429077
-0.322381
-0.219899
-0.156114
-0.129546
-0.109779
-0.0872281
-0.0876479
-0.122063
-0.131883
-0.111181
-0.0948804
-0.102793
-0.121725
-0.128498
-0.12044
-0.126419
-0.163499
-0.179281
-0.107127
-0.0906857
-0.0948436
-0.106768
-0.172083
-0.194425
-0.0949719
-0.0605289
-0.0346932
-0.0199368
-0.0113716
-0.00566618
-0.00593995
-0.00436742
-0.00199314
-0.000766881
-0.252147
-0.341579
-0.409751
-0.378501
-0.294502
-0.211947
-0.153524
-0.125714
-0.107725
-0.0903848
-0.0905139
-0.123684
-0.128852
-0.110391
-0.0975745
-0.103573
-0.117653
-0.120382
-0.116716
-0.125997
-0.172898
-0.183913
-0.104205
-0.0804952
-0.0803486
-0.0842451
-0.175754
-0.198205
-0.0942084
-0.0542346
-0.0350115
-0.021115
-0.0115985
-0.00573356
-0.00586423
-0.00434315
-0.00218995
-0.000802701
-0.233614
-0.28652
-0.340204
-0.319646
-0.261041
-0.198549
-0.149221
-0.121779
-0.104036
-0.0955238
-0.100348
-0.130138
-0.128432
-0.111108
-0.100704
-0.104218
-0.112541
-0.111598
-0.110322
-0.122191
-0.17865
-0.186651
-0.103304
-0.0711826
-0.0691596
-0.0642489
-0.174684
-0.195989
-0.0944208
-0.0470532
-0.0348342
-0.0220535
-0.0118762
-0.0058248
-0.00578956
-0.004345
-0.0023962
-0.000835898
-0.214463
-0.238712
-0.27113
-0.266404
-0.23343
-0.187801
-0.146235
-0.118833
-0.100854
-0.0930603
-0.113957
-0.138569
-0.12833
-0.109017
-0.103311
-0.105309
-0.110149
-0.103934
-0.101585
-0.11368
-0.18077
-0.185307
-0.101745
-0.0631666
-0.0619329
-0.046338
-0.169581
-0.188924
-0.0943844
-0.0407264
-0.034317
-0.0226345
-0.0122557
-0.00592876
-0.00569614
-0.00438789
-0.00261515
-0.000864531
-0.189687
-0.198704
-0.214032
-0.216009
-0.202293
-0.174231
-0.141339
-0.117556
-0.0997268
-0.0816364
-0.119291
-0.152735
-0.134493
-0.110825
-0.104352
-0.101415
-0.103015
-0.0944913
-0.0915842
-0.101301
-0.177895
-0.184943
-0.10265
-0.0559129
-0.0576652
-0.0307147
-0.160718
-0.180174
-0.0957447
-0.0335033
-0.0330941
-0.022848
-0.0127179
-0.00608862
-0.00557757
-0.00448291
-0.00285039
-0.000887918
-0.176618
-0.188171
-0.189639
-0.18428
-0.171312
-0.146716
-0.118116
-0.0983112
-0.0846072
-0.0686523
-0.100694
-0.125048
-0.122673
-0.105815
-0.102702
-0.10361
-0.100769
-0.0842152
-0.0795364
-0.0944058
-0.164428
-0.174057
-0.0999404
-0.0482269
-0.0536347
-0.0245463
-0.146363
-0.164166
-0.0964374
-0.0316078
-0.0315946
-0.0222401
-0.013371
-0.00623237
-0.00535238
-0.00467487
-0.00314756
-0.000902831
-0.136313
-0.150774
-0.150819
-0.140608
-0.126839
-0.108839
-0.0883575
-0.0756461
-0.0629202
-0.0521365
-0.0785189
-0.107273
-0.102668
-0.0893797
-0.0946954
-0.0967596
-0.0826161
-0.0650017
-0.0577574
-0.0763368
-0.148624
-0.167585
-0.0909882
-0.0351633
-0.0388698
-0.0138728
-0.123827
-0.158341
-0.0911506
-0.0270893
-0.0293809
-0.0217492
-0.014132
-0.00648118
-0.00506044
-0.004999
-0.00352563
-0.000918777
-0.112418
-0.125021
-0.124231
-0.11546
-0.104447
-0.0906561
-0.0742442
-0.0611414
-0.0451205
-0.0257323
-0.0212646
-0.0180907
-0.0349899
-0.0516764
-0.0761422
-0.0804921
-0.0651273
-0.046828
-0.0359762
-0.0482069
-0.114922
-0.13458
-0.0709581
-0.0228678
-0.0277346
-0.00509019
-0.097847
-0.12981
-0.0781739
-0.0239383
-0.0271799
-0.0208427
-0.0151833
-0.00695702
-0.0046944
-0.00543989
-0.00398716
-0.000941099
-0.0884318
-0.0985847
-0.0981801
-0.089897
-0.0784457
-0.0642312
-0.050274
-0.0382691
-0.0234821
-0.00594931
0.00697169
0.0185569
0.0198843
-0.0131899
-0.0481912
-0.0505454
-0.0393062
-0.0236861
-0.01164
-0.019577
-0.0719864
-0.0819736
-0.0464119
-0.0183519
-0.017578
0.00389408
-0.0652701
-0.0959332
-0.0623282
-0.0230047
-0.0246554
-0.0199373
-0.0167474
-0.00766203
-0.00423514
-0.00601398
-0.00455896
-0.000975049
-0.0661144
-0.0748755
-0.0755854
-0.0693512
-0.0603332
-0.0501352
-0.0389273
-0.028331
-0.0139411
0.00550189
0.0252478
0.0438789
0.0446735
0.01135
-0.01949
-0.0260986
-0.0201264
-0.0119919
0.00225998
0.00664849
-0.0223726
-0.025872
-0.0230784
-0.0214795
-0.0107146
0.00720419
-0.0268192
-0.0456183
-0.0402239
-0.0238501
-0.0212351
-0.019475
-0.0187093
-0.00871312
-0.00376265
-0.00671309
-0.0052385
-0.0010222
-0.0483048
-0.0559626
-0.0570507
-0.05255
-0.04522
-0.0362202
-0.026043
-0.0156345
-0.00331563
0.0123831
0.0272734
0.0406601
0.0448595
0.0230997
0.000223675
-0.00860431
-0.00348594
0.00252105
0.0115756
0.0147679
0.000105431
0.00254462
-0.00858845
-0.0231093
-0.0043454
0.0104061
0.00605997
-0.00274884
-0.0121517
-0.0193648
-0.0155629
-0.0191801
-0.0208254
-0.0101337
-0.00344588
-0.00756081
-0.00598489
-0.00105708
-0.0345607
-0.0402358
-0.041256
-0.038043
-0.0322606
-0.0252639
-0.0175149
-0.00940169
-0.000180263
0.0116449
0.0234469
0.032637
0.0364273
0.0251038
0.0102684
0.00202257
0.00446994
0.0075091
0.0144039
0.0195097
0.01134
0.0124008
0.00167252
-0.0123616
0.000765832
0.0130847
0.0267323
0.0239201
0.0103562
-0.0144443
-0.00825725
-0.0178956
-0.0224336
-0.0112891
-0.00343376
-0.00850924
-0.00688828
-0.00110281
-0.0227566
-0.027246
-0.0285036
-0.0264608
-0.0221905
-0.0168887
-0.0109725
-0.00453225
0.00260848
0.0110781
0.0191476
0.0252443
0.0278882
0.0227739
0.0145925
0.00860807
0.0106683
0.01344
0.0165447
0.0198577
0.0120164
0.0128179
0.00904108
0.000333567
0.00717866
0.015889
0.0291492
0.0284665
0.0209309
-0.00704103
-0.00106666
-0.0147391
-0.0225939
-0.0110659
-0.00348582
-0.00916733
-0.00797463
-0.00119641
-0.013577
-0.0172452
-0.0183756
-0.0170284
-0.0139471
-0.0100597
-0.00569876
-0.000958544
0.00408525
0.00974233
0.0151367
0.0193706
0.0213387
0.0195356
0.0157969
0.0118117
0.0125329
0.0140751
0.0158144
0.0181743
0.0139572
0.0138482
0.0125078
0.00682196
0.0111812
0.016709
0.0264833
0.0290901
0.0234459
0.00102613
0.0042827
-0.00871782
-0.0193644
-0.00878426
-0.00297434
-0.00851876
-0.00789096
-0.00122553
-0.00666157
-0.00929611
-0.0102328
-0.00947143
-0.00739686
-0.00468105
-0.00162707
0.00169487
0.00515365
0.00897563
0.0125517
0.0155596
0.0171057
0.0167388
0.0154538
0.0134237
0.0138248
0.0152675
0.0159293
0.0169211
0.0145215
0.0141643
0.0137184
0.0111323
0.0142521
0.0171134
0.0226307
0.0257982
0.0226554
0.00752141
0.00714062
-0.00176689
-0.0129078
-0.00519156
-0.00167822
-0.00639708
-0.00623014
-0.00107145
-0.00103455
-0.00310448
-0.00392053
-0.00354841
-0.00221436
-0.000367149
0.00170886
0.00396146
0.00625225
0.00876172
0.0111314
0.0132173
0.0144734
0.0147374
0.0147058
0.0139407
0.0140159
0.0148305
0.0151947
0.0157248
0.0145501
0.0144089
0.0142119
0.0127072
0.015089
0.0166568
0.0197436
0.022502
0.0206014
0.0107451
0.00872662
0.00341738
-0.00652337
-0.00176372
-1.84128e-05
-0.00382253
-0.0039065
-0.000776039
0.00337276
0.00177392
0.0010309
0.00114946
0.00195605
0.00315378
0.00450196
0.00595143
0.00741958
0.0090277
0.010584
0.0119642
0.0130153
0.0135095
0.0138185
0.013724
0.0139262
0.0145512
0.0148365
0.0150826
0.0144833
0.014431
0.0144166
0.0137936
0.0155614
0.0164811
0.017638
0.0193393
0.0181724
0.011924
0.0096823
0.00609085
-0.00167215
0.00074043
0.00134437
-0.00179552
-0.00211637
-0.00049518
0.00671475
0.00550509
0.00488047
0.00483922
0.00527965
0.00600207
0.00684156
0.00773399
0.00863789
0.00961753
0.010618
0.01155
0.0123233
0.0128286
0.0132749
0.0135578
0.0137806
0.0141471
0.0143751
0.0145515
0.0142735
0.0143168
0.0143949
0.013989
0.0149723
0.0154023
0.0159294
0.016801
0.0158853
0.0120373
0.00998933
0.0070886
0.00143666
0.00214016
0.00200121
-0.000520473
-0.00101985
-0.000241255
0.00934489
0.00841753
0.00787355
0.0077206
0.00790896
0.00831173
0.0088116
0.00931984
0.00983077
0.010392
0.0110125
0.0116097
0.0121398
0.0125599
0.0129557
0.0132856
0.0135352
0.0137898
0.0140146
0.0141617
0.0140613
0.0140907
0.0141716
0.0139771
0.0144944
0.0148462
0.0147639
0.0148772
0.0140486
0.0116535
0.00982258
0.00742894
0.00339194
0.00293211
0.00233661
0.000311489
-0.000263568
-2.79748e-05
0.0113544
0.0106339
0.010169
0.00996446
0.00999593
0.0101795
0.010436
0.0106916
0.0109465
0.0112387
0.0115851
0.0119427
0.0122682
0.0125612
0.0128609
0.0131313
0.0133546
0.0135306
0.0137013
0.0138218
0.0137936
0.0138097
0.0138486
0.0137067
0.0138391
0.0138556
0.0136555
0.0134262
0.012606
0.0109854
0.00934894
0.00739487
0.00449954
0.00341349
0.00250461
0.00083618
0.000165868
0.000111324
0.0128893
0.0123332
0.0119391
0.0117102
0.0116406
0.0116794
0.0117745
0.0118641
0.0119497
0.0120586
0.0122179
0.0123987
0.0125715
0.0127306
0.0129104
0.0130864
0.0132394
0.0133447
0.0134517
0.0135321
0.0135126
0.0134899
0.0134578
0.0133192
0.0132484
0.0131199
0.0127877
0.0123725
0.0115631
0.0103432
0.00895832
0.00728906
0.00517626
0.00387358
0.00276131
0.00128586
0.000505135
0.000224328
0.0140529
0.0136184
0.013282
0.0130492
0.0129221
0.0128691
0.0128553
0.0128331
0.0128079
0.012797
0.0128302
0.0128782
0.0129266
0.0129727
0.0130492
0.0131304
0.0131959
0.0132313
0.0132647
0.013283
0.0132326
0.0131626
0.0130714
0.0128985
0.0126988
0.0124525
0.0120323
0.0115548
0.0107624
0.00975346
0.00859498
0.00713289
0.00550489
0.00421617
0.00301776
0.00165331
0.000762025
0.000294636
0.0149183
0.0145767
0.0142905
0.0140651
0.0139054
0.0137936
0.0137087
0.0136152
0.0135199
0.0134311
0.0133761
0.0133289
0.0132886
0.0132473
0.0132322
0.0132237
0.0132067
0.0131706
0.0131314
0.0130788
0.0129828
0.012859
0.0127066
0.0124914
0.0122129
0.011905
0.0114316
0.0109233
0.0101782
0.00927839
0.00828832
0.00702343
0.00568183
0.00447509
0.00327731
0.00200102
0.00101085
0.000361265
0.015552
0.0152789
0.0150325
0.0148186
0.0146427
0.0144962
0.0143658
0.0142277
0.0140877
0.0139493
0.0138355
0.0137227
0.0136188
0.0135092
0.0134221
0.0133371
0.0132492
0.0131467
0.0130398
0.0129204
0.0127703
0.012593
0.0123854
0.0121323
0.0118053
0.0114577
0.0109593
0.0104335
0.00973945
0.00891598
0.00803461
0.00694076
0.00578515
0.0046516
0.00350586
0.00232486
0.00127201
0.000431997
0.0160022
0.0157767
0.0155613
0.0153602
0.0151786
0.0150122
0.0148538
0.0146886
0.0145212
0.0143529
0.0141992
0.0140436
0.0138928
0.0137354
0.013593
0.0134486
0.0133028
0.0131441
0.0129804
0.012804
0.0126018
0.012379
0.0121227
0.0118348
0.011473
0.0110921
0.0105931
0.0100546
0.0094084
0.00863946
0.00782075
0.00685498
0.00582585
0.00475823
0.00369357
0.00258962
0.00150197
0.000501634
0.0163068
0.0161137
0.0159215
0.015732
0.0155501
0.0153728
0.0151982
0.0150173
0.0148339
0.0146482
0.0144682
0.0142854
0.0141025
0.0139139
0.013731
0.0135437
0.0133545
0.013153
0.0129455
0.012724
0.0124789
0.0122191
0.011923
0.0116024
0.0112201
0.0108067
0.0103163
0.00976911
0.00914423
0.00842602
0.00764372
0.00675853
0.00580784
0.00479331
0.00375928
0.00270081
0.00161327
0.000530495
0.0164932
0.0163208
0.0161441
0.015964
0.0157839
0.0156019
0.0154189
0.0152299
0.0150387
0.0148425
0.0146479
0.0144474
0.0142463
0.0140374
0.0138289
0.0136132
0.0133938
0.0131645
0.0129256
0.0126744
0.0123998
0.0121114
0.0117884
0.0114447
0.0110456
0.0106162
0.0101229
0.00957532
0.00896534
0.00826923
0.0075177
0.00667889
0.00577422
0.00480955
0.00379552
0.00275921
0.00167546
0.000558108
0.0165807
0.0164184
0.0162499
0.0160753
0.0158972
0.015714
0.0155278
0.0153356
0.0151408
0.0149404
0.0147385
0.0145303
0.0143198
0.0141016
0.0138801
0.0136505
0.0134154
0.0131714
0.012916
0.0126485
0.0123585
0.0120538
0.0117175
0.0113596
0.0109545
0.0105137
0.0100203
0.00947336
0.0088683
0.00818903
0.00744866
0.00663412
0.00575522
0.00481224
0.00381218
0.00278646
0.00170561
0.0005701
-0.0747869
-0.085799
-0.0966238
-0.107102
-0.118267
-0.12877
-0.141012
-0.156716
-0.0602959
-0.0685281
-0.0767738
-0.0851062
-0.0938432
-0.102439
-0.110332
-0.120934
-0.0465033
-0.0523247
-0.0579949
-0.0638789
-0.070213
-0.076559
-0.0836145
-0.0942325
-0.0356386
-0.0397719
-0.0438316
-0.0481184
-0.0533142
-0.0590224
-0.0660944
-0.0750681
-0.0261902
-0.0292679
-0.0323422
-0.0357973
-0.040136
-0.0446977
-0.0496108
-0.0557766
-0.0185054
-0.0207109
-0.0229529
-0.0254312
-0.0283464
-0.0312404
-0.0346177
-0.0396959
-0.0119584
-0.0134196
-0.0148342
-0.0163811
-0.0183003
-0.020536
-0.0236501
-0.0280122
-0.00633674
-0.00722276
-0.00808455
-0.00919282
-0.0108399
-0.0128758
-0.0152327
-0.0181592
-0.0016074
-0.00220508
-0.00284774
-0.00373468
-0.00491995
-0.00614905
-0.00759924
-0.00984143
0.00228005
0.00187788
0.00148856
0.000990697
0.000299533
-0.000586636
-0.001883
-0.00381903
0.00561818
0.00536276
0.00513239
0.00478652
0.00421497
0.0034342
0.00242356
0.00102185
0.0083539
0.00814148
0.0079524
0.00768565
0.00727966
0.00674668
0.00603415
0.00496271
0.0105903
0.0103992
0.0102462
0.0100583
0.00977446
0.00936747
0.00878824
0.00793211
0.012401
0.012215
0.0120657
0.0119013
0.0116707
0.0113471
0.0108991
0.0102546
0.0138203
0.0136328
0.0134771
0.0133237
0.0131355
0.0128853
0.0125412
0.0120484
0.0149168
0.014733
0.0145744
0.0144259
0.0142617
0.0140579
0.0137874
0.0134128
0.0157417
0.0155652
0.0154074
0.0152628
0.0151152
0.0149458
0.0147326
0.0144489
0.0163504
0.016185
0.0160334
0.0158948
0.015759
0.0156123
0.0154386
0.0152203
0.0167891
0.0166355
0.0164923
0.0163602
0.0162332
0.0161024
0.0159568
0.0157857
0.0170918
0.0169503
0.0168172
0.0166932
0.0165743
0.016455
0.0163287
0.0161891
0.0172905
0.0171597
0.0170359
0.0169193
0.0168072
0.0166961
0.0165825
0.0164632
0.0174066
0.0172843
0.0171679
0.0170568
0.0169496
0.016844
0.0167384
0.0166311
0.0174524
0.0173383
0.0172279
0.017121
0.0170169
0.0169142
0.0168123
0.0167101
0.0754257
0.0792027
0.0827359
0.0856816
0.0872548
0.0871935
0.0853326
0.0811764
0.0738046
0.0618733
0.0435249
0.0161734
-0.0243858
-0.0813992
-0.132406
0.0544506
0.0560255
0.0560451
0.0548795
0.0523927
0.0482257
0.041896
0.0326676
0.0194841
0.000902099
-0.0250508
-0.0609423
-0.110825
-0.178811
-0.23385
0.0327952
0.0321975
0.028891
0.0240998
0.0180489
0.010207
-0.000163109
-0.013932
-0.0322141
-0.0565164
-0.0889411
-0.132119
-0.189113
-0.265331
-0.318812
0.0105128
0.00749077
0.0013639
-0.00617597
-0.0150402
-0.0259693
-0.0398072
-0.0574411
-0.07997
-0.108859
-0.146382
-0.195248
-0.25778
-0.334755
-0.385438
-0.0116383
-0.0173058
-0.025564
-0.0350558
-0.0461199
-0.0596044
-0.0762679
-0.0969545
-0.12275
-0.154965
-0.195969
-0.248433
-0.312999
-0.386836
-0.432656
-0.033029
-0.041134
-0.0508776
-0.0618431
-0.0746978
-0.0902413
-0.109057
-0.131933
-0.159898
-0.194323
-0.237155
-0.290345
-0.353759
-0.421393
-0.460782
-0.0533272
-0.0630479
-0.0738149
-0.0860717
-0.100494
-0.117622
-0.137977
-0.162238
-0.191343
-0.226515
-0.269262
-0.320798
-0.380015
-0.438392
-0.471583
-0.0722993
-0.0826599
-0.0943872
-0.107844
-0.123504
-0.141783
-0.163085
-0.187982
-0.21726
-0.25189
-0.29293
-0.340737
-0.392674
-0.439199
-0.467676
0.187241
0.202186
0.218793
0.237524
0.258472
0.281556
0.30668
0.33379
0.362806
0.393479
0.425224
0.456867
0.486408
0.509824
0.5291
0.186843
0.201213
0.217241
0.23544
0.255855
0.278312
0.302654
0.328815
0.356716
0.386093
0.416319
0.446161
0.473539
0.49448
0.511328
0.182318
0.195279
0.210077
0.227198
0.246489
0.267583
0.290223
0.314295
0.339681
0.366058
0.392718
0.418321
0.440617
0.455805
0.467148
0.173686
0.184608
0.197699
0.21322
0.230695
0.249583
0.269581
0.290537
0.312247
0.334248
0.355658
0.374954
0.3896
0.395962
0.399364
0.160951
0.169445
0.180636
0.194344
0.209565
0.225537
0.241962
0.258732
0.275602
0.291964
0.30671
0.318073
0.323154
0.318215
0.311843
0.144472
0.150163
0.159255
0.170907
0.183539
0.196205
0.20859
0.220564
0.231798
0.241534
0.24847
0.2506
0.244683
0.226816
0.20854
0.124524
0.128014
0.135251
0.144357
0.153612
0.162286
0.170149
0.176967
0.182192
0.184848
0.183414
0.175651
0.158009
0.126567
0.0957107
0.101081
0.103324
0.109485
0.115994
0.121507
0.125735
0.128657
0.12995
0.128852
0.124166
0.114164
0.0963678
0.066888
0.0220507
-0.0203877
0.025571
0.0299964
0.0263357
0.0302609
0.0278397
0.0321424
0.0304012
0.0348292
0.0341968
0.0387291
0.0395483
0.0443939
0.0469578
0.0526654
0.0574056
0.0647474
0.0722612
0.0823061
0.0934686
0.107543
0.123706
0.143487
0.166343
0.0256492
0.0300432
0.0264319
0.0303194
0.0279629
0.0322184
0.0305669
0.0349571
0.0344124
0.0389154
0.0398656
0.0446897
0.0473557
0.0531449
0.057939
0.0653524
0.0730348
0.0830371
0.0943678
0.108574
0.12455
0.144265
0.166644
0.0257373
0.0300644
0.0265464
0.0303479
0.0281114
0.03226
0.0307648
0.0350528
0.0346317
0.0390593
0.0402158
0.0449303
0.0477479
0.0535075
0.0583627
0.065629
0.0734294
0.0834577
0.0945064
0.108533
0.123945
0.143117
0.164026
0.0258338
0.0300619
0.0266745
0.0303502
0.02827
0.0322718
0.0309852
0.0351214
0.0350025
0.0391913
0.040584
0.0452033
0.0482044
0.0540218
0.0589235
0.0663906
0.0739639
0.0840668
0.0946363
0.108343
0.122547
0.140442
0.158534
0.025938
0.030039
0.0268153
0.0303299
0.0284752
0.0322604
0.0312229
0.0351584
0.035265
0.0392848
0.0409417
0.0453344
0.048556
0.0541664
0.0591405
0.0663904
0.0738412
0.0835771
0.0936205
0.106569
0.11932
0.135466
0.149815
0.0260463
0.0299979
0.0269659
0.030291
0.0286688
0.0322383
0.0314711
0.0351855
0.0356124
0.0394266
0.0413677
0.0456732
0.0491105
0.0548668
0.0597591
0.0673161
0.074344
0.0841707
0.0932753
0.105427
0.115787
0.12917
0.138326
0.0261596
0.0299415
0.0271211
0.0302407
0.0288672
0.0321998
0.0317148
0.0351829
0.0358647
0.0394864
0.0416446
0.0457025
0.0493457
0.0547144
0.0596842
0.0667976
0.0736301
0.0825605
0.091016
0.101478
0.109944
0.120083
0.123679
0.0262765
0.0298768
0.0272729
0.0301867
0.0290796
0.0321929
0.031974
0.035253
0.0362844
0.0397475
0.0421996
0.0462543
0.0500766
0.0558092
0.0605327
0.0681593
0.0744126
0.0835603
0.0904416
0.0997203
0.104254
0.109738
0.105933
0.0264119
0.0297776
0.0274688
0.0300772
0.0293044
0.032074
0.0322315
0.0351268
0.0364772
0.039662
0.0422886
0.0461058
0.0500073
0.0550753
0.059803
0.066373
0.0721504
0.0789983
0.0848918
0.0898586
0.0921257
0.0903496
0.0815845
0.0265879
0.0296229
0.0277165
0.0299069
0.0295611
0.0318633
0.0324675
0.0348006
0.0365465
0.0392512
0.0420425
0.045328
0.0491571
0.0534023
0.0578069
0.0628978
0.0677571
0.0722118
0.0761296
0.0775579
0.077326
0.072339
0.0649737
0.0267988
0.0294061
0.0279986
0.0296795
0.0298506
0.0315674
0.032711
0.034472
0.0365715
0.0388303
0.0416821
0.0445106
0.0481397
0.051585
0.055537
0.0592864
0.0629943
0.0655433
0.0673273
0.0667441
0.0642549
0.0588321
0.0517194
0.0270455
0.029119
0.028318
0.0294075
0.0301285
0.0313169
0.03284
0.0342037
0.0364751
0.0383367
0.0411134
0.043566
0.046807
0.0495236
0.0528324
0.0553807
0.0577799
0.0589106
0.058882
0.0569814
0.0532417
0.0475517
0.0407848
0.0273321
0.0287556
0.028635
0.0291929
0.030304
0.0311207
0.0328633
0.0339533
0.0362148
0.0378256
0.0403091
0.042483
0.0451388
0.0472083
0.0497479
0.0512743
0.0524229
0.0524632
0.0511715
0.0484745
0.0442744
0.0385978
0.0320722
0.0276549
0.0283778
0.0288623
0.0290493
0.0304059
0.0309551
0.0327656
0.0336802
0.0357937
0.0372191
0.0392979
0.0412167
0.0432223
0.0446421
0.0464348
0.0470983
0.0472054
0.0464151
0.0444422
0.0413401
0.0370905
0.0317199
0.0256066
0.0279693
0.0280409
0.0289871
0.028961
0.0304136
0.030813
0.032534
0.0333715
0.0352184
0.0364874
0.0381276
0.03974
0.0411238
0.0419191
0.0430201
0.0430077
0.042339
0.0409685
0.0387029
0.0354974
0.0314004
0.0264842
0.0209101
0.0282501
0.027761
0.0290228
0.0289089
0.0303154
0.0306772
0.032179
0.0329958
0.0345175
0.0356076
0.0368264
0.0380688
0.0389049
0.0391742
0.039647
0.0391374
0.0379791
0.0362437
0.0338932
0.0308079
0.0270174
0.0226231
0.0176903
0.0284677
0.0275596
0.0289561
0.0288772
0.0301173
0.0305222
0.0317274
0.0325126
0.033712
0.0345774
0.0354184
0.0362659
0.0366386
0.0364974
0.0364462
0.0356009
0.0341808
0.0322758
0.0299731
0.0271472
0.0237755
0.0199436
0.0156881
0.0286043
0.0274471
0.028786
0.0288447
0.0298353
0.0303031
0.0312131
0.031913
0.0328145
0.0334277
0.0339371
0.0344071
0.0344029
0.0339651
0.0335271
0.032475
0.0309584
0.0290511
0.0268906
0.0243858
0.0214827
0.0182256
0.0146324
0.0286464
0.0274186
0.0285308
0.0287755
0.0295072
0.0299931
0.0306513
0.0312054
0.0318376
0.0321965
0.0324208
0.0325661
0.0322767
0.0316425
0.0309496
0.0297965
0.0282986
0.0265066
0.024553
0.0223845
0.0199462
0.0172447
0.014273
0.0285883
0.0274566
0.028223
0.0286126
0.0291554
0.0295926
0.0300466
0.0304184
0.0308042
0.0309312
0.0309205
0.0308085
0.0303215
0.0295694
0.0287382
0.0275699
0.026161
0.0245497
0.0228388
0.0209979
0.0189837
0.0167838
0.0143718
0.0284355
0.0275251
0.02792
0.0283234
0.0287667
0.0291186
0.0294009
0.0295884
0.0297492
0.0296835
0.0294884
0.0291844
0.0285702
0.0277664
0.0268908
0.0257701
0.024489
0.0230826
0.0216216
0.0200829
0.0184348
0.0166597
0.0147207
0.028206
0.0275629
0.0276662
0.0279442
0.0283146
0.0285694
0.0287132
0.0287449
0.028714
0.0284964
0.0281639
0.0277256
0.0270442
0.0262393
0.025383
0.0243522
0.0232179
0.0220138
0.0207863
0.0195137
0.0181726
0.0167467
0.0151986
0.0279228
0.0275005
0.0274454
0.0275812
0.027819
0.0279568
0.0279893
0.0279033
0.0277281
0.0273991
0.0269723
0.0264518
0.0257493
0.024975
0.0241757
0.0232585
0.0222752
0.021257
0.0202357
0.0191916
0.0181068
0.0169682
0.0157415
0.0276125
0.0273432
0.0272285
0.0272275
0.0273051
0.0273211
0.0272515
0.0270751
0.0268036
0.0264081
0.0259306
0.0253729
0.0246823
0.0239561
0.0232283
0.0224265
0.0215845
0.0207292
0.019883
0.0190297
0.0181549
0.0172486
0.016281
0.0272917
0.0271096
0.0269709
0.0268695
0.0268043
0.0267034
0.0265386
0.0262879
0.0259551
0.0255294
0.025039
0.0244825
0.0238296
0.0231609
0.0225034
0.0218041
0.0210843
0.0203663
0.0196656
0.0189687
0.0182639
0.017543
0.0167828
0.02697
0.026829
0.0266711
0.0265024
0.0263308
0.0261296
0.0258809
0.0255704
0.0251992
0.0247652
0.0242848
0.0237531
0.0231547
0.0225494
0.0219577
0.0213448
0.0207261
0.0201203
0.0195377
0.0189669
0.0183976
0.0178231
0.0172274
0.0266529
0.0265259
0.0263495
0.0261348
0.0258921
0.0256176
0.0253034
0.0249463
0.0245507
0.0241186
0.0236579
0.0231613
0.0226224
0.0220819
0.0215524
0.0210129
0.0204761
0.0199587
0.0194687
0.0189966
0.0185328
0.0180723
0.017605
0.0263517
0.0262259
0.0260332
0.0257852
0.0254955
0.0251739
0.0248161
0.0244279
0.0240199
0.0235933
0.0231518
0.0226896
0.0222063
0.0217286
0.0212609
0.0207883
0.0203195
0.01987
0.019448
0.0190477
0.0186613
0.0182847
0.0179123
0.0260866
0.0259587
0.0257506
0.0254798
0.0251608
0.0248099
0.0244263
0.024019
0.023604
0.0231825
0.0227546
0.0223191
0.0218791
0.0214535
0.0210434
0.0206356
0.0202316
0.0198403
0.0194693
0.0191188
0.018786
0.0184697
0.0181677
0.0258771
0.0257447
0.0255271
0.0252441
0.0249083
0.0245406
0.0241449
0.0237302
0.0233154
0.0229043
0.0224927
0.022078
0.0216661
0.021274
0.0209036
0.0205417
0.0201807
0.0198245
0.0194827
0.0191627
0.0188672
0.0185949
0.0183424
0.0257644
0.0256313
0.0254046
0.025109
0.0247603
0.0243807
0.0239781
0.0235584
0.023142
0.0227378
0.0223394
0.0219399
0.0215457
0.0211732
0.0208268
0.0204948
0.0201649
0.0198371
0.0195211
0.0192267
0.0189582
0.0187152
0.0184956
0.0691402
0.0513248
0.0291974
0.00850791
-0.0104154
-0.0284895
-0.0459555
-0.0615622
0.056597
0.040042
0.0182584
-0.000663028
-0.0156266
-0.0283524
-0.0403508
-0.0509056
0.0454534
0.0327656
0.0142512
-0.00225029
-0.0135405
-0.0222452
-0.0308642
-0.0392541
0.0355806
0.0257658
0.0103759
-0.00380096
-0.0128336
-0.0189635
-0.024805
-0.0305039
0.0273493
0.0200724
0.00830981
-0.00278769
-0.0097265
-0.0141189
-0.0182118
-0.0223482
0.020843
0.0151234
0.00680718
-0.00103967
-0.00633587
-0.00980968
-0.0128691
-0.015798
0.0163291
0.0117128
0.00618798
0.00101096
-0.00285146
-0.00561537
-0.00796575
-0.0100791
0.013525
0.00988447
0.00633297
0.00306924
0.000381295
-0.00175235
-0.00356569
-0.00508679
0.0120588
0.00925931
0.00706229
0.00510387
0.00331459
0.00173398
0.00035725
-0.000750781
0.0115613
0.00944831
0.00815834
0.00705932
0.00591329
0.00477274
0.00372923
0.00289579
0.0117373
0.0101658
0.00946555
0.00891381
0.00821462
0.00742022
0.00665643
0.00604778
0.0123305
0.011184
0.0108576
0.010645
0.0102465
0.00970666
0.00914932
0.00868764
0.0131007
0.0122716
0.0121684
0.0121747
0.0120004
0.0116548
0.0112442
0.0108742
0.0139279
0.0133337
0.013356
0.0134845
0.0134572
0.013252
0.0129526
0.0126523
0.0147519
0.0143267
0.014408
0.0145818
0.0146274
0.0145123
0.0142946
0.0140483
0.015518
0.0152149
0.0153126
0.0154842
0.0155537
0.0154886
0.0153266
0.0151227
0.0161996
0.015983
0.0160724
0.016216
0.0162789
0.0162329
0.0161027
0.0159284
0.0167838
0.0166256
0.0166926
0.0167959
0.0168356
0.0167896
0.0166747
0.0165199
0.0172671
0.0171463
0.0171845
0.0172445
0.0172544
0.0171979
0.0170875
0.0169448
0.0176496
0.0175497
0.0175578
0.0175766
0.0175559
0.0174844
0.0173721
0.0172361
0.0179556
0.0178595
0.0178309
0.0178075
0.0177563
0.0176698
0.0175552
0.017425
0.018163
0.0180656
0.0180062
0.0179478
0.0178714
0.0177729
0.0176572
0.0175325
0.0183298
0.0182132
0.0181108
0.0180118
0.0179093
0.0178004
0.0176861
0.017569
-0.622823
-0.635617
-0.654256
-0.678326
-0.7087
-0.741964
-0.772203
-0.793424
-0.617534
-0.630003
-0.647325
-0.668166
-0.69219
-0.718811
-0.7438
-0.760057
-0.61073
-0.622788
-0.637931
-0.655192
-0.673373
-0.689292
-0.699156
-0.698354
-0.604895
-0.614523
-0.624967
-0.634424
-0.641671
-0.644385
-0.640155
-0.626559
-0.601401
-0.604502
-0.605838
-0.604469
-0.600346
-0.592588
-0.579419
-0.558621
-0.598385
-0.590645
-0.580647
-0.569066
-0.556437
-0.541925
-0.523493
-0.498761
-0.591743
-0.571383
-0.55091
-0.531738
-0.51362
-0.495068
-0.473642
-0.446957
-0.577621
-0.545914
-0.518051
-0.494223
-0.472994
-0.452263
-0.429319
-0.401872
-0.553675
-0.514628
-0.483121
-0.457163
-0.434653
-0.413032
-0.389654
-0.362308
-0.520273
-0.478877
-0.446864
-0.420831
-0.398356
-0.376886
-0.353863
-0.327299
-0.479811
-0.440115
-0.410006
-0.385298
-0.363953
-0.343368
-0.321322
-0.296047
-0.434808
-0.399896
-0.372985
-0.350821
-0.33127
-0.312162
-0.291584
-0.267983
-0.388279
-0.358906
-0.336439
-0.317491
-0.300229
-0.283075
-0.264312
-0.242729
-0.3389
-0.317856
-0.300666
-0.285545
-0.270999
-0.255883
-0.239213
-0.219769
-0.289463
-0.279412
-0.265785
-0.255618
-0.242906
-0.230045
-0.215357
-0.198592
-0.519112
-0.557162
-0.586151
-0.60426
-0.612697
-0.614827
-0.614743
-0.616355
-0.52155
-0.558533
-0.585287
-0.600804
-0.606994
-0.607997
-0.608008
-0.610353
-0.527673
-0.566025
-0.592736
-0.605848
-0.608294
-0.605498
-0.602706
-0.603712
-0.540273
-0.582192
-0.609017
-0.619316
-0.61672
-0.608247
-0.600847
-0.599261
-0.558711
-0.60544
-0.633017
-0.640412
-0.632355
-0.617654
-0.605107
-0.599849
-0.581593
-0.63431
-0.663087
-0.667592
-0.654242
-0.633623
-0.616124
-0.605113
-0.606955
-0.666453
-0.696765
-0.698436
-0.680194
-0.654358
-0.630717
-0.610668
-0.632236
-0.698273
-0.730476
-0.729124
-0.706743
-0.675168
-0.642608
-0.610222
-0.64883
-0.724212
-0.757929
-0.754997
-0.727943
-0.68856
-0.644436
-0.598285
-0.656189
-0.738173
-0.772785
-0.767592
-0.735123
-0.686262
-0.629758
-0.572049
-0.649708
-0.734223
-0.767617
-0.75876
-0.720012
-0.661677
-0.596169
-0.532614
-0.627413
-0.708577
-0.736588
-0.721822
-0.677858
-0.614126
-0.54557
-0.483084
-0.588974
-0.657857
-0.67601
-0.655041
-0.608812
-0.546493
-0.483852
-0.429259
-0.539093
-0.590324
-0.59566
-0.568499
-0.525796
-0.472639
-0.420422
-0.374615
-0.482168
-0.509287
-0.4985
-0.469571
-0.432755
-0.394363
-0.355537
-0.320082
-0.410568
-0.395437
-0.359133
-0.327523
-0.30783
-0.290082
-0.275056
-0.268054
-0.379344
-0.308095
-0.233918
-0.189955
-0.183377
-0.191239
-0.194136
-0.20817
-0.391973
-0.271022
-0.16458
-0.106469
-0.0924843
-0.105991
-0.113719
-0.136788
-0.361925
-0.237444
-0.113959
-0.0471937
-0.0280683
-0.0356819
-0.0473302
-0.0717
-0.262349
-0.179255
-0.0904524
-0.0283795
0.00381596
0.0166715
0.0185021
-0.0122123
-0.187886
-0.156852
-0.122492
-0.095202
-0.0648068
-0.00854976
0.0608067
0.0330399
-0.166259
-0.163841
-0.155019
-0.140138
-0.119601
-0.0825607
-0.0194692
0.0320951
-0.170529
-0.187127
-0.192175
-0.176621
-0.149296
-0.1131
-0.0749834
-0.0318842
-0.201735
-0.237013
-0.256644
-0.249556
-0.225202
-0.18798
-0.159423
-0.113254
-0.217625
-0.263603
-0.293754
-0.284938
-0.287648
-0.250213
-0.227596
-0.179653
-0.182596
-0.210406
-0.232723
-0.24335
-0.244286
-0.22391
-0.210282
-0.173525
-0.157165
-0.164355
-0.168646
-0.171294
-0.170805
-0.163688
-0.159497
-0.142275
-0.148401
-0.148766
-0.146603
-0.142943
-0.137887
-0.130651
-0.125502
-0.118901
-0.127662
-0.131949
-0.134313
-0.131728
-0.125132
-0.115661
-0.105353
-0.0942467
-0.104002
-0.108779
-0.114104
-0.117872
-0.119506
-0.117631
-0.110642
-0.0982622
-0.115066
-0.118817
-0.123167
-0.127148
-0.130123
-0.130197
-0.127553
-0.119974
-0.139822
-0.143146
-0.146694
-0.150596
-0.153836
-0.156624
-0.157281
-0.155268
-0.147949
-0.148597
-0.148089
-0.147947
-0.146847
-0.147808
-0.145531
-0.147095
-0.116818
-0.11282
-0.107915
-0.103495
-0.0990913
-0.0969416
-0.0932371
-0.0934958
-0.101299
-0.0913953
-0.0812187
-0.0716946
-0.0632957
-0.0565403
-0.0514806
-0.0478671
-0.10992
-0.0955071
-0.0818084
-0.0697608
-0.0598001
-0.0518989
-0.0464415
-0.042319
-0.137968
-0.122931
-0.107241
-0.0918677
-0.0775277
-0.0641855
-0.0523848
-0.0414101
-0.119523
-0.118276
-0.114373
-0.107584
-0.0985741
-0.0873945
-0.0736517
-0.0596691
-0.130806
-0.13741
-0.140984
-0.140658
-0.136026
-0.127353
-0.114183
-0.0965796
-0.17212
-0.190463
-0.206241
-0.21802
-0.225184
-0.226868
-0.223717
-0.215989
-0.193888
-0.205677
-0.210845
-0.211457
-0.207814
-0.201604
-0.190973
-0.179481
-0.114628
-0.0936527
-0.0732703
-0.0564285
-0.0435987
-0.0355276
-0.0307628
-0.0318799
-0.122617
-0.0964563
-0.0700183
-0.0453226
-0.0230924
-0.00488155
0.00996391
0.0216468
-0.0959165
-0.0916739
-0.0855872
-0.0782397
-0.0700727
-0.0614131
-0.0521836
-0.042567
-0.0799318
-0.081298
-0.0809057
-0.0786384
-0.074573
-0.0693837
-0.0632258
-0.0568347
-0.0285862
-0.0264116
-0.024342
-0.0224843
-0.0207773
-0.0193352
-0.0179772
-0.0169605
-0.0146177
-0.0135325
-0.0126503
-0.0120491
-0.0113087
-0.0106421
-0.0100525
-0.00947726
-0.0105948
-0.0104159
-0.0102666
-0.0101583
-0.0101016
-0.0101089
-0.0101926
-0.0103287
-0.00522685
-0.00504911
-0.00486329
-0.004688
-0.00454279
-0.00444549
-0.00441563
-0.00446342
-0.00631328
-0.00638758
-0.00642526
-0.00641141
-0.00633537
-0.00620219
-0.00599335
-0.00571148
-0.00439256
-0.00435709
-0.00431078
-0.00426975
-0.00425085
-0.00426974
-0.00433769
-0.00446056
-0.00132504
-0.0012287
-0.00117747
-0.00117802
-0.00123403
-0.00134629
-0.00151159
-0.00171912
-0.000666245
-0.000668585
-0.000682755
-0.000703784
-0.000724213
-0.000735269
-0.00072778
-0.000691122
-0.237484
-0.181509
-0.142949
-0.112087
-0.0876709
-0.0688531
-0.0532995
-0.0408177
-0.0312432
-0.0232833
-0.0168806
-0.0117089
-0.00747523
-0.00406638
-0.00127552
0.000986572
0.00280621
0.00425865
0.00540067
0.00627433
0.00691449
0.0073423
0.0075627
-0.194049
-0.150222
-0.12474
-0.100774
-0.0810446
-0.0651911
-0.0516565
-0.0405873
-0.031642
-0.0239826
-0.0177129
-0.0124919
-0.0081898
-0.00466314
-0.00175725
0.000601029
0.00250881
0.00403114
0.00522669
0.00613989
0.00680643
0.00725013
0.00747803
-0.123335
-0.0932817
-0.0836295
-0.0707882
-0.0609767
-0.0520974
-0.0436861
-0.0358729
-0.0287808
-0.0224409
-0.0169067
-0.0121231
-0.00807995
-0.00466738
-0.00182749
0.00050421
0.0024057
0.00392812
0.00512724
0.00604483
0.00671565
0.00716249
0.00739237
-0.0578357
-0.0390612
-0.0398053
-0.0362027
-0.0361837
-0.0346181
-0.0320112
-0.0281502
-0.0237406
-0.0191918
-0.0148025
-0.0107891
-0.00722837
-0.00413193
-0.00151482
0.000675012
0.00248151
0.00394137
0.00510037
0.00599271
0.00664744
0.00708494
0.00731055
0.00334578
0.0120299
0.00243025
-0.00422224
-0.0131458
-0.0177813
-0.0201719
-0.019833
-0.0180105
-0.0152155
-0.0120877
-0.00896384
-0.00599453
-0.00331918
-0.000991618
0.000999257
0.00266338
0.00402486
0.00511603
0.00596297
0.00658958
0.00701111
0.00722964
0.0820845
0.0627086
0.0453483
0.0250351
0.00753916
-0.00323085
-0.00966369
-0.012252
-0.0125151
-0.0112172
-0.00924488
-0.00694044
-0.00458167
-0.00236378
-0.000357941
0.00139737
0.00289588
0.00414294
0.00515597
0.00595138
0.00654475
0.00694651
0.00715569
0.10707
0.0868068
0.0662071
0.0422967
0.0214484
0.00728595
-0.00145561
-0.00588579
-0.00762099
-0.00748275
-0.0064666
-0.0048995
-0.00313439
-0.00135763
0.000325524
0.00184068
0.00316766
0.00429037
0.00521543
0.00595077
0.00650611
0.00688561
0.00708455
0.0200627
0.0368789
0.0406871
0.0314903
0.0195823
0.00974244
0.00262396
-0.00154136
-0.0036424
-0.00421295
-0.00384864
-0.00288626
-0.00164537
-0.000283783
0.00106801
0.00233529
0.00348262
0.00447264
0.00530375
0.00597417
0.00648546
0.00683722
0.00702264
-0.0814922
-0.0357074
-0.00596112
0.00401399
0.00675677
0.00520272
0.00298404
0.000623026
-0.000786031
-0.00141575
-0.001421
-0.00093676
-0.000146668
0.000837987
0.00186959
0.00288652
0.00384476
0.00468996
0.0054153
0.00601071
0.00647211
0.00679308
0.00696367
-0.149938
-0.0646933
-0.0393671
-0.0174965
-0.00601961
-0.000941275
0.00151755
0.0014469
0.00128457
0.000891864
0.000726596
0.000886499
0.00129423
0.00194024
0.00266007
0.00343381
0.00421612
0.004919
0.00554121
0.00606279
0.00647241
0.00675998
0.00691397
-0.135836
-0.0788644
-0.0475269
-0.0236045
-0.0110759
-0.002902
0.00116458
0.00260694
0.00330261
0.00303223
0.00277527
0.00265122
0.00273453
0.00304457
0.00347961
0.00400491
0.00460997
0.00516039
0.00567346
0.00611723
0.00647424
0.00672922
0.00686698
-0.112883
-0.0745262
-0.0479917
-0.0243295
-0.01135
-0.00112802
0.0031993
0.00544081
0.00598268
0.0054331
0.00495836
0.00444614
0.00416177
0.00412528
0.00428038
0.00459008
0.00499853
0.00541746
0.00582474
0.00619008
0.00649129
0.0067099
0.00682937
-0.0975839
-0.0696843
-0.0489478
-0.0236135
-0.0119086
0.00205222
0.00548642
0.00912331
0.00886938
0.00815639
0.00723047
0.00630045
0.00567188
0.00530922
0.00517714
0.00525326
0.00544689
0.00571467
0.00600214
0.00627866
0.00651771
0.00669634
0.0067954
-0.0780247
-0.0542062
-0.0346853
-0.0112488
-0.000411394
0.0106019
0.0123459
0.0143225
0.0125175
0.0113103
0.00963877
0.00820487
0.00713491
0.00642502
0.00602712
0.00591016
0.00591407
0.00603397
0.00620184
0.00638625
0.00655907
0.00669326
0.00676985
-0.0845438
-0.0605859
-0.0304997
-0.00273637
0.016137
0.0238944
0.024186
0.0218254
0.0174618
0.0144676
0.0117837
0.00988344
0.00847509
0.00750654
0.00688957
0.00653296
0.00636695
0.00634966
0.0064008
0.00649655
0.00660321
0.00669426
0.00674809
-0.108993
-0.0963401
-0.0573494
-0.0193792
0.0165688
0.0283949
0.0296578
0.0254986
0.0205901
0.0168879
0.0135935
0.0112296
0.00954211
0.00840575
0.00763913
0.00712653
0.00681487
0.0066623
0.00660332
0.0066111
0.00665364
0.00669999
0.0067314
-0.137251
-0.129766
-0.0875854
-0.0394016
0.00793223
0.0214536
0.0241327
0.02216
0.0191202
0.0164197
0.0139308
0.0119198
0.0103248
0.00916497
0.00828861
0.00765554
0.00722481
0.00696415
0.00680627
0.00673221
0.00670829
0.00670948
0.00671738
-0.135837
-0.120594
-0.0850573
-0.0440562
-0.00768229
0.00947537
0.0156656
0.0165146
0.0157553
0.0145128
0.0131022
0.0118208
0.010709
0.00974996
0.00889142
0.00819035
0.00764756
0.00726724
0.00700805
0.00684918
0.00676236
0.00671743
0.00670134
-0.088762
-0.0746237
-0.0534319
-0.0355976
-0.0199752
-0.00643942
0.00428809
0.00966844
0.0119027
0.0124552
0.0120564
0.011469
0.0107561
0.00997601
0.00921331
0.00853329
0.00796193
0.00751631
0.00718488
0.00695866
0.00681087
0.00672353
0.00668524
-0.0445042
-0.034465
-0.0269213
-0.0251497
-0.0201659
-0.0100811
0.000604855
0.00725467
0.0107004
0.0122464
0.011903
0.0117657
0.011049
0.0103323
0.00958125
0.00886907
0.00824429
0.00773246
0.0073333
0.00704271
0.00684397
0.00671773
0.00665738
-0.0392159
-0.0279636
-0.0208342
-0.0161494
-0.0140009
-0.00309843
0.00217686
0.00860644
0.0101459
0.0123764
0.0120931
0.0120234
0.0113714
0.0106339
0.00988767
0.00916325
0.00849889
0.00792593
0.00746562
0.00711968
0.00687132
0.00670913
0.006628
-0.0351268
-0.0245808
-0.0157753
-0.00467015
0.00029815
0.00761399
0.0106498
0.0136089
0.0133076
0.0139214
0.0128732
0.0123745
0.0115326
0.0108215
0.0100454
0.00934484
0.0086599
0.00805676
0.00755228
0.00715595
0.00686438
0.00667173
0.00657313
-0.0485021
-0.0290495
-0.0107206
0.00701154
0.0174081
0.0207567
0.0215211
0.0205762
0.0186624
0.0170868
0.0150904
0.0135757
0.0121988
0.0112145
0.0102275
0.00955484
0.00877791
0.00812343
0.00758272
0.00715438
0.00683659
0.00661996
0.00650717
-0.0853022
-0.0652481
-0.0373007
-0.0120544
0.00904602
0.0147791
0.0187921
0.0169093
0.0174893
0.0162519
0.0150488
0.0136519
0.012241
0.0111702
0.0102245
0.00950601
0.00878876
0.00814134
0.0075717
0.00711154
0.00675993
0.00652419
0.00640105
-0.195386
-0.162503
-0.114822
-0.0644634
-0.0189856
0.00698876
0.0133845
0.0145368
0.0154616
0.0149898
0.0141947
0.012987
0.0118733
0.0109745
0.0101828
0.00942345
0.00869163
0.00803012
0.00746641
0.00700882
0.00665657
0.00640907
0.00627684
-0.160091
-0.13559
-0.09268
-0.0429015
-0.000234153
0.0208665
0.0223461
0.0202308
0.0184329
0.0164494
0.0143427
0.0124165
0.0111988
0.0105516
0.00995441
0.00926097
0.00855191
0.00788425
0.0073044
0.00683748
0.00648302
0.00623672
0.00610392
-0.0322366
-0.0154892
0.00348088
0.0180102
0.0268632
0.0272866
0.0229585
0.0205172
0.017934
0.0163819
0.0140076
0.0121512
0.0108333
0.0102298
0.00948511
0.00878791
0.00813178
0.00754257
0.00702694
0.00659617
0.00626087
0.00602071
0.00588919
0.0207874
0.0216984
0.021954
0.0262344
0.028185
0.028606
0.0262355
0.0235537
0.0199223
0.017044
0.0144589
0.0123338
0.0105722
0.010019
0.00905489
0.00839509
0.00771292
0.00714939
0.00665646
0.00625703
0.00596162
0.00574683
0.00562596
-0.0328977
-0.0198145
-0.00650679
0.00687473
0.0180277
0.0241506
0.0243254
0.0202536
0.0175039
0.0157808
0.0137719
0.0110971
0.00928957
0.00843015
0.0080086
0.00767756
0.00715616
0.00667687
0.00622875
0.00586265
0.005588
0.00539597
0.00528886
-0.0485274
-0.0409571
-0.0304176
-0.0206657
-0.0118542
-0.00663479
-0.0046265
-0.00365749
-0.00115232
0.00141401
0.00293768
0.00376765
0.00477968
0.00596749
0.00669864
0.00676279
0.00640504
0.00599513
0.00564914
0.0053756
0.00516893
0.0050146
0.00492266
-0.0149833
-0.0118399
-0.00893665
-0.0071627
-0.00618336
-0.00621566
-0.00661016
-0.00645839
-0.0051259
-0.00310089
-0.00115614
0.000611783
0.00225483
0.00386433
0.00486297
0.00530902
0.00529921
0.00515044
0.00494913
0.00478025
0.00464668
0.00453591
0.00446565
-0.00875075
-0.00719729
-0.0054033
-0.00318206
-0.000664633
0.00143752
0.00261939
0.00212549
0.00125254
0.000952898
0.00114561
0.0014518
0.00186496
0.00254939
0.00315153
0.00360057
0.003869
0.00402205
0.00408088
0.00410537
0.00408788
0.00402546
0.00397577
-0.0105406
-0.010824
-0.0112595
-0.0118224
-0.0123855
-0.0128665
-0.0129186
-0.0122947
-0.0106735
-0.0082612
-0.00580181
-0.00356455
-0.00154072
0.000311779
0.00166244
0.00245292
0.00288522
0.00307706
0.00323866
0.00337972
0.00345646
0.00343656
0.00341734
-0.00458653
-0.00471046
-0.00497191
-0.00534742
-0.00575084
-0.00615978
-0.00643986
-0.00634351
-0.00570304
-0.00471323
-0.00359829
-0.00247189
-0.00135605
-0.000182003
0.000777172
0.00149029
0.00194707
0.00225576
0.00247127
0.00266196
0.00279382
0.00280899
0.00282162
-0.00521931
-0.00457039
-0.00381728
-0.00296662
-0.002082
-0.00129652
-0.000822173
-0.000874227
-0.00116829
-0.00134078
-0.0012192
-0.000910147
-0.000489358
5.11001e-05
0.000522519
0.000898127
0.00121975
0.00150486
0.00176601
0.0020063
0.00216448
0.0022052
0.00223152
-0.00468329
-0.00507817
-0.00561257
-0.00624822
-0.00684792
-0.00721312
-0.00718186
-0.00677568
-0.00608576
-0.00520556
-0.00419162
-0.00315136
-0.00213298
-0.00116929
-0.000388504
0.00019975
0.000635121
0.000955751
0.00121839
0.0014222
0.0015375
0.00157689
0.00159796
-0.00200233
-0.00234526
-0.00267452
-0.00290739
-0.00295808
-0.00278923
-0.00245088
-0.00211709
-0.00188886
-0.0017613
-0.00160306
-0.00138278
-0.00112609
-0.000864087
-0.000613542
-0.000312024
1.14933e-07
0.000301173
0.000560147
0.000802237
0.000930815
0.000965453
0.000979493
-0.000602599
-0.000431673
-0.000185238
0.000141036
0.000502447
0.000821888
0.00109591
0.00107009
0.000916522
0.000729581
0.000540308
0.000340396
0.000169594
4.95393e-05
-3.41135e-05
-5.5644e-05
-2.57805e-05
4.97731e-05
0.000124804
0.000241069
0.000301361
0.000325521
0.00033796
-0.171908
-0.142033
-0.11484
-0.0934728
-0.0748079
-0.0596805
-0.0469856
-0.0366579
-0.0281288
-0.0210401
-0.015215
-0.010407
-0.00643906
-0.00316249
-0.000470492
0.00171135
0.00347838
0.00489142
0.00600367
0.006857
0.00747702
0.0078839
0.00808958
-0.18307
-0.148078
-0.117998
-0.0948651
-0.0754466
-0.0596133
-0.0465723
-0.0361187
-0.0275515
-0.020496
-0.0147729
-0.0100683
-0.00620091
-0.00301413
-0.000399387
0.00172382
0.00345071
0.004836
0.00593166
0.00677661
0.00739458
0.00780496
0.00801484
-0.194316
-0.154078
-0.120402
-0.0959614
-0.075779
-0.0593825
-0.046165
-0.0356517
-0.0270267
-0.019986
-0.0143472
-0.00971806
-0.00594146
-0.00283952
-0.000301828
0.00176129
0.0034455
0.00479957
0.00587473
0.00670713
0.00731972
0.00773045
0.00794262
-0.203099
-0.158408
-0.123516
-0.0986324
-0.0772286
-0.0599541
-0.0463936
-0.0356565
-0.0268098
-0.0197215
-0.0141014
-0.00948835
-0.00576391
-0.00270932
-0.000225705
0.0017935
0.0034438
0.00477095
0.00582745
0.00664713
0.00725269
0.0076616
0.00787425
-0.212877
-0.162281
-0.126498
-0.100425
-0.0777798
-0.0602208
-0.0466607
-0.0357789
-0.0267409
-0.0196605
-0.0140157
-0.00938676
-0.00568052
-0.00264168
-0.000192063
0.00180324
0.00343159
0.0047399
0.00578243
0.00659164
0.00719111
0.00759741
0.00780942
-0.2159
-0.164443
-0.13042
-0.102841
-0.0789902
-0.0611779
-0.0473938
-0.0361463
-0.0269199
-0.0198592
-0.0141261
-0.00946544
-0.00572974
-0.00267608
-0.000230047
0.0017691
0.00339216
0.00469456
0.00573223
0.0065369
0.00713308
0.00753759
0.00774869
-0.222809
-0.166897
-0.132355
-0.103389
-0.0797015
-0.0621289
-0.0481912
-0.0366167
-0.0274242
-0.0203355
-0.0144641
-0.00975505
-0.00594338
-0.00285439
-0.000371487
0.00166187
0.00330317
0.00461945
0.00566578
0.00647498
0.00707378
0.00747921
0.0076903
-0.224428
-0.173758
-0.13764
-0.107021
-0.0830916
-0.065028
-0.0503029
-0.0381824
-0.0289221
-0.0214892
-0.0153851
-0.0105077
-0.00652194
-0.00331457
-0.000712357
0.00140971
0.00311642
0.00448289
0.00556407
0.00639608
0.00700842
0.00742085
0.00763436
0.00334279
-0.0242803
-0.0504967
-0.0775456
-0.105247
-0.13166
-0.156203
-0.178597
0.00516756
-0.0253529
-0.0551385
-0.0857878
-0.11683
-0.146408
-0.173644
-0.197778
0.00590091
-0.029329
-0.0638346
-0.0981739
-0.131888
-0.16366
-0.192695
-0.21867
0.00491045
-0.0353742
-0.0745531
-0.112418
-0.148661
-0.182583
-0.213587
-0.241823
0.00172107
-0.0432698
-0.0868537
-0.128373
-0.167533
-0.204027
-0.237426
-0.267892
-0.00367706
-0.0533511
-0.101427
-0.146995
-0.189607
-0.229037
-0.264908
-0.297444
-0.0114124
-0.0662593
-0.119274
-0.169358
-0.215869
-0.25844
-0.296743
-0.331125
-0.0221099
-0.082932
-0.141503
-0.196562
-0.247291
-0.293189
-0.333881
-0.36985
-0.0368957
-0.104644
-0.169479
-0.230009
-0.285176
-0.334348
-0.377555
-0.414784
-0.0573731
-0.133104
-0.205029
-0.271616
-0.331643
-0.384318
-0.429553
-0.467369
-0.085762
-0.170657
-0.25069
-0.324035
-0.3892
-0.445462
-0.492173
-0.529503
-0.12519
-0.220461
-0.309668
-0.390788
-0.461528
-0.520797
-0.567544
-0.602425
-0.18068
-0.287738
-0.386366
-0.474952
-0.550562
-0.610766
-0.655053
-0.684027
-0.255722
-0.3764
-0.487371
-0.580968
-0.655209
-0.710151
-0.74547
-0.761731
-0.326371
-0.45376
-0.563451
-0.653446
-0.722098
-0.768806
-0.794588
-0.801971
0.183313
0.175065
0.162598
0.145917
0.125184
0.100629
0.0730864
0.0406968
0.197784
0.188134
0.173537
0.154189
0.130563
0.102547
0.0720909
0.038731
0.214093
0.203269
0.186919
0.165362
0.139427
0.108928
0.0760736
0.0418685
0.232619
0.220837
0.202974
0.179344
0.151089
0.118153
0.0821318
0.0448359
0.253362
0.240608
0.22114
0.195194
0.164072
0.128043
0.0879797
0.0461225
0.276191
0.262282
0.240879
0.212178
0.177485
0.137536
0.0927887
0.0456227
0.301013
0.285718
0.261965
0.230004
0.191056
0.146366
0.0963892
0.0434238
0.327787
0.31088
0.284332
0.248557
0.204686
0.154417
0.0985088
0.0391126
0.356432
0.337675
0.307843
0.2676
0.218061
0.161265
0.0984437
0.0317107
0.386681
0.365787
0.33209
0.286564
0.230432
0.165983
0.0950057
0.0197575
0.417933
0.394524
0.35625
0.304413
0.240503
0.167037
0.0864022
0.00120319
0.448987
0.422574
0.378844
0.319427
0.246253
0.162113
0.0700212
-0.0268849
0.477809
0.447745
0.39741
0.328768
0.244432
0.147528
0.0417898
-0.0690384
0.500331
0.465988
0.408014
0.328437
0.230781
0.118761
-0.00285519
-0.129507
0.518713
0.480155
0.414995
0.325812
0.215709
0.0890514
-0.0478113
-0.188799
0.0255021
0.0254437
0.0253952
0.0253557
0.0253258
0.025298
0.02528
0.0252585
0.0299235
0.0298242
0.0296994
0.0295512
0.0293835
0.0291995
0.0290011
0.0287957
0.0262569
0.0261966
0.0261545
0.02613
0.026115
0.026111
0.0261117
0.0261161
0.0301695
0.0300476
0.0298969
0.0297215
0.0295257
0.0293145
0.0290962
0.0288804
0.0277398
0.0276635
0.0276129
0.0275834
0.0275727
0.0275734
0.0275826
0.0275958
0.0320271
0.0318731
0.0316873
0.0314758
0.0312406
0.0309912
0.0307322
0.0304953
0.0302631
0.0301549
0.0300732
0.0300396
0.0299996
0.0299929
0.0299731
0.0300068
0.0346569
0.0344416
0.0341918
0.033916
0.033621
0.0333407
0.0330311
0.0328114
0.0340037
0.0338326
0.0336948
0.0335817
0.0334873
0.0334109
0.0333302
0.0332838
0.0384942
0.0382228
0.0379198
0.0375923
0.0372347
0.0369035
0.0365183
0.0362897
0.0392424
0.0389435
0.0386766
0.0384368
0.0382064
0.0380346
0.0378038
0.0377437
0.0440409
0.0436552
0.0432304
0.042824
0.0423387
0.041998
0.0414507
0.0413203
0.0465402
0.0460898
0.0456375
0.0452413
0.0447538
0.0444647
0.0439313
0.0438036
0.0521327
0.0515535
0.0508548
0.0503269
0.0494566
0.0491303
0.048105
0.0480079
0.0568012
0.0560963
0.0553174
0.054626
0.053754
0.0531282
0.0520492
0.0515341
0.0640403
0.063185
0.0621826
0.0613057
0.0600065
0.059094
0.0572692
0.056494
0.0713435
0.0701142
0.0686838
0.0672304
0.0653987
0.0637983
0.0615662
0.0599727
0.0812472
0.079766
0.0780556
0.0762666
0.0737851
0.071598
0.0681575
0.065751
0.0921056
0.0899855
0.0873822
0.0844002
0.0807338
0.0769176
0.0723266
0.0676638
0.105932
0.103342
0.100057
0.0961488
0.091215
0.0858646
0.0791513
0.0722328
0.121639
0.117951
0.113108
0.107006
0.0996142
0.0908494
0.0812859
0.0694163
0.141011
0.136383
0.130027
0.121758
0.111462
0.0994009
0.0848459
0.0692787
0.163198
0.156861
0.147601
0.135259
0.119651
0.101281
0.0801222
0.0552736
0.0252341
0.0252113
0.0252061
0.0252193
0.025254
0.0253041
0.0253218
0.0252841
0.0251646
0.0249462
0.0246171
0.0241748
0.0236282
0.0229995
0.0223181
0.0216172
0.0209214
0.0202486
0.0196134
0.0190342
0.0185379
0.0181582
0.0179354
0.0285242
0.0281542
0.0277061
0.0271696
0.0265371
0.0258806
0.0252444
0.0246459
0.0241065
0.0236372
0.0232364
0.0228889
0.0225655
0.0222012
0.0217433
0.0211985
0.0205959
0.0199722
0.0193626
0.0187966
0.0183104
0.0179386
0.0177202
0.0261298
0.0261501
0.0261855
0.0262381
0.0262607
0.0261732
0.0259724
0.0256633
0.0252348
0.0246884
0.0240449
0.023344
0.0226452
0.0219947
0.0213877
0.0207982
0.02019
0.0195682
0.0189628
0.0184046
0.0179275
0.0175667
0.0173577
0.028573
0.028157
0.0276596
0.0270975
0.026578
0.0261036
0.0256647
0.0252451
0.0248305
0.0244028
0.0239295
0.0233542
0.0226554
0.0218784
0.0211304
0.0204169
0.0197311
0.0190719
0.0184542
0.0179005
0.0174333
0.0170881
0.016894
0.0276004
0.0275786
0.0275722
0.0275238
0.0273586
0.0270976
0.0267207
0.0262209
0.0256072
0.0249029
0.0241513
0.0233789
0.0225814
0.0217397
0.0208787
0.0200321
0.0192363
0.0185116
0.0178663
0.0173127
0.0168586
0.0165322
0.0163583
0.0301032
0.0295422
0.0288966
0.0282826
0.0277075
0.0271382
0.0265708
0.0259912
0.0253861
0.0247161
0.0239641
0.0231389
0.0222671
0.0213559
0.0204215
0.0195051
0.0186484
0.0178811
0.0172181
0.0166694
0.0162333
0.0159268
0.0157723
0.029939
0.0298023
0.0296301
0.0293306
0.0289044
0.028341
0.0276366
0.0268066
0.0258858
0.0249113
0.0239058
0.0228827
0.021854
0.0208291
0.0198212
0.0188569
0.0179695
0.0171885
0.0165299
0.0160009
0.0155927
0.0153109
0.0151739
0.0323395
0.0316157
0.0308428
0.030098
0.0293314
0.0285478
0.0277264
0.0268377
0.0258568
0.0247792
0.0236264
0.0224379
0.0212572
0.0201225
0.0190551
0.0180688
0.0171862
0.0164272
0.015803
0.0153156
0.0149535
0.0147068
0.0145909
0.0331095
0.0327083
0.0321925
0.0315241
0.0306749
0.0296572
0.0284922
0.0272244
0.0258913
0.0245197
0.0231317
0.0217575
0.0204394
0.019217
0.0181182
0.0171468
0.0163094
0.0156087
0.0150453
0.014617
0.0143128
0.0141079
0.0140165
0.0356651
0.0346053
0.0335505
0.0324363
0.031275
0.0300255
0.0286748
0.0272146
0.0256625
0.0240587
0.0224523
0.0209042
0.019468
0.0181836
0.0170744
0.0161405
0.015375
0.0147594
0.0142771
0.0139192
0.0136781
0.0135148
0.0134444
0.0373077
0.0363854
0.0353596
0.0341384
0.032678
0.0310141
0.0292017
0.0272958
0.0253492
0.0234197
0.0215657
0.0198466
0.0183134
0.0169989
0.0159131
0.0150498
0.0143885
0.0138887
0.0135113
0.0132379
0.0130654
0.0129443
0.0128915
0.0403708
0.0386988
0.0370076
0.0351506
0.0331883
0.0310897
0.0288719
0.0265879
0.0243187
0.0221485
0.0201481
0.0183735
0.0168558
0.0156085
0.014624
0.0138872
0.0133685
0.0130123
0.0127605
0.0125872
0.0124889
0.0124144
0.0123825
0.0427466
0.0409607
0.0389769
0.0367054
0.034151
0.031438
0.0286588
0.0259023
0.0232603
0.020823
0.0186665
0.0168393
0.0153536
0.0141956
0.0133352
0.0127385
0.0123644
0.0121512
0.0120293
0.011963
0.0119439
0.0119245
0.0119209
0.046134
0.0434421
0.040581
0.0375687
0.0344246
0.0311627
0.0278605
0.0246568
0.0216811
0.0190426
0.0168113
0.0150166
0.0136405
0.0126404
0.0119604
0.0115418
0.011331
0.0112694
0.0112871
0.0113364
0.0114034
0.0114507
0.0114834
0.0494283
0.0461051
0.0423869
0.0383203
0.0340997
0.0299291
0.0259687
0.0223551
0.0191975
0.0165526
0.0144371
0.0128331
0.0116907
0.0109442
0.010513
0.0103168
0.0102917
0.0103891
0.0105493
0.0107143
0.0108667
0.0109832
0.0110512
0.052876
0.048009
0.0430408
0.0380074
0.0329559
0.0280496
0.0235512
0.0196299
0.016377
0.0138119
0.0119016
0.0105725
0.00973312
0.00928755
0.00913443
0.00917798
0.00934332
0.00958851
0.00987256
0.0101376
0.0103625
0.0105385
0.0106315
0.0559074
0.0498735
0.0434981
0.0370591
0.0309109
0.0252956
0.0204213
0.0163706
0.0131751
0.0108129
0.00920329
0.00822774
0.0077532
0.0076517
0.00780536
0.00810887
0.00847816
0.00887296
0.00927025
0.00962426
0.00991335
0.010138
0.0102483
0.0589245
0.0503237
0.0420836
0.0342725
0.0271551
0.021039
0.0160644
0.0121964
0.00935943
0.00744493
0.00631143
0.00580117
0.00575493
0.00603065
0.0065076
0.00708152
0.00766624
0.00822069
0.00873256
0.00917308
0.00952537
0.00979462
0.00992189
0.0596769
0.0493924
0.0393421
0.0301765
0.0222784
0.0158798
0.0109521
0.00739664
0.00506837
0.00375592
0.00323169
0.00328415
0.00372625
0.0044098
0.00522224
0.00607061
0.00687783
0.00760383
0.00823925
0.00877017
0.00918931
0.00950525
0.00965508
0.0598499
0.0452944
0.0333493
0.0233548
0.0153181
0.00922337
0.00484152
0.00197366
0.000406936
-0.000138223
5.50072e-05
0.000739465
0.00171184
0.00282456
0.00397745
0.0050949
0.00611932
0.00701774
0.00778095
0.00840492
0.00889237
0.00925715
0.00943514
0.0542116
0.0382546
0.0252652
0.0148033
0.0070088
0.00154027
-0.00198376
-0.00386596
-0.00445312
-0.00410078
-0.0031202
-0.00176953
-0.000251746
0.00129358
0.00278365
0.00416171
0.00539287
0.00645689
0.0073471
0.00806527
0.00862047
0.00903467
0.00924409
0.0447043
0.0257987
0.0130135
0.00329206
-0.00343415
-0.0077201
-0.0099363
-0.01047
-0.00979947
-0.00835105
-0.00645873
-0.00436955
-0.00226479
-0.000262983
0.00157992
0.00322685
0.00466635
0.00589584
0.00691606
0.00773284
0.00835862
0.00882438
0.00906743
0.0235093
0.0092475
-0.00247998
-0.0107356
-0.0159012
-0.0185576
-0.0190662
-0.0179587
-0.0158188
-0.0131147
-0.0101917
-0.00727593
-0.00451532
-0.00200081
0.000242185
0.00219744
0.0038754
0.00529081
0.00645688
0.00738595
0.0080927
0.0086178
0.00889778
-7.79749e-05
-0.00912607
-0.0179808
-0.0245088
-0.0282357
-0.029241
-0.0280406
-0.0253201
-0.0217386
-0.0178008
-0.0138568
-0.0101164
-0.00669593
-0.0036612
-0.00101338
0.00125801
0.00317631
0.00477197
0.00607389
0.00710456
0.00788242
0.00845205
0.008759
-0.0258481
-0.0325235
-0.0367032
-0.0394938
-0.0400109
-0.0381825
-0.0346877
-0.0302183
-0.0253367
-0.020441
-0.0157926
-0.0115344
-0.00773129
-0.00441276
-0.00155566
0.000871475
0.00290005
0.00456974
0.00592053
0.00698299
0.00777924
0.00834838
0.00865501
-0.0513661
-0.0584089
-0.0575321
-0.0546581
-0.050083
-0.0444385
-0.0382928
-0.032094
-0.0261527
-0.0206487
-0.015678
-0.0112729
-0.00742593
-0.00411759
-0.00129515
0.00108665
0.00306541
0.00468326
0.00598322
0.00699972
0.0077569
0.00828177
0.0085619
-0.0744372
-0.0782874
-0.0724642
-0.065863
-0.0575244
-0.0489912
-0.0407906
-0.0332137
-0.0264056
-0.0203977
-0.0151719
-0.0106743
-0.00682988
-0.003571
-0.000825854
0.00146564
0.00335452
0.00488819
0.00611072
0.00705922
0.00775958
0.00823053
0.00847723
-0.0974066
-0.0942637
-0.0827179
-0.0732629
-0.0625964
-0.0524594
-0.0430244
-0.034531
-0.0270665
-0.0206084
-0.0150953
-0.0104368
-0.00652035
-0.00324061
-0.000514598
0.00172949
0.00356053
0.00503521
0.00620013
0.00709555
0.00774943
0.00817818
0.00839763
-0.119435
-0.10911
-0.0925802
-0.0800638
-0.0670004
-0.0554432
-0.0450019
-0.035826
-0.0278876
-0.0210912
-0.0153427
-0.0105278
-0.0065163
-0.00318116
-0.00042883
0.00181308
0.00362668
0.00507695
0.00621452
0.00708257
0.00771053
0.00811636
0.00832022
-0.140055
-0.122676
-0.101722
-0.0859184
-0.0704736
-0.0576205
-0.0463224
-0.0366515
-0.0284171
-0.0214264
-0.0155539
-0.0106566
-0.00659378
-0.00322898
-0.000459065
0.00178578
0.00359538
0.00503778
0.00616628
0.00702551
0.00764485
0.00804407
0.00824311
-0.157446
-0.133629
-0.109426
-0.0907578
-0.0733512
-0.059201
-0.0470497
-0.0369404
-0.0284921
-0.0214055
-0.0155163
-0.010631
-0.00658798
-0.00324387
-0.000492929
0.00173406
0.00353096
0.00496381
0.00608684
0.00694408
0.00756321
0.00796503
0.00816608
)
;

boundaryField
{
    outlet
    {
        type            fixedValue;
        value           uniform 0;
    }
    upperWall
    {
        type            symmetryPlane;
    }
    lowerWall
    {
        type            symmetryPlane;
    }
    inlet
    {
        type            zeroGradient;
    }
    cylinder
    {
        type            zeroGradient;
    }
    frontAndBack
    {
        type            empty;
    }
}


// ************************************************************************* //
