/*--------------------------------*- C++ -*----------------------------------*\
| =========                 |                                                 |
| \\      /  F ield         | OpenFOAM: The Open Source CFD Toolbox           |
|  \\    /   O peration     | Version:  2312                                  |
|   \\  /    A nd           | Website:  www.openfoam.com                      |
|    \\/     M anipulation  |                                                 |
\*---------------------------------------------------------------------------*/
FoamFile
{
    version     2.0;
    format      ascii;
    arch        "LSB;label=32;scalar=64";
    class       volScalarField;
    location    "104.2";
    object      p;
}
// * * * * * * * * * * * * * * * * * * * * * * * * * * * * * * * * * * * * * //

dimensions      [0 2 -2 0 0 0 0];

internalField   nonuniform List<scalar> 
5478
(
-0.563732
-0.559629
-0.55182
-0.544145
-0.538558
-0.535025
-0.530967
-0.522954
-0.50808
-0.485279
-0.455534
-0.420525
-0.382851
-0.340424
-0.296046
-0.577515
-0.572688
-0.56547
-0.55688
-0.546976
-0.534613
-0.518856
-0.49897
-0.474789
-0.446847
-0.415874
-0.382882
-0.348177
-0.312397
-0.278209
-0.597047
-0.590533
-0.581766
-0.570074
-0.55301
-0.530671
-0.50475
-0.476665
-0.447232
-0.416804
-0.385708
-0.354104
-0.322463
-0.290879
-0.259438
-0.62204
-0.612197
-0.600506
-0.58244
-0.555816
-0.523906
-0.490307
-0.456862
-0.424146
-0.392276
-0.361133
-0.330804
-0.301256
-0.272671
-0.245782
-0.653058
-0.63751
-0.621039
-0.593019
-0.555515
-0.515178
-0.475822
-0.438681
-0.403889
-0.371147
-0.34021
-0.31079
-0.282734
-0.256184
-0.230429
-0.68899
-0.666448
-0.640288
-0.599461
-0.551397
-0.504061
-0.460302
-0.420494
-0.3842
-0.350926
-0.320171
-0.291596
-0.264969
-0.240025
-0.21624
-0.722807
-0.695175
-0.654176
-0.599137
-0.541774
-0.488789
-0.441622
-0.39984
-0.362622
-0.329186
-0.29892
-0.271337
-0.24608
-0.222852
-0.200698
-0.748301
-0.71617
-0.658005
-0.589592
-0.524513
-0.467136
-0.417586
-0.374637
-0.337093
-0.304019
-0.274622
-0.248336
-0.224767
-0.203378
-0.183695
-0.518534
-0.51832
-0.522542
-0.534384
-0.55369
-0.57975
-0.611174
-0.645403
-0.678765
-0.706847
-0.724812
-0.726072
-0.706327
-0.666167
-0.604949
-0.544217
-0.542146
-0.546845
-0.560079
-0.581681
-0.610841
-0.646079
-0.684747
-0.723131
-0.756705
-0.778671
-0.783057
-0.7628
-0.716538
-0.639911
-0.560218
-0.555691
-0.558865
-0.570507
-0.590577
-0.618283
-0.652093
-0.689351
-0.726497
-0.758691
-0.781234
-0.785455
-0.762474
-0.710624
-0.625096
-0.566435
-0.559575
-0.559484
-0.566692
-0.581839
-0.604535
-0.633346
-0.665974
-0.699319
-0.728929
-0.748181
-0.749095
-0.721432
-0.665967
-0.579683
-0.565354
-0.557272
-0.553304
-0.554474
-0.562834
-0.578996
-0.601968
-0.629676
-0.658826
-0.683788
-0.695842
-0.688253
-0.652702
-0.593277
-0.513087
-0.560917
-0.55318
-0.546102
-0.541704
-0.543684
-0.553938
-0.572175
-0.595666
-0.618747
-0.634453
-0.635048
-0.615838
-0.573077
-0.515326
-0.444905
-0.556966
-0.550642
-0.54191
-0.534147
-0.53216
-0.53845
-0.552152
-0.568596
-0.581348
-0.583468
-0.57032
-0.540391
-0.495601
-0.444836
-0.387883
-0.556943
-0.552246
-0.543338
-0.534916
-0.531285
-0.533853
-0.540392
-0.545825
-0.544611
-0.532287
-0.508019
-0.472455
-0.430495
-0.385128
-0.338376
-0.492578
-0.366168
-0.310953
-0.312074
-0.297011
-0.224562
-0.166555
-0.149432
-0.146365
-0.164333
-0.173765
-0.161816
-0.153233
-0.147686
-0.120048
-0.100174
-0.111004
-0.135771
-0.13366
-0.113399
-0.110592
-0.133606
-0.128984
-0.114658
-0.131703
-0.158255
-0.173492
-0.159712
-0.102716
-0.0412593
-0.0296861
-0.0198737
-0.00498202
-0.00466374
-0.00568971
-0.000397432
-0.00103761
-0.0006943
-0.504505
-0.345787
-0.246299
-0.21152
-0.188849
-0.159354
-0.143268
-0.148844
-0.160765
-0.194965
-0.21563
-0.184662
-0.158377
-0.148351
-0.125465
-0.105753
-0.117252
-0.140343
-0.135042
-0.109738
-0.0988288
-0.119128
-0.123483
-0.116725
-0.15104
-0.181984
-0.17236
-0.141121
-0.100895
-0.0466088
-0.032376
-0.0195472
-0.00543752
-0.00495095
-0.00567527
-0.000768644
-0.00103986
-0.000591878
-0.482125
-0.315128
-0.195461
-0.140009
-0.0893087
-0.0863691
-0.115474
-0.144996
-0.171493
-0.219737
-0.251694
-0.206457
-0.161863
-0.146597
-0.129732
-0.110568
-0.12306
-0.143732
-0.135289
-0.105013
-0.0875455
-0.104031
-0.116468
-0.116307
-0.167706
-0.200797
-0.167606
-0.120073
-0.096157
-0.0509359
-0.0348244
-0.0191321
-0.00592625
-0.00529665
-0.00564432
-0.00114841
-0.0010395
-0.000501885
-0.440758
-0.294956
-0.176244
-0.10814
-0.0464303
-0.0323311
-0.0884408
-0.132119
-0.167111
-0.228218
-0.268405
-0.222417
-0.164052
-0.142522
-0.1304
-0.113482
-0.128009
-0.146304
-0.135662
-0.100146
-0.0774421
-0.0869795
-0.10792
-0.112944
-0.179857
-0.213197
-0.161225
-0.0986994
-0.0887714
-0.0539716
-0.0369633
-0.0187153
-0.0064567
-0.00568627
-0.00562872
-0.00152881
-0.00103032
-0.000424302
-0.388723
-0.278331
-0.172254
-0.10215
-0.0491787
-0.0170794
-0.0791372
-0.123603
-0.148934
-0.21235
-0.262317
-0.229959
-0.164792
-0.137578
-0.127207
-0.114582
-0.132113
-0.148109
-0.135281
-0.0953434
-0.0688326
-0.0746714
-0.0984602
-0.10676
-0.186315
-0.219873
-0.155102
-0.0785022
-0.0793194
-0.0556727
-0.0386483
-0.0183929
-0.00704455
-0.00609872
-0.00566723
-0.0019061
-0.00100624
-0.000356519
-0.34259
-0.260946
-0.175102
-0.109433
-0.0587966
-0.0236622
-0.068639
-0.112232
-0.12211
-0.176905
-0.238298
-0.217882
-0.16019
-0.130448
-0.120111
-0.11292
-0.134083
-0.149031
-0.136358
-0.0921211
-0.0618377
-0.0640855
-0.0879406
-0.0979167
-0.186827
-0.22142
-0.150557
-0.0618674
-0.0687776
-0.0562566
-0.0398741
-0.0182303
-0.00769015
-0.0064981
-0.00576975
-0.00228242
-0.000962824
-0.000293923
-0.312618
-0.247754
-0.172209
-0.108931
-0.0624649
-0.0289909
-0.0280907
-0.084627
-0.0899474
-0.143608
-0.209875
-0.207176
-0.157587
-0.125056
-0.110489
-0.107297
-0.133981
-0.146328
-0.134818
-0.0883265
-0.0564115
-0.0565549
-0.0767427
-0.0855856
-0.181491
-0.218782
-0.145317
-0.0500224
-0.0574254
-0.0559982
-0.0403146
-0.0183672
-0.0084462
-0.00683768
-0.00597137
-0.00267344
-0.000900503
-0.000231339
-0.293197
-0.247446
-0.1821
-0.122884
-0.0757895
-0.0337011
-0.0266369
-0.0437398
-0.0566197
-0.105559
-0.171145
-0.175138
-0.14537
-0.11922
-0.0984835
-0.0978394
-0.129736
-0.152684
-0.1371
-0.08743
-0.0527043
-0.0498115
-0.0650235
-0.071907
-0.170757
-0.216978
-0.140901
-0.0418005
-0.0461824
-0.0549694
-0.0402166
-0.0185743
-0.0092326
-0.00707547
-0.00629622
-0.00308208
-0.000823345
-0.000164547
-0.257504
-0.227642
-0.164385
-0.104082
-0.053609
-0.00534006
0.0511469
0.049627
0.00170631
-0.0763406
-0.145797
-0.147365
-0.122272
-0.100464
-0.0815192
-0.0892013
-0.118911
-0.129187
-0.129794
-0.0827936
-0.0487417
-0.0472676
-0.0556777
-0.0654064
-0.156865
-0.204166
-0.135533
-0.0382122
-0.0394005
-0.0524551
-0.0392978
-0.0197662
-0.0101692
-0.00718096
-0.00689122
-0.00360985
-0.000674252
-6.88766e-05
-0.193728
-0.17264
-0.122974
-0.0738628
-0.0320339
0.0124156
0.0561735
0.0728322
0.0321356
-0.0391332
-0.0915622
-0.0943101
-0.0854901
-0.0720307
-0.0573876
-0.0701811
-0.112203
-0.164565
-0.120055
-0.0694575
-0.0350015
-0.0354536
-0.0421692
-0.0488727
-0.135459
-0.203027
-0.125192
-0.0259728
-0.0350359
-0.0479094
-0.0391514
-0.0207479
-0.0113376
-0.00747197
-0.0078288
-0.00427753
-0.000476967
6.87646e-05
-0.15139
-0.140612
-0.105779
-0.0645397
-0.0267312
0.0137802
0.0583759
0.0718726
0.0431209
-0.00672446
-0.0440637
-0.0547923
-0.0570118
-0.0511262
-0.0363772
-0.0412733
-0.0778252
-0.106396
-0.0898071
-0.049158
-0.0229545
-0.0270972
-0.028661
-0.0291609
-0.102907
-0.154225
-0.0968985
-0.0156103
-0.0313093
-0.0417189
-0.0375511
-0.0219638
-0.0128026
-0.00775399
-0.00902385
-0.0051275
-0.000267511
0.000237632
-0.116653
-0.110042
-0.0839936
-0.0506348
-0.0192177
0.0117352
0.0415297
0.056386
0.0410503
0.0084288
-0.0152911
-0.0249692
-0.0298226
-0.0252069
-0.0120181
-0.0111506
-0.0386486
-0.057724
-0.0533844
-0.0340216
-0.0183586
-0.0122378
-0.0126331
-0.00843566
-0.0664794
-0.107296
-0.05738
-0.00601367
-0.023647
-0.0330976
-0.0351748
-0.0237867
-0.0143801
-0.00797426
-0.0105091
-0.00621682
-7.93897e-05
0.000421838
-0.0891795
-0.0855372
-0.0680351
-0.0436476
-0.0199222
0.00293233
0.0243862
0.0369595
0.0308952
0.0127117
-0.00326831
-0.00965855
-0.0136231
-0.0133997
0.000239068
0.0134812
0.00346867
-0.00700913
-0.0187624
-0.0235253
-0.0161508
-0.0109827
-0.00336453
0.00805855
-0.031719
-0.0585304
-0.0108802
0.00585625
-0.0119059
-0.0215948
-0.031381
-0.0258489
-0.0160493
-0.00830935
-0.0122262
-0.00753281
6.0767e-05
0.000585181
-0.0683718
-0.0665531
-0.0549704
-0.0375595
-0.0198219
-0.00337163
0.0116687
0.0211978
0.0209118
0.0119184
0.00354297
0.000272089
-0.00107635
0.00187458
0.0117925
0.0236364
0.0195323
0.0114866
0.000923724
-0.0130686
-0.0101834
-0.00285948
0.00417504
0.0147982
-0.0140139
-0.0235587
0.0263051
0.0159512
0.00187338
-0.00759757
-0.0250855
-0.0276408
-0.0170935
-0.00887669
-0.0141178
-0.00913302
0.00014481
0.000708785
-0.0516897
-0.0510766
-0.0438062
-0.0320272
-0.0193938
-0.00769731
0.00288486
0.0102761
0.0126773
0.00985981
0.00625169
0.00490055
0.00472389
0.00631075
0.0141851
0.0254898
0.0242029
0.0174356
0.0104154
-0.00122201
-0.00162922
0.00127044
0.00769244
0.017747
-0.00737786
-0.00184005
0.0416
0.0205664
0.0117144
0.00717235
-0.015362
-0.0280924
-0.0161581
-0.00926593
-0.0159619
-0.0112011
1.85434e-05
0.000732659
-0.0384499
-0.0388355
-0.0345279
-0.0267185
-0.017897
-0.00953323
-0.00197674
0.00377162
0.00704358
0.00730172
0.00641812
0.00663184
0.00809754
0.0109784
0.0162285
0.0234189
0.0223451
0.0175941
0.0133584
0.00583302
0.00582455
0.00758951
0.0109682
0.0178553
-0.000255968
0.00688702
0.0359026
0.0221993
0.0174635
0.0181629
-0.00567761
-0.0252223
-0.012466
-0.00843563
-0.0166757
-0.012875
-0.000417351
0.000509163
-0.0284674
-0.0291751
-0.0265825
-0.0214879
-0.0155152
-0.00959542
-0.00411855
0.000322314
0.0036128
0.00520705
0.00614523
0.00728768
0.00893585
0.0111233
0.014323
0.019274
0.0194632
0.0164309
0.0137876
0.00936585
0.00880863
0.00881105
0.011326
0.0168234
0.00616114
0.0108546
0.0282405
0.0216456
0.0182497
0.0110072
0.00160016
-0.0169981
-0.00697107
-0.00562559
-0.014557
-0.0119133
-0.000695448
0.000131567
-0.0203094
-0.0211829
-0.0198154
-0.0165643
-0.0125046
-0.00838119
-0.00448835
-0.0011621
0.00177322
0.00377886
0.00535978
0.00678936
0.00856691
0.0108894
0.0131457
0.0161906
0.0168847
0.0150804
0.013427
0.0109584
0.0110062
0.0116263
0.0120206
0.0157272
0.0102755
0.0122483
0.0224228
0.0199878
0.0178035
0.0131843
0.00692085
-0.00773221
-0.00186401
-0.00145741
-0.00966695
-0.00798437
-0.000368642
4.37276e-05
-0.0137943
-0.0147754
-0.0141177
-0.0120593
-0.00933101
-0.00647224
-0.00368
-0.00112773
0.0012207
0.00311846
0.00479038
0.00638469
0.00803839
0.00996168
0.0115483
0.0134737
0.0143775
0.0136398
0.0127301
0.0114892
0.0112938
0.0113033
0.0117525
0.0144273
0.012222
0.0129735
0.0184891
0.0175823
0.0163842
0.0138038
0.00945754
-0.00196447
0.00171099
0.00190574
-0.00485153
-0.00368681
0.000365879
0.000277578
-0.0086536
-0.00956446
-0.00930291
-0.00803638
-0.00623655
-0.00428252
-0.00229688
-0.000414401
0.00141573
0.00304156
0.00453578
0.00597345
0.00736893
0.00894588
0.0102798
0.0115991
0.0124862
0.0123997
0.0120319
0.0115108
0.0116103
0.0118396
0.0119904
0.0134951
0.0128338
0.0130336
0.0159584
0.0155431
0.0148192
0.0133267
0.0100566
0.002355
0.00391518
0.00386528
-0.0013676
-0.000756817
0.000965897
0.000440352
-0.00448266
-0.00529615
-0.00528357
-0.00452703
-0.00334121
-0.00200968
-0.000639364
0.000716468
0.0020612
0.0033395
0.00455438
0.00574434
0.00692567
0.00817727
0.00927754
0.0102294
0.0110071
0.0113192
0.0113266
0.0111893
0.0112965
0.011503
0.0115995
0.0126109
0.0126345
0.0126517
0.0140409
0.0137329
0.0131251
0.0122329
0.00980983
0.00483672
0.00487156
0.00436205
0.000555603
0.000551064
0.00112506
0.0004967
-0.00114496
-0.00183824
-0.00193701
-0.0014955
-0.000736607
0.00013738
0.00104829
0.00198599
0.00297139
0.00394011
0.00486409
0.00577916
0.00672276
0.00769118
0.00859258
0.00937864
0.0100374
0.0104659
0.0106712
0.0107556
0.0109769
0.0112259
0.0113768
0.0119177
0.012091
0.012053
0.0126251
0.0123838
0.0118481
0.0110848
0.00925513
0.00605829
0.00524491
0.00438606
0.00161069
0.00119791
0.00129525
0.000510615
0.00155209
0.00098803
0.000833714
0.00106101
0.00152379
0.00207938
0.00267047
0.00329754
0.00397655
0.00466103
0.00533853
0.00600973
0.00672418
0.00745946
0.00815699
0.00878003
0.0093248
0.00977599
0.0100908
0.0102844
0.0105383
0.0107564
0.0109106
0.0112254
0.0113745
0.0113431
0.011475
0.0111344
0.0106639
0.0100088
0.00854239
0.00642828
0.00529142
0.0042203
0.00216907
0.00142924
0.00127562
0.000502194
0.003733
0.00327526
0.00309986
0.00319439
0.00345954
0.00379219
0.00415214
0.00454579
0.00498945
0.00545199
0.00591921
0.00638565
0.00689711
0.00743463
0.00796189
0.00844053
0.00888325
0.00928105
0.00960606
0.00982902
0.0100717
0.0102779
0.0104187
0.0106011
0.0106744
0.0106075
0.010558
0.0102443
0.00974638
0.00915286
0.00794237
0.00645941
0.0053449
0.0041673
0.0025656
0.00160507
0.00122418
0.00048958
0.0054744
0.00511415
0.00494261
0.00495339
0.00508142
0.00525668
0.00545391
0.00568176
0.005952
0.00624274
0.00654074
0.00684216
0.00718504
0.00755858
0.0079364
0.0082824
0.00862291
0.00893703
0.00921674
0.00942372
0.00962961
0.00980117
0.00990332
0.00999141
0.0100145
0.00991832
0.00977619
0.00946121
0.00895039
0.00843097
0.00743346
0.00626854
0.00528228
0.00414612
0.00281168
0.00175802
0.00117186
0.000458908
0.00686256
0.00658157
0.00642049
0.00637788
0.0064137
0.00648161
0.00656656
0.00667627
0.00681938
0.00698127
0.00715219
0.00733114
0.00754521
0.00777777
0.00802672
0.00825689
0.00849618
0.00871925
0.00892744
0.00908819
0.00923945
0.00935933
0.00942398
0.00945115
0.0094274
0.00930208
0.0091115
0.0088203
0.00832488
0.00783982
0.00702583
0.00606144
0.00518558
0.00414138
0.00299471
0.001936
0.00117772
0.000441725
0.00795125
0.00773192
0.00758481
0.00751034
0.0074854
0.00748048
0.0074883
0.00751497
0.00756675
0.00763442
0.00770951
0.00779346
0.00790256
0.00803083
0.00817471
0.00830859
0.00845676
0.00859219
0.00872594
0.00882417
0.00891877
0.00898119
0.00900387
0.00898198
0.00891812
0.00878153
0.00856289
0.00828555
0.00782608
0.00736049
0.00668771
0.00587019
0.00506629
0.00412976
0.0031496
0.00215204
0.00125349
0.000431946
0.00878145
0.00860806
0.00847431
0.00838169
0.00831759
0.00826547
0.00822229
0.00819277
0.00818112
0.00818169
0.00818887
0.00820397
0.00823694
0.00828488
0.00834539
0.0084022
0.008472
0.00853375
0.00859731
0.0086349
0.00867289
0.00868209
0.00866137
0.00860078
0.00849971
0.00834823
0.00811229
0.00784089
0.0074193
0.00696898
0.00638838
0.00568353
0.00494253
0.00411222
0.00324629
0.00232321
0.00136719
0.000459175
0.00939155
0.00925028
0.00912718
0.00902424
0.00893543
0.00885367
0.00877808
0.00871178
0.00865768
0.00861174
0.00857282
0.00853911
0.00851869
0.00850706
0.00850569
0.00850449
0.00851228
0.00851654
0.00852113
0.00850865
0.00849596
0.0084591
0.0084
0.00830851
0.00817506
0.00800789
0.00776425
0.00748282
0.00710053
0.00665916
0.00612841
0.00549886
0.00480137
0.00402761
0.00322025
0.00234309
0.00138745
0.00045836
0.00980026
0.00967886
0.00956338
0.00945486
0.00935235
0.00925337
0.00915899
0.00907028
0.00898934
0.00891417
0.00884544
0.00878101
0.0087255
0.00867414
0.0086317
0.00858913
0.00855589
0.00851786
0.0084822
0.00843287
0.00838066
0.00831213
0.00822212
0.00810748
0.00795169
0.00776874
0.00751936
0.00723477
0.00686534
0.00643842
0.00593825
0.00534708
0.0046948
0.00395889
0.00317597
0.00233481
0.00141409
0.000473796
0.0100071
0.00989573
0.00978476
0.00967458
0.00956635
0.00945976
0.00935697
0.0092577
0.00916418
0.00907462
0.00899146
0.00891164
0.00883858
0.00876749
0.00870342
0.0086401
0.00858371
0.00852403
0.00846525
0.00839625
0.00832178
0.00823477
0.00812788
0.00799953
0.00783197
0.00763833
0.00738868
0.00709898
0.00674002
0.0063188
0.00583174
0.00526494
0.00463014
0.00391769
0.00315254
0.00232678
0.00141885
0.000475506
-0.158977
-0.1707
-0.183343
-0.193702
-0.207056
-0.214064
-0.226672
-0.234151
-0.131443
-0.138326
-0.145852
-0.152261
-0.158544
-0.162402
-0.167951
-0.177592
-0.106109
-0.110065
-0.113535
-0.117513
-0.121599
-0.12697
-0.131786
-0.139893
-0.0858641
-0.0877986
-0.0895837
-0.0930748
-0.0963279
-0.100196
-0.10288
-0.108108
-0.0682629
-0.0693401
-0.0703254
-0.0725443
-0.0741501
-0.0761529
-0.0779799
-0.082305
-0.0539034
-0.0541704
-0.0543764
-0.0554467
-0.0563717
-0.0578937
-0.0595999
-0.0631517
-0.0417756
-0.0415956
-0.0414652
-0.0420596
-0.04277
-0.0439039
-0.045152
-0.0478048
-0.0318434
-0.0314754
-0.0311835
-0.0314474
-0.031865
-0.0325796
-0.0334177
-0.0353768
-0.0236398
-0.0231919
-0.0227945
-0.022793
-0.0229603
-0.0234059
-0.0241276
-0.0258497
-0.0168291
-0.0163818
-0.0159656
-0.0158472
-0.0159429
-0.0163195
-0.0169757
-0.0183054
-0.0112401
-0.0108699
-0.0105195
-0.0103797
-0.0104263
-0.0106734
-0.0111424
-0.0121575
-0.00664972
-0.00636796
-0.0060808
-0.00592317
-0.00591455
-0.00607982
-0.00647121
-0.00731725
-0.00287313
-0.0026792
-0.0024681
-0.00234085
-0.0023334
-0.00246551
-0.00277735
-0.00343573
0.000218895
0.000329329
0.000462763
0.000549305
0.000554148
0.000454859
0.000207382
-0.000314639
0.00274627
0.00278491
0.0028492
0.0028914
0.0028787
0.00278876
0.0025874
0.00218668
0.00478523
0.00476796
0.00477604
0.00477886
0.00475084
0.00467346
0.00451751
0.00421611
0.00642495
0.00637144
0.00634061
0.0063137
0.00627111
0.00619682
0.00606765
0.00583815
0.00773061
0.00765406
0.00759561
0.00754466
0.00748754
0.00741261
0.00730402
0.00713178
0.00875024
0.00866176
0.00858699
0.00852046
0.00845299
0.00837733
0.00828301
0.00815163
0.00952591
0.0094333
0.00935064
0.00927484
0.00920042
0.00912336
0.00903774
0.00893337
0.0100942
0.0100008
0.00991512
0.00983481
0.00975688
0.00967916
0.00959903
0.00951152
0.0104708
0.0103784
0.0102924
0.0102111
0.0101325
0.0100554
0.00997892
0.00990119
0.0106582
0.0105692
0.0104848
0.0104039
0.0103254
0.0102486
0.0101733
0.0100994
0.0130771
0.0153249
0.0165009
0.0158758
0.0129566
0.00774912
0.000131481
-0.010531
-0.0253862
-0.0460679
-0.0748261
-0.114811
-0.171133
-0.247366
-0.318626
-0.013662
-0.0142547
-0.017713
-0.0232843
-0.0307928
-0.0405696
-0.0532475
-0.0697677
-0.0914206
-0.119943
-0.157712
-0.207862
-0.275619
-0.365432
-0.442621
-0.0388102
-0.0430138
-0.0511843
-0.0613618
-0.073151
-0.0872607
-0.104705
-0.126611
-0.154352
-0.189767
-0.235428
-0.294553
-0.371187
-0.473097
-0.548202
-0.0647797
-0.0725348
-0.084337
-0.0979722
-0.113317
-0.131339
-0.153128
-0.179811
-0.212814
-0.254036
-0.306124
-0.372832
-0.456624
-0.562222
-0.633591
-0.0916955
-0.102615
-0.116944
-0.132969
-0.15108
-0.172388
-0.19787
-0.228527
-0.265755
-0.311564
-0.368335
-0.440213
-0.528486
-0.631813
-0.697245
-0.117483
-0.131417
-0.147745
-0.165717
-0.186195
-0.210231
-0.23864
-0.272298
-0.312573
-0.361511
-0.421577
-0.49579
-0.584431
-0.681868
-0.738711
-0.141584
-0.158031
-0.175947
-0.195691
-0.218317
-0.244567
-0.275145
-0.310968
-0.353289
-0.403878
-0.464999
-0.538672
-0.624197
-0.712047
-0.759239
-0.163813
-0.181714
-0.20125
-0.22299
-0.247585
-0.275616
-0.307736
-0.344818
-0.388004
-0.43876
-0.498908
-0.569562
-0.648485
-0.723052
-0.761572
0.186956
0.201427
0.217722
0.236231
0.256959
0.279766
0.304551
0.33127
0.359839
0.389988
0.42111
0.451998
0.480613
0.502891
0.521039
0.179409
0.192523
0.207659
0.225221
0.24499
0.266641
0.290017
0.315078
0.341732
0.369653
0.398137
0.425855
0.450594
0.468325
0.482
0.167675
0.178694
0.192096
0.208164
0.226348
0.246075
0.267089
0.289316
0.312618
0.33658
0.360365
0.382469
0.400394
0.410216
0.416487
0.151743
0.160133
0.171338
0.185334
0.201203
0.218184
0.235947
0.254358
0.273166
0.29179
0.309173
0.323565
0.332085
0.330714
0.32717
0.131753
0.137298
0.146251
0.157983
0.171013
0.184416
0.197902
0.211365
0.224481
0.236481
0.246033
0.251078
0.248315
0.233452
0.217224
0.107972
0.110054
0.116565
0.125945
0.13596
0.145495
0.154266
0.16215
0.168724
0.173043
0.173539
0.167855
0.152249
0.122165
0.0911805
0.0811437
0.0804145
0.0845923
0.0908399
0.096854
0.101766
0.105374
0.107389
0.107095
0.103282
0.094127
0.0769768
0.0476974
0.00171021
-0.0444938
0.0495614
0.0479706
0.051418
0.0546416
0.0561294
0.0557617
0.0536118
0.0492548
0.0416925
0.0294364
0.0103999
-0.0183902
-0.0615382
-0.123294
-0.183641
0.028522
0.0329527
0.0292775
0.0332082
0.0307845
0.0350758
0.0333117
0.037741
0.0370952
0.0416011
0.0423766
0.0471904
0.049704
0.0553447
0.0600109
0.0672839
0.0746291
0.0845444
0.0954799
0.109368
0.125137
0.144571
0.166813
0.0284675
0.0328624
0.0292249
0.0330961
0.0307171
0.0349416
0.0332708
0.0375492
0.0369477
0.0413525
0.0421209
0.0468191
0.0493379
0.0548448
0.0594004
0.0665882
0.0735737
0.0833075
0.0936473
0.107114
0.121864
0.140422
0.16107
0.0284222
0.0327467
0.0291901
0.0329551
0.0306756
0.0347733
0.0331932
0.03732
0.0368357
0.0411031
0.0419036
0.0464635
0.0489717
0.0542396
0.0587309
0.0657473
0.0723371
0.0818354
0.0913478
0.104184
0.117492
0.134608
0.152471
0.0283861
0.0326075
0.0291706
0.032789
0.0306554
0.0345748
0.0331521
0.0370677
0.036748
0.0408218
0.0417088
0.0461151
0.0486592
0.0538421
0.0581469
0.0650386
0.071039
0.0802577
0.0886347
0.100601
0.111815
0.12683
0.140784
0.0283586
0.0324483
0.0291674
0.0326021
0.0306534
0.0343535
0.0331348
0.0367929
0.0366787
0.0405027
0.0415256
0.0456652
0.0482608
0.0530436
0.0573842
0.0638897
0.0693756
0.0780033
0.0852652
0.0960129
0.104897
0.117066
0.125821
0.0283361
0.0322722
0.0291685
0.0323998
0.0306626
0.0341188
0.0331393
0.0365306
0.0366271
0.0402186
0.0413945
0.0454013
0.0480677
0.0528386
0.0568443
0.0631354
0.0679183
0.0760629
0.0817033
0.0910256
0.0965566
0.105512
0.108188
0.0283217
0.0320817
0.0291773
0.0321897
0.0306801
0.0338733
0.0331359
0.0362359
0.0365667
0.0398635
0.041206
0.0448969
0.0476185
0.0518588
0.0558675
0.0614378
0.065831
0.0728307
0.0773624
0.0846267
0.0874416
0.0914307
0.087623
0.0283052
0.031884
0.0291869
0.0319812
0.0307022
0.0336497
0.033182
0.03604
0.0365521
0.0396793
0.0411853
0.0448451
0.047543
0.0518434
0.0554892
0.0608624
0.0644063
0.0707685
0.0729892
0.0782186
0.0760212
0.0764496
0.0635227
0.0282842
0.0316214
0.0292071
0.0316815
0.0307146
0.0332745
0.0331335
0.0355643
0.0363858
0.0390994
0.0408
0.0440724
0.0465641
0.0500198
0.0535105
0.0573343
0.0604655
0.0640919
0.0651853
0.0661143
0.0610974
0.0525116
0.032351
0.0282659
0.0312624
0.0292361
0.0312753
0.0307024
0.0327299
0.0330121
0.0348947
0.0360137
0.0380371
0.0398934
0.0422851
0.0448101
0.0473904
0.0502971
0.0525769
0.0546237
0.0555888
0.0551004
0.0516335
0.0451453
0.0334385
0.0175138
0.0282655
0.0308252
0.0292814
0.0307891
0.0307047
0.0320954
0.0328624
0.0341354
0.0355297
0.0370092
0.0389094
0.0406983
0.0428532
0.0446045
0.0466795
0.0476525
0.0483852
0.0473661
0.0451524
0.0396811
0.032077
0.0204002
0.00544481
0.0282838
0.0303001
0.0293444
0.0302348
0.0306741
0.0314883
0.0325815
0.0334158
0.0349045
0.035903
0.0377263
0.0388909
0.0405835
0.0416565
0.0426837
0.0426241
0.0420412
0.0395729
0.0359983
0.0296446
0.0214832
0.0104047
-0.00329814
0.0283236
0.0296796
0.029387
0.0297162
0.0305231
0.0309279
0.0321723
0.0326703
0.0340988
0.0347699
0.0362994
0.0369894
0.0380362
0.0385654
0.0385233
0.0375543
0.0359223
0.0324538
0.0280182
0.0214453
0.0134115
0.0032586
-0.00900702
0.0283802
0.0290237
0.0293206
0.0292503
0.0302777
0.0303739
0.031623
0.0319092
0.0331191
0.0335337
0.0346702
0.0349391
0.0353253
0.0353302
0.0343858
0.0326234
0.0302609
0.0262859
0.021459
0.0150837
0.00760904
-0.0014444
-0.0121153
0.0284108
0.0283898
0.0291308
0.0288223
0.0299176
0.029822
0.0309336
0.0311067
0.0319796
0.0321967
0.0328879
0.0327504
0.0325472
0.032029
0.0304218
0.028085
0.0252826
0.02119
0.0163295
0.0104008
0.00373678
-0.00407351
-0.0130895
0.0283884
0.0277932
0.0288331
0.0284135
0.0294346
0.0292581
0.030116
0.0302331
0.0307278
0.0307484
0.0310017
0.0304759
0.0297882
0.0288024
0.0267643
0.0241058
0.0210907
0.0171438
0.0125476
0.0072296
0.00149207
-0.00502709
-0.0124555
0.0282837
0.0272565
0.0284159
0.0280091
0.0288357
0.0286685
0.0292062
0.0292644
0.029402
0.0292034
0.0290609
0.0281952
0.0271336
0.0257833
0.0235299
0.0207662
0.0177318
0.0140987
0.00997273
0.00536567
0.000550389
-0.00476078
-0.0107632
0.0280797
0.0267919
0.0278802
0.02759
0.0281424
0.0280102
0.0282402
0.0281928
0.0280303
0.0276018
0.0271212
0.0259918
0.0246688
0.0230837
0.0207792
0.0180854
0.0151958
0.0119637
0.00840122
0.0045307
0.00057138
-0.0036837
-0.00846004
0.0277648
0.0263962
0.027246
0.0271309
0.0273979
0.0272685
0.0272408
0.0270382
0.0266349
0.0259915
0.0252423
0.0239396
0.0224692
0.020773
0.0185384
0.0160379
0.0134094
0.0106098
0.0076181
0.00444648
0.00124959
-0.00211979
-0.00588367
0.0273354
0.0260549
0.0265505
0.026565
0.0266291
0.026449
0.0262209
0.02584
0.0252439
0.0244309
0.0234853
0.0220999
0.0205805
0.0188825
0.0167997
0.0145602
0.0122566
0.0098865
0.00742329
0.00487067
0.0023267
-0.000319334
-0.0032682
0.0268001
0.0257346
0.0258529
0.0258761
0.0258325
0.0255765
0.0251916
0.0246442
0.0238998
0.0229722
0.021904
0.020505
0.019017
0.0174005
0.0155204
0.0135698
0.011608
0.00963889
0.00763693
0.00560381
0.00359897
0.0015329
-0.000768285
0.026181
0.0253763
0.0252018
0.0251021
0.0249889
0.0246574
0.0241602
0.0234908
0.0226449
0.0216551
0.0205314
0.0191721
0.0177696
0.0162891
0.0146402
0.0129793
0.0113423
0.00972772
0.00811262
0.00650108
0.00492949
0.00332264
0.0015337
0.0255064
0.0249234
0.0245909
0.0243544
0.0241245
0.0237079
0.0231384
0.022401
0.0215086
0.0205036
0.0193803
0.0180978
0.0168119
0.0154961
0.0140837
0.0126929
0.011345
0.0100318
0.00873387
0.00745863
0.00622992
0.0049852
0.00360206
0.0248094
0.024385
0.0239988
0.023638
0.0232712
0.0227726
0.022151
0.0213853
0.0204952
0.0195199
0.0184465
0.0172696
0.016115
0.0149667
0.0137736
0.0126196
0.0115166
0.0104517
0.00940885
0.00839753
0.00743575
0.00647299
0.00540927
0.0241146
0.0237849
0.0233871
0.0229459
0.0224666
0.0218961
0.0212347
0.0204661
0.0196105
0.018697
0.0177104
0.01666
0.0156419
0.0146492
0.0136446
0.0126868
0.0117827
0.0109173
0.0100769
0.00927099
0.00851458
0.00776902
0.00695708
0.0234403
0.0231621
0.0227621
0.0222769
0.0217291
0.0211086
0.020422
0.0196661
0.0188595
0.0180205
0.0171354
0.0162178
0.015335
0.0144815
0.0136338
0.0128341
0.0120881
0.0113812
0.0107003
0.0100531
0.00945226
0.00887228
0.00825587
0.0228015
0.0225484
0.0221503
0.0216472
0.0210687
0.0204255
0.0197311
0.0189978
0.0182436
0.0174798
0.0166951
0.0159023
0.0151448
0.0144138
0.013695
0.0130197
0.0123956
0.0118112
0.0112534
0.0107263
0.0102409
0.00978381
0.00931539
0.0222197
0.02198
0.0215859
0.0210781
0.0204929
0.0198501
0.0191657
0.0184646
0.0177616
0.0170633
0.0163644
0.0156764
0.0150273
0.0144046
0.0137953
0.0132205
0.0126896
0.0121966
0.01173
0.0112906
0.0108879
0.0105174
0.0101552
0.0217239
0.0214923
0.021103
0.0205993
0.0200204
0.01939
0.0187252
0.0180571
0.0173994
0.0167531
0.0161179
0.0155064
0.0149395
0.0144068
0.0138922
0.0134043
0.0129504
0.0125292
0.0121322
0.0117582
0.0114147
0.0111045
0.0108172
0.0213474
0.0211196
0.0207365
0.0202413
0.0196724
0.0190579
0.0184147
0.0177756
0.0171573
0.0165569
0.0159706
0.0154096
0.0148956
0.0144255
0.0139802
0.0135521
0.0131437
0.0127605
0.0124039
0.0120749
0.0117764
0.0115097
0.0112703
0.0211412
0.0209173
0.0205347
0.0200398
0.0194734
0.0188662
0.0182345
0.0176091
0.0170125
0.01644
0.015883
0.0153513
0.0148666
0.0144315
0.0140269
0.0136369
0.0132609
0.0129074
0.0125822
0.0122863
0.0120189
0.0117801
0.0115702
0.00916167
-0.0158982
-0.0400806
-0.0621257
-0.0846317
-0.106392
-0.12686
-0.144206
-2.60782e-05
-0.0225084
-0.047663
-0.0669251
-0.0826582
-0.0974993
-0.111253
-0.122424
-0.00926058
-0.0272522
-0.047668
-0.0623588
-0.0725148
-0.0824294
-0.0919321
-0.100092
-0.016506
-0.0308879
-0.0455703
-0.0566145
-0.0640642
-0.0710768
-0.0773138
-0.0825684
-0.0208538
-0.0321429
-0.0418844
-0.0492871
-0.0544868
-0.0591962
-0.0630478
-0.0663271
-0.0224456
-0.0310784
-0.0371411
-0.0417006
-0.0452914
-0.0485686
-0.0510798
-0.0530325
-0.0218224
-0.0282936
-0.0318115
-0.0343392
-0.0366804
-0.0389058
-0.0405023
-0.0415453
-0.0196621
-0.0244673
-0.0263158
-0.0274728
-0.0288711
-0.0303544
-0.0313896
-0.0319228
-0.0165928
-0.0201433
-0.0209539
-0.0212429
-0.0219625
-0.0229193
-0.0236007
-0.0238597
-0.0130994
-0.015716
-0.0159224
-0.0157008
-0.0159517
-0.0165284
-0.0169719
-0.0170874
-0.00953072
-0.0114558
-0.0113401
-0.010852
-0.0108016
-0.0111095
-0.0113982
-0.0114582
-0.00610927
-0.00752365
-0.00726055
-0.00666774
-0.00644492
-0.00657219
-0.00675896
-0.00680437
-0.00296555
-0.00400506
-0.00369894
-0.00309567
-0.00278515
-0.00279846
-0.00291866
-0.00296527
-0.000153792
-0.000915581
-0.000619638
-6.33665e-05
0.000272897
0.000325154
0.000245063
0.000186587
0.00231503
0.00175607
0.00201202
0.00248663
0.00280283
0.0028856
0.00283239
0.00276396
0.00443994
0.00403292
0.00423638
0.00461365
0.00487986
0.00496277
0.00492013
0.00484147
0.00623655
0.00594142
0.00608918
0.00636744
0.00656917
0.00663247
0.00658968
0.00650451
0.00772821
0.00751532
0.00761111
0.00779787
0.00793156
0.00796445
0.00791388
0.00782371
0.00893392
0.0087804
0.00883171
0.00893999
0.00900959
0.00900764
0.00894431
0.00884975
0.0098779
0.0097632
0.00977719
0.00982133
0.00983565
0.00980052
0.00972394
0.00962641
0.0106086
0.0105121
0.0104895
0.0104796
0.0104476
0.0103835
0.0102945
0.0101941
0.0111026
0.0110138
0.010964
0.0109165
0.0108526
0.0107688
0.0106714
0.0105696
0.0114174
0.0113135
0.0112244
0.0111378
0.0110469
0.0109504
0.0108509
0.0107525
-0.37606
-0.384053
-0.393103
-0.404701
-0.420647
-0.441632
-0.465276
-0.485857
-0.377636
-0.383322
-0.389598
-0.398322
-0.41062
-0.426301
-0.444228
-0.460375
-0.377737
-0.381644
-0.385298
-0.390866
-0.399562
-0.4104
-0.420076
-0.424548
-0.376133
-0.37805
-0.378832
-0.380449
-0.383425
-0.386373
-0.386269
-0.379997
-0.370418
-0.370211
-0.367633
-0.364355
-0.360792
-0.356156
-0.348526
-0.335522
-0.358733
-0.356105
-0.350125
-0.34245
-0.33391
-0.324311
-0.312161
-0.295377
-0.339983
-0.335302
-0.326946
-0.316635
-0.305505
-0.293412
-0.278919
-0.260212
-0.314995
-0.30944
-0.300294
-0.289242
-0.277425
-0.264445
-0.248985
-0.229521
-0.286134
-0.281138
-0.272551
-0.262128
-0.250688
-0.23771
-0.222109
-0.202622
-0.256347
-0.252798
-0.245573
-0.236409
-0.225751
-0.21325
-0.197977
-0.178958
-0.228063
-0.226052
-0.220429
-0.212544
-0.202777
-0.190969
-0.176309
-0.158083
-0.202567
-0.201807
-0.19755
-0.190693
-0.181735
-0.170707
-0.156861
-0.139658
-0.180765
-0.180347
-0.176945
-0.17068
-0.162493
-0.152261
-0.139436
-0.123401
-0.161805
-0.161263
-0.158266
-0.152433
-0.145075
-0.135498
-0.123804
-0.109001
-0.145486
-0.144533
-0.141278
-0.136048
-0.12898
-0.119958
-0.109319
-0.0960658
-0.486282
-0.45298
-0.422974
-0.398727
-0.381074
-0.370276
-0.366473
-0.369416
-0.487254
-0.454299
-0.424594
-0.400851
-0.383851
-0.373622
-0.369995
-0.372448
-0.48963
-0.454828
-0.423934
-0.399908
-0.383235
-0.37352
-0.370423
-0.373189
-0.497699
-0.458605
-0.424394
-0.398483
-0.381068
-0.371288
-0.368659
-0.372039
-0.511327
-0.46547
-0.425625
-0.395969
-0.376482
-0.365867
-0.363631
-0.367218
-0.529677
-0.474242
-0.426152
-0.390782
-0.367908
-0.355697
-0.353466
-0.356819
-0.551304
-0.483302
-0.424218
-0.381236
-0.353844
-0.339487
-0.336861
-0.33956
-0.573888
-0.490509
-0.417846
-0.365831
-0.33319
-0.316502
-0.313276
-0.315502
-0.594309
-0.493407
-0.405136
-0.343587
-0.305855
-0.286962
-0.283647
-0.286314
-0.608758
-0.489757
-0.384635
-0.314171
-0.272545
-0.252652
-0.250216
-0.254728
-0.613575
-0.475085
-0.358644
-0.279006
-0.232768
-0.214849
-0.216638
-0.224435
-0.605548
-0.452694
-0.325807
-0.243875
-0.203878
-0.183936
-0.186785
-0.197112
-0.582998
-0.42257
-0.287094
-0.197487
-0.158537
-0.150629
-0.161642
-0.174809
-0.547189
-0.386098
-0.253877
-0.176782
-0.135537
-0.127632
-0.142918
-0.157412
-0.500754
-0.344817
-0.209698
-0.138934
-0.116703
-0.118142
-0.133654
-0.14508
-0.420605
-0.299604
-0.189158
-0.119654
-0.101092
-0.110894
-0.128248
-0.134337
-0.354386
-0.313174
-0.249045
-0.187735
-0.146513
-0.129248
-0.126339
-0.127487
-0.362038
-0.38397
-0.373179
-0.326775
-0.271335
-0.217015
-0.171569
-0.142148
-0.394666
-0.443146
-0.450208
-0.41486
-0.359469
-0.293898
-0.227165
-0.171566
-0.368744
-0.407882
-0.415701
-0.38699
-0.343148
-0.287151
-0.235227
-0.181272
-0.270532
-0.297909
-0.305466
-0.291031
-0.266985
-0.234904
-0.207986
-0.174171
-0.185331
-0.197676
-0.201646
-0.199009
-0.190979
-0.177109
-0.166059
-0.150708
-0.14967
-0.149291
-0.147256
-0.144157
-0.140749
-0.135315
-0.131664
-0.123536
-0.134708
-0.12847
-0.124783
-0.121
-0.117122
-0.11249
-0.109475
-0.106708
-0.136677
-0.118186
-0.109564
-0.107455
-0.105133
-0.0984907
-0.092866
-0.08832
-0.135525
-0.106756
-0.0913669
-0.0893258
-0.0956397
-0.103118
-0.100574
-0.0851019
-0.139355
-0.119769
-0.103719
-0.0979932
-0.102112
-0.108573
-0.116148
-0.120245
-0.145633
-0.137359
-0.130031
-0.126119
-0.129106
-0.13623
-0.145837
-0.157069
-0.143362
-0.137884
-0.132251
-0.127288
-0.124139
-0.124394
-0.123008
-0.126425
-0.114412
-0.109132
-0.104334
-0.0996236
-0.0966774
-0.0958309
-0.0936716
-0.0958093
-0.0943996
-0.08831
-0.0828452
-0.0786128
-0.0768298
-0.07699
-0.0780418
-0.078738
-0.104182
-0.0966758
-0.0899315
-0.08435
-0.0816274
-0.0798154
-0.0791159
-0.0763331
-0.129656
-0.121966
-0.113715
-0.10556
-0.0982811
-0.0913543
-0.0863556
-0.0786254
-0.130939
-0.126375
-0.120185
-0.112509
-0.103641
-0.0939848
-0.0846686
-0.0747309
-0.115886
-0.116664
-0.115495
-0.111724
-0.105214
-0.0958092
-0.0827526
-0.0692711
-0.122264
-0.132928
-0.14184
-0.14802
-0.150546
-0.148674
-0.141768
-0.129875
-0.147567
-0.160776
-0.172258
-0.181763
-0.186553
-0.18717
-0.183273
-0.175817
-0.13282
-0.135342
-0.137043
-0.138805
-0.139404
-0.139987
-0.137364
-0.136104
-0.110351
-0.104505
-0.0974995
-0.0905281
-0.0840419
-0.0791867
-0.0739773
-0.0707432
-0.111151
-0.0906667
-0.0719025
-0.0561592
-0.0440868
-0.036281
-0.0318852
-0.032238
-0.131762
-0.104146
-0.0772646
-0.0530008
-0.0324566
-0.0163267
-0.00334983
0.00676402
-0.170444
-0.163627
-0.153821
-0.141143
-0.126441
-0.110016
-0.0919606
-0.0737663
-0.17464
-0.184666
-0.189008
-0.187698
-0.180913
-0.169799
-0.15567
-0.139418
-0.102066
-0.0992965
-0.0953812
-0.0910372
-0.0858319
-0.0806039
-0.0739889
-0.068604
-0.0352737
-0.0290753
-0.0231055
-0.0178105
-0.013273
-0.00984219
-0.00747777
-0.00573657
-0.0268827
-0.0240672
-0.0213215
-0.0187124
-0.0162575
-0.0140041
-0.0118702
-0.00965122
-0.0200626
-0.0203007
-0.0202818
-0.0200469
-0.0195925
-0.0189844
-0.0182534
-0.0174078
-0.00455405
-0.00416266
-0.00382686
-0.00356123
-0.0033695
-0.00327943
-0.00327978
-0.00334958
-0.00443681
-0.00425337
-0.00409237
-0.00392788
-0.00373191
-0.0034807
-0.0031583
-0.00274257
-0.00566847
-0.00560703
-0.00551034
-0.00539075
-0.00526343
-0.00514254
-0.00503755
-0.00495469
-4.57918e-05
0.000265113
0.000515689
0.00068641
0.000759034
0.000720463
0.000564836
0.00029115
-0.00103685
-0.0010371
-0.00103375
-0.00101531
-0.000965795
-0.000867169
-0.000701909
-0.000453453
-0.00080653
-0.000923209
-0.00103611
-0.00113656
-0.00120855
-0.00124061
-0.00122133
-0.00114056
-0.133072
-0.116356
-0.0962451
-0.07748
-0.0589684
-0.0431864
-0.0302656
-0.0193565
-0.0104501
-0.00368177
0.00192479
0.00633783
0.00970569
0.0123505
0.0143821
0.0159206
0.0170772
0.017925
0.0185337
0.0189558
0.019233
0.0193948
0.0194708
-0.13266
-0.118289
-0.102623
-0.0838689
-0.0653574
-0.0491971
-0.035174
-0.0232546
-0.0136874
-0.00614402
7.84222e-05
0.00487387
0.00859854
0.0115123
0.0137365
0.0154282
0.0166949
0.0176237
0.0182894
0.0187503
0.0190522
0.0192292
0.0193122
-0.133382
-0.115491
-0.100842
-0.0830249
-0.0655776
-0.0500634
-0.0360943
-0.0243498
-0.014763
-0.0069139
-0.000635438
0.00425875
0.00809379
0.0110793
0.0133613
0.0151063
0.0164137
0.0173781
0.0180711
0.0185528
0.0188701
0.019057
0.0191452
-0.14301
-0.115095
-0.0955022
-0.0769946
-0.0606091
-0.0461756
-0.0333073
-0.0225293
-0.0135256
-0.00612624
-0.000236835
0.00443354
0.00811399
0.0109937
0.0132204
0.0149342
0.0162253
0.0171859
0.0178805
0.0183668
0.018689
0.0188813
0.0189724
-0.14962
-0.112307
-0.0903951
-0.0697486
-0.0535066
-0.0401906
-0.0283434
-0.0187611
-0.0107127
-0.0041741
0.00106309
0.00528248
0.00861917
0.0112502
0.0133125
0.0149128
0.0161336
0.0170518
0.0177216
0.0181948
0.0185119
0.0187026
0.0187937
-0.144055
-0.105147
-0.0840731
-0.0611735
-0.0461355
-0.0333343
-0.0223849
-0.013987
-0.00703131
-0.00150755
0.00291871
0.00651603
0.00938912
0.0117045
0.013554
0.0149998
0.0161179
0.0169677
0.0175941
0.0180404
0.0183412
0.018524
0.0186119
-0.125346
-0.0910164
-0.0736923
-0.049638
-0.0375055
-0.0248645
-0.0155909
-0.00858551
-0.00287163
0.00153539
0.00508025
0.00798758
0.0103536
0.012305
0.0138936
0.015159
0.0161516
0.0169157
0.0174845
0.0178934
0.0181719
0.0183416
0.0184239
-0.101547
-0.0752047
-0.0615053
-0.0389206
-0.0283965
-0.0155801
-0.00821853
-0.0026229
0.00171046
0.00485975
0.00741096
0.00954917
0.0113768
0.0129438
0.0142563
0.0153336
0.0161925
0.0168669
0.0173764
0.0177472
0.018001
0.0181569
0.0182327
-0.08785
-0.0664705
-0.0504089
-0.0277405
-0.0181902
-0.00538013
-0.000243818
0.00400292
0.00666772
0.00839171
0.00985824
0.0111797
0.0124313
0.0135805
0.0146076
0.0154928
0.0162224
0.016808
0.0172578
0.01759
0.0178206
0.0179632
0.0180332
-0.0762267
-0.0542024
-0.0356487
-0.013518
-0.00273109
0.00819719
0.0101235
0.0121049
0.0122856
0.0123022
0.0124982
0.0129361
0.01357
0.0142826
0.015006
0.0156776
0.0162639
0.0167548
0.0171419
0.0174348
0.0176402
0.017768
0.0178308
-0.068039
-0.0490258
-0.0212451
0.000376882
0.0153863
0.0230138
0.022263
0.0209882
0.0182953
0.0164188
0.0152441
0.0147743
0.0147546
0.0150237
0.0154399
0.0159
0.0163372
0.0167232
0.0170376
0.01728
0.0174542
0.0175638
0.0176182
-0.106231
-0.0879084
-0.026461
0.0147618
0.0398078
0.0404496
0.0351412
0.0292283
0.0238653
0.0201996
0.017828
0.0165402
0.0159697
0.0158314
0.0159365
0.0161695
0.0164435
0.0167137
0.0169481
0.0171358
0.0172732
0.0173599
0.0174027
-0.115978
-0.129245
-0.0321392
0.0263115
0.0535821
0.0515588
0.0433355
0.0346481
0.0276347
0.0229583
0.0198499
0.0180095
0.0169946
0.0165214
0.0163813
0.016426
0.0165498
0.0167049
0.0168544
0.0169812
0.017079
0.0171428
0.0171747
-0.114458
-0.103181
-0.0492913
0.00666603
0.0375165
0.0446595
0.0411829
0.0344279
0.0283621
0.0238561
0.0208261
0.0189582
0.0177848
0.0171138
0.0167846
0.0166532
0.0166366
0.016686
0.0167581
0.0168284
0.0168864
0.0169249
0.0169439
-0.0924423
-0.0799861
-0.0523068
-0.0210547
0.0037758
0.0192055
0.0253229
0.0261544
0.0249069
0.022897
0.0209499
0.0194315
0.0183254
0.0176196
0.0171656
0.0168876
0.0167392
0.0166758
0.0166597
0.0166657
0.0166797
0.0166921
0.0166981
-0.0790676
-0.0740211
-0.0614631
-0.0413
-0.0167304
0.00138909
0.0125216
0.0178766
0.02043
0.0207898
0.0203888
0.0195325
0.0187163
0.0180219
0.0174697
0.0170767
0.0168218
0.0166613
0.016565
0.0165081
0.0164753
0.0164565
0.0164465
-0.0780415
-0.0706466
-0.0586601
-0.0353526
-0.0155701
0.000328341
0.0100486
0.016089
0.0187178
0.019839
0.019849
0.0194537
0.0189563
0.0183439
0.0177573
0.0172665
0.0168935
0.016631
0.0164491
0.0163269
0.0162479
0.0162001
0.0161751
-0.0748465
-0.0605866
-0.0452474
-0.0234207
-0.00834044
0.00732117
0.013344
0.0192504
0.0200348
0.0209924
0.0203601
0.0198348
0.0191707
0.0184665
0.0178523
0.0173203
0.0168922
0.0165587
0.0163102
0.016132
0.0160103
0.0159323
0.0158923
-0.0633174
-0.0447686
-0.0280672
-0.00717151
0.00383319
0.0156082
0.0191972
0.0228975
0.0221893
0.0223395
0.0211705
0.0204247
0.0195374
0.0187277
0.0180064
0.0173719
0.016861
0.0164529
0.0161411
0.015911
0.0157478
0.0156427
0.0155877
-0.0599155
-0.0388673
-0.017529
0.00371688
0.0172608
0.0233955
0.0255948
0.0257449
0.0240293
0.0230633
0.021554
0.020514
0.0195563
0.0187676
0.018052
0.0173884
0.0168088
0.0163267
0.0159505
0.015669
0.0154684
0.015335
0.0152655
-0.116922
-0.0946647
-0.0582715
-0.0201082
0.0170968
0.0271826
0.0305486
0.0275329
0.0249721
0.022787
0.0212079
0.0201617
0.0192956
0.0185969
0.0178898
0.0172162
0.0166162
0.016112
0.0156997
0.0153836
0.0151512
0.0149968
0.0149152
-0.1588
-0.142379
-0.102345
-0.0558498
-0.00230735
0.0134807
0.0229266
0.0233604
0.0235117
0.0221387
0.0209373
0.0199242
0.0191637
0.0184946
0.0177706
0.0170476
0.0163936
0.0158432
0.0153965
0.0150505
0.0147971
0.0146225
0.0145309
-0.124907
-0.107704
-0.0784676
-0.0471821
-0.0198613
-0.00622434
0.00436585
0.0120876
0.0166344
0.0187415
0.0192539
0.0191183
0.0186748
0.0180401
0.0173601
0.0166815
0.016059
0.0155089
0.0150445
0.0146803
0.0144041
0.0142149
0.0141143
-0.0634308
-0.0466579
-0.0252491
-0.00994178
-0.00364484
-0.00175667
0.00342588
0.01041
0.014353
0.0184185
0.0187237
0.0187237
0.0182453
0.0176125
0.0169283
0.0162438
0.0156279
0.0150826
0.0146195
0.0142442
0.0139587
0.0137576
0.0136503
-0.0314652
-0.0152499
3.23572e-05
0.0108623
0.0160354
0.0172439
0.0167247
0.0194798
0.0190676
0.0207705
0.0197255
0.0190485
0.0180664
0.0173
0.0165232
0.0157961
0.015154
0.0145928
0.0141245
0.0137483
0.0134632
0.0132613
0.0131521
0.00824782
0.0172725
0.0228929
0.0302607
0.0319718
0.0331162
0.0308421
0.0287407
0.026076
0.0239415
0.0210738
0.0191749
0.0175632
0.0166
0.015743
0.0150965
0.0145198
0.0140125
0.013559
0.0131829
0.0128927
0.0126918
0.0125841
-0.0576166
-0.0338721
-0.00830904
0.0183152
0.0397923
0.0499647
0.0493794
0.0401181
0.0351067
0.0276305
0.0230838
0.0196341
0.0173259
0.015946
0.0150124
0.0143513
0.0137792
0.0132886
0.0128771
0.0125375
0.0122746
0.0120823
0.0119769
-0.115523
-0.0939517
-0.0609592
-0.0366736
-0.00192504
0.0148297
0.0210491
0.0209849
0.0216906
0.0209923
0.0189812
0.0165505
0.0149387
0.014163
0.0137933
0.0134104
0.0129646
0.0125217
0.0121207
0.0117957
0.0115532
0.0113808
0.0112852
-0.0592587
-0.0461194
-0.0301255
-0.0153839
-0.00280334
0.00352112
0.00405369
0.00483021
0.00777468
0.0101624
0.0108719
0.0110123
0.0113861
0.0119272
0.0121512
0.0120453
0.011786
0.0114961
0.0112196
0.0109788
0.0107833
0.0106329
0.0105438
-0.00575348
-0.00306937
-0.00159586
-0.000848892
9.17737e-05
0.00126344
0.00191737
0.0030279
0.00448607
0.00599485
0.0071773
0.00821037
0.00906261
0.00996883
0.0104249
0.0106138
0.0105303
0.0103678
0.0101767
0.0100157
0.00989206
0.00978975
0.00972073
-0.00765382
-0.00498884
-0.00225615
0.000891694
0.0042106
0.00703084
0.0085525
0.00810553
0.00771761
0.00780851
0.00758407
0.00680679
0.00679966
0.00746792
0.00834805
0.00900083
0.00918457
0.00920838
0.00911154
0.00901328
0.00892989
0.00885945
0.00880744
-0.0162086
-0.0150077
-0.0138462
-0.0129084
-0.0121239
-0.0115151
-0.0105544
-0.00900541
-0.00643766
-0.00357476
-0.00135906
0.000404483
0.00253924
0.00498747
0.00680654
0.00768314
0.00791606
0.00796044
0.00796158
0.0079505
0.00793085
0.00789071
0.00785177
-0.00366621
-0.00384954
-0.00480641
-0.00572344
-0.00688434
-0.00823151
-0.00933479
-0.00950249
-0.00822056
-0.0059343
-0.00343195
-0.00103396
0.00128381
0.00360444
0.00522392
0.00614859
0.00650883
0.00667265
0.00673387
0.00678617
0.0068256
0.00681301
0.00678895
-0.00206741
-0.00100788
0.000307493
0.00189939
0.00351384
0.00483278
0.00533124
0.00430169
0.00330869
0.00264469
0.00233369
0.00224075
0.00257589
0.00337193
0.00404004
0.00455362
0.00492582
0.00521189
0.00542147
0.00560654
0.00571261
0.00571288
0.00570271
-0.00486342
-0.00489648
-0.0050718
-0.00540435
-0.00581928
-0.00619029
-0.00635935
-0.00626733
-0.00575829
-0.00475782
-0.00339921
-0.00184161
-4.04807e-05
0.00176632
0.00300343
0.00360976
0.00389627
0.00407298
0.00423649
0.00439628
0.00449011
0.00451773
0.00452501
-0.000180279
-0.000833954
-0.00158753
-0.00229178
-0.00274957
-0.00280499
-0.00242069
-0.00192862
-0.00152767
-0.00124597
-0.000817288
-0.000199264
0.000477683
0.00120336
0.00179252
0.00226016
0.002574
0.00279576
0.00296768
0.00316991
0.00327588
0.00328971
0.00329189
-2.41536e-05
0.00071695
0.00170502
0.00294436
0.00431834
0.00562744
0.00678068
0.00701485
0.00650958
0.0057314
0.00478037
0.00369933
0.0026575
0.00196801
0.00155741
0.00137762
0.00136166
0.00145381
0.00159826
0.00186219
0.00200374
0.00202911
0.00204672
-0.00096193
-0.000627845
-0.000143564
0.00046326
0.00110726
0.00168069
0.00208233
0.00217191
0.00204475
0.00185695
0.0016649
0.00139061
0.00111637
0.000923308
0.000775435
0.00064266
0.000558413
0.000525717
0.000542751
0.000636276
0.000686058
0.000692195
0.000701689
-0.0803842
-0.0637159
-0.0483648
-0.036471
-0.0262097
-0.017937
-0.0109146
-0.00499649
3.12139e-05
0.00418384
0.00771725
0.0106478
0.0130362
0.0149788
0.016503
0.0176761
0.0185578
0.0192022
0.0196629
0.0199807
0.0201791
0.0202838
0.0203256
-0.0905316
-0.0709475
-0.0534866
-0.0401537
-0.0289474
-0.0198885
-0.0121995
-0.00579315
-0.000472534
0.00384474
0.00751401
0.0104842
0.012882
0.0148244
0.0163407
0.0175125
0.0183964
0.0190467
0.0195145
0.0198394
0.0200468
0.0201629
0.0202133
-0.0994336
-0.0772949
-0.057951
-0.043436
-0.0314651
-0.0217166
-0.0133784
-0.00650446
-0.000961813
0.00353959
0.00735465
0.0103468
0.012765
0.0147064
0.0162093
0.0173739
0.0182539
0.0189057
0.0193775
0.0197074
0.0199217
0.0200463
0.0201034
-0.107379
-0.0835281
-0.0627376
-0.0469836
-0.0342532
-0.0237026
-0.0146633
-0.0073781
-0.00164449
0.00315442
0.00712022
0.0101554
0.0126338
0.0145852
0.0160854
0.017248
0.0181257
0.0187787
0.0192531
0.0195864
0.0198056
0.0199357
0.019997
-0.114238
-0.0890666
-0.0673864
-0.0508118
-0.0375229
-0.0260106
-0.0162824
-0.0086631
-0.00260515
0.00260955
0.00668401
0.00983038
0.0124208
0.0144077
0.0159357
0.0171134
0.0179992
0.0186584
0.0191373
0.0194743
0.0196973
0.0198304
0.0198941
-0.119088
-0.0945406
-0.0724916
-0.0552575
-0.0411478
-0.028481
-0.018208
-0.0103051
-0.00368539
0.00189024
0.00604178
0.00939305
0.0121001
0.0141438
0.0157311
0.0169443
0.0178547
0.0185303
0.0190201
0.0193643
0.0195924
0.0197285
0.0197939
-0.122989
-0.0994618
-0.0774599
-0.0602378
-0.0450897
-0.031429
-0.0207742
-0.0123298
-0.00500748
0.000778395
0.00513921
0.00877669
0.0116077
0.0137606
0.0154421
0.0167164
0.0176737
0.0183809
0.0188921
0.0192503
0.0194872
0.0196278
0.019695
-0.127557
-0.107173
-0.0851228
-0.0671966
-0.0503867
-0.0358757
-0.0245042
-0.0150665
-0.00704964
-0.000982667
0.00385254
0.00781673
0.0108352
0.0131812
0.0150067
0.0163874
0.0174262
0.0181904
0.0187408
0.0191244
0.0193772
0.0195261
0.0195965
0.0721583
0.0504474
0.0281027
0.00476102
-0.0183834
-0.0403122
-0.0607565
-0.0800017
0.0756373
0.0515624
0.0268845
0.0011019
-0.0247062
-0.0492629
-0.0716692
-0.0915742
0.0787602
0.0510313
0.022924
-0.00566567
-0.0336675
-0.0599183
-0.0835432
-0.104592
0.0813164
0.0493721
0.0175434
-0.0138408
-0.0439123
-0.071815
-0.0969634
-0.119456
0.0825876
0.0464993
0.0109751
-0.0233424
-0.0557652
-0.0856627
-0.112574
-0.136599
0.082306
0.0420236
0.00266745
-0.0348961
-0.0700321
-0.10227
-0.130929
-0.156398
0.0802906
0.0354401
-0.00811365
-0.0493142
-0.0873985
-0.121786
-0.152506
-0.179271
0.0760517
0.0260227
-0.022224
-0.0674758
-0.108823
-0.145719
-0.178038
-0.205774
0.0686951
0.0127405
-0.0407665
-0.0904781
-0.13533
-0.174673
-0.208417
-0.236687
0.0569102
-0.00582062
-0.0652249
-0.119783
-0.168306
-0.210086
-0.244896
-0.273012
0.0388733
-0.0316034
-0.097678
-0.157565
-0.209813
-0.253887
-0.289026
-0.315851
0.0120297
-0.0671286
-0.140732
-0.206694
-0.262897
-0.308105
-0.342053
-0.365638
-0.0277909
-0.116463
-0.197317
-0.269243
-0.328054
-0.372631
-0.402936
-0.419813
-0.0837838
-0.183709
-0.273673
-0.346642
-0.402695
-0.441617
-0.46319
-0.468607
-0.13428
-0.23884
-0.327275
-0.397863
-0.44946
-0.482158
-0.497484
-0.4979
0.190163
0.189024
0.183767
0.174413
0.160941
0.143708
0.123049
0.0988061
0.205094
0.203344
0.196643
0.185208
0.169265
0.149211
0.126254
0.100696
0.221685
0.219358
0.21141
0.198245
0.180353
0.158149
0.133277
0.106546
0.24039
0.23753
0.22849
0.213714
0.193957
0.169621
0.142162
0.112762
0.261305
0.257902
0.247719
0.231124
0.209085
0.182093
0.151215
0.118024
0.284356
0.280327
0.268771
0.249967
0.225011
0.194674
0.159752
0.122078
0.309455
0.304668
0.291422
0.269973
0.241461
0.207068
0.167571
0.124908
0.336545
0.330859
0.315563
0.291007
0.258332
0.219143
0.174442
0.126198
0.365548
0.358816
0.341073
0.312869
0.275382
0.23057
0.179827
0.125201
0.396213
0.388278
0.36763
0.335109
0.29202
0.240612
0.182772
0.120749
0.427961
0.418631
0.394541
0.356862
0.307172
0.247996
0.181787
0.11115
0.459617
0.448652
0.420484
0.376633
0.3191
0.250756
0.17467
0.0939599
0.489181
0.476275
0.443237
0.391924
0.324957
0.245701
0.157925
0.0653397
0.51263
0.497518
0.458987
0.399105
0.321031
0.228965
0.127657
0.0216369
0.531943
0.514668
0.470867
0.403231
0.315583
0.211758
0.0978739
-0.0199013
0.0285875
0.0286623
0.0287469
0.0288402
0.0289409
0.0290464
0.0291563
0.0292698
0.0330163
0.0330538
0.0330657
0.0330539
0.0330218
0.0329722
0.0329077
0.0328348
0.0293495
0.0294391
0.0295464
0.0296684
0.0297998
0.0299485
0.0300957
0.0302418
0.0332889
0.0333378
0.0333569
0.0333503
0.0333223
0.0332761
0.0332185
0.0331585
0.0308761
0.0309905
0.0311347
0.0312891
0.0314677
0.031654
0.0318463
0.0320486
0.0351755
0.0352361
0.0352635
0.0352608
0.0352337
0.0351964
0.0351447
0.0351251
0.0334379
0.0335926
0.033778
0.0339846
0.0342074
0.0344414
0.0346692
0.0349163
0.0378874
0.0379895
0.0380575
0.0380963
0.0381159
0.0381279
0.0381089
0.0381611
0.037268
0.0374615
0.0376966
0.0379545
0.0382048
0.0385349
0.0387617
0.0391569
0.0417931
0.0419367
0.0420477
0.0421404
0.0421939
0.0422956
0.0423228
0.0425527
0.0426307
0.0428806
0.043183
0.0435159
0.0438246
0.0442162
0.044455
0.0449626
0.0474923
0.0477311
0.0479307
0.0481416
0.0482573
0.048502
0.0485519
0.0490088
0.0500358
0.0503654
0.0506795
0.0510512
0.0513199
0.0518006
0.0519361
0.0526565
0.0557809
0.0561498
0.0564056
0.0568366
0.0568777
0.0575215
0.0572558
0.0583174
0.0605062
0.0609622
0.0612269
0.0617382
0.0618166
0.0623563
0.0621917
0.0629023
0.0678103
0.0683011
0.0684151
0.0690318
0.0688214
0.0696176
0.0689729
0.0701516
0.075342
0.0759416
0.076171
0.0765426
0.0762284
0.0766204
0.0757576
0.0763923
0.0853789
0.0859345
0.0861101
0.0864853
0.0857721
0.0861422
0.0843222
0.0849998
0.09652
0.0971762
0.0969793
0.0968586
0.0955406
0.0949688
0.0924652
0.091643
0.110624
0.111236
0.110863
0.110372
0.108247
0.106787
0.102539
0.100283
0.12671
0.127168
0.126068
0.124277
0.120583
0.11665
0.110401
0.104251
0.146456
0.146767
0.145046
0.141915
0.136402
0.129618
0.120071
0.109107
0.169295
0.168969
0.165686
0.159575
0.150191
0.13803
0.122771
0.104324
0.0294005
0.029571
0.0297755
0.0300151
0.0302939
0.0306075
0.0309086
0.0311743
0.0313769
0.0314979
0.0315237
0.0314491
0.0312796
0.0310335
0.0307343
0.0304087
0.0300748
0.0297422
0.0294169
0.0291069
0.0288316
0.0286142
0.0284797
0.0327256
0.0325586
0.0323298
0.0320301
0.0316535
0.03127
0.0309245
0.0306353
0.0304239
0.0302996
0.0302592
0.030285
0.0303421
0.0303704
0.0302984
0.0301303
0.0298873
0.0295972
0.0292885
0.0289814
0.0287057
0.0284871
0.0283514
0.0304302
0.0306697
0.0309439
0.0312569
0.0315597
0.0317685
0.0318787
0.0318977
0.0318135
0.0316276
0.0313579
0.0310374
0.0307225
0.030457
0.0302262
0.0300012
0.029737
0.0294312
0.0291062
0.0287871
0.0285
0.0282764
0.0281406
0.0330418
0.0328608
0.0326203
0.032337
0.0321167
0.0319616
0.0318604
0.0317955
0.0317502
0.0317026
0.0316165
0.0314392
0.031133
0.0307375
0.0303596
0.0299932
0.0296252
0.0292522
0.0288813
0.0285345
0.0282287
0.0279976
0.0278651
0.0322657
0.0325093
0.0327854
0.0330388
0.0331922
0.0332724
0.0332603
0.033144
0.0329286
0.0326292
0.0322858
0.0319211
0.0315222
0.0310636
0.0305626
0.0300443
0.0295394
0.0290636
0.0286236
0.0282332
0.0279027
0.0276596
0.0275289
0.034989
0.0347617
0.034453
0.0341929
0.0339799
0.0337964
0.0336349
0.0334769
0.0333
0.0330595
0.0327314
0.032315
0.0318293
0.0312756
0.0306641
0.030032
0.0294186
0.028849
0.0283401
0.027905
0.0275475
0.02729
0.0271561
0.0351522
0.0353706
0.0355889
0.0357001
0.0357052
0.0355898
0.035338
0.0349633
0.0344919
0.0339599
0.0333831
0.0327648
0.0321069
0.0314106
0.0306816
0.0299448
0.0292382
0.0285902
0.028025
0.0275549
0.0271796
0.0269131
0.0267783
0.0380295
0.0376564
0.0373065
0.0370107
0.0367339
0.036434
0.0361
0.0356972
0.0351938
0.0345785
0.0338608
0.033069
0.0322383
0.031396
0.030558
0.0297378
0.028964
0.0282635
0.0276605
0.0271682
0.0267867
0.0265188
0.0263885
0.0393335
0.0393787
0.0393702
0.0392292
0.038928
0.0384637
0.037853
0.0371243
0.0362993
0.0353887
0.0344047
0.0333719
0.0323259
0.0313046
0.0303368
0.0294328
0.0286074
0.0278754
0.0272507
0.0267457
0.0263639
0.0260962
0.0259678
0.0424257
0.041989
0.0415377
0.0410443
0.0404969
0.0398667
0.0391134
0.0382099
0.0371581
0.0359902
0.0347454
0.0334733
0.0322294
0.0310548
0.0299793
0.0290158
0.028168
0.0274335
0.0268108
0.0263074
0.0259335
0.0256652
0.0255323
0.0450388
0.0447238
0.0443174
0.0437191
0.0428695
0.0418194
0.040616
0.0392868
0.0378609
0.0363729
0.0348626
0.0333772
0.0319665
0.0306712
0.0295162
0.0285175
0.0276725
0.0269609
0.0263614
0.0258757
0.0255181
0.0252536
0.0251177
0.0487985
0.0478259
0.0470471
0.04603
0.0448822
0.0435601
0.0420429
0.0403515
0.0385482
0.0367073
0.0349
0.033184
0.0316074
0.0301992
0.0289773
0.0279529
0.0271191
0.0264425
0.0258837
0.0254342
0.0251059
0.0248601
0.024733
0.0524725
0.0515427
0.0505045
0.049144
0.0474608
0.0455297
0.0434168
0.0411889
0.0389203
0.0366932
0.0345868
0.0326665
0.0309631
0.0294918
0.0282531
0.0272415
0.0264443
0.0258266
0.0253343
0.0249437
0.0246616
0.0244537
0.0243494
0.0574831
0.0557417
0.0538471
0.0517027
0.049328
0.046725
0.0439895
0.0412478
0.03859
0.0360911
0.033816
0.0318029
0.0300681
0.0286132
0.027419
0.0264617
0.0257207
0.0251684
0.02475
0.0244244
0.0241903
0.0240243
0.0239443
0.0620415
0.059949
0.0575729
0.0547868
0.0516322
0.0482742
0.0448488
0.0415018
0.0383541
0.0355096
0.03302
0.0309015
0.0291464
0.0277282
0.026602
0.02572
0.0250426
0.0245457
0.0241882
0.023919
0.0237245
0.0235938
0.0235288
0.0682656
0.0647058
0.0610348
0.0571059
0.0529945
0.048827
0.0447536
0.0409152
0.0374365
0.0343976
0.0318248
0.0297117
0.0280242
0.0267108
0.0257088
0.0249492
0.0243715
0.0239476
0.0236525
0.0234391
0.0232852
0.023188
0.0231323
0.0740141
0.0694185
0.0644964
0.0591687
0.0537583
0.0485646
0.0437809
0.0395351
0.0358665
0.0327809
0.0302607
0.0282628
0.0267242
0.025575
0.0247402
0.0241383
0.0236934
0.0233677
0.0231461
0.0229929
0.022886
0.0228248
0.0227799
0.0802713
0.0733387
0.0666388
0.0599726
0.0535025
0.0474926
0.0421565
0.0375972
0.0338179
0.0307776
0.0284051
0.0266089
0.02529
0.0243559
0.0237209
0.0232994
0.0230101
0.0228055
0.0226717
0.0225849
0.0225301
0.0225084
0.0224793
0.0858941
0.0769192
0.068012
0.059528
0.0518608
0.0452454
0.0396655
0.0350546
0.0313538
0.0284937
0.0263669
0.0248438
0.0237962
0.0231102
0.0226921
0.0224585
0.0223322
0.0222612
0.0222271
0.0222133
0.022212
0.0222312
0.0222223
0.0901867
0.0777589
0.0669462
0.0571877
0.0487896
0.0418623
0.0362867
0.0318701
0.0284671
0.0259513
0.0241815
0.023004
0.0222714
0.0218568
0.0216667
0.0216228
0.0216588
0.021725
0.0217985
0.0218639
0.0219183
0.0219786
0.0219932
0.0918349
0.0769935
0.0639982
0.0530889
0.0443081
0.0374151
0.0320724
0.028032
0.0250962
0.0230736
0.0217773
0.0210293
0.0206679
0.0205608
0.0206207
0.0207766
0.0209765
0.0211806
0.0213662
0.0215175
0.0216323
0.0217356
0.0217773
0.0892948
0.0713878
0.0581019
0.0471131
0.0384859
0.0319533
0.027122
0.0236435
0.0213015
0.0198733
0.019139
0.0188925
0.0189554
0.0191932
0.0195311
0.0199052
0.0202777
0.0206206
0.0209194
0.0211615
0.0213428
0.0214935
0.0215665
0.0794222
0.0631821
0.0503742
0.0400637
0.0319446
0.0258651
0.02161
0.0187648
0.0170956
0.0163304
0.0162183
0.0165323
0.0170712
0.017697
0.0183498
0.0189722
0.0195386
0.0200326
0.0204516
0.0207914
0.0210459
0.0212513
0.02136
0.066204
0.0539099
0.043227
0.0340833
0.0268799
0.0211189
0.0170675
0.0146418
0.0135095
0.0133005
0.0137178
0.0145212
0.015485
0.0164606
0.0173936
0.0182371
0.0189737
0.0195941
0.0201055
0.0205162
0.0208223
0.0210612
0.0211925
0.0477281
0.0366444
0.0300403
0.0237298
0.0191508
0.0152766
0.0124109
0.011
0.0107253
0.0112085
0.012166
0.0133914
0.0146754
0.015886
0.016988
0.0179519
0.0187705
0.0194409
0.0199783
0.020402
0.0207127
0.0209423
0.0210693
0.0251466
0.0145147
0.0114251
0.00827503
0.00716809
0.00658278
0.00660935
0.00728292
0.00843179
0.00986507
0.0114355
0.0130449
0.0145597
0.0159007
0.0170667
0.0180521
0.0188659
0.0195138
0.0200169
0.0204022
0.0206756
0.0208603
0.0209599
0.00359859
-0.00471769
-0.00513362
-0.00586532
-0.00416178
-0.00173875
0.00107612
0.00378146
0.00631755
0.00866747
0.0108234
0.0127918
0.0145278
0.0160009
0.0172219
0.0182136
0.0190076
0.0196216
0.0200831
0.0204238
0.0206536
0.02079
0.0208581
-0.0162984
-0.0201503
-0.0167223
-0.0151364
-0.0113173
-0.00720688
-0.00292714
0.00098003
0.00444607
0.00746624
0.0100868
0.0123639
0.0143166
0.0159433
0.0172464
0.0182695
0.0190645
0.0196634
0.0201015
0.0204135
0.0206121
0.0207144
0.0207581
-0.0348591
-0.0331974
-0.0256481
-0.0213217
-0.0155454
-0.0104162
-0.00548945
-0.00103427
0.00293042
0.00636303
0.00931214
0.0118355
0.0139734
0.0157355
0.0171265
0.0181996
0.019016
0.0196192
0.0200528
0.0203543
0.0205387
0.0206249
0.0206556
-0.0523569
-0.0449493
-0.0340475
-0.0268786
-0.0192405
-0.0130665
-0.00750492
-0.00260426
0.00171705
0.00543115
0.00861727
0.0113258
0.0135972
0.0154584
0.0169229
0.0180461
0.0188913
0.0195091
0.0199496
0.0202525
0.0204355
0.0205205
0.0205489
-0.0676484
-0.0550343
-0.0418064
-0.0319407
-0.0228276
-0.0155708
-0.00929046
-0.00390037
0.000763702
0.00471044
0.00808566
0.0109288
0.0132792
0.0151965
0.016704
0.017861
0.0187293
0.0193621
0.0198129
0.0201226
0.0203117
0.0204049
0.0204382
)
;

boundaryField
{
    outlet
    {
        type            fixedValue;
        value           uniform 0;
    }
    upperWall
    {
        type            symmetryPlane;
    }
    lowerWall
    {
        type            symmetryPlane;
    }
    inlet
    {
        type            zeroGradient;
    }
    cylinder
    {
        type            zeroGradient;
    }
    frontAndBack
    {
        type            empty;
    }
}


// ************************************************************************* //
