/*--------------------------------*- C++ -*----------------------------------*\
| =========                 |                                                 |
| \\      /  F ield         | OpenFOAM: The Open Source CFD Toolbox           |
|  \\    /   O peration     | Version:  2312                                  |
|   \\  /    A nd           | Website:  www.openfoam.com                      |
|    \\/     M anipulation  |                                                 |
\*---------------------------------------------------------------------------*/
FoamFile
{
    version     2.0;
    format      ascii;
    arch        "LSB;label=32;scalar=64";
    class       volScalarField;
    location    "33.05";
    object      p;
}
// * * * * * * * * * * * * * * * * * * * * * * * * * * * * * * * * * * * * * //

dimensions      [0 2 -2 0 0 0 0];

internalField   nonuniform List<scalar> 
5478
(
-0.265824
-0.264672
-0.260279
-0.253858
-0.24746
-0.242396
-0.239723
-0.239997
-0.242943
-0.24761
-0.253047
-0.257345
-0.26046
-0.259844
-0.256983
-0.272145
-0.270202
-0.26571
-0.25997
-0.25395
-0.248564
-0.244441
-0.241874
-0.240652
-0.2401
-0.239373
-0.237907
-0.235534
-0.231876
-0.22809
-0.282645
-0.278984
-0.273959
-0.26807
-0.261601
-0.254689
-0.247825
-0.241472
-0.235724
-0.230425
-0.225448
-0.220557
-0.215578
-0.209944
-0.203991
-0.296983
-0.291069
-0.284727
-0.277768
-0.269285
-0.259283
-0.248706
-0.238428
-0.228915
-0.22033
-0.212436
-0.205004
-0.197697
-0.190369
-0.183656
-0.315744
-0.306949
-0.298751
-0.289097
-0.276454
-0.261931
-0.247248
-0.233448
-0.220933
-0.209663
-0.199478
-0.190157
-0.181406
-0.173263
-0.165405
-0.339521
-0.326755
-0.315889
-0.300996
-0.282084
-0.262212
-0.243413
-0.226424
-0.211335
-0.19801
-0.186162
-0.175488
-0.165716
-0.15673
-0.148159
-0.36761
-0.349869
-0.333587
-0.3107
-0.284386
-0.259054
-0.236383
-0.216577
-0.199372
-0.18438
-0.171237
-0.159634
-0.149323
-0.140145
-0.131419
-0.395234
-0.373497
-0.347761
-0.314915
-0.281233
-0.250935
-0.224883
-0.202712
-0.18382
-0.167669
-0.153769
-0.141742
-0.131344
-0.12226
-0.114033
-0.28213
-0.283067
-0.283437
-0.284604
-0.287017
-0.290901
-0.29652
-0.304235
-0.31449
-0.327779
-0.344602
-0.36534
-0.390088
-0.418287
-0.449699
-0.28131
-0.281044
-0.280727
-0.281262
-0.283133
-0.286666
-0.292236
-0.300338
-0.311542
-0.326411
-0.345459
-0.368924
-0.396879
-0.429223
-0.463294
-0.280098
-0.278647
-0.277576
-0.277221
-0.278173
-0.28087
-0.285761
-0.293405
-0.304444
-0.319411
-0.338675
-0.362814
-0.390287
-0.423369
-0.456341
-0.277822
-0.275493
-0.273519
-0.271915
-0.271404
-0.272635
-0.276164
-0.282569
-0.29242
-0.306516
-0.324137
-0.347879
-0.372757
-0.404375
-0.434776
-0.27437
-0.271717
-0.268799
-0.265559
-0.262996
-0.262104
-0.263629
-0.268274
-0.276332
-0.289277
-0.305034
-0.327811
-0.350951
-0.380265
-0.407895
-0.270204
-0.267843
-0.264116
-0.259121
-0.254233
-0.250881
-0.250148
-0.253011
-0.2598
-0.271769
-0.287312
-0.30852
-0.330729
-0.356066
-0.379249
-0.266254
-0.264575
-0.260278
-0.25389
-0.247184
-0.242017
-0.23992
-0.242006
-0.248733
-0.25969
-0.274484
-0.291798
-0.310297
-0.329393
-0.345986
-0.264121
-0.262984
-0.258525
-0.251585
-0.244445
-0.238954
-0.236658
-0.238344
-0.244075
-0.252768
-0.264113
-0.275438
-0.286725
-0.296415
-0.304287
-0.507294
-0.584948
-0.646263
-0.669423
-0.641409
-0.546162
-0.401948
-0.231489
-0.0964942
-0.00926179
0.0459741
0.0399232
0.0381863
0.0402475
0.041412
0.0418794
0.040492
0.0364062
0.0323394
0.0274461
0.0222528
0.0185402
0.0146558
0.0115471
0.0098824
0.0074256
0.00601758
0.00526813
0.00388803
0.00331087
0.00286707
0.00222807
0.00162498
0.00128106
0.00111233
0.000658409
0.000182382
7.29043e-05
-0.524676
-0.600718
-0.658366
-0.675504
-0.639575
-0.539196
-0.390035
-0.223991
-0.0854539
0.0109486
0.0697897
0.0647898
0.0502663
0.0431186
0.0389712
0.0398647
0.0385596
0.0356762
0.0326657
0.0276433
0.0229339
0.0189897
0.0148778
0.0119378
0.0100199
0.00751156
0.00613689
0.00531322
0.00393183
0.00335449
0.00290545
0.0022375
0.00161716
0.00135163
0.00109592
0.000642465
0.000225716
7.50179e-05
-0.513067
-0.587398
-0.640469
-0.658447
-0.621034
-0.52094
-0.375981
-0.22334
-0.0929309
0.00213313
0.0653358
0.0694408
0.0540085
0.0427144
0.034432
0.0367422
0.0362194
0.0345201
0.0325398
0.0276698
0.0234687
0.019366
0.0151687
0.0124149
0.0101022
0.00767358
0.00629279
0.00531504
0.0040074
0.00340597
0.00292963
0.00224037
0.00162446
0.00141429
0.00107882
0.000630696
0.000266584
7.69385e-05
-0.484008
-0.55602
-0.606015
-0.622003
-0.584236
-0.48999
-0.36027
-0.229277
-0.11335
-0.0219741
0.0435766
0.0580133
0.0488842
0.0383258
0.0299713
0.0331248
0.0336674
0.0329926
0.0317482
0.0272848
0.0236415
0.0195073
0.0154227
0.0128065
0.0101464
0.00788381
0.00645314
0.00528018
0.00410505
0.00346004
0.00293842
0.0022357
0.00164841
0.00146494
0.00106178
0.000625371
0.000303025
7.85863e-05
-0.446675
-0.515199
-0.560618
-0.572032
-0.537347
-0.455814
-0.344984
-0.234246
-0.135272
-0.0511014
0.0169671
0.0420037
0.0415348
0.0343871
0.0268181
0.0296615
0.0309728
0.0310317
0.0303671
0.0265392
0.0233944
0.0194143
0.0155795
0.0130051
0.0101674
0.00807398
0.0065798
0.00523151
0.00419901
0.0035085
0.002935
0.0022248
0.00168502
0.00150143
0.00104591
0.000627717
0.000333038
7.99241e-05
-0.405524
-0.455948
-0.501646
-0.510282
-0.481072
-0.41663
-0.328218
-0.236554
-0.149875
-0.0737429
-0.00907196
0.0248388
0.0320659
0.0294897
0.0242231
0.0264109
0.0280323
0.0286487
0.0284052
0.0253595
0.0226475
0.0190312
0.0155432
0.0130182
0.0101826
0.00821485
0.00666207
0.00519735
0.00427302
0.00354768
0.00292482
0.00221187
0.00172919
0.00152308
0.00103174
0.000638667
0.000355121
8.09664e-05
-0.361444
-0.400989
-0.435321
-0.448556
-0.43231
-0.386909
-0.318167
-0.238888
-0.162507
-0.0908198
-0.0279224
0.0106059
0.0238326
0.0258121
0.0223829
0.023533
0.0252719
0.0263244
0.026559
0.0242242
0.0218583
0.0186028
0.01534
0.0129088
0.010146
0.00826891
0.0066984
0.00517312
0.00431404
0.00357632
0.00291142
0.00219656
0.00177679
0.00153112
0.00101881
0.000658739
0.000368062
8.19968e-05
-0.314946
-0.342026
-0.369967
-0.381047
-0.378029
-0.354305
-0.308655
-0.247339
-0.18028
-0.115224
-0.0553215
-0.0104668
0.01026
0.0179984
0.0182997
0.0199594
0.0220174
0.0234967
0.0242027
0.022715
0.0207432
0.0180763
0.0151327
0.0127596
0.0101774
0.00830594
0.00673477
0.00520449
0.00434513
0.00359534
0.00290836
0.00218468
0.00182347
0.00152426
0.00100995
0.000689026
0.000369778
8.28892e-05
-0.283944
-0.31321
-0.328185
-0.335451
-0.331593
-0.312477
-0.276184
-0.22538
-0.167785
-0.110789
-0.0588549
-0.0185663
0.00182335
0.0110587
0.0137479
0.0161855
0.0188792
0.0208371
0.0220768
0.0212437
0.0196209
0.0173186
0.0146109
0.0124404
0.00991637
0.00821856
0.00668552
0.00511418
0.00432722
0.00360881
0.00284044
0.0021756
0.00190358
0.00146265
0.00100543
0.000741079
0.000358601
8.08719e-05
-0.23805
-0.267317
-0.280625
-0.281959
-0.274831
-0.258491
-0.231526
-0.193936
-0.149885
-0.105417
-0.0640703
-0.0299492
-0.00934533
0.00192159
0.00760616
0.01144
0.0145966
0.016689
0.017926
0.0176013
0.0167736
0.0151959
0.0131367
0.0113937
0.0093234
0.00775645
0.00639223
0.00496749
0.00419812
0.00351862
0.00276613
0.00215777
0.00188365
0.00139677
0.00101895
0.000753763
0.000330098
7.83016e-05
-0.201801
-0.227741
-0.238373
-0.238428
-0.232334
-0.220205
-0.200948
-0.173622
-0.13971
-0.103524
-0.0687718
-0.0389795
-0.0187363
-0.00637115
0.0010793
0.00599635
0.00970689
0.012608
0.0147799
0.0154617
0.0149168
0.0137652
0.012125
0.0105775
0.00876619
0.00733798
0.00610331
0.00481858
0.00404276
0.00341138
0.00269758
0.00212423
0.00183996
0.00135091
0.00101327
0.000750609
0.000307478
7.46201e-05
-0.169798
-0.190798
-0.20033
-0.200529
-0.195308
-0.18561
-0.170599
-0.14972
-0.123701
-0.0955242
-0.0681459
-0.0437785
-0.0253514
-0.012833
-0.00428256
0.0016451
0.00596414
0.0091979
0.0114354
0.012209
0.0122473
0.0117173
0.0105394
0.00945073
0.00801658
0.00677455
0.00572131
0.00459836
0.0038482
0.00326828
0.00260849
0.00207658
0.00179352
0.00129757
0.00100087
0.000754758
0.000285699
6.75463e-05
-0.140769
-0.158578
-0.16717
-0.167742
-0.163641
-0.156214
-0.145216
-0.130235
-0.111294
-0.0899683
-0.068326
-0.0480801
-0.0314433
-0.0191315
-0.0101107
-0.00358721
0.00109981
0.00468248
0.00749303
0.00923013
0.0101737
0.00989015
0.00919179
0.00836554
0.00725222
0.00620746
0.0053013
0.00435414
0.00363785
0.00310429
0.00250986
0.00201621
0.00173664
0.00123718
0.000988143
0.000757041
0.000257314
5.893e-05
-0.117139
-0.131494
-0.138787
-0.139709
-0.136775
-0.131304
-0.123297
-0.112451
-0.0985668
-0.0823621
-0.0653148
-0.0489528
-0.0347116
-0.023265
-0.0142738
-0.0073147
-0.00218891
0.00175516
0.00479692
0.00670267
0.00750469
0.00781401
0.00755443
0.00709868
0.00633236
0.00551906
0.0047893
0.00402261
0.00337694
0.00290608
0.00238232
0.00192927
0.00167085
0.00117377
0.000966322
0.000751633
0.000228168
4.93665e-05
-0.0964783
-0.108114
-0.114379
-0.115608
-0.113698
-0.10984
-0.104163
-0.0964382
-0.0864562
-0.0744974
-0.0615242
-0.048611
-0.0366185
-0.0262808
-0.0178769
-0.0111852
-0.0061389
-0.002246
0.000980374
0.00330686
0.00501617
0.00576898
0.00593117
0.00580671
0.00536049
0.00480048
0.00423398
0.00364807
0.00309674
0.00268541
0.00222776
0.00182433
0.00159749
0.00110097
0.000933391
0.000744572
0.000199769
3.7639e-05
-0.0792043
-0.0885887
-0.0938873
-0.0952653
-0.0941453
-0.0915277
-0.0875942
-0.082212
-0.0751484
-0.0665301
-0.0568113
-0.046712
-0.0369767
-0.0282033
-0.0206548
-0.0141537
-0.00887125
-0.00471774
-0.00149505
0.00111504
0.00281583
0.00380088
0.0043123
0.00448229
0.00433417
0.00401667
0.00361698
0.00321318
0.00277199
0.00243221
0.00204808
0.00169698
0.00151096
0.0010196
0.000890722
0.00073326
0.000168865
2.20472e-05
-0.06468
-0.0721843
-0.0766137
-0.078038
-0.0774982
-0.0758177
-0.0732056
-0.0695701
-0.0646992
-0.0586019
-0.0514817
-0.0438547
-0.0362157
-0.028877
-0.0221515
-0.0162011
-0.0113808
-0.00751689
-0.00434376
-0.00162568
0.000444898
0.00179439
0.00263041
0.003107
0.0032472
0.00316725
0.00294801
0.00272201
0.00240061
0.00214336
0.00183964
0.00154363
0.00140797
0.000936539
0.000842324
0.000716454
0.000144787
1.71724e-05
-0.0526033
-0.0585631
-0.0622282
-0.0636153
-0.0634799
-0.0624835
-0.0608289
-0.0584608
-0.0552078
-0.0510176
-0.0459615
-0.0403346
-0.0343995
-0.0284726
-0.0229035
-0.0177809
-0.0132941
-0.00940682
-0.00606248
-0.00354869
-0.00143018
4.39371e-05
0.00110918
0.00180648
0.0021842
0.00232498
0.00226727
0.00220218
0.00200512
0.00183132
0.00159526
0.00135315
0.00128231
0.000823925
0.000746146
0.000686942
0.000104415
-1.70344e-05
-0.0425228
-0.0472434
-0.0502542
-0.0515495
-0.0516801
-0.0511662
-0.0501968
-0.0487507
-0.0466756
-0.0439064
-0.0404292
-0.0363943
-0.0319805
-0.0273963
-0.0228583
-0.0184546
-0.0144595
-0.0109041
-0.00791504
-0.0054077
-0.0032429
-0.0016299
-0.000403397
0.000505075
0.0011096
0.00143548
0.00154208
0.00165
0.0015801
0.00150913
0.00136498
0.00120003
0.001173
0.000750097
0.000736946
0.000673978
0.0001117
6.71058e-06
-0.0341903
-0.0379097
-0.0403621
-0.0415388
-0.0418364
-0.0416519
-0.0411529
-0.040343
-0.0391003
-0.0373549
-0.0350511
-0.0322891
-0.0291261
-0.0256812
-0.0221394
-0.0185567
-0.0152155
-0.01206
-0.00929462
-0.00688571
-0.00472166
-0.00305711
-0.00171677
-0.000676
8.3744e-05
0.00057119
0.000802464
0.00104503
0.00109797
0.00111086
0.0010297
0.000887529
0.000965974
0.000569817
0.000500754
0.000596675
2.95625e-05
-6.80477e-05
-0.0272812
-0.0301974
-0.032181
-0.0332231
-0.0336157
-0.033659
-0.0334957
-0.0331361
-0.0324956
-0.0315003
-0.0300665
-0.0282486
-0.0260359
-0.0235277
-0.0208305
-0.0179829
-0.0152543
-0.0125716
-0.0100255
-0.00780603
-0.00575216
-0.00412145
-0.00276451
-0.0016599
-0.000762616
-0.000154927
0.000184213
0.000563213
0.000715161
0.000824429
0.000850279
0.000826214
0.000900507
0.000559442
0.000640486
0.000622273
0.0001111
1.0055e-05
-0.0215894
-0.023873
-0.0254674
-0.0263689
-0.0267858
-0.0269482
-0.0269834
-0.0269202
-0.02668
-0.0262087
-0.0254219
-0.0243547
-0.0229487
-0.0212461
-0.0193336
-0.0171664
-0.0150215
-0.0128448
-0.01061
-0.00863069
-0.00673489
-0.00517057
-0.00382298
-0.00268066
-0.00171227
-0.00100855
-0.0005856
-0.000117535
0.000140129
0.000317789
0.000383661
0.000315477
0.000565924
0.000250844
0.000103883
0.000447377
-4.36643e-05
-0.000122231
-0.0168217
-0.0186069
-0.0198985
-0.0206888
-0.0211305
-0.0213817
-0.0215442
-0.021658
-0.0216784
-0.0215431
-0.0211723
-0.0205988
-0.0197288
-0.0186002
-0.0172315
-0.0155994
-0.0139093
-0.0118754
-0.0101778
-0.00852992
-0.00685835
-0.00545725
-0.00421026
-0.00312719
-0.00214413
-0.00139356
-0.000945855
-0.000397855
-8.3625e-05
0.000168339
0.000365153
0.00045981
0.000628215
0.000413623
0.000479113
0.000586337
0.000148163
2.50218e-05
-0.0129488
-0.0143164
-0.0153284
-0.0159859
-0.0163957
-0.01668
-0.0169274
-0.0171806
-0.0174027
-0.0175567
-0.0175546
-0.0174086
-0.0170026
-0.0163551
-0.015492
-0.0143185
-0.0131171
-0.0116724
-0.0101728
-0.00876398
-0.00729499
-0.0060488
-0.00491634
-0.00388449
-0.0029321
-0.00217738
-0.00168429
-0.00110335
-0.00072442
-0.000450102
-0.000271144
-0.00026948
0.000122552
-4.49511e-05
-4.19416e-06
0.000325886
-7.01074e-05
-0.000160668
-0.00964123
-0.010708
-0.0115164
-0.0120552
-0.0124036
-0.0126494
-0.0128859
-0.0131646
-0.0134644
-0.0137306
-0.0139044
-0.0139909
-0.0138603
-0.0135375
-0.0130051
-0.0121924
-0.0112046
-0.010089
-0.0089507
-0.0078438
-0.00661282
-0.00558896
-0.00461876
-0.00372121
-0.00285235
-0.00212017
-0.00168209
-0.00107191
-0.000689442
-0.000341215
-3.45574e-05
5.05689e-05
0.000377653
0.000253176
0.00030434
0.000583449
0.000211045
3.93853e-05
-0.00699577
-0.00776899
-0.00837026
-0.00879628
-0.00909419
-0.00932423
-0.00956605
-0.00988612
-0.0102769
-0.0106903
-0.0110597
-0.0113565
-0.0114574
-0.0113766
-0.0110974
-0.0105507
-0.00999098
-0.00917401
-0.00830472
-0.00747417
-0.00651991
-0.00572132
-0.00492179
-0.0041429
-0.00341805
-0.00277054
-0.00230542
-0.00172766
-0.00134021
-0.00101842
-0.000737279
-0.000643247
-0.000219862
-0.000249893
-0.000281367
0.000210875
-1.91606e-05
-0.000160656
-0.0045575
-0.0051084
-0.00552967
-0.00582598
-0.00602905
-0.00618244
-0.00635316
-0.00661032
-0.00697503
-0.00740069
-0.00782837
-0.00819005
-0.00842539
-0.0084952
-0.00844258
-0.00815274
-0.00776435
-0.00720853
-0.00659172
-0.00602374
-0.00527483
-0.00472518
-0.00410921
-0.00347747
-0.00290069
-0.00231241
-0.00193839
-0.00140058
-0.00100262
-0.000608195
-0.000351282
-0.000254074
0.000230595
6.00804e-05
0.000113734
0.000637295
0.000307964
5.26257e-05
-0.0027571
-0.00311737
-0.00342587
-0.00368732
-0.00390965
-0.00410241
-0.00427536
-0.00445636
-0.00468224
-0.00493198
-0.00519826
-0.00540664
-0.0056207
-0.00571416
-0.00582413
-0.00580494
-0.00572937
-0.00562844
-0.00537088
-0.00520881
-0.00479646
-0.0044763
-0.00409601
-0.00363056
-0.00327212
-0.00273847
-0.00239469
-0.0019849
-0.00156713
-0.0011808
-0.000906234
-0.000736301
-0.00019207
-0.0003555
-0.000330206
0.000376159
0.000101424
-0.000133321
-0.00216934
-0.0024428
-0.00267654
-0.00287809
-0.00306853
-0.00325875
-0.00345561
-0.00364665
-0.00384042
-0.00402292
-0.00419353
-0.00432711
-0.0044584
-0.00452852
-0.00457349
-0.00458633
-0.00452379
-0.00447044
-0.00428863
-0.00411734
-0.00386101
-0.00359074
-0.00326033
-0.00291972
-0.00260032
-0.00217518
-0.00186201
-0.00146448
-0.00111519
-0.000780832
-0.00035981
-0.00020377
0.000121058
0.000317095
0.000236367
0.000528934
0.000484092
0.000121894
-0.00126655
-0.00148094
-0.0016963
-0.00190253
-0.00209861
-0.00228564
-0.00247393
-0.00266134
-0.00285446
-0.003046
-0.00323932
-0.0034195
-0.00359112
-0.00373687
-0.00385885
-0.00395577
-0.00398975
-0.00402017
-0.00397636
-0.0039107
-0.00376474
-0.00358619
-0.00337085
-0.00309247
-0.00286885
-0.00250409
-0.00221319
-0.00189187
-0.00151701
-0.00125466
-0.00087021
-0.000653303
-0.000421108
-0.000143896
-0.00017228
7.26717e-05
0.000180227
3.69639e-06
-0.00107231
-0.00125962
-0.00144753
-0.00163521
-0.00182365
-0.00201148
-0.00219763
-0.00237795
-0.00255343
-0.00272288
-0.00288783
-0.00304177
-0.00318341
-0.00331106
-0.00340508
-0.0034847
-0.00351158
-0.00351809
-0.00347502
-0.003412
-0.00331326
-0.00316318
-0.00297754
-0.00271927
-0.0024998
-0.00221364
-0.00190328
-0.00161766
-0.0012581
-0.000990962
-0.000654292
-0.000378419
-0.000210163
9.97233e-05
0.000112984
0.000217084
0.000347204
0.000123827
-0.104548
-0.120318
-0.136754
-0.154393
-0.174281
-0.195794
-0.220807
-0.24878
-0.0950023
-0.108191
-0.121789
-0.136435
-0.152109
-0.168474
-0.185436
-0.205656
-0.0835982
-0.0937078
-0.104011
-0.115191
-0.127189
-0.140016
-0.154745
-0.17292
-0.0740722
-0.0822324
-0.090621
-0.0996932
-0.109868
-0.120866
-0.133386
-0.147733
-0.065103
-0.0716047
-0.0783711
-0.0856538
-0.0937465
-0.102209
-0.111683
-0.122958
-0.0572658
-0.062277
-0.0674763
-0.0730115
-0.07919
-0.0857931
-0.0934455
-0.102759
-0.0498168
-0.053555
-0.0574832
-0.0617779
-0.0666526
-0.0719204
-0.0779525
-0.0852722
-0.043128
-0.045917
-0.0488681
-0.0521482
-0.0558774
-0.0599156
-0.0645616
-0.0703479
-0.0370087
-0.0390221
-0.041153
-0.0435759
-0.046385
-0.049494
-0.0531237
-0.05772
-0.0314757
-0.0329173
-0.0344396
-0.0362169
-0.0383277
-0.0407148
-0.0435342
-0.0471555
-0.0264935
-0.0275276
-0.0285996
-0.0298719
-0.0314231
-0.033227
-0.0354024
-0.0382531
-0.0220189
-0.0227738
-0.0235322
-0.0244342
-0.0255624
-0.02692
-0.028602
-0.0308465
-0.0180415
-0.0186088
-0.0191581
-0.0197993
-0.020613
-0.0216244
-0.0229148
-0.0246706
-0.0145289
-0.0149665
-0.0153712
-0.0158284
-0.016417
-0.0171751
-0.0181709
-0.0195474
-0.0114686
-0.0118211
-0.0121309
-0.0124567
-0.0128675
-0.0134145
-0.0141662
-0.015233
-0.00878392
-0.00907362
-0.00932694
-0.00958259
-0.00990162
-0.0103276
-0.0109084
-0.0117294
-0.00650641
-0.00674947
-0.00694449
-0.00711886
-0.00732496
-0.00761934
-0.00805376
-0.00869053
-0.00452517
-0.00473179
-0.00490241
-0.00505987
-0.00524695
-0.00549678
-0.00583252
-0.00630326
-0.00276089
-0.00294855
-0.00309888
-0.00322033
-0.00334447
-0.00350531
-0.00373317
-0.00406229
-0.00140972
-0.00158417
-0.00174151
-0.00187076
-0.00198986
-0.00211541
-0.00226975
-0.00246283
-0.000790474
-0.000936651
-0.00109056
-0.00124533
-0.0014025
-0.00156213
-0.00173393
-0.00192147
-0.000209038
-0.00035046
-0.000490823
-0.000625164
-0.000749884
-0.000866172
-0.000980295
-0.00110052
1.48908e-05
-0.000119479
-0.000252372
-0.000386573
-0.000521695
-0.000655321
-0.000786227
-0.000914224
0.0653516
0.0692039
0.0725098
0.0747794
0.0754132
0.074314
0.0713428
0.0659674
0.0572577
0.0439165
0.0241786
-0.00435232
-0.0455146
-0.102225
-0.150287
0.0429747
0.0444668
0.0442801
0.042795
0.0399454
0.0353889
0.0286104
0.0188694
0.00515156
-0.013903
-0.0401696
-0.0760525
-0.124929
-0.190778
-0.240332
0.0205272
0.0196747
0.0161768
0.0114369
0.00558307
-0.00203258
-0.0121698
-0.0256619
-0.0435674
-0.0673228
-0.0988908
-0.140786
-0.195516
-0.266024
-0.314068
-0.0030305
-0.00623061
-0.0120599
-0.0189418
-0.0270194
-0.0371331
-0.0500716
-0.0666066
-0.0877072
-0.115032
-0.150469
-0.196563
-0.25503
-0.32483
-0.369694
-0.0272465
-0.032591
-0.0397706
-0.0478538
-0.0574778
-0.0694676
-0.0844738
-0.103268
-0.126403
-0.156092
-0.193874
-0.242017
-0.300942
-0.366626
-0.406494
-0.0511465
-0.0580971
-0.0659283
-0.0747437
-0.0855021
-0.0987513
-0.115017
-0.135021
-0.15966
-0.190259
-0.228549
-0.27615
-0.332609
-0.391206
-0.425205
-0.0742873
-0.0815199
-0.0897438
-0.0993491
-0.110895
-0.12484
-0.141675
-0.162071
-0.186863
-0.21709
-0.254152
-0.298999
-0.350107
-0.398993
-0.42778
-0.0952419
-0.102825
-0.111438
-0.121563
-0.13355
-0.147724
-0.164507
-0.184485
-0.208374
-0.237026
-0.271369
-0.311515
-0.354546
-0.391924
-0.41685
0.202175
0.216833
0.233037
0.251109
0.271063
0.292775
0.316143
0.341111
0.367594
0.395345
0.423814
0.45194
0.477885
0.498172
0.515109
0.197771
0.211401
0.226679
0.243979
0.263154
0.283932
0.306158
0.329777
0.354697
0.380634
0.406973
0.432576
0.455492
0.472324
0.485915
0.18948
0.20141
0.215259
0.231323
0.249174
0.268331
0.288564
0.3098
0.331916
0.354557
0.377001
0.397977
0.415327
0.425814
0.433505
0.177278
0.187026
0.199078
0.213465
0.229417
0.246277
0.263762
0.281764
0.30008
0.318227
0.335311
0.349871
0.359455
0.36089
0.360752
0.161266
0.16865
0.178836
0.191341
0.20493
0.218826
0.232777
0.246685
0.260276
0.272912
0.283488
0.29031
0.29059
0.281022
0.271268
0.141746
0.146501
0.154769
0.165295
0.176307
0.186933
0.196949
0.206244
0.214452
0.220787
0.223959
0.222045
0.211936
0.1902
0.169317
0.119354
0.121923
0.128419
0.136492
0.144299
0.151171
0.156967
0.161461
0.16407
0.16381
0.159209
0.148137
0.127216
0.0930395
0.0609619
0.0935251
0.0952855
0.100913
0.10645
0.110647
0.113372
0.114657
0.114142
0.111019
0.104102
0.091741
0.0716051
0.0400576
-0.00606513
-0.0478353
0.0206455
0.0249507
0.0215826
0.0258715
0.0239958
0.0286406
0.0276039
0.0325943
0.0329385
0.0382203
0.0401198
0.0460933
0.0498365
0.0568859
0.063
0.0718534
0.0809833
0.0925272
0.105098
0.120594
0.137816
0.158407
0.181574
0.0206652
0.0248908
0.0216483
0.0258347
0.0240434
0.0285469
0.027667
0.0324964
0.0329508
0.0381535
0.0400747
0.045974
0.0498567
0.0567881
0.0628491
0.0717023
0.0807113
0.0920471
0.104541
0.119813
0.136359
0.156446
0.178449
0.020691
0.0248048
0.0217271
0.0257675
0.0241117
0.0284258
0.0277646
0.032376
0.0330006
0.0380631
0.0400817
0.0457491
0.0497178
0.0566168
0.0626717
0.0714533
0.0801308
0.0916269
0.103393
0.118237
0.133736
0.152816
0.172631
0.020722
0.0246959
0.0218174
0.0256743
0.024195
0.0282867
0.0278859
0.0322414
0.0330788
0.0379515
0.040124
0.0454685
0.0496238
0.0565423
0.0625929
0.0714625
0.0798403
0.0911453
0.102099
0.116343
0.130161
0.147557
0.163945
0.0207573
0.024568
0.0219159
0.0255591
0.0242901
0.0281377
0.0280176
0.0320885
0.0331757
0.0378204
0.0402176
0.045506
0.0496216
0.0562827
0.0623471
0.070824
0.0789313
0.0896252
0.0997614
0.112969
0.124904
0.140096
0.152156
0.0207943
0.0244286
0.0220185
0.0254264
0.0243874
0.027992
0.0281678
0.0319657
0.0332931
0.0377041
0.0403342
0.0457255
0.0497654
0.0565328
0.0625203
0.0710762
0.0786551
0.0891453
0.0979625
0.110027
0.119096
0.131267
0.137603
0.0208286
0.0242779
0.0221212
0.0252863
0.0244867
0.0278418
0.0282844
0.0317879
0.0333896
0.0375612
0.0404244
0.045585
0.0496731
0.0560036
0.0617711
0.0695174
0.0769472
0.0863914
0.0943371
0.104484
0.111315
0.119768
0.120444
0.020894
0.0241225
0.0222125
0.0251376
0.0245889
0.0277471
0.0284784
0.0317891
0.033555
0.0375561
0.0406209
0.0458453
0.0499891
0.0566248
0.0624679
0.070618
0.0769894
0.0862763
0.0922554
0.100703
0.103284
0.107078
0.100079
0.0209307
0.0239147
0.022345
0.0249196
0.0246713
0.0274407
0.0284485
0.0313605
0.0335322
0.0372194
0.0406028
0.0451407
0.0495019
0.0553972
0.0606528
0.0673264
0.0730669
0.0798963
0.0846206
0.0889798
0.0890153
0.0855545
0.0738875
0.0209824
0.0236306
0.0224934
0.0245766
0.0247122
0.02703
0.0284426
0.0308304
0.0332129
0.0363332
0.0395576
0.043307
0.0475605
0.0524421
0.0572931
0.0626119
0.0671838
0.071462
0.0741752
0.074543
0.0721944
0.0652692
0.0553864
0.0210472
0.0232663
0.0226581
0.0241678
0.0247624
0.0265643
0.028352
0.0302082
0.032724
0.0353881
0.0385445
0.0419487
0.0457304
0.0497754
0.0537258
0.0574407
0.060687
0.0626588
0.0632987
0.0611938
0.0570316
0.0497511
0.0406623
0.0211228
0.0228376
0.0228352
0.0237147
0.024736
0.0261183
0.0281257
0.0295612
0.03212
0.0343807
0.0372792
0.0400305
0.0433037
0.0464479
0.0494989
0.0518545
0.0536629
0.0538908
0.0527853
0.0492772
0.0440096
0.0366896
0.0280307
0.0212065
0.0223403
0.0229733
0.0232989
0.0246078
0.0256903
0.0277697
0.0288719
0.031313
0.0332191
0.035729
0.0379698
0.0406068
0.0429096
0.0449345
0.0460606
0.0465145
0.045432
0.0429744
0.0386281
0.0328406
0.0256566
0.0176099
0.0212859
0.0218234
0.0230332
0.0229179
0.0243666
0.0252519
0.0272723
0.0281099
0.030316
0.0319259
0.0339379
0.0356397
0.037583
0.0390593
0.0401057
0.0401587
0.0394999
0.0374424
0.0341642
0.0294205
0.0235682
0.0167275
0.00928085
0.0213393
0.0212968
0.0229937
0.0225706
0.024002
0.0247927
0.0266217
0.0272472
0.0291327
0.0304654
0.0319137
0.0330787
0.0343335
0.0350614
0.035195
0.0343736
0.0328822
0.0302181
0.026523
0.021675
0.0160151
0.00963393
0.00275552
0.0213434
0.0207818
0.0228429
0.022245
0.0235019
0.0242906
0.0258299
0.0262556
0.0277839
0.0288435
0.0297072
0.030313
0.0309503
0.0310129
0.0303713
0.0288799
0.0268509
0.0238775
0.0200444
0.0153208
0.0100204
0.00417883
-0.00218846
0.0212808
0.0202945
0.0225681
0.0219243
0.0228709
0.0237164
0.0249258
0.0251171
0.0262804
0.0270805
0.0273661
0.0274079
0.0275276
0.0270643
0.0258022
0.0238315
0.0214987
0.018463
0.0146982
0.0102113
0.00532012
3.73075e-05
-0.00573982
0.0211308
0.0198469
0.022164
0.0215876
0.0221242
0.0230359
0.0239439
0.0238311
0.0246352
0.0251985
0.0249634
0.024458
0.0241531
0.0233241
0.0216372
0.0193365
0.0168672
0.013951
0.0104029
0.00622885
0.00177333
-0.0029139
-0.00797914
0.0208824
0.0194317
0.0216448
0.0212033
0.0212946
0.0222113
0.0228966
0.0224468
0.0228768
0.023219
0.0225696
0.0215851
0.0209258
0.0198785
0.0179487
0.0154604
0.0129798
0.0102916
0.00707811
0.00329227
-0.000689405
-0.00474146
-0.00903855
0.0205215
0.019047
0.0210226
0.020747
0.0204133
0.0212484
0.0217769
0.0210144
0.0210513
0.0211745
0.0202381
0.0188859
0.01795
0.0167803
0.0147621
0.0122209
0.00982021
0.00742025
0.00461299
0.0012768
-0.00220708
-0.00563887
-0.00920067
0.0200675
0.0186589
0.020338
0.0201812
0.0194834
0.0201627
0.0205694
0.0195766
0.0192349
0.0191363
0.0180185
0.0164292
0.0153029
0.0140822
0.0120898
0.00962498
0.00738213
0.00529607
0.00291036
4.28553e-05
-0.00294957
-0.00581621
-0.00872806
0.0195094
0.0182506
0.0196069
0.0195149
0.0185231
0.0189414
0.0192832
0.0181425
0.0174801
0.0171734
0.015948
0.0142571
0.013034
0.0117989
0.00990109
0.00759298
0.00558485
0.00382541
0.00183629
-0.000591442
-0.00312337
-0.00548335
-0.00782522
0.0188963
0.0177983
0.0188527
0.0187458
0.0175432
0.0177944
0.0179849
0.0167455
0.0158374
0.0153464
0.014086
0.0124136
0.0111848
0.00998364
0.00818181
0.0060984
0.00435078
0.00291033
0.00126703
-0.000777826
-0.00289868
-0.0048178
-0.00667926
0.0182254
0.0172879
0.0181039
0.0179077
0.0165614
0.0165546
0.016709
0.0154293
0.0143317
0.0136869
0.0124416
0.0108808
0.00969548
0.0085314
0.00685499
0.00500801
0.00356624
0.00244064
0.00109521
-0.000628857
-0.00239544
-0.00393051
-0.00537391
0.0175165
0.0167432
0.0173387
0.0170501
0.0156443
0.0156267
0.0155498
0.0142475
0.0130246
0.012263
0.0110998
0.00972212
0.00862497
0.00746344
0.0059235
0.0043587
0.0032425
0.00233567
0.00121003
-0.000250306
-0.00171019
-0.00292661
-0.00404606
0.0168337
0.0161643
0.0165884
0.016174
0.0147713
0.0145681
0.014426
0.0131781
0.0119072
0.0110588
0.00998671
0.00881753
0.00781324
0.00668622
0.0052993
0.00401341
0.00314698
0.00243606
0.00147826
0.000253183
-0.000912233
-0.00183733
-0.00267607
0.0160891
0.0156256
0.0158594
0.015311
0.0139882
0.0136974
0.0134853
0.0123529
0.0110675
0.0101683
0.00923508
0.00823925
0.007243
0.00614023
0.00494216
0.0039296
0.00327179
0.00267855
0.00185336
0.000832472
-9.19449e-05
-0.000787848
-0.00140463
0.0154812
0.0150825
0.0151077
0.0146331
0.0133888
0.0128328
0.0126848
0.0117794
0.0104119
0.0094598
0.00878549
0.00800178
0.00700598
0.00591239
0.00492461
0.00414506
0.00358366
0.0030643
0.00240512
0.00160277
0.000822183
0.000195135
-0.000331814
0.0149552
0.0145759
0.0144278
0.0140347
0.0128934
0.0120672
0.0118271
0.0111949
0.00993754
0.00883935
0.00813291
0.00752353
0.00670543
0.00573075
0.00478801
0.00401543
0.0034966
0.00311843
0.00270154
0.00214777
0.00152484
0.000959493
0.000512071
0.0145321
0.0141697
0.0139784
0.013569
0.0124801
0.0115306
0.0111647
0.0107226
0.00967703
0.00851582
0.00774075
0.00725817
0.00666479
0.00580607
0.00487779
0.0041322
0.00366038
0.00334333
0.00300113
0.00253598
0.00199532
0.00148325
0.0010696
0.0143353
0.0139615
0.0136161
0.01326
0.0123814
0.0113108
0.0106857
0.0102804
0.00954491
0.00850864
0.0075795
0.00695987
0.0064353
0.00577602
0.0049984
0.00425761
0.00368649
0.00328842
0.00298032
0.00265881
0.00228515
0.00188969
0.00152892
0.0590265
0.0395382
0.016707
-0.00514694
-0.0268417
-0.0484106
-0.0689241
-0.0875699
0.0450453
0.0260144
0.002573
-0.0175781
-0.0351645
-0.0516101
-0.0670191
-0.081318
0.0323585
0.0171436
-0.00336501
-0.0216497
-0.0357125
-0.0480716
-0.0602812
-0.0725124
0.0204934
0.00775091
-0.010111
-0.0263743
-0.0382964
-0.0478336
-0.0568795
-0.0655856
0.0108131
0.00042593
-0.0142937
-0.0279052
-0.0374834
-0.0446388
-0.0514263
-0.0583251
0.0030122
-0.00559719
-0.0175242
-0.0285462
-0.0362481
-0.041813
-0.0469622
-0.0521197
-0.00308743
-0.0102018
-0.0195335
-0.0279066
-0.0337884
-0.0380774
-0.0420163
-0.0459453
-0.00778757
-0.0136928
-0.0204459
-0.0263664
-0.0307729
-0.0341681
-0.0372478
-0.04023
-0.0109304
-0.0156997
-0.0202821
-0.0242317
-0.0274468
-0.030141
-0.0325867
-0.0348688
-0.0125461
-0.0162817
-0.0192853
-0.0218177
-0.024099
-0.0262017
-0.0281418
-0.0298952
-0.0129247
-0.0158126
-0.0177362
-0.0192924
-0.0208513
-0.0224417
-0.0239621
-0.0253167
-0.0124203
-0.0146314
-0.0158416
-0.0167496
-0.0177688
-0.0189259
-0.0200886
-0.0211313
-0.0113488
-0.0130315
-0.0137785
-0.0142695
-0.0149017
-0.0157102
-0.016573
-0.0173656
-0.00991749
-0.0111852
-0.0116353
-0.0118668
-0.0122303
-0.0127724
-0.0134
-0.0140039
-0.00833184
-0.00928586
-0.00955382
-0.00963482
-0.00982029
-0.0101622
-0.0105999
-0.0110527
-0.00664528
-0.00735481
-0.00751795
-0.00752235
-0.00760031
-0.00781082
-0.00811949
-0.00845806
-0.00503545
-0.00557142
-0.00567449
-0.00564416
-0.00565745
-0.00576921
-0.0059708
-0.00622913
-0.00342879
-0.00383702
-0.00391468
-0.00388075
-0.00387094
-0.00394163
-0.00409567
-0.00430464
-0.00194565
-0.00222411
-0.0022691
-0.00224011
-0.00222749
-0.00227235
-0.00238686
-0.00255957
-0.000720826
-0.000904707
-0.000943929
-0.000947159
-0.00096316
-0.00101049
-0.00110214
-0.00123875
0.000228427
7.23224e-05
-3.44443e-05
-0.000147129
-0.000274501
-0.000405076
-0.000531296
-0.000656546
0.000822547
0.000701536
0.000619475
0.000517119
0.000382469
0.00023058
7.8671e-05
-6.69902e-05
0.00127332
0.00110081
0.00095103
0.000801975
0.000642215
0.000474614
0.000309858
0.000156313
-0.330024
-0.336316
-0.343505
-0.352797
-0.365352
-0.381784
-0.401346
-0.420448
-0.329915
-0.334991
-0.340564
-0.347838
-0.357689
-0.370133
-0.384418
-0.398509
-0.329921
-0.333592
-0.337346
-0.342213
-0.34898
-0.357582
-0.366187
-0.371325
-0.33001
-0.331955
-0.333271
-0.334915
-0.337369
-0.340072
-0.340897
-0.336739
-0.329654
-0.329297
-0.327404
-0.324841
-0.321981
-0.318286
-0.312146
-0.301229
-0.327862
-0.32448
-0.318745
-0.311725
-0.303946
-0.295168
-0.284131
-0.268919
-0.323438
-0.316517
-0.306975
-0.296148
-0.284703
-0.272531
-0.258422
-0.240614
-0.315391
-0.305034
-0.292422
-0.278935
-0.2652
-0.251094
-0.235198
-0.215955
-0.303251
-0.290222
-0.275775
-0.26081
-0.246087
-0.23103
-0.214273
-0.194364
-0.287122
-0.272901
-0.25776
-0.242517
-0.227656
-0.212393
-0.195364
-0.175374
-0.268086
-0.253839
-0.239147
-0.224465
-0.21013
-0.195094
-0.178248
-0.158582
-0.246843
-0.233991
-0.220574
-0.207104
-0.193538
-0.179051
-0.162719
-0.143688
-0.225023
-0.214325
-0.202537
-0.190396
-0.177852
-0.164154
-0.148614
-0.130546
-0.203067
-0.194762
-0.185128
-0.174635
-0.163229
-0.150436
-0.135891
-0.118883
-0.180724
-0.176488
-0.168806
-0.159858
-0.149447
-0.137544
-0.12394
-0.108386
-0.283614
-0.286452
-0.29097
-0.296909
-0.303665
-0.310617
-0.317387
-0.323827
-0.285522
-0.288945
-0.293676
-0.299493
-0.305917
-0.312465
-0.318742
-0.324566
-0.286509
-0.290425
-0.295488
-0.301446
-0.307817
-0.314228
-0.320163
-0.325431
-0.288175
-0.292476
-0.297791
-0.303848
-0.310164
-0.316342
-0.321954
-0.326614
-0.290924
-0.295407
-0.300769
-0.306736
-0.312823
-0.31867
-0.323848
-0.327715
-0.294861
-0.299187
-0.304255
-0.309819
-0.315405
-0.32072
-0.325256
-0.327958
-0.300087
-0.303724
-0.307977
-0.31267
-0.31734
-0.321774
-0.325314
-0.326282
-0.306758
-0.308935
-0.311616
-0.314756
-0.317905
-0.320918
-0.322901
-0.321473
-0.315106
-0.314783
-0.314841
-0.315489
-0.316291
-0.317135
-0.316915
-0.31256
-0.325453
-0.321318
-0.317378
-0.314291
-0.311685
-0.309774
-0.306413
-0.298891
-0.338183
-0.328663
-0.319025
-0.310721
-0.303369
-0.296789
-0.290219
-0.28079
-0.353567
-0.336798
-0.319498
-0.304454
-0.292054
-0.282403
-0.272317
-0.25977
-0.37151
-0.345446
-0.318372
-0.294663
-0.272554
-0.255672
-0.244316
-0.235044
-0.391841
-0.35483
-0.315837
-0.283211
-0.258376
-0.237492
-0.222603
-0.212229
-0.416509
-0.368293
-0.313998
-0.265553
-0.224326
-0.200995
-0.191196
-0.188591
-0.464683
-0.400638
-0.326995
-0.262243
-0.21291
-0.176114
-0.157391
-0.165232
-0.537598
-0.460474
-0.364118
-0.273924
-0.202125
-0.155914
-0.127413
-0.131053
-0.601957
-0.522307
-0.412364
-0.299933
-0.209241
-0.149462
-0.111503
-0.102702
-0.636113
-0.56467
-0.455496
-0.332044
-0.224775
-0.147853
-0.104431
-0.0879614
-0.621736
-0.571704
-0.480515
-0.359424
-0.246508
-0.161081
-0.107036
-0.0816954
-0.541076
-0.517131
-0.455748
-0.36143
-0.262602
-0.183612
-0.134008
-0.106459
-0.410095
-0.412283
-0.387222
-0.332599
-0.265327
-0.200766
-0.155967
-0.129569
-0.249884
-0.277264
-0.299196
-0.301864
-0.293109
-0.268136
-0.23195
-0.192379
-0.127903
-0.176612
-0.23199
-0.281445
-0.32305
-0.343868
-0.352427
-0.323141
-0.0565391
-0.116384
-0.188479
-0.259168
-0.322506
-0.362639
-0.393213
-0.391758
0.00105444
-0.0517894
-0.109305
-0.165687
-0.239024
-0.284355
-0.332115
-0.353155
0.0084226
-0.0236838
-0.0591936
-0.0959072
-0.137086
-0.17496
-0.210447
-0.247967
0.0237509
0.0079702
-0.0111738
-0.0331
-0.0578627
-0.0842007
-0.107296
-0.142718
0.0346953
0.0268147
0.0159658
0.00290197
-0.0121156
-0.0290338
-0.0440715
-0.0696023
0.041122
0.037693
0.0317308
0.0239997
0.0147008
0.00389054
-0.0061076
-0.0229194
0.0419776
0.0397671
0.0357892
0.0306402
0.0246221
0.0179525
0.0108886
0.00076085
0.040875
0.0393766
0.0365447
0.0330324
0.0289626
0.0243908
0.0193764
0.0128453
0.0363552
0.0352588
0.0334021
0.0311433
0.0285415
0.0255917
0.0223914
0.0182601
0.0315994
0.0304757
0.0290831
0.0274838
0.0257294
0.0237414
0.0217638
0.0189913
0.0269565
0.026177
0.0252037
0.024086
0.0229156
0.0215546
0.0202642
0.0185143
0.0216119
0.0210734
0.0205537
0.0199245
0.0192402
0.0184266
0.0176405
0.0166628
0.0180369
0.0175327
0.0170508
0.0165451
0.016034
0.0154617
0.0149003
0.0142847
0.014428
0.0141941
0.0139245
0.0136244
0.0133199
0.0129806
0.0126254
0.0122686
0.0112839
0.0111256
0.0109943
0.0108423
0.0106746
0.0104895
0.0103002
0.0101233
0.00969145
0.00946937
0.00925411
0.00905099
0.00885542
0.00865921
0.00846999
0.00831184
0.00737749
0.00734731
0.00731086
0.00726143
0.00720307
0.00713135
0.00704807
0.00696744
0.00593227
0.0058633
0.00579709
0.00573127
0.0056686
0.00560896
0.00555873
0.00551313
0.00519068
0.00509656
0.00500494
0.00491709
0.00483179
0.0047498
0.00467745
0.00462242
0.00386712
0.00386013
0.00385752
0.00385341
0.00384511
0.00383032
0.00381214
0.00377674
0.00327315
0.00324031
0.00321027
0.00318316
0.00315809
0.00313368
0.00311546
0.00309565
0.00281816
0.0027606
0.00269998
0.00263934
0.00258175
0.00252993
0.00248633
0.00245448
0.00221517
0.00220105
0.00218757
0.00217302
0.00215618
0.0021375
0.002119
0.00209016
0.00164211
0.00166672
0.0016934
0.0017188
0.00173921
0.00175254
0.00175968
0.00174582
0.00120665
0.00113029
0.00105738
0.000992865
0.000940758
0.000903889
0.000886663
0.000898051
0.00112834
0.00114296
0.00115588
0.00116555
0.00117131
0.00117276
0.00116745
0.00114846
0.000676364
0.000696393
0.00071605
0.000733014
0.000745599
0.000753854
0.000756454
0.000743288
0.000138086
9.46017e-05
5.39925e-05
1.82333e-05
-1.12612e-05
-3.22908e-05
-4.12456e-05
-3.88801e-05
7.06195e-05
6.80511e-05
6.53404e-05
6.24626e-05
5.92121e-05
5.52177e-05
5.04852e-05
4.49743e-05
-0.157473
-0.139929
-0.121842
-0.106269
-0.0928129
-0.080612
-0.069956
-0.0607376
-0.0525995
-0.0454571
-0.0391261
-0.033539
-0.028567
-0.0242061
-0.0202648
-0.0169062
-0.0137768
-0.0111104
-0.00878285
-0.00605965
-0.00419093
-0.00307492
-0.00246859
-0.137018
-0.126879
-0.118207
-0.10925
-0.0984054
-0.0872432
-0.0767197
-0.0670795
-0.0582615
-0.0503344
-0.0432414
-0.0369589
-0.0313716
-0.0264887
-0.0221068
-0.0183769
-0.0149483
-0.0120223
-0.00948819
-0.00657766
-0.00448624
-0.00325658
-0.00261853
-0.105583
-0.103494
-0.107096
-0.105535
-0.0988396
-0.0902286
-0.0809129
-0.07152
-0.0624381
-0.0540378
-0.0464103
-0.0396056
-0.0335443
-0.0282598
-0.0235384
-0.0195281
-0.0158661
-0.0127498
-0.0100419
-0.00697394
-0.00471611
-0.00341313
-0.00276284
-0.0780979
-0.0891867
-0.100662
-0.102132
-0.0981348
-0.0914731
-0.0833065
-0.074301
-0.0651666
-0.0565234
-0.0485588
-0.041408
-0.0350278
-0.0294726
-0.0245247
-0.020329
-0.0165032
-0.0132638
-0.0104222
-0.00722987
-0.0048776
-0.00354777
-0.00289927
-0.0620036
-0.087068
-0.0997776
-0.102295
-0.0993295
-0.093163
-0.085211
-0.0760824
-0.0668038
-0.05798
-0.0498022
-0.0424523
-0.0358949
-0.0301908
-0.0251192
-0.0208213
-0.0168906
-0.0135739
-0.0106346
-0.00736429
-0.00499096
-0.00366424
-0.00302875
-0.0813715
-0.109468
-0.113772
-0.11073
-0.104422
-0.096637
-0.0874572
-0.0775307
-0.0678615
-0.0587615
-0.0504071
-0.0429494
-0.0363201
-0.0305619
-0.0254499
-0.0211096
-0.0171263
-0.0137449
-0.0107315
-0.0074112
-0.00507178
-0.00376769
-0.00315087
-0.108752
-0.14077
-0.141669
-0.130647
-0.116614
-0.103311
-0.0907215
-0.0791829
-0.0686721
-0.0591239
-0.0505777
-0.0430561
-0.0364251
-0.0306875
-0.0255991
-0.0212707
-0.0172817
-0.0138484
-0.0107605
-0.00740399
-0.0051294
-0.00385734
-0.00326591
-0.162913
-0.185488
-0.176498
-0.154019
-0.131159
-0.111397
-0.094832
-0.0810537
-0.0692815
-0.0591608
-0.0504081
-0.0428639
-0.0362899
-0.0306358
-0.0256329
-0.0213591
-0.0174233
-0.0139493
-0.0107947
-0.00737177
-0.00517134
-0.00393905
-0.00337342
-0.306057
-0.286684
-0.235564
-0.1853
-0.146553
-0.119108
-0.0984319
-0.0823055
-0.0693587
-0.0587345
-0.0498475
-0.0423543
-0.0359083
-0.0303962
-0.0255329
-0.0213491
-0.0175082
-0.0140289
-0.0108377
-0.00733811
-0.00520997
-0.00401524
-0.00347717
-0.392247
-0.351764
-0.276528
-0.208529
-0.156825
-0.12356
-0.0994136
-0.0817212
-0.0681891
-0.0574351
-0.0486835
-0.0414129
-0.0352182
-0.0299369
-0.0252888
-0.0212444
-0.0175416
-0.0140909
-0.0109117
-0.00732016
-0.00526173
-0.00409716
-0.00358358
-0.369183
-0.3142
-0.256198
-0.19483
-0.148554
-0.119132
-0.0948653
-0.0779747
-0.0650004
-0.0548625
-0.0466951
-0.0399224
-0.0341631
-0.0292313
-0.0248842
-0.0210532
-0.0175277
-0.0141593
-0.0110555
-0.00734107
-0.00532823
-0.00418362
-0.00369267
-0.257227
-0.221509
-0.191375
-0.150385
-0.123876
-0.101369
-0.0836318
-0.0702818
-0.0594244
-0.0508141
-0.0437307
-0.0377692
-0.0326449
-0.0282041
-0.0242488
-0.0207204
-0.0174429
-0.0142036
-0.0112693
-0.00742496
-0.00542173
-0.00428951
-0.00380714
-0.147995
-0.132498
-0.124625
-0.102658
-0.0933536
-0.0788247
-0.0688998
-0.0598553
-0.0520544
-0.0455652
-0.0399352
-0.0350259
-0.0306969
-0.0268685
-0.0233827
-0.0202351
-0.0172542
-0.0141898
-0.0114645
-0.00750291
-0.00552558
-0.00439956
-0.00392687
-0.0729095
-0.0712966
-0.0733553
-0.0649355
-0.0652551
-0.0573282
-0.0540092
-0.0486595
-0.043942
-0.0396629
-0.0356193
-0.0318711
-0.0284182
-0.0252848
-0.022304
-0.0196107
-0.0169621
-0.0141439
-0.0116927
-0.00764783
-0.00562573
-0.00451929
-0.00404261
-0.0279521
-0.033408
-0.0388896
-0.0385982
-0.0424871
-0.0396788
-0.0404825
-0.0380147
-0.0359084
-0.0335618
-0.0310481
-0.0284207
-0.0258735
-0.0234624
-0.0210062
-0.0187938
-0.0164962
-0.0139606
-0.0118237
-0.00773605
-0.00570874
-0.00463154
-0.00415536
-0.00447493
-0.0116216
-0.0175598
-0.0209664
-0.0259043
-0.0263595
-0.0291153
-0.0287125
-0.0285532
-0.027792
-0.0265996
-0.0248422
-0.023217
-0.0215107
-0.0195586
-0.0178508
-0.0159085
-0.0136616
-0.0118437
-0.00783032
-0.00578691
-0.00472295
-0.00424957
0.0081287
0.00123993
-0.00415388
-0.00897313
-0.0140394
-0.0163721
-0.0199141
-0.0209016
-0.0220218
-0.0223613
-0.0221431
-0.0214582
-0.0204832
-0.0194357
-0.0179255
-0.0167045
-0.0151794
-0.0131114
-0.0115753
-0.00781397
-0.00583763
-0.00478298
-0.00432068
0.0145003
0.00859594
0.00394489
-0.000871734
-0.00567889
-0.00883402
-0.0126505
-0.0144887
-0.0163887
-0.0174521
-0.01797
-0.0180302
-0.017685
-0.0171441
-0.0161958
-0.0153502
-0.0143908
-0.012211
-0.0110061
-0.00765131
-0.00580051
-0.00477402
-0.00435358
0.0161715
0.0116231
0.00788694
0.00367959
-0.000397851
-0.00364549
-0.00728107
-0.00954382
-0.0118406
-0.0133269
-0.0143305
-0.0149075
-0.0150613
-0.0149552
-0.0144498
-0.0138804
-0.0130396
-0.0114685
-0.010392
-0.00723563
-0.00571853
-0.00471473
-0.00432895
0.0164427
0.0129264
0.0100192
0.00647452
0.00312366
0.000171681
-0.00308384
-0.00541816
-0.00785433
-0.00957436
-0.0109014
-0.0118376
-0.0123667
-0.0125919
-0.0124531
-0.0120939
-0.0115068
-0.0102711
-0.00943179
-0.00666444
-0.00552972
-0.00454818
-0.00425109
0.0150851
0.012554
0.0103019
0.00751247
0.00482537
0.00231049
-0.000434748
-0.00258896
-0.00490208
-0.00664906
-0.00811165
-0.00925623
-0.0100223
-0.0104824
-0.0106281
-0.0104369
-0.010116
-0.00906045
-0.00845599
-0.00605328
-0.0052405
-0.0043329
-0.00410427
0.0131744
0.0113615
0.00970479
0.00759982
0.00556065
0.00351321
0.00128394
-0.00058962
-0.00264679
-0.00428515
-0.00574269
-0.0069743
-0.00787014
-0.00846476
-0.00883385
-0.00873223
-0.00865501
-0.00767521
-0.0073506
-0.00532406
-0.00487655
-0.00402265
-0.00388864
0.011486
0.0101684
0.00896357
0.00736945
0.00584867
0.00423958
0.0024475
0.000889591
-0.000868832
-0.0023102
-0.00367773
-0.00487791
-0.00581271
-0.00648491
-0.00700744
-0.00700726
-0.00716508
-0.00632707
-0.00624172
-0.0046501
-0.00453515
-0.00369692
-0.00364493
0.00951901
0.00862769
0.00771164
0.00655656
0.00541815
0.00416951
0.00278047
0.00150381
6.09043e-05
-0.00116522
-0.00237791
-0.0034643
-0.00435647
-0.00501343
-0.00561773
-0.00563
-0.00595201
-0.00518863
-0.00528989
-0.00392934
-0.00408022
-0.00329458
-0.00336265
0.00795424
0.00729389
0.00666089
0.0058151
0.00499587
0.00404595
0.00299478
0.00199865
0.000835669
-0.000172494
-0.0012334
-0.00217516
-0.00302307
-0.00363256
-0.0042984
-0.0043445
-0.00482255
-0.00416567
-0.00449299
-0.00326291
-0.00358773
-0.00284841
-0.0030076
0.0066416
0.00617302
0.00569229
0.00506163
0.00444181
0.00369599
0.00288936
0.0021045
0.00117736
0.000364037
-0.000533089
-0.00132481
-0.00209676
-0.00263624
-0.00330677
-0.00334505
-0.00390203
-0.00330508
-0.00373552
-0.00271019
-0.00316362
-0.00244833
-0.0026483
0.00530078
0.00499944
0.00465404
0.00422493
0.00378204
0.0032278
0.00263814
0.00203112
0.00132579
0.000679307
-3.71922e-05
-0.000671268
-0.00133779
-0.00175282
-0.00239836
-0.00236663
-0.00299375
-0.00240146
-0.00300794
-0.00207916
-0.00269375
-0.00198985
-0.00227519
0.0045
0.00425099
0.00400059
0.00367378
0.00335772
0.00294262
0.002515
0.00205879
0.00152
0.00103109
0.00043933
-5.21419e-05
-0.000653462
-0.00098442
-0.0016297
-0.00159291
-0.00228041
-0.00175412
-0.00240562
-0.00157471
-0.00229849
-0.0016083
-0.00192357
0.00364438
0.00346436
0.00327035
0.00302194
0.00277087
0.00244471
0.0021132
0.00174852
0.00132366
0.000926839
0.000462952
6.41854e-05
-0.000434327
-0.000675363
-0.00125174
-0.0011439
-0.00179472
-0.00125981
-0.00196748
-0.00116373
-0.00186959
-0.00118277
-0.0015592
0.0029906
0.00287311
0.00272633
0.00255373
0.0023734
0.00214177
0.00190378
0.00163648
0.00132918
0.00102286
0.000673337
0.000373072
-4.44698e-05
-0.000197449
-0.00074469
-0.000594211
-0.00130422
-0.000744817
-0.0015765
-0.000746718
-0.00150221
-0.000820189
-0.00120991
0.00243218
0.00234775
0.00225512
0.00213692
0.00200778
0.00184122
0.00166576
0.00146132
0.00123252
0.00100127
0.000725192
0.000500178
0.000138871
4.73333e-05
-0.000466049
-0.000269111
-0.000940034
-0.000368621
-0.00113368
-0.000300088
-0.00117913
-0.000503976
-0.000915531
0.00202505
0.00192949
0.00184185
0.00173209
0.00161997
0.00148356
0.00134353
0.00118361
0.000999236
0.000822037
0.00060681
0.000450249
0.000152082
0.000144202
-0.000308577
-4.11981e-05
-0.000689141
-9.9511e-05
-0.000901172
-4.30049e-05
-0.000877949
-0.00017467
-0.000631103
0.00167162
0.00162047
0.00154924
0.00147108
0.00138725
0.00128811
0.00118438
0.0010747
0.00094735
0.000807541
0.000667707
0.00053876
0.000304426
0.000319372
-0.000122331
0.000180536
-0.000514111
0.000180608
-0.000637998
0.000293393
-0.000639095
2.66451e-05
-0.000387662
0.000947517
0.000939916
0.000926756
0.000907646
0.000876718
0.000832074
0.000773279
0.000701939
0.000626622
0.000531356
0.00041852
0.000356388
0.00015056
0.000221946
-0.000146248
0.000175897
-0.000363238
0.000277961
-0.000392045
0.000534528
-0.00046638
0.000221473
-0.000230292
0.00111059
0.00105036
0.00100564
0.000951612
0.000897409
0.000842047
0.000784965
0.0007194
0.00065163
0.000592064
0.000501466
0.000484855
0.000297459
0.000429032
6.62971e-05
0.000419415
-0.000177696
0.000404739
-0.000384157
0.000443302
-0.000315815
0.0003703
-5.20787e-05
0.000704166
0.000682336
0.000653326
0.000619357
0.00058309
0.000542346
0.000501771
0.000458882
0.000404877
0.000353076
0.000308327
0.0002605
0.000153132
0.000232371
-7.08803e-05
0.000287665
-0.000268774
0.000457839
-0.000230901
0.000620559
-0.000149297
0.000394676
3.98115e-05
-3.43606e-05
-3.4482e-05
-4.14224e-05
-4.65178e-05
-5.41907e-05
-6.55238e-05
-7.9682e-05
-9.35017e-05
-0.000110687
-0.000140461
-0.000160967
-0.000142431
-0.000257654
-7.51997e-05
-0.000344523
7.72747e-05
-0.000303433
0.00035288
-6.19566e-05
0.000637869
-4.86424e-05
0.000407958
6.17075e-05
3.52361e-05
1.99206e-05
9.03183e-06
-4.55874e-07
-9.04332e-06
-1.62875e-05
-2.32238e-05
-2.9337e-05
-3.16465e-05
-3.54037e-05
-5.11298e-05
-8.67572e-06
-9.19011e-05
5.47331e-05
-0.000118876
0.000131122
-0.000100063
0.000193346
-6.4056e-05
0.000248152
-3.22248e-05
0.000211949
5.00386e-05
-0.0959807
-0.0831511
-0.06995
-0.0598444
-0.0512333
-0.044598
-0.0389299
-0.0342436
-0.0302819
-0.0268449
-0.0237592
-0.0210759
-0.0184219
-0.0159923
-0.0137035
-0.0116179
-0.00961086
-0.00776078
-0.00614707
-0.00421241
-0.00281371
-0.00197377
-0.00151755
-0.108892
-0.0929478
-0.077318
-0.0658027
-0.0561107
-0.0485113
-0.0420375
-0.036751
-0.0323189
-0.0284836
-0.0250908
-0.0221114
-0.0192729
-0.0166832
-0.0142637
-0.0120781
-0.00998292
-0.00807148
-0.00637583
-0.00440217
-0.00300019
-0.00212867
-0.0016562
-0.120569
-0.101684
-0.0838185
-0.0711567
-0.0606394
-0.0522793
-0.0451484
-0.0393563
-0.03447
-0.0302066
-0.0264666
-0.0231831
-0.0201305
-0.0173706
-0.01481
-0.01252
-0.010336
-0.00836338
-0.00658461
-0.00457458
-0.00316167
-0.00227378
-0.00179048
-0.130901
-0.10904
-0.0898319
-0.0763774
-0.0651515
-0.0560619
-0.0483237
-0.0420431
-0.0366733
-0.0319804
-0.0278979
-0.0243116
-0.0210302
-0.0180942
-0.015379
-0.012982
-0.0106983
-0.00866243
-0.00681265
-0.00474027
-0.00330293
-0.00240862
-0.00191631
-0.140221
-0.11611
-0.0959428
-0.0816243
-0.0695828
-0.0597699
-0.0515127
-0.044791
-0.0389534
-0.0338697
-0.0294534
-0.0255575
-0.0220285
-0.0188983
-0.0160096
-0.0134963
-0.0110959
-0.00899071
-0.00708137
-0.00490849
-0.00343567
-0.00253565
-0.00203208
-0.146154
-0.120677
-0.101668
-0.0869942
-0.0742266
-0.0637216
-0.0549383
-0.0477168
-0.0413916
-0.0359289
-0.0311623
-0.0269431
-0.0231493
-0.0198017
-0.0167216
-0.0140735
-0.01154
-0.00935449
-0.00738587
-0.00509274
-0.00357654
-0.00266003
-0.00213964
-0.152146
-0.126147
-0.107698
-0.0920756
-0.0788519
-0.0679126
-0.0587153
-0.0509925
-0.0441914
-0.0383241
-0.0331566
-0.0285796
-0.0244842
-0.0208796
-0.0175777
-0.0147602
-0.0120715
-0.00978038
-0.00773219
-0.00531187
-0.00373524
-0.00278399
-0.00224186
-0.153122
-0.132123
-0.11474
-0.098349
-0.0848255
-0.0732625
-0.0634161
-0.0550357
-0.0476694
-0.0412808
-0.0356257
-0.0306269
-0.026167
-0.022247
-0.0186763
-0.0156366
-0.0127613
-0.0103204
-0.0081617
-0.00560887
-0.00392584
-0.00291199
-0.00234232
0.0719852
0.0496616
0.0266734
0.00249182
-0.022185
-0.0462437
-0.0690806
-0.0901002
0.0760703
0.0513517
0.0260475
-0.000559696
-0.0275415
-0.0535887
-0.0776821
-0.0993932
0.0797231
0.051493
0.0229074
-0.00620747
-0.034959
-0.0622368
-0.0872638
-0.109904
0.0827413
0.0506104
0.0186084
-0.0129563
-0.0433812
-0.0719777
-0.0981966
-0.12203
0.0844435
0.0485751
0.013265
-0.0208713
-0.0532632
-0.0834698
-0.111096
-0.136057
0.0846217
0.0449952
0.00627921
-0.0307114
-0.0654014
-0.0973898
-0.126344
-0.15225
0.0831089
0.0393844
-0.00304771
-0.0432075
-0.0804219
-0.114219
-0.144389
-0.170977
0.0794079
0.0310445
-0.0155066
-0.0591375
-0.0990219
-0.134624
-0.165853
-0.192786
0.0726383
0.0189964
-0.0321257
-0.0794944
-0.122171
-0.159547
-0.19156
-0.218354
0.0615486
0.00190471
-0.0543155
-0.105669
-0.151068
-0.190221
-0.222562
-0.248493
0.0444117
-0.0220619
-0.084019
-0.139804
-0.18809
-0.228394
-0.260184
-0.284105
0.0188372
-0.0552972
-0.123634
-0.184164
-0.235262
-0.275681
-0.305405
-0.325364
-0.0190065
-0.10135
-0.175915
-0.240843
-0.293074
-0.331712
-0.356793
-0.369402
-0.0719579
-0.163725
-0.244331
-0.3092
-0.357871
-0.390093
-0.406099
-0.407713
-0.117613
-0.212231
-0.291546
-0.353739
-0.397975
-0.424778
-0.43585
-0.433533
0.202499
0.198779
0.19111
0.179676
0.164443
0.145767
0.124042
0.0990716
0.217335
0.212802
0.203664
0.190243
0.172719
0.151472
0.127645
0.101525
0.23368
0.228502
0.218156
0.203131
0.183819
0.160612
0.135054
0.107829
0.251868
0.246185
0.234824
0.218312
0.197265
0.172051
0.144086
0.114317
0.271938
0.265746
0.253315
0.235105
0.211916
0.184189
0.153046
0.119728
0.293792
0.286984
0.273246
0.252963
0.227062
0.196201
0.161317
0.123879
0.31734
0.309775
0.294425
0.271659
0.242477
0.207853
0.168747
0.126773
0.342527
0.334062
0.316767
0.291087
0.258071
0.219026
0.175122
0.128076
0.369268
0.359753
0.340141
0.311042
0.273583
0.229371
0.179901
0.127045
0.397322
0.386575
0.364208
0.331059
0.288407
0.238138
0.182145
0.122555
0.426144
0.413936
0.388282
0.350287
0.30149
0.24408
0.180417
0.112992
0.454675
0.440714
0.411127
0.36731
0.311188
0.245323
0.17262
0.0960545
0.481078
0.464975
0.430631
0.379731
0.314767
0.238809
0.155413
0.0681277
0.501865
0.483262
0.443471
0.384348
0.308914
0.22109
0.125335
0.0259822
0.519262
0.498191
0.453229
0.3868
0.302435
0.20387
0.0969108
-0.0125342
0.0206316
0.0206229
0.0206202
0.020623
0.0206298
0.0206394
0.0206508
0.0206567
0.0249825
0.0249848
0.0249567
0.0248988
0.0248136
0.0247052
0.0245824
0.0244483
0.02153
0.0214917
0.0214686
0.02146
0.0214644
0.0214783
0.021496
0.0215276
0.0258739
0.0258439
0.025785
0.0257026
0.0256009
0.0254866
0.0253578
0.0252421
0.0239656
0.023955
0.0239683
0.0240047
0.0240615
0.0241341
0.0242177
0.0243074
0.0286956
0.0287071
0.0286779
0.0286054
0.0284866
0.028339
0.0282726
0.0281656
0.0275671
0.0275518
0.0275757
0.0276259
0.0276997
0.0277913
0.0279125
0.028002
0.0326518
0.0326622
0.0326472
0.0326077
0.0325553
0.0324936
0.0324253
0.0324058
0.0329449
0.0329626
0.0330143
0.0330836
0.0331687
0.0332723
0.0333423
0.0335284
0.0382365
0.0382004
0.0381495
0.0380858
0.0380145
0.037988
0.0378874
0.0380779
0.0401683
0.0402174
0.0402949
0.0404106
0.0404653
0.0407191
0.0405768
0.0409923
0.0461164
0.0460818
0.0459995
0.0459857
0.04583
0.0459886
0.0456357
0.0459737
0.049876
0.0499149
0.0499563
0.0500643
0.0500538
0.0502768
0.05008
0.0505456
0.0568863
0.0568155
0.0567029
0.0566627
0.0563975
0.0565642
0.0560663
0.0566866
0.0630216
0.0629349
0.0628097
0.0627253
0.0624625
0.0624989
0.0619742
0.0623425
0.0718691
0.0717139
0.071446
0.07126
0.0707136
0.0706554
0.0696009
0.0699237
0.0809201
0.0805761
0.0800527
0.0795755
0.0786431
0.0781904
0.0767723
0.0765815
0.0924951
0.0920663
0.0913304
0.090749
0.0892582
0.0885227
0.0859869
0.0854096
0.105046
0.104357
0.103043
0.10169
0.0992843
0.0975076
0.0940341
0.0920475
0.120466
0.119623
0.117895
0.116103
0.112708
0.109912
0.10452
0.100927
0.137691
0.136367
0.13358
0.130193
0.124906
0.119473
0.111893
0.104423
0.158152
0.156892
0.15306
0.148164
0.140943
0.132634
0.121722
0.109537
0.181637
0.17906
0.173495
0.165354
0.154088
0.140298
0.123639
0.104061
0.0206748
0.0207012
0.0207434
0.0208012
0.020869
0.0209344
0.0209726
0.0209574
0.0208665
0.020683
0.0203916
0.0199956
0.0194892
0.0189092
0.0182626
0.0175829
0.0168931
0.0161602
0.0155114
0.0148117
0.0142614
0.0138339
0.0135475
0.0242585
0.0239933
0.0236859
0.0233228
0.0228968
0.0224185
0.0219314
0.0214663
0.0210339
0.0206399
0.0202812
0.0199264
0.0195386
0.019084
0.0185459
0.0179269
0.0172077
0.0164564
0.0156464
0.014884
0.014226
0.013736
0.0134419
0.0215532
0.0216262
0.021715
0.0218229
0.0219469
0.0220269
0.0219965
0.0218375
0.021546
0.0211224
0.020577
0.0199774
0.019333
0.0186684
0.0179726
0.0172009
0.0164399
0.0156025
0.0148283
0.0142032
0.013634
0.0131301
0.0129477
0.0250185
0.0247356
0.0243606
0.0239171
0.0234052
0.022909
0.0224513
0.0220162
0.0215835
0.0211231
0.020592
0.0199561
0.0192289
0.0184254
0.0175827
0.0167163
0.0158544
0.0150094
0.0142255
0.0134872
0.0128454
0.0123471
0.0121087
0.0244105
0.0244763
0.0245398
0.0246178
0.0246302
0.0245261
0.0242837
0.0239001
0.023377
0.0227332
0.0219982
0.0211883
0.020313
0.0193684
0.0183894
0.0173908
0.016377
0.0153667
0.0143326
0.0134136
0.0126023
0.0120398
0.0116073
0.0281095
0.0274641
0.026933
0.0263053
0.0257438
0.02521
0.0246387
0.0240355
0.0233787
0.0226455
0.0218214
0.0209018
0.0199092
0.0188556
0.0177805
0.0167542
0.015654
0.014604
0.0132715
0.0125921
0.0119987
0.011539
0.0112245
0.0283447
0.0278256
0.0278629
0.0276725
0.027345
0.0268722
0.0262475
0.0254687
0.024545
0.0234884
0.0223142
0.0210396
0.0196893
0.0182827
0.016802
0.0158807
0.0143785
0.0137855
0.0113867
0.0110556
0.0106352
0.0103269
0.0102748
0.0321904
0.0316062
0.0309389
0.0301988
0.0294454
0.0286334
0.0277456
0.0267662
0.0256787
0.0244692
0.0231274
0.0216593
0.0200821
0.0184483
0.0168136
0.0153427
0.0138556
0.0126549
0.0110929
0.0102426
0.00947425
0.00902165
0.0089521
0.0334691
0.0330805
0.032721
0.0321978
0.0314966
0.0305958
0.0294822
0.0281634
0.0266655
0.0250254
0.0232893
0.0214972
0.019676
0.0178746
0.0161254
0.0145406
0.0130612
0.0118196
0.0105983
0.00984717
0.00898652
0.0083506
0.00799439
0.0376691
0.0368487
0.0358498
0.0347099
0.0334841
0.0321333
0.030635
0.0289671
0.0271185
0.0251001
0.0229643
0.0207994
0.0186666
0.0166518
0.0147817
0.0131399
0.011718
0.0104942
0.00942943
0.00888964
0.00832518
0.00785401
0.00743322
0.0405437
0.0397902
0.0389413
0.0378136
0.0364119
0.0346954
0.0327236
0.0305427
0.0282064
0.0257715
0.0232801
0.0207884
0.0183578
0.0160828
0.014032
0.0121964
0.0107332
0.00939965
0.00828901
0.00763679
0.00724644
0.00700841
0.00681144
0.0451562
0.0441315
0.0423982
0.0407226
0.0387455
0.0365607
0.0341523
0.0315272
0.0287474
0.0259053
0.0230857
0.0203475
0.0177537
0.0153577
0.0132134
0.0113024
0.00970856
0.00833431
0.00723429
0.00654332
0.00609395
0.00585985
0.00587124
0.0495853
0.0480522
0.0461642
0.0439369
0.0413386
0.0384188
0.0352514
0.0319218
0.0285204
0.0251436
0.0218967
0.0188617
0.0161054
0.0136375
0.0114949
0.00963531
0.00813093
0.00689519
0.00604809
0.00562551
0.00515137
0.00480962
0.00484559
0.0552591
0.0527773
0.0498675
0.0467303
0.0432751
0.0395394
0.0355885
0.0315321
0.0275181
0.0236582
0.0200502
0.0167742
0.0138878
0.0113961
0.00933098
0.00762844
0.0063678
0.0054211
0.004918
0.00481264
0.00444028
0.00412286
0.00403594
0.0607835
0.0575388
0.0538229
0.0497418
0.0452349
0.0405317
0.0357354
0.0309903
0.0264489
0.0222232
0.0183943
0.0150097
0.0120983
0.00965571
0.00771273
0.00617964
0.00513655
0.00441081
0.00407297
0.00404523
0.0038085
0.00366383
0.00349113
0.0672938
0.0624441
0.0574015
0.0520982
0.0464611
0.0407365
0.0351009
0.0297607
0.0248442
0.020431
0.0165673
0.0132542
0.0104823
0.00821216
0.00646266
0.00511523
0.00423605
0.0036345
0.00333758
0.00327522
0.00317911
0.00320646
0.00307685
0.0734183
0.0671166
0.0605284
0.0536311
0.0466425
0.0398706
0.0334688
0.0276276
0.02243
0.0179183
0.0140996
0.0109388
0.00839078
0.00636567
0.0048583
0.00372187
0.0030058
0.0025124
0.00231727
0.00237111
0.00244633
0.00259241
0.00261177
0.0797527
0.0710127
0.062606
0.0541085
0.0457726
0.0379556
0.0308703
0.0246445
0.0192832
0.0147693
0.0110513
0.00805678
0.00572745
0.0039517
0.00270121
0.00181
0.00131571
0.00101423
0.00104165
0.00135159
0.0016151
0.00186887
0.00204575
0.0851809
0.0742041
0.0635235
0.0531725
0.0436148
0.0350555
0.0275688
0.0211648
0.0157949
0.0114018
0.00787056
0.00509111
0.00299617
0.00147211
0.000479918
-0.000151131
-0.000382817
-0.000431863
-0.000147408
0.000397123
0.000792672
0.00117002
0.00143771
0.0894492
0.0750105
0.0623452
0.0505954
0.0401561
0.0311331
0.0235333
0.0172155
0.0120763
0.00800446
0.00481567
0.00236402
0.000576964
-0.00065434
-0.00136945
-0.00173064
-0.00170329
-0.00149362
-0.000996687
-0.000337168
0.000124142
0.000613932
0.000893222
0.0906162
0.0738388
0.0590158
0.0461729
0.0353927
0.0263711
0.0189341
0.012891
0.008117
0.00447294
0.00172136
-0.000314464
-0.00171167
-0.00258409
-0.00297927
-0.00304768
-0.00277007
-0.00232782
-0.00165671
-0.000910442
-0.000366719
0.000218901
0.000473686
0.0880946
0.068272
0.0530884
0.0401019
0.0294976
0.0208757
0.0139369
0.00837066
0.00400855
0.000765363
-0.00157139
-0.00319526
-0.00418418
-0.00467001
-0.00471503
-0.00446859
-0.00393474
-0.003266
-0.00242213
-0.00150842
-0.000788981
-8.57269e-05
0.000167084
0.0778314
0.0598321
0.045275
0.032792
0.0229177
0.0150267
0.00881395
0.00388569
-9.09805e-06
-0.00297114
-0.00502139
-0.00631617
-0.00693935
-0.00705521
-0.00674979
-0.00618437
-0.00537186
-0.00446112
-0.00342899
-0.00226303
-0.001268
-0.000392333
-8.71802e-05
0.0649445
0.05047
0.0377699
0.0262952
0.0172976
0.0100922
0.00457322
0.000335073
-0.00297562
-0.00574056
-0.00769917
-0.00881939
-0.00920519
-0.0090567
-0.00849482
-0.00767478
-0.00663839
-0.00551643
-0.00433763
-0.00297121
-0.00172644
-0.000695684
-0.00029066
0.0459513
0.0315951
0.0230154
0.0143542
0.00787373
0.00252152
-0.00146579
-0.00439452
-0.00654585
-0.00847482
-0.00993782
-0.0106619
-0.0107174
-0.0102923
-0.00951528
-0.00850579
-0.00732081
-0.00606853
-0.00481069
-0.00336542
-0.00200996
-0.0009391
-0.000456508
0.0228748
0.00858374
0.00369878
-0.00224502
-0.00571174
-0.00848783
-0.0102454
-0.0113053
-0.0117836
-0.0121465
-0.0123916
-0.0122841
-0.0117804
-0.0109811
-0.00996673
-0.00879695
-0.00751909
-0.00619859
-0.00490755
-0.00347906
-0.00214092
-0.00114304
-0.00062817
0.000882627
-0.0110925
-0.0135664
-0.0172606
-0.0182895
-0.0188488
-0.0186914
-0.0181505
-0.0172134
-0.0161191
-0.0150257
-0.0139815
-0.0128433
-0.0116244
-0.0103347
-0.00899383
-0.00761447
-0.00622394
-0.00489739
-0.00347902
-0.00219067
-0.00130252
-0.000798831
-0.0208006
-0.0279054
-0.0270394
-0.0285898
-0.0274976
-0.0264856
-0.0249714
-0.0233552
-0.0215334
-0.0195268
-0.017508
-0.0157483
-0.0140629
-0.0124555
-0.0108817
-0.00935555
-0.00784104
-0.00635665
-0.00497858
-0.00350327
-0.00222861
-0.00142967
-0.000958697
-0.0421461
-0.0437308
-0.03903
-0.0378063
-0.0344211
-0.0318802
-0.0292281
-0.02681
-0.0244303
-0.0219718
-0.0195212
-0.0173852
-0.0153234
-0.0134164
-0.0115981
-0.00989396
-0.00823163
-0.00664109
-0.00520461
-0.0036108
-0.00230549
-0.00154691
-0.00110501
-0.062374
-0.0586021
-0.0502223
-0.0457116
-0.0402812
-0.0363363
-0.0326319
-0.0294373
-0.0265313
-0.0237615
-0.0211007
-0.0188029
-0.016495
-0.014374
-0.0123671
-0.0105082
-0.00871262
-0.00702047
-0.00552676
-0.00379289
-0.00243927
-0.00167372
-0.00124282
-0.0804461
-0.0715686
-0.0607051
-0.0531044
-0.0459266
-0.0405674
-0.0358191
-0.0318324
-0.0283765
-0.0252887
-0.0224203
-0.0200224
-0.017513
-0.0152321
-0.0130779
-0.0110948
-0.00918745
-0.00740933
-0.00585813
-0.00400559
-0.00261822
-0.00181805
-0.00137921
)
;

boundaryField
{
    outlet
    {
        type            fixedValue;
        value           uniform 0;
    }
    upperWall
    {
        type            symmetryPlane;
    }
    lowerWall
    {
        type            symmetryPlane;
    }
    inlet
    {
        type            zeroGradient;
    }
    cylinder
    {
        type            zeroGradient;
    }
    frontAndBack
    {
        type            empty;
    }
}


// ************************************************************************* //
