/*--------------------------------*- C++ -*----------------------------------*\
| =========                 |                                                 |
| \\      /  F ield         | OpenFOAM: The Open Source CFD Toolbox           |
|  \\    /   O peration     | Version:  2312                                  |
|   \\  /    A nd           | Website:  www.openfoam.com                      |
|    \\/     M anipulation  |                                                 |
\*---------------------------------------------------------------------------*/
FoamFile
{
    version     2.0;
    format      ascii;
    arch        "LSB;label=32;scalar=64";
    class       volScalarField;
    location    "41";
    object      p;
}
// * * * * * * * * * * * * * * * * * * * * * * * * * * * * * * * * * * * * * //

dimensions      [0 2 -2 0 0 0 0];

internalField   nonuniform List<scalar> 
5478
(
-0.525775
-0.521343
-0.51735
-0.514896
-0.514705
-0.515283
-0.513522
-0.506309
-0.491503
-0.468581
-0.438832
-0.403793
-0.366634
-0.325811
-0.284188
-0.53477
-0.52965
-0.524327
-0.519343
-0.514452
-0.507652
-0.49685
-0.480701
-0.458874
-0.4323
-0.402227
-0.370293
-0.337059
-0.303063
-0.270176
-0.548379
-0.54207
-0.5348
-0.526145
-0.51451
-0.498917
-0.479327
-0.456158
-0.430226
-0.402362
-0.373414
-0.343831
-0.314156
-0.284604
-0.25539
-0.566976
-0.558313
-0.548015
-0.533593
-0.513405
-0.488935
-0.462128
-0.434232
-0.405885
-0.377505
-0.349279
-0.321479
-0.294234
-0.267677
-0.242477
-0.590746
-0.577652
-0.562993
-0.540281
-0.510472
-0.47802
-0.445668
-0.414389
-0.384395
-0.355624
-0.328023
-0.301534
-0.276029
-0.25176
-0.228201
-0.618447
-0.599374
-0.577357
-0.544016
-0.504641
-0.46544
-0.428766
-0.394971
-0.363743
-0.334724
-0.30762
-0.282172
-0.258261
-0.235691
-0.214057
-0.645541
-0.621107
-0.587401
-0.54201
-0.49406
-0.44942
-0.409432
-0.37376
-0.341699
-0.312646
-0.286111
-0.261738
-0.239207
-0.218378
-0.198511
-0.665996
-0.637077
-0.589107
-0.531788
-0.476655
-0.427804
-0.385469
-0.348641
-0.316269
-0.287551
-0.261861
-0.238709
-0.217819
-0.198878
-0.181366
-0.412621
-0.41491
-0.416858
-0.419899
-0.424141
-0.429008
-0.433717
-0.438362
-0.441246
-0.441214
-0.437241
-0.428771
-0.41601
-0.400211
-0.382244
-0.435864
-0.438441
-0.441821
-0.447348
-0.455117
-0.464759
-0.47562
-0.485422
-0.494121
-0.499114
-0.498206
-0.489765
-0.472696
-0.449587
-0.417987
-0.45911
-0.461438
-0.465873
-0.473475
-0.484226
-0.497783
-0.513376
-0.529398
-0.542928
-0.551674
-0.552252
-0.542152
-0.515618
-0.486192
-0.437561
-0.479921
-0.481377
-0.48608
-0.494656
-0.506936
-0.522549
-0.540649
-0.559061
-0.574974
-0.584409
-0.583
-0.568151
-0.535745
-0.493192
-0.433766
-0.496368
-0.496394
-0.500359
-0.508358
-0.520252
-0.535612
-0.553338
-0.571002
-0.585337
-0.591743
-0.585575
-0.56415
-0.525495
-0.475385
-0.413511
-0.507788
-0.506247
-0.508448
-0.514392
-0.524109
-0.537122
-0.552061
-0.56663
-0.576657
-0.577138
-0.564508
-0.536809
-0.494444
-0.444026
-0.384515
-0.514983
-0.512087
-0.511942
-0.514857
-0.521248
-0.530825
-0.54211
-0.551482
-0.554573
-0.547238
-0.527131
-0.494674
-0.451687
-0.404836
-0.352627
-0.520021
-0.516191
-0.513786
-0.513656
-0.516809
-0.522689
-0.52852
-0.530432
-0.524679
-0.508696
-0.482443
-0.446842
-0.405804
-0.362413
-0.317924
-0.361216
-0.356983
-0.389671
-0.45146
-0.461656
-0.384702
-0.301082
-0.270123
-0.289862
-0.379667
-0.471768
-0.452732
-0.335868
-0.220659
-0.134587
-0.0775595
-0.041359
-0.0198555
-0.0136587
-0.00690611
-0.00250461
3.93988e-05
0.0030002
0.00372222
0.00419889
0.00427217
0.00348279
0.00199786
0.00146569
0.00117733
-5.54744e-05
0.000126558
0.000479318
-0.000171129
-3.77422e-06
0.000222883
0.000103817
9.92684e-06
-0.373646
-0.338462
-0.335744
-0.38041
-0.398176
-0.34338
-0.290469
-0.283281
-0.310872
-0.395386
-0.48973
-0.47126
-0.347863
-0.224314
-0.133452
-0.0739832
-0.0350677
-0.0120894
-0.0056981
-0.000482648
0.000482332
0.00117819
0.00366863
0.00380785
0.00455215
0.0047302
0.00381094
0.00224216
0.00181739
0.00129017
-1.07109e-06
0.000237539
0.000552058
-0.000162749
5.35925e-05
0.000252269
0.000102242
1.11088e-05
-0.372405
-0.31132
-0.27592
-0.291964
-0.314909
-0.286977
-0.272893
-0.288912
-0.312065
-0.388162
-0.490538
-0.479683
-0.355338
-0.227205
-0.133256
-0.0732313
-0.0326532
-0.00855397
-0.00094712
0.00381741
0.0027901
0.00199796
0.0041329
0.00388658
0.00478716
0.00510302
0.00407881
0.00251437
0.00220887
0.00134855
0.00012257
0.000365452
0.000581128
-0.0001232
0.000112453
0.000271639
0.000102474
1.35538e-05
-0.35215
-0.275355
-0.212617
-0.200562
-0.214436
-0.224061
-0.243721
-0.279937
-0.293865
-0.366545
-0.47839
-0.475831
-0.358194
-0.229112
-0.134154
-0.0738044
-0.0328162
-0.0077605
0.000943165
0.00576005
0.00422683
0.00263006
0.00433234
0.00396581
0.00486436
0.00530784
0.00422236
0.00279519
0.00256037
0.00136755
0.000320191
0.000500977
0.000559468
-4.9074e-05
0.000171255
0.000278802
0.000104825
1.76426e-05
-0.323001
-0.235844
-0.161229
-0.112172
-0.113852
-0.14816
-0.191611
-0.243619
-0.257891
-0.334078
-0.456097
-0.466261
-0.358549
-0.231002
-0.137064
-0.0759685
-0.0352956
-0.0087372
0.00125851
0.00616404
0.00503532
0.00313147
0.0042382
0.00393083
0.00473754
0.00526726
0.00421375
0.00304147
0.00279828
0.0013737
0.000560134
0.000625717
0.000495951
5.20036e-05
0.000226998
0.0002739
0.000109276
2.34678e-05
-0.301133
-0.216076
-0.134017
-0.057208
-0.032963
-0.0677068
-0.118071
-0.16914
-0.201029
-0.28513
-0.413899
-0.433494
-0.344359
-0.228242
-0.138802
-0.0782526
-0.0384867
-0.0111836
0.000465722
0.00564102
0.00533077
0.00343226
0.00392066
0.00373552
0.00442202
0.00499888
0.00408539
0.00319623
0.00289645
0.00138408
0.000795111
0.000724377
0.000410674
0.000163701
0.000276744
0.000259499
0.000115396
3.08852e-05
-0.282447
-0.209812
-0.135719
-0.0482243
0.0163834
0.00841298
-0.0341002
-0.0657079
-0.12607
-0.238823
-0.375954
-0.415677
-0.338338
-0.229354
-0.142406
-0.0826192
-0.0431332
-0.0148028
-0.00144722
0.00443686
0.0051832
0.00350756
0.00353547
0.00342474
0.00399529
0.00460685
0.00390615
0.0032432
0.00288815
0.00139839
0.00098457
0.00079217
0.000326424
0.000268581
0.000317877
0.000239691
0.000123001
3.97279e-05
-0.272761
-0.218336
-0.154795
-0.0818827
-0.00730934
0.0242866
0.0174536
0.0179324
-0.0411543
-0.173105
-0.310435
-0.358567
-0.312175
-0.226347
-0.147835
-0.0891079
-0.048695
-0.019744
-0.00437572
0.00276664
0.00452167
0.00334195
0.00317515
0.00307768
0.00352774
0.00412633
0.0036861
0.00317833
0.0028129
0.00143803
0.00112073
0.000833018
0.000258549
0.000359684
0.000348381
0.000216272
0.000132143
5.02594e-05
-0.239469
-0.203309
-0.142615
-0.0782649
-0.00432961
0.0356947
0.0533242
0.0960074
0.0624845
-0.114334
-0.268318
-0.326023
-0.272958
-0.195799
-0.129076
-0.0793742
-0.0443961
-0.019059
-0.00502052
0.00165258
0.00387748
0.00303368
0.00285165
0.00276088
0.00312564
0.00372029
0.00338893
0.0030629
0.00271014
0.0013877
0.00127164
0.000871068
0.000162846
0.000458116
0.000380268
0.000179784
0.000142333
6.32576e-05
-0.187408
-0.159871
-0.109797
-0.0595396
-0.00365339
0.0292094
0.0458511
0.0788098
0.0567243
-0.0823655
-0.210685
-0.242658
-0.203397
-0.151503
-0.106286
-0.0697192
-0.0417665
-0.0204302
-0.00714606
-0.000343589
0.00241531
0.00225516
0.0021347
0.00212388
0.0024687
0.00296293
0.00290831
0.00262295
0.00239463
0.00131598
0.00126239
0.000829215
0.000128616
0.000499453
0.000379484
0.000155226
0.000154338
6.99472e-05
-0.150744
-0.135202
-0.0984064
-0.0585717
-0.0159139
0.0164094
0.0331062
0.0539094
0.038351
-0.0491619
-0.133661
-0.165504
-0.152092
-0.122875
-0.0899441
-0.0607942
-0.0375447
-0.0196969
-0.00815476
-0.0018293
0.00115484
0.00149098
0.00152519
0.00162133
0.00196264
0.00240936
0.0024843
0.00241142
0.00213432
0.00125238
0.00119941
0.000795206
0.000150876
0.000491378
0.000370154
0.000149409
0.000160502
7.22098e-05
-0.119335
-0.109789
-0.083104
-0.0517153
-0.0206699
0.0051667
0.0193135
0.0300889
0.0241071
-0.023511
-0.0802589
-0.108565
-0.10564
-0.0888667
-0.069209
-0.0507475
-0.0344133
-0.0207048
-0.0104303
-0.00403128
-0.000574373
0.000426403
0.00075435
0.000973427
0.00138089
0.00168623
0.00201854
0.00200671
0.00185424
0.00114575
0.00108588
0.000758308
0.000184246
0.000460967
0.000353024
0.000147977
0.000165249
7.40275e-05
-0.0950023
-0.0905467
-0.0726192
-0.0499282
-0.027016
-0.00690208
0.00529139
0.0118569
0.00944102
-0.0158506
-0.0495207
-0.0705954
-0.0753426
-0.0698178
-0.0585491
-0.0446815
-0.031264
-0.0196371
-0.0108018
-0.00507521
-0.00173036
-0.000466218
2.92192e-05
0.000360987
0.00085042
0.00169562
0.00161683
0.00168474
0.00158438
0.00103231
0.000969929
0.000716655
0.000226256
0.000430392
0.000326979
0.000151612
0.000172801
7.42401e-05
-0.0764315
-0.0739097
-0.0622301
-0.0463991
-0.0303929
-0.0160887
-0.006252
-0.00144147
-0.00248045
-0.0150172
-0.034279
-0.0497151
-0.0541115
-0.0511151
-0.0438632
-0.0352065
-0.0265782
-0.0184128
-0.0114301
-0.00635764
-0.00304436
-0.00144289
-0.000667239
-0.000193893
0.00032687
0.000931386
0.00114639
0.00127983
0.0012854
0.000882603
0.00083412
0.00065123
0.000246714
0.000395151
0.000294334
0.00015544
0.000179569
7.27352e-05
-0.0607484
-0.0599046
-0.0530596
-0.0426904
-0.0318012
-0.0218362
-0.014332
-0.0103351
-0.0103083
-0.0161833
-0.0263409
-0.0350075
-0.0388444
-0.0387804
-0.0358255
-0.0306399
-0.0241731
-0.0176159
-0.0117643
-0.00723963
-0.00409309
-0.0023497
-0.00142985
-0.000847144
-0.000263965
0.000355221
0.000696771
0.000907367
0.00099036
0.000730257
0.000710789
0.000576049
0.000255497
0.000371111
0.000262847
0.000155457
0.000186582
7.25852e-05
-0.0484471
-0.0489655
-0.045152
-0.0385789
-0.0313279
-0.0245317
-0.0190705
-0.0157125
-0.0149804
-0.0174527
-0.0223522
-0.0273593
-0.0300176
-0.0301888
-0.0281649
-0.024459
-0.0200075
-0.0153987
-0.0110707
-0.00748483
-0.00475726
-0.00300455
-0.00197909
-0.00132365
-0.000753172
-0.000151451
0.000266931
0.000529972
0.00068968
0.000557431
0.000576797
0.000482741
0.000243627
0.000350991
0.000228361
0.000150137
0.000194738
7.02633e-05
-0.0391501
-0.0401197
-0.0381368
-0.0341612
-0.0295106
-0.0249857
-0.0211295
-0.0184206
-0.0172821
-0.0178677
-0.0197917
-0.0219471
-0.0233735
-0.023386
-0.0222342
-0.020217
-0.0174103
-0.0140877
-0.0106917
-0.00768785
-0.00531885
-0.00367495
-0.00262334
-0.00188633
-0.00126561
-0.00066036
-0.000155184
0.000152579
0.000388056
0.000371445
0.00043653
0.00037904
0.000217459
0.000330276
0.000196459
0.000146851
0.000206538
7.84024e-05
-0.0315436
-0.0327716
-0.0319909
-0.0297453
-0.0268688
-0.0239096
-0.021231
-0.0191147
-0.0178698
-0.0175672
-0.0179162
-0.0180461
-0.0190926
-0.0190537
-0.0182562
-0.016879
-0.0147875
-0.012284
-0.00974571
-0.00743803
-0.00553905
-0.0040669
-0.00304211
-0.00230049
-0.00169774
-0.00109268
-0.000541377
-0.000171531
0.000114215
0.000190712
0.000311892
0.000275614
0.000168525
0.000308181
0.000159703
0.00012468
0.000202808
6.3587e-05
-0.0254019
-0.0267346
-0.0266434
-0.0254661
-0.0237559
-0.0218671
-0.020048
-0.018471
-0.0173818
-0.0168885
-0.0169863
-0.0177292
-0.0167621
-0.0160416
-0.0151306
-0.0139756
-0.0124914
-0.0107733
-0.00892677
-0.00711385
-0.00557912
-0.00433588
-0.00341334
-0.00268174
-0.00208017
-0.00147568
-0.000885736
-0.00049276
-0.000154546
1.17292e-05
0.000182663
0.000187273
0.000141013
0.000298167
0.000151771
0.000140416
0.000234796
9.42265e-05
-0.0203959
-0.021681
-0.0219572
-0.0214243
-0.0204535
-0.0192767
-0.0180661
-0.0169171
-0.0160065
-0.0154017
-0.0150555
-0.0147913
-0.0141923
-0.0134808
-0.012619
-0.0117272
-0.0106397
-0.00932357
-0.00790758
-0.00653884
-0.00542199
-0.0044618
-0.00369741
-0.00302394
-0.00243548
-0.00183834
-0.00120729
-0.000780756
-0.000407788
-0.000183852
3.90733e-05
5.94253e-05
3.96578e-05
0.000243878
9.24807e-05
7.06287e-05
0.000189201
5.19177e-05
-0.0162192
-0.0173973
-0.017848
-0.0176874
-0.0171691
-0.016453
-0.015661
-0.0148364
-0.0141089
-0.0135109
-0.0130245
-0.0125498
-0.0119483
-0.0112911
-0.0105473
-0.00981364
-0.0089483
-0.00800634
-0.00703263
-0.00604065
-0.00517973
-0.00440512
-0.00378162
-0.00318632
-0.00269253
-0.00201255
-0.00136588
-0.00092185
-0.000533662
-0.000262215
-4.88131e-06
5.20333e-05
6.60552e-05
0.000279022
0.000145412
0.000151939
0.000271387
0.000118525
-0.0126978
-0.0137338
-0.0142422
-0.0142839
-0.0140372
-0.0136112
-0.0131025
-0.0125227
-0.0119715
-0.0114653
-0.0109982
-0.0105256
-0.0099632
-0.00937729
-0.00870231
-0.00807281
-0.00739478
-0.00671272
-0.00604824
-0.00537129
-0.0048544
-0.00434433
-0.00389435
-0.00339698
-0.00309407
-0.00230919
-0.00162009
-0.00118318
-0.000781544
-0.000486792
-0.000208769
-0.000128281
-0.00010217
0.000156759
3.23044e-05
-6.60929e-06
0.000150099
3.87996e-05
-0.00974405
-0.0106248
-0.0111119
-0.0112499
-0.0111586
-0.0109125
-0.0105902
-0.0101889
-0.00978835
-0.00938895
-0.00899937
-0.0085941
-0.00811975
-0.00763104
-0.00707431
-0.00658462
-0.00605431
-0.00555903
-0.00510062
-0.00465392
-0.00431758
-0.0039312
-0.00358307
-0.00303667
-0.00218761
-0.00196553
-0.00143871
-0.00104639
-0.000676564
-0.000375123
-7.77003e-05
1.87077e-05
3.9671e-05
0.000291442
0.00018702
0.000184057
0.000309766
0.000144596
-0.00717565
-0.0079012
-0.00834705
-0.00853779
-0.00854818
-0.00842375
-0.00823235
-0.00796135
-0.00768408
-0.00738421
-0.00707507
-0.00674917
-0.00635215
-0.00595616
-0.00547711
-0.00507928
-0.0046637
-0.00435187
-0.00416696
-0.00399399
-0.0039676
-0.00379586
-0.00355694
-0.0031368
-0.00272911
-0.00222424
-0.00164419
-0.00127087
-0.00091116
-0.000629073
-0.000377283
-0.000227138
-0.000200231
6.92154e-05
5.11748e-06
-8.00795e-05
9.4612e-05
3.13362e-05
-0.00501862
-0.00560874
-0.00600231
-0.00618781
-0.00624037
-0.00618314
-0.00607426
-0.00589656
-0.0057106
-0.005496
-0.00528215
-0.00506294
-0.0047672
-0.00445782
-0.00404562
-0.00369572
-0.00331583
-0.0030605
-0.00294788
-0.00291219
-0.00302578
-0.00297401
-0.00290426
-0.0026001
-0.00211577
-0.00168761
-0.0011619
-0.000837583
-0.000511629
-0.000265999
1.26611e-05
0.000117167
9.63751e-05
0.000370177
0.000279544
0.00022311
0.000340794
0.000167047
-0.00315141
-0.0036226
-0.00395368
-0.004144
-0.00422694
-0.00421619
-0.00416152
-0.00404464
-0.00392292
-0.00376611
-0.00360102
-0.00344276
-0.00323601
-0.00302069
-0.00266697
-0.00236161
-0.00203797
-0.00189011
-0.00195694
-0.00209341
-0.00242004
-0.0025062
-0.00246771
-0.00223037
-0.00195241
-0.00161985
-0.0012023
-0.000965002
-0.000694502
-0.000528186
-0.000404527
-0.000156071
-0.000185709
1.98345e-05
5.2339e-05
-0.000110692
4.35635e-05
3.6327e-05
-0.00152776
-0.00189441
-0.00216817
-0.00234492
-0.00245025
-0.00248
-0.00247054
-0.00240055
-0.0023189
-0.00221285
-0.00209715
-0.00199995
-0.00183005
-0.00163792
-0.00128288
-0.000932317
-0.000573157
-0.000384659
-0.000458492
-0.000650596
-0.000998405
-0.00117571
-0.00127129
-0.0011544
-0.000929159
-0.000680832
-0.000394391
-0.000250692
-3.55239e-06
3.29522e-05
0.000249925
0.000383115
0.000238217
0.000538121
0.000437262
0.000240805
0.000351081
0.000192464
-0.000177326
-0.000428497
-0.00063711
-0.000784532
-0.000903866
-0.000980191
-0.00102355
-0.00102291
-0.000980689
-0.00095708
-0.000879478
-0.000800933
-0.000657893
-0.000513579
-0.000296276
-6.87082e-05
0.000116527
0.000307198
0.00033999
0.000371529
0.000307759
0.000187724
6.07699e-05
-2.43624e-05
-0.000135524
-0.000199683
-0.000168411
-0.00021761
-3.9357e-05
-0.000188905
-7.99489e-05
0.00020428
-7.56139e-05
0.000228069
0.000226526
-0.000114979
6.3108e-05
7.76362e-05
0.000526336
0.000342942
0.000187077
5.96883e-05
-4.78303e-05
-0.000133017
-0.000195974
-0.000244888
-0.000276322
-0.000290804
-0.000276596
-0.000251031
-0.000196954
-0.000135638
-5.0303e-05
5.21926e-05
0.000150777
0.000256917
0.000298089
0.000335783
0.000355988
0.000364483
0.000323173
0.000352643
0.000328007
0.000293583
0.000381358
0.000375435
0.00047235
0.000497392
0.00050381
0.000689928
0.000535493
0.000595369
0.000634323
0.000378254
0.000327315
0.000183183
0.00126475
0.00111938
0.000985332
0.000864074
0.000750088
0.000642538
0.000550226
0.000473006
0.000420376
0.000376445
0.000352913
0.000337786
0.000349779
0.000374752
0.0004154
0.000470091
0.000518413
0.00057412
0.000582541
0.000595884
0.000551872
0.000507523
0.000436809
0.000364493
0.000345993
0.000276558
0.000247424
0.000212659
0.000213482
0.00024809
0.000193627
0.000328418
0.000246976
0.000248008
0.000327948
0.000114271
7.30376e-05
6.64619e-05
0.00152073
0.00139119
0.00126626
0.00114736
0.00103675
0.000931765
0.000836128
0.000748059
0.000672818
0.000610343
0.000562866
0.000529666
0.000510018
0.000504398
0.0005074
0.000525836
0.000544434
0.000573709
0.000586784
0.00060147
0.00059183
0.000571579
0.000551512
0.000507114
0.00051307
0.000482125
0.000467577
0.000472992
0.000459711
0.000535564
0.000473331
0.000559268
0.000542016
0.000462654
0.000535722
0.000357086
0.000198835
0.000116943
-0.159181
-0.171597
-0.183998
-0.194766
-0.206096
-0.213225
-0.221074
-0.225774
-0.133938
-0.141873
-0.149236
-0.155895
-0.161022
-0.164418
-0.16836
-0.176228
-0.110478
-0.115403
-0.119102
-0.123154
-0.126364
-0.131388
-0.135884
-0.142836
-0.0914889
-0.0942824
-0.096349
-0.0997484
-0.102839
-0.106869
-0.109334
-0.113544
-0.0750839
-0.0769672
-0.0784509
-0.080955
-0.0827359
-0.0845192
-0.0854441
-0.0890917
-0.061767
-0.0628158
-0.0635599
-0.0646671
-0.0651588
-0.066124
-0.0677067
-0.0716177
-0.0502839
-0.0506847
-0.0508638
-0.051415
-0.0521001
-0.0535495
-0.0551671
-0.0575761
-0.0407755
-0.0409054
-0.0410691
-0.0416367
-0.0422819
-0.0430649
-0.0437493
-0.0454823
-0.0330596
-0.0330382
-0.033084
-0.0333416
-0.0336076
-0.0340626
-0.0348215
-0.0365542
-0.0266084
-0.0264968
-0.0264386
-0.0265772
-0.0268417
-0.0273309
-0.0280682
-0.0294587
-0.021286
-0.0211888
-0.0211286
-0.0212235
-0.0214438
-0.0218321
-0.0224403
-0.0236062
-0.0168683
-0.0168096
-0.0167567
-0.0168114
-0.0169851
-0.0173185
-0.0178687
-0.0188723
-0.0131626
-0.0131517
-0.0131254
-0.0131725
-0.0133243
-0.0136167
-0.0140986
-0.0149421
-0.0100536
-0.0100886
-0.0100945
-0.0101453
-0.0102795
-0.0105311
-0.0109426
-0.0116414
-0.00743026
-0.00750265
-0.00753785
-0.00759727
-0.0077211
-0.00794137
-0.00829362
-0.00887182
-0.00522032
-0.00531695
-0.0053725
-0.00543631
-0.00554633
-0.00573201
-0.00602058
-0.00648165
-0.0033393
-0.00345066
-0.00352194
-0.003594
-0.00369934
-0.00386223
-0.00410172
-0.00446874
-0.00172358
-0.00183938
-0.00191858
-0.00199407
-0.00209316
-0.00223567
-0.00243307
-0.00272197
-0.00035755
-0.00046932
-0.000547209
-0.000618885
-0.000706438
-0.000825895
-0.000983649
-0.00120352
0.000786679
0.000665752
0.000576045
0.000499198
0.000418935
0.000321756
0.000201827
4.76753e-05
0.00152733
0.00138502
0.00126247
0.00115453
0.00105205
0.000944792
0.000827645
0.000697192
0.00203826
0.00191115
0.00180195
0.00171112
0.00163186
0.00155533
0.00147489
0.0013862
0.00230998
0.00219585
0.0020854
0.00198343
0.00189009
0.00180237
0.00171648
0.00163006
0.0162801
0.0185431
0.0199792
0.0202041
0.0187004
0.0153921
0.0101296
0.0023336
-0.00901324
-0.025347
-0.0486475
-0.0816892
-0.129008
-0.1938
-0.253135
-0.00984964
-0.010262
-0.0129931
-0.0173143
-0.0230925
-0.0306862
-0.0406844
-0.0539221
-0.0715318
-0.0950495
-0.126593
-0.168922
-0.226576
-0.303594
-0.368427
-0.0356468
-0.0389091
-0.0456904
-0.0541237
-0.0638325
-0.0754665
-0.0899077
-0.108131
-0.131348
-0.161186
-0.199946
-0.250498
-0.316099
-0.403869
-0.467137
-0.0622211
-0.0685678
-0.0785555
-0.0900223
-0.102902
-0.118084
-0.1365
-0.159113
-0.187169
-0.222323
-0.266905
-0.324425
-0.396449
-0.487109
-0.547581
-0.0890312
-0.0984395
-0.110769
-0.124447
-0.139894
-0.158092
-0.179858
-0.206042
-0.237954
-0.277296
-0.32604
-0.38818
-0.464279
-0.552623
-0.608327
-0.114665
-0.127106
-0.141288
-0.156769
-0.174409
-0.195114
-0.219559
-0.248417
-0.283098
-0.325217
-0.376945
-0.440958
-0.517328
-0.600258
-0.648965
-0.138613
-0.153539
-0.169135
-0.186377
-0.206079
-0.228843
-0.255268
-0.286125
-0.322555
-0.366081
-0.418665
-0.482009
-0.555343
-0.629598
-0.670571
-0.161346
-0.177163
-0.194358
-0.213492
-0.235038
-0.259451
-0.287287
-0.319292
-0.356423
-0.399984
-0.451536
-0.511964
-0.579014
-0.641352
-0.675468
0.181806
0.196067
0.212082
0.230181
0.250362
0.272509
0.296542
0.322425
0.350083
0.379264
0.409394
0.439341
0.467163
0.489041
0.507135
0.174514
0.187581
0.202612
0.219928
0.239328
0.260553
0.283483
0.308084
0.334274
0.361758
0.389899
0.41748
0.442439
0.460976
0.475769
0.163168
0.174334
0.187822
0.203822
0.221829
0.241375
0.262268
0.284457
0.307816
0.331973
0.356173
0.379059
0.398346
0.410369
0.418987
0.14774
0.1565
0.168033
0.182219
0.198181
0.215268
0.233239
0.252008
0.271372
0.290822
0.309414
0.325578
0.336695
0.339141
0.339298
0.128449
0.134553
0.143986
0.156073
0.169461
0.183351
0.197509
0.211854
0.226108
0.239603
0.251173
0.258985
0.26004
0.250526
0.239997
0.105513
0.108611
0.115808
0.125608
0.136097
0.146367
0.156198
0.165484
0.173832
0.180403
0.183812
0.181966
0.17149
0.148358
0.125001
0.0797488
0.0801714
0.0852324
0.0921993
0.0990213
0.104998
0.110017
0.113857
0.115885
0.115028
0.109669
0.0974462
0.0746408
0.0371899
0.00034029
0.0499342
0.0492808
0.0532967
0.0573326
0.0599996
0.0611909
0.0609717
0.0589655
0.0543044
0.04569
0.0312886
0.00846426
-0.0269051
-0.0786062
-0.128094
0.0221365
0.0267027
0.0230309
0.0271814
0.0246469
0.0291395
0.0275052
0.03203
0.03158
0.0361198
0.037158
0.0419835
0.0448615
0.0506919
0.0555297
0.0629628
0.0704053
0.0804087
0.091352
0.105169
0.120827
0.139996
0.161978
0.0221085
0.0265762
0.0229935
0.0270244
0.0246026
0.0289709
0.0273999
0.0318489
0.0314035
0.0358704
0.0369207
0.0416767
0.0444981
0.0501821
0.0548684
0.0621627
0.0692686
0.0790344
0.0893933
0.102809
0.117477
0.135857
0.156306
0.0220946
0.0264251
0.0229714
0.0268375
0.0245819
0.0287657
0.0273148
0.0316389
0.031264
0.0356009
0.0367106
0.0413179
0.044149
0.049636
0.0541845
0.0612782
0.0679714
0.0774459
0.0869636
0.0997509
0.112969
0.130035
0.147844
0.022087
0.0262521
0.0229606
0.0266279
0.0245804
0.0285738
0.0272535
0.0314022
0.0311488
0.0353134
0.0365355
0.0409896
0.0438467
0.0491252
0.053507
0.0604151
0.0666071
0.075779
0.0842069
0.0961634
0.10734
0.122413
0.136371
0.022087
0.0260609
0.0229594
0.0264028
0.0245933
0.0283397
0.027216
0.0311529
0.0310577
0.0350103
0.0363342
0.0405444
0.0434777
0.0484427
0.0527284
0.0592937
0.0649398
0.073482
0.0807365
0.0914865
0.100338
0.112818
0.121871
0.0220915
0.0258545
0.0229783
0.02617
0.0246156
0.0280978
0.0271907
0.0308948
0.0309931
0.034743
0.0362188
0.0403182
0.0432606
0.0480641
0.0521372
0.0584155
0.0634531
0.0714266
0.0772553
0.0865619
0.0922717
0.101499
0.104462
0.0220937
0.0256373
0.022995
0.0259341
0.0246422
0.0278434
0.0271817
0.0306382
0.030919
0.0344393
0.0358394
0.0397285
0.0427806
0.0471889
0.0511631
0.0568085
0.061377
0.0682046
0.0728772
0.0801364
0.0831433
0.0880413
0.0846739
0.0220926
0.0254147
0.0230103
0.0257115
0.0246745
0.02761
0.0271648
0.0304251
0.03091
0.0343279
0.0361248
0.0396992
0.0427281
0.0471186
0.0507684
0.0561029
0.0599472
0.0659563
0.0687025
0.0737464
0.0724102
0.072898
0.0615313
0.0220945
0.02512
0.0230282
0.0253841
0.0246859
0.027284
0.0271521
0.0300422
0.0307814
0.0337261
0.0354716
0.0386071
0.0415368
0.0452601
0.0487171
0.0527844
0.056064
0.059597
0.0611262
0.0619237
0.0577345
0.0499049
0.0319708
0.022101
0.0247162
0.0230519
0.0249642
0.0246813
0.0266504
0.0269942
0.0292957
0.0302243
0.0327598
0.0345686
0.0373014
0.0398887
0.0426486
0.0454967
0.0479603
0.049983
0.0509938
0.0506355
0.0474599
0.0416086
0.0307597
0.0165091
0.0221219
0.0242337
0.0230858
0.0244666
0.0246602
0.0260247
0.0267806
0.0285633
0.0298007
0.0317095
0.0335417
0.0355693
0.037895
0.0397155
0.0417533
0.0428897
0.04356
0.0426836
0.0404965
0.0354421
0.0283423
0.0176682
0.00443972
0.0221603
0.0236605
0.0231266
0.0239442
0.0245816
0.025453
0.0264455
0.0278109
0.0290824
0.0305649
0.0322917
0.0337479
0.0356097
0.0366279
0.0377376
0.0377854
0.0371148
0.0348041
0.0312009
0.0251854
0.0175024
0.00742482
-0.00460134
0.0222165
0.0230139
0.0231074
0.0234768
0.0244041
0.0248524
0.0259986
0.0270257
0.0282807
0.0293348
0.0308225
0.0317942
0.0330421
0.033382
0.0334972
0.0326074
0.0307989
0.0274886
0.0230185
0.016744
0.00924415
0.000161785
-0.0104952
0.0222712
0.0223715
0.0229788
0.0230265
0.0241335
0.0242711
0.02543
0.0261933
0.0273007
0.0279949
0.0291467
0.0296782
0.030255
0.0299845
0.0292141
0.0275383
0.0249417
0.0210647
0.0162632
0.010191
0.00326593
-0.00478182
-0.0141727
0.0222955
0.0217435
0.0227447
0.0225944
0.0237584
0.023653
0.0247198
0.0253064
0.0261685
0.0265437
0.0272939
0.0274206
0.0273696
0.0265254
0.0250663
0.0228258
0.0197484
0.0156773
0.0108886
0.00526807
-0.00091547
-0.00790034
-0.016015
0.0222621
0.0211502
0.022397
0.0221718
0.0232684
0.0230051
0.0238823
0.0243512
0.0248998
0.0249728
0.025314
0.0250713
0.024469
0.0231221
0.0211875
0.0186188
0.0153527
0.0113476
0.00680686
0.0017567
-0.00364452
-0.00959748
-0.0164246
0.022149
0.0206079
0.021924
0.0217682
0.0226705
0.02231
0.0229331
0.0233183
0.0235278
0.0232889
0.0232653
0.0226964
0.0216375
0.0199022
0.0176921
0.0150273
0.0117922
0.00801836
0.00386899
-0.000554453
-0.00516856
-0.0101698
-0.0158433
0.0219373
0.020125
0.0213224
0.0213376
0.0219851
0.021539
0.0218975
0.0222038
0.0220871
0.0215213
0.0211981
0.0203834
0.0189764
0.0169732
0.0146615
0.0120737
0.00903049
0.00558524
0.00188485
-0.00191202
-0.00576499
-0.00986859
-0.0144956
0.0216202
0.0196937
0.0206098
0.0208624
0.0212493
0.0206756
0.0207927
0.0210198
0.0206163
0.0197206
0.0191558
0.0181909
0.0165721
0.0144205
0.012123
0.00973359
0.00699655
0.00393045
0.000684351
-0.00251918
-0.00566067
-0.00894839
-0.0126638
0.0211859
0.0193082
0.0198129
0.0202947
0.0204959
0.0197236
0.0196279
0.0197849
0.0191674
0.0179693
0.0171895
0.0161643
0.0144802
0.0122833
0.0100731
0.00794821
0.00558347
0.00292028
0.000111788
-0.00256166
-0.00508257
-0.00767507
-0.0106334
0.020653
0.0189238
0.0190074
0.019607
0.0197275
0.0187361
0.0184219
0.0185058
0.0177609
0.0163289
0.0153539
0.0143396
0.0127163
0.0105752
0.00850058
0.00665621
0.0046775
0.002415
1.60288e-05
-0.00220253
-0.00421109
-0.00623907
-0.00858311
0.0200224
0.0185225
0.0182186
0.0188198
0.0189143
0.0177511
0.0172137
0.0172213
0.0164224
0.0148444
0.0137141
0.0127383
0.0112521
0.00925411
0.00735544
0.00577485
0.00414492
0.00225195
0.000229153
-0.00159975
-0.00319398
-0.00477756
-0.00663561
0.0193217
0.0180625
0.0174638
0.017995
0.0180539
0.0167759
0.0160494
0.0159735
0.0151628
0.0135298
0.0123111
0.011395
0.0100845
0.00829479
0.00660582
0.00525738
0.00391005
0.00233601
0.000656707
-0.000832168
-0.0020943
-0.00333955
-0.00482255
0.0185811
0.0175196
0.0167583
0.0171732
0.0171567
0.0158254
0.0149603
0.0148148
0.014021
0.0124008
0.0111346
0.010281
0.00915712
0.00761248
0.00614323
0.00498342
0.00384874
0.00254189
0.00117239
-1.47738e-05
-0.00100653
-0.00199749
-0.00320122
0.0177992
0.0169332
0.0160904
0.0163695
0.0162525
0.0149219
0.0139821
0.0137626
0.0129947
0.0114489
0.010221
0.00943152
0.0084962
0.00721795
0.00596398
0.00494154
0.00395443
0.00287145
0.00178426
0.000859034
7.50219e-05
-0.000737299
-0.00173381
0.017045
0.0162905
0.0154701
0.0156069
0.0153578
0.0140795
0.0131314
0.0128555
0.0121221
0.0106914
0.00950974
0.00877167
0.0079972
0.0069741
0.00591885
0.0050079
0.00413362
0.00323856
0.00238972
0.00167573
0.00104175
0.000351826
-0.00048589
0.0162734
0.0156685
0.0149334
0.0149115
0.0145379
0.0133511
0.0124107
0.0120833
0.0114202
0.0101397
0.0090381
0.00835541
0.00774147
0.00694913
0.00604903
0.00520806
0.00444027
0.00373085
0.00308777
0.00252047
0.00197223
0.00135926
0.000645556
0.0155793
0.0151119
0.0144195
0.0141987
0.0138213
0.0127938
0.0117911
0.0114015
0.0109324
0.00984005
0.00874676
0.0080614
0.00759518
0.00700994
0.00621195
0.00539393
0.00471168
0.00418069
0.00373742
0.00330378
0.00283572
0.00230376
0.00171671
0.0149884
0.014612
0.0139696
0.0136219
0.0132522
0.0123324
0.0112758
0.0108034
0.0104604
0.00959473
0.00853766
0.00775826
0.00731635
0.00690467
0.00627935
0.00554236
0.00487689
0.00437998
0.00403117
0.0037438
0.00344245
0.00307515
0.00264657
0.0145522
0.0142142
0.0136227
0.0132307
0.0128166
0.0119745
0.0109559
0.0103803
0.0100717
0.00945682
0.00851765
0.00764764
0.00712519
0.00679505
0.00637285
0.00576738
0.00510997
0.004576
0.00423202
0.00401469
0.00381455
0.00355059
0.00320979
0.0143058
0.0140142
0.0134378
0.0129456
0.0125253
0.0118352
0.0108451
0.0101047
0.00973441
0.00932094
0.00858493
0.00771004
0.00703524
0.00663853
0.00631443
0.00586695
0.00530713
0.00477193
0.00437685
0.00413224
0.00396813
0.00380436
0.00360078
0.0118885
-0.0112661
-0.0375636
-0.0613236
-0.0839179
-0.105546
-0.126116
-0.143886
0.000987757
-0.0206474
-0.0459374
-0.0672068
-0.0840645
-0.0988819
-0.112713
-0.124298
-0.00850687
-0.0258524
-0.0470623
-0.0638483
-0.0754646
-0.0856125
-0.0952729
-0.103944
-0.016027
-0.0301099
-0.0469991
-0.0603171
-0.0688814
-0.0759913
-0.082191
-0.0877375
-0.0209029
-0.0324473
-0.0448294
-0.0543731
-0.0603745
-0.0651199
-0.0690037
-0.072627
-0.0236157
-0.0329686
-0.0415308
-0.0479772
-0.05225
-0.0555534
-0.0581092
-0.0603578
-0.0243161
-0.031685
-0.0373421
-0.0414221
-0.0443527
-0.046628
-0.0482874
-0.049585
-0.0233881
-0.0290317
-0.0326944
-0.0351869
-0.0371479
-0.0387192
-0.0397979
-0.0404897
-0.0215157
-0.0256937
-0.0279382
-0.029376
-0.0306756
-0.0318146
-0.0325929
-0.0330052
-0.0190558
-0.0221213
-0.0233996
-0.0241214
-0.0249408
-0.0257738
-0.0263611
-0.0266234
-0.0163057
-0.018575
-0.0192514
-0.0195112
-0.0199787
-0.0205844
-0.0210642
-0.0212887
-0.0135312
-0.0152298
-0.0155552
-0.0155417
-0.0157648
-0.0161966
-0.0166025
-0.0168286
-0.0108819
-0.0121664
-0.0123004
-0.0121448
-0.0122083
-0.0125053
-0.0128467
-0.0130777
-0.00845825
-0.00943632
-0.00946959
-0.00925379
-0.00922178
-0.00941857
-0.00970234
-0.00993197
-0.00626876
-0.00701879
-0.00700544
-0.00677828
-0.0066963
-0.00682291
-0.00705863
-0.00728212
-0.00436205
-0.0049423
-0.00490543
-0.00468646
-0.00458003
-0.00465724
-0.00485087
-0.00506026
-0.00266699
-0.00311418
-0.00306729
-0.00287012
-0.00276179
-0.0028121
-0.00297706
-0.00317405
-0.00122939
-0.00155825
-0.00149109
-0.00130616
-0.00119968
-0.00123536
-0.00138009
-0.00156247
5.32873e-05
-0.000188024
-0.000116959
3.97305e-05
0.000127441
9.25132e-05
-3.86536e-05
-0.000206563
0.00124844
0.00104953
0.00108067
0.00118157
0.00123898
0.00120403
0.00108946
0.000935373
0.00226425
0.00203761
0.00195433
0.00195003
0.00195261
0.00191229
0.00181615
0.00167841
0.00289061
0.00267941
0.00255692
0.00249411
0.0024495
0.00238822
0.00229438
0.00217204
0.00337915
0.00317371
0.00297763
0.00282104
0.00270451
0.00261069
0.0025198
0.00241997
-0.320789
-0.32707
-0.33621
-0.348411
-0.364814
-0.386369
-0.412038
-0.43688
-0.32098
-0.325967
-0.333074
-0.342739
-0.356028
-0.373041
-0.393114
-0.413421
-0.318498
-0.322962
-0.32868
-0.336244
-0.346841
-0.360325
-0.374015
-0.383797
-0.313968
-0.318184
-0.322705
-0.328011
-0.334655
-0.341762
-0.346601
-0.345875
-0.307368
-0.311211
-0.314137
-0.316195
-0.317609
-0.317742
-0.314918
-0.306906
-0.298676
-0.301586
-0.302177
-0.30048
-0.297052
-0.291898
-0.283941
-0.271431
-0.28826
-0.289444
-0.287248
-0.282142
-0.275198
-0.266673
-0.255571
-0.240366
-0.276714
-0.275574
-0.270572
-0.26279
-0.253629
-0.243074
-0.230113
-0.213365
-0.264689
-0.260924
-0.253303
-0.243671
-0.23317
-0.22139
-0.207379
-0.189833
-0.252765
-0.24616
-0.236287
-0.225495
-0.214099
-0.20162
-0.187056
-0.169242
-0.24139
-0.231555
-0.22002
-0.208438
-0.196422
-0.183614
-0.168828
-0.151142
-0.229939
-0.217274
-0.204673
-0.192431
-0.18006
-0.167114
-0.152439
-0.135174
-0.218918
-0.203408
-0.190108
-0.177276
-0.164742
-0.151934
-0.13764
-0.121106
-0.206372
-0.189549
-0.175947
-0.162817
-0.150581
-0.137924
-0.124271
-0.108592
-0.193273
-0.176507
-0.162166
-0.149459
-0.137135
-0.124649
-0.111658
-0.0972055
-0.391339
-0.373089
-0.357871
-0.345198
-0.334649
-0.326181
-0.320301
-0.318295
-0.392926
-0.373857
-0.35794
-0.344915
-0.33443
-0.32632
-0.320865
-0.31897
-0.39336
-0.373064
-0.356263
-0.342677
-0.331883
-0.323637
-0.318168
-0.316384
-0.394009
-0.371796
-0.353557
-0.338905
-0.327292
-0.318446
-0.312782
-0.311299
-0.394904
-0.370103
-0.349904
-0.333708
-0.320787
-0.310941
-0.305043
-0.303967
-0.395698
-0.367685
-0.34514
-0.327131
-0.312652
-0.301529
-0.295088
-0.295084
-0.395906
-0.364206
-0.339078
-0.319209
-0.303246
-0.291102
-0.284826
-0.285094
-0.395076
-0.359384
-0.331631
-0.310003
-0.292873
-0.280166
-0.274362
-0.274704
-0.39259
-0.353058
-0.322955
-0.299921
-0.281977
-0.269328
-0.264322
-0.264473
-0.387973
-0.34529
-0.31346
-0.289679
-0.271774
-0.259872
-0.255303
-0.254737
-0.381037
-0.33647
-0.303695
-0.279377
-0.261369
-0.251198
-0.248052
-0.246437
-0.372035
-0.327439
-0.295428
-0.272564
-0.256546
-0.247278
-0.243046
-0.238728
-0.361928
-0.319168
-0.287847
-0.265302
-0.250477
-0.244118
-0.240158
-0.232424
-0.352086
-0.314055
-0.286245
-0.266072
-0.252584
-0.246064
-0.239937
-0.226653
-0.34302
-0.309299
-0.285697
-0.267778
-0.256147
-0.250071
-0.240625
-0.220608
-0.342544
-0.322772
-0.301337
-0.282374
-0.267702
-0.256872
-0.240172
-0.215099
-0.36742
-0.366166
-0.349713
-0.32596
-0.301917
-0.278339
-0.250992
-0.216227
-0.422722
-0.433933
-0.421226
-0.39339
-0.355508
-0.312833
-0.268441
-0.224082
-0.493323
-0.500237
-0.482895
-0.446526
-0.397483
-0.337197
-0.282072
-0.228951
-0.493352
-0.490321
-0.461814
-0.419273
-0.368435
-0.311267
-0.26395
-0.217104
-0.401437
-0.391638
-0.362547
-0.32364
-0.284948
-0.247507
-0.221093
-0.193497
-0.301332
-0.287073
-0.262011
-0.232684
-0.205628
-0.182455
-0.168195
-0.157919
-0.25104
-0.226056
-0.19881
-0.171823
-0.148624
-0.12968
-0.119295
-0.114712
-0.260249
-0.224865
-0.186755
-0.153042
-0.127678
-0.10611
-0.0883937
-0.0802902
-0.342904
-0.294978
-0.244893
-0.194449
-0.143826
-0.103318
-0.0739708
-0.0582137
-0.429927
-0.371543
-0.30736
-0.242072
-0.179054
-0.123217
-0.0786324
-0.0436487
-0.418141
-0.371573
-0.324507
-0.278168
-0.223904
-0.156703
-0.0889779
-0.0394579
-0.316245
-0.291552
-0.265936
-0.238886
-0.2059
-0.167663
-0.123021
-0.0811791
-0.214548
-0.206858
-0.199153
-0.190979
-0.178209
-0.163352
-0.143754
-0.119561
-0.136072
-0.138095
-0.143544
-0.149588
-0.154277
-0.158308
-0.157053
-0.152409
-0.0842845
-0.0938973
-0.107723
-0.122356
-0.140033
-0.158381
-0.175517
-0.189445
-0.051755
-0.0662364
-0.0843749
-0.10463
-0.128386
-0.152981
-0.180109
-0.2064
-0.0319052
-0.0469867
-0.064654
-0.0842483
-0.106195
-0.12898
-0.154313
-0.178307
-0.0239817
-0.0353476
-0.0474423
-0.0605722
-0.0742194
-0.0887772
-0.10896
-0.129671
-0.014205
-0.0215709
-0.0295758
-0.038273
-0.0472052
-0.0577401
-0.0677238
-0.0822048
-0.00598496
-0.00973171
-0.013967
-0.018817
-0.0241502
-0.0304697
-0.036402
-0.0455511
-0.00147087
-0.00335158
-0.00564592
-0.00835405
-0.0114126
-0.0150061
-0.018409
-0.0235802
0.0020445
0.000765684
-0.000853051
-0.00276688
-0.00491873
-0.00731139
-0.00971226
-0.012904
0.00347509
0.00287478
0.00193056
0.000741475
-0.000649151
-0.00220804
-0.00383548
-0.00590696
0.00372156
0.00311614
0.00239027
0.00155152
0.000606529
-0.00042487
-0.00153211
-0.00279183
0.00376
0.00321515
0.00262312
0.00197483
0.00127339
0.000529258
-0.00025106
-0.0011201
0.0031085
0.00270653
0.00227864
0.00181823
0.0013274
0.000811095
0.000276066
-0.000309962
0.00178465
0.00158316
0.00136285
0.00111951
0.000854916
0.00056663
0.000261912
-9.68913e-05
0.00118688
0.000975702
0.000794238
0.00061702
0.000434503
0.000244656
4.90482e-05
-0.000178658
0.00101637
0.000822282
0.00061588
0.000408973
0.000206187
1.15489e-05
-0.000170057
-0.000334441
-6.29548e-05
-4.88904e-05
-3.55779e-05
-3.37472e-05
-4.86057e-05
-8.20203e-05
-0.00013531
-0.000230302
2.8787e-05
-6.07424e-05
-0.000146403
-0.00022764
-0.000304362
-0.000377295
-0.000445266
-0.000512628
0.000379513
0.000265396
0.000148555
3.50604e-05
-7.05789e-05
-0.000164725
-0.000244913
-0.000304964
-0.000157569
-0.000131342
-0.000102121
-7.73738e-05
-6.19506e-05
-5.81605e-05
-6.99795e-05
-0.000108014
-5.96183e-05
-0.000112752
-0.000162541
-0.000208192
-0.000249699
-0.00028616
-0.000315482
-0.000340302
0.000186652
0.000145859
0.000103571
6.24491e-05
2.44634e-05
-9.31711e-06
-3.74445e-05
-5.70361e-05
0.000106779
0.000110328
0.00011359
0.000115548
0.000115646
0.000113408
0.000107482
9.66612e-05
9.58302e-06
9.8649e-06
1.02734e-05
1.02281e-05
9.31776e-06
7.50142e-06
4.42887e-06
-1.32439e-06
-0.199109
-0.155087
-0.124242
-0.0963173
-0.0711846
-0.0511585
-0.0353366
-0.0229378
-0.0131931
-0.00620567
-0.00123341
0.00243014
0.00480904
0.00631122
0.00729127
0.00782681
0.00820247
0.00840479
0.00862732
0.00893255
0.00899797
0.00906976
0.00911719
-0.211493
-0.16395
-0.136721
-0.105241
-0.0787574
-0.0572938
-0.0398514
-0.0261178
-0.0156108
-0.00800854
-0.00239565
0.00151987
0.00407497
0.00571074
0.00674393
0.0073119
0.00770711
0.00793286
0.00816817
0.00854816
0.0086656
0.0087804
0.00884793
-0.201709
-0.160756
-0.131514
-0.102222
-0.0770468
-0.0562559
-0.0390401
-0.0255772
-0.0153907
-0.00784461
-0.00234062
0.0013659
0.00381891
0.00536107
0.00631703
0.00684141
0.00722263
0.00745286
0.00769645
0.00814005
0.00830976
0.00847095
0.00856276
-0.19633
-0.150657
-0.11953
-0.0908019
-0.0677473
-0.048746
-0.0331502
-0.0214046
-0.0124053
-0.00576641
-0.00109314
0.00200174
0.00403084
0.00525691
0.00601266
0.00642258
0.00675291
0.00697108
0.00722571
0.00770675
0.00793762
0.00814509
0.00826326
-0.181359
-0.132696
-0.104532
-0.0757307
-0.054934
-0.0380255
-0.0244617
-0.0147123
-0.00739854
-0.0023206
0.00109391
0.00327099
0.0046178
0.00537516
0.00583498
0.00607811
0.00632392
0.00651312
0.00678488
0.00728246
0.00755983
0.00781249
0.00795132
-0.159817
-0.111869
-0.0856609
-0.0572829
-0.0401107
-0.0254431
-0.0144156
-0.00684296
-0.00142012
0.0018603
0.00384596
0.00491089
0.00543154
0.00563897
0.00574522
0.00578307
0.00592533
0.00606962
0.00635023
0.00686148
0.00718886
0.00747792
0.00763058
-0.128656
-0.0865984
-0.0660001
-0.037118
-0.0237502
-0.0103273
-0.00268688
0.00229502
0.00526012
0.00651293
0.0068939
0.00671581
0.00634149
0.0059566
0.00567647
0.00548771
0.00552548
0.00562746
0.00590055
0.00645718
0.00681446
0.00713695
0.00730191
-0.0862254
-0.0517915
-0.0383038
-0.0135948
-0.00545319
0.00609524
0.0100148
0.0123699
0.0126537
0.0116043
0.0101506
0.00858481
0.00724562
0.00623507
0.0055524
0.00514003
0.00506798
0.00514322
0.00541605
0.00603515
0.00643018
0.00678382
0.00696571
-0.05675
-0.0286507
-0.00872441
0.0123735
0.0177023
0.0251536
0.0246533
0.0235592
0.0206215
0.017017
0.0134876
0.0104246
0.00804164
0.0063807
0.00530198
0.00467423
0.00450937
0.00458606
0.0048812
0.00557643
0.0060191
0.00641269
0.0066217
-0.0329463
-0.00340902
0.01885
0.0359702
0.0419284
0.0460405
0.0417828
0.0365898
0.0293802
0.0226075
0.0167281
0.0120638
0.00862795
0.00630283
0.00486576
0.00406605
0.0038435
0.00394951
0.00428713
0.00506632
0.00558442
0.00603245
0.00627053
-0.00270888
0.019301
0.0483609
0.0590168
0.0657065
0.06356
0.0562547
0.0475499
0.0372309
0.0275039
0.019366
0.0131573
0.0087591
0.00587674
0.00414898
0.00324485
0.00301329
0.00318749
0.0036083
0.00449548
0.00513073
0.00564638
0.00591533
0.00275782
0.00892831
0.0529602
0.0749018
0.0870329
0.0786723
0.0677608
0.055477
0.0422694
0.0302422
0.0204574
0.0131839
0.00817872
0.00499484
0.00312404
0.00223334
0.0020569
0.00232523
0.00285107
0.00388178
0.00467578
0.00526321
0.0055616
-0.0217772
-0.0275735
0.0290872
0.0806515
0.105968
0.0959581
0.0786811
0.0611495
0.0441954
0.030058
0.0192817
0.0116525
0.00659459
0.00345882
0.00175999
0.00099988
0.000968133
0.00136201
0.00203643
0.00322481
0.004217
0.00487943
0.0052116
-0.0743291
-0.0648969
-0.0280884
0.0373772
0.0775309
0.0772646
0.0666921
0.0549917
0.0391574
0.0253444
0.0151607
0.00823406
0.00385748
0.00128588
3.38501e-05
-0.000411714
-0.000169456
0.000395526
0.00122591
0.00257796
0.00376451
0.00450906
0.0048687
-0.131733
-0.124628
-0.119143
-0.100578
-0.0778427
-0.0469416
-0.00837864
0.0139037
0.0152452
0.0109427
0.00611935
0.0023012
-0.00015121
-0.00153631
-0.00200629
-0.00196048
-0.0013657
-0.000589229
0.000377116
0.00196976
0.00334543
0.00415166
0.00453659
-0.199122
-0.219804
-0.24559
-0.264709
-0.253591
-0.187617
-0.103689
-0.0477365
-0.0225537
-0.0114954
-0.00727074
-0.00583829
-0.00523732
-0.00486874
-0.00425772
-0.00358592
-0.0025654
-0.00150651
-0.00036287
0.0014553
0.00297394
0.00382791
0.00422144
-0.238266
-0.277941
-0.317756
-0.342247
-0.322892
-0.24357
-0.152255
-0.0878837
-0.0514531
-0.0309348
-0.0198342
-0.0138052
-0.0103132
-0.00813835
-0.00642475
-0.0050765
-0.00364256
-0.00228756
-0.000945816
0.00105402
0.00265785
0.00353182
0.00392073
-0.216215
-0.249358
-0.278277
-0.283591
-0.260106
-0.19966
-0.138765
-0.0907878
-0.0600114
-0.0398748
-0.0271811
-0.0193088
-0.0142304
-0.0108434
-0.00833184
-0.00642152
-0.00464337
-0.00299651
-0.00143474
0.000768119
0.00240247
0.0032641
0.00362834
-0.155903
-0.17012
-0.183224
-0.182346
-0.166562
-0.134395
-0.10341
-0.0754693
-0.0551294
-0.0397961
-0.0290274
-0.0216021
-0.01628
-0.0124776
-0.00962245
-0.00737625
-0.00541106
-0.00352181
-0.00180034
0.000574178
0.00215316
0.00300037
0.00333764
-0.0940632
-0.10138
-0.106232
-0.104987
-0.0980558
-0.0839328
-0.0713792
-0.0570407
-0.0456703
-0.0354372
-0.0276547
-0.0216286
-0.0168722
-0.0132723
-0.0104378
-0.00811764
-0.00609648
-0.00406403
-0.00220521
0.000361312
0.00188173
0.00270259
0.00301524
-0.0513916
-0.0558709
-0.0591105
-0.0599768
-0.0587017
-0.0533927
-0.0489282
-0.0418414
-0.036174
-0.0297909
-0.0247629
-0.0202833
-0.0164455
-0.0133821
-0.0108123
-0.00862677
-0.00669191
-0.00461064
-0.00277454
7.63099e-05
0.00158013
0.00238321
0.00267106
-0.026895
-0.030182
-0.0329673
-0.0349607
-0.036132
-0.0349586
-0.0341078
-0.0308478
-0.0283595
-0.0246943
-0.0215951
-0.018411
-0.015526
-0.0130785
-0.0108528
-0.00895048
-0.00716428
-0.00517784
-0.00344746
-0.000375359
0.0011688
0.00196518
0.00227483
-0.0153173
-0.0179599
-0.0203279
-0.0223994
-0.0239368
-0.0243694
-0.0247485
-0.0235768
-0.0227064
-0.0205846
-0.0187824
-0.0166268
-0.0145682
-0.0126729
-0.0108026
-0.00922014
-0.0076028
-0.00580914
-0.00428164
-0.000973748
0.000686211
0.00152174
0.00184557
-0.00774352
-0.00996791
-0.0120771
-0.0141587
-0.0158189
-0.016975
-0.0179422
-0.0179034
-0.0179019
-0.016939
-0.0160045
-0.0146342
-0.0132539
-0.0118657
-0.010383
-0.00913696
-0.00773335
-0.0062585
-0.00492485
-0.00158354
0.000178641
0.00104605
0.00141294
-0.004145
-0.00581614
-0.00747683
-0.00921236
-0.0106971
-0.0119779
-0.0130922
-0.0136074
-0.0140577
-0.0138065
-0.0134462
-0.0127304
-0.0118246
-0.0108715
-0.0097343
-0.00876083
-0.00754957
-0.0064092
-0.00511657
-0.00203819
-0.000276985
0.000622147
0.000992302
-0.00218431
-0.00345319
-0.00475304
-0.00611854
-0.00735157
-0.00852382
-0.009561
-0.0102669
-0.0108902
-0.0110359
-0.0110573
-0.0107604
-0.0102311
-0.00961882
-0.00879568
-0.00801718
-0.0070831
-0.00596995
-0.00502239
-0.00202233
-0.000624423
0.000296634
0.000635076
-0.00101034
-0.00190435
-0.00284295
-0.0038613
-0.00482085
-0.00580367
-0.00669654
-0.00741655
-0.0080794
-0.00842504
-0.00867548
-0.00866966
-0.00844233
-0.00810375
-0.00756372
-0.00691298
-0.0062064
-0.00509317
-0.00430173
-0.00180214
-0.000799886
0.000112976
0.000370118
-0.000587326
-0.00120757
-0.00186208
-0.00259958
-0.00331065
-0.00407967
-0.00480602
-0.00543819
-0.00605372
-0.00645445
-0.00679198
-0.00693007
-0.0068824
-0.00670242
-0.00635721
-0.00579585
-0.00528777
-0.0041975
-0.00361586
-0.00154068
-0.00088483
3.39064e-05
0.000193732
-0.00053539
-0.000949066
-0.00141626
-0.00192309
-0.0024338
-0.00298791
-0.00351925
-0.00401243
-0.0044897
-0.00484375
-0.00515187
-0.00531782
-0.0053632
-0.00524821
-0.00508708
-0.00455747
-0.00428622
-0.00317584
-0.00285596
-0.00108965
-0.000837512
9.55603e-06
8.07114e-05
-0.000505628
-0.000791558
-0.00109359
-0.00143454
-0.0017732
-0.00215953
-0.00252846
-0.00289059
-0.00326112
-0.00354197
-0.00382148
-0.00397269
-0.00407429
-0.00398296
-0.00393125
-0.00343876
-0.00329213
-0.00227317
-0.00211653
-0.000662684
-0.000755254
8.96757e-05
1.77008e-05
-0.000411527
-0.000613217
-0.000827313
-0.00107681
-0.00132825
-0.00161685
-0.00189279
-0.00216735
-0.00245255
-0.00267877
-0.00290568
-0.00303289
-0.00314956
-0.00306668
-0.00310007
-0.00264806
-0.00266227
-0.00171314
-0.00174539
-0.000484988
-0.000681879
0.000158656
2.72533e-05
-0.000610467
-0.000705896
-0.000835402
-0.000978376
-0.001133
-0.00131597
-0.00149265
-0.00168477
-0.00187244
-0.00203978
-0.00219422
-0.00228561
-0.00239266
-0.00227971
-0.00238489
-0.00189348
-0.00203988
-0.00105681
-0.00128869
-0.000110833
-0.000565465
0.000230296
3.5725e-05
-0.00035584
-0.000467389
-0.000574794
-0.000689764
-0.000802706
-0.000934855
-0.00104782
-0.00118039
-0.00130707
-0.0014027
-0.00153551
-0.0015518
-0.00168014
-0.00152718
-0.00168003
-0.00124325
-0.00146068
-0.000670527
-0.000966431
7.34103e-05
-0.000473063
0.000338673
6.72072e-05
-0.000183359
-0.000261609
-0.000341355
-0.00043383
-0.000526752
-0.000635127
-0.000732693
-0.000838777
-0.000947407
-0.00103464
-0.00112561
-0.00117145
-0.00126407
-0.00116113
-0.00132977
-0.000929632
-0.00123642
-0.000448849
-0.000868193
0.000140861
-0.000379637
0.000363166
0.000105054
-0.000374403
-0.000402985
-0.000445437
-0.000490471
-0.000537077
-0.000594804
-0.000651233
-0.000712485
-0.000771018
-0.000834333
-0.000883378
-0.00089834
-0.000980714
-0.000828903
-0.00101422
-0.000563137
-0.00089093
-8.43803e-05
-0.000564972
0.000398891
-0.000258933
0.000430704
0.000122778
-7.33892e-05
-0.000106763
-0.00014079
-0.000175596
-0.000211172
-0.000248512
-0.000283114
-0.00032298
-0.000353976
-0.000381972
-0.000420006
-0.000396806
-0.000493429
-0.00032422
-0.000551578
-0.00015759
-0.000547056
9.22139e-05
-0.000401744
0.000398246
-0.000189955
0.000434652
0.000138821
7.9899e-05
5.7085e-05
3.61956e-05
1.1466e-05
-1.43299e-05
-4.25579e-05
-6.88301e-05
-9.91244e-05
-0.00013044
-0.000156067
-0.000189708
-0.000184687
-0.00027479
-0.000157136
-0.000375766
-6.44629e-05
-0.000431148
0.000101919
-0.000322894
0.000291061
-0.000122751
0.000307786
0.000105187
-1.11534e-05
-2.01707e-05
-2.92725e-05
-3.87726e-05
-4.78716e-05
-5.87742e-05
-6.87189e-05
-7.86983e-05
-9.01278e-05
-0.000102778
-0.000121359
-9.94805e-05
-0.000172482
-6.47111e-05
-0.000218766
4.78402e-07
-0.000219703
9.29271e-05
-0.000153158
0.000163298
-5.94653e-05
0.000143502
3.73887e-05
-0.0834507
-0.0686528
-0.0540376
-0.0421401
-0.0317398
-0.0231073
-0.0156947
-0.00940473
-0.0041503
-1.80232e-05
0.003267
0.00582236
0.00761601
0.00884035
0.00963462
0.0100473
0.0103181
0.0103802
0.0104992
0.0106414
0.0105773
0.0105359
0.0104964
-0.0951461
-0.0774281
-0.0600884
-0.0463607
-0.0347456
-0.0251455
-0.0169008
-0.010039
-0.00445631
-0.000212257
0.00316461
0.0057206
0.00746406
0.00866561
0.00943416
0.00984138
0.01011
0.010186
0.0103147
0.0104517
0.0104006
0.0103628
0.010328
-0.1069
-0.0863375
-0.0660859
-0.0505449
-0.0377892
-0.0271845
-0.018073
-0.0106393
-0.00477651
-0.000413934
0.00311363
0.00564608
0.00733907
0.00851447
0.00924861
0.00963812
0.00990153
0.00998096
0.0101165
0.0102546
0.0102219
0.0101902
0.0101659
-0.118484
-0.095215
-0.0722581
-0.0549823
-0.041193
-0.0294534
-0.019418
-0.011413
-0.00534742
-0.000753826
0.00299817
0.00548791
0.00718566
0.00835139
0.00905731
0.00943071
0.00968869
0.00976931
0.00991205
0.0100539
0.010037
0.0100138
0.010004
-0.131339
-0.105248
-0.0793748
-0.0604237
-0.0453942
-0.0320735
-0.0210512
-0.0125401
-0.0062861
-0.00121167
0.00272824
0.00518225
0.00697287
0.00814026
0.00883743
0.00920682
0.00946506
0.00955114
0.00970098
0.00985104
0.00984579
0.00983308
0.009839
-0.14319
-0.114035
-0.0857566
-0.0660082
-0.0496204
-0.034665
-0.022869
-0.0140554
-0.00736588
-0.00170711
0.00223765
0.00475998
0.00668569
0.00785455
0.00857101
0.00895325
0.00922304
0.00932481
0.00948764
0.00965153
0.00965139
0.00965173
0.00967089
-0.158104
-0.124171
-0.0938373
-0.0732245
-0.0543519
-0.0377682
-0.0253773
-0.016085
-0.00851906
-0.00245339
0.00146121
0.00423796
0.00627721
0.00746992
0.00823867
0.0086512
0.00894626
0.00907343
0.00925428
0.00944739
0.00945558
0.00947243
0.00950136
-0.174356
-0.135553
-0.104877
-0.0822106
-0.0605303
-0.0426691
-0.0292315
-0.0187806
-0.0102385
-0.00389533
0.000316314
0.00349377
0.00565786
0.00695981
0.00782222
0.00828886
0.0086235
0.00878782
0.00899187
0.00922936
0.00925594
0.00929552
0.0093319
0.0690363
0.0476925
0.026088
0.00383867
-0.0186226
-0.0405359
-0.0614189
-0.0806359
0.072455
0.0489283
0.0251013
0.000354066
-0.0247003
-0.0488197
-0.0709309
-0.0907996
0.0756518
0.0486209
0.0213894
-0.00611773
-0.033103
-0.0584906
-0.0815183
-0.102253
0.0780114
0.0469886
0.0161797
-0.0139311
-0.0426588
-0.0693408
-0.093562
-0.115386
0.0787894
0.0439113
0.009695
-0.0230588
-0.0537823
-0.0820728
-0.107688
-0.130596
0.0778238
0.0390814
0.00140316
-0.0342613
-0.067327
-0.0974415
-0.1244
-0.14822
0.0749899
0.0320244
-0.00943966
-0.0483557
-0.0840087
-0.116006
-0.144189
-0.168661
0.0697835
0.0220017
-0.0237049
-0.0661963
-0.104607
-0.138465
-0.167712
-0.192494
0.0612678
0.00796873
-0.0424882
-0.0888451
-0.130148
-0.165834
-0.195868
-0.220465
0.0481
-0.011495
-0.0672695
-0.117758
-0.16189
-0.199416
-0.229787
-0.253463
0.0284438
-0.038329
-0.100106
-0.155226
-0.202364
-0.241092
-0.270878
-0.292429
-0.000230443
-0.0750545
-0.14353
-0.203595
-0.25372
-0.292577
-0.32018
-0.337528
-0.0419969
-0.125461
-0.200517
-0.265258
-0.316537
-0.35353
-0.376267
-0.385783
-0.0999541
-0.193503
-0.274947
-0.339656
-0.387186
-0.417349
-0.430369
-0.42795
-0.150274
-0.246519
-0.326354
-0.387905
-0.430327
-0.454245
-0.46158
-0.454916
0.184921
0.183853
0.178704
0.169558
0.156371
0.139516
0.119251
0.0954174
0.199454
0.197668
0.19103
0.1798
0.164203
0.144531
0.12206
0.0971056
0.21559
0.213097
0.205151
0.192163
0.174671
0.152925
0.128609
0.102685
0.233749
0.230614
0.221517
0.20687
0.187542
0.163777
0.136925
0.108434
0.253991
0.250208
0.239903
0.223381
0.201745
0.175413
0.145235
0.113022
0.276219
0.271668
0.259893
0.241112
0.216506
0.186881
0.152802
0.116213
0.300339
0.294835
0.281226
0.259749
0.231545
0.197891
0.159401
0.118002
0.326303
0.319649
0.303798
0.279139
0.246749
0.208326
0.164795
0.118049
0.354031
0.346029
0.327492
0.299068
0.26185
0.21784
0.168425
0.115564
0.383273
0.3737
0.351971
0.319062
0.276209
0.225652
0.169301
0.109341
0.41346
0.402033
0.376516
0.338227
0.288706
0.23044
0.165905
0.0976633
0.443468
0.42983
0.399806
0.355057
0.297587
0.230212
0.156017
0.0780909
0.471367
0.455056
0.419609
0.367024
0.299975
0.221749
0.136122
0.0468073
0.493372
0.473999
0.432379
0.370691
0.292301
0.201335
0.10251
0.000357591
0.511612
0.489253
0.441813
0.372106
0.283858
0.181193
0.0703333
-0.0425392
0.0221725
0.0222169
0.0222704
0.0223321
0.0224012
0.0224748
0.0225465
0.0227162
0.0268033
0.026878
0.0269264
0.0269503
0.0269522
0.0269357
0.0269025
0.0268603
0.0230835
0.0231508
0.0232341
0.0233316
0.0234414
0.0235601
0.0236844
0.0238044
0.0273076
0.0273987
0.0274556
0.0274803
0.0274756
0.0274458
0.0274007
0.027337
0.0247132
0.0247997
0.0249102
0.0250406
0.0251882
0.0253456
0.0255112
0.0256909
0.029268
0.0293591
0.0294183
0.0294502
0.0294606
0.029462
0.0294465
0.0294678
0.027621
0.0277514
0.0279515
0.0281592
0.0283706
0.0285978
0.0287935
0.0290543
0.0321648
0.0322582
0.0323298
0.0323875
0.0324239
0.0324859
0.032486
0.0326327
0.0317711
0.0319804
0.0322187
0.0324748
0.0327393
0.0330158
0.0332615
0.0335701
0.0363211
0.0364776
0.0366133
0.0367332
0.0368324
0.0369551
0.0370382
0.0372576
0.0374013
0.0376558
0.0379617
0.0383096
0.0386514
0.0389992
0.0392959
0.0397178
0.0422184
0.0423458
0.0423476
0.043125
0.0431131
0.0433574
0.0433904
0.043661
0.0452215
0.0456142
0.0459078
0.0462375
0.0466093
0.0470593
0.0473389
0.0479307
0.0511215
0.051449
0.0517254
0.0520367
0.0521751
0.0527541
0.0527289
0.053577
0.0560736
0.056486
0.0568542
0.0573442
0.0574213
0.0583248
0.0580397
0.0590293
0.0635991
0.0640491
0.0643726
0.0649167
0.0648862
0.0657649
0.0651453
0.0663709
0.0712572
0.0718129
0.072085
0.0726761
0.0722164
0.0730952
0.0720403
0.0730661
0.0813916
0.0819994
0.0822298
0.0830106
0.0823303
0.08272
0.0810008
0.0820795
0.0925983
0.0932802
0.0929861
0.0936705
0.0923221
0.0918117
0.089292
0.0884762
0.106665
0.10754
0.107012
0.107148
0.104983
0.103701
0.0995224
0.0975398
0.122652
0.123267
0.122483
0.120821
0.117267
0.113446
0.107354
0.101323
0.141897
0.142928
0.141195
0.13819
0.132816
0.126235
0.116775
0.106317
0.164525
0.164412
0.161255
0.155343
0.14616
0.134322
0.119371
0.101133
0.0228067
0.0229299
0.0230834
0.0232681
0.023487
0.0237384
0.024016
0.0242773
0.0244812
0.0246045
0.0246248
0.0245391
0.0243358
0.0240542
0.0237264
0.0233527
0.0230272
0.0226394
0.0223187
0.0220038
0.0217651
0.0215226
0.0214058
0.0267968
0.0266851
0.0265051
0.0262541
0.0259161
0.0255018
0.0250611
0.0246728
0.0243485
0.0241091
0.0239542
0.0238852
0.0238377
0.0237466
0.0235845
0.023351
0.0230669
0.0227429
0.0223973
0.0220163
0.0216878
0.021437
0.0212746
0.0239823
0.0242074
0.0244748
0.0247882
0.0251398
0.0254771
0.0257138
0.0258212
0.0258219
0.0257112
0.025499
0.0252206
0.0249235
0.0246266
0.0243185
0.0239703
0.0235691
0.0231321
0.0226414
0.0221578
0.021721
0.0213993
0.0212036
0.0272339
0.0270495
0.0268181
0.0265351
0.0262059
0.0259344
0.0257472
0.0256108
0.0254912
0.0253719
0.0252252
0.0250173
0.0247226
0.0243626
0.023944
0.0234761
0.0230017
0.0225193
0.022018
0.0216556
0.0212883
0.0209866
0.020858
0.0258694
0.0260692
0.0263021
0.0265475
0.0267902
0.026899
0.0269482
0.0268488
0.0266506
0.0263497
0.0259606
0.0254967
0.0249694
0.0243916
0.0237653
0.0230438
0.0224459
0.0219363
0.0214555
0.021043
0.0206855
0.0204108
0.0202808
0.0293401
0.0291703
0.0289267
0.028608
0.0283015
0.0280517
0.0278126
0.0275698
0.0273171
0.0270323
0.0266872
0.0262627
0.025752
0.0251805
0.0245976
0.0233253
0.0227536
0.0221279
0.0215072
0.0209177
0.0204158
0.0200784
0.0198269
0.0291746
0.0293451
0.0295193
0.029697
0.0297696
0.0297098
0.029519
0.0291894
0.0287325
0.028176
0.0275507
0.0268806
0.026182
0.0254498
0.0246551
0.0237267
0.0229103
0.0221383
0.0214411
0.020859
0.0203356
0.0199328
0.0196455
0.0324625
0.0322071
0.0318084
0.031393
0.031011
0.0306215
0.0302066
0.0297335
0.0291714
0.0284973
0.0277008
0.026799
0.0258433
0.0248706
0.0238942
0.0229264
0.0220425
0.0212392
0.020566
0.020078
0.0196776
0.0193641
0.0192347
0.0337509
0.0337621
0.0337225
0.0335795
0.0332534
0.0327643
0.0321162
0.0313292
0.0304256
0.0294266
0.0283456
0.0271905
0.0259826
0.024755
0.0235554
0.0224073
0.0213935
0.0204997
0.0197602
0.0191516
0.0186906
0.0184
0.0183625
0.0372356
0.0367824
0.0362917
0.0357974
0.0352017
0.0344975
0.0336589
0.0326696
0.0315369
0.0302884
0.0289644
0.027602
0.0262307
0.0248667
0.0235624
0.0223334
0.0212497
0.0203101
0.0195264
0.0188144
0.0181942
0.0177189
0.0175136
0.0399652
0.0395131
0.0390851
0.0383942
0.0374752
0.0363887
0.0351375
0.0337469
0.0322382
0.0306401
0.0289991
0.0273771
0.0258314
0.0243814
0.0230587
0.0218651
0.0208179
0.0198921
0.0191502
0.0185656
0.0179698
0.0174189
0.0170506
0.0444089
0.0431288
0.0423515
0.0411814
0.0398948
0.0383749
0.0366431
0.0347627
0.0327949
0.0307942
0.0288199
0.0269208
0.0251558
0.0235651
0.022172
0.0209816
0.0199575
0.0190569
0.0183486
0.0179163
0.0175035
0.0171195
0.0168072
0.048009
0.0469128
0.0458492
0.0442217
0.0423993
0.0403527
0.0381224
0.0357613
0.0333415
0.0309567
0.0286833
0.0265714
0.0246516
0.0229533
0.0214712
0.0202365
0.0191651
0.0182502
0.0175081
0.0170661
0.016723
0.0165146
0.0163943
0.0531258
0.0509198
0.049311
0.0470623
0.0446418
0.0419296
0.039119
0.0362832
0.0334961
0.0308412
0.0283802
0.0261655
0.0242
0.0224817
0.0209588
0.0197445
0.0186033
0.0176753
0.0168716
0.0163899
0.0159235
0.0157215
0.0157084
0.0583536
0.0559084
0.0535027
0.0504626
0.0471697
0.043656
0.0400887
0.0365904
0.0332936
0.0302909
0.02762
0.0253061
0.0233242
0.0216439
0.0201979
0.019009
0.017933
0.0170734
0.0163506
0.0159413
0.0153766
0.0150504
0.0149752
0.0645315
0.0606221
0.0570215
0.0528038
0.0485691
0.0442689
0.040056
0.0360573
0.0323845
0.0291196
0.0262999
0.0239217
0.02195
0.0203525
0.019011
0.0179398
0.0170138
0.016309
0.0157507
0.0155311
0.0150206
0.0146441
0.014433
0.0704055
0.0658006
0.0609138
0.055421
0.0498899
0.0445038
0.0394949
0.0349885
0.031032
0.0276351
0.0247852
0.0224424
0.0205329
0.0190479
0.0178263
0.0168921
0.0161249
0.0155719
0.0151433
0.0150369
0.0146757
0.0143946
0.0141124
0.0770181
0.0701703
0.0632983
0.0564138
0.0498113
0.0436503
0.0381142
0.0332871
0.0292092
0.0258592
0.0231551
0.021006
0.0192833
0.0180122
0.0169362
0.0161327
0.0154784
0.0150037
0.0146089
0.0144769
0.0142386
0.0141176
0.0138771
0.0825187
0.0738784
0.0649576
0.0563592
0.048529
0.0416697
0.0358341
0.0309454
0.0269606
0.023814
0.021383
0.0195393
0.0181274
0.0170734
0.0162129
0.0155393
0.0149564
0.014509
0.0141013
0.0139034
0.0137111
0.0137092
0.0135825
0.0874256
0.0751297
0.0641605
0.0542991
0.0457028
0.0384818
0.0325726
0.0278254
0.0241252
0.0213308
0.0192771
0.0178042
0.0167376
0.0159575
0.0153127
0.0147997
0.0142895
0.0138824
0.013512
0.0133408
0.0131634
0.0132003
0.013179
0.0887361
0.0741687
0.0611886
0.0501667
0.0412014
0.0340444
0.0283526
0.0239539
0.0207004
0.0183832
0.0167901
0.0157276
0.0150149
0.0145215
0.0141108
0.0137693
0.0133873
0.0130746
0.0128276
0.0127856
0.0126467
0.0126817
0.0127146
0.0864773
0.0688457
0.0553379
0.0441385
0.0352189
0.028373
0.0231654
0.0193581
0.0167448
0.0150502
0.0140237
0.0134409
0.0131194
0.0129339
0.0127704
0.0126279
0.0124202
0.0122398
0.0121544
0.0122665
0.0121926
0.0122364
0.0122719
0.0766556
0.0605685
0.0474671
0.0369041
0.0283754
0.0218821
0.0172246
0.0141285
0.012298
0.0113673
0.0110335
0.0110395
0.011195
0.011381
0.0115072
0.0115836
0.0115728
0.0115305
0.0115818
0.0117922
0.0117941
0.0118898
0.0119069
0.0635412
0.0512038
0.04008
0.030493
0.0227153
0.0163949
0.0120685
0.0095329
0.0083861
0.00816345
0.00849236
0.00907841
0.00971385
0.0102773
0.0106924
0.0109622
0.0111113
0.0111591
0.0112669
0.0115069
0.0115537
0.0116924
0.0116898
0.0453106
0.0340195
0.0267453
0.0197859
0.0144267
0.00989183
0.00690148
0.00553808
0.00537236
0.0059472
0.00690406
0.00797374
0.00897368
0.0098012
0.0104097
0.0107874
0.0110223
0.01109
0.0112005
0.0114255
0.0114729
0.0116008
0.0115812
0.0229575
0.0119915
0.00806633
0.00420144
0.00224069
0.00121385
0.00118794
0.00193153
0.00318508
0.00468702
0.00622956
0.00765827
0.00887044
0.0098153
0.0104947
0.0108915
0.01114
0.0111761
0.0112609
0.0114481
0.011461
0.0115342
0.0115011
0.00234722
-0.0071263
-0.00836469
-0.00971918
-0.00859606
-0.00642787
-0.00380758
-0.00115694
0.0013907
0.00372659
0.00577986
0.00750488
0.00887093
0.00987597
0.0105783
0.0109636
0.0112062
0.0112085
0.0112762
0.0114417
0.0114187
0.011435
0.0113964
-0.0168022
-0.0222863
-0.0196949
-0.018736
-0.0153257
-0.0114441
-0.00740653
-0.00361047
-0.000186605
0.00276825
0.00523383
0.00722269
0.00873563
0.00979951
0.0105225
0.0108974
0.0111395
0.0111267
0.011194
0.0113561
0.0113102
0.0112874
0.011249
-0.0354217
-0.0354766
-0.0287773
-0.0251353
-0.0197369
-0.0147905
-0.00999098
-0.00555125
-0.00157023
0.00181495
0.00459506
0.006811
0.00846099
0.00959142
0.0103438
0.0107204
0.0109697
0.0109623
0.0110408
0.0112051
0.0111459
0.0111044
0.0110671
-0.0533939
-0.0478896
-0.0378544
-0.0313004
-0.0239495
-0.0177932
-0.012179
-0.00715145
-0.00271897
0.000982813
0.0039925
0.00638252
0.00813455
0.00932317
0.0101054
0.010494
0.0107541
0.0107662
0.0108594
0.0110208
0.010954
0.0109082
0.0108703
-0.0696233
-0.0588063
-0.0466053
-0.0370917
-0.0280803
-0.0206234
-0.0141032
-0.00844314
-0.00358166
0.000367
0.00353747
0.00603945
0.00783961
0.0090613
0.00986061
0.010264
0.010533
0.0105707
0.0106786
0.0108312
0.0107609
0.0107167
0.010677
)
;

boundaryField
{
    outlet
    {
        type            fixedValue;
        value           uniform 0;
    }
    upperWall
    {
        type            symmetryPlane;
    }
    lowerWall
    {
        type            symmetryPlane;
    }
    inlet
    {
        type            zeroGradient;
    }
    cylinder
    {
        type            zeroGradient;
    }
    frontAndBack
    {
        type            empty;
    }
}


// ************************************************************************* //
