/*--------------------------------*- C++ -*----------------------------------*\
| =========                 |                                                 |
| \\      /  F ield         | OpenFOAM: The Open Source CFD Toolbox           |
|  \\    /   O peration     | Version:  2312                                  |
|   \\  /    A nd           | Website:  www.openfoam.com                      |
|    \\/     M anipulation  |                                                 |
\*---------------------------------------------------------------------------*/
FoamFile
{
    version     2.0;
    format      ascii;
    arch        "LSB;label=32;scalar=64";
    class       volScalarField;
    location    "91.1";
    object      p;
}
// * * * * * * * * * * * * * * * * * * * * * * * * * * * * * * * * * * * * * //

dimensions      [0 2 -2 0 0 0 0];

internalField   nonuniform List<scalar> 
5478
(
-0.570826
-0.568184
-0.567392
-0.568351
-0.56935
-0.566062
-0.553748
-0.529491
-0.493329
-0.448122
-0.398106
-0.346937
-0.297477
-0.250167
-0.205398
-0.578292
-0.573846
-0.570256
-0.566906
-0.561397
-0.549699
-0.529024
-0.49884
-0.460883
-0.418239
-0.373908
-0.330071
-0.288193
-0.248303
-0.211732
-0.588742
-0.58262
-0.575911
-0.567243
-0.553528
-0.53264
-0.504423
-0.470275
-0.432402
-0.392984
-0.353615
-0.315459
-0.27903
-0.244733
-0.212635
-0.603762
-0.595152
-0.584485
-0.568681
-0.545381
-0.515623
-0.48159
-0.445257
-0.408147
-0.371329
-0.33556
-0.301305
-0.268912
-0.238579
-0.210464
-0.623814
-0.610764
-0.594945
-0.569891
-0.536466
-0.499121
-0.460887
-0.423196
-0.386681
-0.351683
-0.318385
-0.286947
-0.257367
-0.229833
-0.204029
-0.647744
-0.628502
-0.604817
-0.568703
-0.52571
-0.482217
-0.440806
-0.402037
-0.36585
-0.332082
-0.300623
-0.271334
-0.244128
-0.218915
-0.195101
-0.671084
-0.646088
-0.610479
-0.56229
-0.511016
-0.462731
-0.418909
-0.37934
-0.343433
-0.310711
-0.280784
-0.253367
-0.22821
-0.205135
-0.183497
-0.687767
-0.657951
-0.607984
-0.548068
-0.490046
-0.43816
-0.392727
-0.352807
-0.317409
-0.2858
-0.257418
-0.231827
-0.208762
-0.18796
-0.16889
-0.436188
-0.439165
-0.441367
-0.445536
-0.45213
-0.461014
-0.471904
-0.484317
-0.497704
-0.511693
-0.526107
-0.540668
-0.554629
-0.566205
-0.572804
-0.450555
-0.455299
-0.459519
-0.46583
-0.474358
-0.484299
-0.494371
-0.50284
-0.507914
-0.508347
-0.50371
-0.494196
-0.48067
-0.464589
-0.444565
-0.470111
-0.475747
-0.482099
-0.490812
-0.501706
-0.51341
-0.523595
-0.52915
-0.526842
-0.51434
-0.49065
-0.456002
-0.411931
-0.364251
-0.30958
-0.493442
-0.499927
-0.507277
-0.517841
-0.530828
-0.54444
-0.555177
-0.558564
-0.549979
-0.526332
-0.486626
-0.431837
-0.361356
-0.293597
-0.205646
-0.516855
-0.522481
-0.530632
-0.542397
-0.5567
-0.570955
-0.581068
-0.581555
-0.567059
-0.533988
-0.482246
-0.416438
-0.333385
-0.256845
-0.167234
-0.537294
-0.54137
-0.548819
-0.560088
-0.573686
-0.586449
-0.593756
-0.589721
-0.569166
-0.529117
-0.47141
-0.401554
-0.322308
-0.246759
-0.173261
-0.552823
-0.554696
-0.560213
-0.569242
-0.579483
-0.588425
-0.590744
-0.58063
-0.554022
-0.509833
-0.45202
-0.385652
-0.317118
-0.251347
-0.190661
-0.563371
-0.56285
-0.565254
-0.569934
-0.576269
-0.579899
-0.57554
-0.558442
-0.526307
-0.480519
-0.425606
-0.366497
-0.308318
-0.253555
-0.203646
-0.571178
-0.505801
-0.362972
-0.271425
-0.22867
-0.243004
-0.272186
-0.256132
-0.191528
-0.146042
-0.127811
-0.111974
-0.0972157
-0.106836
-0.130653
-0.137359
-0.116984
-0.0949103
-0.106407
-0.127515
-0.128676
-0.110062
-0.124006
-0.1366
-0.145738
-0.165408
-0.170306
-0.0906738
-0.0560441
-0.0460822
-0.0338971
-0.0189778
-0.00764172
-0.00527407
-0.0137633
-0.0154077
0.00280781
0.00212309
-0.424935
-0.37924
-0.291343
-0.254516
-0.237481
-0.269332
-0.315394
-0.289255
-0.210711
-0.150245
-0.127813
-0.111334
-0.0926382
-0.100914
-0.125893
-0.134217
-0.113802
-0.0890653
-0.0986772
-0.119306
-0.123673
-0.115311
-0.138451
-0.151749
-0.148976
-0.148626
-0.148653
-0.0943416
-0.0637812
-0.0494104
-0.032727
-0.0198085
-0.0091768
-0.00625908
-0.0141536
-0.0157465
0.00306825
0.00224196
-0.268058
-0.225779
-0.190708
-0.202218
-0.220049
-0.280352
-0.337577
-0.304673
-0.221465
-0.151388
-0.12635
-0.112725
-0.0933177
-0.0984385
-0.122383
-0.13083
-0.110214
-0.0833586
-0.0909266
-0.110864
-0.117042
-0.117937
-0.149978
-0.164029
-0.148259
-0.130088
-0.124532
-0.095208
-0.0697826
-0.0523881
-0.0316164
-0.0206274
-0.0107011
-0.00725801
-0.0145895
-0.0161648
0.00319832
0.00233395
-0.139212
-0.0795096
-0.0559412
-0.0989765
-0.172017
-0.275463
-0.33675
-0.30405
-0.222374
-0.150945
-0.124225
-0.11289
-0.0980364
-0.10039
-0.121422
-0.128531
-0.106993
-0.0783169
-0.0833918
-0.102335
-0.108941
-0.117514
-0.15755
-0.172966
-0.1446
-0.112162
-0.100595
-0.0927039
-0.0737195
-0.0550905
-0.0307856
-0.0214127
-0.0121404
-0.00820041
-0.0150842
-0.0166313
0.00319841
0.00240331
-0.0732879
0.00620868
0.0683844
0.0185919
-0.0992415
-0.24185
-0.315008
-0.285026
-0.212451
-0.148119
-0.12074
-0.109
-0.103779
-0.105413
-0.124152
-0.126502
-0.103133
-0.0739222
-0.0767493
-0.0942059
-0.099893
-0.114243
-0.160845
-0.178661
-0.139627
-0.0965878
-0.0785724
-0.0876664
-0.0756001
-0.0572762
-0.0303952
-0.0221428
-0.0134382
-0.00902111
-0.0156477
-0.0171274
0.00315651
0.00245426
-0.08513
0.0140194
0.111898
0.0982838
-0.0308106
-0.188755
-0.271356
-0.251103
-0.193
-0.142092
-0.115243
-0.101551
-0.106275
-0.109738
-0.127861
-0.128117
-0.101683
-0.0707241
-0.0706166
-0.0862536
-0.0898103
-0.107937
-0.160054
-0.181421
-0.134836
-0.0849229
-0.0603578
-0.0808699
-0.0757452
-0.0589347
-0.0305931
-0.022846
-0.0145713
-0.00967052
-0.0162877
-0.0176451
0.00307166
0.0024873
-0.115712
-0.0339951
0.0877382
0.119221
0.036035
-0.122808
-0.220301
-0.218446
-0.176765
-0.136625
-0.11125
-0.0948785
-0.100421
-0.114727
-0.12657
-0.127475
-0.0981465
-0.0678662
-0.0659604
-0.0795745
-0.0790708
-0.097729
-0.155557
-0.179679
-0.12879
-0.0759302
-0.0470233
-0.072242
-0.0748759
-0.0594291
-0.0315544
-0.0235321
-0.0155861
-0.0100929
-0.0170054
-0.0181997
0.00291962
0.00250629
-0.148155
-0.0888887
-0.0173634
0.0774032
0.057079
-0.0451237
-0.122137
-0.156112
-0.14392
-0.119852
-0.104662
-0.0891949
-0.0867034
-0.117631
-0.163757
-0.133854
-0.0993728
-0.0665801
-0.0611308
-0.0717289
-0.0687618
-0.0859323
-0.147262
-0.179283
-0.12359
-0.0714909
-0.0259276
-0.0620312
-0.073365
-0.0591003
-0.0330226
-0.023958
-0.0164545
-0.0103067
-0.0177819
-0.0187371
0.00268993
0.00251243
-0.14043
-0.0961442
-0.0269696
0.0407112
0.0492734
-0.0209573
-0.0845103
-0.113991
-0.1119
-0.0946196
-0.0858558
-0.0776765
-0.0744897
-0.10919
-0.141003
-0.124889
-0.0938893
-0.0652264
-0.0601055
-0.0701159
-0.0599628
-0.0783346
-0.13511
-0.165384
-0.112842
-0.0675307
-0.0249986
-0.0536816
-0.0695119
-0.0575438
-0.0359765
-0.0255241
-0.0170145
-0.010147
-0.0187882
-0.0195346
0.00242946
0.0025154
-0.124513
-0.0894588
-0.0399534
0.00279647
0.0159601
-0.016758
-0.055444
-0.075505
-0.075473
-0.0669474
-0.0650922
-0.0578745
-0.0563747
-0.0993557
-0.147393
-0.116971
-0.0823256
-0.0583009
-0.0553751
-0.0578691
-0.0445023
-0.0600759
-0.118307
-0.15551
-0.0983804
-0.0496399
-0.0146764
-0.04424
-0.063908
-0.0568872
-0.0379121
-0.0280007
-0.0173522
-0.0103057
-0.02008
-0.0205576
0.00200242
0.00241647
-0.105535
-0.0846053
-0.0522839
-0.0227372
-0.00744635
-0.0178326
-0.0378723
-0.0508535
-0.0549965
-0.0500448
-0.048362
-0.0411777
-0.0312741
-0.0560003
-0.0674121
-0.0843835
-0.060933
-0.0492344
-0.0502231
-0.0481406
-0.031544
-0.0386733
-0.0887351
-0.124342
-0.0721211
-0.0266559
-0.00911304
-0.0337947
-0.0553972
-0.053069
-0.0393324
-0.031237
-0.0178396
-0.0103392
-0.0213391
-0.0217308
0.00135623
0.00225156
-0.0862021
-0.0759131
-0.0551239
-0.0345786
-0.0213188
-0.0207814
-0.0288152
-0.0350206
-0.0355569
-0.0303377
-0.0262792
-0.0186131
-0.00810692
-0.0144453
-0.0209363
-0.0398175
-0.0377699
-0.0392264
-0.0423424
-0.0337287
-0.015295
-0.01442
-0.0516492
-0.0861462
-0.0425418
-0.00512621
0.000699552
-0.0201857
-0.0441913
-0.0471981
-0.0406511
-0.0343814
-0.0184171
-0.0105992
-0.0226907
-0.0228399
0.000529562
0.00205852
-0.0700197
-0.0655164
-0.0526545
-0.0388076
-0.0279862
-0.0233041
-0.0236448
-0.0247489
-0.0248425
-0.0204974
-0.0155303
-0.00579317
0.00945384
0.023946
0.029562
0.00123647
-0.0166711
-0.0240806
-0.0279517
-0.0198403
-0.00472014
0.00725375
-0.00781214
-0.0423673
-0.0182458
0.0112774
0.00690863
-0.00635311
-0.02738
-0.0369253
-0.0406704
-0.0373056
-0.0190501
-0.0113349
-0.0240496
-0.0239304
-0.000512551
0.00186405
-0.0558819
-0.0543682
-0.0470159
-0.0377347
-0.0289292
-0.0230631
-0.0204026
-0.0182861
-0.0155259
-0.00983177
-0.00242385
0.00694149
0.0199763
0.0368932
0.0444721
0.0225601
-0.000458878
-0.00910002
-0.0110426
-0.00351927
0.00611522
0.0161109
0.0165648
-0.0194557
-0.0112011
0.0168925
0.0114771
0.00580686
-0.00682244
-0.0211347
-0.0385832
-0.0385657
-0.0196275
-0.0124685
-0.0251356
-0.0248109
-0.00173176
0.00170573
-0.043379
-0.0437753
-0.0397751
-0.0335142
-0.0267497
-0.0211736
-0.0168848
-0.0130953
-0.00966297
-0.00460581
0.00138355
0.00986691
0.0217266
0.0356816
0.0419098
0.0285601
0.0106953
0.00265551
0.000224629
0.0049965
0.0104177
0.0195796
0.0270081
-0.00694106
-0.00991753
0.0145323
0.0132195
0.0135256
0.0116028
-0.00256162
-0.0322666
-0.0343662
-0.0195389
-0.0144211
-0.0254074
-0.0245532
-0.00292368
0.00161464
-0.0330679
-0.0342196
-0.0320718
-0.0279436
-0.0229124
-0.0180821
-0.0136986
-0.00971064
-0.00596049
-0.00101021
0.00494668
0.0125389
0.0212722
0.0297222
0.0347664
0.0274293
0.0157609
0.00931311
0.00768873
0.0117703
0.0144957
0.0179767
0.0215732
0.00242876
-0.00355385
0.0123188
0.0150738
0.016824
0.0195655
0.00981907
-0.0211069
-0.0240152
-0.0164651
-0.0146771
-0.0237144
-0.0235658
-0.0039964
0.00159171
-0.0244112
-0.0257994
-0.0247647
-0.0220387
-0.0183053
-0.01439
-0.0104822
-0.00669687
-0.00307004
0.00127443
0.00591217
0.0115055
0.0177673
0.0232984
0.0270733
0.0238895
0.0172016
0.0129132
0.00995739
0.0130418
0.0147631
0.0160692
0.0189795
0.00943128
0.00342808
0.011292
0.014386
0.0168517
0.0209587
0.0156971
-0.00876392
-0.0111536
-0.00925768
-0.00953928
-0.0186324
-0.0216223
-0.00456196
0.00155073
-0.0172197
-0.0186098
-0.0181554
-0.0163033
-0.01358
-0.010579
-0.00740745
-0.00420946
-0.0011148
0.00239446
0.00609906
0.0103987
0.0149158
0.0184551
0.0210852
0.0201619
0.0167257
0.014232
0.0122584
0.0141636
0.0155838
0.0151333
0.0162618
0.012429
0.00834754
0.0123088
0.0143284
0.016071
0.019429
0.017029
0.000745144
-0.0014706
-0.00136869
-0.00178894
-0.0103609
-0.0161337
-0.00394321
0.00139208
-0.011343
-0.0125248
-0.0123587
-0.011143
-0.00924151
-0.00701092
-0.00456023
-0.00201
0.000504153
0.00324977
0.00611972
0.00922537
0.0123751
0.0148316
0.0167039
0.0169707
0.0155383
0.0142684
0.0131825
0.0137134
0.0144686
0.0143477
0.0147374
0.0130779
0.0108506
0.0123904
0.01321
0.0148376
0.017523
0.0164131
0.00623368
0.0043676
0.00377195
0.00298891
-0.00269857
-0.00812147
-0.002155
0.00121768
-0.00645872
-0.00745437
-0.00748632
-0.00671164
-0.00538383
-0.00375082
-0.00193352
-1.31528e-05
0.00191426
0.00395167
0.00607464
0.00832263
0.0105705
0.0124206
0.0138843
0.014492
0.0141656
0.0136683
0.0132706
0.0136299
0.0140997
0.0139457
0.0138732
0.0129316
0.0119449
0.0129948
0.013303
0.0137543
0.015503
0.0149608
0.00879436
0.00686788
0.00593084
0.00479363
0.00162506
-0.00350135
-0.00053435
0.00103896
-0.00252291
-0.00334236
-0.00344299
-0.00294197
-0.00204054
-0.00090916
0.000389327
0.00177751
0.00319047
0.00465903
0.0061932
0.00780788
0.00941274
0.0107916
0.0119234
0.0126303
0.0128838
0.0128821
0.0127861
0.0130001
0.0131243
0.0130681
0.0131618
0.0125957
0.0120501
0.0125987
0.0125864
0.012656
0.0136641
0.0133641
0.0096462
0.00765502
0.00634446
0.00507304
0.002909
-0.000652842
0.000475093
0.00084587
0.000653265
2.11912e-05
-0.000104958
0.000190517
0.000767445
0.00152427
0.00242021
0.00339709
0.0043978
0.00541968
0.00648882
0.00763184
0.00877032
0.00981674
0.0106938
0.0113719
0.0118126
0.0120485
0.0121494
0.0123713
0.0125178
0.0124652
0.0125411
0.0122461
0.0118889
0.0122173
0.0123056
0.0119558
0.0121837
0.0118849
0.00970435
0.0078654
0.00636969
0.0050206
0.00317502
0.000776538
0.000894428
0.000663262
0.00323717
0.00274147
0.0025963
0.00274816
0.00310048
0.00358415
0.00417504
0.00483349
0.00551429
0.00620844
0.00693616
0.0077326
0.00854496
0.00929421
0.00995323
0.0105297
0.0109868
0.0113178
0.0115182
0.011722
0.0118822
0.0118607
0.0119081
0.0117971
0.0115242
0.0115799
0.011597
0.011227
0.0109952
0.0106146
0.00928116
0.00766157
0.00621722
0.00480529
0.0030846
0.00138525
0.00103695
0.000532646
0.00529581
0.00491213
0.0047685
0.00482726
0.00502068
0.00530591
0.00567116
0.00609253
0.00653307
0.00698361
0.00745813
0.0079908
0.00853985
0.009074
0.00955578
0.0100088
0.0104072
0.0107196
0.0109423
0.0111283
0.0112861
0.01131
0.0113315
0.0112744
0.0110926
0.0109868
0.0109248
0.0105952
0.010144
0.0096268
0.00874386
0.00741357
0.00607156
0.0046274
0.00302811
0.00177307
0.00118766
0.000477547
0.00693236
0.00663889
0.0065006
0.00649433
0.00657636
0.00672307
0.00692815
0.0071762
0.00743851
0.00770953
0.00799907
0.0083375
0.00869546
0.00905418
0.00938438
0.00971361
0.0100196
0.0102747
0.0104715
0.0106282
0.0107598
0.0107943
0.0107983
0.0107458
0.0106147
0.0104361
0.0102705
0.00995331
0.00947395
0.00888627
0.00818497
0.00709583
0.00588961
0.00452561
0.00305838
0.00202579
0.00130834
0.000461546
0.0082205
0.00799299
0.0078612
0.00781328
0.00782112
0.00787311
0.00796491
0.00808847
0.00822272
0.00836528
0.0085234
0.00871966
0.00893385
0.00915408
0.00936056
0.00957727
0.0097866
0.00996678
0.0101104
0.010221
0.0103135
0.0103321
0.0103199
0.0102519
0.0101251
0.0099306
0.0097011
0.00937399
0.00892227
0.00832458
0.00769246
0.00679469
0.00575098
0.0045209
0.00315636
0.00223567
0.00142357
0.000477494
0.00921632
0.00903822
0.0089137
0.00884004
0.00879828
0.00878737
0.00880132
0.0088391
0.00888292
0.00893466
0.00899898
0.00909119
0.00919931
0.00931298
0.00942235
0.00954237
0.0096638
0.00976848
0.00985135
0.00990804
0.00995288
0.00994173
0.00990285
0.00981579
0.00967299
0.00947808
0.00921715
0.00888054
0.00847157
0.00789655
0.00730725
0.00654297
0.00562829
0.00458626
0.00335861
0.00246391
0.00156412
0.000512648
0.0099666
0.00982281
0.00970483
0.00961537
0.00954263
0.00949135
0.00945398
0.00943407
0.00941546
0.00940515
0.0094031
0.00942194
0.00945303
0.00948609
0.00952276
0.00956133
0.00961331
0.00964608
0.00967521
0.00967714
0.00967367
0.00963092
0.00955675
0.00945362
0.00928836
0.00908942
0.00882122
0.00847854
0.00808728
0.00755066
0.00699133
0.00631101
0.00551019
0.00466779
0.00357383
0.00263679
0.00166272
0.000547172
0.0105091
0.0103876
0.010276
0.0101769
0.0100863
0.0100082
0.00993879
0.00988011
0.00982206
0.00977036
0.00972388
0.00969172
0.00966799
0.00964596
0.00962848
0.00960988
0.00960268
0.00958205
0.00956038
0.0095208
0.00946985
0.00939632
0.00929122
0.00916294
0.0089857
0.00876861
0.00849731
0.00815544
0.00777092
0.00726555
0.0067213
0.00607975
0.00532727
0.004531
0.00354298
0.00261553
0.00162017
0.000538268
0.0108691
0.0107613
0.0106535
0.0105496
0.0104489
0.0103555
0.0102671
0.0101849
0.0101035
0.0100257
0.00995193
0.00988612
0.00982687
0.0097694
0.00971491
0.00965906
0.00960849
0.00955163
0.00949315
0.00942187
0.0093391
0.00923698
0.00911007
0.00895947
0.00877087
0.00853761
0.00826472
0.00791953
0.00753505
0.00705874
0.00651947
0.00590843
0.00519312
0.00442195
0.00352046
0.00259522
0.0016208
0.000548354
0.0110489
0.0109479
0.0108429
0.0107375
0.0106327
0.0105324
0.010435
0.010342
0.0102498
0.0101601
0.0100729
0.0099904
0.00991312
0.00983772
0.00976522
0.00968988
0.00961687
0.00953928
0.00946034
0.00937146
0.00927079
0.00915221
0.00901253
0.00884783
0.0086527
0.00841269
0.0081346
0.00779335
0.00740724
0.00694302
0.00640922
0.00581023
0.00511344
0.00435329
0.00349264
0.00257405
0.00159596
0.000541767
-0.144689
-0.154343
-0.162536
-0.168103
-0.171431
-0.167751
-0.162142
-0.149942
-0.11769
-0.122849
-0.12676
-0.128844
-0.129169
-0.128186
-0.127004
-0.129102
-0.0935846
-0.0964199
-0.0979212
-0.0996635
-0.100941
-0.103777
-0.104719
-0.107872
-0.0747583
-0.0762733
-0.077203
-0.0792376
-0.080665
-0.0828964
-0.082822
-0.0845167
-0.0589584
-0.0600802
-0.0608012
-0.0620966
-0.0625331
-0.0631366
-0.0631135
-0.0658891
-0.0462658
-0.0467762
-0.046963
-0.0473231
-0.0474192
-0.0481381
-0.0493845
-0.0522406
-0.0355855
-0.0357103
-0.0356804
-0.0358676
-0.0362278
-0.0370277
-0.0380776
-0.0401115
-0.0268629
-0.026788
-0.0266805
-0.0267347
-0.026978
-0.0274636
-0.0282857
-0.0300556
-0.0196182
-0.0194401
-0.0192547
-0.0191997
-0.0193556
-0.0197151
-0.0204234
-0.021901
-0.0135904
-0.0133932
-0.0131958
-0.0131003
-0.0131662
-0.0133897
-0.0139434
-0.0151626
-0.00855995
-0.00838033
-0.00818048
-0.00804276
-0.00804688
-0.00823513
-0.00872274
-0.00972442
-0.00434713
-0.00420947
-0.00405051
-0.00394851
-0.00396945
-0.00412653
-0.00448068
-0.0052241
-0.000869495
-0.000794229
-0.000697157
-0.000625095
-0.000616711
-0.000700773
-0.000957228
-0.00154556
0.00201874
0.00204165
0.00209212
0.00213686
0.00213732
0.00205653
0.00183999
0.00138592
0.00437909
0.0043552
0.00435507
0.00435661
0.00433488
0.00426489
0.00410618
0.00377808
0.00628073
0.00622336
0.00618804
0.00616255
0.00613023
0.0060686
0.00594417
0.00569889
0.00780703
0.00772765
0.00766786
0.00762029
0.0075731
0.00750974
0.0074071
0.00722633
0.00901361
0.00891968
0.0088428
0.00877923
0.00872123
0.0086572
0.00857089
0.00843635
0.00994838
0.00984775
0.00976101
0.00968714
0.00962128
0.00955593
0.00947972
0.00937689
0.0106499
0.0105495
0.0104591
0.0103798
0.0103091
0.0102426
0.0101727
0.01009
0.0111577
0.0110612
0.0109709
0.0108893
0.0108157
0.010748
0.0106811
0.0106097
0.0114882
0.0113971
0.0113099
0.0112291
0.0111549
0.0110867
0.0110214
0.0109564
0.0116478
0.0115638
0.0114812
0.0114025
0.0113284
0.0112596
0.011194
0.0111307
0.0243559
0.0262716
0.0274006
0.027416
0.0257888
0.0223922
0.0170564
0.0092175
-0.00211627
-0.0183661
-0.0415107
-0.0743353
-0.121361
-0.185828
-0.245567
-0.00168981
-0.00252456
-0.0056768
-0.0103883
-0.0165184
-0.0244407
-0.0347518
-0.0482751
-0.0661297
-0.0898433
-0.121529
-0.163976
-0.221755
-0.298661
-0.364385
-0.0275387
-0.0312988
-0.038572
-0.0475428
-0.0578214
-0.0700395
-0.0850587
-0.103838
-0.127583
-0.157919
-0.197131
-0.248099
-0.314326
-0.402236
-0.466676
-0.0542449
-0.0611398
-0.0717299
-0.0838951
-0.0975483
-0.113545
-0.132794
-0.156247
-0.185128
-0.221097
-0.266484
-0.324678
-0.397668
-0.489143
-0.550719
-0.0808764
-0.0909738
-0.104121
-0.118725
-0.135175
-0.154434
-0.177305
-0.204632
-0.237697
-0.278184
-0.328144
-0.391355
-0.468608
-0.558227
-0.615074
-0.106033
-0.119372
-0.134589
-0.15124
-0.17016
-0.192221
-0.218088
-0.248469
-0.284662
-0.32832
-0.381593
-0.447119
-0.525002
-0.609484
-0.659364
-0.12927
-0.145127
-0.162049
-0.180776
-0.202079
-0.226551
-0.25479
-0.287552
-0.325935
-0.371441
-0.426001
-0.491292
-0.566528
-0.642579
-0.684704
-0.150711
-0.167761
-0.186516
-0.207452
-0.230983
-0.257541
-0.287668
-0.322074
-0.361664
-0.407716
-0.461747
-0.524589
-0.593917
-0.658219
-0.693409
0.183574
0.198174
0.214549
0.233085
0.253827
0.276687
0.301583
0.328471
0.357273
0.387733
0.419269
0.450702
0.480028
0.503203
0.522259
0.177647
0.19114
0.206581
0.224319
0.244242
0.26615
0.289929
0.315535
0.342877
0.371671
0.401276
0.430443
0.457065
0.477124
0.493107
0.167533
0.179149
0.193026
0.209399
0.227876
0.248063
0.269773
0.292932
0.317404
0.342828
0.368461
0.392925
0.413913
0.427558
0.437419
0.153217
0.162389
0.174251
0.188741
0.205104
0.222756
0.241461
0.261115
0.281503
0.302123
0.322045
0.339688
0.352425
0.356491
0.357783
0.134834
0.141236
0.150884
0.163198
0.176926
0.191302
0.206085
0.221183
0.23632
0.250839
0.263583
0.27271
0.275214
0.267168
0.257718
0.112608
0.115891
0.123162
0.133067
0.143797
0.154447
0.164774
0.174654
0.183705
0.191107
0.195487
0.194744
0.185493
0.163601
0.141097
0.0872316
0.0877578
0.0928187
0.0998106
0.106758
0.112974
0.118322
0.122562
0.125078
0.12482
0.120183
0.108801
0.0869486
0.0504463
0.0140874
0.0576964
0.0569613
0.0608298
0.0648101
0.0675045
0.0687856
0.068703
0.0668862
0.0624865
0.054222
0.0402684
0.0179865
-0.016743
-0.0678193
-0.117245
0.0257689
0.0302546
0.0265396
0.0304532
0.0280056
0.0322866
0.0305116
0.0348675
0.0341961
0.0386366
0.0393867
0.0441615
0.0466044
0.0521643
0.0567802
0.0639651
0.0713033
0.0810614
0.0920731
0.105897
0.12164
0.141015
0.163282
0.0257511
0.0301996
0.0265263
0.0303866
0.0279874
0.0322036
0.0304712
0.0347665
0.0341452
0.0384803
0.0392654
0.0439668
0.0463869
0.0518807
0.0565359
0.0635586
0.0707421
0.0804986
0.0908597
0.104331
0.11926
0.137953
0.158885
0.0257435
0.0301193
0.026531
0.030291
0.027996
0.0320876
0.0304587
0.0346096
0.0341264
0.038293
0.0391755
0.0437532
0.0461646
0.0514661
0.0560063
0.0627391
0.0697982
0.0791927
0.0889526
0.1019
0.115554
0.133066
0.151531
0.0257451
0.0300158
0.0265524
0.0301707
0.0280241
0.0319416
0.0304829
0.034435
0.0341341
0.0380885
0.0391135
0.0435424
0.0459795
0.0512407
0.0557578
0.0624718
0.0689741
0.0781392
0.0869456
0.0991463
0.11088
0.126487
0.141144
0.0257548
0.0298926
0.0265854
0.0300304
0.0280881
0.0317712
0.0305327
0.0342411
0.0341556
0.0378525
0.0390558
0.0432526
0.0457065
0.0506502
0.0551198
0.0613385
0.0675952
0.0761492
0.0839798
0.0950596
0.104595
0.117737
0.127575
0.0257698
0.0297535
0.0266289
0.0298743
0.0281392
0.0315871
0.0305993
0.0340588
0.0342044
0.0376577
0.0390603
0.0430894
0.0456474
0.0506271
0.0548907
0.0610542
0.0667296
0.0748185
0.0813183
0.0910024
0.09748
0.107322
0.110971
0.0257923
0.0296002
0.0266768
0.0297088
0.0282039
0.0313941
0.0306532
0.033845
0.0342284
0.0374028
0.0389841
0.0427258
0.0452615
0.049894
0.0541061
0.0596006
0.0649235
0.0718388
0.0773717
0.0850486
0.0889055
0.0946036
0.091807
0.0258155
0.0294396
0.026726
0.0295426
0.0282775
0.0312283
0.0307551
0.0337161
0.0343168
0.0373273
0.0390974
0.0427496
0.0454451
0.0501558
0.0539527
0.0594979
0.0641367
0.0704149
0.074077
0.0795437
0.0790856
0.0799897
0.0688806
0.0258382
0.0292234
0.0267962
0.0292983
0.0283515
0.0309166
0.0307699
0.0333855
0.0342695
0.0368824
0.0388349
0.0420493
0.0446705
0.0487019
0.0522531
0.0565224
0.0606215
0.0643011
0.066875
0.0679782
0.0647629
0.0572554
0.0400665
0.025875
0.0289228
0.0268885
0.0289554
0.0284091
0.0304729
0.030747
0.032743
0.0340163
0.036056
0.0381211
0.0406453
0.0431984
0.0463588
0.0493754
0.0521382
0.0550307
0.0563292
0.0569684
0.0543732
0.0493255
0.0391131
0.0254393
0.0259352
0.0285486
0.0270018
0.0285408
0.0284953
0.0299441
0.0307014
0.0321041
0.0336799
0.0352212
0.0373103
0.0392284
0.0415956
0.0438342
0.0461325
0.0476744
0.0491303
0.0487441
0.0473079
0.0429587
0.0364271
0.0264016
0.0138647
0.0260192
0.0280921
0.0271394
0.0280622
0.0285528
0.0294419
0.0305554
0.0315109
0.0331798
0.0343326
0.0362993
0.0376611
0.0397089
0.0410961
0.0425413
0.0431145
0.0430679
0.0414261
0.0384443
0.0331267
0.0259998
0.0165898
0.0054608
0.0261298
0.0275476
0.0272674
0.0276248
0.0284884
0.0289907
0.0302916
0.0308961
0.032504
0.0334036
0.0350459
0.0359762
0.0375299
0.0382141
0.038724
0.0384952
0.0372082
0.034615
0.0307405
0.0251191
0.0181343
0.0096042
-0.000128881
0.0262643
0.0269665
0.0272944
0.0272504
0.02834
0.0285535
0.0298961
0.0302858
0.0316686
0.0323919
0.0335958
0.0341476
0.0351483
0.0351932
0.0348699
0.0339381
0.0318256
0.0286153
0.0244224
0.0189536
0.0124675
0.00489439
-0.00366032
0.026382
0.0264148
0.0271979
0.0269232
0.0280866
0.0281232
0.0293583
0.029623
0.0306944
0.0312701
0.031996
0.0321797
0.0326458
0.0321247
0.031139
0.0296517
0.0270879
0.023619
0.0194193
0.014364
0.00855774
0.00195775
-0.00548394
0.0264541
0.0259054
0.0270004
0.0266218
0.027718
0.0276876
0.0286904
0.028896
0.0296214
0.0300238
0.0302977
0.0301206
0.0301054
0.029131
0.0276708
0.0257985
0.0230813
0.0196356
0.0156264
0.0111053
0.00606467
0.000459204
-0.00582838
0.0264497
0.025462
0.026689
0.0263306
0.0272408
0.0272264
0.0279278
0.0280805
0.0284789
0.0286635
0.0285469
0.0280432
0.027616
0.0263176
0.0245705
0.0224997
0.0198166
0.0165871
0.0129243
0.00898292
0.0047305
0.000105471
-0.00506636
0.0263524
0.0250968
0.0262638
0.0260311
0.0266767
0.026714
0.0271089
0.0271662
0.0272842
0.0272275
0.0267912
0.0260247
0.0252702
0.0237773
0.0219151
0.0198059
0.0172743
0.0143688
0.0111571
0.00780824
0.00429876
0.000561714
-0.00361104
0.0261498
0.0248064
0.0257441
0.0256911
0.0260649
0.0261111
0.0262543
0.0261688
0.0260532
0.0257624
0.0250835
0.0241323
0.0231451
0.0215782
0.0197311
0.017705
0.0154014
0.0128671
0.0101429
0.00736646
0.0045178
0.00153707
-0.00178418
0.0258378
0.0245758
0.0251671
0.0252566
0.0254311
0.0254307
0.0253779
0.025128
0.0248127
0.0243212
0.0234755
0.0224158
0.0213019
0.0197534
0.0180072
0.0161458
0.0141132
0.0119546
0.00969858
0.00744435
0.00516647
0.002812
0.000194631
0.0254241
0.0243737
0.0245889
0.0247007
0.0247723
0.0246944
0.0244886
0.0240886
0.0236023
0.0229561
0.0220114
0.020915
0.019763
0.018297
0.0167061
0.0150548
0.0133061
0.0115012
0.00966336
0.00786123
0.00606123
0.00421489
0.0021693
0.0249291
0.0241466
0.0240605
0.0240562
0.0240627
0.0239078
0.0235926
0.0230835
0.0224655
0.02171
0.0207254
0.0196455
0.018524
0.0171849
0.0157761
0.0143469
0.0128713
0.011385
0.00990669
0.00847963
0.00706457
0.00561791
0.00402268
0.0243793
0.0238242
0.0235741
0.0234364
0.0233273
0.0230805
0.022696
0.0221277
0.0214321
0.0206157
0.0196323
0.0186058
0.0175634
0.0163761
0.015151
0.0139294
0.0126997
0.0114933
0.0103213
0.00920217
0.00809387
0.00695813
0.00571086
0.0238053
0.023413
0.0231087
0.0228464
0.0225958
0.0222581
0.0218189
0.0212257
0.0205077
0.019683
0.0187378
0.0177879
0.0168502
0.0158211
0.014766
0.0137234
0.0127011
0.0117314
0.0108159
0.00994902
0.00908426
0.00818932
0.00721081
0.0232304
0.0229363
0.0226206
0.0222755
0.0219067
0.0214885
0.0210017
0.0203973
0.0196946
0.0189063
0.0180295
0.0171694
0.0163439
0.0154659
0.0145641
0.0136713
0.0128159
0.0120348
0.0113243
0.0106598
0.00999041
0.00928689
0.0085179
0.0226728
0.0224316
0.0221114
0.0217209
0.0212764
0.0207968
0.0202725
0.0196665
0.0189974
0.0182698
0.0174775
0.0167103
0.015992
0.0152498
0.0144859
0.0137236
0.0130022
0.0123642
0.011806
0.0112956
0.010781
0.0102332
0.00963332
0.0221426
0.021926
0.0216028
0.0211931
0.0207149
0.0202014
0.0196507
0.0190473
0.0184176
0.01776
0.0170571
0.0163788
0.015757
0.0151335
0.0144901
0.013839
0.0132226
0.0126884
0.0122372
0.0118369
0.0114374
0.0110121
0.0105489
0.0216582
0.0214549
0.0211308
0.0207111
0.0202207
0.0196999
0.0191446
0.0185494
0.0179547
0.0173615
0.0167434
0.0161451
0.015604
0.0150811
0.0145427
0.0139882
0.0134556
0.0129947
0.0126137
0.0122862
0.0119688
0.0116362
0.0112783
0.0212444
0.0210497
0.0207274
0.0203029
0.0198108
0.0192959
0.0187539
0.0181751
0.0176025
0.0170529
0.0165041
0.0159756
0.0154968
0.0150475
0.0145944
0.0141284
0.0136749
0.0132731
0.0129385
0.0126575
0.0123982
0.0121369
0.0118639
0.0209289
0.0207366
0.0204183
0.019998
0.0195069
0.0189964
0.0184758
0.0179265
0.0173718
0.0168464
0.0163511
0.0158834
0.0154501
0.0150449
0.0146476
0.0142452
0.0138472
0.013481
0.0131673
0.0129061
0.0126788
0.0124643
0.0122493
0.0207574
0.0205682
0.0202488
0.0198262
0.0193321
0.0188208
0.0183119
0.0177806
0.0172384
0.0167276
0.0162608
0.0158275
0.0154201
0.0150381
0.014672
0.0143107
0.0139548
0.0136205
0.0133262
0.0130789
0.0128694
0.0126816
0.0125029
0.0205265
-0.00242475
-0.0286346
-0.0524594
-0.0746375
-0.0956901
-0.115048
-0.131499
0.0100093
-0.011338
-0.036208
-0.0571755
-0.0733421
-0.0874235
-0.0998199
-0.109967
0.00121448
-0.0154964
-0.0360432
-0.0525574
-0.0637677
-0.073072
-0.0814403
-0.0886693
-0.00540454
-0.018797
-0.0351246
-0.0482405
-0.0565974
-0.0627654
-0.0679113
-0.0722006
-0.00954299
-0.0201542
-0.032269
-0.0418567
-0.0477796
-0.0516763
-0.0547369
-0.0573488
-0.0119489
-0.0201875
-0.0284462
-0.0350715
-0.0393907
-0.0420677
-0.043948
-0.0454238
-0.01268
-0.018917
-0.0241137
-0.0282836
-0.0313058
-0.0332349
-0.0344344
-0.0352163
-0.011862
-0.0164955
-0.0195942
-0.022023
-0.0240335
-0.0254651
-0.0263181
-0.0267501
-0.0100067
-0.0134175
-0.0151601
-0.0164422
-0.0177024
-0.0187404
-0.0193775
-0.0196362
-0.0075795
-0.0100775
-0.0109783
-0.0115366
-0.0122625
-0.0129846
-0.0134648
-0.0136391
-0.00492541
-0.00674685
-0.00714185
-0.00726589
-0.00762893
-0.00811042
-0.00847372
-0.00860994
-0.00226116
-0.00358206
-0.00368711
-0.00357197
-0.00370198
-0.00400418
-0.00427111
-0.00438144
0.000276127
-0.000671299
-0.000621462
-0.000394845
-0.000392007
-0.000574375
-0.000772126
-0.000872138
0.00257914
0.00190904
0.0020349
0.00230584
0.00238686
0.00228943
0.00214439
0.00204864
0.00461121
0.00413809
0.0042924
0.00456956
0.00469377
0.0046514
0.00453899
0.00443974
0.00637431
0.00603999
0.0061931
0.00644576
0.00657703
0.00656137
0.00646734
0.00636399
0.00787953
0.00763828
0.00776983
0.00798096
0.00809858
0.00809279
0.00800986
0.00790471
0.00914674
0.00896604
0.0090622
0.00922116
0.0093118
0.00930378
0.00922607
0.00912016
0.0101812
0.0100408
0.0100961
0.0101986
0.0102543
0.0102361
0.0101607
0.0100571
0.0109974
0.0108794
0.0108924
0.0109396
0.0109581
0.0109263
0.0108522
0.0107545
0.0116467
0.0115353
0.0115013
0.0114917
0.01147
0.0114211
0.0113465
0.0112554
0.0120786
0.011976
0.0119128
0.0118633
0.0118097
0.0117444
0.0116664
0.0115795
0.0123546
0.0122418
0.0121414
0.0120522
0.0119704
0.0118917
0.0118125
0.0117312
-0.377169
-0.38768
-0.402729
-0.422171
-0.447294
-0.479165
-0.513512
-0.543162
-0.37602
-0.385213
-0.397932
-0.414396
-0.435262
-0.460783
-0.489666
-0.515628
-0.37043
-0.379913
-0.391561
-0.405895
-0.424074
-0.444431
-0.462626
-0.474231
-0.361899
-0.37243
-0.383482
-0.39513
-0.407438
-0.418486
-0.424839
-0.42363
-0.352559
-0.363295
-0.372304
-0.379112
-0.383879
-0.385867
-0.383308
-0.374115
-0.34416
-0.352855
-0.357647
-0.358642
-0.356893
-0.35245
-0.344139
-0.330102
-0.337937
-0.341831
-0.340837
-0.336349
-0.329779
-0.321089
-0.309123
-0.292148
-0.334026
-0.330699
-0.32334
-0.314249
-0.304107
-0.292583
-0.278231
-0.259515
-0.331073
-0.319235
-0.30603
-0.293178
-0.280367
-0.266851
-0.250957
-0.231275
-0.326989
-0.306952
-0.28909
-0.273272
-0.25847
-0.243593
-0.226754
-0.206693
-0.319966
-0.293348
-0.272394
-0.254193
-0.23821
-0.222379
-0.205174
-0.185155
-0.308392
-0.278652
-0.25527
-0.235864
-0.219149
-0.202908
-0.185766
-0.166195
-0.29422
-0.262177
-0.237641
-0.21798
-0.200946
-0.184934
-0.168153
-0.149446
-0.275025
-0.243212
-0.219539
-0.200272
-0.183787
-0.168126
-0.15213
-0.13447
-0.252028
-0.223972
-0.200938
-0.183436
-0.167055
-0.152066
-0.136888
-0.120867
-0.426365
-0.419118
-0.411846
-0.403339
-0.393704
-0.384088
-0.376147
-0.37308
-0.427104
-0.41754
-0.408276
-0.398735
-0.389269
-0.380797
-0.374347
-0.372059
-0.42755
-0.416437
-0.405841
-0.39461
-0.383491
-0.373925
-0.367194
-0.365487
-0.430068
-0.417545
-0.404983
-0.390918
-0.37626
-0.363595
-0.355417
-0.35471
-0.435295
-0.421468
-0.406751
-0.389158
-0.369801
-0.352787
-0.342743
-0.343195
-0.443683
-0.429035
-0.412224
-0.390861
-0.366467
-0.344852
-0.333117
-0.334835
-0.455749
-0.44123
-0.422571
-0.397326
-0.368034
-0.34254
-0.33006
-0.33118
-0.471911
-0.45893
-0.438796
-0.409627
-0.375932
-0.347874
-0.334817
-0.333032
-0.492391
-0.482647
-0.461473
-0.428324
-0.390738
-0.361368
-0.346366
-0.338956
-0.517142
-0.512175
-0.490256
-0.453415
-0.412853
-0.382246
-0.362005
-0.345286
-0.545597
-0.546728
-0.52347
-0.482696
-0.44022
-0.405882
-0.377545
-0.349461
-0.576333
-0.584284
-0.5596
-0.515699
-0.470868
-0.430208
-0.389521
-0.347272
-0.609028
-0.621765
-0.593693
-0.546712
-0.497025
-0.446455
-0.392483
-0.338191
-0.637201
-0.655851
-0.62257
-0.573927
-0.516743
-0.45343
-0.386593
-0.323345
-0.659267
-0.678931
-0.644591
-0.588124
-0.518826
-0.441622
-0.367436
-0.304195
-0.675253
-0.694551
-0.651857
-0.578304
-0.490371
-0.398162
-0.32702
-0.284569
-0.592776
-0.614889
-0.57746
-0.515307
-0.442382
-0.368607
-0.314541
-0.277212
-0.420352
-0.441356
-0.424073
-0.386477
-0.344598
-0.303776
-0.273496
-0.248037
-0.282462
-0.284882
-0.275798
-0.260971
-0.244153
-0.227225
-0.216692
-0.208074
-0.212107
-0.199438
-0.186673
-0.175687
-0.16912
-0.163433
-0.160037
-0.161019
-0.204946
-0.170118
-0.148186
-0.138549
-0.132507
-0.127856
-0.122757
-0.125491
-0.214154
-0.156887
-0.117732
-0.102183
-0.100823
-0.100564
-0.097417
-0.0986155
-0.205223
-0.147832
-0.0949749
-0.0677463
-0.0662798
-0.0754977
-0.0820747
-0.0739553
-0.164304
-0.13418
-0.106465
-0.0857957
-0.0821995
-0.0885913
-0.103237
-0.101334
-0.14021
-0.132851
-0.126541
-0.121601
-0.121025
-0.130901
-0.137551
-0.149136
-0.128944
-0.130613
-0.133392
-0.137942
-0.138299
-0.139316
-0.130752
-0.120607
-0.115794
-0.124093
-0.134541
-0.146377
-0.152562
-0.149351
-0.136003
-0.12164
-0.105702
-0.120364
-0.138953
-0.160633
-0.173738
-0.17461
-0.169287
-0.146158
-0.114936
-0.125477
-0.137018
-0.153143
-0.165158
-0.165438
-0.169642
-0.141757
-0.134797
-0.137666
-0.140094
-0.141731
-0.143169
-0.140918
-0.141151
-0.131267
-0.139278
-0.139377
-0.137709
-0.133723
-0.128952
-0.122287
-0.117683
-0.110847
-0.120074
-0.122634
-0.123635
-0.12213
-0.117792
-0.110602
-0.101468
-0.0907673
-0.100742
-0.106332
-0.111093
-0.114498
-0.115738
-0.11418
-0.108676
-0.0997632
-0.113996
-0.121229
-0.127717
-0.133254
-0.13702
-0.138281
-0.136975
-0.132057
-0.135128
-0.142195
-0.148248
-0.15346
-0.15663
-0.158614
-0.155795
-0.16286
-0.131577
-0.132738
-0.132504
-0.132355
-0.131255
-0.131084
-0.128348
-0.128545
-0.102471
-0.0937387
-0.0846827
-0.0765944
-0.0698133
-0.0653338
-0.0612634
-0.0597392
-0.107851
-0.0913213
-0.0754244
-0.0613354
-0.0496671
-0.0407955
-0.0346939
-0.0304882
-0.119688
-0.101762
-0.0838251
-0.0670503
-0.0523244
-0.0399521
-0.0303777
-0.0222575
-0.138622
-0.128147
-0.114879
-0.099335
-0.082619
-0.0653193
-0.0464719
-0.0284178
-0.178799
-0.187595
-0.19159
-0.190397
-0.184339
-0.173863
-0.160402
-0.144373
-0.187679
-0.199863
-0.206253
-0.20664
-0.200509
-0.189736
-0.174753
-0.158982
-0.085022
-0.0782239
-0.0714087
-0.0657568
-0.0610388
-0.0579241
-0.0547491
-0.0540238
-0.047366
-0.0381831
-0.0289863
-0.0205745
-0.0130542
-0.00686784
-0.00223711
0.00144081
-0.0424138
-0.0385037
-0.0344891
-0.0305036
-0.0266352
-0.0229257
-0.0193009
-0.015649
-0.0349293
-0.0356537
-0.035904
-0.0355806
-0.0346316
-0.0331047
-0.0310614
-0.0285227
-0.0181464
-0.0173428
-0.0166238
-0.0160225
-0.0154943
-0.0150749
-0.0146323
-0.0144144
-0.00618765
-0.00487882
-0.00377922
-0.00293628
-0.00234965
-0.00202972
-0.00194563
-0.00204671
-0.00437261
-0.00358408
-0.00293345
-0.0024171
-0.00201446
-0.00170307
-0.00144926
-0.00121252
-0.0134064
-0.0130682
-0.0127293
-0.0123725
-0.0119697
-0.0114496
-0.0108854
-0.0102441
-0.0151862
-0.0151267
-0.0152688
-0.0156362
-0.0162206
-0.0169854
-0.0178807
-0.0188506
0.00240225
0.00183344
0.00107796
0.000105349
-0.00109232
-0.00249535
-0.00406335
-0.00574207
0.00197441
0.00179539
0.001587
0.00135624
0.00111498
0.000877729
0.000659332
0.0004755
-0.248719
-0.182651
-0.142708
-0.109733
-0.0803813
-0.0595307
-0.0428131
-0.0292671
-0.0190967
-0.0111935
-0.00497198
-0.000216901
0.00346171
0.00632651
0.00852723
0.0102278
0.0115222
0.0124937
0.0132157
0.0137327
0.0140886
0.0143112
0.0144209
-0.249211
-0.188305
-0.150701
-0.115135
-0.0858777
-0.0641352
-0.0462137
-0.0322722
-0.0215667
-0.0131402
-0.00655202
-0.00151148
0.00244667
0.00550726
0.00788044
0.00972092
0.0111253
0.0121848
0.0129706
0.0135337
0.0139207
0.0141624
0.0142814
-0.218981
-0.16425
-0.135703
-0.104115
-0.0792259
-0.0597272
-0.0435113
-0.0308736
-0.0208907
-0.0129414
-0.00666891
-0.00178455
0.00212208
0.00516915
0.00756357
0.00942992
0.0108672
0.0119595
0.012773
0.0133589
0.0137623
0.0140147
0.0141393
-0.178217
-0.131646
-0.111575
-0.0830548
-0.0645919
-0.0487936
-0.0357759
-0.025592
-0.0173495
-0.0106873
-0.00531093
-0.000956829
0.00253995
0.00535168
0.00759715
0.00937364
0.0107631
0.0118291
0.0126298
0.0132113
0.0136145
0.0138683
0.0139938
-0.136048
-0.0991875
-0.0840798
-0.0593755
-0.0467459
-0.0348736
-0.0255447
-0.0182946
-0.0122411
-0.00726243
-0.00306355
0.000496601
0.00341624
0.0058827
0.00788311
0.00949861
0.0107823
0.0117782
0.0125355
0.0130904
0.0134783
0.0137243
0.0138465
-0.103933
-0.0737489
-0.0588325
-0.0375121
-0.0289599
-0.0203069
-0.0147167
-0.0104076
-0.0066628
-0.00339732
-0.000419369
0.0022437
0.00456692
0.0066004
0.00830143
0.00972068
0.0108666
0.0117692
0.012464
0.0129792
0.0133443
0.0135777
0.0136946
-0.0786576
-0.0533078
-0.036391
-0.017116
-0.0118527
-0.0059049
-0.00394179
-0.00242372
-0.000960122
0.000556313
0.00224369
0.0040038
0.00573027
0.00733582
0.00874143
0.00995903
0.0109622
0.0117685
0.0123989
0.0128718
0.0132104
0.0134291
0.0135399
-0.0470677
-0.0241831
-0.00268412
0.0112736
0.0107789
0.0104172
0.00741019
0.00552565
0.00463292
0.00440465
0.00484831
0.0057618
0.00688084
0.00805684
0.00918003
0.0101949
0.011055
0.0117648
0.0123293
0.0127601
0.0130732
0.0132769
0.0133813
-0.0553148
-0.0119404
0.0289246
0.0421761
0.0331207
0.0264925
0.0186725
0.0132636
0.0101975
0.00812955
0.00739911
0.00751755
0.00806838
0.00882855
0.00965282
0.010456
0.0111686
0.011778
0.0122745
0.0126592
0.0129415
0.0131272
0.0132228
-0.0806451
-0.00999242
0.0470095
0.0569887
0.0491384
0.0375603
0.0270676
0.0194192
0.0143751
0.0112782
0.00970519
0.00916014
0.00921546
0.00961327
0.010159
0.0107511
0.0113115
0.0118106
0.0122299
0.0125632
0.012812
0.0129769
0.0130623
-0.0804704
-0.0101533
0.0452702
0.0578305
0.0506617
0.0396385
0.0294886
0.0220594
0.016811
0.0135153
0.0115703
0.0106545
0.0103454
0.0104088
0.0106856
0.0110733
0.0114772
0.0118615
0.0121991
0.0124748
0.0126851
0.012827
0.0129007
-0.0953502
-0.0506032
-0.00443091
0.0228133
0.0308827
0.0294957
0.0252176
0.0207117
0.0171629
0.0145888
0.0128135
0.011805
0.0112713
0.0111089
0.0111721
0.0113742
0.0116303
0.011902
0.0121575
0.0123771
0.0125508
0.0126701
0.0127336
-0.131883
-0.105796
-0.0629746
-0.0228989
0.00290628
0.0144173
0.0181177
0.017568
0.0163876
0.0148453
0.013648
0.0127474
0.0121145
0.0117757
0.0116478
0.0116717
0.011788
0.0119521
0.0121245
0.0122831
0.0124154
0.0125102
0.0125617
-0.153339
-0.116142
-0.0774336
-0.0392105
-0.0134963
0.00282314
0.0111304
0.0146911
0.0157756
0.0152003
0.0144958
0.0136076
0.0129335
0.0124551
0.0121462
0.0119903
0.0119602
0.0120109
0.0120962
0.0121919
0.0122799
0.0123461
0.0123838
-0.121052
-0.0918216
-0.064841
-0.0353824
-0.0158365
9.82955e-05
0.00815863
0.0134335
0.0151654
0.0155433
0.0151307
0.0143616
0.0136669
0.0130696
0.012615
0.0123167
0.0121523
0.0120871
0.0120814
0.0121085
0.012146
0.0121807
0.0122018
-0.0957667
-0.0692407
-0.0474447
-0.0212516
-0.00806891
0.00811505
0.0128023
0.0176093
0.0173388
0.0171584
0.0161342
0.0152578
0.014452
0.0136777
0.0130533
0.012608
0.0123169
0.0121426
0.0120512
0.0120145
0.0120053
0.0120096
0.0120146
-0.0763538
-0.0531767
-0.0318763
-0.00758839
0.00555734
0.0173288
0.0202846
0.0228208
0.0208356
0.0196679
0.0174297
0.0161566
0.0150154
0.0140996
0.0133829
0.0128356
0.0124427
0.0121737
0.0120038
0.0119065
0.0118524
0.0118278
0.0118185
-0.0909586
-0.0705054
-0.0421681
-0.0117142
0.0151284
0.0257173
0.0285746
0.0268351
0.0234669
0.0210381
0.0183884
0.0168474
0.0154985
0.0144628
0.0136366
0.0130068
0.0125327
0.0121866
0.0119443
0.0117878
0.0116897
0.0116367
0.0116123
-0.122288
-0.111249
-0.0775599
-0.0380223
0.00582308
0.0232439
0.0292919
0.0266721
0.0236458
0.0212233
0.0177071
0.0165662
0.0155339
0.0146485
0.0138295
0.0131285
0.0125833
0.0121652
0.0118599
0.0116508
0.0115118
0.0114283
0.01139
-0.144194
-0.146594
-0.103195
-0.0599704
-0.0145152
0.00652868
0.0159639
0.0185314
0.0191075
0.0181782
0.016713
0.0158435
0.0151364
0.0144576
0.0137591
0.0131119
0.012551
0.0120961
0.011743
0.0114895
0.0113115
0.0112054
0.0111533
-0.120003
-0.106648
-0.0781386
-0.0481454
-0.022423
-0.00620392
0.0045996
0.0106068
0.0138349
0.0150359
0.0153653
0.0152284
0.0148968
0.0142848
0.0136153
0.0129767
0.0124228
0.0119522
0.0115716
0.0112856
0.0110855
0.0109561
0.0108944
-0.056209
-0.0426184
-0.0262501
-0.0183145
-0.0155816
-0.0100904
-0.000441756
0.00646346
0.0103889
0.0127305
0.0138375
0.0142846
0.0143265
0.0139677
0.0134623
0.012836
0.012271
0.011771
0.0113643
0.0110552
0.0108302
0.0106866
0.0106176
-0.0270246
-0.0149924
-0.0061056
-0.00415293
-0.00578536
-0.00132116
0.00383566
0.0102645
0.0118328
0.0134884
0.0136932
0.0138232
0.0137799
0.0135396
0.0131397
0.0125938
0.0120421
0.0115292
0.0111012
0.0107724
0.0105381
0.0103826
0.0103065
-0.0228216
-0.00650291
-0.00198127
0.00695446
0.00882841
0.0135102
0.0157133
0.0180643
0.0179176
0.0174949
0.0158973
0.0151044
0.0143864
0.0137663
0.0130182
0.0123094
0.0117012
0.0111887
0.0107719
0.0104467
0.010209
0.0100501
0.00996953
-0.0200115
-0.00489178
0.00906542
0.0229496
0.0299254
0.0315315
0.0298094
0.0263928
0.0232393
0.0202324
0.0174542
0.0158067
0.014553
0.013669
0.0127987
0.0120259
0.0113486
0.0108004
0.0103728
0.0100533
0.00982401
0.00966828
0.00958729
-0.12076
-0.0871294
-0.0485345
-0.0112597
0.0198719
0.0322758
0.0343755
0.0284688
0.025132
0.0200331
0.0168617
0.0148028
0.0135569
0.0127191
0.0119753
0.0113237
0.0107673
0.0102931
0.00991048
0.00961632
0.00940427
0.00925531
0.00917884
-0.134315
-0.110853
-0.0736158
-0.0348366
-0.00137364
0.0157332
0.021497
0.0216729
0.0208061
0.0177577
0.0148711
0.0129081
0.0122379
0.011765
0.0111617
0.01052
0.0100137
0.00962507
0.00932244
0.00908531
0.00890458
0.00877856
0.00871015
-0.0506052
-0.0388611
-0.0251027
-0.0129413
-0.00330506
0.00162106
0.00457817
0.00774773
0.0102377
0.0108797
0.0101016
0.00977891
0.00992415
0.0100352
0.00988042
0.00956264
0.00921967
0.00891378
0.00868052
0.00850293
0.00836893
0.00826966
0.00821475
0.00109474
0.00575858
-0.0140711
-0.0100513
-0.00851409
-0.00584279
-0.00262353
0.0012924
0.00465863
0.00697858
0.00632713
0.00676456
0.00720048
0.00776562
0.0081185
0.00823287
0.00819212
0.00808568
0.00795515
0.00784342
0.00775088
0.00768934
0.00764895
-0.0127649
-0.00902826
-0.0054891
-0.000419698
0.00473816
0.00944817
0.0125196
0.0129519
0.0121203
0.00994674
0.00729897
0.00590663
0.00598458
0.00662977
0.00692364
0.0070104
0.00705971
0.00710949
0.00714072
0.00714559
0.00712583
0.0070891
0.00705805
-0.0248119
-0.0209419
-0.0141656
-0.00945686
-0.00536031
-0.00287601
-0.00209035
-0.00229723
-0.000917234
0.00101513
0.00191152
0.00250082
0.00361397
0.00477285
0.00542683
0.00575642
0.00601943
0.00616967
0.00626756
0.00636908
0.00641879
0.00643045
0.00641346
-0.0136169
-0.0126949
-0.0119303
-0.0120379
-0.0129763
-0.0149121
-0.0173026
-0.0181113
-0.0154606
-0.0109004
-0.00698724
-0.0036493
-0.000430166
0.0022317
0.00385355
0.00470946
0.00516034
0.00539956
0.00553114
0.00563994
0.0057123
0.00573651
0.00572828
-0.00251172
-0.00275318
-0.00432053
-0.00515828
-0.00613044
-0.00716873
-0.00827266
-0.008925
-0.00848751
-0.00725936
-0.00592633
-0.00402047
-0.00146065
0.000866455
0.0025117
0.00351347
0.00410183
0.00445488
0.00469231
0.00486593
0.00499652
0.00503754
0.00502355
-0.000957646
-0.000427537
0.000315282
0.00147002
0.00296199
0.00461891
0.00638262
0.00635539
0.00467822
0.00134317
-0.00231398
-0.00446594
-0.0039471
-0.00133031
0.00130558
0.00266896
0.00332835
0.00366423
0.0038699
0.00408728
0.00422383
0.00424901
0.00422708
-0.00939609
-0.00874693
-0.00814199
-0.00763634
-0.00727793
-0.00712046
-0.00719503
-0.007641
-0.00815253
-0.0087297
-0.00931888
-0.00888562
-0.00615266
-0.00207441
0.000871927
0.00217029
0.00269055
0.00288967
0.00307569
0.00336866
0.0035165
0.00348259
0.00343357
-0.0200918
-0.021745
-0.0234913
-0.0253467
-0.0272454
-0.0291176
-0.0306613
-0.0311076
-0.0265941
-0.0209137
-0.0157517
-0.0110451
-0.00558618
-0.00169652
0.000128319
0.00104485
0.00153038
0.0017644
0.00195567
0.00236447
0.00256081
0.00254529
0.0025173
-0.00788337
-0.010295
-0.012553
-0.0144324
-0.0157852
-0.0165661
-0.0169335
-0.016765
-0.0157024
-0.0138804
-0.0117398
-0.00928611
-0.00602954
-0.0023062
0.000343071
0.00159068
0.0018213
0.00173841
0.001567
0.00161615
0.00159063
0.00154527
0.00153557
0.000308114
0.000214585
0.000218505
0.000332576
0.000488103
0.000586862
0.000451328
-8.13983e-05
-0.00101822
-0.00208427
-0.00283414
-0.00305315
-0.00254089
-0.00119935
-9.99441e-05
0.000492957
0.000720717
0.000788238
0.000704884
0.000722033
0.000662842
0.000598846
0.000576295
-0.104099
-0.0859719
-0.0686938
-0.0545372
-0.0421039
-0.031961
-0.0232064
-0.0157108
-0.00955147
-0.00437504
-8.86038e-05
0.00339577
0.00623807
0.00851731
0.0103177
0.0117198
0.012792
0.0135994
0.0141945
0.0146258
0.0149161
0.0150894
0.0151708
-0.116527
-0.0946687
-0.0744255
-0.0581055
-0.0444949
-0.0335702
-0.0240248
-0.0160445
-0.00966531
-0.00433779
-1.4267e-05
0.00345446
0.00626855
0.00850426
0.0102652
0.0116379
0.0126922
0.0134907
0.0140828
0.0145133
0.0148056
0.0149858
0.0150727
-0.130105
-0.104274
-0.0803708
-0.0616487
-0.0470744
-0.0354475
-0.0249122
-0.0165098
-0.00987993
-0.00433519
5.23675e-05
0.00353114
0.00633221
0.00852677
0.010247
0.0115847
0.0126152
0.0133994
0.0139847
0.014412
0.0147044
0.0148887
0.0149793
-0.14325
-0.113964
-0.0868932
-0.065971
-0.0508384
-0.0379411
-0.0261663
-0.0174527
-0.0104287
-0.00458389
-8.53062e-05
0.00347334
0.00631342
0.00850526
0.0102134
0.0115315
0.0125461
0.013318
0.0138966
0.0143197
0.0146105
0.0147965
0.0148887
-0.159513
-0.124921
-0.0935463
-0.0709563
-0.0555396
-0.0404911
-0.0278214
-0.0188753
-0.0112612
-0.00509972
-0.000441147
0.00326395
0.00617577
0.00839874
0.0101256
0.0114471
0.0124621
0.0132309
0.013808
0.0142294
0.0145202
0.014707
0.0148001
-0.174341
-0.135174
-0.0999252
-0.0772973
-0.0602902
-0.0427209
-0.0299454
-0.0204993
-0.012222
-0.00586152
-0.00101275
0.00287657
0.00588118
0.00817603
0.00995351
0.0113064
0.0123432
0.0131233
0.0137085
0.0141341
0.0144281
0.0146171
0.0147112
-0.193657
-0.145105
-0.107541
-0.0854717
-0.0646656
-0.0456336
-0.0329203
-0.0223325
-0.0135
-0.00695178
-0.00179867
0.00229197
0.00540655
0.00781245
0.00966899
0.0110851
0.0121684
0.0129801
0.0135879
0.0140275
0.0143315
0.0145258
0.0146224
-0.215745
-0.158082
-0.120072
-0.0955003
-0.0699715
-0.050721
-0.0368951
-0.0248975
-0.015646
-0.0086591
-0.00306834
0.00128483
0.00461504
0.00721054
0.00920497
0.0107365
0.011905
0.0127801
0.0134332
0.0139025
0.0142263
0.0144314
0.0145327
0.0533019
0.0304528
0.00818718
-0.0143555
-0.0377924
-0.0604149
-0.0821396
-0.102771
0.0567352
0.0316784
0.00675491
-0.0188095
-0.045005
-0.0703506
-0.0939282
-0.115116
0.059759
0.0308729
0.00199972
-0.0268061
-0.0551687
-0.0820633
-0.106646
-0.128863
0.0616387
0.0283788
-0.00452566
-0.0363673
-0.0667266
-0.0950774
-0.12094
-0.144508
0.0616324
0.0241815
-0.0124855
-0.0473761
-0.0800341
-0.110227
-0.137678
-0.162523
0.0596216
0.0179749
-0.0224882
-0.0607003
-0.096091
-0.128442
-0.157504
-0.183431
0.05549
0.00922458
-0.0354257
-0.0773343
-0.115766
-0.150373
-0.181005
-0.20779
0.0486768
-0.00290846
-0.0523136
-0.098308
-0.139996
-0.176895
-0.208954
-0.236287
0.0381317
-0.0196066
-0.0744011
-0.124901
-0.170061
-0.209261
-0.242468
-0.269861
0.022343
-0.042473
-0.103354
-0.158789
-0.207603
-0.249086
-0.283033
-0.309732
-0.000760309
-0.0737027
-0.141509
-0.202371
-0.254883
-0.298548
-0.332492
-0.357289
-0.0340403
-0.11612
-0.19182
-0.258993
-0.315534
-0.360128
-0.392371
-0.413158
-0.0822119
-0.174314
-0.257608
-0.330971
-0.390126
-0.433738
-0.461699
-0.474837
-0.148858
-0.253186
-0.346147
-0.420535
-0.476285
-0.513289
-0.531304
-0.531389
-0.209317
-0.317937
-0.408722
-0.479769
-0.529832
-0.559029
-0.569112
-0.562946
0.185187
0.182475
0.175627
0.164635
0.149563
0.13074
0.108547
0.0825129
0.199873
0.196287
0.187769
0.174535
0.15692
0.135004
0.110505
0.0834824
0.216297
0.211898
0.201964
0.186844
0.167256
0.143153
0.116703
0.0888397
0.234896
0.229817
0.218669
0.201769
0.180257
0.154085
0.124875
0.094304
0.255725
0.249973
0.237552
0.218648
0.194676
0.165839
0.133016
0.098407
0.278666
0.272091
0.258107
0.236797
0.209633
0.177324
0.140291
0.100902
0.303617
0.295997
0.280044
0.255864
0.224816
0.188222
0.146456
0.101808
0.330528
0.321639
0.303267
0.275694
0.240121
0.198413
0.151246
0.100757
0.359323
0.348941
0.327656
0.296058
0.255271
0.207529
0.154031
0.0968634
0.389742
0.377607
0.352848
0.316435
0.269569
0.214721
0.153709
0.0887698
0.42119
0.406968
0.378065
0.335842
0.281777
0.218537
0.148594
0.0745506
0.452481
0.435739
0.40188
0.352636
0.28996
0.216777
0.136222
0.051465
0.481602
0.461772
0.421908
0.364093
0.290999
0.205921
0.112719
0.0152203
0.504524
0.481088
0.434312
0.366393
0.280867
0.181724
0.0738301
-0.0381656
0.523326
0.496339
0.443039
0.366257
0.26945
0.156985
0.0353012
-0.0893201
0.0257963
0.0258334
0.0258804
0.0259362
0.0259996
0.0260658
0.0261468
0.0262188
0.0302835
0.0302863
0.0302635
0.0302171
0.0301505
0.0300656
0.0299656
0.0298576
0.0265712
0.0266207
0.0266884
0.0267706
0.0268651
0.0269701
0.0270792
0.0271863
0.0304883
0.0304916
0.0304653
0.0304127
0.0303374
0.0302458
0.0301441
0.0300418
0.0280489
0.0281171
0.0282111
0.0283248
0.0284543
0.0285933
0.0287365
0.0288868
0.032331
0.0323391
0.032312
0.0322568
0.0321792
0.0320896
0.031984
0.0319051
0.0305712
0.0306552
0.030771
0.030912
0.0310724
0.0312457
0.0314183
0.0316053
0.0349441
0.0349746
0.0349732
0.0349372
0.034872
0.034802
0.034707
0.0346888
0.0342641
0.0343374
0.0345627
0.0347074
0.0348829
0.0350865
0.0352443
0.0355105
0.0387485
0.0388138
0.0388401
0.0388508
0.0388228
0.0388367
0.0387662
0.0388904
0.0395156
0.0396549
0.0398311
0.040022
0.0402052
0.0404606
0.0405742
0.0409832
0.0442947
0.0443878
0.0443808
0.0444678
0.044378
0.0445893
0.0443022
0.0449744
0.0467987
0.0469687
0.0471415
0.0473926
0.0475327
0.0478901
0.0479438
0.0483663
0.0524094
0.0526004
0.0527648
0.0529286
0.0526748
0.0532511
0.052795
0.0534584
0.0570687
0.0572432
0.0573528
0.0574951
0.0574279
0.0576173
0.0573031
0.0577682
0.0643491
0.0645725
0.0646368
0.0648685
0.0646227
0.064938
0.0641087
0.0647816
0.0717582
0.0719082
0.0718484
0.0717237
0.0711641
0.0709245
0.0698185
0.0697692
0.08167
0.0818075
0.0817043
0.0815538
0.0806144
0.0803057
0.0782849
0.0782399
0.0927652
0.0927221
0.0921891
0.0913146
0.0896589
0.0880939
0.085266
0.0831911
0.106725
0.106601
0.105762
0.104367
0.101811
0.0992615
0.0946803
0.091315
0.122647
0.122087
0.120399
0.117539
0.113264
0.10803
0.101307
0.0934822
0.142209
0.141326
0.138772
0.134359
0.127903
0.119808
0.109154
0.0972229
0.164698
0.16303
0.15855
0.151069
0.140361
0.126972
0.110608
0.0902496
0.0263065
0.0264232
0.0265695
0.0267471
0.0269597
0.0272027
0.0274298
0.0276168
0.0277361
0.02777
0.0277056
0.0275384
0.0272741
0.0269317
0.0265351
0.0261115
0.0256828
0.0252612
0.0248547
0.0244759
0.0241455
0.0238868
0.0237311
0.0297048
0.0294833
0.0291959
0.0288333
0.0283871
0.0279233
0.027494
0.0271152
0.0268084
0.0265843
0.0264397
0.0263571
0.0263051
0.026225
0.0260486
0.0257813
0.0254444
0.0250714
0.0246882
0.024319
0.0239929
0.0237379
0.023585
0.0273262
0.0275046
0.0277116
0.027949
0.0281774
0.02831
0.0283382
0.0282724
0.0281001
0.027822
0.0274557
0.0270349
0.0266175
0.0262454
0.0259092
0.0255839
0.0252265
0.0248365
0.0244409
0.024061
0.0237268
0.023471
0.0233222
0.0298705
0.0296265
0.0293153
0.0289533
0.0286434
0.0283988
0.0282064
0.0280477
0.0279054
0.027758
0.0275725
0.0272944
0.0268941
0.0264099
0.0259435
0.0254928
0.0250452
0.0245953
0.0241565
0.0237514
0.0234009
0.0231368
0.0229852
0.0290453
0.0292227
0.0294217
0.029603
0.0296811
0.0296775
0.0295743
0.0293603
0.0290411
0.0286354
0.0281811
0.0277022
0.0271904
0.026627
0.0260313
0.0254304
0.024854
0.0243198
0.0238288
0.0233999
0.0230384
0.0227726
0.0226248
0.031712
0.0313804
0.0309735
0.0306135
0.0303043
0.0300197
0.0297531
0.0294896
0.0292008
0.0288525
0.0284208
0.0279045
0.0273199
0.02667
0.0259654
0.0252533
0.0245755
0.0239628
0.0234251
0.0229736
0.0226085
0.0223502
0.0222181
0.0317823
0.0319052
0.0320305
0.032017
0.031896
0.0316511
0.0312737
0.0307752
0.0301837
0.0295348
0.0288474
0.0281289
0.0273828
0.0266086
0.0258101
0.0250113
0.0242558
0.0235749
0.0229912
0.0225118
0.0221338
0.0218721
0.0217449
0.0344489
0.0340321
0.0335852
0.0331816
0.0327852
0.0323661
0.0319117
0.031389
0.0307671
0.0300343
0.0292027
0.0283054
0.0273839
0.0264696
0.0255792
0.0247167
0.0239103
0.0231866
0.0225694
0.022069
0.0216809
0.0214051
0.021268
0.0355786
0.0355156
0.035378
0.0351294
0.0347189
0.0341358
0.0333914
0.0325234
0.0315625
0.0305283
0.0294387
0.0283181
0.0272054
0.0261433
0.0251639
0.0242669
0.0234527
0.0227302
0.0221131
0.021618
0.0212473
0.0209785
0.0208409
0.0386589
0.0380188
0.0374083
0.036725
0.0359987
0.0351792
0.0342462
0.0331853
0.0320007
0.0307239
0.0293979
0.0280715
0.0267964
0.0256143
0.0245574
0.0236389
0.0228487
0.0221685
0.0215915
0.0211285
0.0207956
0.0205577
0.0204361
0.0409064
0.040453
0.0399123
0.0391641
0.0381765
0.0369906
0.0356504
0.0341867
0.032631
0.0310229
0.0294097
0.0278453
0.0263862
0.0250689
0.0239195
0.0229562
0.0221765
0.0215469
0.0210293
0.0206145
0.0203176
0.0201071
0.0200047
0.044387
0.0434358
0.0423731
0.0411845
0.0398577
0.0383636
0.036679
0.034832
0.032894
0.0309467
0.0290641
0.0273133
0.0257331
0.0243471
0.0231657
0.0221955
0.0214364
0.0208606
0.0204129
0.0200613
0.0198066
0.0196216
0.0195365
0.0479756
0.0468707
0.0455158
0.0438345
0.0418409
0.039649
0.0373283
0.0349495
0.0325902
0.0303295
0.0282445
0.0263848
0.0247702
0.0234054
0.0222754
0.0213633
0.0206567
0.0201377
0.019758
0.0194725
0.0192714
0.0191225
0.0190576
0.0523142
0.050389
0.048277
0.0459738
0.0434553
0.0407148
0.0378327
0.0349523
0.0321836
0.0296239
0.0273412
0.0253749
0.0237356
0.0224104
0.0213621
0.0205448
0.0199185
0.0194616
0.0191388
0.018909
0.0187579
0.01865
0.0186045
0.0566797
0.0543247
0.0516179
0.0484918
0.0450801
0.0415335
0.0379805
0.0345536
0.0313856
0.0285663
0.0261448
0.0241386
0.0225326
0.0212935
0.0203692
0.0196917
0.0191918
0.0188322
0.0185836
0.0184133
0.018308
0.0182379
0.0182053
0.0623575
0.0584947
0.0544077
0.050101
0.0456311
0.0411873
0.036978
0.03314
0.0297546
0.0268635
0.0244797
0.0225839
0.0211295
0.0200617
0.0193157
0.0188141
0.0184742
0.0182443
0.0180932
0.0179926
0.0179308
0.0178929
0.0178667
0.0669429
0.0621962
0.0570214
0.0515244
0.045978
0.0406324
0.0357306
0.031435
0.0278158
0.0248841
0.0225998
0.0208849
0.0196477
0.0188018
0.0182622
0.0179463
0.0177703
0.0176774
0.0176337
0.0176101
0.0175957
0.0175914
0.0175734
0.0729701
0.065599
0.0583407
0.0513178
0.0446905
0.038678
0.033409
0.0289501
0.0253344
0.0225372
0.0204766
0.0190335
0.01808
0.0174996
0.0171902
0.0170653
0.0170495
0.0170906
0.0171558
0.0172153
0.0172592
0.0172992
0.0173007
0.0769454
0.0679319
0.0588675
0.0502603
0.0424747
0.0358107
0.0302885
0.0258593
0.0224462
0.0199387
0.0182041
0.0170948
0.01646
0.0161644
0.0160943
0.0161622
0.016303
0.0164738
0.0166465
0.0167925
0.0169052
0.017
0.0170317
0.0808358
0.0677532
0.0565932
0.0468347
0.0384813
0.0315822
0.026088
0.0219228
0.018933
0.0169143
0.0156638
0.0149942
0.0147395
0.0147629
0.0149544
0.0152314
0.0155393
0.0158442
0.0161258
0.0163609
0.0165472
0.0166998
0.0167662
0.0803918
0.0652233
0.052236
0.0414291
0.0327911
0.0260654
0.020981
0.0173562
0.014974
0.0135816
0.0129253
0.0127776
0.0129566
0.0133325
0.0138085
0.0143117
0.0147984
0.0152425
0.015633
0.0159559
0.0162115
0.0164165
0.0165154
0.0764166
0.0579841
0.0445753
0.0337524
0.0254562
0.0192606
0.014892
0.0120782
0.0105112
0.00988985
0.00993171
0.0103859
0.0110607
0.0118379
0.0126356
0.0133922
0.0140765
0.0146718
0.0151764
0.0155881
0.0159093
0.0161621
0.0162908
0.0637113
0.0475522
0.0344901
0.0241124
0.0165272
0.0111726
0.00779052
0.00602098
0.0054632
0.00575667
0.00659783
0.00772692
0.0089564
0.0101882
0.0113532
0.0124015
0.013316
0.0140884
0.0147257
0.0152378
0.0156295
0.0159354
0.0160955
0.047671
0.0362905
0.0256315
0.0159279
0.00863315
0.003842
0.00126719
0.000413963
0.000782464
0.00193723
0.00353811
0.00530896
0.00706185
0.00872224
0.0102325
0.0115576
0.0126895
0.0136271
0.0143849
0.0149836
0.0154322
0.0157743
0.015956
0.0274685
0.0181197
0.01139
0.00495057
-0.000253429
-0.00325697
-0.00426261
-0.00380591
-0.00238484
-0.000408253
0.00182103
0.00406012
0.00615356
0.00806771
0.0097643
0.0112272
0.0124586
0.0134646
0.0142656
0.0148892
0.0153477
0.0156828
0.0158616
0.00460193
-0.00474695
-0.00812106
-0.0102424
-0.0107537
-0.0101577
-0.00859476
-0.00637854
-0.00379503
-0.0010778
0.00160396
0.00410037
0.00632107
0.00828559
0.00998132
0.0114172
0.0126094
0.0135723
0.0143306
0.0149139
0.0153346
0.0156234
0.0157763
-0.0152575
-0.0236251
-0.023874
-0.022759
-0.0195705
-0.0159519
-0.0121534
-0.00838574
-0.00477229
-0.00140426
0.0016647
0.00438496
0.00672169
0.00871066
0.0103705
0.0117411
0.012857
0.0137449
0.0144352
0.01496
0.0153299
0.015566
0.0156873
-0.0350057
-0.0383498
-0.0340578
-0.0305548
-0.0254073
-0.0202281
-0.0151162
-0.0103161
-0.00593755
-0.00202765
0.00140681
0.00437267
0.0068785
0.0089462
0.0106187
0.011962
0.0130289
0.0138606
0.0144964
0.0149727
0.0153004
0.0154953
0.0155905
-0.0544547
-0.051747
-0.0431072
-0.037144
-0.0301874
-0.0238358
-0.0177861
-0.0122224
-0.00725059
-0.00288966
0.000875655
0.00407176
0.00674661
0.00892421
0.010656
0.0120177
0.0130747
0.0138821
0.0144878
0.0149347
0.0152359
0.0154074
0.0154867
-0.0735647
-0.0649886
-0.0526109
-0.0437022
-0.0346359
-0.0270059
-0.0200535
-0.0138231
-0.00838441
-0.00367635
0.000344982
0.00371099
0.00650364
0.00876627
0.0105564
0.0119505
0.0130181
0.013823
0.0144184
0.0148526
0.0151423
0.0153059
0.0153797
-0.0897195
-0.0759998
-0.0613449
-0.0496964
-0.0387756
-0.0297808
-0.0219035
-0.0150052
-0.00916363
-0.00418788
2.75664e-06
0.00346108
0.00630664
0.00860404
0.0104204
0.0118324
0.0129093
0.0137178
0.0143124
0.0147435
0.0150313
0.0151976
0.0152734
)
;

boundaryField
{
    outlet
    {
        type            fixedValue;
        value           uniform 0;
    }
    upperWall
    {
        type            symmetryPlane;
    }
    lowerWall
    {
        type            symmetryPlane;
    }
    inlet
    {
        type            zeroGradient;
    }
    cylinder
    {
        type            zeroGradient;
    }
    frontAndBack
    {
        type            empty;
    }
}


// ************************************************************************* //
