/*--------------------------------*- C++ -*----------------------------------*\
| =========                 |                                                 |
| \\      /  F ield         | OpenFOAM: The Open Source CFD Toolbox           |
|  \\    /   O peration     | Version:  2312                                  |
|   \\  /    A nd           | Website:  www.openfoam.com                      |
|    \\/     M anipulation  |                                                 |
\*---------------------------------------------------------------------------*/
FoamFile
{
    version     2.0;
    format      ascii;
    arch        "LSB;label=32;scalar=64";
    class       volScalarField;
    location    "18.3";
    object      p;
}
// * * * * * * * * * * * * * * * * * * * * * * * * * * * * * * * * * * * * * //

dimensions      [0 2 -2 0 0 0 0];

internalField   nonuniform List<scalar> 
5478
(
-0.272784
-0.270191
-0.265945
-0.261388
-0.258718
-0.259629
-0.26466
-0.27315
-0.283888
-0.294746
-0.305059
-0.31173
-0.315732
-0.312466
-0.303627
-0.274069
-0.271951
-0.267252
-0.262061
-0.258351
-0.257422
-0.259645
-0.264409
-0.270311
-0.275938
-0.279619
-0.280312
-0.277465
-0.270261
-0.261466
-0.27974
-0.277101
-0.272262
-0.266685
-0.261781
-0.258437
-0.256951
-0.25687
-0.25724
-0.256803
-0.254783
-0.250759
-0.244888
-0.237496
-0.229353
-0.289818
-0.285532
-0.279817
-0.273217
-0.266316
-0.25968
-0.253789
-0.248619
-0.243615
-0.23838
-0.232583
-0.226176
-0.219032
-0.210927
-0.202548
-0.303926
-0.297168
-0.289638
-0.280957
-0.270717
-0.259797
-0.249225
-0.23937
-0.230255
-0.221644
-0.213248
-0.204874
-0.196192
-0.187452
-0.178787
-0.322428
-0.312148
-0.302149
-0.289595
-0.274197
-0.258109
-0.242891
-0.22909
-0.216641
-0.205308
-0.19483
-0.184959
-0.175492
-0.166479
-0.157463
-0.345692
-0.330338
-0.316417
-0.297388
-0.275178
-0.253466
-0.233867
-0.216616
-0.201483
-0.188119
-0.176177
-0.165343
-0.155339
-0.146083
-0.137042
-0.371023
-0.350521
-0.329084
-0.301069
-0.271408
-0.244309
-0.220832
-0.20077
-0.183555
-0.168679
-0.155713
-0.144303
-0.134224
-0.125318
-0.11703
-0.231294
-0.239746
-0.249217
-0.262845
-0.280036
-0.299723
-0.321039
-0.343176
-0.365391
-0.386968
-0.40721
-0.425531
-0.441565
-0.454971
-0.464752
-0.232233
-0.240069
-0.249115
-0.262298
-0.279069
-0.298418
-0.319536
-0.341674
-0.36415
-0.386329
-0.407576
-0.427193
-0.444552
-0.459362
-0.471492
-0.24219
-0.24812
-0.256111
-0.268365
-0.284287
-0.302915
-0.323488
-0.345308
-0.367742
-0.390199
-0.41215
-0.433012
-0.451772
-0.468376
-0.481892
-0.255533
-0.258743
-0.265127
-0.275886
-0.290313
-0.307506
-0.326757
-0.347429
-0.36896
-0.39077
-0.411936
-0.433843
-0.450739
-0.471123
-0.481362
-0.266849
-0.267112
-0.271414
-0.279902
-0.291961
-0.306825
-0.323862
-0.342496
-0.36208
-0.382823
-0.401775
-0.423795
-0.439071
-0.459352
-0.470388
-0.273389
-0.271301
-0.273051
-0.278313
-0.286895
-0.298419
-0.312374
-0.328431
-0.345362
-0.364697
-0.381005
-0.402225
-0.416771
-0.435337
-0.44588
-0.275223
-0.271907
-0.270965
-0.272257
-0.276363
-0.28362
-0.29381
-0.306799
-0.321247
-0.3385
-0.35509
-0.373493
-0.388017
-0.403347
-0.412867
-0.274171
-0.270881
-0.267812
-0.265402
-0.265195
-0.268372
-0.275448
-0.286278
-0.300061
-0.31478
-0.329818
-0.342777
-0.35358
-0.361899
-0.367416
-0.471722
-0.453564
-0.410476
-0.340268
-0.24728
-0.132995
-0.0163056
0.0701527
0.108838
0.113793
0.101097
0.0839329
0.0682288
0.0554996
0.0454039
0.0373819
0.0310499
0.02619
0.0221532
0.0191248
0.0163635
0.0142337
0.0124731
0.0108653
0.00976336
0.00868603
0.00773668
0.00723175
0.00640727
0.00582814
0.00561121
0.00492384
0.00427358
0.004044
0.00373419
0.00309731
0.00166788
0.000252206
-0.485309
-0.469757
-0.427283
-0.355802
-0.257413
-0.138825
-0.0176838
0.0707402
0.110081
0.115125
0.102352
0.0852161
0.0694025
0.056418
0.0461257
0.0379164
0.0315162
0.0264879
0.0224721
0.0193042
0.016549
0.0143739
0.012545
0.0109695
0.00981303
0.00871419
0.00781938
0.00723754
0.00642371
0.00589463
0.00560943
0.00491056
0.0043224
0.00407881
0.0037269
0.00305899
0.00168398
0.000324464
-0.503376
-0.490449
-0.452563
-0.383341
-0.286176
-0.167341
-0.0388737
0.0567018
0.101905
0.110794
0.100677
0.0846894
0.0694566
0.0568974
0.0466057
0.0383288
0.031869
0.0266948
0.0227496
0.0194174
0.0167364
0.0144908
0.0126207
0.0110763
0.00986407
0.00874859
0.00790245
0.0072469
0.00644363
0.00596034
0.00560989
0.00490108
0.00437115
0.0041134
0.0037203
0.00302418
0.00170231
0.000394002
-0.50726
-0.503665
-0.470222
-0.407047
-0.316126
-0.199184
-0.071669
0.02981
0.0824561
0.0980338
0.0935014
0.0808613
0.0674481
0.0557514
0.0461122
0.0381836
0.0318736
0.026726
0.0228876
0.0194785
0.0168832
0.0145907
0.0126959
0.0111799
0.00991808
0.00879018
0.00798221
0.00726258
0.00646819
0.00602177
0.00561444
0.0048989
0.00441724
0.00414572
0.00371535
0.0029965
0.00172393
0.000456796
-0.490744
-0.499191
-0.477215
-0.423296
-0.343335
-0.234113
-0.108951
-0.00456336
0.0556723
0.0792497
0.0818016
0.0750596
0.0648266
0.0546138
0.0456948
0.0381667
0.0318921
0.0267857
0.022944
0.0195326
0.0169706
0.0146767
0.0127603
0.0112734
0.00997236
0.00883629
0.00805563
0.00728469
0.00649664
0.0060766
0.00562374
0.00490513
0.00445815
0.00417462
0.00371272
0.00297873
0.00174916
0.000508714
-0.456995
-0.477639
-0.465372
-0.421176
-0.35044
-0.256284
-0.143247
-0.0408234
0.0248024
0.0573623
0.0672957
0.0657637
0.0592095
0.0515675
0.0439809
0.0373458
0.0315818
0.0267183
0.0229463
0.0196222
0.0170394
0.0147865
0.0128336
0.0113647
0.010038
0.00889014
0.00812136
0.0073159
0.00653043
0.00612193
0.00563828
0.00492194
0.00449194
0.00419859
0.00371291
0.00297271
0.00177821
0.00054588
-0.41868
-0.443852
-0.446919
-0.415739
-0.354308
-0.267423
-0.169037
-0.0718622
-0.00146867
0.0377902
0.0552046
0.0593442
0.0563948
0.0502125
0.0433289
0.0371064
0.0313839
0.0266099
0.0228709
0.0196022
0.017054
0.0148286
0.0128888
0.0114311
0.0100887
0.0089514
0.00817282
0.00734837
0.00657321
0.00615698
0.00565273
0.00495231
0.00451966
0.00421601
0.0037137
0.00298216
0.00181197
0.000564106
-0.375371
-0.393775
-0.395734
-0.379838
-0.338456
-0.272831
-0.191392
-0.109224
-0.0391347
0.00902219
0.035939
0.0471177
0.0489059
0.0457227
0.0411186
0.0358982
0.0310344
0.0265685
0.0229455
0.0197736
0.0171536
0.0150026
0.0129805
0.0115357
0.0101835
0.00901894
0.00823834
0.00739285
0.00661548
0.00618836
0.00567435
0.00499073
0.00453559
0.00423241
0.00371869
0.00300343
0.00185043
0.000560592
-0.327106
-0.354653
-0.357372
-0.336491
-0.299584
-0.246693
-0.180204
-0.10897
-0.0465394
-0.00138181
0.0253883
0.0392686
0.044053
0.0432655
0.0396385
0.0353226
0.0299402
0.0258861
0.0224246
0.0194255
0.0169918
0.0147875
0.0130225
0.0114644
0.0101762
0.00912199
0.00817854
0.00745793
0.00671095
0.00613956
0.00570703
0.00510194
0.00453584
0.00419762
0.00373777
0.00308178
0.00190444
0.000527355
-0.261252
-0.286104
-0.28211
-0.264281
-0.235956
-0.196206
-0.146801
-0.09509
-0.0484399
-0.0116546
0.012463
0.0257113
0.0315316
0.0324719
0.0310038
0.0284828
0.026593
0.023577
0.0208846
0.0183627
0.016247
0.014312
0.0126698
0.0112433
0.0100437
0.00903325
0.00809867
0.00745298
0.00669188
0.00609795
0.0057454
0.00511665
0.00450773
0.00419207
0.00376173
0.00313627
0.00191438
0.000484658
-0.211552
-0.235104
-0.236762
-0.222701
-0.19938
-0.169822
-0.134766
-0.0958532
-0.0572897
-0.0241937
-0.000506847
0.0142222
0.0225196
0.0265982
0.0276387
0.0263345
0.0240605
0.021755
0.0195521
0.0174536
0.0155535
0.013803
0.0123354
0.0110055
0.00988106
0.00893973
0.00801766
0.00741636
0.00667414
0.00607266
0.00574968
0.00511596
0.00450564
0.00418947
0.003765
0.00316594
0.00191947
0.000452592
-0.171451
-0.189734
-0.19084
-0.178939
-0.161177
-0.13879
-0.111954
-0.0820546
-0.0523706
-0.0262625
-0.00627675
0.00713782
0.0154143
0.0198611
0.0213961
0.0213491
0.0206185
0.0192736
0.0177859
0.0161481
0.0146553
0.0131468
0.0119025
0.0106909
0.00966704
0.00882068
0.00789997
0.00736846
0.00665973
0.00602573
0.00575014
0.00513604
0.00450138
0.00417459
0.00377105
0.0032098
0.00194516
0.000426961
-0.136644
-0.151587
-0.154312
-0.147033
-0.133729
-0.117034
-0.0977388
-0.0764901
-0.0545569
-0.0336343
-0.0158314
-0.00256799
0.00646492
0.012304
0.0156293
0.0172477
0.0174942
0.0168988
0.0159713
0.0148203
0.0136779
0.0124151
0.0113916
0.0103156
0.00940912
0.00865596
0.00775862
0.00730454
0.00661725
0.00597363
0.00575275
0.00514505
0.00448674
0.00416939
0.00378718
0.00325999
0.00197642
0.000405474
-0.108977
-0.12107
-0.123972
-0.118827
-0.109
-0.0966273
-0.0823028
-0.0662304
-0.0491504
-0.0323466
-0.0175529
-0.00593174
0.00248132
0.00825507
0.0118655
0.0136415
0.0142936
0.0143323
0.0140135
0.0133538
0.0125829
0.0115833
0.010793
0.00987581
0.00909214
0.00844535
0.0075919
0.0072081
0.00655546
0.00592117
0.00573868
0.00513931
0.00447895
0.00417221
0.00379813
0.00330062
0.00200837
0.00039184
-0.0865089
-0.0959765
-0.0987674
-0.0955667
-0.0887229
-0.0798381
-0.0694835
-0.0579452
-0.0457185
-0.0333562
-0.0218198
-0.0119057
-0.00398881
0.00193935
0.00613734
0.00932598
0.0110518
0.0117014
0.0119254
0.011727
0.011361
0.0106411
0.0101005
0.0093615
0.00871443
0.00818959
0.0073907
0.00708458
0.00647721
0.00585229
0.00570982
0.00512965
0.00447055
0.00417111
0.00380118
0.0033352
0.00204586
0.00038834
-0.0681386
-0.0756389
-0.0782836
-0.0764328
-0.0717251
-0.0654075
-0.0579522
-0.049584
-0.0405049
-0.0309145
-0.0215268
-0.0130332
-0.00585525
-0.000261563
0.00383962
0.00665619
0.00833207
0.0093396
0.00995389
0.0101899
0.0101367
0.00967172
0.00935872
0.00879441
0.0082881
0.00788917
0.0071555
0.00693326
0.00637151
0.00576541
0.00567286
0.00510912
0.00445195
0.00416947
0.00380262
0.00336556
0.00208735
0.000393104
-0.0533574
-0.0592501
-0.0616036
-0.0606155
-0.0574317
-0.0530431
-0.0478185
-0.041871
-0.0353742
-0.0284396
-0.0215241
-0.0149981
-0.00909093
-0.00407409
-0.000147441
0.00311743
0.00550085
0.00687318
0.00789011
0.00848843
0.0088071
0.00861004
0.00853428
0.00816237
0.00780869
0.00754385
0.00688555
0.00674994
0.00624271
0.00566476
0.00562305
0.00507632
0.0044286
0.00416906
0.00380327
0.00339041
0.00213015
0.000406187
-0.0415296
-0.0461129
-0.0481471
-0.0477283
-0.0456379
-0.0426378
-0.0390035
-0.0348112
-0.0302056
-0.0251152
-0.0198455
-0.0146465
-0.00967291
-0.00541866
-0.00184092
0.00131698
0.00357761
0.00503574
0.00615937
0.00701093
0.00757194
0.00757982
0.00769046
0.00749082
0.00727013
0.00714611
0.00656894
0.00651983
0.00608281
0.00553623
0.00554322
0.00502679
0.00439451
0.00415635
0.00378952
0.00340703
0.00216851
0.00041249
-0.0318613
-0.0354073
-0.0371301
-0.0370672
-0.0357425
-0.0337438
-0.0312825
-0.0284144
-0.0252334
-0.0216004
-0.0177468
-0.0138679
-0.00998609
-0.00648932
-0.00346126
-0.000583056
0.00173956
0.003277
0.00453508
0.00558384
0.00637402
0.0065861
0.00688396
0.00684448
0.00678594
0.00676518
0.00628095
0.00632585
0.00593528
0.00543664
0.00550528
0.00498867
0.00438245
0.00418076
0.0037945
0.00341791
0.00222936
0.000464422
-0.0242988
-0.0270299
-0.0284574
-0.0285866
-0.0277722
-0.026476
-0.0248419
-0.0228993
-0.0207473
-0.0182297
-0.0154987
-0.0126615
-0.00964249
-0.00679701
-0.00428666
-0.00173174
0.000436155
0.00190298
0.00314108
0.00424784
0.0051758
0.0055321
0.00595101
0.00606346
0.00609092
0.00623393
0.0058313
0.00594589
0.00566583
0.00518932
0.00529887
0.00486678
0.00425784
0.00407874
0.0037196
0.0033807
0.00219848
0.000414487
-0.0179112
-0.0200088
-0.021177
-0.0213991
-0.0209098
-0.0200744
-0.018983
-0.0176662
-0.0162345
-0.0145057
-0.0125952
-0.0105728
-0.00831139
-0.00612392
-0.00417599
-0.00203665
-0.000131254
0.00120221
0.00234964
0.00346081
0.00443412
0.00487392
0.00540229
0.00560191
0.00577674
0.00595786
0.00565249
0.00585531
0.00559908
0.00519572
0.0053702
0.00490842
0.00435309
0.00420342
0.00381399
0.0034613
0.00235765
0.000566691
-0.0132376
-0.0148222
-0.015765
-0.0160288
-0.015766
-0.0152794
-0.0146124
-0.0137782
-0.0128833
-0.0117403
-0.010458
-0.00908758
-0.00743988
-0.00580584
-0.0043284
-0.00257508
-0.00091746
0.000223891
0.00126142
0.00231778
0.00332307
0.00383101
0.004399
0.00470441
0.00491102
0.00525128
0.00501615
0.00526348
0.00513996
0.00475079
0.0049427
0.00461389
0.00404408
0.00393007
0.00355587
0.00324172
0.00216236
0.00040723
-0.00866672
-0.00987939
-0.0106381
-0.010892
-0.0107484
-0.0104698
-0.0100586
-0.0095177
-0.00896238
-0.00820873
-0.00736141
-0.00645381
-0.00527978
-0.0041068
-0.00306863
-0.00168891
-0.000339737
0.000582577
0.0014175
0.00234825
0.00325294
0.00372598
0.00430704
0.00462792
0.00491811
0.00523266
0.00507605
0.00537908
0.00527105
0.00494693
0.00521322
0.00483887
0.00431359
0.00421601
0.00384298
0.00347321
0.00246762
0.000692025
-0.00594578
-0.00687159
-0.0074884
-0.00773841
-0.00768488
-0.00755358
-0.00732953
-0.00701827
-0.00673322
-0.00629029
-0.00578585
-0.00523894
-0.00443092
-0.00364111
-0.00295589
-0.00188957
-0.000784566
-9.36749e-05
0.000584429
0.00140901
0.00227044
0.00274459
0.0032878
0.00366226
0.00393885
0.00437692
0.0042749
0.00457841
0.00460902
0.00429111
0.00452475
0.0043252
0.00379945
0.00373819
0.00329631
0.0029984
0.0021189
0.000455183
-0.00239905
-0.003081
-0.00358101
-0.0038219
-0.00383471
-0.00382607
-0.00374496
-0.00358149
-0.00345315
-0.00317884
-0.0028642
-0.00255243
-0.00199716
-0.00148374
-0.00109673
-0.00032176
0.000556182
0.00104587
0.00151346
0.00215461
0.00285031
0.0032284
0.00369155
0.00405376
0.00429249
0.00470626
0.00461208
0.00495148
0.00500626
0.00467589
0.00505128
0.00475248
0.00421582
0.00421478
0.00379854
0.00335702
0.00253225
0.000838806
-0.000790804
-0.00134822
-0.00177868
-0.00200408
-0.00205299
-0.00210939
-0.00210227
-0.00204311
-0.0020354
-0.00192577
-0.00182848
-0.0017351
-0.0014035
-0.0011275
-0.000900923
-0.000334422
0.000296904
0.000566512
0.000938229
0.00146903
0.00206164
0.00240768
0.00277346
0.00317696
0.00334401
0.00384121
0.00378588
0.00403319
0.00426663
0.00391465
0.00417599
0.00413721
0.00363666
0.00361269
0.00304397
0.00270988
0.00221797
0.00069439
0.00191526
0.00149969
0.00113638
0.00089883
0.000786557
0.000652955
0.000572974
0.000538481
0.000481546
0.000527739
0.000583598
0.000588147
0.000789473
0.000889979
0.000977825
0.00133325
0.00184011
0.00197055
0.00224935
0.00258345
0.00302559
0.00323735
0.00350349
0.00387304
0.00388532
0.00448069
0.00425455
0.00465789
0.0048414
0.00437902
0.00486755
0.00464202
0.0040949
0.00413778
0.00360316
0.00322223
0.00267288
0.000981728
0.00300776
0.00265902
0.00237593
0.00214943
0.00198399
0.00182206
0.00165301
0.00149716
0.00134508
0.00121633
0.00119503
0.00114478
0.00120467
0.00127431
0.00134141
0.00134659
0.00162854
0.00178851
0.00206325
0.00221303
0.00256462
0.00276329
0.00294332
0.00333706
0.00321195
0.00390169
0.00362325
0.0039596
0.00439472
0.00378682
0.00430686
0.00439926
0.00375961
0.0037449
0.00346774
0.00319523
0.00279955
0.00105784
0.00452506
0.00424625
0.00400407
0.00379167
0.0036001
0.00344458
0.00329504
0.00314603
0.00303043
0.00289409
0.00279058
0.00271927
0.00266753
0.00267432
0.00277337
0.0027552
0.00279502
0.00289917
0.00308672
0.00319495
0.00333801
0.00353283
0.00362825
0.00391061
0.00390853
0.00420631
0.00424318
0.0043164
0.00459748
0.0043698
0.00454429
0.00453518
0.00412733
0.00407118
0.00365337
0.00288842
0.00246675
0.00108325
0.00508067
0.00486348
0.00465394
0.00444888
0.00425031
0.00405998
0.00387621
0.0036964
0.00353162
0.00338008
0.00325728
0.00314384
0.00305557
0.00298269
0.0029389
0.00288135
0.00289164
0.00293185
0.00299893
0.00306332
0.00313958
0.00328562
0.00334846
0.00355215
0.00358748
0.00378862
0.00389507
0.00391511
0.00419532
0.00405106
0.0041403
0.00426864
0.00385363
0.00370647
0.00344379
0.00258305
0.00175848
0.000724016
0.00556057
0.00535323
0.00515205
0.00495793
0.00476879
0.00458949
0.00441806
0.00425135
0.00409468
0.00393479
0.00378438
0.0036597
0.00355463
0.00347557
0.00344206
0.00339881
0.00335171
0.00334707
0.00339228
0.00344919
0.00349731
0.00359078
0.00366242
0.00378773
0.0038698
0.00397394
0.00410181
0.00412515
0.00426718
0.00426131
0.00420195
0.00425461
0.00398582
0.00365529
0.00335409
0.00260558
0.00169906
0.00068621
-0.107115
-0.125453
-0.145021
-0.166605
-0.190486
-0.217554
-0.247243
-0.282931
-0.0965854
-0.111885
-0.127306
-0.144237
-0.161391
-0.180408
-0.199002
-0.222567
-0.0836352
-0.0948007
-0.10572
-0.117731
-0.130124
-0.143715
-0.159161
-0.178802
-0.0724686
-0.0808843
-0.089343
-0.0985654
-0.108886
-0.120077
-0.133018
-0.14793
-0.0619329
-0.0684717
-0.0752133
-0.0824099
-0.0904322
-0.0986169
-0.107737
-0.118673
-0.0527874
-0.0576591
-0.0626295
-0.0677716
-0.0734509
-0.0793494
-0.0862698
-0.0949966
-0.0444156
-0.0478693
-0.0513885
-0.055131
-0.059406
-0.0640132
-0.0693927
-0.0760645
-0.0370319
-0.0394748
-0.0419784
-0.0447251
-0.0478926
-0.0512917
-0.0552124
-0.0602176
-0.030522
-0.0322215
-0.0339351
-0.0358369
-0.0380627
-0.0405104
-0.0434319
-0.0472984
-0.0247744
-0.0259394
-0.0270795
-0.0283671
-0.0299401
-0.0317527
-0.0339705
-0.0369389
-0.0197141
-0.020524
-0.0212784
-0.0221336
-0.0232227
-0.0245252
-0.0261567
-0.0283936
-0.0153824
-0.0159543
-0.0164685
-0.0170404
-0.0177899
-0.0187293
-0.0199514
-0.0216646
-0.0115122
-0.0119457
-0.0122823
-0.0126157
-0.0130786
-0.0137213
-0.0146174
-0.0159121
-0.00844617
-0.00872498
-0.00894075
-0.00917004
-0.00952768
-0.0100446
-0.0107525
-0.0117419
-0.0052842
-0.00557187
-0.00576247
-0.00589607
-0.00608601
-0.00639194
-0.00685335
-0.0075527
-0.0031444
-0.0033174
-0.00342317
-0.00350289
-0.00367027
-0.00398337
-0.00444695
-0.00506301
-0.000566863
-0.000784406
-0.000913929
-0.000971994
-0.00105689
-0.00122245
-0.00147051
-0.00182107
0.0011028
0.000943319
0.000849704
0.000797837
0.000686767
0.000460856
0.000134877
-0.000259976
0.00326867
0.00306473
0.00293646
0.00286903
0.00278455
0.00264288
0.00246097
0.00224594
0.0048154
0.00459498
0.00439853
0.00422417
0.00404426
0.00383463
0.00359689
0.00333458
0.00572584
0.00558326
0.00543467
0.00529006
0.00515773
0.00503373
0.00490553
0.00475134
0.00631027
0.00615435
0.0059984
0.00584603
0.00569907
0.00555567
0.00541215
0.0052655
0.00665996
0.0065262
0.00639373
0.00626079
0.00612832
0.00599739
0.00586684
0.00573348
0.0731259
0.0771144
0.0807342
0.0832697
0.0840864
0.0831005
0.0801609
0.074711
0.0657981
0.0520869
0.0317466
0.0023608
-0.0399295
-0.098395
-0.147366
0.0502407
0.0518478
0.0519557
0.0507432
0.04807
0.0436214
0.0369035
0.0271557
0.0133391
-0.00593471
-0.0325991
-0.0691311
-0.118537
-0.185664
-0.234567
0.0270278
0.0263303
0.0231243
0.0186428
0.0129777
0.00551663
-0.0044764
-0.0178618
-0.0357303
-0.0594847
-0.0910471
-0.133323
-0.188063
-0.257934
-0.30487
0.00251017
-0.000491922
-0.00606099
-0.0126973
-0.0205545
-0.0304451
-0.0431006
-0.0592922
-0.0802169
-0.107279
-0.14211
-0.188034
-0.245682
-0.313444
-0.356661
-0.0227836
-0.0280712
-0.0349832
-0.0427853
-0.0521224
-0.0637884
-0.0783874
-0.0964755
-0.119345
-0.148287
-0.185108
-0.232031
-0.289178
-0.35178
-0.389616
-0.0479677
-0.0549854
-0.0625444
-0.0711113
-0.0815034
-0.0942881
-0.10999
-0.129241
-0.152965
-0.182414
-0.219206
-0.264707
-0.318306
-0.372854
-0.405009
-0.0729612
-0.0800848
-0.0880526
-0.0973406
-0.108472
-0.121846
-0.137935
-0.15734
-0.180802
-0.209391
-0.244339
-0.28631
-0.333471
-0.377511
-0.405154
-0.0958746
-0.103401
-0.111838
-0.121644
-0.13311
-0.146526
-0.162307
-0.180983
-0.203185
-0.22973
-0.261383
-0.29798
-0.336225
-0.368492
-0.39276
0.206533
0.221598
0.238178
0.256636
0.277004
0.299157
0.322982
0.348412
0.375355
0.403551
0.43243
0.460903
0.487093
0.507459
0.524344
0.20345
0.217459
0.233072
0.25068
0.270178
0.291302
0.31388
0.33784
0.363073
0.389273
0.415794
0.441448
0.464223
0.480668
0.493764
0.196247
0.208535
0.222661
0.238962
0.257069
0.276505
0.297011
0.318478
0.340757
0.363468
0.385852
0.406581
0.423403
0.433014
0.439808
0.184972
0.195047
0.207317
0.221869
0.238
0.255065
0.272745
0.290883
0.309234
0.327276
0.344074
0.358099
0.366788
0.366843
0.365457
0.169604
0.177249
0.187608
0.200264
0.214009
0.228053
0.242118
0.256067
0.269578
0.281964
0.292064
0.298107
0.29719
0.285864
0.274331
0.150497
0.155377
0.163755
0.174434
0.185608
0.196361
0.206438
0.215699
0.223736
0.229712
0.232269
0.229396
0.217859
0.194098
0.171121
0.12806
0.130802
0.137414
0.145637
0.153601
0.160588
0.16641
0.170814
0.17319
0.172505
0.167216
0.155104
0.132648
0.0963449
0.062152
0.101868
0.103792
0.109628
0.115369
0.119745
0.122585
0.123884
0.12326
0.119886
0.112531
0.0994798
0.0783341
0.0453329
-0.00280147
-0.0463375
0.0260622
0.0264186
0.0264397
0.0284751
0.0280527
0.0316343
0.0304705
0.0359208
0.0354621
0.0407391
0.0428131
0.0483268
0.0521145
0.0589334
0.0650246
0.0736813
0.0827004
0.094318
0.107052
0.12266
0.140116
0.16079
0.185218
0.026041
0.0264073
0.0264637
0.0285113
0.0280444
0.0315682
0.0305098
0.0358656
0.0355043
0.0407182
0.0428919
0.0483058
0.0523096
0.0590748
0.065311
0.0739393
0.083007
0.0946035
0.107258
0.122829
0.139439
0.161463
0.183638
0.0260193
0.0263895
0.0264865
0.0285297
0.0280549
0.031467
0.030581
0.0357766
0.0355995
0.0406774
0.0429851
0.0482653
0.0524915
0.05917
0.0655425
0.074129
0.0831535
0.0946113
0.106804
0.122468
0.13927
0.158581
0.178819
0.0259978
0.0263668
0.0265074
0.0285303
0.0280806
0.0313414
0.0306814
0.0356559
0.035707
0.0406139
0.0430758
0.0482195
0.0526664
0.0592362
0.0656732
0.0742242
0.0831526
0.0946897
0.106443
0.121493
0.136231
0.154138
0.171053
0.0259772
0.0263408
0.026524
0.0285134
0.0281191
0.0312003
0.0308027
0.0355231
0.0358574
0.0405361
0.0431582
0.048178
0.0528539
0.0593438
0.0658312
0.074243
0.0827529
0.0936421
0.104444
0.117815
0.131348
0.147245
0.159851
0.0259581
0.0263128
0.0265345
0.0284808
0.0281623
0.0310615
0.0309463
0.0353384
0.0359684
0.0404487
0.0432265
0.0481472
0.0529635
0.059443
0.0659028
0.0744479
0.0829516
0.0938599
0.103091
0.11668
0.126294
0.139104
0.14592
0.0259421
0.0262831
0.026534
0.0284393
0.0282168
0.0309071
0.031082
0.0351959
0.0362364
0.0403972
0.0433689
0.0482494
0.0531884
0.0595494
0.0658115
0.0738625
0.0816774
0.0916233
0.100555
0.11116
0.11862
0.127753
0.128643
0.0259296
0.0262558
0.0265147
0.0283744
0.0282802
0.0308242
0.0312656
0.034945
0.0362114
0.0402123
0.0434104
0.0484518
0.0534945
0.0601628
0.0664194
0.0749374
0.0825778
0.0922295
0.0995302
0.108206
0.111117
0.115475
0.108227
0.0258965
0.0262208
0.0265026
0.0283199
0.0282893
0.0305465
0.0313513
0.0347349
0.0370077
0.0401795
0.043503
0.0479715
0.0529149
0.0587284
0.0646858
0.0718372
0.0784736
0.0856714
0.0911692
0.095647
0.0961666
0.0927329
0.0813406
0.0258478
0.0261853
0.0264463
0.0281584
0.0282601
0.0302578
0.031409
0.0341064
0.035917
0.0390869
0.0425408
0.0465078
0.0514158
0.0562849
0.0618611
0.0674785
0.0729634
0.0774102
0.0808986
0.0814735
0.0794831
0.0727559
0.0628185
0.0257957
0.0261213
0.0263568
0.0279826
0.0282359
0.0298458
0.0314073
0.0334068
0.036237
0.0382091
0.0416694
0.0451861
0.0497097
0.0537044
0.0584254
0.0625748
0.066537
0.0688383
0.0699188
0.0681371
0.0640189
0.0565746
0.0471451
0.0257311
0.0260345
0.0262479
0.0277813
0.0281748
0.0293917
0.0313715
0.0326391
0.0355032
0.0371822
0.0403563
0.0435814
0.0474302
0.05069
0.0543817
0.0572955
0.0596488
0.0601465
0.0592622
0.055969
0.0506044
0.0429721
0.0340282
0.0256517
0.0259228
0.0261054
0.0275501
0.028082
0.0288809
0.0311872
0.0318768
0.034824
0.0361371
0.038788
0.0417809
0.0448443
0.047324
0.0499146
0.0516563
0.0525086
0.051573
0.0492388
0.0449746
0.0390447
0.0314585
0.0231098
0.0255516
0.0257882
0.0259279
0.0272849
0.0279186
0.0283627
0.0308647
0.0310713
0.0338574
0.0349952
0.0369252
0.0396416
0.0419736
0.0435299
0.0451418
0.0458425
0.045436
0.0434192
0.0402268
0.0355053
0.0294214
0.0219926
0.0141002
0.0254273
0.0256281
0.0257052
0.0269825
0.027679
0.0278203
0.0303528
0.0302292
0.0326916
0.0337003
0.0348705
0.0371863
0.0389191
0.0394726
0.0401967
0.0400982
0.0387003
0.0358794
0.0322398
0.027484
0.0215812
0.0145473
0.0070869
0.025272
0.0254387
0.0254379
0.02664
0.0273405
0.0272565
0.0296626
0.0293382
0.031347
0.0322292
0.0326686
0.0344448
0.0356886
0.0353441
0.0352207
0.0345567
0.032489
0.0291305
0.025331
0.0208366
0.0153331
0.00883832
0.00199647
0.0250817
0.025218
0.0251207
0.0262476
0.0269043
0.0266528
0.0288088
0.0283665
0.0298628
0.0305612
0.0303573
0.0315513
0.0323599
0.0313073
0.0304174
0.0293512
0.0269246
0.0232741
0.0194949
0.0154372
0.0105013
0.00464668
-0.00145257
0.0248529
0.024961
0.0247511
0.0257988
0.026371
0.0260098
0.0278224
0.0272952
0.0282894
0.0287365
0.0279848
0.0286164
0.029011
0.0274477
0.0259545
0.0246106
0.0220746
0.0183671
0.0147256
0.0111918
0.00692711
0.00179442
-0.00350803
0.0245836
0.0246629
0.0243257
0.0252858
0.0257523
0.0252996
0.0267358
0.0261131
0.0266844
0.0268294
0.0256339
0.0257694
0.0257712
0.0238418
0.0219395
0.020449
0.017983
0.0144478
0.0111646
0.00808913
0.0044858
9.61792e-05
-0.00439579
0.0242734
0.0243235
0.0238406
0.0246994
0.0250615
0.0245354
0.0255861
0.0248419
0.0250261
0.0248749
0.023325
0.0230896
0.0227864
0.0206281
0.0184877
0.0169255
0.0145722
0.0112817
0.00831723
0.00578793
0.00283516
-0.000849999
-0.00460226
0.0239227
0.0239367
0.0232993
0.0240404
0.024307
0.0237077
0.0244096
0.0235425
0.0234302
0.0229953
0.0211504
0.0205967
0.0200463
0.0177776
0.0155874
0.0140899
0.0119383
0.00896255
0.00638571
0.00440964
0.00204946
-0.000962466
-0.00399037
0.0235463
0.0235028
0.022672
0.0233286
0.0235445
0.0228322
0.0231837
0.0221989
0.0219526
0.0212996
0.0192918
0.0185398
0.0178094
0.015466
0.0132585
0.01182
0.00984772
0.00720682
0.00504782
0.00343336
0.00154819
-0.000953893
-0.00342468
0.0231376
0.0230377
0.0220051
0.0225564
0.0227659
0.0219717
0.0220057
0.0209388
0.020502
0.01968
0.0175526
0.0167162
0.0159411
0.0136882
0.0116389
0.0103757
0.00863565
0.00633011
0.00456273
0.00344236
0.00193803
-0.000103091
-0.00207053
0.0227454
0.0224933
0.0212349
0.0218184
0.0220303
0.0210842
0.0208397
0.0198313
0.0194225
0.0184525
0.0162737
0.0153689
0.0144969
0.0122466
0.010271
0.00909132
0.00750364
0.00548871
0.00406529
0.00314677
0.00198923
0.000328176
-0.00120888
0.0223467
0.0219563
0.0204761
0.0210986
0.0213782
0.0202094
0.0196633
0.018802
0.0184786
0.0174224
0.0153347
0.014537
0.0137742
0.0117553
0.0100028
0.00896022
0.00754588
0.00581413
0.00469584
0.00412573
0.00318328
0.00181909
0.000603186
0.0219703
0.0213448
0.0197584
0.0204725
0.0207221
0.0194687
0.018835
0.0181679
0.0178365
0.0167015
0.0147745
0.0140769
0.0132478
0.0112761
0.0096576
0.00867169
0.00734994
0.00587486
0.00504603
0.00458877
0.00382441
0.00270974
0.00180657
0.0216789
0.0208021
0.0191608
0.019999
0.0201343
0.0187087
0.0180703
0.0177135
0.0174314
0.0162515
0.0147495
0.0143526
0.0136376
0.0119457
0.0105495
0.00958209
0.0083567
0.00714853
0.00651193
0.00611765
0.00544286
0.00456175
0.00388663
0.0212257
0.020371
0.0188629
0.0194883
0.019797
0.0184685
0.0175907
0.0175433
0.01737
0.0163966
0.0151726
0.014536
0.0140974
0.0131718
0.0120616
0.0111507
0.0103147
0.00947827
0.00878014
0.00823081
0.0076072
0.00691134
0.00623868
0.0204835
0.0201057
0.0188867
0.0186504
0.0188879
0.0180735
0.0170071
0.0165888
0.016375
0.0156949
0.0146071
0.0136247
0.0130405
0.0124707
0.0116798
0.0109127
0.010306
0.00974828
0.00919693
0.00872863
0.00834686
0.00796689
0.00752713
0.0201689
0.0198412
0.0186517
0.0182397
0.0184873
0.0178624
0.0167511
0.0162937
0.0162001
0.0156355
0.0146232
0.0136908
0.0130479
0.0125077
0.0119036
0.0112463
0.0106083
0.010033
0.00952633
0.0090798
0.00866642
0.00826519
0.0078802
0.0197858
0.0196093
0.0188608
0.0180506
0.0178438
0.0174823
0.0167204
0.0160355
0.0155958
0.0151184
0.0144005
0.0135578
0.0128201
0.0122352
0.0116848
0.0111199
0.0105825
0.0101001
0.00966116
0.00926465
0.00891614
0.00860915
0.00832361
0.0669691
0.0472266
0.023416
0.000198042
-0.0226443
-0.0453363
-0.0673643
-0.0879905
0.0522585
0.0325822
0.00802163
-0.0132889
-0.0319523
-0.0493794
-0.0656859
-0.0812948
0.0387073
0.0231225
0.00179512
-0.0174116
-0.0322693
-0.0454074
-0.0584472
-0.0716021
0.0264411
0.013469
-0.00504518
-0.0220445
-0.034588
-0.0445906
-0.0541633
-0.0635424
0.0163201
0.00577606
-0.00947431
-0.0236289
-0.0335725
-0.0409244
-0.0479469
-0.0550355
0.00810583
-0.000206236
-0.0123421
-0.0237919
-0.0317303
-0.0372948
-0.0424795
-0.0476636
0.00128749
-0.0052831
-0.0141768
-0.0225211
-0.0285739
-0.0329207
-0.0368549
-0.040697
-0.00350339
-0.00884456
-0.0148982
-0.0205251
-0.0249821
-0.0284384
-0.0314991
-0.0343541
-0.00637389
-0.0105748
-0.014579
-0.0182504
-0.0214203
-0.0240915
-0.0264634
-0.0285966
-0.007741
-0.0109633
-0.0135423
-0.0158697
-0.0180518
-0.0200359
-0.0218273
-0.0234029
-0.00789636
-0.0102957
-0.0119051
-0.0133404
-0.0148075
-0.0162354
-0.0175575
-0.0187202
-0.00746599
-0.00924151
-0.0101911
-0.0110152
-0.0119544
-0.0129343
-0.0138625
-0.0146806
-0.0062161
-0.00746914
-0.00800685
-0.00846767
-0.0090564
-0.00970891
-0.0103571
-0.0109657
-0.00515498
-0.00602951
-0.00627896
-0.00649782
-0.00686067
-0.00728841
-0.00770938
-0.00809717
-0.00338401
-0.00397995
-0.0040826
-0.00414763
-0.0042915
-0.00447399
-0.0046885
-0.00496068
-0.00215111
-0.00251849
-0.00251053
-0.0025166
-0.00260152
-0.00270169
-0.0028083
-0.00295381
-0.000110704
-0.000356329
-0.00030989
-0.000256279
-0.000235268
-0.000215597
-0.000232877
-0.00034944
0.00134019
0.00119984
0.00123722
0.00125141
0.00125432
0.00128887
0.00131226
0.00125355
0.003516
0.00340403
0.00344097
0.00347301
0.00350591
0.0035544
0.00356409
0.00346697
0.0057605
0.00553602
0.00548047
0.00544893
0.00539121
0.00530677
0.00519052
0.00502563
0.00712094
0.006829
0.00661804
0.00645435
0.00629953
0.00614371
0.00599616
0.00585989
0.00758665
0.00739089
0.00723368
0.00708673
0.00693533
0.00677836
0.00662063
0.00646509
0.00807801
0.00786964
0.00766034
0.00746366
0.00728091
0.00710959
0.0069489
0.00679945
-0.305727
-0.312041
-0.322964
-0.338104
-0.357771
-0.38248
-0.409388
-0.433142
-0.303301
-0.309185
-0.318546
-0.331339
-0.347634
-0.36733
-0.389247
-0.409215
-0.298336
-0.30412
-0.312742
-0.323827
-0.33774
-0.353633
-0.36825
-0.37748
-0.293129
-0.298588
-0.306235
-0.315233
-0.325189
-0.334528
-0.340173
-0.33907
-0.289902
-0.294078
-0.299593
-0.304999
-0.309497
-0.311797
-0.309897
-0.3017
-0.289819
-0.291326
-0.293167
-0.293834
-0.292784
-0.289255
-0.28186
-0.268941
-0.292968
-0.290315
-0.287209
-0.282694
-0.276704
-0.268635
-0.257287
-0.241165
-0.298271
-0.290263
-0.281518
-0.271992
-0.261844
-0.250253
-0.236019
-0.21769
-0.304019
-0.289971
-0.275582
-0.261739
-0.248209
-0.233888
-0.217543
-0.197717
-0.308504
-0.288321
-0.268987
-0.251811
-0.235548
-0.219225
-0.201337
-0.180599
-0.310565
-0.284502
-0.261632
-0.241893
-0.223648
-0.205902
-0.18699
-0.165803
-0.308781
-0.278508
-0.253399
-0.231851
-0.212283
-0.19361
-0.174165
-0.152927
-0.303958
-0.270453
-0.244236
-0.221481
-0.201227
-0.182121
-0.162591
-0.141695
-0.29406
-0.260341
-0.233957
-0.210805
-0.190608
-0.171289
-0.152113
-0.131789
-0.281235
-0.249608
-0.22289
-0.200445
-0.180055
-0.16079
-0.142132
-0.122825
-0.241807
-0.259743
-0.278692
-0.293395
-0.301916
-0.304896
-0.304634
-0.303911
-0.249441
-0.26526
-0.281258
-0.292996
-0.299124
-0.300917
-0.300792
-0.300877
-0.258779
-0.273694
-0.28808
-0.297572
-0.300924
-0.299816
-0.297451
-0.296303
-0.272533
-0.28688
-0.299873
-0.306969
-0.306836
-0.301449
-0.29517
-0.291701
-0.289952
-0.303857
-0.315502
-0.320204
-0.316457
-0.306386
-0.295655
-0.289508
-0.309873
-0.323394
-0.333744
-0.336173
-0.329115
-0.314775
-0.300005
-0.291403
-0.331356
-0.344502
-0.353604
-0.353915
-0.343965
-0.326129
-0.308439
-0.297629
-0.353528
-0.366273
-0.374187
-0.372568
-0.360276
-0.339824
-0.320327
-0.307045
-0.375591
-0.387881
-0.394702
-0.391302
-0.376881
-0.354653
-0.334405
-0.317973
-0.396797
-0.40857
-0.414397
-0.409793
-0.39408
-0.370851
-0.34848
-0.328058
-0.416418
-0.427667
-0.432329
-0.426037
-0.408627
-0.385702
-0.361533
-0.336514
-0.433738
-0.444533
-0.449354
-0.442741
-0.424844
-0.400189
-0.372055
-0.341051
-0.448196
-0.458287
-0.461168
-0.453263
-0.435179
-0.410239
-0.379098
-0.342215
-0.459557
-0.468813
-0.473838
-0.465382
-0.44589
-0.418534
-0.383461
-0.339773
-0.467513
-0.475482
-0.477715
-0.469965
-0.449808
-0.420539
-0.382188
-0.334011
-0.473689
-0.483102
-0.487785
-0.475903
-0.449601
-0.414534
-0.37272
-0.327127
-0.455661
-0.466797
-0.475337
-0.470824
-0.451867
-0.419494
-0.379918
-0.3349
-0.411331
-0.424268
-0.437264
-0.440074
-0.430941
-0.406145
-0.374112
-0.330944
-0.345142
-0.359466
-0.375248
-0.383359
-0.381291
-0.365405
-0.343556
-0.311807
-0.259854
-0.281428
-0.302629
-0.313717
-0.316326
-0.307386
-0.296192
-0.279791
-0.149639
-0.175862
-0.203982
-0.225766
-0.235719
-0.236036
-0.234562
-0.234784
-0.0331412
-0.0605937
-0.0913128
-0.120487
-0.144426
-0.158318
-0.166749
-0.180426
0.0560679
0.0319247
0.0012863
-0.0301934
-0.0600405
-0.0851757
-0.103804
-0.124642
0.0984428
0.0789209
0.0525292
0.0243699
-0.00294596
-0.0278869
-0.0480538
-0.0740152
0.105877
0.0909652
0.0707673
0.0490621
0.0280496
0.00834191
-0.00825201
-0.0314454
0.0953271
0.0847451
0.071047
0.0562689
0.0416426
0.027905
0.0151458
-0.00242269
0.0798356
0.0728374
0.0642726
0.0552639
0.0459483
0.0365338
0.0273491
0.0151295
0.0653782
0.0608887
0.0555822
0.0500874
0.0444007
0.0384299
0.0322181
0.0239371
0.0535736
0.0507147
0.0474357
0.0440449
0.04052
0.0367497
0.0328731
0.0273255
0.044057
0.0421902
0.0401239
0.0379902
0.0357601
0.0332731
0.0309519
0.0272361
0.0364695
0.035274
0.0339761
0.0326205
0.0312213
0.0295756
0.0281325
0.0258796
0.0303796
0.029577
0.0287281
0.0278281
0.0269004
0.025795
0.0248174
0.0234445
0.0257248
0.0251596
0.0245767
0.0239699
0.023364
0.0226415
0.0219745
0.0211566
0.0217902
0.0214077
0.021015
0.0205907
0.0201593
0.019671
0.0192169
0.018716
0.0188527
0.0185269
0.018207
0.0178891
0.0175768
0.0172296
0.0168829
0.0165564
0.0161749
0.0159879
0.0157987
0.0155949
0.0153889
0.0151708
0.0149625
0.0147742
0.014062
0.0138684
0.0136818
0.0135006
0.0133261
0.0131492
0.0129782
0.0128402
0.0123943
0.0123125
0.0122307
0.0121439
0.012054
0.0119558
0.011858
0.0117731
0.0107603
0.0106539
0.0105532
0.0104574
0.0103684
0.0102845
0.0102104
0.0101561
0.00971029
0.00965287
0.00959688
0.00953889
0.00947843
0.00941438
0.0093516
0.00928771
0.00865777
0.00863249
0.00860863
0.0085857
0.00856263
0.00853728
0.00852015
0.0085015
0.00765504
0.0075723
0.00749504
0.00742526
0.00736571
0.00731752
0.00728274
0.00726965
0.00722699
0.00722253
0.00721788
0.00720963
0.00719564
0.00717657
0.00715528
0.00710888
0.00639059
0.00637794
0.00636751
0.00635988
0.00635318
0.0063467
0.00635035
0.00634755
0.00576265
0.0056962
0.00563385
0.00557863
0.00553339
0.0054986
0.00547568
0.00547713
0.00561494
0.0056188
0.00562206
0.00562158
0.00561649
0.00560842
0.00559502
0.00555763
0.00493731
0.00495474
0.00497298
0.00499037
0.00500425
0.00501707
0.00503457
0.00502646
0.00422513
0.00417857
0.00413645
0.00410177
0.00407505
0.00405636
0.00405223
0.00406611
0.00401065
0.00397675
0.00394537
0.00391798
0.00389674
0.00388188
0.00387234
0.00387511
0.00374232
0.00375052
0.00375767
0.00376232
0.003765
0.00376699
0.00376455
0.00374432
0.00313702
0.0031789
0.00321906
0.00325456
0.00328436
0.00331075
0.00332947
0.00331358
0.00165343
0.00164231
0.00163365
0.00162651
0.00162035
0.00161817
0.0016207
0.00161614
0.000180477
0.000111942
5.07754e-05
4.94067e-07
-3.59606e-05
-5.46217e-05
-4.87897e-05
-1.63612e-05
-0.294225
-0.237209
-0.19804
-0.163216
-0.132984
-0.108941
-0.0888136
-0.0722072
-0.0585673
-0.0473307
-0.0380867
-0.0303453
-0.0241219
-0.018681
-0.0145454
-0.0103561
-0.00779817
-0.0041549
-0.00257658
0.000849286
0.00178527
0.00324374
0.0036427
-0.307609
-0.256206
-0.215577
-0.178063
-0.145935
-0.119642
-0.0975125
-0.0792788
-0.0642436
-0.0518428
-0.0416689
-0.0331686
-0.0263236
-0.0204184
-0.0158855
-0.0113876
-0.00864492
-0.00475249
-0.00310518
0.000418122
0.00144535
0.00297418
0.00340713
-0.299352
-0.251651
-0.213827
-0.178836
-0.14824
-0.122408
-0.100398
-0.0820338
-0.0667148
-0.0539818
-0.0434749
-0.0346624
-0.0275225
-0.0213716
-0.0166405
-0.0119508
-0.00910575
-0.00508359
-0.00339773
6.00005e-05
0.00116028
0.00271494
0.00317036
-0.280464
-0.234291
-0.200567
-0.169368
-0.141921
-0.118417
-0.0980851
-0.0808175
-0.0661903
-0.0538816
-0.043607
-0.0349165
-0.0278043
-0.0216341
-0.0168852
-0.0121309
-0.00925086
-0.00520837
-0.00349823
-0.000191949
0.000918762
0.00247954
0.00293225
-0.252687
-0.210582
-0.182236
-0.154899
-0.131126
-0.110673
-0.0926881
-0.0771339
-0.0637532
-0.052327
-0.0426504
-0.0343741
-0.0275163
-0.0215027
-0.0168667
-0.0121649
-0.00930402
-0.00531889
-0.00359005
-0.000380716
0.00072378
0.00226919
0.00270139
-0.215899
-0.181565
-0.160323
-0.137249
-0.117843
-0.100826
-0.0855092
-0.0719816
-0.0601391
-0.0498436
-0.0409642
-0.0332634
-0.0267866
-0.0210264
-0.0165803
-0.0119968
-0.00920239
-0.00531684
-0.00361911
-0.000531662
0.000528243
0.00207831
0.00247829
-0.17097
-0.147417
-0.13481
-0.116915
-0.102675
-0.0894459
-0.0770728
-0.0658131
-0.055735
-0.046756
-0.0388216
-0.031822
-0.0258225
-0.0203864
-0.0161738
-0.0117548
-0.00904977
-0.00528997
-0.00363408
-0.000632383
0.000341088
0.00189821
0.00226764
-0.122704
-0.110003
-0.106282
-0.0942902
-0.0859631
-0.0767358
-0.0674869
-0.058772
-0.0506784
-0.0431707
-0.0363156
-0.0301357
-0.0247024
-0.0196696
-0.0157354
-0.0115277
-0.0089345
-0.00529825
-0.00368591
-0.00071448
0.000183308
0.00173265
0.00207471
-0.0765053
-0.0739092
-0.0767918
-0.0707054
-0.068336
-0.0627886
-0.0568111
-0.0508892
-0.044909
-0.0389719
-0.0333279
-0.0280663
-0.0232758
-0.0187141
-0.015116
-0.0111517
-0.00871498
-0.00521586
-0.00369015
-0.000782691
2.34697e-05
0.00158189
0.0018949
-0.0374293
-0.042286
-0.0492292
-0.048397
-0.0508357
-0.0484371
-0.0457752
-0.0426113
-0.0386458
-0.0343411
-0.0300158
-0.0257409
-0.0216738
-0.0176385
-0.0144267
-0.0107271
-0.00848798
-0.00512834
-0.00370681
-0.000823942
-8.0975e-05
0.00144299
0.00174376
-0.0097029
-0.017826
-0.0263043
-0.0292028
-0.0345515
-0.0347367
-0.0351224
-0.0341877
-0.032047
-0.0293626
-0.0263497
-0.0230778
-0.0197958
-0.0163426
-0.0135607
-0.01015
-0.00816053
-0.0049331
-0.00368829
-0.000898759
-0.000152399
0.0013136
0.00161853
0.00768089
-0.00119837
-0.00967601
-0.0143482
-0.0207628
-0.0227665
-0.0253633
-0.0259309
-0.0253776
-0.024153
-0.0223269
-0.0200197
-0.017539
-0.0146982
-0.0123903
-0.00930364
-0.0075982
-0.00454598
-0.00348037
-0.000882117
-0.000220841
0.00121845
0.00150114
0.0176964
0.00910938
0.00144334
-0.00386388
-0.0102906
-0.0132905
-0.0170588
-0.0185774
-0.0192814
-0.0192289
-0.0184069
-0.0169903
-0.0152783
-0.0130461
-0.0112371
-0.00852353
-0.00711855
-0.00425891
-0.00334739
-0.00084848
-0.000226796
0.0011451
0.00140906
0.0226102
0.015069
0.00862504
0.00340916
-0.00254514
-0.00590691
-0.0100668
-0.0121689
-0.0137427
-0.0145306
-0.0145127
-0.0138666
-0.0128463
-0.0111821
-0.00986577
-0.00753212
-0.00642523
-0.00378166
-0.00302361
-0.00078113
-0.000231105
0.0011047
0.00133756
0.0238724
0.0177024
0.0128199
0.00808958
0.00295885
-0.000388646
-0.00442058
-0.00675107
-0.00882707
-0.0101307
-0.0107182
-0.0107006
-0.0102683
-0.00912334
-0.0082707
-0.00630481
-0.00550888
-0.00316762
-0.00260618
-0.000605467
-0.000240082
0.00110209
0.00127392
0.023311
0.0184723
0.0147544
0.0107005
0.00641859
0.00327523
-0.000438041
-0.00278462
-0.00507479
-0.00663596
-0.0076277
-0.00806708
-0.0081122
-0.0074061
-0.00697164
-0.00534592
-0.00482899
-0.00276471
-0.00230903
-0.000286478
-0.000105516
0.00116274
0.00126372
0.0215948
0.0180207
0.0152329
0.0118127
0.00842057
0.00559324
0.00233416
6.90457e-05
-0.00223432
-0.00388871
-0.00510954
-0.00585079
-0.00624677
-0.00590298
-0.00582643
-0.00452036
-0.00429646
-0.0023966
-0.00216583
-0.000140126
8.91051e-05
0.00121502
0.00131848
0.0197276
0.0170941
0.015005
0.0122512
0.00961241
0.00722831
0.00448856
0.00243345
0.000268813
-0.00135962
-0.00267385
-0.00357259
-0.00421163
-0.00412152
-0.00434051
-0.0032893
-0.00332479
-0.00161469
-0.001583
9.90514e-05
0.000208206
0.00129325
0.00137848
0.0176948
0.0158127
0.0142244
0.0121085
0.0100873
0.00812157
0.00592048
0.00412621
0.00221972
0.000696677
-0.000605896
-0.0015789
-0.00235797
-0.00245811
-0.00290169
-0.00207595
-0.00236449
-0.000881395
-0.00110621
0.00038019
0.000370982
0.00140093
0.00144647
0.0157942
0.0143897
0.0131998
0.0115633
0.0100116
0.00841868
0.00663714
0.00510842
0.00346227
0.00207975
0.000839478
-0.000136693
-0.00100982
-0.00122227
-0.001845
-0.00119136
-0.00165283
-0.000370005
-0.000674116
0.000776616
0.00060961
0.00157297
0.00155278
0.0141533
0.0131522
0.0121859
0.0109585
0.0097417
0.00845083
0.00703106
0.00572852
0.00434437
0.00312173
0.00199363
0.00105857
0.00017183
-0.000115883
-0.000846126
-0.000341048
-0.000956424
0.000184212
-0.000307724
0.00108681
0.000905301
0.00175999
0.00170753
0.0124999
0.0117443
0.0110627
0.0101502
0.009234
0.00822935
0.00712009
0.00605332
0.00491468
0.00386329
0.00286934
0.00201606
0.00114939
0.000840467
3.7228e-05
0.000448728
-0.000279348
0.000744382
0.00020208
0.00148413
0.00114289
0.00194846
0.00187071
0.011367
0.0108198
0.0102459
0.00955271
0.00883344
0.00803866
0.00717147
0.00630268
0.00537992
0.00449623
0.0036412
0.00289531
0.00208246
0.00179599
0.000974049
0.00132071
0.000525428
0.00141932
0.000747528
0.00187348
0.00143343
0.00219131
0.00205118
0.00998511
0.00959217
0.00919063
0.00869386
0.0081527
0.00754332
0.00687365
0.00617893
0.00543821
0.00470343
0.00398816
0.00333194
0.00260402
0.00233319
0.00151334
0.00183083
0.000949608
0.00182275
0.00106925
0.00217015
0.0016893
0.00237571
0.00224144
0.00909589
0.00878405
0.00847891
0.00809275
0.00767693
0.00720475
0.00668613
0.00613404
0.00554508
0.00494526
0.00434388
0.00381886
0.00313193
0.00295954
0.00214048
0.00247802
0.00161451
0.00238802
0.00164036
0.00261116
0.0019614
0.00266434
0.00243521
0.00830968
0.00809934
0.00783591
0.00753681
0.0072062
0.00683501
0.00642745
0.00598776
0.00551665
0.00503017
0.00454114
0.00408081
0.00351317
0.0033329
0.00257632
0.00287102
0.00192788
0.00270743
0.00177757
0.00272173
0.00222858
0.00281755
0.00263776
0.00725804
0.00709252
0.00693261
0.00673093
0.00649684
0.00622704
0.00592317
0.00558963
0.0052271
0.00484055
0.00445141
0.00409485
0.00358221
0.00350545
0.00277834
0.00314892
0.00229535
0.00306684
0.00231112
0.00324028
0.00244654
0.0030816
0.00281307
0.00699298
0.00685117
0.0067158
0.00654389
0.00635822
0.00614534
0.00590913
0.00564713
0.00536468
0.00506338
0.00474236
0.00447262
0.00402544
0.00398889
0.00331838
0.0036494
0.00274736
0.00341933
0.00239762
0.00322609
0.00268228
0.0032509
0.00298928
0.00623314
0.00614385
0.00601094
0.00587225
0.00571546
0.00554291
0.00535266
0.00514425
0.00491635
0.00467587
0.00442934
0.00418037
0.00382932
0.00380053
0.00317602
0.00356864
0.00267636
0.00350418
0.0026625
0.00357615
0.00284309
0.00336502
0.00312091
0.00551306
0.00545299
0.00539884
0.00532614
0.00523343
0.00512257
0.00499267
0.00484767
0.00468538
0.00450413
0.00432536
0.00417813
0.00385367
0.00394855
0.00337645
0.00382255
0.00304265
0.00377104
0.00289489
0.00381728
0.00298726
0.0035962
0.00323093
0.00549933
0.0054263
0.0053714
0.0052949
0.0052177
0.00512869
0.00503019
0.004919
0.0047999
0.00466526
0.00450638
0.00440056
0.00411156
0.00419253
0.00362644
0.00402117
0.00310252
0.00380206
0.0027888
0.00364163
0.00299645
0.00353043
0.00327775
0.00492425
0.00486369
0.00477611
0.00469032
0.00459801
0.00450195
0.00440082
0.00429316
0.00418085
0.00407185
0.00395132
0.00382299
0.00363317
0.00369986
0.00321521
0.00370311
0.00293391
0.00383288
0.0030388
0.00402434
0.00309341
0.00361984
0.00328799
0.00408241
0.00408466
0.00406978
0.0040543
0.00402431
0.00398601
0.00393671
0.00387943
0.00380945
0.00373646
0.00368355
0.00362216
0.00346112
0.0036339
0.00320355
0.0037293
0.00301044
0.00382498
0.00287503
0.00395162
0.00301803
0.00365054
0.00324783
0.00390162
0.00387828
0.00387305
0.00385973
0.00384805
0.00383269
0.00381517
0.00379415
0.00376704
0.00372403
0.0036815
0.0036858
0.00349093
0.00368288
0.00320169
0.00366439
0.0028142
0.0035554
0.00268968
0.00371636
0.00280046
0.00337734
0.00305484
0.00370967
0.00366735
0.00363195
0.00358551
0.00354055
0.00349159
0.00344308
0.00339393
0.00335042
0.00330296
0.00324125
0.00322053
0.00310836
0.00325235
0.00285715
0.00341372
0.00270711
0.00363458
0.00288771
0.0039086
0.00284912
0.00335073
0.0028636
0.00324617
0.0031984
0.00314607
0.00309918
0.0030494
0.00299991
0.0029472
0.00289212
0.00283827
0.00279398
0.00274111
0.00269391
0.00265869
0.00278787
0.00250914
0.00312157
0.00251642
0.00361569
0.00267095
0.00381913
0.00272218
0.00318867
0.00259179
0.00160302
0.00162235
0.00162722
0.00163462
0.00163447
0.00163199
0.00162414
0.00161148
0.0015908
0.00156944
0.00155353
0.00150553
0.00146343
0.00155585
0.00129942
0.00172622
0.00122391
0.00216632
0.00155553
0.00300048
0.00187943
0.00228998
0.00186567
3.25552e-05
6.54864e-05
9.25471e-05
0.000115036
0.000133407
0.000146932
0.000156886
0.000162927
0.000164117
0.000158589
0.00015426
0.000146347
8.98075e-05
0.000155424
-1.74044e-05
0.000175901
-6.20941e-05
0.000376572
0.000281612
0.00119765
0.000576173
0.000793813
0.000632019
-0.112473
-0.101186
-0.0879658
-0.0773907
-0.0672222
-0.0584381
-0.0502867
-0.043152
-0.0367461
-0.0310489
-0.0259521
-0.0213936
-0.0174
-0.0137918
-0.0107544
-0.00784825
-0.00552615
-0.00295475
-0.00110325
0.00209123
0.00373892
0.00461552
0.00515235
-0.129286
-0.114432
-0.0978606
-0.0850676
-0.0731345
-0.0628237
-0.0534588
-0.045409
-0.0382951
-0.0320938
-0.0266605
-0.0218786
-0.0177285
-0.0140171
-0.0108979
-0.00793479
-0.00556774
-0.00296852
-0.00108347
0.00195173
0.0035
0.00442374
0.00493937
-0.146721
-0.127863
-0.107644
-0.092688
-0.0790847
-0.0672899
-0.0567592
-0.0478194
-0.039975
-0.0332304
-0.0274226
-0.0223815
-0.0180704
-0.014237
-0.0110374
-0.00802566
-0.00559817
-0.00298711
-0.00105921
0.00184432
0.00327805
0.00424421
0.00473333
-0.165195
-0.14218
-0.118237
-0.100937
-0.0854819
-0.0719914
-0.0602926
-0.050451
-0.0418676
-0.0345705
-0.0283622
-0.0230217
-0.0185338
-0.0145496
-0.0112802
-0.0082056
-0.00572473
-0.00309528
-0.00114236
0.00174
0.00307421
0.0040764
0.00453796
-0.185771
-0.157165
-0.129244
-0.109907
-0.0924135
-0.0770692
-0.0641779
-0.0533427
-0.0439779
-0.0361128
-0.0294753
-0.0238007
-0.0191106
-0.0149411
-0.0116152
-0.00843568
-0.00593764
-0.00325068
-0.00132112
0.00162437
0.00286856
0.00391648
0.00435351
-0.207185
-0.172681
-0.141058
-0.119689
-0.0996642
-0.0824576
-0.0683772
-0.0564633
-0.0463029
-0.0378524
-0.0307566
-0.024719
-0.0197944
-0.015401
-0.0120093
-0.00866097
-0.00619074
-0.00337465
-0.00153495
0.00150127
0.00264313
0.00376228
0.00417761
-0.231904
-0.188164
-0.154152
-0.130581
-0.107586
-0.0886641
-0.0732109
-0.0600802
-0.0490708
-0.03996
-0.0323439
-0.0258959
-0.0206815
-0.0160243
-0.0125098
-0.00892879
-0.00650442
-0.00346955
-0.00175997
0.00136858
0.00239061
0.00361136
0.00400734
-0.259166
-0.207356
-0.171092
-0.143449
-0.117358
-0.0965814
-0.0793495
-0.0648349
-0.0528158
-0.0428738
-0.0346122
-0.027647
-0.0220351
-0.0170509
-0.0133023
-0.00944332
-0.0070089
-0.00368979
-0.00208529
0.00117914
0.00212101
0.0034563
0.00384258
0.0669598
0.0441706
0.0205682
-0.00432162
-0.0297778
-0.0546392
-0.078489
-0.101857
0.071745
0.0466829
0.0208536
-0.00638052
-0.0340641
-0.0610565
-0.0864978
-0.109992
0.0758876
0.0473556
0.0183341
-0.0113173
-0.040698
-0.0688454
-0.0950121
-0.119107
0.0795223
0.0470607
0.0146931
-0.0173116
-0.0482967
-0.0775843
-0.104707
-0.129678
0.0819727
0.045766
0.0101216
-0.0243937
-0.0572703
-0.0880182
-0.116302
-0.142119
0.0829467
0.0429909
0.00395013
-0.0333881
-0.0684935
-0.10094
-0.130354
-0.15682
0.0822515
0.0381826
-0.00459004
-0.0451054
-0.082678
-0.116848
-0.147372
-0.174226
0.0793964
0.0306258
-0.0163344
-0.0603773
-0.100638
-0.136594
-0.168029
-0.194936
0.0735013
0.0193285
-0.0323445
-0.0802722
-0.123429
-0.161148
-0.193253
-0.219766
0.0632987
0.00293299
-0.0540485
-0.106219
-0.152404
-0.19189
-0.224294
-0.249758
0.0470434
-0.0204256
-0.0834455
-0.140311
-0.189607
-0.230686
-0.262707
-0.286089
0.0223115
-0.0531537
-0.123047
-0.185327
-0.237951
-0.27957
-0.30979
-0.329312
-0.0148577
-0.0990801
-0.175606
-0.243217
-0.297926
-0.338475
-0.364679
-0.377276
-0.067404
-0.162082
-0.246865
-0.315255
-0.367041
-0.401912
-0.41959
-0.421199
-0.114082
-0.213043
-0.296554
-0.362796
-0.410511
-0.439631
-0.451495
-0.448492
0.205627
0.2006
0.191746
0.179007
0.162561
0.142726
0.120047
0.094499
0.220793
0.214928
0.204552
0.189813
0.171075
0.148792
0.124032
0.0974473
0.237551
0.231027
0.219444
0.203131
0.18265
0.158509
0.132102
0.104358
0.256204
0.249219
0.236649
0.218901
0.19673
0.170626
0.141863
0.111535
0.276769
0.269351
0.255754
0.236363
0.212093
0.18349
0.151564
0.117683
0.299142
0.291184
0.276332
0.254928
0.227992
0.196275
0.160608
0.122604
0.323231
0.314594
0.298194
0.27437
0.244203
0.208758
0.168886
0.126326
0.348983
0.339543
0.321281
0.294614
0.260659
0.220834
0.176195
0.128533
0.376314
0.365949
0.34548
0.315483
0.277133
0.232171
0.181987
0.128474
0.404979
0.393545
0.37046
0.336528
0.293048
0.24204
0.185328
0.125011
0.434427
0.421738
0.395539
0.356906
0.307366
0.249219
0.184791
0.116528
0.463584
0.449402
0.419485
0.375206
0.31845
0.25185
0.178293
0.100714
0.490592
0.474604
0.440207
0.389062
0.323593
0.2469
0.162511
0.0739199
0.511891
0.493799
0.454295
0.395209
0.319433
0.230848
0.133886
0.0327957
0.529659
0.509475
0.465077
0.398842
0.314262
0.214876
0.106341
-0.00559565
0.0260821
0.0260994
0.0261134
0.0261232
0.0261281
0.0261273
0.0261187
0.0261027
0.026423
0.0264188
0.0264059
0.0263837
0.0263514
0.0263095
0.0262578
0.0261908
0.0264147
0.0263899
0.0263672
0.0263472
0.0263316
0.0263203
0.0263195
0.0263287
0.0284194
0.0283505
0.0282728
0.0281922
0.0281121
0.0280385
0.0279636
0.0279199
0.028076
0.0281169
0.0281766
0.0282517
0.0283361
0.0284233
0.0285086
0.0285781
0.0316586
0.0316338
0.031567
0.0314822
0.0313765
0.0312427
0.0311073
0.0309641
0.0304557
0.0304563
0.0304899
0.0305424
0.0306154
0.0306779
0.0307725
0.0307796
0.0359288
0.035887
0.0358126
0.0357143
0.0355944
0.0354829
0.0353159
0.035262
0.035433
0.0354306
0.0354765
0.0355606
0.0356374
0.0358015
0.0358314
0.0361589
0.0406891
0.0405861
0.0404642
0.0403329
0.0401608
0.0400755
0.0398191
0.0400364
0.0426988
0.0425771
0.0424973
0.0424592
0.0424217
0.0424664
0.0423738
0.0425987
0.0482505
0.0481069
0.0479472
0.0477731
0.0475329
0.0473401
0.0469776
0.0469994
0.0518303
0.0514908
0.0511799
0.0509031
0.0506257
0.0504352
0.0501335
0.0501239
0.0586589
0.0582848
0.0579043
0.0575131
0.0570634
0.0566662
0.0561121
0.055821
0.0645628
0.0639406
0.0633171
0.0626706
0.0620376
0.061407
0.0607609
0.0602363
0.073182
0.0724617
0.071736
0.0709766
0.0701447
0.069232
0.0680829
0.0670914
0.082009
0.0809594
0.0798244
0.0785526
0.0771577
0.0757521
0.0741711
0.0728971
0.0935532
0.0923598
0.0910591
0.0896165
0.0877367
0.0859994
0.0833731
0.0815862
0.106152
0.104521
0.102507
0.100194
0.0972784
0.0944966
0.0907642
0.087786
0.121754
0.119938
0.11749
0.114647
0.110716
0.106937
0.101237
0.0966306
0.139226
0.13678
0.133244
0.128764
0.122838
0.116312
0.108219
0.0996106
0.160303
0.157468
0.153024
0.146959
0.138939
0.129516
0.117932
0.104674
0.184324
0.180403
0.17386
0.164474
0.152233
0.137171
0.11979
0.099118
0.0260934
0.0260742
0.0260344
0.0259769
0.0258946
0.025785
0.025644
0.0254661
0.0252466
0.0249816
0.0246668
0.0242985
0.023875
0.0233848
0.0228463
0.0222115
0.0215514
0.0208374
0.0201431
0.0195502
0.0193571
0.0190694
0.0190291
0.0261034
0.0259722
0.0258304
0.0256725
0.0254974
0.0253039
0.0250886
0.0248481
0.0245791
0.0242756
0.0239323
0.0235411
0.0231018
0.0226096
0.0220621
0.0215369
0.0209761
0.0205503
0.0201509
0.0198705
0.0193114
0.0189294
0.0187449
0.0263001
0.0262718
0.0262464
0.0261954
0.0261199
0.026003
0.0258351
0.0256102
0.0253236
0.0249719
0.0245581
0.0240911
0.0235766
0.0230574
0.0225077
0.0220653
0.0216221
0.0212698
0.0209756
0.020711
0.0198613
0.0194622
0.0188462
0.0277751
0.0276364
0.0274377
0.0272086
0.0269449
0.0266531
0.026337
0.0259979
0.0256318
0.025233
0.0247939
0.0243111
0.0237776
0.0232038
0.0226026
0.0219248
0.0212546
0.0205023
0.0198424
0.0195479
0.0193425
0.0191002
0.0188711
0.0286368
0.0286282
0.0285581
0.028458
0.0282988
0.0280714
0.027761
0.0273562
0.0268503
0.0262504
0.0255642
0.0248047
0.0239839
0.0230994
0.022177
0.0211614
0.0201564
0.0191818
0.0184589
0.0180159
0.0179274
0.0177223
0.0179588
0.030846
0.0303719
0.029982
0.029539
0.0290593
0.0285567
0.0280294
0.0274667
0.0268566
0.0261798
0.0254205
0.0245621
0.023626
0.0226029
0.0215683
0.0205263
0.0195985
0.0188093
0.0183493
0.0180453
0.0174987
0.0171153
0.0170851
0.031182
0.0308735
0.0307558
0.0305023
0.0302136
0.0297322
0.0290973
0.0283041
0.0273785
0.0263506
0.025248
0.0241018
0.0229313
0.0217954
0.0207109
0.0197453
0.0189831
0.0182948
0.0178782
0.0178564
0.0175191
0.0171792
0.0167494
0.0348776
0.034264
0.0336902
0.0330778
0.0324196
0.0317043
0.0309248
0.0300409
0.029033
0.0278915
0.0266346
0.0253007
0.02392
0.0225738
0.0212649
0.0200812
0.0189982
0.0180471
0.0171769
0.0167679
0.0168629
0.0166577
0.0163945
0.035764
0.0355639
0.0352466
0.0347717
0.0340569
0.0331414
0.0320183
0.0307345
0.0293259
0.0278224
0.0262397
0.0246261
0.022995
0.0214183
0.0199427
0.0185088
0.0173606
0.0162487
0.0155163
0.0155393
0.0158422
0.0155261
0.0156533
0.0392055
0.0384348
0.0374721
0.0363681
0.0351535
0.0338501
0.032374
0.030695
0.0288584
0.0269221
0.0249403
0.0229756
0.0210821
0.0193045
0.0177345
0.0163155
0.0152545
0.0144234
0.0142218
0.0147892
0.0150325
0.0146083
0.014831
0.0420703
0.0415365
0.0406492
0.0393653
0.0378495
0.0361489
0.0341908
0.0320649
0.0298166
0.0274873
0.0251364
0.0228464
0.0207086
0.0187595
0.0171311
0.0157817
0.0148556
0.0142518
0.0142985
0.0147507
0.0146554
0.0142473
0.0141954
0.046039
0.0447648
0.0430144
0.0410223
0.0389932
0.0367414
0.0342119
0.0315562
0.0288517
0.0261656
0.0235722
0.0211399
0.0189629
0.0170717
0.0155519
0.0144047
0.0137399
0.0133375
0.0136702
0.014485
0.0143996
0.0139982
0.0137305
0.0493864
0.0478907
0.0456543
0.0430681
0.0403386
0.0372728
0.0339965
0.0306577
0.0273357
0.0241415
0.0211878
0.0185527
0.0163092
0.0144645
0.013056
0.0120834
0.0116428
0.0114741
0.0120761
0.0134353
0.0137119
0.013437
0.0132084
0.0546709
0.052108
0.0487137
0.0453115
0.0417995
0.0379335
0.0339668
0.0300406
0.026255
0.0227257
0.0195598
0.0168137
0.0145441
0.0127391
0.0114052
0.0105335
0.0101742
0.0102209
0.0108722
0.0122759
0.0127006
0.0125786
0.0125086
0.0591781
0.0556531
0.0514233
0.047172
0.0425799
0.0377488
0.0330055
0.0284764
0.0242899
0.0205419
0.0173019
0.0145851
0.0124156
0.0107496
0.00958701
0.00887358
0.00867028
0.00893391
0.00972225
0.0113629
0.011792
0.0116734
0.0117426
0.0649073
0.0594387
0.0536568
0.0480326
0.0421196
0.0362275
0.0306384
0.0254854
0.0209109
0.0169823
0.0137293
0.0111212
0.00914379
0.00770917
0.0068131
0.00633856
0.00640859
0.00690119
0.00799292
0.0104023
0.0110168
0.0108739
0.0110301
0.0702971
0.0632537
0.0561885
0.0490828
0.041767
0.0347832
0.0283749
0.022681
0.0177994
0.0137431
0.0105039
0.00802318
0.00624821
0.00504935
0.00440893
0.00415801
0.00445275
0.00512723
0.00634298
0.00929268
0.0101748
0.0101779
0.0103814
0.0764338
0.06674
0.0576644
0.0488599
0.0403126
0.0325134
0.0256274
0.019748
0.0148782
0.0109602
0.00794104
0.00572924
0.00424315
0.00333251
0.00295999
0.00291821
0.00337881
0.00417304
0.00530274
0.00824553
0.00928731
0.00952565
0.00975934
0.0810656
0.0692476
0.0580771
0.0473858
0.0374824
0.0289166
0.0216861
0.0158036
0.0111333
0.00753816
0.00490247
0.00310223
0.00201831
0.00148372
0.00144483
0.00165804
0.00233054
0.00323203
0.00437893
0.00733542
0.00849869
0.00889384
0.00916798
0.085077
0.0694511
0.0559293
0.043655
0.0329056
0.0238814
0.016502
0.0107455
0.00635858
0.00314546
0.000956072
-0.000359563
-0.000982207
-0.00108564
-0.000747818
-0.000220106
0.000716442
0.00178344
0.00316553
0.00642815
0.00779276
0.00828416
0.00861968
0.0854565
0.067554
0.0521095
0.0386294
0.027427
0.0182976
0.0110372
0.00556784
0.00155635
-0.00123261
-0.00294774
-0.00377227
-0.00393286
-0.00360647
-0.00291111
-0.00205921
-0.000888256
0.000385928
0.00202531
0.00548933
0.0070763
0.0077169
0.00811183
0.0828368
0.0613853
0.0455249
0.0319929
0.0210147
0.0122669
0.00550727
0.00051776
-0.00297921
-0.00522122
-0.0063696
-0.00663517
-0.00630295
-0.00552611
-0.00447496
-0.00329876
-0.00191506
-0.000446044
0.00135933
0.00462445
0.00633128
0.00720217
0.00762924
0.0717561
0.0523042
0.0371558
0.0240753
0.0137176
0.00561118
-0.000445526
-0.00496915
-0.00798421
-0.00960836
-0.0100996
-0.00971883
-0.00881721
-0.00753256
-0.00605492
-0.00451612
-0.00285182
-0.00118636
0.000832666
0.00384976
0.0056289
0.00673608
0.00717976
0.0581914
0.0430639
0.0294213
0.0170076
0.00737237
-0.000296078
-0.00580713
-0.0100312
-0.0127997
-0.0139393
-0.0138736
-0.0129254
-0.0114952
-0.00975311
-0.00784896
-0.00599856
-0.00401784
-0.0021929
4.36869e-05
0.00316473
0.00511867
0.00636104
0.00684307
0.0384969
0.0240742
0.0141888
0.00448987
-0.00272733
-0.00863267
-0.0126029
-0.0155519
-0.0172722
-0.0175073
-0.0167096
-0.0151893
-0.0132964
-0.0112174
-0.00901775
-0.007002
-0.00481733
-0.00292534
-0.000614746
0.00271539
0.00485498
0.0060812
0.00661368
0.0146628
-6.85841e-05
-0.00668605
-0.0133529
-0.0172912
-0.0202935
-0.0216626
-0.0221144
-0.0215813
-0.0202671
-0.0184461
-0.0162802
-0.0139808
-0.0116608
-0.00932038
-0.00726039
-0.00503135
-0.00313889
-0.000943558
0.00249811
0.00473217
0.00583659
0.00641538
-0.00798537
-0.0207187
-0.0253069
-0.0296723
-0.0309562
-0.0312796
-0.0300996
-0.0280609
-0.025384
-0.0225752
-0.0197547
-0.0169421
-0.0142581
-0.0116842
-0.00923693
-0.00709547
-0.00488696
-0.00294808
-0.000943192
0.00244232
0.00463299
0.00561551
0.00621946
-0.0304624
-0.0387563
-0.0398481
-0.04185
-0.0407712
-0.0390765
-0.0361145
-0.0325342
-0.0285566
-0.0247246
-0.021129
-0.0177506
-0.0146944
-0.0118311
-0.00924411
-0.00693321
-0.00472435
-0.00266211
-0.000796931
0.00246366
0.00451175
0.00540935
0.00601419
-0.0530367
-0.0560452
-0.0525929
-0.0514908
-0.047931
-0.0444919
-0.0402312
-0.0357737
-0.0311356
-0.0267146
-0.0225992
-0.0187923
-0.0154104
-0.012275
-0.00953214
-0.00701859
-0.00477692
-0.00254825
-0.000734339
0.00246919
0.00436328
0.00521103
0.0058008
-0.074712
-0.0724376
-0.0650111
-0.0604936
-0.0544561
-0.049242
-0.0436997
-0.0384357
-0.0332829
-0.0284521
-0.0239759
-0.0198647
-0.0162288
-0.0128833
-0.0100089
-0.0073216
-0.00504197
-0.0026568
-0.000839321
0.00240046
0.00418537
0.00501392
0.00558439
-0.0943799
-0.0872753
-0.0770468
-0.0692089
-0.0609584
-0.0538874
-0.0470309
-0.0408546
-0.0351138
-0.0298763
-0.0250941
-0.0207494
-0.0169216
-0.0134301
-0.0104639
-0.0076489
-0.00534693
-0.00284615
-0.00101477
0.00225912
0.00397473
0.00481446
0.00536798
)
;

boundaryField
{
    outlet
    {
        type            fixedValue;
        value           uniform 0;
    }
    upperWall
    {
        type            symmetryPlane;
    }
    lowerWall
    {
        type            symmetryPlane;
    }
    inlet
    {
        type            zeroGradient;
    }
    cylinder
    {
        type            zeroGradient;
    }
    frontAndBack
    {
        type            empty;
    }
}


// ************************************************************************* //
