/*--------------------------------*- C++ -*----------------------------------*\
| =========                 |                                                 |
| \\      /  F ield         | OpenFOAM: The Open Source CFD Toolbox           |
|  \\    /   O peration     | Version:  2312                                  |
|   \\  /    A nd           | Website:  www.openfoam.com                      |
|    \\/     M anipulation  |                                                 |
\*---------------------------------------------------------------------------*/
FoamFile
{
    version     2.0;
    format      ascii;
    arch        "LSB;label=32;scalar=64";
    class       volScalarField;
    location    "83.75";
    object      p;
}
// * * * * * * * * * * * * * * * * * * * * * * * * * * * * * * * * * * * * * //

dimensions      [0 2 -2 0 0 0 0];

internalField   nonuniform List<scalar> 
5478
(
-0.553087
-0.548862
-0.541309
-0.534057
-0.529037
-0.52608
-0.522517
-0.514879
-0.500272
-0.477536
-0.447662
-0.412327
-0.374239
-0.331391
-0.28655
-0.566253
-0.561384
-0.554269
-0.545935
-0.536503
-0.524782
-0.509679
-0.490325
-0.466448
-0.438599
-0.407571
-0.374438
-0.339582
-0.30358
-0.26915
-0.585167
-0.578707
-0.570022
-0.558513
-0.54192
-0.52026
-0.495014
-0.467452
-0.438361
-0.408121
-0.377096
-0.345484
-0.313751
-0.28205
-0.250466
-0.609499
-0.599815
-0.588179
-0.57036
-0.544287
-0.513067
-0.480115
-0.447189
-0.414846
-0.383218
-0.35222
-0.32196
-0.292437
-0.263824
-0.236856
-0.63972
-0.624452
-0.608069
-0.580474
-0.543638
-0.504001
-0.465265
-0.428628
-0.39422
-0.361762
-0.331021
-0.301735
-0.273755
-0.24724
-0.221506
-0.674724
-0.652525
-0.626716
-0.586534
-0.539225
-0.492593
-0.449442
-0.410137
-0.374246
-0.341283
-0.310765
-0.282359
-0.255846
-0.230969
-0.207211
-0.707783
-0.680413
-0.64008
-0.585898
-0.529355
-0.477091
-0.430534
-0.389258
-0.352449
-0.319339
-0.289323
-0.26193
-0.236812
-0.213684
-0.19161
-0.732656
-0.700776
-0.643537
-0.576115
-0.511909
-0.45527
-0.406334
-0.363894
-0.326764
-0.294018
-0.264878
-0.238792
-0.215375
-0.194106
-0.174507
-0.498212
-0.49831
-0.502558
-0.513697
-0.531626
-0.55567
-0.584585
-0.616071
-0.646753
-0.672267
-0.687767
-0.687351
-0.667485
-0.62873
-0.566563
-0.525229
-0.523765
-0.528659
-0.541576
-0.562302
-0.590095
-0.623615
-0.660409
-0.696921
-0.728564
-0.748969
-0.75188
-0.730747
-0.684916
-0.609834
-0.543221
-0.539485
-0.543195
-0.555041
-0.57489
-0.601994
-0.63497
-0.671358
-0.707699
-0.739056
-0.759966
-0.762342
-0.737521
-0.685039
-0.600358
-0.551651
-0.545632
-0.546437
-0.55447
-0.570133
-0.592951
-0.621573
-0.653828
-0.686652
-0.715431
-0.733338
-0.732497
-0.702975
-0.646579
-0.560048
-0.552566
-0.545149
-0.542297
-0.544816
-0.554292
-0.571064
-0.59412
-0.621468
-0.649965
-0.673991
-0.684903
-0.676182
-0.639528
-0.579919
-0.499368
-0.549608
-0.542207
-0.536225
-0.533366
-0.536708
-0.547738
-0.565985
-0.588978
-0.61132
-0.626227
-0.626113
-0.606134
-0.562876
-0.50443
-0.433605
-0.546515
-0.540222
-0.532377
-0.525932
-0.525129
-0.532054
-0.545796
-0.561855
-0.574126
-0.575838
-0.562397
-0.532181
-0.486932
-0.435296
-0.377294
-0.546684
-0.541842
-0.533531
-0.525958
-0.523099
-0.526204
-0.532953
-0.538406
-0.537144
-0.52479
-0.500383
-0.464513
-0.421951
-0.375969
-0.32858
-0.463571
-0.34985
-0.316153
-0.319772
-0.293862
-0.213282
-0.154379
-0.136543
-0.138283
-0.162685
-0.172122
-0.150428
-0.137186
-0.128974
-0.104633
-0.0820924
-0.0920117
-0.114956
-0.118538
-0.105735
-0.110122
-0.140023
-0.125467
-0.10671
-0.11333
-0.126679
-0.0950616
-0.0826355
-0.0497722
-0.00517989
0.000281946
-0.0081343
-0.0156883
0.00314107
0.0204968
0.0246504
0.00851549
-0.00446535
-0.480085
-0.330627
-0.243271
-0.213013
-0.190782
-0.150192
-0.133198
-0.138009
-0.156315
-0.197879
-0.217314
-0.173915
-0.143354
-0.131089
-0.109056
-0.0876829
-0.0979164
-0.119631
-0.120656
-0.100852
-0.0951313
-0.125994
-0.115821
-0.109027
-0.129198
-0.141112
-0.0938633
-0.0740732
-0.0495305
-0.00953732
-0.00361835
-0.0100266
-0.0171416
0.00233816
0.0204463
0.0247313
0.00732155
-0.00548882
-0.459562
-0.296561
-0.182217
-0.130662
-0.0816097
-0.077657
-0.105742
-0.134782
-0.168322
-0.224736
-0.254379
-0.195662
-0.147591
-0.131029
-0.112512
-0.0934622
-0.103927
-0.123683
-0.12118
-0.0946611
-0.0799932
-0.112277
-0.104897
-0.107856
-0.141914
-0.152031
-0.0915519
-0.0647217
-0.0483056
-0.0137669
-0.00751779
-0.0118492
-0.018549
0.0013718
0.0201721
0.0247785
0.00622345
-0.00638869
-0.422376
-0.274784
-0.155922
-0.0897588
-0.0281436
-0.0236976
-0.0780637
-0.121912
-0.16246
-0.232396
-0.269966
-0.211507
-0.149997
-0.128389
-0.112753
-0.0981021
-0.109174
-0.127067
-0.121528
-0.0882977
-0.0658168
-0.0783916
-0.0927682
-0.103077
-0.150795
-0.15929
-0.0892626
-0.0555753
-0.046039
-0.0176308
-0.0111504
-0.0136011
-0.0201211
0.000294402
0.0196936
0.0248016
0.00523277
-0.00716274
-0.374953
-0.261109
-0.151962
-0.079861
-0.0249285
0.0051586
-0.0640002
-0.111343
-0.142032
-0.215538
-0.263739
-0.220207
-0.150969
-0.124614
-0.109547
-0.100901
-0.113366
-0.12962
-0.12116
-0.0821925
-0.0544259
-0.067163
-0.0809329
-0.0951955
-0.155654
-0.162391
-0.0870519
-0.0470598
-0.042839
-0.0210235
-0.0142676
-0.0152835
-0.0209748
-0.000873668
0.0190312
0.0247941
0.00433886
-0.00781725
-0.330455
-0.247192
-0.156911
-0.0887633
-0.0349197
0.00107186
-0.0427532
-0.0961765
-0.112518
-0.178969
-0.238546
-0.209219
-0.14663
-0.118429
-0.102821
-0.100619
-0.115152
-0.131171
-0.121943
-0.0780257
-0.0457896
-0.0565625
-0.069077
-0.0844421
-0.156236
-0.161469
-0.0856488
-0.0401433
-0.038935
-0.0239384
-0.0167227
-0.0169019
-0.0216272
-0.0020735
0.0182024
0.0247373
0.00353901
-0.00836342
-0.300148
-0.23435
-0.1564
-0.0907903
-0.0405038
-0.0029359
0.00436661
-0.0638235
-0.0795986
-0.146724
-0.21224
-0.200235
-0.14453
-0.114046
-0.0942291
-0.0959458
-0.115373
-0.129638
-0.120349
-0.0732901
-0.0392933
-0.0481561
-0.0573363
-0.070172
-0.153134
-0.156444
-0.0837133
-0.0357042
-0.0339896
-0.0264529
-0.0183473
-0.0184345
-0.0221942
-0.00338498
0.0172331
0.024652
0.00281451
-0.00882556
-0.282337
-0.23468
-0.167687
-0.107331
-0.0574566
-0.0127649
-0.00292769
-0.023124
-0.0447707
-0.106983
-0.172242
-0.169861
-0.133379
-0.108767
-0.0842989
-0.08652
-0.113171
-0.137012
-0.122682
-0.0716546
-0.0348673
-0.0401952
-0.0462301
-0.0547028
-0.146092
-0.15071
-0.0828145
-0.0334057
-0.0290598
-0.028208
-0.0191726
-0.0198841
-0.0225686
-0.00466999
0.0160662
0.024484
0.00219411
-0.00921164
-0.2466
-0.21573
-0.150552
-0.0889892
-0.037692
0.00894765
0.0634081
0.0677571
0.00893631
-0.0782523
-0.14601
-0.140428
-0.110273
-0.0893872
-0.069544
-0.0768067
-0.105171
-0.118173
-0.115858
-0.0663416
-0.0309942
-0.0361635
-0.0383399
-0.0454337
-0.131464
-0.13707
-0.0801838
-0.0343597
-0.0275582
-0.029104
-0.0189718
-0.0213919
-0.0235671
-0.00601981
0.0149916
0.0243281
0.0014978
-0.00964773
-0.183515
-0.1614
-0.110436
-0.0606377
-0.0179306
0.0263992
0.0745372
0.0842773
0.0349966
-0.0385139
-0.0871561
-0.0867603
-0.0740911
-0.0626862
-0.0469885
-0.0578297
-0.0998833
-0.14084
-0.107632
-0.0521674
-0.0183008
-0.0252343
-0.0249188
-0.0270844
-0.110175
-0.127405
-0.0711643
-0.029776
-0.0287846
-0.0288045
-0.0204857
-0.0233623
-0.02464
-0.00746806
0.013717
0.0235186
0.000533723
-0.0100484
-0.141458
-0.129887
-0.0940513
-0.0524175
-0.0139916
0.0260648
0.0714809
0.0815863
0.0466351
-0.00365647
-0.0393023
-0.047465
-0.0472639
-0.0417755
-0.0268395
-0.0313539
-0.0680241
-0.0940741
-0.0821607
-0.0322783
-0.00665263
-0.0171631
-0.0127479
-0.00709847
-0.0793944
-0.0979203
-0.0518882
-0.0268402
-0.0318553
-0.0286351
-0.0209918
-0.0247489
-0.0254898
-0.00912147
0.012115
0.0222783
-0.000403059
-0.0102009
-0.106916
-0.0998389
-0.0731203
-0.0397176
-0.00790664
0.0225379
0.0525887
0.0663401
0.0465005
0.0133099
-0.00859037
-0.0169742
-0.0205923
-0.0171524
-0.00322804
-0.00486778
-0.0281904
-0.045748
-0.0501456
-0.0200988
-0.0017544
-0.00504476
0.00190275
0.0129314
-0.0447589
-0.0575458
-0.0269517
-0.0244099
-0.0330231
-0.0275217
-0.0208121
-0.0259098
-0.0262586
-0.010755
0.0102611
0.0205579
-0.00109042
-0.00996536
-0.0796353
-0.0757324
-0.0577521
-0.0334878
-0.00942674
0.0129565
0.0341213
0.0464959
0.0376513
0.0192101
0.00323592
-0.00151032
-0.00532088
-0.00477081
0.0103349
0.0181161
0.016428
0.00806894
-0.0186343
-0.0134894
0.000508376
-0.00230593
0.0100773
0.0271562
-0.0100341
-0.014806
0.00134131
-0.0175893
-0.0298542
-0.0251322
-0.0195511
-0.0263894
-0.0269694
-0.0124291
0.00823058
0.0184027
-0.00138488
-0.00924686
-0.0589558
-0.0569625
-0.0450546
-0.027774
-0.00981647
0.00652393
0.0210672
0.0305191
0.0286074
0.0195773
0.0107608
0.00863197
0.00772914
0.00982226
0.0226765
0.0291902
0.0352966
0.0337044
0.00290723
-0.00597608
0.00469841
0.00686049
0.0170468
0.0304057
0.00709566
0.00680533
0.022529
-0.0064337
-0.0197448
-0.0204437
-0.01825
-0.0258629
-0.0266389
-0.0134757
0.00623404
0.0158381
-0.00120126
-0.00792479
-0.0423255
-0.0415874
-0.0341487
-0.0224784
-0.00975408
0.00182491
0.0120438
0.019494
0.0209677
0.0183179
0.014037
0.0135944
0.0138338
0.0145879
0.0254274
0.0329658
0.0383188
0.0386644
0.0171417
0.00562285
0.0104773
0.0110392
0.0199528
0.0301564
0.0122308
0.0135088
0.0305859
0.00459416
-0.00513353
-0.011523
-0.0141744
-0.022727
-0.0250546
-0.0135209
0.00469196
0.0130481
-0.000461334
-0.00595813
-0.0290933
-0.0294132
-0.0250085
-0.0172684
-0.00840927
-0.000122631
0.00727801
0.012983
0.0157135
0.0160947
0.0146544
0.0156888
0.0176241
0.0196026
0.0273945
0.0331535
0.0351272
0.0356334
0.0243134
0.0147356
0.0151493
0.0167572
0.0230509
0.0276518
0.0139161
0.0156685
0.0280083
0.0133717
0.00720236
0.00126959
-0.00227899
-0.0144044
-0.0223464
-0.0117436
0.00412188
0.0105737
0.0010114
-0.00352972
-0.0191014
-0.0197942
-0.0171265
-0.0120912
-0.00609884
-0.00027637
0.00506458
0.00955144
0.012489
0.0143214
0.015039
0.0165917
0.0186638
0.0202782
0.0252656
0.030176
0.0315028
0.0312565
0.0260356
0.0203568
0.0184013
0.0169616
0.0236823
0.0283643
0.0180121
0.0179231
0.0246914
0.0185096
0.0150871
0.0136527
0.0124917
-0.00112694
-0.015592
-0.00669883
0.00503547
0.00859465
0.00298661
-0.000804338
-0.010981
-0.0118607
-0.0104299
-0.00722877
-0.00319505
0.000914669
0.00478571
0.00822255
0.0109255
0.0130887
0.0145434
0.0162626
0.0183633
0.0204595
0.024027
0.0278601
0.0284279
0.0278567
0.0252709
0.0224193
0.0207046
0.0191472
0.0237478
0.0264286
0.0203269
0.0187939
0.0225397
0.0206622
0.019337
0.020967
0.0206721
0.0111559
-0.00432917
0.00101638
0.00724154
0.00769965
0.00507126
0.00146461
-0.00447075
-0.00544978
-0.00476737
-0.00272594
2.32496e-06
0.00285787
0.00564844
0.00822765
0.0105179
0.0125291
0.0141879
0.0159061
0.017823
0.0196077
0.0216866
0.0231633
0.0249499
0.0251273
0.0238425
0.0225833
0.0215164
0.0199892
0.0225402
0.0245378
0.0213355
0.0195061
0.0213246
0.0210298
0.0207999
0.0229782
0.0227999
0.0178666
0.00518125
0.00705148
0.00961141
0.00888029
0.00703694
0.00255561
0.000660549
-0.000236986
4.25487e-05
0.00130451
0.00310112
0.00505776
0.00703577
0.00897564
0.0108069
0.0124744
0.0139905
0.0155062
0.0171024
0.0186819
0.0203436
0.0219128
0.0229239
0.0232223
0.0225806
0.0219622
0.0216778
0.0207122
0.0216881
0.0231441
0.0215791
0.0199402
0.0205568
0.0207373
0.0210589
0.0226761
0.0225791
0.0194363
0.0106324
0.0102603
0.0108208
0.00977195
0.00814247
0.00281894
0.00481662
0.00402386
0.00405476
0.00480894
0.00598571
0.00731699
0.00869478
0.0100785
0.0114559
0.0127915
0.0140321
0.015275
0.0165806
0.0178829
0.0191555
0.0202534
0.0210869
0.0215644
0.0214324
0.0211702
0.0211226
0.0206625
0.0208403
0.0216597
0.0211346
0.0200287
0.0199034
0.0200195
0.0203715
0.0213457
0.0211917
0.0187056
0.0126463
0.0112982
0.010767
0.00948736
0.00792527
0.00276417
0.00814048
0.00746749
0.00738305
0.00782363
0.00857597
0.00944833
0.0103676
0.0113306
0.0123325
0.0133331
0.014291
0.0152508
0.0162578
0.0172727
0.0182451
0.0190865
0.0197811
0.0202637
0.0204013
0.0203774
0.0204336
0.0203435
0.0202918
0.0205634
0.0204277
0.019788
0.0193645
0.0192511
0.019526
0.0199384
0.0195227
0.0173839
0.0132087
0.0113963
0.0103071
0.00872206
0.00687491
0.00252263
0.010813
0.0102692
0.0101291
0.0103574
0.0108112
0.0113617
0.0119562
0.0125987
0.0132901
0.0139974
0.0146925
0.0153899
0.0161352
0.0168884
0.0176236
0.0182583
0.0188151
0.0192628
0.0194991
0.019614
0.0196807
0.0197038
0.019619
0.0196553
0.0195957
0.0192328
0.0187888
0.0184487
0.0184372
0.0184761
0.0178834
0.0159845
0.0129551
0.0109723
0.00964727
0.00785027
0.00575069
0.00217401
0.0129645
0.0125251
0.0123603
0.0124537
0.0127076
0.0130321
0.013391
0.0137912
0.0142413
0.0147112
0.0151856
0.015663
0.0161856
0.0167219
0.0172509
0.0177191
0.0181415
0.0185128
0.0187467
0.0189046
0.0189807
0.0190372
0.0189902
0.0189203
0.0188091
0.0185447
0.018153
0.0176815
0.0174565
0.0172097
0.0164352
0.0147502
0.0124758
0.0105573
0.00907036
0.00711905
0.00484567
0.00185203
0.0146699
0.0143241
0.0141594
0.0141672
0.014282
0.0144449
0.0146349
0.0148596
0.0151288
0.0154155
0.0157114
0.0160103
0.0163502
0.0167068
0.0170635
0.0173856
0.0176824
0.017959
0.0181469
0.0182865
0.0183512
0.0183929
0.0183351
0.0182321
0.0180757
0.0178173
0.0174603
0.0169397
0.0165026
0.0160487
0.0151883
0.0137126
0.0119191
0.01014
0.00852509
0.00653992
0.00420357
0.00156994
0.0160161
0.015745
0.0155869
0.0155386
0.0155591
0.0156102
0.0156827
0.015781
0.0159166
0.0160646
0.0162233
0.0163849
0.0165796
0.0167918
0.0170054
0.0172037
0.0173853
0.0175637
0.0176823
0.0177719
0.0177983
0.0178033
0.0177237
0.0175941
0.0174072
0.0171171
0.0167599
0.0162321
0.0156805
0.0150843
0.0141906
0.0128338
0.011348
0.00973376
0.00806179
0.00608472
0.00380982
0.00140225
0.0170617
0.0168457
0.0166977
0.0166147
0.0165734
0.0165481
0.016539
0.0165472
0.0165864
0.0166332
0.0166902
0.016748
0.0168297
0.0169288
0.0170267
0.0171247
0.0172035
0.0172905
0.0173338
0.0173606
0.0173405
0.0172932
0.017185
0.0170207
0.0168107
0.0164956
0.0161184
0.0155922
0.0149736
0.0142821
0.0134116
0.0122116
0.0109377
0.00942374
0.00770371
0.00578599
0.00355765
0.00126616
0.0178519
0.0176737
0.0175354
0.0174305
0.0173505
0.0172745
0.0172111
0.0171574
0.0171275
0.0171036
0.0170853
0.0170704
0.0170654
0.0170809
0.0170877
0.0171066
0.017101
0.0171114
0.0170836
0.0170466
0.0169785
0.01687
0.0167368
0.0165204
0.0162882
0.0159455
0.0155481
0.0150525
0.0144309
0.0137999
0.0128818
0.0117635
0.0105625
0.00909221
0.00738854
0.0055506
0.00337305
0.0011675
0.0184255
0.0182729
0.0181394
0.0180217
0.0179159
0.0178112
0.0177123
0.01762
0.0175402
0.0174676
0.0173968
0.0173306
0.0172671
0.0172156
0.0171591
0.0171094
0.0170466
0.0169888
0.0169064
0.016812
0.0166955
0.0165416
0.0163679
0.0161214
0.0158468
0.0154901
0.015057
0.0145469
0.0139139
0.0132008
0.012334
0.0112531
0.0100745
0.00864181
0.00701416
0.00524485
0.00319855
0.00109367
0.0188031
0.0186661
0.0185352
0.0184105
0.0182897
0.0181689
0.0180497
0.0179334
0.0178232
0.017718
0.0176149
0.0175153
0.017415
0.0173204
0.017221
0.0171261
0.0170221
0.0169168
0.0167955
0.0166569
0.0165017
0.0163128
0.0161004
0.0158321
0.0155239
0.0151471
0.0146986
0.014173
0.0135371
0.0127948
0.011933
0.0108852
0.00970906
0.00833298
0.00676101
0.00503716
0.00310168
0.00106017
0.018997
0.0188672
0.0187373
0.0186088
0.0184811
0.0183534
0.0182251
0.018098
0.0179722
0.0178506
0.0177304
0.0176142
0.0174955
0.0173789
0.0172569
0.0171367
0.0170101
0.0168793
0.016736
0.0165739
0.0163966
0.0161874
0.0159549
0.015672
0.0153454
0.0149563
0.0144967
0.0139575
0.0133175
0.0125657
0.0116997
0.0106707
0.00950009
0.00814584
0.00660487
0.00491851
0.00304621
0.0010397
-0.149855
-0.161694
-0.174336
-0.184768
-0.198022
-0.204844
-0.217175
-0.224116
-0.122338
-0.129289
-0.136815
-0.14317
-0.149359
-0.153009
-0.1584
-0.167897
-0.0969857
-0.100959
-0.104441
-0.108304
-0.112357
-0.117641
-0.122378
-0.130363
-0.0766922
-0.0786352
-0.0804317
-0.0838444
-0.0870829
-0.0908937
-0.0934737
-0.098615
-0.0590561
-0.0601424
-0.0611412
-0.0633202
-0.0649045
-0.0668355
-0.068591
-0.072901
-0.0446462
-0.0449471
-0.0451714
-0.0462123
-0.047081
-0.0485586
-0.0502354
-0.0538058
-0.0324939
-0.0323398
-0.0322168
-0.0327934
-0.0334718
-0.0346024
-0.0358542
-0.0384785
-0.0225543
-0.0222036
-0.0219285
-0.0221937
-0.0226173
-0.0233075
-0.0241298
-0.0259958
-0.0143525
-0.013919
-0.0135385
-0.0135226
-0.0136785
-0.014065
-0.0147723
-0.0164477
-0.00753436
-0.00709433
-0.00668896
-0.00655479
-0.00664702
-0.00699926
-0.0076649
-0.0089724
-0.00194374
-0.00158307
-0.00124569
-0.00110456
-0.00115452
-0.00139117
-0.00185439
-0.00284797
0.00264022
0.00291079
0.00318536
0.00333948
0.00334671
0.00319029
0.00280896
0.00198014
0.00640896
0.00659262
0.00679314
0.00691589
0.00692133
0.00679378
0.00648857
0.00584483
0.0094866
0.00958841
0.00971275
0.0097937
0.00979513
0.00969842
0.00945772
0.00895127
0.0119981
0.0120303
0.0120874
0.0121237
0.0121061
0.0120158
0.0118183
0.0114302
0.0140147
0.0139918
0.0139935
0.0139903
0.0139567
0.0138779
0.0137238
0.0134328
0.0156256
0.0155668
0.0155314
0.0155005
0.0154533
0.0153761
0.0152457
0.015023
0.016902
0.0168191
0.0167568
0.0167028
0.0166408
0.0165613
0.0164487
0.0162796
0.0178941
0.0177961
0.0177167
0.0176477
0.0175764
0.0174956
0.0173954
0.0172624
0.0186482
0.0185411
0.0184512
0.0183726
0.0182952
0.018213
0.0181203
0.0180101
0.0191907
0.0190801
0.0189849
0.0189011
0.0188206
0.0187387
0.0186515
0.0185562
0.0195471
0.0194369
0.0193397
0.0192531
0.0191709
0.0190895
0.0190055
0.0189184
0.0197269
0.019619
0.0195213
0.0194333
0.0193506
0.0192699
0.019188
0.0191048
0.023144
0.0253929
0.0266122
0.0260758
0.0232871
0.0182492
0.0108429
0.000442579
-0.0140861
-0.0343589
-0.062601
-0.101928
-0.157398
-0.232551
-0.302713
-0.00364601
-0.00421253
-0.007606
-0.0130756
-0.0204418
-0.0300307
-0.0424701
-0.0586935
-0.0799774
-0.108039
-0.14523
-0.194652
-0.26147
-0.350081
-0.426158
-0.0289286
-0.0330474
-0.0411126
-0.051161
-0.0627916
-0.0767022
-0.0938934
-0.115477
-0.142815
-0.177723
-0.222753
-0.281088
-0.356717
-0.457306
-0.531358
-0.0550403
-0.0626973
-0.0743739
-0.0878538
-0.103014
-0.12081
-0.14232
-0.168656
-0.201227
-0.241909
-0.293319
-0.359186
-0.441914
-0.546142
-0.616537
-0.0820484
-0.092887
-0.107091
-0.122952
-0.140865
-0.161931
-0.187112
-0.217395
-0.254165
-0.299404
-0.355462
-0.42646
-0.513628
-0.615593
-0.680158
-0.107925
-0.121794
-0.137999
-0.15581
-0.176088
-0.19987
-0.227961
-0.261223
-0.301022
-0.349367
-0.408695
-0.481994
-0.569528
-0.665652
-0.721773
-0.132147
-0.148527
-0.166309
-0.185894
-0.20832
-0.234312
-0.264567
-0.299985
-0.34181
-0.391789
-0.45216
-0.524914
-0.609346
-0.695969
-0.742618
-0.154512
-0.172319
-0.19173
-0.213316
-0.237712
-0.265482
-0.297273
-0.333945
-0.376626
-0.426766
-0.486165
-0.555915
-0.633778
-0.707241
-0.745393
0.196851
0.211313
0.22759
0.246067
0.266748
0.289495
0.314209
0.340846
0.369326
0.39938
0.430405
0.461203
0.489745
0.511994
0.530151
0.18931
0.20243
0.217567
0.235117
0.254859
0.276476
0.299816
0.32484
0.351455
0.37934
0.407799
0.435515
0.460289
0.478118
0.491924
0.177575
0.188617
0.202038
0.218114
0.236295
0.256017
0.277032
0.299267
0.322586
0.346581
0.37042
0.392618
0.410696
0.420759
0.427285
0.161648
0.170077
0.181322
0.195348
0.21124
0.228246
0.246044
0.264504
0.283382
0.302104
0.319623
0.334209
0.343006
0.342031
0.338886
0.141661
0.14726
0.156266
0.168045
0.181122
0.194584
0.208147
0.221708
0.23495
0.247112
0.256879
0.262215
0.259848
0.245529
0.229883
0.117892
0.120049
0.126623
0.136055
0.146132
0.155752
0.164636
0.172667
0.179424
0.183975
0.184768
0.179474
0.164384
0.134991
0.104761
0.0910763
0.0904368
0.0946889
0.101007
0.107104
0.112126
0.115876
0.118074
0.118011
0.114493
0.105715
0.0890519
0.0604086
0.0152505
-0.0300512
0.0595463
0.0580195
0.061522
0.064825
0.0664221
0.0661972
0.0642278
0.0600953
0.0528128
0.0409089
0.0223209
-0.00589258
-0.048291
-0.109087
-0.168411
0.0381027
0.0425946
0.0388584
0.0428483
0.0404005
0.0447125
0.0429862
0.0473929
0.0467767
0.0512965
0.0520672
0.0569126
0.0594747
0.0651012
0.0697786
0.0770666
0.0844259
0.0943825
0.105336
0.119279
0.135054
0.154487
0.176719
0.0380471
0.0425038
0.0388018
0.0427322
0.0403322
0.0445681
0.0428939
0.0471999
0.0466223
0.0510652
0.0518021
0.0565492
0.0590948
0.0645972
0.0691576
0.0763475
0.0833423
0.0931102
0.10347
0.116973
0.131741
0.150318
0.17097
0.0380001
0.0423872
0.0387632
0.042587
0.0402896
0.0443945
0.0428136
0.0469714
0.0465041
0.0507932
0.051589
0.0561486
0.0587135
0.0640129
0.0684855
0.0754973
0.0820829
0.0916031
0.101132
0.114002
0.127323
0.144469
0.162345
0.0379623
0.042247
0.0387412
0.042417
0.040268
0.044194
0.0427663
0.0467179
0.0464102
0.0505057
0.0513928
0.0558107
0.0583841
0.0635268
0.0678465
0.0747387
0.0807599
0.0899954
0.0983937
0.110389
0.121619
0.136675
0.150644
0.0379329
0.0420867
0.0387294
0.0422263
0.0402639
0.0439714
0.042748
0.0464431
0.0463347
0.0501812
0.0511985
0.0553317
0.0579981
0.062803
0.0670733
0.0735914
0.0790846
0.0877156
0.0949959
0.105765
0.114661
0.126884
0.135661
0.0379099
0.0419095
0.0387329
0.0420208
0.0402716
0.0437349
0.0427509
0.0461783
0.0462833
0.0498942
0.0510706
0.0551114
0.0577589
0.0624624
0.066499
0.0727936
0.0776103
0.0857484
0.0914264
0.100753
0.106316
0.115319
0.118016
0.0378922
0.0417177
0.0387383
0.0418074
0.0402868
0.0434872
0.0427479
0.0458871
0.0462153
0.0495344
0.0508586
0.0544979
0.0573061
0.0615574
0.0655381
0.071113
0.0755186
0.0825009
0.0870695
0.0943228
0.0971666
0.101223
0.0974281
0.0378736
0.0415182
0.0387469
0.041598
0.040306
0.0432619
0.042785
0.045685
0.0462103
0.0493567
0.0508637
0.0546203
0.0571802
0.0614575
0.0651323
0.0704951
0.074078
0.0804112
0.0826936
0.08788
0.0857645
0.0862059
0.0733429
0.0378502
0.0412533
0.0387638
0.041294
0.0403139
0.0428892
0.0427445
0.0452192
0.046032
0.0487492
0.0504363
0.0535652
0.0561679
0.0596707
0.0631812
0.0669971
0.0701331
0.0737411
0.0748901
0.07575
0.0708246
0.0622225
0.0421992
0.0378286
0.0408904
0.0387901
0.0408877
0.0402968
0.0423345
0.04262
0.0445339
0.0456457
0.0477235
0.0495345
0.0520334
0.0544616
0.0570351
0.0599459
0.0622095
0.0642461
0.0652169
0.0647436
0.0612327
0.0548322
0.0431408
0.0273163
0.0378245
0.0404493
0.0388322
0.0404011
0.0402897
0.0416881
0.0424749
0.0437675
0.0451563
0.0466737
0.0485416
0.0503699
0.0524928
0.0542264
0.0563135
0.0572754
0.0579829
0.056988
0.0547584
0.0492594
0.0417237
0.0300807
0.0152024
0.0378389
0.0399197
0.038891
0.0398426
0.0402576
0.041069
0.0421875
0.0430398
0.0445239
0.0455575
0.0473537
0.0485648
0.0502207
0.0512607
0.0523035
0.052239
0.0516143
0.0491773
0.0455775
0.0391889
0.0310891
0.0200566
0.00643286
0.0378743
0.0392945
0.0389384
0.0393139
0.0401055
0.0404987
0.0417703
0.0422913
0.0437121
0.0444025
0.0459188
0.0466339
0.0476633
0.0481474
0.0481251
0.0471637
0.0454715
0.042029
0.0375806
0.030977
0.0229985
0.0128878
0.000681077
0.0379268
0.0386254
0.038875
0.038838
0.0398597
0.0399363
0.0412131
0.0415194
0.0427238
0.0431511
0.0442819
0.0445679
0.0449386
0.0448903
0.0439689
0.042214
0.0397862
0.0358282
0.0310084
0.0246113
0.0171638
0.00814236
-0.00249778
0.0379573
0.0379808
0.0386782
0.0384004
0.0395011
0.0393767
0.0405162
0.0407146
0.0415737
0.0417968
0.0424902
0.0423659
0.0421411
0.0415667
0.0399884
0.0376581
0.0347869
0.0307006
0.0258594
0.0199228
0.0132607
0.00546634
-0.00353475
0.037936
0.0373713
0.0383756
0.037982
0.0390168
0.0388064
0.0396908
0.0398327
0.0403104
0.0403321
0.0405914
0.0400762
0.0393637
0.03832
0.0363134
0.0336636
0.0305789
0.0266257
0.0220518
0.0167403
0.0109944
0.00447498
-0.00294619
0.0378316
0.0368205
0.037954
0.0375669
0.0384137
0.038203
0.0387694
0.0388555
0.0389745
0.0387699
0.0386354
0.0377793
0.0366921
0.0352847
0.0330578
0.0303102
0.027211
0.0235559
0.0194501
0.0148609
0.0100379
0.0047153
-0.00128692
0.0376274
0.0363405
0.0374136
0.037137
0.0377134
0.0375378
0.0377914
0.0377745
0.037591
0.0371488
0.0366771
0.0355562
0.0342091
0.0325737
0.0302871
0.0276117
0.0246679
0.0214015
0.0178535
0.0140078
0.0100458
0.00577473
0.000990824
0.0373114
0.0359281
0.0367739
0.0366643
0.0369571
0.0367915
0.0367809
0.0366088
0.0361826
0.0355198
0.0347772
0.0334811
0.0319913
0.0302561
0.0280274
0.0255391
0.0228707
0.0200352
0.0170503
0.0139051
0.0107099
0.00732403
0.00354735
0.0368796
0.0355696
0.0360706
0.0360897
0.0361736
0.0359687
0.0357516
0.0353961
0.0347752
0.0339396
0.0329992
0.0316193
0.0300848
0.0283563
0.0262686
0.0240321
0.0217011
0.019303
0.0168418
0.0143113
0.0117698
0.00910807
0.00614468
0.0363396
0.0352348
0.0353619
0.0353921
0.0353608
0.0350947
0.0347176
0.0341839
0.0334076
0.0324553
0.0313967
0.0300068
0.0285035
0.0268594
0.0249661
0.0230108
0.0210322
0.019048
0.0170478
0.0150285
0.0130214
0.0109394
0.00862539
0.0357119
0.0348678
0.0346968
0.0345994
0.0344981
0.0341767
0.0336895
0.0330166
0.0321228
0.0311061
0.0300045
0.0286642
0.0272426
0.0257267
0.0240538
0.0223852
0.0207453
0.0191328
0.0175224
0.0159121
0.0143248
0.012696
0.0108962
0.0350249
0.0344121
0.0340728
0.0338304
0.0336129
0.0332213
0.0326696
0.0319171
0.0309576
0.0299178
0.0288313
0.0275853
0.0262765
0.0249046
0.0234497
0.0220521
0.0207228
0.0194367
0.0181514
0.0168636
0.0155987
0.0143193
0.0129241
0.0343117
0.0338693
0.033473
0.0330974
0.0327395
0.0322723
0.0316755
0.0308923
0.0299238
0.0289015
0.0278736
0.0267532
0.0255749
0.0243441
0.0230823
0.0219201
0.0208598
0.0198525
0.0188377
0.0178051
0.0167848
0.0157676
0.0146837
0.0336002
0.0332606
0.0328547
0.0323941
0.0319176
0.031378
0.0307444
0.0299622
0.0290248
0.0280521
0.0271097
0.0261263
0.0250877
0.0239953
0.0229006
0.0219292
0.0210825
0.0202986
0.0195046
0.0186796
0.0178524
0.0170346
0.0161885
0.0329122
0.0326286
0.0322199
0.0317173
0.0311702
0.0305707
0.0299061
0.0291437
0.0282622
0.0273576
0.0265093
0.0256574
0.0247566
0.0238026
0.0228566
0.0220341
0.0213423
0.0207223
0.0201007
0.0194476
0.0187808
0.01812
0.0174531
0.0322614
0.0320028
0.0315966
0.0310829
0.030504
0.0298671
0.0291859
0.0284533
0.0276352
0.026803
0.0260443
0.0253118
0.024539
0.0237152
0.0229003
0.0221938
0.0216093
0.0210999
0.0206037
0.0200872
0.0195554
0.019023
0.018493
0.0316707
0.0314259
0.0310188
0.030505
0.0299263
0.0292795
0.0285913
0.0278901
0.0271375
0.0263738
0.0256891
0.025058
0.0244009
0.0236949
0.022994
0.0223791
0.0218693
0.0214333
0.0210254
0.0206128
0.020189
0.0197588
0.0193311
0.0311662
0.0309326
0.0305282
0.0300143
0.029445
0.0288116
0.0281317
0.0274517
0.0267528
0.0260521
0.0254231
0.0248611
0.0242964
0.023695
0.0230935
0.0225531
0.0220977
0.0217137
0.0213694
0.0210335
0.0206894
0.0203364
0.0199876
0.0307825
0.030556
0.0301596
0.0296448
0.0290805
0.0284734
0.0278164
0.0271475
0.0264881
0.0258487
0.0252627
0.0247384
0.0242369
0.0237202
0.0231961
0.022704
0.022274
0.0219106
0.0215959
0.0213026
0.0210094
0.0207109
0.0204179
0.0305721
0.0303506
0.0299555
0.0294367
0.0288712
0.0282746
0.0276303
0.0269711
0.0263366
0.0257326
0.0251712
0.0246645
0.0241937
0.0237245
0.0232488
0.0227923
0.022386
0.0220411
0.0217456
0.0214771
0.021216
0.0209555
0.0207035
0.0192671
-0.00581619
-0.0302961
-0.0525238
-0.0750831
-0.0969363
-0.117494
-0.134982
0.00991571
-0.0126299
-0.0379656
-0.0574499
-0.0732677
-0.0881755
-0.101955
-0.11323
0.000608268
-0.0174049
-0.0380321
-0.052931
-0.0631669
-0.0731398
-0.0826567
-0.090901
-0.00667375
-0.0210939
-0.0360535
-0.0473048
-0.054806
-0.0618322
-0.0680571
-0.073356
-0.0111217
-0.0224767
-0.0324386
-0.0399892
-0.0452291
-0.0499294
-0.0537687
-0.0570892
-0.0128127
-0.0215055
-0.0277314
-0.0324007
-0.036031
-0.0393062
-0.0418044
-0.0437546
-0.0122643
-0.0187838
-0.0224171
-0.025029
-0.0274028
-0.0296285
-0.0312132
-0.0322579
-0.0101538
-0.0149973
-0.0169258
-0.0181484
-0.019573
-0.0210615
-0.0220879
-0.0226264
-0.00711837
-0.0106975
-0.0115663
-0.0119062
-0.0126494
-0.013614
-0.0142946
-0.014558
-0.00365045
-0.00628665
-0.00653789
-0.00635605
-0.00663029
-0.00721493
-0.00766259
-0.0077803
-0.000102002
-0.00204013
-0.00195904
-0.00150325
-0.00147542
-0.00179275
-0.00208805
-0.00215077
0.00330103
0.0018777
0.00211437
0.00268009
0.00288153
0.00274253
0.00254712
0.00249623
0.00642839
0.00538469
0.00567087
0.0062477
0.00653448
0.00650779
0.00637913
0.00632655
0.00921604
0.008457
0.00873833
0.00927038
0.00958195
0.0096175
0.00952716
0.00946239
0.0116513
0.0111044
0.0113538
0.0118082
0.0121004
0.0121641
0.0120984
0.0120226
0.0137336
0.013349
0.0135573
0.0139206
0.0141635
0.0142246
0.0141661
0.0140779
0.0154837
0.0152166
0.0153816
0.0156557
0.0158374
0.0158764
0.0158129
0.015714
0.0169278
0.0167402
0.0168628
0.0170583
0.0171805
0.0171907
0.0171161
0.0170074
0.0180944
0.0179543
0.0180342
0.0181625
0.0182328
0.0182151
0.0181281
0.0180108
0.019018
0.018901
0.0189376
0.0190076
0.0190337
0.0189921
0.0188947
0.0187715
0.0197336
0.019621
0.0196091
0.0196216
0.0196059
0.0195429
0.0194389
0.0193148
0.0202054
0.0200971
0.0200521
0.0200225
0.0199747
0.0198959
0.019789
0.0196679
0.0205114
0.0203884
0.020301
0.0202288
0.0201529
0.0200629
0.0199571
0.0198422
-0.35503
-0.362892
-0.37206
-0.383857
-0.400011
-0.42127
-0.445352
-0.466617
-0.356421
-0.362089
-0.368575
-0.377532
-0.390114
-0.406161
-0.424582
-0.44145
-0.356148
-0.360221
-0.364246
-0.370209
-0.379344
-0.390747
-0.401149
-0.406492
-0.35411
-0.356462
-0.357872
-0.360143
-0.363809
-0.367515
-0.368245
-0.362869
-0.348176
-0.348725
-0.347068
-0.344694
-0.342
-0.338193
-0.33138
-0.319207
-0.336786
-0.335198
-0.330341
-0.323688
-0.316043
-0.307234
-0.295824
-0.279781
-0.319049
-0.315537
-0.308305
-0.298947
-0.288607
-0.277193
-0.263336
-0.245268
-0.295807
-0.291296
-0.28305
-0.272728
-0.26151
-0.249059
-0.234114
-0.215179
-0.269241
-0.264896
-0.256819
-0.246817
-0.235747
-0.223128
-0.207913
-0.188845
-0.242001
-0.238529
-0.231344
-0.222277
-0.211747
-0.199439
-0.184417
-0.165708
-0.216256
-0.213651
-0.207623
-0.19952
-0.189655
-0.177882
-0.163342
-0.145322
-0.193038
-0.191073
-0.186031
-0.178671
-0.169429
-0.158282
-0.144443
-0.127346
-0.173154
-0.171032
-0.166542
-0.159539
-0.150919
-0.140435
-0.127516
-0.111499
-0.155614
-0.153095
-0.148771
-0.142052
-0.134139
-0.124208
-0.112326
-0.097463
-0.14036
-0.137298
-0.132534
-0.12634
-0.118593
-0.10915
-0.0982212
-0.0848507
-0.465486
-0.432506
-0.403219
-0.379635
-0.362281
-0.351276
-0.346825
-0.348887
-0.466627
-0.433893
-0.404772
-0.381549
-0.36474
-0.354249
-0.349995
-0.351607
-0.468889
-0.434254
-0.403902
-0.380324
-0.363759
-0.353704
-0.349931
-0.351824
-0.476103
-0.437251
-0.4037
-0.378298
-0.360996
-0.350833
-0.347513
-0.349964
-0.488155
-0.442721
-0.403845
-0.374945
-0.355702
-0.344731
-0.341728
-0.344701
-0.504225
-0.449513
-0.402967
-0.368868
-0.346557
-0.334123
-0.331228
-0.334289
-0.522983
-0.456063
-0.399445
-0.358616
-0.332379
-0.318084
-0.315024
-0.317776
-0.542385
-0.460318
-0.391518
-0.342964
-0.312371
-0.296169
-0.292845
-0.295389
-0.5598
-0.459821
-0.377612
-0.321247
-0.286755
-0.268737
-0.265652
-0.268707
-0.572485
-0.451811
-0.357683
-0.293331
-0.25586
-0.237493
-0.235523
-0.240184
-0.572556
-0.438353
-0.332445
-0.26079
-0.219541
-0.203737
-0.205757
-0.213144
-0.562155
-0.416457
-0.301765
-0.229757
-0.193148
-0.176538
-0.17976
-0.188954
-0.539008
-0.38758
-0.26593
-0.188636
-0.154837
-0.148509
-0.158526
-0.169487
-0.504108
-0.353677
-0.236895
-0.170156
-0.135518
-0.129968
-0.143378
-0.154433
-0.459881
-0.315488
-0.199502
-0.140796
-0.122039
-0.123809
-0.136593
-0.14374
-0.390457
-0.279403
-0.184123
-0.127529
-0.112987
-0.120968
-0.13313
-0.134145
-0.34102
-0.307394
-0.253121
-0.19789
-0.159698
-0.140708
-0.132999
-0.127957
-0.367978
-0.389977
-0.380113
-0.333369
-0.278566
-0.22594
-0.181454
-0.134791
-0.40063
-0.443814
-0.449357
-0.411131
-0.355149
-0.290434
-0.225104
-0.167494
-0.362017
-0.397012
-0.402946
-0.372465
-0.329198
-0.275538
-0.226599
-0.176068
-0.25625
-0.281129
-0.287587
-0.272935
-0.250442
-0.220814
-0.196324
-0.165971
-0.170609
-0.180977
-0.184066
-0.18154
-0.175011
-0.162969
-0.153495
-0.14034
-0.134628
-0.132873
-0.130269
-0.12739
-0.125005
-0.120738
-0.118223
-0.112135
-0.12238
-0.113293
-0.10844
-0.104774
-0.101464
-0.0976459
-0.0952028
-0.0938546
-0.129048
-0.105333
-0.0933209
-0.0901359
-0.0890324
-0.0842955
-0.0793834
-0.0754354
-0.128349
-0.0933991
-0.0728683
-0.0675172
-0.0733243
-0.0825477
-0.0835167
-0.0716783
-0.126132
-0.104228
-0.0867747
-0.0749629
-0.0782539
-0.0857046
-0.0957367
-0.102242
-0.128353
-0.118761
-0.109868
-0.103997
-0.105395
-0.111268
-0.120243
-0.129684
-0.124057
-0.118538
-0.113026
-0.108035
-0.104651
-0.103932
-0.101902
-0.103965
-0.0999412
-0.0954539
-0.0915179
-0.0878484
-0.0863501
-0.0865454
-0.0852372
-0.0868692
-0.0772156
-0.0728871
-0.0700018
-0.0687705
-0.0700671
-0.0730309
-0.0765263
-0.0788061
-0.0863974
-0.0809952
-0.0768458
-0.0740306
-0.0737674
-0.0741744
-0.0753582
-0.0734519
-0.109618
-0.103505
-0.0972688
-0.0912443
-0.0859513
-0.0807556
-0.0780021
-0.0723175
-0.114853
-0.109428
-0.10273
-0.094789
-0.085955
-0.0767202
-0.0684477
-0.0597981
-0.108736
-0.109202
-0.106994
-0.10169
-0.0935142
-0.0825447
-0.0683626
-0.0539859
-0.12379
-0.134832
-0.14242
-0.145767
-0.144347
-0.138241
-0.127465
-0.111944
-0.153539
-0.166259
-0.176514
-0.184658
-0.186097
-0.183217
-0.176933
-0.166966
-0.133312
-0.139067
-0.142789
-0.145406
-0.145857
-0.145406
-0.14103
-0.137839
-0.100959
-0.0926737
-0.0828551
-0.0736284
-0.0657422
-0.0608292
-0.0560078
-0.0546487
-0.0950105
-0.0754197
-0.0561937
-0.039033
-0.0245973
-0.0137533
-0.00682337
-0.00315538
-0.109395
-0.0903937
-0.0708193
-0.0519368
-0.0346025
-0.0195281
-0.00629336
0.00498861
-0.094439
-0.0915609
-0.0867622
-0.0802981
-0.0725435
-0.0637232
-0.0539209
-0.0435345
-0.0898277
-0.0950194
-0.0977262
-0.0978159
-0.0953706
-0.0907349
-0.08424
-0.0765375
-0.0491784
-0.0479313
-0.0464017
-0.0449208
-0.0431269
-0.0415257
-0.0390342
-0.0372875
-0.000994184
0.00279593
0.00593126
0.00816148
0.00954008
0.00994398
0.00955512
0.00848756
0.00392951
0.00721513
0.0100344
0.0123307
0.0141238
0.0153992
0.0162435
0.0167635
-0.00619604
-0.00421368
-0.00220346
-0.000177069
0.00188108
0.00396764
0.0060724
0.00822279
-0.0141782
-0.0126477
-0.0111477
-0.00970903
-0.00834988
-0.00708799
-0.00591444
-0.0048256
0.00375211
0.0041238
0.00418696
0.00391741
0.00332209
0.00241864
0.00126017
-7.50632e-05
0.0203045
0.0198583
0.0191177
0.018092
0.0168103
0.0153271
0.0137049
0.0119913
0.0245099
0.0243071
0.0240323
0.0236921
0.0233062
0.0229083
0.022527
0.0221906
0.00978075
0.0110954
0.0124316
0.0137657
0.0150881
0.016409
0.017762
0.0191746
-0.0033537
-0.00220269
-0.0010585
3.14542e-05
0.00103937
0.00196224
0.00282178
0.00366075
-0.131239
-0.111539
-0.090156
-0.0704736
-0.051159
-0.0347936
-0.0214409
-0.0102514
-0.00114353
0.00581106
0.0114442
0.0158844
0.0192764
0.0219083
0.023933
0.0254552
0.026593
0.0274199
0.028007
0.0284089
0.0286645
0.0288101
0.0288757
-0.132281
-0.115603
-0.0978788
-0.0775152
-0.0580071
-0.0410801
-0.0265508
-0.0142893
-0.00449891
0.00330409
0.00956848
0.0144129
0.0181728
0.0210699
0.023287
0.0249585
0.0262056
0.0271118
0.027756
0.028197
0.0284785
0.0286396
0.028712
-0.135874
-0.113938
-0.0965742
-0.0771335
-0.0584656
-0.0421664
-0.0276132
-0.015471
-0.00564048
0.00241674
0.0087535
0.0137388
0.0176272
0.0206013
0.0228907
0.024622
0.0259139
0.0268567
0.027529
0.0279912
0.0282886
0.0284607
0.0285389
-0.14118
-0.111298
-0.0904631
-0.0707048
-0.053284
-0.0381481
-0.0247566
-0.0136012
-0.00435941
0.00322599
0.00919549
0.0139516
0.0176814
0.020526
0.0227533
0.0244462
0.0257186
0.0266555
0.0273276
0.0277931
0.0280957
0.0282733
0.0283554
-0.144606
-0.106367
-0.0841632
-0.0627399
-0.0458379
-0.0319753
-0.0196662
-0.00974892
-0.00148739
0.00519285
0.0104954
0.0147743
0.0181518
0.0207627
0.0228283
0.0244124
0.0256172
0.0265127
0.0271601
0.0276122
0.0279079
0.0280833
0.0281655
-0.136922
-0.0979404
-0.0770571
-0.0535837
-0.0381027
-0.024897
-0.0135654
-0.00489385
0.00225954
0.00793024
0.0124303
0.0160662
0.0189552
0.0212523
0.0230766
0.0244994
0.0255972
0.0264232
0.0270257
0.0274487
0.0277259
0.0278922
0.0279698
-0.115604
-0.0821603
-0.0654505
-0.0411673
-0.0289466
-0.0159725
-0.0064499
0.000728122
0.00654843
0.0110267
0.0146111
0.0175358
0.0199068
0.0218459
0.0234073
0.0246516
0.0256222
0.0263632
0.0269089
0.0272949
0.0275486
0.0277008
0.0277715
-0.09081
-0.0653636
-0.0520616
-0.0298333
-0.0193118
-0.00641387
0.00104354
0.00675531
0.0111408
0.0143405
0.0169354
0.0191007
0.0209251
0.0224719
0.0237564
0.0248162
0.0256523
0.0263062
0.026792
0.0271379
0.0273659
0.0275042
0.0275675
-0.0763947
-0.0562487
-0.040579
-0.0184595
-0.00855634
0.00423772
0.00951857
0.0137323
0.0163272
0.0180302
0.019495
0.020806
0.0220168
0.0231235
0.0241107
0.0249725
0.0256741
0.0262372
0.0266617
0.0269695
0.027176
0.0273005
0.0273582
-0.0643639
-0.0440096
-0.025874
-0.00428478
0.00676017
0.0177805
0.0199263
0.0218795
0.0220089
0.0219738
0.0221593
0.0225601
0.0231366
0.0237984
0.0244863
0.025138
0.0257033
0.0261734
0.0265348
0.0268001
0.0269786
0.0270884
0.0271393
-0.0558549
-0.0384882
-0.0116593
0.0101476
0.0255607
0.033519
0.0326521
0.0310721
0.0281594
0.0262006
0.025013
0.0244535
0.0243568
0.0245628
0.0249331
0.0253583
0.0257679
0.0261282
0.0264165
0.0266324
0.0267804
0.0268703
0.0269127
-0.0903855
-0.0740584
-0.017511
0.02386
0.0497961
0.051635
0.0461483
0.0397908
0.0339739
0.0301655
0.0276846
0.0261699
0.0255069
0.0253158
0.0253884
0.0256012
0.0258566
0.0261034
0.0263126
0.0264716
0.0265785
0.0266448
0.0266751
-0.100039
-0.106194
-0.0243276
0.0350525
0.0639386
0.0629117
0.0543753
0.0451977
0.0377396
0.0328329
0.0295394
0.0275176
0.0265338
0.0260185
0.0258336
0.0258476
0.0259457
0.0260745
0.0262007
0.0263025
0.026372
0.0264129
0.0264303
-0.093998
-0.0844389
-0.0381207
0.0165129
0.0478482
0.0557282
0.0519832
0.0448928
0.0383654
0.0336571
0.0304216
0.0284749
0.0272851
0.0265776
0.0262048
0.0260646
0.0260235
0.0260427
0.0260852
0.0261269
0.026155
0.0261701
0.0261744
-0.0826479
-0.0703693
-0.0440411
-0.0128479
0.0123408
0.0285554
0.0351083
0.0359985
0.0343757
0.0321713
0.030271
0.0288483
0.0277886
0.0270522
0.0265526
0.0262795
0.0261014
0.0260114
0.0259689
0.0259488
0.0259337
0.0259196
0.0259096
-0.0805001
-0.0747481
-0.0599522
-0.0368328
-0.0102543
0.00934493
0.0212086
0.02731
0.0294475
0.0299307
0.0296429
0.0288588
0.0280911
0.0274014
0.0268549
0.0264758
0.0261858
0.025987
0.0258529
0.0257629
0.0257003
0.0256537
0.0256286
-0.0774268
-0.0696088
-0.0613786
-0.0340609
-0.0107898
0.00718216
0.0174616
0.0242956
0.0275028
0.0289398
0.029041
0.0287704
0.0282807
0.0276712
0.0270954
0.0266152
0.0262323
0.0259421
0.0257286
0.0255707
0.0254546
0.0253747
0.0253319
-0.0694017
-0.0563005
-0.0416097
-0.0183839
-0.00228771
0.0142789
0.0207092
0.027065
0.0282308
0.0296428
0.0288822
0.0287373
0.0283703
0.0278399
0.0272605
0.0267066
0.026235
0.0258553
0.0255634
0.0253441
0.0251839
0.0250722
0.0250131
-0.049501
-0.0315014
-0.0171278
0.00294637
0.0124018
0.0238467
0.0275293
0.031479
0.0308461
0.0308814
0.0299526
0.029472
0.0288393
0.0281018
0.0273827
0.0267427
0.026199
0.0257494
0.02539
0.025108
0.0248955
0.0247522
0.0246739
-0.0425282
-0.0201459
-0.000209464
0.0182784
0.0285203
0.0322978
0.0335249
0.0339474
0.0321085
0.0313332
0.0301668
0.0297126
0.0290281
0.0282693
0.0274752
0.0267397
0.0261087
0.025583
0.0251589
0.0248263
0.0245751
0.0244017
0.0243082
-0.0963653
-0.0710648
-0.0318267
0.00349698
0.0352809
0.0390772
0.0398932
0.0363276
0.0337135
0.0316482
0.0301729
0.0294895
0.0286944
0.0280263
0.0273188
0.0266179
0.0259578
0.0253804
0.0248998
0.0245152
0.0242198
0.0240201
0.0239112
-0.146293
-0.122853
-0.0778597
-0.031733
0.0297353
0.0330291
0.0382915
0.0366268
0.0353564
0.0320601
0.0305608
0.0295915
0.0287996
0.0279974
0.0271516
0.0263764
0.0256787
0.0250764
0.0245613
0.0241448
0.0238212
0.0235969
0.023475
-0.122676
-0.100177
-0.0625592
-0.0220007
0.010125
0.0204484
0.0264803
0.0293499
0.0304737
0.0296621
0.0291563
0.0288617
0.0285166
0.0278356
0.026984
0.0261329
0.0253748
0.0247267
0.024173
0.0237266
0.0233733
0.0231281
0.0229942
-0.0503958
-0.0333811
-0.00914986
0.010831
0.0212739
0.022756
0.0246609
0.0272643
0.0280589
0.0285243
0.028171
0.0279894
0.0275392
0.0270235
0.02639
0.02567
0.0249475
0.0243032
0.0237161
0.0232442
0.0228705
0.0226106
0.022465
-0.00216239
0.00830726
0.0165989
0.0226535
0.0256012
0.0294208
0.0297647
0.0313657
0.0307525
0.0300465
0.0286422
0.0278571
0.0272474
0.0266784
0.0258903
0.0250798
0.0243544
0.0237174
0.0231491
0.0226781
0.022301
0.022027
0.0218756
0.00922786
0.01511
0.0206687
0.0286895
0.0338549
0.0378088
0.0379239
0.0365439
0.0331213
0.0297889
0.0271044
0.0265662
0.0263842
0.0264922
0.0255608
0.0245842
0.0237366
0.0230658
0.0224988
0.0220411
0.0216554
0.0213823
0.0212234
-0.0333156
-0.0179225
-0.000926649
0.0166804
0.0322752
0.0420991
0.0453152
0.0414821
0.0362694
0.0303213
0.0264374
0.024516
0.023381
0.0257353
0.0244945
0.0236629
0.0229244
0.022283
0.0217328
0.0212906
0.0209261
0.0206504
0.0204905
-0.0638456
-0.0525795
-0.0249451
-0.00816305
0.0106771
0.0237238
0.0311627
0.0332012
0.0323993
0.0284356
0.024335
0.0217418
0.0214547
0.0223275
0.022389
0.0221158
0.0217203
0.0212806
0.0208453
0.0204529
0.020112
0.0198401
0.0196733
-0.0330217
-0.0267063
-0.0179718
-0.0103374
-0.00354379
0.000890432
0.0033021
0.00681789
0.0113929
0.01408
0.0152342
0.0169221
0.0190212
0.0204365
0.0208408
0.0207662
0.0205025
0.0201694
0.0198369
0.0195195
0.0192073
0.0189312
0.0187561
0.00632031
0.0055508
0.0034244
5.66067e-05
-0.00385373
-0.00812243
-0.0107693
-0.00743131
-0.000349047
0.0056004
0.00995212
0.0137178
0.0168606
0.0187913
0.0195468
0.0196407
0.019445
0.0191383
0.0188271
0.0185344
0.01821
0.0179204
0.0177383
0.0163392
0.0158276
0.0149409
0.0142155
0.0139669
0.0140714
0.0140736
0.0139697
0.0133606
0.011979
0.0111947
0.0126556
0.0156577
0.0177416
0.018384
0.0184831
0.0183286
0.0180643
0.0177546
0.0174579
0.0170914
0.0167737
0.0165735
0.0109047
0.0140206
0.0174537
0.0149971
0.0179962
0.0199424
0.0207702
0.0199331
0.0180258
0.0150986
0.0118314
0.0112102
0.0133104
0.0151667
0.016363
0.0169423
0.0170264
0.0168453
0.0165579
0.0162512
0.0158581
0.015516
0.0152929
-0.00359968
-0.00283574
-0.0024303
-0.00260114
-0.00285588
-0.00317054
-0.00298425
-0.00190013
0.00046979
0.00249305
0.00393396
0.00651225
0.0105721
0.0140591
0.0158701
0.0163067
0.0161511
0.0157576
0.0152848
0.0148946
0.0144316
0.0140571
0.0137995
-0.00186938
-0.00422807
-0.00689778
-0.0097786
-0.0124719
-0.0146112
-0.0154514
-0.013749
-0.00891814
-0.00383685
0.000482878
0.00493785
0.00978751
0.0133439
0.0150275
0.0155214
0.0153529
0.0148147
0.0141356
0.0135867
0.0129699
0.0124634
0.0121404
0.00996066
0.00791595
0.006011
0.00448343
0.0034354
0.0029568
0.0026844
0.00262979
0.00285672
0.0027693
0.00213547
0.00263415
0.00590046
0.0111656
0.0142996
0.0153818
0.0149041
0.0138571
0.0127291
0.0119336
0.0112464
0.0106154
0.010222
0.0219369
0.0221704
0.0229705
0.0244937
0.0265001
0.0285219
0.0297799
0.0291341
0.0261529
0.0216771
0.015927
0.00930795
0.00564141
0.0106483
0.0133041
0.0142883
0.0133965
0.012061
0.0106839
0.009829
0.00907404
0.00835334
0.00793211
0.0210242
0.0236542
0.026798
0.0302562
0.033566
0.0359401
0.0365792
0.0344722
0.0291137
0.0218939
0.0142511
0.00785888
0.00563116
0.00834263
0.0108672
0.01138
0.0104637
0.0091957
0.00801071
0.00715057
0.00632176
0.00558486
0.00519168
0.00466451
0.00586036
0.00720855
0.00858979
0.00975878
0.0104583
0.010456
0.00955189
0.00786971
0.0056591
0.00362872
0.0027441
0.00328316
0.00396095
0.00406845
0.00383117
0.00353436
0.00318491
0.00282348
0.00255461
0.00224948
0.00197836
0.00182859
-0.0695822
-0.05335
-0.0382858
-0.0265527
-0.0164025
-0.00819875
-0.00122125
0.00467047
0.00970061
0.0138457
0.0173748
0.0202965
0.0226689
0.0245952
0.0261012
0.0272565
0.0281202
0.0287444
0.0291832
0.0294717
0.029646
0.0297316
0.0297619
-0.0799446
-0.0608634
-0.0436326
-0.0304086
-0.019264
-0.0102383
-0.00256129
0.00383708
0.00917076
0.0134869
0.0171553
0.02012
0.0225052
0.0244347
0.0259333
0.0270868
0.0279525
0.0285835
0.0290317
0.0293327
0.0295207
0.0296188
0.0296575
-0.089222
-0.0675674
-0.0483454
-0.0338663
-0.0219221
-0.0121661
-0.0038109
0.0030766
0.00864985
0.0131663
0.0169961
0.0199867
0.0223921
0.024319
0.0258004
0.0269439
0.0278031
0.0284343
0.0288864
0.0291954
0.029394
0.0295031
0.0295499
-0.0977096
-0.0743646
-0.0535143
-0.0376848
-0.024923
-0.0142941
-0.00518705
0.00214872
0.00792201
0.0127438
0.0167352
0.019773
0.0222487
0.0241922
0.025672
0.0268133
0.0276679
0.028298
0.0287504
0.0290638
0.029269
0.0293852
0.0294383
-0.105373
-0.0805113
-0.0584944
-0.0417912
-0.0284191
-0.0167472
-0.00691192
0.000793161
0.00690905
0.0121825
0.0162963
0.0194446
0.0220353
0.024012
0.0255179
0.0266742
0.0275353
0.0281699
0.0286246
0.0289408
0.0291491
0.0292689
0.0293259
-0.111319
-0.0867695
-0.0639853
-0.0465812
-0.0322876
-0.0193674
-0.00892981
-0.000917934
0.00577057
0.0114291
0.0156157
0.0189778
0.0217017
0.0237384
0.0253071
0.0265003
0.0273855
0.0280359
0.0284996
0.0288223
0.0290341
0.0291559
0.0292146
-0.11671
-0.0924073
-0.0694019
-0.0520156
-0.0364925
-0.0224931
-0.0116211
-0.00302858
0.0044108
0.0103152
0.0147023
0.0183538
0.0212028
0.0233435
0.0250094
0.0262655
0.027199
0.0278822
0.028368
0.0287044
0.0289228
0.029048
0.0291077
-0.123148
-0.100789
-0.0776839
-0.0594497
-0.0420612
-0.0271255
-0.0154665
-0.00584614
0.00230689
0.00850864
0.0133726
0.0173711
0.0204186
0.0227547
0.0245688
0.0259313
0.0269478
0.0276887
0.0282145
0.0285772
0.0288102
0.0289425
0.0290038
0.0825461
0.0609569
0.0387826
0.0156476
-0.00731513
-0.0291722
-0.049628
-0.0687599
0.0860298
0.0621053
0.03762
0.0120505
-0.013559
-0.0379605
-0.0602364
-0.0800598
0.0891656
0.0616186
0.0337232
0.00537009
-0.0223881
-0.0484103
-0.0718562
-0.0927809
0.0917081
0.0599862
0.0284046
-0.00270113
-0.0324736
-0.0600887
-0.0850088
-0.107312
0.0929405
0.0571189
0.0218922
-0.0120929
-0.0441528
-0.073689
-0.100333
-0.124092
0.0926071
0.0526393
0.0136364
-0.0235391
-0.0582494
-0.0899859
-0.118373
-0.143495
0.0905324
0.0460477
0.00290548
-0.0378533
-0.0754905
-0.109498
-0.139638
-0.165936
0.0862247
0.0366171
-0.0111547
-0.0558962
-0.0967155
-0.133075
-0.164798
-0.191977
0.0787866
0.0233159
-0.0296422
-0.0787581
-0.12299
-0.161696
-0.194777
-0.222392
0.0669064
0.00473145
-0.0540398
-0.107898
-0.155675
-0.196745
-0.230806
-0.258167
0.0487619
-0.0210754
-0.086421
-0.145515
-0.196938
-0.240144
-0.274418
-0.300388
0.0218052
-0.056627
-0.129385
-0.194394
-0.249645
-0.293869
-0.326838
-0.349457
-0.0181133
-0.10595
-0.185893
-0.256691
-0.314346
-0.357794
-0.386986
-0.402777
-0.07416
-0.173071
-0.261726
-0.333501
-0.388326
-0.425992
-0.446346
-0.450637
-0.124452
-0.22775
-0.314929
-0.384223
-0.434517
-0.465971
-0.480154
-0.479546
0.200061
0.198944
0.193705
0.184373
0.170936
0.153762
0.133182
0.109063
0.21496
0.213219
0.206527
0.195112
0.179215
0.159227
0.136366
0.110954
0.231513
0.229175
0.221226
0.208076
0.190236
0.16811
0.143343
0.116775
0.25017
0.247279
0.238229
0.223459
0.203757
0.179511
0.152166
0.12294
0.27102
0.26757
0.257366
0.240768
0.218779
0.191888
0.161138
0.128135
0.293991
0.289893
0.278302
0.259487
0.234575
0.204346
0.169571
0.132107
0.31899
0.314109
0.300808
0.279342
0.25087
0.21659
0.177264
0.13484
0.345964
0.340152
0.324777
0.300194
0.267558
0.228491
0.183987
0.136016
0.374835
0.367941
0.350089
0.321846
0.284397
0.239717
0.189199
0.134887
0.405353
0.397212
0.376422
0.343844
0.300793
0.249529
0.191943
0.130282
0.436939
0.42735
0.403079
0.365322
0.315667
0.25665
0.190729
0.120506
0.468425
0.457138
0.428741
0.384785
0.327283
0.259115
0.183357
0.103123
0.497822
0.484513
0.451187
0.399734
0.332792
0.253735
0.166336
0.0743037
0.52113
0.505523
0.466636
0.406565
0.328505
0.236666
0.135798
0.0304276
0.540343
0.522486
0.478268
0.410419
0.322776
0.219209
0.105855
-0.0111175
0.0381701
0.0382466
0.0383329
0.0384278
0.03853
0.0386371
0.038748
0.0388641
0.0426588
0.042697
0.0427094
0.0426984
0.0426676
0.0426187
0.0425548
0.0424831
0.038933
0.0390256
0.0391373
0.0392585
0.0394004
0.0395413
0.0396909
0.0398363
0.0429327
0.0429846
0.0430065
0.043001
0.0429724
0.0429279
0.0428747
0.0428162
0.0404929
0.0406088
0.0407497
0.0409115
0.0410902
0.041269
0.0414776
0.0416789
0.0448178
0.0448835
0.0449152
0.0449186
0.044899
0.0448659
0.0448168
0.0448
0.0431095
0.0432641
0.0434504
0.043658
0.0438814
0.0441171
0.0443426
0.0445988
0.0475405
0.047649
0.0477207
0.0477632
0.0477795
0.0477951
0.047776
0.0478397
0.046955
0.0471661
0.0473997
0.0476635
0.0479333
0.0482437
0.048492
0.0488649
0.0514918
0.0516374
0.0517489
0.0518449
0.0519062
0.052015
0.0520435
0.0522692
0.0523318
0.0526053
0.0529045
0.0532312
0.0535492
0.0539279
0.0541927
0.0546696
0.0572126
0.0574548
0.057669
0.0578818
0.0580085
0.0582608
0.0583019
0.0587743
0.0598126
0.0601038
0.0604583
0.0608219
0.0611146
0.061597
0.0617649
0.062446
0.0655327
0.0658889
0.0661931
0.0665825
0.0667104
0.0672592
0.0671901
0.0680638
0.0702945
0.0706764
0.071045
0.071509
0.0715656
0.0722587
0.0720666
0.0729016
0.0776286
0.0780775
0.0782683
0.078892
0.0785138
0.0797278
0.078871
0.0802513
0.08519
0.0857046
0.0860423
0.0864917
0.0862094
0.0866232
0.0857244
0.0864228
0.0952882
0.0958687
0.0959328
0.0964249
0.0957753
0.0961797
0.0943613
0.0951166
0.106403
0.107173
0.106953
0.106864
0.105592
0.105051
0.102558
0.101772
0.120584
0.121179
0.120867
0.120408
0.11831
0.116871
0.112635
0.110414
0.136681
0.137132
0.136094
0.134336
0.130676
0.12677
0.12055
0.114437
0.156429
0.156744
0.155077
0.151963
0.146483
0.139716
0.1302
0.119277
0.179234
0.178932
0.175678
0.169584
0.160228
0.148107
0.132898
0.114528
0.0389962
0.0391687
0.0393755
0.0396177
0.0398993
0.0402149
0.0405194
0.040789
0.0409946
0.0411186
0.0411474
0.0410751
0.0409071
0.0406612
0.040362
0.0400347
0.0396998
0.0393688
0.0390445
0.0387359
0.0384645
0.0382489
0.0381181
0.0423757
0.0422109
0.0419825
0.0416818
0.0413033
0.0409185
0.0405738
0.0402854
0.0400731
0.0399468
0.0399022
0.0399228
0.0399751
0.0399965
0.0399205
0.0397526
0.0395066
0.0392172
0.0389095
0.0386019
0.0383248
0.0381076
0.0379757
0.0400269
0.0402673
0.0405422
0.0408562
0.0411624
0.0413781
0.0414924
0.0415185
0.041444
0.0412681
0.041008
0.0406962
0.0403862
0.040122
0.0398911
0.0396642
0.0393954
0.0390805
0.0387456
0.0384177
0.0381203
0.0378903
0.0377503
0.0427027
0.042523
0.0422893
0.0420137
0.0417947
0.0416366
0.0415288
0.0414551
0.0414009
0.0413456
0.0412554
0.0410742
0.0407697
0.0403815
0.0400104
0.0396508
0.0392874
0.0389129
0.0385334
0.0381819
0.0378739
0.0376369
0.0374974
0.041897
0.0421385
0.0424186
0.0426805
0.0428383
0.0429244
0.0429166
0.042804
0.0425912
0.042295
0.0419524
0.0415825
0.0411733
0.0407004
0.0401837
0.0396547
0.0391491
0.0386769
0.0382429
0.0378571
0.0375333
0.0372969
0.03717
0.0446632
0.0444409
0.0441371
0.043871
0.0436636
0.0434852
0.0433261
0.0431695
0.0429904
0.0427559
0.0424276
0.0420159
0.0415335
0.0409738
0.0403351
0.0396721
0.0390388
0.0384578
0.0379468
0.0375072
0.0371447
0.0368854
0.0367548
0.044823
0.0450423
0.0452546
0.0453674
0.0453737
0.0452613
0.0450171
0.0446488
0.0441847
0.0436568
0.0430806
0.0424654
0.0418173
0.0411329
0.0404074
0.0396569
0.0389258
0.0382529
0.0376639
0.0371717
0.0367753
0.0364865
0.0363382
0.0477069
0.0473471
0.0469931
0.0466935
0.0464047
0.0461034
0.0457724
0.04537
0.0448696
0.0442567
0.0435387
0.0427435
0.0419151
0.0410876
0.0402752
0.0394733
0.0386951
0.0379743
0.0373393
0.0368153
0.036414
0.0361238
0.0359721
0.0490655
0.0491219
0.0491192
0.0489876
0.0486956
0.0482363
0.0476234
0.046889
0.0460547
0.0451341
0.044138
0.043088
0.0420212
0.0409897
0.0400281
0.039149
0.0383435
0.0376135
0.0369709
0.0364386
0.0360417
0.0357591
0.0356124
0.0521735
0.0516843
0.0512447
0.0507239
0.0502645
0.0496213
0.0488657
0.0479659
0.0469201
0.0457568
0.044513
0.0432329
0.0419682
0.0407661
0.0396652
0.0386962
0.0378612
0.0371428
0.0365249
0.0360125
0.0356258
0.0353455
0.0352044
0.0547914
0.0544695
0.054085
0.0534823
0.0526361
0.0515861
0.0503765
0.0490401
0.0476077
0.0461134
0.0446003
0.043112
0.0416914
0.0403709
0.0391744
0.0381315
0.0372589
0.0365461
0.0359591
0.0354823
0.0351253
0.0348644
0.0347377
0.0585998
0.0577133
0.0568688
0.0558525
0.0547085
0.0533837
0.0518577
0.0501519
0.0483284
0.0464618
0.0446305
0.0428941
0.041299
0.0398664
0.0386043
0.0375202
0.0366232
0.0359083
0.0353436
0.0349006
0.0345815
0.0343538
0.0342479
0.0623556
0.0613769
0.0603535
0.0589978
0.0573119
0.0553807
0.0532654
0.0510305
0.0487487
0.0464981
0.0443587
0.0424007
0.0406624
0.0391605
0.0378917
0.0368359
0.0359752
0.0352951
0.0347683
0.0343659
0.0340804
0.0338797
0.0337864
0.0674739
0.0655229
0.0637786
0.0616017
0.0592316
0.056627
0.0538807
0.0511241
0.0484494
0.0459278
0.0436225
0.0415743
0.0398042
0.03832
0.03711
0.0361386
0.0353637
0.0347535
0.0342822
0.0339235
0.0336645
0.0334772
0.0333838
0.0720006
0.0698747
0.0675381
0.0647192
0.0615643
0.058192
0.0547431
0.0513659
0.0481868
0.0453137
0.0428016
0.040664
0.0388918
0.0374604
0.0363352
0.0354637
0.0347864
0.0342573
0.0338483
0.0335343
0.0333008
0.0331274
0.0330345
0.0782403
0.0747279
0.0710637
0.0671138
0.0629922
0.0587989
0.0546949
0.0508169
0.0472935
0.0442111
0.0416045
0.0394682
0.0377671
0.0364467
0.0354472
0.0346981
0.0341332
0.0337021
0.033374
0.0331208
0.03293
0.0327901
0.0327102
0.0839647
0.0794412
0.0745266
0.0692058
0.0638091
0.0586077
0.0537993
0.0495172
0.0458025
0.0426634
0.0400896
0.0380444
0.0364719
0.0352982
0.0344442
0.0338295
0.0333878
0.0330686
0.0328391
0.0326648
0.0325343
0.0324461
0.0323886
0.0903532
0.0834754
0.0767526
0.070077
0.063604
0.0575759
0.0522072
0.0476037
0.0437739
0.0406817
0.0382563
0.0364063
0.0350376
0.0340555
0.0333711
0.0329051
0.0325974
0.0323989
0.0322772
0.032192
0.0321316
0.0321006
0.0320679
0.0959817
0.0870692
0.0781584
0.0696803
0.0620026
0.0553539
0.0497275
0.0450588
0.0412969
0.0383784
0.0361977
0.0346228
0.0335231
0.0327796
0.0322973
0.0320009
0.0318369
0.0317603
0.0317402
0.0317399
0.0317469
0.0317679
0.0317601
0.100333
0.0879407
0.0770952
0.0673482
0.0589425
0.0519784
0.0463445
0.0418593
0.0383871
0.0358053
0.0339753
0.0327439
0.0319615
0.0314958
0.0312505
0.0311495
0.0311417
0.0311867
0.0312589
0.0313315
0.0313962
0.0314613
0.0314791
0.102079
0.0872619
0.0742518
0.0633295
0.0545073
0.0475534
0.0421338
0.038012
0.0349983
0.0329042
0.0315444
0.0307415
0.0303339
0.0301872
0.0302122
0.0303312
0.0304946
0.0306669
0.0308301
0.0309684
0.0310843
0.0311901
0.0312346
0.0995751
0.0816635
0.0683781
0.0573667
0.0486792
0.0420747
0.0371551
0.0335917
0.031176
0.0296833
0.0288915
0.028595
0.0286169
0.0288247
0.0291445
0.0295018
0.0298515
0.0301632
0.0304283
0.0306386
0.0308067
0.0309563
0.0310281
0.08977
0.0734998
0.0606634
0.0503069
0.0420869
0.0359319
0.0315847
0.0286652
0.0269365
0.0261212
0.0259635
0.0262353
0.0267375
0.0273371
0.0279773
0.0285937
0.0291497
0.029623
0.0300123
0.0303144
0.0305464
0.0307503
0.0308512
0.0766091
0.0643183
0.0535979
0.0443788
0.0370267
0.0311275
0.0269827
0.024488
0.0233032
0.0230539
0.0234376
0.0242105
0.0251452
0.0260964
0.0270141
0.0278513
0.0285829
0.0291949
0.0296918
0.0300739
0.0303574
0.0305972
0.0307164
0.0582149
0.0471457
0.0404636
0.0340465
0.0293152
0.025255
0.0222876
0.0208113
0.0204881
0.020935
0.0218637
0.0230639
0.0243237
0.0255113
0.0265941
0.0275462
0.0283578
0.0290255
0.0295604
0.0299671
0.0302604
0.030492
0.0306072
0.0357554
0.0251032
0.0218768
0.0185856
0.0173342
0.016582
0.0165058
0.0171013
0.0181934
0.0195853
0.021125
0.0227099
0.0242015
0.0255196
0.0266632
0.027629
0.0284272
0.0290676
0.0295706
0.0299461
0.0302086
0.0303951
0.0304867
0.0143872
0.0059287
0.00533349
0.00443851
0.0060146
0.00832464
0.0110235
0.0136349
0.0161052
0.0184058
0.0205237
0.0224615
0.0241704
0.0256189
0.0268166
0.0277845
0.0285547
0.0291511
0.0296053
0.0299343
0.030155
0.0302919
0.0303562
-0.00532272
-0.00941102
-0.00620074
-0.00479045
-0.00110648
0.0028854
0.00703886
0.0108432
0.0142388
0.0172079
0.0197924
0.0220409
0.0239663
0.0255672
0.0268462
0.0278444
0.0286116
0.0291842
0.0296043
0.0298957
0.0300814
0.0301806
0.0302228
-0.0238012
-0.022467
-0.0151643
-0.0110225
-0.00539289
-0.00039191
0.00442405
0.00879598
0.012708
0.0160947
0.0190117
0.0215093
0.0236217
0.0253603
0.0267297
0.0277808
0.0285705
0.0291442
0.029552
0.0298234
0.029988
0.0300657
0.0300942
-0.0412781
-0.0342827
-0.0236354
-0.0166593
-0.00917955
-0.00313229
0.00233165
0.00716471
0.0114544
0.0151348
0.0183019
0.0209937
0.0232441
0.0250843
0.0265283
0.0276318
0.0284536
0.0290436
0.0294561
0.0297239
0.0298815
0.0299525
0.0299755
-0.0567068
-0.0445054
-0.0315697
-0.0218806
-0.0129073
-0.00574697
0.000465488
0.00580918
0.0104701
0.0143874
0.0177491
0.0205793
0.0229131
0.0248145
0.0263052
0.0274453
0.0282942
0.0289034
0.0293285
0.0296041
0.0297667
0.0298417
0.029866
)
;

boundaryField
{
    outlet
    {
        type            fixedValue;
        value           uniform 0;
    }
    upperWall
    {
        type            symmetryPlane;
    }
    lowerWall
    {
        type            symmetryPlane;
    }
    inlet
    {
        type            zeroGradient;
    }
    cylinder
    {
        type            zeroGradient;
    }
    frontAndBack
    {
        type            empty;
    }
}


// ************************************************************************* //
