/*--------------------------------*- C++ -*----------------------------------*\
| =========                 |                                                 |
| \\      /  F ield         | OpenFOAM: The Open Source CFD Toolbox           |
|  \\    /   O peration     | Version:  2312                                  |
|   \\  /    A nd           | Website:  www.openfoam.com                      |
|    \\/     M anipulation  |                                                 |
\*---------------------------------------------------------------------------*/
FoamFile
{
    version     2.0;
    format      ascii;
    arch        "LSB;label=32;scalar=64";
    class       volScalarField;
    location    "18.25";
    object      p;
}
// * * * * * * * * * * * * * * * * * * * * * * * * * * * * * * * * * * * * * //

dimensions      [0 2 -2 0 0 0 0];

internalField   nonuniform List<scalar> 
5478
(
-0.273232
-0.270625
-0.266364
-0.261791
-0.25912
-0.260052
-0.265129
-0.273682
-0.284484
-0.295396
-0.305739
-0.312408
-0.31637
-0.313023
-0.304074
-0.274511
-0.272387
-0.267673
-0.262468
-0.258757
-0.257845
-0.260106
-0.264917
-0.270863
-0.276521
-0.280211
-0.280885
-0.277994
-0.270725
-0.261862
-0.280188
-0.277547
-0.2727
-0.267116
-0.262213
-0.258883
-0.257422
-0.257367
-0.257759
-0.257331
-0.255303
-0.251256
-0.24535
-0.237914
-0.229719
-0.290282
-0.285998
-0.280279
-0.273678
-0.26678
-0.260152
-0.254272
-0.249111
-0.244109
-0.238869
-0.23306
-0.226631
-0.219457
-0.211316
-0.202896
-0.30441
-0.297655
-0.290127
-0.281448
-0.271211
-0.260291
-0.249718
-0.23986
-0.230737
-0.222114
-0.213701
-0.205304
-0.196596
-0.187825
-0.179128
-0.322935
-0.31266
-0.302665
-0.290116
-0.274718
-0.258623
-0.243395
-0.229582
-0.21712
-0.20577
-0.195273
-0.18538
-0.175889
-0.166848
-0.157802
-0.346229
-0.330879
-0.316966
-0.29794
-0.275724
-0.253999
-0.234384
-0.217117
-0.201966
-0.188582
-0.176619
-0.165763
-0.155735
-0.146454
-0.137387
-0.3716
-0.3511
-0.329671
-0.301654
-0.27198
-0.244862
-0.221365
-0.201282
-0.184046
-0.169148
-0.15616
-0.144728
-0.134626
-0.125697
-0.117385
-0.231365
-0.239848
-0.249365
-0.263057
-0.280322
-0.300086
-0.321477
-0.343682
-0.365953
-0.387569
-0.40783
-0.426147
-0.442152
-0.4555
-0.465184
-0.232372
-0.240236
-0.249327
-0.262579
-0.279432
-0.298871
-0.320082
-0.342307
-0.364862
-0.387103
-0.408391
-0.428027
-0.445372
-0.460127
-0.472149
-0.242431
-0.248379
-0.256412
-0.268734
-0.284742
-0.303469
-0.324145
-0.346066
-0.368592
-0.391126
-0.413132
-0.434022
-0.452775
-0.469331
-0.482747
-0.255873
-0.25909
-0.265508
-0.27633
-0.290841
-0.308132
-0.327487
-0.348263
-0.36989
-0.391782
-0.413003
-0.434944
-0.451838
-0.472172
-0.482327
-0.267262
-0.267518
-0.271845
-0.280387
-0.292521
-0.307475
-0.32461
-0.343343
-0.363019
-0.383844
-0.402851
-0.424908
-0.440176
-0.460406
-0.471365
-0.27384
-0.271736
-0.273498
-0.278797
-0.287438
-0.299037
-0.313077
-0.329224
-0.346238
-0.365648
-0.382012
-0.403256
-0.417811
-0.436324
-0.446773
-0.275685
-0.272347
-0.271403
-0.27271
-0.276852
-0.284163
-0.294421
-0.307487
-0.322012
-0.339332
-0.355982
-0.374409
-0.388932
-0.404212
-0.413631
-0.274628
-0.271319
-0.268237
-0.265823
-0.265627
-0.268837
-0.275965
-0.286862
-0.300724
-0.31551
-0.330599
-0.343572
-0.354352
-0.362605
-0.367993
-0.471947
-0.453389
-0.40982
-0.339112
-0.245604
-0.130887
-0.0143804
0.0713399
0.109274
0.113729
0.100835
0.0836452
0.0679799
0.0552976
0.0452376
0.0372496
0.0309511
0.0261167
0.0220997
0.0190803
0.0163299
0.0142067
0.0124534
0.0108521
0.00975704
0.00868073
0.00773771
0.00723472
0.00640752
0.00583562
0.00561815
0.00492374
0.00427743
0.00405261
0.00373784
0.00308655
0.0016497
0.000244089
-0.485717
-0.469707
-0.426671
-0.354615
-0.255621
-0.136598
-0.0156804
0.0719531
0.110508
0.115043
0.102079
0.0849215
0.0691421
0.0562055
0.0459497
0.037777
0.0314116
0.026412
0.0224155
0.0192577
0.0165133
0.0143451
0.0125242
0.0109559
0.00980521
0.00870899
0.00781997
0.00723934
0.00642475
0.00590185
0.0056151
0.00491105
0.00432695
0.00408671
0.00372977
0.00304869
0.00166687
0.000316438
-0.504005
-0.490572
-0.452057
-0.382217
-0.284398
-0.164999
-0.0367878
0.0579683
0.102397
0.110767
0.100414
0.0843911
0.0692048
0.0566852
0.046423
0.0381811
0.0317582
0.0266165
0.0226895
0.0193702
0.0166987
0.0144609
0.0125991
0.0110621
0.00985491
0.00874347
0.0079026
0.0072476
0.00644541
0.00596729
0.00561434
0.00490217
0.00437636
0.00412061
0.00372241
0.00301439
0.00168619
0.00038605
-0.507974
-0.503914
-0.469822
-0.40603
-0.314476
-0.196954
-0.0695754
0.0311395
0.0830078
0.0980521
0.0932904
0.0805856
0.0671917
0.0555385
0.0459261
0.0380298
0.0317594
0.0266463
0.0228256
0.0194311
0.0168441
0.0145601
0.0126737
0.0111653
0.00990778
0.00878507
0.00798196
0.0072623
0.00647056
0.00602847
0.00561785
0.0049005
0.00442301
0.00415231
0.00371683
0.00298728
0.00170867
0.000448887
-0.4915
-0.499637
-0.476931
-0.422394
-0.341864
-0.232029
-0.10691
-0.00320436
0.0562969
0.0793667
0.0816923
0.0748471
0.0646045
0.0544253
0.0455141
0.0380065
0.0317745
0.0267029
0.0228808
0.0194845
0.016931
0.0146457
0.0127377
0.0112585
0.00996108
0.00883115
0.00805503
0.0072836
0.0064994
0.00608311
0.0056263
0.00490715
0.00446435
0.00418069
0.00371372
0.00297012
0.00173455
0.000500815
-0.457634
-0.477767
-0.465103
-0.420353
-0.34911
-0.254521
-0.141361
-0.0394819
0.0255068
0.0575988
0.0672528
0.0656084
0.0590077
0.0513595
0.0438078
0.0371868
0.0314661
0.0266353
0.0228831
0.0195731
0.0169998
0.0147553
0.0128105
0.0113497
0.0100258
0.00888483
0.0081205
0.00731416
0.00653333
0.0061283
0.00564023
0.00492425
0.00449838
0.00420429
0.00371363
0.00296475
0.00176399
0.000537953
-0.419246
-0.444076
-0.446449
-0.414925
-0.353107
-0.265805
-0.167367
-0.0705426
-0.000681086
0.0380994
0.0552654
0.0592586
0.0562413
0.0500365
0.0431663
0.0369384
0.0312666
0.0265255
0.0228071
0.0195526
0.0170146
0.0147972
0.0128657
0.0114158
0.0100761
0.0089459
0.00817164
0.00734631
0.00657602
0.00616318
0.00565434
0.00495487
0.00452609
0.0042214
0.00371442
0.00297493
0.00179779
0.000556103
-0.375734
-0.393921
-0.395195
-0.379244
-0.337549
-0.271573
-0.189975
-0.108058
-0.0382766
0.00948439
0.0361102
0.0471097
0.0488037
0.0455765
0.0409529
0.0357367
0.0309207
0.0264846
0.0228815
0.0197224
0.0171142
0.0149709
0.0129569
0.0115205
0.0101695
0.00901312
0.00823735
0.00739022
0.00661786
0.0061948
0.00567564
0.00499328
0.00454191
0.00423775
0.00371953
0.00299693
0.00183601
0.000552474
-0.327439
-0.354958
-0.357745
-0.336167
-0.298866
-0.245669
-0.179054
-0.107937
-0.045767
-0.00093759
0.0255858
0.0393065
0.0439917
0.043156
0.0394779
0.0350172
0.0298276
0.0258056
0.0223606
0.0193771
0.016952
0.0147569
0.0129999
0.0114475
0.0101653
0.00911446
0.00817636
0.00745818
0.00671132
0.00614479
0.00571119
0.00510389
0.00454039
0.00420314
0.00374025
0.00307593
0.0018892
0.000518964
-0.261458
-0.286277
-0.282335
-0.264146
-0.235465
-0.195472
-0.14598
-0.0943514
-0.0478604
-0.0112822
0.0126444
0.0257583
0.0314955
0.0323944
0.0309406
0.0286059
0.0265303
0.023509
0.0208288
0.0183178
0.016211
0.0142833
0.0126488
0.0112272
0.0100331
0.00902595
0.00809662
0.00745336
0.00669152
0.00610327
0.00575021
0.00511776
0.00451177
0.00419839
0.00376493
0.00313019
0.00189856
0.000476188
-0.21173
-0.235262
-0.236818
-0.222527
-0.199015
-0.169319
-0.134188
-0.0952832
-0.0568023
-0.0238476
-0.0003229
0.014293
0.0225218
0.0265613
0.0275964
0.0262683
0.0239929
0.0216945
0.0195011
0.0174123
0.0155196
0.0137763
0.0123155
0.0109899
0.00987149
0.00893278
0.00801521
0.00741713
0.0066737
0.00607752
0.00575502
0.00511683
0.00450947
0.00419593
0.00376863
0.00315971
0.00190346
0.000443997
-0.171566
-0.189801
-0.190806
-0.178799
-0.160908
-0.138417
-0.11152
-0.0816251
-0.0520016
-0.0259908
-0.00612007
0.00720611
0.015424
0.0198335
0.0213477
0.0213068
0.0205699
0.0192256
0.0177422
0.0161125
0.0146252
0.0131227
0.0118845
0.0106762
0.00965889
0.00881401
0.00789729
0.00737007
0.0066589
0.0060301
0.0057564
0.00513676
0.00450459
0.00418129
0.0037754
0.00320371
0.00192881
0.000418087
-0.136709
-0.151612
-0.154274
-0.14691
-0.133537
-0.116778
-0.0974415
-0.0761876
-0.0542803
-0.0334111
-0.0156852
-0.00249506
0.00648779
0.0122927
0.0156016
0.0172157
0.0174526
0.0168572
0.0159343
0.0147893
0.013651
0.0123935
0.0113757
0.0103021
0.00940237
0.00864965
0.00775615
0.00730679
0.00661598
0.00597804
0.0057597
0.00514541
0.00448963
0.00417657
0.00379225
0.003254
0.00195954
0.000396353
-0.109016
-0.121078
-0.123933
-0.11873
-0.108852
-0.0964386
-0.0820833
-0.0660011
-0.0489342
-0.0321674
-0.0174317
-0.005869
0.0024993
0.0082422
0.0118375
0.0136078
0.0142576
0.0142998
0.0139844
0.0133289
0.0125601
0.0115648
0.0107796
0.00986373
0.00908683
0.00843967
0.00758976
0.00721098
0.00655407
0.00592569
0.00574606
0.00513955
0.00448181
0.00417972
0.00380375
0.00329475
0.00199109
0.00038252
-0.0865305
-0.0959733
-0.0987315
-0.095494
-0.0886152
-0.0797022
-0.0693277
-0.0577844
-0.045566
-0.0332248
-0.0217248
-0.0118522
-0.00397446
0.00191987
0.00611571
0.00930605
0.0110266
0.011677
0.0119035
0.0117082
0.0113427
0.0106262
0.0100901
0.00935127
0.0087108
0.00818477
0.00738906
0.00708824
0.00647577
0.00585694
0.0057177
0.00512991
0.00447338
0.0041789
0.00380735
0.00332962
0.00202829
0.000378814
-0.0681474
-0.0756298
-0.0782519
-0.0763759
-0.0716446
-0.0653077
-0.0578372
-0.0494638
-0.0403862
-0.0308065
-0.0214453
-0.012987
-0.00585493
-0.000318206
0.00380026
0.00662496
0.00831264
0.00932357
0.00994013
0.0101777
0.0101231
0.00966029
0.00935112
0.00878609
0.00828615
0.00788535
0.00715456
0.00693772
0.00637009
0.0057704
0.00568125
0.00510937
0.00445489
0.00417763
0.00380933
0.0033604
0.00206958
0.000383377
-0.0533577
-0.0592376
-0.0615757
-0.0605701
-0.0573705
-0.0529696
-0.0477337
-0.0417814
-0.0352846
-0.0283547
-0.0214569
-0.014952
-0.00908557
-0.00420369
-0.000165229
0.00312937
0.00549914
0.00686742
0.00788486
0.00848371
0.00879895
0.00860283
0.00853026
0.00815656
0.00780873
0.0075413
0.00688545
0.00675528
0.00624152
0.00567017
0.00563192
0.00507667
0.00443181
0.00417761
0.00381049
0.00338581
0.00211231
0.000396244
-0.0415235
-0.0460978
-0.0481217
-0.0476906
-0.0455893
-0.0425811
-0.0389378
-0.0347414
-0.0301344
-0.0250438
-0.0197777
-0.0145768
-0.00958344
-0.00523031
-0.00177185
0.00135238
0.00359106
0.00503922
0.00616153
0.0070119
0.00756828
0.00757594
0.00768947
0.00748734
0.00727221
0.00714502
0.00656977
0.00652639
0.00608209
0.00554208
0.00555287
0.00502744
0.00439808
0.00416535
0.0037974
0.00340313
0.00215077
0.000402452
-0.0318496
-0.0353896
-0.0371058
-0.0370342
-0.035702
-0.0336981
-0.0312298
-0.0283582
-0.0251739
-0.021536
-0.0176827
-0.0137977
-0.00990213
-0.0063921
-0.00339222
-0.000533069
0.00176626
0.00329075
0.00454555
0.00559246
0.00637614
0.0065868
0.00688638
0.00684376
0.00679011
0.00676561
0.00628307
0.00633295
0.00593508
0.00544316
0.00551487
0.00498956
0.0043866
0.00419014
0.00380255
0.00341494
0.00221197
0.000454071
-0.0242825
-0.0270099
-0.0284333
-0.0285561
-0.0277367
-0.0264376
-0.0247977
-0.0228522
-0.020697
-0.0181741
-0.015443
-0.0126008
-0.00957541
-0.00673446
-0.00423238
-0.0016842
0.000465864
0.00192013
0.00315523
0.00425998
0.00518148
0.00553546
0.00595643
0.00606508
0.00609684
0.00623604
0.0058343
0.00595482
0.00566626
0.00519616
0.00531009
0.00486812
0.00426218
0.00408865
0.00372904
0.00337874
0.0021814
0.000404342
-0.0178906
-0.0199864
-0.0211524
-0.0213694
-0.0208766
-0.0200396
-0.0189432
-0.0176247
-0.0161909
-0.0144574
-0.0125478
-0.0105225
-0.00825766
-0.00607752
-0.00413282
-0.00199355
-0.000100905
0.00122215
0.00236771
0.00347826
0.0044445
0.00488142
0.0054104
0.00560629
0.00578537
0.00596194
0.00565734
0.0058647
0.00560084
0.00520366
0.00538128
0.00491069
0.00435875
0.00421417
0.00382331
0.00346078
0.00234195
0.000556258
-0.0132147
-0.0147989
-0.0157411
-0.0160009
-0.0157363
-0.0152496
-0.0145787
-0.0137439
-0.0128477
-0.0117005
-0.0104202
-0.0090477
-0.00739694
-0.00577007
-0.004294
-0.0025374
-0.000889513
0.000242771
0.00127937
0.0023352
0.00333465
0.00383968
0.00440939
0.00471049
0.00492019
0.0052566
0.00502166
0.00527467
0.00514212
0.00475894
0.00495525
0.00461636
0.00404944
0.00394102
0.00356682
0.0032427
0.00214686
0.000397093
-0.00863931
-0.00985239
-0.0106114
-0.0108621
-0.0107178
-0.0104404
-0.010026
-0.00948516
-0.00892947
-0.00817264
-0.00732803
-0.00641889
-0.00524216
-0.00407641
-0.00303898
-0.00165453
-0.000313033
0.00060182
0.00143721
0.00236913
0.00326793
0.00373778
0.00431918
0.00463657
0.00493058
0.0052405
0.00508357
0.00539108
0.00527535
0.0049562
0.00522676
0.00484308
0.00432107
0.0042285
0.00385409
0.00347607
0.0024554
0.000682249
-0.00592017
-0.0068477
-0.00746581
-0.00771309
-0.00765929
-0.00752953
-0.00730279
-0.00699234
-0.00670745
-0.00626185
-0.00576033
-0.00521163
-0.00440088
-0.00361801
-0.00293236
-0.00185983
-0.000761513
-7.77008e-05
0.00060159
0.0014272
0.00228425
0.00275596
0.00330118
0.00367163
0.00395017
0.0043854
0.00428295
0.00459167
0.00461377
0.00430067
0.00453809
0.00432947
0.0038062
0.0037504
0.00330837
0.00300461
0.00210757
0.000445497
-0.00236976
-0.00305347
-0.00355511
-0.00379368
-0.00380728
-0.00380132
-0.00371797
-0.00355573
-0.00342797
-0.00315108
-0.00283985
-0.00252674
-0.00196863
-0.00146244
-0.00107546
-0.000293658
0.000578917
0.00106235
0.00153208
0.00217527
0.00286671
0.00324146
0.00370578
0.00406516
0.00430727
0.00471758
0.00462131
0.00496649
0.00501282
0.00468635
0.00506863
0.00475842
0.00422528
0.00422898
0.00381149
0.00336445
0.00252624
0.000830729
-0.000767652
-0.00132765
-0.00176007
-0.00198306
-0.00203278
-0.00209126
-0.00208171
-0.00202375
-0.00201629
-0.00190486
-0.00181098
-0.0017155
-0.00138148
-0.00111144
-0.000883174
-0.000310461
0.000315421
0.000579934
0.000954186
0.00148542
0.00207569
0.00241962
0.00278859
0.0031886
0.0033562
0.00385354
0.00379565
0.00404891
0.00427472
0.00392483
0.00418955
0.00414397
0.0036452
0.00362626
0.00305567
0.00272504
0.00221681
0.000686785
0.00193696
0.00151948
0.00115454
0.00091878
0.000805486
0.000669764
0.000591529
0.000555929
0.000499061
0.000547505
0.000600282
0.000606249
0.000809634
0.000904793
0.000993625
0.00135485
0.00185863
0.00198537
0.00226673
0.00260085
0.00304073
0.0032488
0.00351849
0.00388479
0.00390131
0.00449486
0.00426406
0.00467729
0.00484887
0.00439054
0.0048886
0.0046492
0.00410514
0.00415318
0.00361642
0.00323733
0.00267595
0.000976297
0.00301673
0.00266861
0.00238579
0.00216029
0.00199571
0.00183343
0.00166485
0.00150951
0.00135692
0.00122992
0.00120886
0.00115832
0.00122044
0.00128993
0.0013546
0.00136134
0.00164528
0.00180384
0.00207932
0.00222877
0.00258125
0.00277579
0.00295951
0.00334828
0.00322709
0.00391839
0.00363279
0.00398247
0.0044052
0.00379741
0.00433078
0.0044097
0.00376779
0.00376304
0.00348748
0.00321261
0.00280663
0.0010562
0.00452877
0.00425106
0.00400993
0.00379783
0.00360708
0.00345257
0.00330303
0.00315509
0.00304007
0.00290357
0.00280115
0.00272993
0.00267816
0.00268721
0.00278599
0.00276618
0.00280734
0.00291279
0.00310031
0.00320752
0.00335219
0.00354528
0.00364164
0.00392303
0.00392118
0.00422125
0.00425393
0.00433149
0.00461053
0.00438052
0.00456032
0.00454724
0.00413863
0.0040858
0.00366616
0.0029022
0.00247776
0.0010851
0.00508283
0.00486673
0.00465811
0.00445394
0.00425637
0.004067
0.00388393
0.00370483
0.00354077
0.00339011
0.00326813
0.00315533
0.00306778
0.00299559
0.00295177
0.00289449
0.00290596
0.00294643
0.00301371
0.00307772
0.00315495
0.00330026
0.00336358
0.00356718
0.00360195
0.00380505
0.00390875
0.00393182
0.00421118
0.00406454
0.00415964
0.00428365
0.0038665
0.00372422
0.00345836
0.00259329
0.00176615
0.000726146
0.00556043
0.00535389
0.00515356
0.00496011
0.00477168
0.00459323
0.00442249
0.00425663
0.00410067
0.00394113
0.00379151
0.00366752
0.00356287
0.00348498
0.00345229
0.0034088
0.00336219
0.00335864
0.00340449
0.00346122
0.00350986
0.00360349
0.00367533
0.00380093
0.00388263
0.00398787
0.00411492
0.00413888
0.00428175
0.0042741
0.00421657
0.00426907
0.00399821
0.00367016
0.00336738
0.00261528
0.0017063
0.000688459
-0.107432
-0.125755
-0.145314
-0.166892
-0.19077
-0.217835
-0.24753
-0.283225
-0.0968505
-0.112132
-0.127539
-0.144454
-0.161599
-0.180602
-0.199189
-0.222753
-0.0838608
-0.0950063
-0.10591
-0.117906
-0.130289
-0.143871
-0.15931
-0.17896
-0.072652
-0.0810492
-0.0894936
-0.0987047
-0.109016
-0.120201
-0.133137
-0.148048
-0.0620774
-0.0686036
-0.0753321
-0.0825189
-0.0905329
-0.0987099
-0.10782
-0.118747
-0.0528978
-0.0577587
-0.0627185
-0.0678526
-0.0735241
-0.0794146
-0.0863259
-0.0950459
-0.0445014
-0.0479445
-0.0514539
-0.0551892
-0.0594575
-0.0640585
-0.0694309
-0.0760963
-0.0370959
-0.0395295
-0.0420246
-0.0447653
-0.0479275
-0.0513215
-0.0552358
-0.0602349
-0.0305664
-0.0322585
-0.0339652
-0.0358622
-0.0380838
-0.0405273
-0.0434434
-0.0473051
-0.0248023
-0.0259615
-0.0270958
-0.0283794
-0.0299494
-0.0317591
-0.033973
-0.0369376
-0.0197281
-0.0205336
-0.0212831
-0.0221353
-0.0232227
-0.0245235
-0.026152
-0.0283857
-0.0153849
-0.0159534
-0.0164634
-0.017033
-0.0177819
-0.0187206
-0.0199406
-0.0216512
-0.0115052
-0.0119365
-0.0122694
-0.0126009
-0.0130641
-0.0137071
-0.0146016
-0.0158939
-0.0084325
-0.00870956
-0.00892188
-0.00914948
-0.00950791
-0.010026
-0.0107331
-0.0117206
-0.00526435
-0.00555096
-0.00573829
-0.00587048
-0.00606204
-0.00636984
-0.00683044
-0.0075273
-0.0031211
-0.00329343
-0.0033962
-0.0034748
-0.0036442
-0.00395982
-0.00442354
-0.00503822
-0.000540575
-0.000757913
-0.00088476
-0.000942027
-0.00102936
-0.00119761
-0.00144535
-0.00179354
0.00112743
0.00096795
0.000876761
0.000825338
0.000711319
0.000482062
0.00015566
-0.00023768
0.00329068
0.00308651
0.00296015
0.00289285
0.0028058
0.0026616
0.00247982
0.00226653
0.00482245
0.00460209
0.00440661
0.00423286
0.00405251
0.00384213
0.00360424
0.00334261
0.00572505
0.00558302
0.00543493
0.00529111
0.0051597
0.00503645
0.00490859
0.00475461
0.00630496
0.00614991
0.00599491
0.00584361
0.0056977
0.00555523
0.00541252
0.00526667
0.0066555
0.00652236
0.00639041
0.00625799
0.00612611
0.00599578
0.00586575
0.00573281
0.0727262
0.0766994
0.0802988
0.0828092
0.0835984
0.0825828
0.0796105
0.0741236
0.0651682
0.0514079
0.0310104
0.001559
-0.0408062
-0.0993639
-0.148401
0.0498288
0.0514188
0.0515058
0.0502692
0.0475693
0.0430915
0.0363411
0.0265561
0.0126977
-0.00662375
-0.0333436
-0.0699403
-0.119409
-0.186631
-0.235562
0.0266131
0.0258957
0.0226672
0.0181625
0.0124723
0.00498307
-0.00504129
-0.0184616
-0.0363705
-0.0601706
-0.0917828
-0.134124
-0.188921
-0.258856
-0.305813
0.00210019
-0.000924978
-0.00651672
-0.0131752
-0.0210566
-0.030975
-0.0436607
-0.0598824
-0.0808461
-0.107952
-0.142824
-0.188806
-0.246509
-0.314313
-0.357543
-0.0231823
-0.0284986
-0.0354318
-0.0432545
-0.0526147
-0.0643056
-0.0789341
-0.0970535
-0.11996
-0.148939
-0.185799
-0.232767
-0.28996
-0.35259
-0.390432
-0.048355
-0.0554029
-0.0629802
-0.0715684
-0.0819837
-0.0947921
-0.110522
-0.129805
-0.15356
-0.183041
-0.219868
-0.265405
-0.319037
-0.373602
-0.405758
-0.0733445
-0.0804875
-0.0884747
-0.0977848
-0.10894
-0.122338
-0.138452
-0.157885
-0.181375
-0.209992
-0.24497
-0.286969
-0.334152
-0.378197
-0.405839
-0.0962439
-0.10379
-0.112248
-0.122077
-0.133566
-0.147005
-0.16281
-0.181509
-0.203736
-0.230306
-0.261983
-0.298601
-0.336857
-0.369121
-0.393387
0.206568
0.221609
0.238174
0.256624
0.276986
0.299136
0.322957
0.348385
0.375325
0.403518
0.432394
0.460863
0.487045
0.507401
0.524274
0.203351
0.217361
0.232972
0.250577
0.270069
0.291186
0.313757
0.337707
0.362929
0.389116
0.415621
0.441256
0.464006
0.480419
0.493485
0.19606
0.208349
0.222475
0.238774
0.256874
0.2763
0.296793
0.318244
0.340504
0.363192
0.385549
0.406245
0.423025
0.432584
0.439331
0.184721
0.194792
0.207059
0.221606
0.237727
0.254778
0.27244
0.290557
0.308882
0.326893
0.343654
0.357633
0.366265
0.366252
0.364804
0.169302
0.176939
0.187291
0.199939
0.213669
0.227695
0.241738
0.25566
0.269141
0.281488
0.291543
0.297531
0.296546
0.285138
0.273527
0.150153
0.155024
0.163393
0.174059
0.185215
0.195946
0.205996
0.215226
0.223227
0.229159
0.231664
0.228729
0.217117
0.193266
0.170201
0.12769
0.130418
0.137017
0.145223
0.153165
0.160127
0.16592
0.17029
0.172626
0.171893
0.166548
0.15437
0.131835
0.0954379
0.0611553
0.101482
0.103391
0.109209
0.114928
0.119277
0.12209
0.123358
0.122698
0.119281
0.111877
0.0987691
0.0775561
0.0444752
-0.00375223
-0.0473712
0.0261033
0.0264521
0.0264839
0.0285076
0.0280991
0.0316605
0.0305239
0.0359727
0.035509
0.040777
0.0428412
0.0483464
0.0521343
0.0589537
0.0650436
0.0737041
0.0827301
0.0943611
0.107121
0.122777
0.140339
0.161287
0.18532
0.0260814
0.026441
0.0265084
0.0285429
0.0280885
0.0315949
0.0305597
0.0359163
0.0355495
0.0407543
0.0429189
0.0483242
0.0523283
0.0590922
0.0653246
0.0739534
0.0830236
0.0946273
0.107299
0.122907
0.139598
0.161016
0.183504
0.0260591
0.0264235
0.0265314
0.0285604
0.0280967
0.0314939
0.0306273
0.035825
0.0356397
0.0407109
0.0430104
0.0482821
0.0525085
0.059184
0.065551
0.0741344
0.0831544
0.0946105
0.106799
0.122452
0.138917
0.158277
0.178616
0.0260369
0.026401
0.0265523
0.0285603
0.0281201
0.0313682
0.0307237
0.0357009
0.0357432
0.0406444
0.043099
0.0482349
0.0526818
0.0592461
0.0656756
0.074222
0.083143
0.0946755
0.106433
0.121358
0.135969
0.15386
0.170803
0.0260158
0.0263751
0.0265688
0.0285429
0.0281563
0.0312265
0.0308414
0.0355634
0.0358851
0.0405629
0.0431788
0.0481921
0.0528679
0.0593499
0.0658268
0.0742275
0.0827213
0.0935936
0.10438
0.117712
0.131073
0.146955
0.159562
0.0259961
0.0263472
0.0265789
0.0285099
0.0281975
0.0310873
0.0309807
0.0353708
0.0359954
0.0404724
0.0432447
0.0481601
0.0529751
0.0594453
0.0658941
0.0744284
0.0829187
0.0938174
0.103022
0.116331
0.125973
0.138789
0.145595
0.0259798
0.0263173
0.0265778
0.0284682
0.0282502
0.0309312
0.0311137
0.0352221
0.0362447
0.0404165
0.043385
0.0482629
0.0531975
0.0595456
0.0657911
0.0738231
0.0816095
0.0915165
0.100282
0.110886
0.118315
0.127432
0.128299
0.025967
0.0262897
0.0265577
0.0284036
0.0283126
0.0308488
0.031293
0.0349534
0.0362272
0.0402297
0.0434255
0.0484675
0.0535027
0.0601578
0.0663982
0.0748959
0.0824981
0.0920697
0.0992742
0.107915
0.110811
0.115139
0.107869
0.0259337
0.0262544
0.026545
0.0283479
0.0283186
0.0305689
0.0313792
0.0347511
0.0369738
0.0401871
0.0435071
0.0479785
0.0529107
0.0587134
0.0646491
0.0717786
0.0783678
0.0855061
0.0909387
0.0953955
0.0958871
0.092438
0.081
0.0258851
0.0262183
0.026487
0.0281877
0.0282873
0.0302849
0.0314326
0.034118
0.035977
0.0390951
0.0425497
0.0465175
0.0514108
0.0562687
0.0618271
0.0674185
0.0728561
0.0772546
0.0806938
0.0812391
0.0792112
0.072447
0.0624795
0.025833
0.0261538
0.0263962
0.0280129
0.0282604
0.029869
0.0314264
0.0334259
0.0361923
0.0382105
0.0416776
0.045194
0.0497023
0.0536825
0.0583848
0.0625079
0.0664307
0.0686875
0.0697287
0.0679127
0.063763
0.0562927
0.0468409
0.0257683
0.0260665
0.0262859
0.0278125
0.0281965
0.0294192
0.0313876
0.0326431
0.0355243
0.0371831
0.0403647
0.0435889
0.047422
0.0506662
0.0543411
0.0572286
0.0595458
0.0600067
0.0590905
0.0557679
0.0503752
0.0427188
0.0337557
0.0256889
0.0259544
0.026142
0.0275822
0.0281009
0.0289054
0.0312005
0.0318878
0.0348378
0.0361349
0.038796
0.0417891
0.0448333
0.0472984
0.0498737
0.0515914
0.0524116
0.0514432
0.0490861
0.0447989
0.0388433
0.0312347
0.0228696
0.0255887
0.0258193
0.025963
0.0273178
0.0279353
0.0283884
0.0308762
0.0310819
0.0338765
0.0349912
0.0369319
0.0396519
0.0419601
0.0435028
0.045104
0.0457823
0.0453466
0.0433054
0.0400953
0.035356
0.0292496
0.021801
0.0138922
0.0254644
0.0256588
0.0257389
0.0270161
0.027694
0.027843
0.0303631
0.030239
0.0327118
0.0336948
0.0348751
0.0371995
0.038904
0.0394428
0.0401637
0.0400453
0.0386186
0.0357794
0.0321308
0.0273612
0.0214377
0.0143883
0.00691808
0.0253091
0.025469
0.0254705
0.0266739
0.0273547
0.0272802
0.0296727
0.0293472
0.0313683
0.032223
0.0326706
0.0344599
0.0356734
0.0353111
0.0351929
0.0345133
0.0324158
0.0290439
0.0252452
0.0207405
0.0152151
0.00870627
0.00186033
0.025119
0.0252479
0.0251521
0.0262815
0.0269183
0.0266808
0.0288194
0.0283746
0.0298845
0.0305551
0.0303568
0.0315672
0.0323457
0.031272
0.0303938
0.0293174
0.0268605
0.0232007
0.0194329
0.0153676
0.0104077
0.00453961
-0.00155763
0.0248905
0.0249904
0.0247815
0.0258323
0.0263848
0.0260347
0.0278333
0.0273026
0.0283115
0.0287308
0.0279817
0.028632
0.0289982
0.0274119
0.0259336
0.0245843
0.0220183
0.0183054
0.0146938
0.011147
0.00685588
0.00170949
-0.00358646
0.0246217
0.0246921
0.0243552
0.0253186
0.0257661
0.0253238
0.026747
0.0261197
0.026704
0.0268242
0.0256287
0.0257835
0.0257588
0.023806
0.0219203
0.0204272
0.0179273
0.0143743
0.0110948
0.00804214
0.00442547
2.67764e-05
-0.0044538
0.0243123
0.0243523
0.0238692
0.0247313
0.0250755
0.0245581
0.0255975
0.0248485
0.0250467
0.0248702
0.0233191
0.0231034
0.0227748
0.020593
0.0184698
0.0169085
0.0145258
0.0112259
0.00828389
0.00576459
0.00279425
-0.000900641
-0.00464059
0.0239629
0.0239656
0.023327
0.0240714
0.0243211
0.0237278
0.0244213
0.0235499
0.0234524
0.0229905
0.0211427
0.0206088
0.020035
0.0177453
0.0155738
0.0140801
0.0119024
0.00891836
0.00636262
0.00439507
0.00202291
-0.000996157
-0.00401033
0.0235883
0.0235316
0.0226986
0.0233589
0.0235594
0.0228536
0.0231949
0.0222055
0.0219675
0.0212948
0.0192846
0.0185509
0.0177968
0.0154335
0.0132455
0.0118135
0.00982036
0.0071788
0.00504821
0.00344815
0.00154112
-0.000971848
-0.00343009
0.0231829
0.0230671
0.0220305
0.0225865
0.0227809
0.0219885
0.0220166
0.0209474
0.0205239
0.0196759
0.0175461
0.016728
0.0159307
0.0136604
0.011631
0.0103741
0.00861342
0.00630284
0.00455351
0.00343524
0.00192717
-0.00011434
-0.00206514
0.0227948
0.0225231
0.021259
0.0218482
0.0220448
0.0210963
0.0208506
0.0198424
0.0194429
0.0184487
0.0162676
0.015378
0.0144824
0.0122164
0.0102621
0.00909161
0.00749079
0.0054838
0.00409291
0.00319013
0.00200849
0.000337007
-0.00118847
0.0224036
0.0219872
0.0204982
0.0211287
0.0213936
0.0202268
0.0196744
0.0188134
0.0184956
0.0174205
0.0153338
0.0145499
0.0137643
0.0117309
0.00999725
0.00896179
0.00753436
0.00580532
0.00470668
0.00414069
0.00319297
0.00183045
0.0006304
0.0220366
0.0213772
0.019779
0.020501
0.0207321
0.0194692
0.0188449
0.0181819
0.0178557
0.0167024
0.014778
0.0140879
0.0132328
0.0112488
0.00964993
0.0086727
0.00734589
0.00588504
0.00508358
0.00463364
0.00385335
0.00273532
0.00184416
0.0217648
0.0208338
0.0191783
0.0200237
0.0201436
0.0187189
0.0180825
0.0177301
0.0174469
0.0162569
0.0147627
0.0143682
0.0136262
0.011923
0.0105412
0.0095804
0.00835586
0.00716611
0.00655535
0.00617103
0.00548253
0.00459899
0.00393119
0.0213431
0.0203938
0.0188702
0.0195053
0.0198005
0.0184663
0.0176004
0.0175603
0.0173841
0.016404
0.0151815
0.0145492
0.014102
0.0131656
0.0120559
0.0111479
0.0103104
0.00947465
0.00878206
0.00823956
0.00763701
0.00693289
0.00625873
0.0204014
0.0200779
0.0188694
0.0186504
0.0188884
0.0180689
0.0170093
0.0165951
0.0163814
0.0156968
0.0146067
0.0136269
0.0130426
0.0124661
0.0116703
0.010903
0.0102942
0.00973014
0.00917184
0.00869586
0.00830069
0.00793214
0.00750011
0.0200928
0.0197959
0.0186217
0.018231
0.018484
0.0178539
0.0167465
0.0162989
0.0162064
0.015635
0.0146198
0.0136886
0.0130451
0.0125012
0.0118931
0.0112333
0.0105937
0.0100173
0.00950983
0.00906281
0.00864922
0.00824853
0.00786475
0.0197292
0.0195658
0.0188284
0.0180332
0.0178353
0.0174748
0.0167143
0.0160345
0.0155972
0.0151178
0.0143967
0.0135529
0.0128157
0.0122298
0.0116769
0.0111104
0.0105725
0.0100898
0.00965041
0.00925395
0.00890599
0.00859932
0.008314
0.0665832
0.0468296
0.0230192
-0.000196662
-0.023024
-0.0457003
-0.0677147
-0.0883241
0.0518993
0.0322259
0.00767045
-0.0136405
-0.0322954
-0.0496998
-0.0659844
-0.0815762
0.0383861
0.0228022
0.00147943
-0.0177222
-0.0325653
-0.0456864
-0.0587154
-0.0718481
0.0261511
0.0131789
-0.00532489
-0.0223118
-0.0348326
-0.0448142
-0.0543783
-0.0637436
0.0160666
0.00552409
-0.00971366
-0.0238504
-0.0337725
-0.0411057
-0.0481085
-0.0551892
0.00788203
-0.000427767
-0.0125464
-0.0239712
-0.0318861
-0.0374352
-0.0426066
-0.0477832
0.00109822
-0.00547964
-0.0143502
-0.0226609
-0.0286916
-0.0330287
-0.036957
-0.0407921
-0.00365199
-0.00899796
-0.0150337
-0.0206343
-0.0250725
-0.0285204
-0.0315764
-0.0344259
-0.00648416
-0.0106874
-0.01468
-0.0183329
-0.0214874
-0.0241502
-0.0265178
-0.028647
-0.00781897
-0.0110421
-0.0136142
-0.0159288
-0.0180984
-0.0200745
-0.0218621
-0.023435
-0.00794856
-0.0103471
-0.011953
-0.0133798
-0.0148366
-0.0162568
-0.0175754
-0.0187367
-0.00749696
-0.00927149
-0.0102199
-0.0110385
-0.0119691
-0.0129419
-0.013867
-0.0146844
-0.00622661
-0.00747876
-0.00801818
-0.00847635
-0.00905761
-0.00970308
-0.0103486
-0.0109582
-0.00515191
-0.00602646
-0.00627899
-0.00649686
-0.00685356
-0.00727487
-0.00769342
-0.00808239
-0.00336814
-0.00396408
-0.00407157
-0.00413698
-0.00427478
-0.00445061
-0.0046633
-0.00493827
-0.00212377
-0.00249335
-0.00249155
-0.00249923
-0.00257927
-0.00267365
-0.00277896
-0.00292752
-7.52744e-05
-0.000323005
-0.000283468
-0.000232132
-0.000206745
-0.000181911
-0.000198737
-0.000319396
0.00138246
0.00123772
0.00126696
0.00127793
0.00128417
0.00132278
0.00134568
0.00128229
0.00356187
0.00344437
0.00347322
0.0035019
0.00353689
0.00358766
0.0035955
0.00349314
0.00577957
0.00555277
0.00549334
0.0054589
0.00540063
0.00531674
0.00520022
0.00503387
0.00710076
0.00681391
0.00660639
0.00644451
0.00629105
0.00613718
0.00599209
0.00585795
0.00757265
0.00737812
0.00722199
0.00707595
0.00692549
0.00676967
0.0066132
0.00645882
0.00806887
0.00786109
0.00765248
0.00745635
0.007274
0.00710307
0.00694295
0.00679425
-0.305811
-0.312124
-0.323047
-0.338189
-0.357861
-0.38257
-0.409467
-0.433179
-0.303382
-0.309263
-0.318622
-0.331413
-0.347705
-0.367395
-0.389296
-0.409223
-0.298415
-0.304196
-0.312812
-0.32389
-0.337794
-0.353668
-0.368249
-0.377422
-0.293207
-0.29866
-0.306297
-0.31528
-0.325215
-0.334521
-0.340119
-0.338956
-0.289983
-0.294148
-0.299644
-0.305024
-0.30949
-0.31175
-0.309802
-0.301548
-0.289907
-0.291393
-0.293204
-0.293835
-0.292747
-0.289176
-0.281736
-0.268763
-0.29306
-0.290375
-0.287229
-0.282673
-0.276643
-0.268532
-0.25714
-0.240968
-0.298362
-0.290309
-0.281518
-0.271949
-0.261761
-0.25013
-0.235854
-0.217479
-0.3041
-0.289997
-0.275559
-0.261675
-0.248107
-0.233748
-0.217364
-0.197494
-0.308561
-0.288321
-0.268941
-0.251726
-0.235427
-0.21907
-0.201145
-0.180367
-0.310589
-0.284471
-0.261562
-0.241787
-0.223509
-0.205732
-0.186786
-0.165563
-0.308762
-0.278444
-0.253303
-0.231723
-0.212128
-0.193426
-0.173951
-0.152681
-0.303892
-0.270356
-0.244114
-0.221332
-0.201056
-0.181925
-0.162367
-0.141442
-0.293944
-0.260211
-0.233806
-0.210636
-0.190422
-0.171081
-0.151881
-0.131529
-0.281073
-0.249445
-0.222712
-0.200258
-0.179852
-0.160571
-0.141893
-0.122563
-0.241855
-0.259808
-0.278786
-0.293511
-0.30204
-0.305014
-0.304738
-0.304002
-0.24952
-0.265351
-0.281371
-0.293122
-0.29925
-0.301031
-0.30089
-0.300964
-0.258903
-0.273825
-0.288227
-0.297725
-0.301067
-0.299936
-0.297549
-0.296387
-0.272716
-0.287063
-0.300066
-0.30716
-0.307006
-0.301584
-0.295273
-0.291785
-0.290199
-0.304097
-0.315745
-0.320438
-0.316661
-0.306541
-0.295768
-0.289599
-0.310184
-0.323689
-0.334034
-0.336448
-0.329351
-0.314954
-0.300134
-0.291506
-0.331727
-0.344846
-0.353936
-0.354224
-0.34423
-0.326329
-0.308588
-0.297748
-0.353949
-0.366656
-0.37455
-0.372903
-0.360562
-0.340039
-0.320495
-0.307175
-0.376049
-0.388289
-0.395083
-0.39165
-0.377177
-0.354881
-0.334582
-0.318102
-0.397276
-0.408988
-0.414782
-0.410143
-0.394372
-0.371081
-0.348652
-0.328175
-0.416899
-0.428077
-0.432699
-0.426369
-0.408903
-0.385919
-0.361686
-0.336602
-0.434199
-0.444915
-0.449702
-0.443051
-0.425096
-0.40037
-0.372169
-0.341097
-0.448613
-0.458622
-0.461454
-0.453519
-0.435389
-0.41038
-0.379163
-0.342206
-0.459907
-0.469083
-0.474073
-0.465595
-0.446035
-0.41861
-0.383462
-0.339704
-0.467771
-0.47567
-0.47786
-0.470102
-0.449889
-0.420542
-0.382108
-0.333876
-0.473768
-0.483183
-0.487806
-0.475908
-0.449545
-0.414412
-0.372516
-0.326926
-0.455421
-0.466608
-0.475199
-0.470724
-0.45172
-0.419279
-0.379642
-0.334625
-0.410692
-0.423704
-0.436764
-0.439661
-0.430551
-0.405753
-0.373695
-0.330582
-0.344137
-0.358606
-0.374527
-0.382679
-0.380633
-0.364789
-0.342954
-0.311305
-0.258453
-0.280276
-0.301674
-0.312869
-0.315496
-0.306556
-0.295426
-0.279177
-0.147741
-0.174118
-0.202441
-0.224429
-0.234574
-0.234983
-0.233613
-0.233993
-0.0312133
-0.058744
-0.0895715
-0.118901
-0.143049
-0.157208
-0.165788
-0.179597
0.0572878
0.0331721
0.00253779
-0.028987
-0.0588873
-0.0841198
-0.102853
-0.123825
0.0989308
0.0794788
0.0531371
0.025027
-0.00223535
-0.0271378
-0.0472876
-0.0732701
0.105857
0.0910161
0.070923
0.0493234
0.028402
0.00877415
-0.00776361
-0.0308936
0.0951033
0.08459
0.0709933
0.0563254
0.0417793
0.0281306
0.0154118
-0.00207396
0.079577
0.0726339
0.0641396
0.0552065
0.0459644
0.0366123
0.027481
0.0153253
0.0651539
0.0607027
0.0554417
0.0499937
0.044353
0.0384268
0.0322566
0.0240235
0.053389
0.0505553
0.0473054
0.043944
0.0404478
0.0367047
0.0328615
0.0273439
0.0439046
0.0420561
0.0400095
0.0378948
0.035684
0.033215
0.0309145
0.0272257
0.036347
0.0351639
0.0338792
0.0325362
0.0311495
0.0295164
0.0280853
0.0258506
0.0302873
0.0294923
0.0286513
0.027759
0.0268396
0.025743
0.0247736
0.0234121
0.0256556
0.0250955
0.0245181
0.0239165
0.0233158
0.0225992
0.0219375
0.0211272
0.0217394
0.0213594
0.0209693
0.020548
0.02012
0.0196356
0.0191852
0.0186885
0.0188113
0.0184891
0.0181727
0.0178581
0.0175489
0.0172049
0.0168611
0.0165379
0.0161431
0.0159577
0.0157702
0.0155683
0.0153643
0.0151483
0.014942
0.0147557
0.0140371
0.0138459
0.0136615
0.0134824
0.01331
0.0131352
0.0129661
0.0128298
0.0123758
0.0122954
0.012215
0.0121297
0.0120413
0.0119447
0.0118488
0.0117657
0.0107474
0.0106414
0.010541
0.0104457
0.0103574
0.0102742
0.0102011
0.0101478
0.00970558
0.00964993
0.00959566
0.00953926
0.00948022
0.00941737
0.00935561
0.00929219
0.00865238
0.00862705
0.00860319
0.00858037
0.00855755
0.00853259
0.00851594
0.00849807
0.00765656
0.00757424
0.00749738
0.00742796
0.00736873
0.00732088
0.0072864
0.00727349
0.0072311
0.00722789
0.00722445
0.00721737
0.00720444
0.0071863
0.00716592
0.00712005
0.00639008
0.00637665
0.00636552
0.00635734
0.00635028
0.00634362
0.00634722
0.00634496
0.00577044
0.00570426
0.00564215
0.00558712
0.00554207
0.00550752
0.00548475
0.00548632
0.00562315
0.00562836
0.00563291
0.00563361
0.00562949
0.00562219
0.00560943
0.00557191
0.00493659
0.00495343
0.00497115
0.00498815
0.00500179
0.00501449
0.00503213
0.00502465
0.00422832
0.00418105
0.00413828
0.00410305
0.00407598
0.0040571
0.00405291
0.00406728
0.00402
0.00398681
0.00395607
0.00392921
0.00390835
0.00389374
0.00388419
0.00388647
0.00374676
0.00375579
0.00376374
0.00376909
0.00377234
0.00377482
0.00377276
0.00375231
0.00312584
0.00316736
0.00320724
0.00324254
0.00327221
0.0032986
0.00331751
0.00330186
0.00163414
0.00162193
0.00161226
0.00160424
0.00159734
0.00159457
0.0015968
0.0015924
0.000172265
0.00010363
4.23761e-05
-7.96651e-06
-4.44518e-05
-6.31469e-05
-5.73795e-05
-2.49781e-05
-0.293967
-0.236988
-0.197746
-0.162926
-0.132699
-0.108666
-0.0885575
-0.0719697
-0.0583496
-0.0471318
-0.0379057
-0.0301798
-0.0239717
-0.018542
-0.01442
-0.0102343
-0.00769118
-0.00404664
-0.00248333
0.000930238
0.0018568
0.00331319
0.0037111
-0.30733
-0.255919
-0.215262
-0.177755
-0.145633
-0.119356
-0.0972463
-0.0790326
-0.0640183
-0.0516372
-0.0414819
-0.0329979
-0.0261687
-0.0202753
-0.0157568
-0.0112629
-0.00853626
-0.00464344
-0.00301168
0.00049953
0.00151788
0.00304387
0.00347594
-0.299004
-0.25128
-0.213469
-0.1785
-0.147919
-0.122109
-0.100122
-0.0817807
-0.0664838
-0.0537713
-0.0432835
-0.0344876
-0.0273635
-0.0212243
-0.0165078
-0.011822
-0.00899297
-0.00497136
-0.00330135
0.000141981
0.00123287
0.00278495
0.00323929
-0.280004
-0.233838
-0.200159
-0.168997
-0.141577
-0.118106
-0.0978012
-0.0805594
-0.0659566
-0.05367
-0.0434156
-0.0347428
-0.0276471
-0.0214891
-0.016755
-0.0120057
-0.00914077
-0.00510037
-0.00340429
-0.000109812
0.0009922
0.00254992
0.00300136
-0.252112
-0.210053
-0.181783
-0.15449
-0.130761
-0.110348
-0.0923963
-0.0768713
-0.0635173
-0.0521148
-0.0424591
-0.0342012
-0.02736
-0.0213591
-0.016738
-0.0120424
-0.0091964
-0.00521467
-0.00349927
-0.000299761
0.000797707
0.0023398
0.00277071
-0.215226
-0.180972
-0.159828
-0.136806
-0.117459
-0.100489
-0.08521
-0.0717145
-0.0599006
-0.0496298
-0.0407717
-0.0330894
-0.0266291
-0.0208812
-0.0164499
-0.0118729
-0.00909287
-0.00521184
-0.00352754
-0.000450918
0.000601592
0.00214887
0.00254762
-0.170232
-0.14678
-0.134288
-0.116453
-0.102282
-0.0891052
-0.0767717
-0.0655465
-0.0554989
-0.0465453
-0.0386325
-0.031652
-0.025669
-0.0202455
-0.0160472
-0.0116354
-0.00894371
-0.00518908
-0.0035449
-0.000551552
0.000415084
0.00196864
0.0023371
-0.121954
-0.109375
-0.105757
-0.0938244
-0.085575
-0.0763949
-0.0671858
-0.0585078
-0.0504452
-0.0429625
-0.0361288
-0.0299677
-0.0245506
-0.0195305
-0.0156104
-0.0114104
-0.00883006
-0.0051993
-0.00359797
-0.000634517
0.000257047
0.00180304
0.00214405
-0.0758263
-0.0733419
-0.0762962
-0.0702671
-0.0679697
-0.0624586
-0.0565196
-0.0506345
-0.0446821
-0.0387684
-0.0331453
-0.0279014
-0.0231264
-0.0185768
-0.0149924
-0.0110357
-0.00861134
-0.0051182
-0.00360284
-0.000702787
9.68225e-05
0.00165206
0.00196409
-0.0369003
-0.0418216
-0.0488019
-0.0480183
-0.0505067
-0.0481346
-0.0455106
-0.0423762
-0.038433
-0.0341497
-0.0298436
-0.0255846
-0.0215322
-0.017508
-0.014309
-0.0106164
-0.00838915
-0.0050348
-0.00362338
-0.000745856
-6.81965e-06
0.00151246
0.00181313
-0.00935776
-0.0174978
-0.0259797
-0.0289028
-0.0342715
-0.0344738
-0.0348888
-0.0339705
-0.0318475
-0.0291811
-0.0261835
-0.022925
-0.0196561
-0.016213
-0.013443
-0.0100384
-0.00806056
-0.00483808
-0.00360369
-0.000821776
-7.93552e-05
0.00138255
0.00168745
0.00788939
-0.000987256
-0.00945338
-0.0141314
-0.020545
-0.0225563
-0.0251669
-0.0257406
-0.0252
-0.0239878
-0.0221727
-0.0198762
-0.0174065
-0.0145744
-0.0122774
-0.00919649
-0.00750182
-0.00445444
-0.00339761
-0.000805036
-0.00014828
0.00128687
0.00156947
0.0178098
0.00923832
0.00159169
-0.0037111
-0.0101284
-0.0131287
-0.0168992
-0.0184192
-0.0191305
-0.0190847
-0.0182697
-0.0168611
-0.0151577
-0.0129323
-0.0111328
-0.00842439
-0.00702897
-0.0041728
-0.00326882
-0.000774512
-0.000154275
0.00121247
0.00147711
0.022657
0.0151376
0.00872152
0.00351698
-0.00242107
-0.00577745
-0.00993125
-0.0120314
-0.0136074
-0.0143973
-0.0143833
-0.0137423
-0.0127281
-0.0110689
-0.00976045
-0.00743077
-0.00633249
-0.00369276
-0.00294265
-0.000708924
-0.000161217
0.00117106
0.00140446
0.0238802
0.0177326
0.0128741
0.00815879
0.00304615
-0.000292591
-0.00431384
-0.00663909
-0.00871247
-0.0100144
-0.0106033
-0.0105881
-0.0101598
-0.00901803
-0.00817172
-0.00620866
-0.00541993
-0.0030833
-0.0025275
-0.0005317
-0.000171058
0.00116799
0.0013397
0.023296
0.0184794
0.0147799
0.0107388
0.00647466
0.00334013
-0.000361145
-0.00270183
-0.00498631
-0.00654391
-0.00753464
-0.00797409
-0.00802122
-0.00731676
-0.00688704
-0.00526324
-0.00475218
-0.00269003
-0.00223853
-0.000215643
-3.57409e-05
0.00122743
0.00132932
0.0215732
0.0180168
0.0152438
0.0118364
0.00845981
0.00564223
0.00239548
0.000136841
-0.00215885
-0.00380861
-0.00502655
-0.00576587
-0.00616204
-0.00581826
-0.00574496
-0.00443971
-0.00422104
-0.00232154
-0.0020961
-7.44569e-05
0.000156005
0.00127755
0.00138302
0.0197055
0.0170867
0.0150083
0.0122673
0.00964166
0.00726735
0.00454
0.00249199
0.000336616
-0.00128647
-0.0025964
-0.00349194
-0.00412978
-0.00403836
-0.00425929
-0.00320776
-0.00324762
-0.00153851
-0.00151244
0.000163558
0.000272375
0.00135429
0.00144104
0.0176743
0.0158022
0.0142225
0.0121172
0.0101059
0.00814893
0.00595812
0.00417054
0.00227292
0.000755288
-0.000542433
-0.00151171
-0.00228873
-0.00238673
-0.00283125
-0.00200446
-0.0022962
-0.000813961
-0.0010428
0.000443034
0.000434456
0.0014606
0.00150753
0.0157784
0.014382
0.0131974
0.0115696
0.0100248
0.00843902
0.00666596
0.00514276
0.00350467
0.00212723
0.000891994
-8.00453e-05
-0.000950603
-0.00116017
-0.00178304
-0.00112755
-0.00159094
-0.000307574
-0.000613447
0.000837969
0.000672058
0.0016312
0.00161263
0.0141398
0.0131446
0.0121836
0.0109633
0.00975233
0.00846777
0.00705518
0.00575798
0.00438087
0.0031632
0.00204025
0.00110936
0.000225814
-5.87466e-05
-0.000788436
-0.000280954
-0.000898011
0.000244211
-0.00024934
0.00114557
0.000964961
0.00181565
0.00176555
0.0124914
0.0117404
0.0110624
0.0101554
0.00924378
0.00824441
0.00714118
0.00607923
0.00494677
0.0039001
0.00291098
0.00206212
0.00119856
0.000893479
9.12089e-05
0.000505742
-0.000222754
0.00080223
0.00026093
0.00154192
0.00119957
0.0020024
0.00192642
0.0113619
0.0108182
0.0102471
0.00955812
0.00884247
0.00805188
0.00718948
0.00632481
0.00540712
0.00452768
0.00367714
0.00293504
0.00212582
0.00184261
0.0010224
0.0013719
0.00057636
0.00147241
0.000800271
0.00192616
0.00148772
0.00224245
0.00210475
0.00998036
0.00958944
0.00919103
0.00869769
0.00815989
0.00755421
0.00688856
0.00619753
0.00546107
0.00473007
0.00401869
0.00336615
0.00264134
0.00237403
0.00155597
0.0018766
0.000996357
0.00187139
0.00111982
0.00222047
0.00174009
0.00242467
0.00229254
0.00909941
0.00878927
0.00848559
0.00810165
0.0076881
0.00721855
0.00670291
0.00615379
0.00556823
0.00497173
0.00437379
0.00385196
0.00316819
0.00299893
0.00218197
0.00252232
0.00165954
0.00243494
0.00168651
0.0026562
0.00201001
0.00271064
0.002484
0.00830856
0.00810031
0.00783874
0.00754189
0.00721339
0.00684458
0.00643951
0.00600243
0.00553415
0.00505047
0.00456453
0.00410688
0.00354212
0.00336487
0.0026099
0.00290826
0.00196552
0.00274868
0.00181974
0.00276531
0.00227413
0.00286068
0.00268394
0.00726299
0.00709817
0.00693976
0.00673947
0.00650708
0.00623916
0.00593736
0.00560601
0.00524588
0.00486184
0.0044751
0.00412172
0.00361079
0.00353785
0.00281196
0.00318593
0.00233371
0.00310634
0.00235228
0.00328158
0.00248953
0.00312318
0.00285668
0.00700284
0.00686195
0.00672678
0.00655555
0.00637077
0.00615901
0.00592417
0.00566371
0.00538298
0.00508365
0.00476472
0.0044965
0.0040522
0.00401703
0.00334861
0.00368166
0.0027798
0.00345462
0.00243244
0.00326115
0.00272279
0.00328791
0.0030304
0.0062328
0.0061451
0.00601353
0.00587636
0.00572089
0.00554975
0.00536092
0.00515408
0.0049278
0.004689
0.00444454
0.00419737
0.00384828
0.00382226
0.00319898
0.0035955
0.00270472
0.00353654
0.00269797
0.00361394
0.00288071
0.00340093
0.00315918
0.00552307
0.00546298
0.00540975
0.00533777
0.0052461
0.00513635
0.0050077
0.00486403
0.00470323
0.00452353
0.00434608
0.00420129
0.0038775
0.00397526
0.00340368
0.00385184
0.00307207
0.00380069
0.00292412
0.00384652
0.00302158
0.0036285
0.00326637
0.00551161
0.00543883
0.00538355
0.0053069
0.00522974
0.00514093
0.00504284
0.00493219
0.00481381
0.00468019
0.00452237
0.00441677
0.00413038
0.00421125
0.00364716
0.00404326
0.00312531
0.00382825
0.00281631
0.00366936
0.00302829
0.00355863
0.00331021
0.00492327
0.00486387
0.00477693
0.00469201
0.00460034
0.00450497
0.00440452
0.00429762
0.00418605
0.00407794
0.00395882
0.00383128
0.00364313
0.00371194
0.00322847
0.00372049
0.00295292
0.00385664
0.00306476
0.00405439
0.00312294
0.00364769
0.0033177
0.00408548
0.00408793
0.00407399
0.00405933
0.00403026
0.0039929
0.00394458
0.00388833
0.00381943
0.00374739
0.00369551
0.00363585
0.00347512
0.00364997
0.00322005
0.00374699
0.00302853
0.00384255
0.00289396
0.00397199
0.00304168
0.003673
0.0032736
0.00391226
0.00388839
0.00388306
0.00386945
0.00385771
0.00384232
0.00382491
0.00380408
0.00377737
0.00373487
0.00369264
0.00369744
0.00350327
0.00369636
0.00321492
0.00368037
0.00282913
0.00357332
0.00270865
0.00373607
0.0028229
0.00339711
0.00307716
0.00371639
0.00367369
0.00363759
0.00359063
0.00354515
0.00349577
0.00344689
0.00339744
0.00335373
0.00330635
0.00324474
0.00322388
0.00311378
0.00325727
0.00286453
0.00342389
0.00271932
0.00365366
0.00290785
0.00393219
0.00287195
0.00337067
0.00288362
0.00323451
0.00318712
0.00313486
0.00308826
0.00303862
0.00298931
0.00293675
0.00288181
0.00282803
0.00278388
0.00273143
0.00268401
0.00264974
0.00277903
0.00250168
0.00311564
0.00251299
0.00361829
0.00267887
0.00383772
0.00273755
0.00320258
0.00260648
0.00157982
0.00159966
0.00160507
0.00161291
0.00161319
0.0016111
0.00160361
0.0015913
0.00157094
0.00154973
0.00153415
0.00148642
0.00144431
0.00153682
0.00128128
0.00170699
0.00120841
0.00214974
0.00154806
0.00300446
0.00188288
0.00229503
0.00187216
2.3918e-05
5.65657e-05
8.35193e-05
0.000105887
0.000124213
0.000137705
0.000147664
0.000153727
0.000154987
0.000149523
0.000145152
0.000137504
8.09982e-05
0.000146299
-2.54705e-05
0.000166274
-6.90291e-05
0.00036706
0.000276662
0.0011971
0.000577391
0.00079484
0.000633719
-0.112216
-0.100932
-0.0877095
-0.0771478
-0.0669862
-0.0582064
-0.0500659
-0.0429446
-0.0365524
-0.0308692
-0.0257857
-0.0212393
-0.0172572
-0.0136574
-0.0106314
-0.00772532
-0.00541638
-0.00283986
-0.00100128
0.00216362
0.00380369
0.00468303
0.00521829
-0.129042
-0.114182
-0.0976076
-0.0848228
-0.0728949
-0.0625922
-0.0532387
-0.0452024
-0.0381021
-0.0319141
-0.0264938
-0.0217239
-0.0175849
-0.0138808
-0.0107729
-0.00780967
-0.00545505
-0.00285073
-0.000979084
0.00202689
0.00356544
0.00449171
0.00500541
-0.146489
-0.127615
-0.107391
-0.0924391
-0.0788405
-0.0670568
-0.0565382
-0.0476126
-0.0397829
-0.0330521
-0.0272576
-0.0222287
-0.0179294
-0.0141035
-0.0109149
-0.00790416
-0.00548792
-0.00287309
-0.000958305
0.00192109
0.00334485
0.00431262
0.00479965
-0.164972
-0.141936
-0.117985
-0.100685
-0.0852337
-0.0717542
-0.0600678
-0.050241
-0.0416733
-0.0343911
-0.0281972
-0.0228694
-0.0183943
-0.0144187
-0.0111603
-0.00808849
-0.00561826
-0.00298685
-0.00104716
0.00181673
0.00314226
0.00414503
0.00460469
-0.185555
-0.156918
-0.128987
-0.109648
-0.0921596
-0.0768266
-0.0639482
-0.053128
-0.0437794
-0.0359298
-0.0293074
-0.023646
-0.0189693
-0.014809
-0.0114944
-0.00831868
-0.00583151
-0.00314378
-0.00122844
0.00170089
0.00293719
0.00398517
0.0044206
-0.206969
-0.172436
-0.140799
-0.119423
-0.0994044
-0.0822087
-0.068142
-0.0562438
-0.0460999
-0.0376653
-0.0305849
-0.0245605
-0.0196494
-0.0152649
-0.0118851
-0.0085402
-0.00608146
-0.00326462
-0.00144052
0.0015786
0.00271182
0.00383106
0.00424496
-0.231684
-0.187916
-0.153884
-0.130305
-0.10732
-0.0884084
-0.0729707
-0.0598567
-0.0488643
-0.03977
-0.0321697
-0.0257351
-0.0205344
-0.0158861
-0.0123837
-0.00880546
-0.00639335
-0.00335714
-0.00166371
0.00144739
0.00245967
0.00368036
0.00407493
-0.258938
-0.207121
-0.170816
-0.143167
-0.117084
-0.0963175
-0.0791029
-0.0646061
-0.0526052
-0.0426807
-0.0344358
-0.0274847
-0.0218872
-0.0169126
-0.0131767
-0.00932044
-0.00689942
-0.00357859
-0.00198978
0.00125914
0.00219103
0.00352552
0.00391048
0.0673356
0.0445437
0.0209272
-0.00397603
-0.0294481
-0.0543299
-0.0782018
-0.101573
0.0721361
0.0470763
0.0212367
-0.00601049
-0.0337126
-0.0607297
-0.0861984
-0.109709
0.0762973
0.047771
0.0187413
-0.010927
-0.0403317
-0.0685087
-0.0947066
-0.118827
0.0799583
0.0475007
0.0151221
-0.0169046
-0.0479189
-0.0772398
-0.104397
-0.1294
0.0824379
0.0462312
0.0105714
-0.0239708
-0.0568805
-0.0876651
-0.115988
-0.141843
0.0834413
0.0434816
0.00442102
-0.0329485
-0.0680918
-0.100578
-0.130038
-0.156547
0.0827764
0.0387001
-0.0040968
-0.0446488
-0.0822669
-0.116488
-0.147056
-0.173957
0.0799542
0.0311718
-0.0158178
-0.0599032
-0.100216
-0.136227
-0.167715
-0.194675
0.0740954
0.0199054
-0.0318037
-0.0797815
-0.122995
-0.160777
-0.192943
-0.219514
0.0639326
0.00354282
-0.0534823
-0.105713
-0.151968
-0.191519
-0.223991
-0.24952
0.0477214
-0.0197803
-0.0828535
-0.139787
-0.189158
-0.230318
-0.262417
-0.285871
0.0230374
-0.0524686
-0.122429
-0.184797
-0.237508
-0.279217
-0.309524
-0.329126
-0.014082
-0.0983556
-0.174952
-0.242673
-0.297495
-0.338149
-0.364452
-0.377141
-0.0665809
-0.161334
-0.246244
-0.314744
-0.366647
-0.40164
-0.419431
-0.421137
-0.113246
-0.212319
-0.295949
-0.362317
-0.410163
-0.439407
-0.451378
-0.448462
0.205741
0.200774
0.191965
0.179266
0.162851
0.143045
0.120384
0.0948581
0.220891
0.215092
0.20477
0.190077
0.171376
0.149125
0.12439
0.0978222
0.237636
0.231184
0.219662
0.203401
0.182963
0.158856
0.132479
0.104753
0.256279
0.249373
0.23687
0.21918
0.197058
0.170993
0.142263
0.111956
0.27684
0.269506
0.255982
0.236654
0.21244
0.183881
0.151991
0.118134
0.299212
0.291343
0.276571
0.255236
0.228363
0.196695
0.161066
0.123087
0.323303
0.314761
0.298448
0.274701
0.244601
0.209211
0.169377
0.126842
0.34906
0.339723
0.321556
0.294972
0.26109
0.221322
0.176723
0.129084
0.376398
0.366144
0.345779
0.315873
0.277601
0.232699
0.182558
0.129066
0.405071
0.393759
0.370787
0.336955
0.293558
0.242614
0.185945
0.125647
0.434529
0.421974
0.3959
0.357376
0.307926
0.249846
0.185461
0.117215
0.463697
0.449664
0.419885
0.375726
0.319066
0.252537
0.179022
0.101455
0.490717
0.474895
0.440651
0.389639
0.324273
0.247655
0.163306
0.0747214
0.512026
0.49412
0.454786
0.395847
0.320186
0.231677
0.134752
0.0336583
0.529802
0.509823
0.465611
0.399534
0.315077
0.215771
0.107267
-0.00469108
0.0261239
0.0261418
0.0261564
0.0261668
0.0261722
0.0261718
0.0261634
0.0261476
0.0264563
0.026452
0.0264391
0.026417
0.026385
0.0263435
0.0262924
0.0262264
0.0264584
0.026433
0.0264096
0.026389
0.0263727
0.0263609
0.0263597
0.0263688
0.028453
0.0283853
0.0283086
0.0282288
0.0281492
0.0280759
0.0280013
0.0279567
0.0281245
0.0281675
0.028229
0.0283053
0.0283901
0.0284772
0.0285622
0.0286301
0.0316842
0.0316583
0.0316134
0.0315224
0.0314141
0.031279
0.0311423
0.0309982
0.0305126
0.030517
0.0305546
0.0306116
0.0306891
0.0307581
0.0308559
0.0308834
0.035981
0.0359391
0.0358638
0.0357643
0.0356425
0.0355297
0.0353579
0.035303
0.0354796
0.0354742
0.0355165
0.0355968
0.0356716
0.0358314
0.0358601
0.0361799
0.0407281
0.0406259
0.0405045
0.0403732
0.0402013
0.0401145
0.039859
0.0400715
0.0427275
0.0426061
0.042526
0.0424874
0.0424497
0.042493
0.0424017
0.0426236
0.0482712
0.0481286
0.0479692
0.047795
0.0475546
0.0473597
0.0469978
0.0470137
0.0518513
0.0515132
0.0512033
0.0509274
0.0506518
0.0504614
0.0501636
0.0501515
0.0586824
0.0583112
0.0579332
0.0575437
0.0570973
0.0566999
0.0561519
0.0558553
0.0645872
0.0639696
0.06335
0.062706
0.0620767
0.0614468
0.0608074
0.0602807
0.0732129
0.0724997
0.07178
0.071025
0.0701976
0.0692889
0.0681456
0.0671577
0.082051
0.0810127
0.0798866
0.0786233
0.077236
0.0758419
0.0742691
0.073011
0.0936145
0.0924363
0.0911468
0.0897163
0.0878442
0.0861226
0.0835013
0.0817386
0.106246
0.104634
0.102632
0.100334
0.0974284
0.0946636
0.0909358
0.0879782
0.121896
0.120097
0.117658
0.114826
0.110903
0.107138
0.101441
0.0968527
0.139453
0.136996
0.133459
0.128984
0.123065
0.11655
0.108461
0.0998659
0.160607
0.157719
0.153262
0.147201
0.13919
0.12978
0.118207
0.104962
0.184484
0.180601
0.174085
0.164724
0.152504
0.137466
0.120096
0.0994393
0.0261383
0.0261188
0.0260789
0.0260212
0.0259388
0.0258292
0.0256883
0.0255107
0.0252916
0.0250272
0.0247133
0.024346
0.0239237
0.0234348
0.0228977
0.0222641
0.0216048
0.0208917
0.0201972
0.0196062
0.0194163
0.0191307
0.0190938
0.0261399
0.0260099
0.0258694
0.0257129
0.0255393
0.0253473
0.0251335
0.0248945
0.0246269
0.0243246
0.0239826
0.0235927
0.0231546
0.0226641
0.0221182
0.0215957
0.0210379
0.0206152
0.0202187
0.0199421
0.0193817
0.0189999
0.0188141
0.0263401
0.0263126
0.0262876
0.0262368
0.0261616
0.0260452
0.025878
0.0256542
0.0253689
0.0250188
0.0246071
0.0241423
0.0236304
0.0231141
0.0225676
0.0221287
0.0216892
0.0213401
0.0210496
0.0207855
0.0199378
0.019539
0.0189211
0.0278131
0.027675
0.0274778
0.0272505
0.0269886
0.0266983
0.0263836
0.0260458
0.0256808
0.0252832
0.0248452
0.0243638
0.0238319
0.0232595
0.0226599
0.0219829
0.0213129
0.0205614
0.0199038
0.0196077
0.0194077
0.0191656
0.0189424
0.0286886
0.028678
0.0286062
0.0285045
0.0283439
0.0281159
0.0278055
0.0274015
0.0268968
0.0262987
0.0256145
0.0248571
0.0240383
0.0231554
0.0222345
0.0212202
0.0202169
0.0192447
0.0185256
0.0180835
0.0179918
0.0177878
0.0180273
0.0308714
0.0304026
0.0300099
0.0295666
0.0290863
0.0285835
0.02806
0.0274985
0.0268901
0.0262153
0.0254586
0.024603
0.0236701
0.0226506
0.0216197
0.0205822
0.0196594
0.0188755
0.0184212
0.0181218
0.0175746
0.0171929
0.0171593
0.0311784
0.0308995
0.0307953
0.0305512
0.0302356
0.0297636
0.0291366
0.0283498
0.0274291
0.0264055
0.0253067
0.0241639
0.0229963
0.0218632
0.0207806
0.0198174
0.0190548
0.0183698
0.0179536
0.0179294
0.0175978
0.017261
0.0168287
0.0349136
0.0343008
0.0337292
0.0331203
0.0324626
0.0317494
0.0309729
0.0300926
0.0290887
0.0279514
0.0266982
0.0253676
0.0239899
0.022646
0.0213393
0.0201559
0.0190708
0.0181198
0.0172473
0.0168371
0.0169381
0.0167333
0.0164722
0.0357846
0.0355852
0.0352692
0.0347956
0.0340822
0.0331691
0.0320483
0.0307662
0.029359
0.0278568
0.026276
0.0246645
0.0230361
0.0214621
0.0199889
0.0185595
0.0174101
0.0163042
0.0155771
0.0156108
0.0159189
0.0156004
0.0157297
0.0392419
0.0384737
0.0375122
0.0364069
0.0351929
0.0338915
0.0324173
0.030741
0.0289075
0.0269741
0.0249946
0.0230317
0.0211404
0.0193649
0.0177978
0.0163827
0.0153254
0.0145007
0.0143067
0.0148758
0.0151164
0.0146891
0.014909
0.0421046
0.0415746
0.0406872
0.0394024
0.0378881
0.0361885
0.0342312
0.0321076
0.0298624
0.0275368
0.02519
0.0229038
0.02077
0.0188248
0.0172003
0.0158562
0.0149357
0.0143396
0.0143958
0.0148481
0.0147441
0.014332
0.0142751
0.0460602
0.0447873
0.0430334
0.0410411
0.0390143
0.0367616
0.034232
0.031577
0.0288734
0.026189
0.0235984
0.0211695
0.0189962
0.0171095
0.0155938
0.0144523
0.0137938
0.0134001
0.0137451
0.0145723
0.014484
0.0140791
0.0138088
0.0494269
0.0479303
0.0456898
0.0431058
0.0403781
0.0373116
0.0340371
0.0306997
0.0273788
0.0241855
0.0212326
0.0185982
0.0163554
0.0145116
0.0131037
0.0121327
0.0116935
0.0115318
0.0121406
0.0135099
0.0137855
0.01351
0.0132818
0.0547211
0.0521521
0.0487582
0.0453652
0.0418553
0.0379913
0.0340283
0.0301043
0.0263205
0.0227925
0.0196274
0.0168815
0.0146116
0.0128057
0.0114706
0.0105974
0.0102359
0.0102852
0.0109358
0.0123455
0.0127686
0.0126459
0.0125774
0.0592404
0.0557037
0.0514767
0.0472312
0.0426353
0.037805
0.0330625
0.028533
0.0243459
0.020597
0.0173563
0.0146386
0.0124681
0.0108005
0.00963672
0.00892048
0.00871579
0.00897793
0.0097657
0.0114256
0.0118587
0.0117382
0.0118092
0.064986
0.0595066
0.0537369
0.0481149
0.0421968
0.0363034
0.0307109
0.0255537
0.020975
0.0170423
0.0137854
0.0111737
0.00919299
0.00775475
0.00685578
0.00637645
0.00644382
0.00693122
0.00801947
0.0104544
0.0110792
0.0109374
0.0110957
0.0704178
0.0633672
0.0563132
0.049204
0.0418857
0.0349017
0.02849
0.022792
0.0179056
0.0138438
0.0105988
0.00811221
0.00633125
0.00512626
0.00448004
0.00422162
0.00450979
0.00517545
0.0063789
0.00934004
0.0102315
0.0102398
0.0104454
0.0765799
0.0668869
0.057822
0.0490129
0.0404618
0.0326598
0.0257686
0.0198843
0.0150089
0.0110853
0.00806006
0.00584204
0.00434918
0.00343187
0.00305266
0.00300247
0.00345542
0.00423847
0.00535291
0.00829564
0.00934299
0.00958638
0.00982185
0.0812432
0.0694269
0.0582566
0.0475547
0.0376445
0.0290699
0.0218294
0.0159379
0.0112587
0.0076556
0.00501217
0.00320506
0.00211388
0.0015728
0.00152756
0.00173336
0.00239991
0.00329046
0.00442725
0.00738827
0.00855667
0.0089538
0.00923005
0.0852797
0.0696565
0.0561314
0.0438455
0.0330879
0.0240499
0.0166567
0.0108862
0.00648652
0.00326217
0.00106246
-0.000262176
-0.000893782
-0.0010045
-0.000673965
-0.000152622
0.000777955
0.00183637
0.00321198
0.00648097
0.00785151
0.00834402
0.00868195
0.0856976
0.0677982
0.0523446
0.0388511
0.0276404
0.0184966
0.0112231
0.00574015
0.00171574
-0.00108562
-0.00281286
-0.00364843
-0.0038201
-0.00350238
-0.00281623
-0.00197104
-0.000807969
0.000458928
0.00208922
0.00554459
0.00713392
0.00777746
0.00817404
0.0830979
0.0616516
0.0457811
0.0322346
0.0212465
0.0124857
0.00571448
0.000713177
-0.0027952
-0.00504884
-0.00620917
-0.00648574
-0.00616493
-0.00539712
-0.00435524
-0.00318591
-0.00180993
-0.000347894
0.00144761
0.00468753
0.00638989
0.00726406
0.00769139
0.0720412
0.0525973
0.037425
0.0243251
0.0139547
0.00583357
-0.000237187
-0.00477399
-0.00780011
-0.00943571
-0.00993879
-0.00956932
-0.00867857
-0.00740354
-0.00593366
-0.00440203
-0.00274322
-0.00108399
0.000930019
0.00392022
0.00569117
0.0067993
0.00724245
0.0585354
0.0433866
0.0297066
0.0172745
0.0076206
-6.5628e-05
-0.00559331
-0.00983574
-0.0126172
-0.0137705
-0.0137188
-0.0127836
-0.0113649
-0.00963382
-0.00773771
-0.00589479
-0.00391975
-0.00209881
0.000136417
0.00323704
0.00518364
0.00642507
0.0069066
0.038847
0.0243943
0.0144765
0.0047666
-0.00247073
-0.00839292
-0.0123781
-0.0153465
-0.0170836
-0.0173353
-0.0165537
-0.0150476
-0.0131673
-0.0110996
-0.00890923
-0.00690057
-0.00472337
-0.00283275
-0.000524968
0.00278689
0.00492051
0.00614549
0.00667778
0.0149964
0.000234006
-0.00640571
-0.0130802
-0.0170366
-0.020052
-0.0214315
-0.0218987
-0.021384
-0.0200881
-0.0182836
-0.0161314
-0.0138452
-0.0115351
-0.00920513
-0.00715067
-0.00493102
-0.00303727
-0.000849518
0.0025695
0.0047967
0.00590103
0.00647976
-0.00766329
-0.0204247
-0.0250307
-0.029407
-0.0307088
-0.0310448
-0.0298758
-0.0278484
-0.0251869
-0.0223946
-0.0195889
-0.0167884
-0.0141176
-0.0115515
-0.00911492
-0.00697666
-0.00477838
-0.00283611
-0.000841638
0.00251563
0.00469672
0.0056804
0.00628397
-0.0301493
-0.0384675
-0.0395747
-0.0415919
-0.0405302
-0.0388487
-0.0359007
-0.0323323
-0.0283674
-0.0245488
-0.0209662
-0.0175989
-0.014555
-0.0116987
-0.00912218
-0.0068127
-0.00461438
-0.00254738
-0.000692963
0.00253881
0.00457586
0.00547499
0.00607893
-0.052732
-0.0557642
-0.0523231
-0.0512372
-0.0476912
-0.0442662
-0.0400196
-0.0355763
-0.0309516
-0.0265434
-0.0224404
-0.0186448
-0.015275
-0.0121469
-0.00941489
-0.00690227
-0.0046717
-0.00243796
-0.00063482
0.00254411
0.00442832
0.00527743
0.00586594
-0.074415
-0.0721688
-0.0647471
-0.0602451
-0.0542165
-0.0490151
-0.0434842
-0.0382349
-0.033097
-0.0282801
-0.0238171
-0.0197177
-0.0160944
-0.0127571
-0.00989424
-0.00720798
-0.00494047
-0.00255058
-0.000744957
0.00247377
0.00425074
0.00508083
0.00564996
-0.0941061
-0.0870187
-0.0767872
-0.0689655
-0.0607231
-0.053657
-0.046811
-0.040649
-0.0349229
-0.0297
-0.0249314
-0.0205987
-0.0167835
-0.0133006
-0.0103462
-0.007532
-0.00524311
-0.00273762
-0.000919398
0.00233135
0.0040397
0.00488169
0.00543382
)
;

boundaryField
{
    outlet
    {
        type            fixedValue;
        value           uniform 0;
    }
    upperWall
    {
        type            symmetryPlane;
    }
    lowerWall
    {
        type            symmetryPlane;
    }
    inlet
    {
        type            zeroGradient;
    }
    cylinder
    {
        type            zeroGradient;
    }
    frontAndBack
    {
        type            empty;
    }
}


// ************************************************************************* //
