/*--------------------------------*- C++ -*----------------------------------*\
| =========                 |                                                 |
| \\      /  F ield         | OpenFOAM: The Open Source CFD Toolbox           |
|  \\    /   O peration     | Version:  2312                                  |
|   \\  /    A nd           | Website:  www.openfoam.com                      |
|    \\/     M anipulation  |                                                 |
\*---------------------------------------------------------------------------*/
FoamFile
{
    version     2.0;
    format      ascii;
    arch        "LSB;label=32;scalar=64";
    class       volScalarField;
    location    "151.85";
    object      p;
}
// * * * * * * * * * * * * * * * * * * * * * * * * * * * * * * * * * * * * * //

dimensions      [0 2 -2 0 0 0 0];

internalField   nonuniform List<scalar> 
5478
(
-0.579667
-0.576924
-0.57602
-0.576889
-0.577721
-0.574213
-0.561603
-0.536973
-0.500386
-0.454721
-0.404228
-0.352511
-0.30244
-0.254307
-0.208627
-0.587141
-0.582608
-0.578897
-0.575354
-0.569536
-0.557422
-0.536269
-0.505591
-0.467148
-0.424037
-0.379216
-0.334866
-0.292382
-0.251813
-0.214488
-0.597711
-0.591505
-0.584619
-0.575635
-0.561432
-0.539966
-0.511173
-0.476493
-0.438139
-0.39825
-0.358409
-0.319744
-0.282778
-0.247919
-0.215231
-0.61291
-0.604165
-0.593247
-0.576959
-0.55301
-0.522587
-0.487954
-0.451093
-0.413499
-0.37622
-0.339989
-0.305268
-0.272403
-0.24158
-0.21298
-0.633156
-0.619863
-0.603678
-0.577966
-0.543787
-0.505753
-0.466925
-0.428713
-0.391724
-0.356277
-0.322546
-0.290683
-0.260685
-0.232754
-0.206561
-0.657206
-0.63764
-0.613376
-0.576456
-0.532678
-0.488512
-0.446527
-0.407256
-0.370614
-0.336424
-0.304565
-0.274894
-0.247324
-0.221753
-0.1976
-0.68044
-0.655111
-0.618709
-0.569621
-0.517579
-0.468657
-0.424293
-0.384252
-0.347921
-0.314812
-0.284523
-0.256764
-0.231282
-0.207903
-0.185968
-0.696778
-0.666611
-0.615692
-0.55488
-0.496138
-0.443664
-0.397735
-0.357382
-0.321603
-0.289648
-0.260947
-0.235059
-0.211718
-0.190641
-0.171308
-0.442369
-0.445458
-0.447717
-0.45196
-0.458651
-0.467605
-0.478462
-0.490648
-0.503537
-0.516727
-0.530081
-0.54347
-0.55643
-0.567105
-0.572993
-0.457788
-0.462695
-0.46702
-0.473514
-0.482306
-0.492524
-0.502795
-0.511268
-0.516037
-0.515788
-0.510101
-0.499243
-0.484264
-0.466695
-0.444791
-0.47847
-0.484338
-0.490644
-0.499629
-0.51094
-0.523118
-0.533731
-0.53954
-0.537177
-0.524228
-0.499745
-0.463976
-0.418518
-0.369372
-0.312827
-0.50223
-0.5086
-0.516407
-0.527375
-0.540842
-0.555017
-0.56631
-0.570128
-0.561695
-0.53765
-0.49747
-0.441995
-0.370681
-0.302216
-0.213478
-0.52597
-0.531626
-0.539989
-0.552074
-0.566807
-0.581599
-0.592263
-0.593275
-0.579299
-0.544632
-0.493042
-0.426714
-0.344003
-0.266707
-0.177741
-0.546355
-0.550673
-0.558101
-0.569501
-0.583542
-0.59655
-0.604217
-0.600447
-0.579936
-0.53947
-0.481557
-0.411355
-0.332117
-0.256272
-0.182063
-0.56191
-0.563738
-0.569207
-0.57814
-0.588645
-0.597761
-0.600229
-0.590163
-0.563424
-0.518947
-0.460792
-0.394128
-0.325238
-0.25919
-0.197795
-0.572327
-0.571709
-0.574069
-0.578809
-0.584987
-0.58857
-0.584136
-0.566859
-0.534437
-0.488267
-0.432932
-0.373353
-0.314642
-0.259164
-0.208246
-0.567348
-0.501411
-0.359736
-0.268521
-0.234146
-0.246967
-0.275006
-0.253584
-0.19975
-0.15158
-0.137115
-0.116656
-0.103248
-0.116937
-0.144949
-0.145175
-0.124092
-0.107591
-0.122288
-0.138917
-0.136621
-0.122326
-0.138352
-0.134823
-0.139602
-0.182676
-0.205309
-0.137699
-0.0906729
-0.0694592
-0.0454727
-0.0271675
-0.0116744
-0.00855877
-0.00704647
-0.0045677
-0.00226894
-0.000714844
-0.420216
-0.373074
-0.285045
-0.250512
-0.241094
-0.272331
-0.318409
-0.285021
-0.216429
-0.155046
-0.13598
-0.118581
-0.0998938
-0.114697
-0.142373
-0.141963
-0.121217
-0.100124
-0.110702
-0.129501
-0.128463
-0.128695
-0.151484
-0.143483
-0.142455
-0.16202
-0.170713
-0.139672
-0.102857
-0.0706121
-0.0416274
-0.0264368
-0.0125904
-0.0088104
-0.00687867
-0.0044935
-0.00228202
-0.000718965
-0.268291
-0.222352
-0.186028
-0.203297
-0.222159
-0.281564
-0.339699
-0.300742
-0.224333
-0.155435
-0.133159
-0.122379
-0.099896
-0.114137
-0.140231
-0.13858
-0.11757
-0.0924393
-0.0980194
-0.119326
-0.118997
-0.132878
-0.160743
-0.150053
-0.14265
-0.141416
-0.135515
-0.136894
-0.112275
-0.0705059
-0.0372104
-0.0253642
-0.013458
-0.00902615
-0.00668392
-0.00441401
-0.00228624
-0.000722424
-0.147033
-0.0819929
-0.0533401
-0.110794
-0.174436
-0.274355
-0.337881
-0.301118
-0.222995
-0.154592
-0.130056
-0.123775
-0.101604
-0.116578
-0.140464
-0.13624
-0.113778
-0.0851983
-0.0852304
-0.108993
-0.108516
-0.134105
-0.165534
-0.154762
-0.140649
-0.122553
-0.102546
-0.130073
-0.118536
-0.0695758
-0.0325389
-0.0240355
-0.0142125
-0.00919865
-0.00647709
-0.0043163
-0.00228754
-0.000724798
-0.0840311
0.0039417
0.0791468
0.00496806
-0.103827
-0.240677
-0.315787
-0.282195
-0.211647
-0.151772
-0.125373
-0.119044
-0.104099
-0.122056
-0.144624
-0.133745
-0.109362
-0.0787252
-0.0739313
-0.0990978
-0.0976777
-0.132181
-0.166053
-0.1572
-0.137361
-0.10638
-0.0739925
-0.1204
-0.118856
-0.0678265
-0.0278762
-0.0225053
-0.0147823
-0.00931678
-0.00626821
-0.00421505
-0.00228548
-0.000725803
-0.0941373
0.0119268
0.128472
0.0930377
-0.0369778
-0.188712
-0.271783
-0.248879
-0.191555
-0.145888
-0.118329
-0.109169
-0.10544
-0.126948
-0.150465
-0.134413
-0.106613
-0.073959
-0.0645054
-0.0896687
-0.0862088
-0.126528
-0.162876
-0.158017
-0.134039
-0.0947948
-0.0519501
-0.108612
-0.115347
-0.0656543
-0.0235594
-0.020855
-0.015144
-0.00938801
-0.0060705
-0.00411899
-0.00228016
-0.000725406
-0.121225
-0.0388375
0.0836897
0.120737
0.0317526
-0.122654
-0.219233
-0.216317
-0.174668
-0.140091
-0.112099
-0.0996593
-0.100153
-0.130865
-0.154367
-0.132577
-0.102292
-0.0700288
-0.0576535
-0.0816262
-0.07411
-0.11629
-0.156876
-0.155567
-0.129622
-0.0854509
-0.0353237
-0.0944224
-0.109792
-0.0625185
-0.0198711
-0.0191569
-0.0152788
-0.00939301
-0.00588411
-0.00402013
-0.00226756
-0.000723072
-0.151062
-0.0880368
0.00386534
0.0861228
0.058728
-0.0442436
-0.120704
-0.154102
-0.141651
-0.122016
-0.104388
-0.0907461
-0.0869124
-0.129272
-0.169708
-0.136338
-0.102054
-0.0690871
-0.051948
-0.0731651
-0.0633018
-0.10316
-0.148054
-0.153405
-0.12575
-0.0817139
-0.0105187
-0.0786333
-0.102964
-0.0596858
-0.0166033
-0.0173121
-0.0151485
-0.0093897
-0.00573406
-0.00393425
-0.00225457
-0.000720362
-0.140891
-0.0938126
-0.0154075
0.0510123
0.0526087
-0.019045
-0.0820098
-0.11185
-0.110385
-0.0947947
-0.0851249
-0.0766647
-0.0759684
-0.115831
-0.147297
-0.126081
-0.0938977
-0.0678902
-0.0527631
-0.069455
-0.0549884
-0.0910298
-0.134987
-0.142171
-0.114343
-0.0776256
-0.016347
-0.0640039
-0.0926026
-0.0546693
-0.0142978
-0.0154047
-0.0146454
-0.00916058
-0.00552199
-0.00380105
-0.00221042
-0.000708081
-0.123522
-0.0865069
-0.033545
0.00965567
0.0194312
-0.0144561
-0.0530383
-0.0733918
-0.0735967
-0.0662516
-0.0629631
-0.0557439
-0.0566345
-0.10194
-0.149589
-0.115755
-0.0787917
-0.0569054
-0.0490157
-0.0581035
-0.0383632
-0.0679572
-0.117903
-0.126512
-0.0967144
-0.0545469
0.0357823
-0.0452404
-0.0825129
-0.0476238
-0.0103194
-0.0131133
-0.0137459
-0.00872778
-0.00518884
-0.00360832
-0.0021388
-0.000685711
-0.104777
-0.0831034
-0.0500444
-0.0185926
-0.00428921
-0.0153519
-0.0357481
-0.0485294
-0.0534807
-0.0482926
-0.0460832
-0.0387418
-0.0287176
-0.0531178
-0.0674247
-0.0796656
-0.0564779
-0.0439739
-0.0443771
-0.0469766
-0.0267323
-0.0422956
-0.0857573
-0.0981129
-0.0694293
-0.0269381
0.0102819
-0.0265621
-0.0645131
-0.037256
-0.00712882
-0.0110984
-0.0124258
-0.00810194
-0.00485298
-0.00341881
-0.00205569
-0.000658003
-0.0849998
-0.0743479
-0.05285
-0.0316152
-0.0187991
-0.0183474
-0.0268377
-0.0328541
-0.0336893
-0.0284485
-0.0229459
-0.0160521
-0.00458798
-0.00997479
-0.0151082
-0.034557
-0.0352947
-0.0327479
-0.034009
-0.0309389
-0.0122921
-0.0132788
-0.049452
-0.0669621
-0.0433982
-0.00114592
0.0301581
-0.00346164
-0.0448095
-0.0261934
-0.00573154
-0.00925197
-0.0107825
-0.00736405
-0.0045267
-0.0032235
-0.00195924
-0.000622841
-0.069225
-0.0643968
-0.051271
-0.0369096
-0.0261581
-0.0211813
-0.0221002
-0.0228654
-0.0233037
-0.0187229
-0.0132673
-0.0043853
0.0125712
0.0263894
0.0286169
0.00274654
-0.0160713
-0.0192793
-0.0210814
-0.0160436
-0.00284612
0.0125367
-0.00939954
-0.0353177
-0.0229774
0.0171665
0.030767
0.0186485
-0.0185372
-0.013524
-0.00526761
-0.00735098
-0.00872374
-0.00650239
-0.00417076
-0.00301597
-0.00185135
-0.000577819
-0.0552886
-0.0536377
-0.0461273
-0.0364985
-0.0276699
-0.0213772
-0.0190975
-0.0167209
-0.0141347
-0.00830658
-0.00051944
0.00766089
0.0211289
0.0363625
0.039499
0.0208833
-0.000204084
-0.0063004
-0.00620941
-0.000291923
0.00693161
0.0222955
0.0100004
-0.0172903
-0.0137678
0.0224138
0.032191
0.0349211
0.00385055
-0.00146289
-0.00435081
-0.00503856
-0.00662671
-0.00561856
-0.00376715
-0.00278785
-0.00173656
-0.000526956
-0.0429924
-0.0433304
-0.039227
-0.0326845
-0.0258646
-0.0198947
-0.0158948
-0.0119423
-0.00865537
-0.00356402
0.00245734
0.0100125
0.0215854
0.0341291
0.0371608
0.0254115
0.0104757
0.00434309
0.00321514
0.00705981
0.0110267
0.0251513
0.0199811
-0.00362875
-0.0055506
0.0200514
0.0296195
0.041127
0.0170447
0.00612964
-0.00285894
-0.00288995
-0.00492894
-0.00479521
-0.00328147
-0.00252107
-0.00160262
-0.000470034
-0.0328852
-0.0340118
-0.0317984
-0.0274506
-0.0223439
-0.0172241
-0.0130886
-0.00895047
-0.00533516
-0.000405236
0.00548707
0.0123231
0.0203585
0.0279677
0.031085
0.0239932
0.0147657
0.00990226
0.00929668
0.0129293
0.0147969
0.0216702
0.0180556
0.00573083
0.00243739
0.0173592
0.0272071
0.0364104
0.019059
0.00821277
-0.000390672
-0.00120942
-0.00377026
-0.00395434
-0.00271372
-0.00220615
-0.00143584
-0.000412247
-0.0244157
-0.0257791
-0.0247098
-0.0218228
-0.0180317
-0.0139185
-0.0101745
-0.00631606
-0.00277596
0.00147607
0.00596359
0.0110531
0.0167489
0.0217199
0.0246778
0.0211258
0.0159954
0.0128979
0.0117647
0.0133949
0.0149204
0.0184966
0.0173753
0.0111755
0.00809549
0.0154694
0.0235163
0.0301402
0.0196505
0.00929689
0.00201412
7.98871e-05
-0.00260904
-0.00298114
-0.00210584
-0.00182102
-0.00120638
-0.000345462
-0.0174033
-0.0187642
-0.0182758
-0.0163189
-0.0135497
-0.0104256
-0.0073513
-0.00412949
-0.0011037
0.0022912
0.00586654
0.00985154
0.013977
0.0171871
0.0194691
0.018185
0.0156214
0.0137476
0.0133997
0.014539
0.0153345
0.016628
0.0157267
0.0130849
0.0114375
0.0153865
0.0204835
0.0234771
0.0182002
0.00993319
0.00393255
0.00116509
-0.00144863
-0.00198101
-0.00151305
-0.00140506
-0.000954015
-0.000279484
-0.0116694
-0.0128128
-0.0126153
-0.0113386
-0.0094004
-0.00710795
-0.00469538
-0.00215894
0.000304934
0.00295464
0.00572723
0.00864592
0.0115914
0.013851
0.0155727
0.0156189
0.0146733
0.01375
0.0135163
0.0138205
0.0143692
0.0150555
0.0148008
0.0137793
0.0129173
0.0144956
0.0175019
0.0192708
0.0165008
0.0103281
0.00524192
0.00221936
-0.000277943
-0.00101734
-0.000915423
-0.000948728
-0.000675648
-0.000201571
-0.00689519
-0.00786234
-0.00785303
-0.00703957
-0.00567699
-0.00403155
-0.00222339
-0.000326189
0.00157473
0.00354669
0.00560866
0.0077549
0.00987876
0.0116443
0.0129946
0.0135672
0.0134794
0.013159
0.0132829
0.0135636
0.0138911
0.014287
0.0140561
0.0136823
0.0133309
0.0142856
0.0156705
0.0160673
0.0145079
0.0102846
0.00617134
0.00319552
0.000781881
-0.000166626
-0.000346541
-0.000507121
-0.000405418
-0.000124181
-0.00304795
-0.00383813
-0.00390012
-0.00337844
-0.00245211
-0.00131597
-1.80053e-05
0.00135202
0.00275582
0.00419182
0.00568811
0.00725629
0.00879304
0.0101574
0.0112385
0.0119589
0.0123438
0.0124325
0.0126595
0.0129094
0.0131067
0.0133176
0.0132751
0.0131693
0.0129537
0.0133321
0.0138511
0.0137284
0.012674
0.00988119
0.00666344
0.00397794
0.00170703
0.000583709
0.000180357
-9.07476e-05
-0.000142976
-4.52049e-05
5.9267e-05
-0.000550862
-0.000651295
-0.000345723
0.000251459
0.00101587
0.00192127
0.00289438
0.00389628
0.00490596
0.00595772
0.00708911
0.0082053
0.00923927
0.0101081
0.0108083
0.0113441
0.0116315
0.0119228
0.0122104
0.0124034
0.0125588
0.0125538
0.0125295
0.0123821
0.0125061
0.0126308
0.0121484
0.0111998
0.00932899
0.00692128
0.00461774
0.00254529
0.00127803
0.000675589
0.000295381
0.000108773
3.98226e-05
0.00258785
0.00211057
0.00198672
0.00215043
0.00251961
0.003011
0.00361298
0.00427637
0.00496097
0.00565254
0.00637526
0.00716586
0.00796859
0.00873078
0.00941376
0.010017
0.0105409
0.0109047
0.0112118
0.0114941
0.0116733
0.0117952
0.0118062
0.0117974
0.0116563
0.0115435
0.0114108
0.0108752
0.010033
0.00867928
0.00687993
0.00500176
0.00320164
0.00188693
0.00111143
0.000616895
0.000312714
0.000108302
0.00460433
0.0042384
0.00411179
0.00418079
0.00438663
0.00468122
0.00505879
0.00549059
0.0059428
0.00639849
0.0068765
0.00741128
0.0079719
0.00851752
0.00902479
0.00949492
0.00993922
0.0102852
0.0105614
0.0108131
0.0109829
0.0110815
0.0110891
0.0110539
0.010904
0.0107142
0.0104695
0.00993192
0.00917339
0.00810377
0.00673722
0.00523397
0.00370365
0.00242903
0.00153094
0.000918608
0.000499859
0.000176297
0.00620756
0.00593007
0.00580543
0.00580891
0.00590127
0.00605876
0.0062764
0.00653806
0.00681419
0.00709324
0.00739189
0.00773509
0.00810874
0.00847486
0.00882937
0.0091739
0.00951249
0.00979444
0.0100174
0.0102192
0.0103539
0.0104212
0.0104147
0.0103549
0.010198
0.00995702
0.00964196
0.00914143
0.0084707
0.00759099
0.00650586
0.00528993
0.00401248
0.00284834
0.00190368
0.00118716
0.000652543
0.000223154
0.00746532
0.00725298
0.00713383
0.00709556
0.00711221
0.00717468
0.00727835
0.0074166
0.00756508
0.00771809
0.00788669
0.0080895
0.00831949
0.00854816
0.00877577
0.00900326
0.00923612
0.00943185
0.00958782
0.00972326
0.00981172
0.00984356
0.0098117
0.00972571
0.00955425
0.00930354
0.0089748
0.00850716
0.00790883
0.00716234
0.00627193
0.00526839
0.00419583
0.00315363
0.00221768
0.00143275
0.000798353
0.000268408
0.00843617
0.00827142
0.00815871
0.00809412
0.00806051
0.00805894
0.00808348
0.00813526
0.00819245
0.008256
0.00832967
0.00842929
0.00854943
0.00867112
0.00879759
0.00892459
0.00906015
0.00917183
0.00926122
0.009331
0.00936858
0.00935912
0.00929629
0.00918715
0.00900367
0.00875129
0.00842058
0.00798739
0.00745293
0.00680167
0.00604496
0.00519121
0.0042701
0.00334266
0.00244862
0.00163886
0.000931063
0.00030716
0.00916479
0.00903215
0.0089254
0.00884476
0.00878017
0.00873633
0.00870815
0.00869943
0.00869371
0.00869453
0.00870186
0.00872752
0.00876682
0.00880834
0.00885599
0.00890392
0.0089606
0.00899947
0.00902661
0.00903666
0.00902278
0.00897339
0.00888017
0.00874815
0.00855246
0.00829963
0.00797798
0.00757293
0.00708697
0.00650569
0.00584219
0.00509851
0.00428702
0.00345223
0.00260943
0.00179781
0.00104362
0.000343073
0.00968835
0.00957618
0.00947458
0.00938435
0.00930196
0.00923072
0.00916932
0.00911936
0.00907272
0.00903067
0.00899363
0.00896782
0.00895014
0.00893526
0.00892366
0.008914
0.00890785
0.00889198
0.00886643
0.00882751
0.00877031
0.00868437
0.00856559
0.00841034
0.00820611
0.00795098
0.0076363
0.0072553
0.00680251
0.00627529
0.00567461
0.00500436
0.00427206
0.00350125
0.00270527
0.00190684
0.00112724
0.000371738
0.0100304
0.00993037
0.0098322
0.00973732
0.00964537
0.00955888
0.00947757
0.00940265
0.00933049
0.00926213
0.0091972
0.00913863
0.00908445
0.00903264
0.00898257
0.00893342
0.00888492
0.0088301
0.00876742
0.0086931
0.00860348
0.00849094
0.00835066
0.00817913
0.00796588
0.00770862
0.00739915
0.00703281
0.00660374
0.00610975
0.00554984
0.00492764
0.00424647
0.00351833
0.00275665
0.00197249
0.00118123
0.000391967
0.0102006
0.0101064
0.0100104
0.00991411
0.00981861
0.00972561
0.00963529
0.0095485
0.00946415
0.00938304
0.00930453
0.00922967
0.00915715
0.00908677
0.00901705
0.0089474
0.00887625
0.00880078
0.00871812
0.00862463
0.0085173
0.00838982
0.0082377
0.0080564
0.00783801
0.00757918
0.00727182
0.00691349
0.00649603
0.00601944
0.00548112
0.00488218
0.00422779
0.00352132
0.00277711
0.00200302
0.00120724
0.000401957
-0.146778
-0.156421
-0.164523
-0.170111
-0.173161
-0.169543
-0.163502
-0.151433
-0.119368
-0.12448
-0.128147
-0.130261
-0.130127
-0.129249
-0.12735
-0.129262
-0.0948939
-0.0976833
-0.0988901
-0.100682
-0.101533
-0.104375
-0.104694
-0.107692
-0.0758271
-0.0772742
-0.0779311
-0.0799377
-0.0809471
-0.0830787
-0.0825222
-0.0841069
-0.0598139
-0.0608405
-0.0613188
-0.0625453
-0.0626749
-0.0632208
-0.0628769
-0.0656085
-0.0469938
-0.047408
-0.0474057
-0.0476959
-0.0475528
-0.0482157
-0.049197
-0.0520326
-0.0362393
-0.0362739
-0.0360897
-0.0362039
-0.0363795
-0.0371432
-0.0380157
-0.0400431
-0.0274787
-0.0273281
-0.0271033
-0.0270995
-0.0272104
-0.0276733
-0.0283573
-0.030111
-0.0202076
-0.0199739
-0.0197033
-0.0196079
-0.0196773
-0.0200121
-0.0206138
-0.0220655
-0.0141984
-0.0139585
-0.0137044
-0.0135745
-0.0135736
-0.0137622
-0.0142458
-0.0154413
-0.00919983
-0.00898385
-0.00874089
-0.008569
-0.00853009
-0.00869369
-0.00914133
-0.010116
-0.00501932
-0.00485149
-0.00466372
-0.00453614
-0.0045284
-0.00466164
-0.00498393
-0.00570248
-0.00157086
-0.00147159
-0.00135307
-0.00125947
-0.00122978
-0.00129544
-0.00153067
-0.00210102
0.00129151
0.0013332
0.00139986
0.00146005
0.00147487
0.00140739
0.00120772
0.000769181
0.00362841
0.0036191
0.00363177
0.00364564
0.00363561
0.00357631
0.00343007
0.0031129
0.00551123
0.00546558
0.00544005
0.00542325
0.00539863
0.00534426
0.00522909
0.00499343
0.00701521
0.00694675
0.0068951
0.00685401
0.00681266
0.00675543
0.00666096
0.00648901
0.0081967
0.00811515
0.00804726
0.00798988
0.00793663
0.0078772
0.00779714
0.0076699
0.00911057
0.00902272
0.00894604
0.00887876
0.00881746
0.00875553
0.00868409
0.00858668
0.00979698
0.00970716
0.00962665
0.0095545
0.00948878
0.00942538
0.00935899
0.00928021
0.0102875
0.0101996
0.010119
0.0100456
0.00997798
0.00991394
0.00985033
0.00978238
0.0106014
0.0105187
0.0104411
0.0103689
0.0103013
0.0102371
0.0101748
0.0101124
0.0107498
0.0106747
0.0106019
0.0105318
0.0104647
0.0104003
0.0103381
0.0102774
0.0225154
0.024442
0.0256116
0.0256742
0.0240914
0.0207373
0.0154466
0.00765832
-0.00361995
-0.0198124
-0.0429049
-0.0756999
-0.122725
-0.187237
-0.247287
-0.00359943
-0.00442199
-0.00757106
-0.0122862
-0.0184214
-0.026345
-0.0366526
-0.0501711
-0.0680242
-0.0917435
-0.12345
-0.165963
-0.223892
-0.300913
-0.367202
-0.0295343
-0.0333011
-0.040605
-0.0496216
-0.0599493
-0.072214
-0.0872795
-0.106108
-0.129913
-0.160327
-0.199636
-0.250743
-0.31732
-0.405473
-0.470633
-0.0563329
-0.0632713
-0.0739313
-0.0861818
-0.0999226
-0.116007
-0.135353
-0.158913
-0.187917
-0.224038
-0.269628
-0.328018
-0.401447
-0.493538
-0.555793
-0.0830621
-0.0932305
-0.106487
-0.121217
-0.137797
-0.157187
-0.180206
-0.207711
-0.240957
-0.28166
-0.331946
-0.395462
-0.473213
-0.563665
-0.621194
-0.108342
-0.121754
-0.137121
-0.153941
-0.173029
-0.195268
-0.221329
-0.251955
-0.288387
-0.332341
-0.385993
-0.45198
-0.530467
-0.615876
-0.666414
-0.131606
-0.147624
-0.16476
-0.183675
-0.205183
-0.229883
-0.258366
-0.291401
-0.330108
-0.375987
-0.430995
-0.496853
-0.57282
-0.649848
-0.692545
-0.153057
-0.170362
-0.189357
-0.210522
-0.234303
-0.261134
-0.291557
-0.326289
-0.366263
-0.412757
-0.467308
-0.5308
-0.600961
-0.666262
-0.701905
0.181916
0.19655
0.212965
0.231548
0.252348
0.275277
0.300255
0.327237
0.356144
0.386723
0.418388
0.449958
0.479424
0.502722
0.521871
0.176029
0.189566
0.205063
0.222867
0.24287
0.264872
0.28876
0.31449
0.341974
0.370927
0.400709
0.430068
0.456893
0.477144
0.493287
0.165949
0.177614
0.191556
0.208009
0.226583
0.246883
0.268723
0.29203
0.316669
0.34228
0.368121
0.392814
0.414049
0.427936
0.437992
0.151655
0.160879
0.172807
0.187382
0.203848
0.221621
0.240466
0.260281
0.28085
0.301674
0.321824
0.339716
0.352723
0.357057
0.358549
0.133277
0.139721
0.149434
0.161838
0.175676
0.190175
0.205096
0.22035
0.235664
0.250385
0.263356
0.272732
0.275502
0.267719
0.258466
0.111036
0.114334
0.121656
0.131648
0.142489
0.153263
0.163725
0.173752
0.182968
0.190555
0.19514
0.194621
0.185607
0.163935
0.141579
0.085604
0.0861462
0.091256
0.0983226
0.105359
0.111675
0.117134
0.121502
0.124161
0.124061
0.119595
0.108394
0.0867248
0.050371
0.0140565
0.055957
0.0552275
0.0591646
0.063222
0.0659887
0.0673405
0.0673355
0.0656086
0.0613119
0.0531609
0.0393257
0.0171596
-0.0174648
-0.0684893
-0.118023
0.0242975
0.0286791
0.0250195
0.028918
0.0264564
0.0307377
0.0289389
0.0333
0.0326274
0.0370537
0.0377613
0.0425328
0.0449556
0.0505084
0.0551352
0.0622605
0.0695938
0.0794357
0.09032
0.104129
0.119877
0.139277
0.161581
0.0242835
0.0286275
0.0250099
0.0288539
0.0264468
0.030656
0.0289033
0.0331912
0.0325797
0.0368999
0.0376539
0.0423606
0.044733
0.05021
0.0547998
0.0618278
0.068965
0.0785969
0.0890565
0.102544
0.117493
0.13622
0.157211
0.0242798
0.0285504
0.0250185
0.0287608
0.0264677
0.0305417
0.0289334
0.0330479
0.0325622
0.0367158
0.0375696
0.0421556
0.0445173
0.0498112
0.0543697
0.0610938
0.0680162
0.0774002
0.0871628
0.100119
0.113793
0.131348
0.149884
0.0242853
0.0284497
0.0250442
0.0286432
0.0265112
0.030397
0.0289633
0.032881
0.0325768
0.0365113
0.0375161
0.0419571
0.0443428
0.0495583
0.0540362
0.0606086
0.0671782
0.0763347
0.0851513
0.0973615
0.109125
0.124781
0.13952
0.0242989
0.0283295
0.025079
0.0285055
0.0265594
0.0302277
0.0290137
0.0326945
0.0326035
0.0362764
0.0374642
0.0416812
0.0440687
0.0490239
0.0534445
0.0596557
0.0658585
0.074378
0.0822032
0.0932867
0.102857
0.116051
0.125968
0.0243178
0.0281932
0.0251298
0.0283509
0.0266212
0.0300469
0.0290817
0.0325159
0.0326599
0.0360785
0.0374855
0.0415288
0.0440002
0.0488925
0.0531784
0.0592785
0.0649775
0.0730344
0.079548
0.0892247
0.0957595
0.105639
0.109386
0.0243452
0.0280427
0.0251817
0.0281874
0.0266956
0.0298565
0.0291413
0.0323098
0.03269
0.0358257
0.0374075
0.0411732
0.0436629
0.0483589
0.0523961
0.0578703
0.0632136
0.0700808
0.0756339
0.0832885
0.0872171
0.0929399
0.0901989
0.0243714
0.0278845
0.0252362
0.0280244
0.0267755
0.0296944
0.0292394
0.0321793
0.0327865
0.0357512
0.0375463
0.0412081
0.0437965
0.0485092
0.0522423
0.0577401
0.0624163
0.0686365
0.0723482
0.0777742
0.0774164
0.0782858
0.0672426
0.0243996
0.027671
0.0253117
0.0277837
0.0268575
0.0293873
0.0292654
0.0318619
0.0327536
0.0352942
0.0372752
0.0404787
0.0430181
0.0471405
0.0505925
0.0548192
0.058952
0.0625611
0.0651844
0.0662123
0.063114
0.0554896
0.0383262
0.0244434
0.0273735
0.0254106
0.0274481
0.0269278
0.0289519
0.0292524
0.0312059
0.0325056
0.0345023
0.0365736
0.0391432
0.0415801
0.0447746
0.0477131
0.050434
0.0533613
0.0545866
0.0552876
0.0526362
0.0476973
0.0374154
0.0237595
0.0245109
0.0270031
0.0255323
0.0270407
0.027025
0.0284328
0.0292139
0.0305791
0.0321836
0.0336848
0.0357698
0.0377266
0.0399709
0.0422541
0.0445065
0.0459996
0.0474924
0.0470552
0.0456626
0.0412817
0.0348127
0.0247434
0.0121583
0.0246027
0.0265503
0.02568
0.0265773
0.0270839
0.0279502
0.0290713
0.0299867
0.0316983
0.0328199
0.0347721
0.0361854
0.0381073
0.039524
0.0409575
0.0414673
0.0414637
0.0397918
0.0368258
0.0314978
0.0244078
0.0149681
0.00379198
0.0247226
0.0260086
0.0258058
0.0261644
0.02703
0.0275091
0.0288135
0.0293972
0.0310408
0.0319044
0.0335305
0.0345297
0.0359603
0.0366462
0.0371844
0.0368846
0.0356361
0.0330357
0.0291691
0.0235545
0.016596
0.00805114
-0.00172006
0.0248656
0.0254485
0.0258276
0.0258043
0.0268894
0.0270828
0.0284268
0.0287897
0.030218
0.0309141
0.0320953
0.0327311
0.0336167
0.0336314
0.0333766
0.0323835
0.0302885
0.0270949
0.0229136
0.0174549
0.0109935
0.00342284
-0.00516084
0.0249837
0.0249158
0.0257423
0.0254857
0.0266429
0.0266665
0.0278974
0.0281563
0.029261
0.0298101
0.0305144
0.030796
0.0311557
0.0305733
0.0296914
0.0281671
0.0255961
0.0221521
0.0179802
0.0129403
0.00715577
0.000570854
-0.0068757
0.0250546
0.0244287
0.0255548
0.0251934
0.0262817
0.0262454
0.0272426
0.0274531
0.0282033
0.0285811
0.0288389
0.0287642
0.0286598
0.0276063
0.0262656
0.0243901
0.0216491
0.0182191
0.0142557
0.00976568
0.00474713
-0.000834465
-0.00710456
0.0250514
0.0240087
0.0252536
0.0249135
0.0258138
0.0258022
0.0264937
0.0266587
0.0270767
0.0272394
0.0271139
0.0267091
0.0262193
0.0248385
0.0232039
0.0211618
0.0184552
0.015227
0.0116166
0.00772653
0.00350281
-0.0010959
-0.00624131
0.0249562
0.0236664
0.0248403
0.024627
0.0252582
0.0252987
0.0256908
0.0257648
0.0258994
0.0258237
0.0253878
0.0247133
0.0239239
0.0223564
0.0205861
0.0185291
0.0159874
0.0130753
0.00990908
0.00662345
0.00315365
-0.000557179
-0.00470318
0.0247567
0.0233994
0.0243354
0.0243025
0.0246588
0.0247119
0.0248559
0.0247873
0.0246862
0.0243811
0.0237124
0.0228432
0.0218471
0.0202212
0.0184408
0.016478
0.0141827
0.0116444
0.00895412
0.00624004
0.00343877
0.000486494
-0.00280984
0.0244496
0.023192
0.0237742
0.0238819
0.0240419
0.0240473
0.0239999
0.0237644
0.0234651
0.0229681
0.0221402
0.0211501
0.0200461
0.0184569
0.0167559
0.0149598
0.0129526
0.0107993
0.00856839
0.00636588
0.00413576
0.0018127
-0.000779222
0.0240429
0.0230128
0.0232179
0.0233398
0.0233995
0.0233253
0.0231285
0.0227394
0.0222752
0.0216365
0.0207166
0.0196754
0.0185411
0.0170521
0.0154941
0.013905
0.0121931
0.010403
0.00858522
0.00682178
0.00506402
0.0032504
0.00123195
0.0235586
0.022804
0.0227139
0.0227194
0.0227147
0.0225511
0.0222457
0.0217463
0.0211572
0.0204258
0.0194733
0.0184339
0.0173273
0.0159796
0.014601
0.0132301
0.0117973
0.0103311
0.00886837
0.00746769
0.00608767
0.0046746
0.0031085
0.023024
0.022494
0.0222492
0.0221232
0.0220057
0.0217487
0.0213636
0.0207999
0.0201382
0.0193612
0.0184196
0.0174233
0.0163871
0.0151992
0.0140095
0.0128492
0.0116668
0.0104789
0.00931116
0.0082036
0.00712265
0.00602312
0.00481055
0.0224697
0.022096
0.0217978
0.0215495
0.0213028
0.0209571
0.0205095
0.019914
0.0192268
0.0184486
0.0175547
0.0166324
0.0156925
0.0146652
0.0136558
0.012686
0.0117166
0.0107575
0.00982676
0.00895112
0.00810342
0.00724766
0.00631273
0.0219169
0.0216362
0.0213218
0.0209905
0.0206367
0.0202138
0.019716
0.0191092
0.0184303
0.0176858
0.0168664
0.0160386
0.0152091
0.0143346
0.0134868
0.012679
0.0118815
0.0111019
0.0103547
0.00965801
0.00899048
0.00832426
0.00760593
0.021379
0.0211472
0.0208264
0.0204471
0.0200231
0.019543
0.0190095
0.0184045
0.0177522
0.0170604
0.0163283
0.0156034
0.0148883
0.0141547
0.0134476
0.0127735
0.0121114
0.0114689
0.0108593
0.0102965
0.00976524
0.00924353
0.00869275
0.0208674
0.020659
0.0203354
0.0199315
0.0194704
0.0189592
0.0184087
0.0178159
0.0171995
0.0165678
0.0159228
0.0152944
0.014681
0.0140639
0.0134702
0.0129029
0.01235
0.0118175
0.0113155
0.0108547
0.0104252
0.0100119
0.0095883
0.0203975
0.0202002
0.019877
0.0194638
0.0189882
0.0184676
0.0179181
0.0173468
0.0167701
0.016197
0.0156285
0.0150803
0.0145493
0.0140242
0.0135207
0.0130405
0.0125767
0.0121328
0.0117153
0.0113317
0.0109771
0.0106425
0.0103111
0.0199936
0.0198033
0.0194832
0.0190698
0.0185936
0.0180774
0.0175393
0.0169918
0.0164498
0.0159228
0.0154117
0.0149234
0.0144552
0.0140014
0.0135703
0.0131629
0.0127745
0.0124046
0.0120553
0.0117301
0.0114289
0.0111493
0.0108835
0.0196827
0.0194957
0.0191809
0.0187739
0.0183044
0.0177989
0.0172772
0.0167537
0.0162409
0.0157481
0.0152775
0.0148313
0.0144069
0.0140012
0.0136182
0.0132586
0.0129193
0.012598
0.0122951
0.0120127
0.0117523
0.0115136
0.0112936
0.0195148
0.0193318
0.0190174
0.0186092
0.0181398
0.0176371
0.0171221
0.0166085
0.0161085
0.015633
0.015187
0.0147696
0.0143759
0.0140024
0.0136497
0.0133191
0.0130095
0.0127191
0.0124481
0.0121982
0.011971
0.0117673
0.0115864
0.0187191
-0.00433329
-0.0306417
-0.0544915
-0.0767117
-0.0977927
-0.117126
-0.133616
0.00824791
-0.0131923
-0.0381523
-0.0591161
-0.0752502
-0.0893032
-0.101651
-0.111806
-0.000539141
-0.0172921
-0.037875
-0.0543207
-0.0654599
-0.0747008
-0.0829769
-0.0901758
-0.00709355
-0.0204887
-0.0367928
-0.049817
-0.0580799
-0.06417
-0.0692102
-0.0734575
-0.0111625
-0.0217578
-0.0337797
-0.0432515
-0.049078
-0.0528907
-0.055839
-0.058377
-0.0134943
-0.0216959
-0.0298143
-0.0362899
-0.04052
-0.0431165
-0.0449018
-0.0462992
-0.0140844
-0.0202686
-0.0253448
-0.0293766
-0.0323163
-0.034168
-0.0352903
-0.0359959
-0.01313
-0.0177065
-0.0207086
-0.0230238
-0.024961
-0.0263181
-0.0271055
-0.0274759
-0.0111587
-0.0145128
-0.016178
-0.0173713
-0.0185689
-0.0195402
-0.0201124
-0.0202981
-0.00864226
-0.0110877
-0.0119257
-0.0124161
-0.0130917
-0.0137586
-0.0141862
-0.0143068
-0.00592227
-0.00769758
-0.00804141
-0.00811372
-0.0084389
-0.00887796
-0.00920114
-0.00929433
-0.00320861
-0.0044912
-0.00455527
-0.00440075
-0.00450332
-0.00477443
-0.00501192
-0.00508748
-0.000636306
-0.00155238
-0.0014701
-0.00121326
-0.00119006
-0.00134979
-0.0015259
-0.00159893
0.00168807
0.00104253
0.00119309
0.00148877
0.00158828
0.00150889
0.00137956
0.0013029
0.00373639
0.00328432
0.00345637
0.00375031
0.00388878
0.00386047
0.00376027
0.00367504
0.00550853
0.00519553
0.00536014
0.00562035
0.00575962
0.00575487
0.00567258
0.00558219
0.00700965
0.00679477
0.00693566
0.00714671
0.00726474
0.00726486
0.00719235
0.00710024
0.00825452
0.0081072
0.008217
0.00837445
0.0084604
0.00845276
0.00838246
0.00828919
0.00926651
0.00916215
0.00923738
0.00934247
0.0093933
0.00937197
0.00929985
0.00920599
0.0100695
0.00998686
0.0100248
0.0100809
0.0100975
0.0100612
0.00998596
0.00989252
0.0106935
0.0106145
0.0106102
0.0106174
0.0106
0.0105485
0.0104707
0.01038
0.0111348
0.0110494
0.011004
0.0109663
0.0109174
0.0108519
0.010773
0.0106874
0.0114453
0.0113373
0.011238
0.0111474
0.0110634
0.0109829
0.0109042
0.0108264
-0.380966
-0.391533
-0.406644
-0.42617
-0.451429
-0.483468
-0.518047
-0.54794
-0.379829
-0.389052
-0.401816
-0.418362
-0.439358
-0.465058
-0.494173
-0.520382
-0.374222
-0.383743
-0.395439
-0.409863
-0.428188
-0.448716
-0.467086
-0.478869
-0.365651
-0.37626
-0.387381
-0.399119
-0.411533
-0.422689
-0.429147
-0.428044
-0.356262
-0.367109
-0.376188
-0.383048
-0.38786
-0.389893
-0.387391
-0.378263
-0.347791
-0.356596
-0.361425
-0.362425
-0.360679
-0.356253
-0.347977
-0.333987
-0.341456
-0.345416
-0.344413
-0.339909
-0.333331
-0.324656
-0.31272
-0.295787
-0.337375
-0.334042
-0.326658
-0.317556
-0.307417
-0.295919
-0.281602
-0.26293
-0.334171
-0.322284
-0.309075
-0.296229
-0.283445
-0.269969
-0.25412
-0.234486
-0.329754
-0.309691
-0.29187
-0.276079
-0.261334
-0.246509
-0.22973
-0.20972
-0.322345
-0.295803
-0.274919
-0.256779
-0.240878
-0.225112
-0.207978
-0.188017
-0.310413
-0.280853
-0.257549
-0.238263
-0.221631
-0.205481
-0.188414
-0.16891
-0.295976
-0.264118
-0.239725
-0.220202
-0.203271
-0.187361
-0.170661
-0.152029
-0.276544
-0.244921
-0.221464
-0.202333
-0.185975
-0.170418
-0.154513
-0.136931
-0.253301
-0.225537
-0.20272
-0.185369
-0.169121
-0.154239
-0.139156
-0.123215
-0.431701
-0.423909
-0.416278
-0.407558
-0.397779
-0.38804
-0.379978
-0.376856
-0.432524
-0.422459
-0.41273
-0.402954
-0.393347
-0.384763
-0.37821
-0.375862
-0.432921
-0.421072
-0.410187
-0.39875
-0.38749
-0.377817
-0.370999
-0.36925
-0.435423
-0.422177
-0.409233
-0.394935
-0.380105
-0.367308
-0.359052
-0.358374
-0.44063
-0.426032
-0.410885
-0.393024
-0.373445
-0.356258
-0.346164
-0.346727
-0.448958
-0.43349
-0.416222
-0.394558
-0.369892
-0.348074
-0.336335
-0.338266
-0.46087
-0.445515
-0.426403
-0.400848
-0.37125
-0.345561
-0.333154
-0.334512
-0.476721
-0.462937
-0.442408
-0.412949
-0.378956
-0.35077
-0.337856
-0.336274
-0.496675
-0.48624
-0.464808
-0.431462
-0.393613
-0.364211
-0.34935
-0.342055
-0.520652
-0.515167
-0.493158
-0.456263
-0.415614
-0.385056
-0.364868
-0.348139
-0.548071
-0.548999
-0.525963
-0.485271
-0.442837
-0.408516
-0.380131
-0.351925
-0.577476
-0.5856
-0.561504
-0.517963
-0.473253
-0.432516
-0.391651
-0.34924
-0.6103
-0.62237
-0.595232
-0.548561
-0.498915
-0.448167
-0.393917
-0.339659
-0.637044
-0.654946
-0.623958
-0.575207
-0.517854
-0.454229
-0.387339
-0.324463
-0.659418
-0.677993
-0.644759
-0.588415
-0.518771
-0.44139
-0.367641
-0.305093
-0.673569
-0.692644
-0.650201
-0.576779
-0.488443
-0.396864
-0.327062
-0.285468
-0.588542
-0.608889
-0.571625
-0.510201
-0.438261
-0.366179
-0.31374
-0.277256
-0.418304
-0.438151
-0.419955
-0.383216
-0.342268
-0.302715
-0.273311
-0.24845
-0.280663
-0.283403
-0.275097
-0.26053
-0.243917
-0.22762
-0.217184
-0.2085
-0.218397
-0.205202
-0.191782
-0.180029
-0.171899
-0.165517
-0.161555
-0.16171
-0.209283
-0.173991
-0.151183
-0.141385
-0.136111
-0.131938
-0.126927
-0.129279
-0.2166
-0.159583
-0.120457
-0.104893
-0.104031
-0.103669
-0.10108
-0.100269
-0.206291
-0.153337
-0.105586
-0.0800738
-0.0784047
-0.0869633
-0.0918448
-0.0816284
-0.174334
-0.1455
-0.117871
-0.0970307
-0.0927298
-0.0948269
-0.109384
-0.107828
-0.146838
-0.140541
-0.134853
-0.130196
-0.128204
-0.136321
-0.143083
-0.153812
-0.138611
-0.13942
-0.140569
-0.143135
-0.142141
-0.142325
-0.13393
-0.124912
-0.118212
-0.124498
-0.133828
-0.145712
-0.152761
-0.150944
-0.13895
-0.126298
-0.109684
-0.122159
-0.138283
-0.157698
-0.169731
-0.170468
-0.165799
-0.142584
-0.120346
-0.126271
-0.134157
-0.14375
-0.157228
-0.157673
-0.16338
-0.135695
-0.146197
-0.145814
-0.144868
-0.143508
-0.142728
-0.138987
-0.138113
-0.127534
-0.147189
-0.147248
-0.145194
-0.140333
-0.134179
-0.126415
-0.121145
-0.113092
-0.126385
-0.127602
-0.127094
-0.12426
-0.118728
-0.110058
-0.0996746
-0.0888244
-0.114742
-0.121616
-0.127501
-0.131533
-0.132754
-0.130238
-0.123039
-0.111653
-0.132631
-0.141652
-0.148877
-0.154014
-0.156108
-0.154717
-0.150542
-0.143006
-0.147051
-0.154044
-0.159753
-0.16426
-0.166797
-0.167894
-0.164559
-0.169842
-0.142955
-0.147381
-0.150002
-0.152107
-0.15281
-0.153542
-0.151223
-0.151492
-0.114206
-0.105247
-0.0960775
-0.0877231
-0.0803922
-0.0757462
-0.0711572
-0.0703345
-0.122503
-0.105203
-0.0873164
-0.0702946
-0.054706
-0.0417346
-0.0320256
-0.0245233
-0.124372
-0.112534
-0.0996742
-0.0863667
-0.0733283
-0.0611657
-0.0506711
-0.0410306
-0.133943
-0.12575
-0.115089
-0.102143
-0.0874469
-0.0716866
-0.0537258
-0.0353456
-0.201235
-0.216117
-0.226152
-0.229992
-0.227516
-0.218685
-0.204637
-0.186817
-0.235928
-0.260261
-0.276278
-0.28351
-0.281845
-0.272801
-0.25801
-0.241347
-0.131843
-0.123261
-0.113757
-0.105621
-0.0985269
-0.0935058
-0.0875818
-0.0848716
-0.077151
-0.0627127
-0.0448451
-0.0309308
-0.0183327
-0.00808328
-0.000441993
0.00523186
-0.0667395
-0.062543
-0.0571632
-0.0510844
-0.0445996
-0.038029
-0.0313803
-0.0245023
-0.0484862
-0.0504408
-0.0511614
-0.050607
-0.0488429
-0.046115
-0.0426629
-0.0386196
-0.0275262
-0.027519
-0.0272333
-0.026713
-0.025945
-0.0250422
-0.0238901
-0.0228367
-0.0107856
-0.00997163
-0.00928999
-0.00877177
-0.00842146
-0.00825299
-0.00821395
-0.00832734
-0.00828631
-0.00800531
-0.00773414
-0.00748498
-0.00726796
-0.00709218
-0.00696124
-0.00686968
-0.0071731
-0.00725056
-0.00727378
-0.00724208
-0.00715832
-0.0070309
-0.00687029
-0.00668509
-0.00462699
-0.00466864
-0.00469149
-0.00469342
-0.00467254
-0.00463169
-0.00456636
-0.00449603
-0.0022647
-0.00226113
-0.0022597
-0.00226063
-0.00226344
-0.00226853
-0.00227295
-0.00228351
-0.000710296
-0.000705802
-0.000702248
-0.000700122
-0.000699783
-0.000701749
-0.000705738
-0.000713861
-0.249618
-0.183779
-0.143932
-0.110975
-0.0817289
-0.0609725
-0.0443592
-0.0309729
-0.0209175
-0.0130863
-0.00690659
-0.00219581
0.00145465
0.00433072
0.00655361
0.00828083
0.00960272
0.0106048
0.0113569
0.0119068
0.0122879
0.01253
0.0126485
-0.249563
-0.189149
-0.151654
-0.116215
-0.087081
-0.0654719
-0.0477397
-0.0339787
-0.0233928
-0.0150613
-0.00852265
-0.0034998
0.000402078
0.00348818
0.00589376
0.00776454
0.00919979
0.0102917
0.0111098
0.0117072
0.0121213
0.0123843
0.0125132
-0.219722
-0.165213
-0.136856
-0.105319
-0.0805356
-0.0611701
-0.0451159
-0.0326256
-0.0227489
-0.0148753
-0.00864898
-0.00372834
6.22094e-05
0.0031378
0.00556643
0.00746409
0.00893519
0.0100622
0.0109102
0.0115319
0.0119637
0.0122386
0.0123737
-0.178668
-0.132502
-0.112475
-0.0840657
-0.065883
-0.0503081
-0.0374842
-0.0274328
-0.0192812
-0.0126828
-0.00733982
-0.00293796
0.000407802
0.00328857
0.0055791
0.0073922
0.00882038
0.00992531
0.0107638
0.0113827
0.011816
0.0120936
0.0122308
-0.136983
-0.100079
-0.0850551
-0.0604828
-0.0480862
-0.0364784
-0.0273395
-0.0202232
-0.0142621
-0.00930904
-0.00511885
-0.0015581
0.0013244
0.00381238
0.0058522
0.00750571
0.00883128
0.00987031
0.0106687
0.0112634
0.0116822
0.0119521
0.0120863
-0.106647
-0.0758857
-0.0605119
-0.0389344
-0.0306555
-0.0221163
-0.0166322
-0.0124036
-0.0087384
-0.00551536
-0.00256247
0.00010802
0.00243586
0.0045076
0.00625595
0.00771518
0.00890703
0.0098573
0.0105971
0.0111542
0.0115515
0.0118099
0.0119394
-0.0805643
-0.0550896
-0.0374654
-0.018167
-0.013556
-0.00792153
-0.00609114
-0.0046182
-0.00321205
-0.00167918
3.64965e-05
0.00182372
0.00356425
0.00521429
0.00667352
0.007935
0.00899084
0.00985065
0.0105309
0.0110496
0.0114228
0.0116676
0.0117911
-0.0517382
-0.0274396
-0.00381621
0.0104547
0.00834894
0.00799096
0.00508381
0.00330121
0.00226456
0.00209216
0.00257781
0.00353887
0.00469052
0.00592712
0.00709576
0.00815557
0.00907448
0.00984272
0.0104613
0.0109405
0.0112905
0.0115227
0.0116409
-0.0628226
-0.0171043
0.0277748
0.0439029
0.0277341
0.023092
0.0159718
0.01091
0.00751413
0.00566553
0.00501043
0.0052158
0.00579425
0.00664991
0.00753003
0.00838967
0.00917278
0.00984784
0.0104036
0.0108411
0.0111638
0.0113796
0.0114901
-0.0896209
-0.0156377
0.0440403
0.0551377
0.0463204
0.0347615
0.02442
0.0168969
0.0117716
0.00878966
0.00726729
0.00686091
0.00692641
0.00742409
0.00802002
0.00867472
0.00931036
0.00987962
0.0103619
0.0107496
0.0110401
0.0112365
0.0113378
-0.0870629
-0.0162149
0.0409003
0.0543912
0.0475199
0.0367682
0.0267749
0.0193952
0.0141756
0.0108998
0.00895495
0.00827364
0.00793193
0.00817768
0.00850714
0.00897019
0.0094609
0.00992371
0.0103303
0.0106646
0.0109193
0.0110934
0.0111841
-0.101488
-0.0557724
-0.00743015
0.0206501
0.0286198
0.0271556
0.0228786
0.0180885
0.0144917
0.0119289
0.0102289
0.009341
0.0088579
0.00882422
0.00897095
0.00926116
0.00961327
0.00996954
0.0102984
0.0105788
0.0107969
0.0109484
0.0110281
-0.130618
-0.107066
-0.0653103
-0.0251586
0.000374482
0.0119063
0.0156647
0.0145443
0.0135406
0.0120511
0.0109597
0.0101705
0.00963913
0.00943645
0.00940976
0.00954283
0.00976345
0.0100172
0.0102684
0.0104928
0.010673
0.0108011
0.0108694
-0.150872
-0.114593
-0.0778914
-0.0406646
-0.0154269
0.000446295
0.0084211
0.0117686
0.0127599
0.0122557
0.0117282
0.0109426
0.0103809
0.0100392
0.00986627
0.00985318
0.00994194
0.0100883
0.0102563
0.0104197
0.0105556
0.0106551
0.010709
-0.117341
-0.0883041
-0.062745
-0.0346007
-0.0173173
-0.00193508
0.00519107
0.0104804
0.012043
0.0125879
0.0123814
0.0117162
0.0111309
0.0106505
0.0103326
0.0101781
0.0101375
0.0101743
0.010253
0.0103483
0.0104366
0.0105058
0.0105444
-0.0958036
-0.0689473
-0.046347
-0.0201332
-0.00793559
0.00662666
0.0102042
0.0144431
0.013971
0.0140018
0.0131548
0.0124039
0.0117361
0.0111642
0.0107383
0.0104659
0.0103119
0.0102496
0.0102465
0.0102788
0.010318
0.010355
0.0103768
-0.0755543
-0.0520431
-0.0311832
-0.00790543
0.00468179
0.0149973
0.0171732
0.0189945
0.0171292
0.016154
0.0144691
0.0133137
0.0123419
0.0116233
0.0110847
0.0107136
0.0104598
0.0103065
0.0102241
0.010192
0.0101869
0.0101945
0.0102015
-0.0990522
-0.0743126
-0.0423329
-0.0111234
0.0143836
0.0206411
0.0223774
0.0210065
0.0183622
0.0166967
0.0149839
0.0137958
0.0127573
0.0119987
0.0113695
0.0109134
0.0105804
0.0103489
0.0101974
0.0101067
0.010055
0.0100301
0.0100201
-0.13082
-0.116913
-0.0769379
-0.0348829
0.00771882
0.0138365
0.020273
0.0188235
0.017361
0.01592
0.0146251
0.0136834
0.0128648
0.0121951
0.011587
0.0110908
0.0106871
0.0103809
0.0101578
0.0100069
0.00990981
0.00985394
0.00982752
-0.150035
-0.149045
-0.102318
-0.0580842
-0.0170863
-0.000737667
0.00907879
0.0125437
0.0138321
0.0139876
0.0136178
0.013198
0.0126667
0.012146
0.0116246
0.0111416
0.0107122
0.0103594
0.0100854
0.0098854
0.00974876
0.0096645
0.00962305
-0.140454
-0.12234
-0.0858319
-0.0482536
-0.0198408
-0.00669251
0.00229359
0.00764587
0.0107355
0.0122656
0.0127961
0.0128577
0.012569
0.012141
0.0116512
0.0111491
0.0106901
0.0102964
0.00997729
0.00973689
0.00956535
0.00945584
0.00940071
-0.0674828
-0.0503201
-0.0269153
-0.0111795
-0.00600553
-0.00306295
0.00222833
0.00672987
0.00979276
0.0115533
0.0123757
0.0127134
0.0125177
0.0121631
0.0116706
0.0111412
0.0106443
0.0102025
0.00983991
0.00956031
0.00935801
0.00922624
0.00915923
-0.0214753
-0.0129861
-0.00589736
-0.00329651
-0.00782277
-0.00240105
0.00337942
0.0089465
0.0106597
0.0125852
0.0126038
0.0130501
0.012583
0.0121907
0.0116102
0.0110491
0.0105196
0.0100462
0.00965544
0.00934821
0.00912111
0.00897106
0.00889377
-0.0364145
-0.023507
-0.0149803
-0.00464021
0.000721366
0.00713853
0.0114137
0.0147835
0.0152761
0.0156538
0.0145943
0.0141518
0.0131177
0.0124105
0.0116012
0.01094
0.0103347
0.0098282
0.0094112
0.00908354
0.00884276
0.00868164
0.00859856
-0.0273289
-0.0114682
0.00152884
0.0136313
0.0203935
0.0231778
0.0237319
0.0221313
0.0201796
0.018495
0.0165396
0.0150368
0.013597
0.0124917
0.0115116
0.0107388
0.0100805
0.00954835
0.00911435
0.00877733
0.00852661
0.00835878
0.00827144
-0.163556
-0.126474
-0.0806284
-0.0338997
0.0068821
0.0271
0.0315419
0.0259381
0.0224812
0.0189229
0.0165633
0.0147565
0.0133019
0.0121266
0.0111459
0.0103478
0.00969493
0.00916389
0.00873751
0.00840635
0.00815905
0.00799268
0.0079055
-0.211079
-0.182971
-0.125488
-0.0670765
-0.0150335
0.0124556
0.0201769
0.0198244
0.0189035
0.0171299
0.0153905
0.0138396
0.0125265
0.0114411
0.0105338
0.00978656
0.00917689
0.00867639
0.00827891
0.00796767
0.00773692
0.00758017
0.00749799
-0.0786306
-0.0599171
-0.0326379
-0.00646868
0.013905
0.023645
0.0225436
0.019276
0.016941
0.0152711
0.0137648
0.0125361
0.0113681
0.0104856
0.00969033
0.00905748
0.00852274
0.0080896
0.00773981
0.00746618
0.00725985
0.00711911
0.00704445
0.00532546
0.00840179
0.0078614
0.00869314
0.0107217
0.0131369
0.0118993
0.0129939
0.0127614
0.0126211
0.0116899
0.0108785
0.00995509
0.0092667
0.00862495
0.0081381
0.0077141
0.00737536
0.00709849
0.00688194
0.00671813
0.00660407
0.00654329
-0.019085
-0.0126784
-0.00665738
-0.000624591
0.00453386
0.00788592
0.00889507
0.00840279
0.00818315
0.00825685
0.00830532
0.00825126
0.00797295
0.00767509
0.00733168
0.00704417
0.00678462
0.00656828
0.0063847
0.00623668
0.00612048
0.00603776
0.00599279
-0.0333515
-0.0271668
-0.0195073
-0.0157089
-0.00821073
-0.00432537
-0.00185407
-0.000623244
0.000881375
0.00227172
0.00345379
0.00436634
0.00497342
0.00538946
0.00557456
0.00566511
0.00566003
0.00562698
0.00557335
0.00551706
0.0054627
0.00541921
0.00539365
-0.0206983
-0.0178889
-0.0149151
-0.0122952
-0.00972587
-0.00774681
-0.00608396
-0.00449681
-0.00274883
-0.00116015
0.000253555
0.00147754
0.00246671
0.0032696
0.00382417
0.00423058
0.0044681
0.00461928
0.00469829
0.00473827
0.00475205
0.00475162
0.00474848
-0.0084677
-0.00829154
-0.00819837
-0.00805081
-0.00760503
-0.00683326
-0.00574652
-0.00453784
-0.00328454
-0.00214442
-0.00107151
-6.08204e-05
0.000856857
0.00170098
0.00238487
0.00294544
0.00334313
0.00363452
0.00382019
0.00394153
0.00400984
0.00404644
0.00406245
-0.00681214
-0.00668122
-0.00663815
-0.00654447
-0.00629315
-0.00584985
-0.00518124
-0.00439313
-0.00348009
-0.00260496
-0.00174983
-0.000932925
-0.000174819
0.000561482
0.00121822
0.00180999
0.00228576
0.00266346
0.00293153
0.00312216
0.0032419
0.00331281
0.00334661
-0.00641155
-0.00603951
-0.00563576
-0.00520165
-0.00474491
-0.00427803
-0.00377846
-0.0032852
-0.00270759
-0.00213613
-0.00154726
-0.000968893
-0.000424674
0.000106206
0.000588289
0.00105401
0.00147092
0.00183065
0.00211184
0.00232383
0.00246965
0.00256159
0.00260718
-0.00434036
-0.00410499
-0.00383147
-0.0035287
-0.00321638
-0.00292051
-0.00262986
-0.00233786
-0.00198475
-0.00161251
-0.00121323
-0.000808962
-0.000424825
-4.75892e-05
0.000282447
0.000603527
0.000896907
0.00116854
0.00139991
0.00158589
0.00172133
0.00181267
0.00185866
-0.00227597
-0.00225331
-0.00222872
-0.00219639
-0.00214527
-0.0020697
-0.00193966
-0.00175801
-0.00150236
-0.00123534
-0.000950104
-0.000668536
-0.00040739
-0.000145124
7.32428e-05
0.000279353
0.00045266
0.000619241
0.000770849
0.00090212
0.00100363
0.00107502
0.00111136
-0.000720852
-0.000727295
-0.0007383
-0.000748352
-0.000747923
-0.000731385
-0.000683507
-0.000617241
-0.000523671
-0.000435789
-0.000336638
-0.000240058
-0.000152905
-5.76502e-05
1.7857e-05
9.4192e-05
0.00015031
0.00020348
0.000250598
0.000293974
0.000329672
0.000355699
0.000369251
-0.106282
-0.0879993
-0.0706339
-0.0563666
-0.043867
-0.0337047
-0.0249386
-0.017471
-0.0113415
-0.00619668
-0.00194236
0.00152154
0.00434737
0.00661866
0.00842103
0.00983117
0.0109158
0.0117398
0.0123567
0.0128087
0.0131185
0.0133083
0.0133968
-0.118612
-0.0966067
-0.076285
-0.0598654
-0.0462147
-0.0352869
-0.0257445
-0.0178103
-0.0114613
-0.00616807
-0.00187666
0.00157192
0.00436525
0.00659155
0.00835526
0.0097373
0.0108058
0.0116225
0.0122374
0.0126912
0.0130056
0.0132022
0.0132964
-0.132106
-0.10613
-0.0821689
-0.0633489
-0.0487545
-0.0371105
-0.026595
-0.0182568
-0.0116627
-0.00617165
-0.00182568
0.00163031
0.00440879
0.00659742
0.00832424
0.00967409
0.0107212
0.0115248
0.0121331
0.012585
0.0129011
0.0131018
0.0132
-0.145129
-0.115747
-0.088621
-0.0676359
-0.0525105
-0.0395985
-0.027882
-0.0192244
-0.0122242
-0.00643455
-0.00196784
0.00156817
0.00437878
0.00656398
0.00827952
0.00961209
0.010646
0.0114391
0.0120412
0.0124898
0.0128051
0.0130072
0.0131074
-0.161267
-0.126628
-0.095181
-0.0725823
-0.0571418
-0.0420837
-0.0295143
-0.0206086
-0.0130438
-0.00696384
-0.00233889
0.00133807
0.00422007
0.00644341
0.00818159
0.00952106
0.0105579
0.0113499
0.0119511
0.0123987
0.0127137
0.0129166
0.0130178
-0.175914
-0.136768
-0.101478
-0.0789137
-0.0618596
-0.0443604
-0.0316778
-0.0222457
-0.0140356
-0.00773866
-0.00290865
0.000942356
0.00391244
0.00620895
0.00799847
0.00937277
0.0104343
0.0112405
0.0118512
0.0123041
0.0126225
0.0128277
0.0129302
-0.195008
-0.146569
-0.109024
-0.0869534
-0.0661483
-0.0472411
-0.0345705
-0.0240442
-0.0153252
-0.00883431
-0.00370793
0.000334627
0.00342237
0.00583518
0.00770653
0.00914696
0.0102563
0.0110961
0.011731
0.0121997
0.0125279
0.0127389
0.0128438
-0.216895
-0.159426
-0.121487
-0.0969115
-0.0714667
-0.0523463
-0.0385561
-0.0266532
-0.01749
-0.0105356
-0.00497602
-0.000679142
0.00262185
0.00522241
0.00723374
0.00879185
0.00998827
0.0108938
0.0115758
0.0120765
0.0124252
0.012648
0.0127579
0.0506658
0.0277756
0.00558936
-0.0168915
-0.0403
-0.0629017
-0.0845863
-0.10518
0.0540704
0.0289564
0.00404677
-0.0214923
-0.0476462
-0.0729549
-0.096492
-0.11764
0.0570362
0.0280636
-0.000833869
-0.0296262
-0.0579425
-0.084792
-0.109336
-0.131504
0.0588051
0.0254506
-0.00749004
-0.0393229
-0.0696403
-0.0979438
-0.123761
-0.147277
0.0586585
0.0211148
-0.0155907
-0.0504767
-0.0831001
-0.113246
-0.140646
-0.165439
0.0564916
0.0147522
-0.0257521
-0.0639642
-0.099325
-0.131632
-0.160639
-0.186512
0.0521868
0.00582327
-0.0388725
-0.0807846
-0.119185
-0.153741
-0.184324
-0.211054
0.0451765
-0.00651564
-0.0559709
-0.101971
-0.143629
-0.180478
-0.212481
-0.239753
0.0344029
-0.0234519
-0.0783013
-0.128804
-0.173936
-0.213084
-0.246227
-0.273555
0.0183462
-0.0465961
-0.107537
-0.16297
-0.211737
-0.253174
-0.287053
-0.313678
-0.00507433
-0.0781536
-0.146023
-0.206886
-0.259358
-0.302947
-0.336804
-0.361514
-0.0387343
-0.120966
-0.196725
-0.263874
-0.320363
-0.36487
-0.397007
-0.417682
-0.0873656
-0.179629
-0.263004
-0.336317
-0.395364
-0.438851
-0.466669
-0.479647
-0.154558
-0.259044
-0.351976
-0.426309
-0.481933
-0.518748
-0.536541
-0.536389
-0.215471
-0.32414
-0.414888
-0.485803
-0.535656
-0.564599
-0.574415
-0.567982
0.183467
0.180681
0.173749
0.162664
0.147486
0.128558
0.10628
0.0801029
0.198165
0.194487
0.185864
0.172514
0.15478
0.132732
0.108123
0.0809733
0.214609
0.210094
0.200033
0.184771
0.165047
0.140796
0.114209
0.0862355
0.233234
0.228015
0.216715
0.199646
0.177974
0.151643
0.122275
0.0915834
0.254098
0.248178
0.235579
0.216478
0.192315
0.163301
0.130304
0.0955535
0.277083
0.270307
0.256113
0.234577
0.207189
0.174678
0.137453
0.0979031
0.302085
0.294228
0.278027
0.253588
0.22228
0.185454
0.143475
0.098648
0.329054
0.319888
0.301223
0.273352
0.237483
0.195506
0.148102
0.0974138
0.357913
0.347208
0.32558
0.293639
0.252513
0.204464
0.150697
0.0933077
0.388402
0.375891
0.350731
0.31392
0.266669
0.211469
0.150153
0.0849648
0.419923
0.405263
0.375894
0.33321
0.278703
0.215061
0.144772
0.0704489
0.451286
0.434032
0.399632
0.349853
0.28667
0.213026
0.132077
0.0470055
0.48047
0.460043
0.419548
0.361109
0.287432
0.201827
0.108177
0.0103238
0.503429
0.4793
0.43179
0.36314
0.276943
0.177199
0.0687997
-0.0435869
0.522243
0.494471
0.440348
0.362752
0.265158
0.152003
0.0297666
-0.0952488
0.0243213
0.0243549
0.0243985
0.0244507
0.0245117
0.024574
0.0246458
0.0247151
0.0287044
0.0287036
0.0286774
0.0286276
0.0285575
0.0284689
0.0283651
0.0282537
0.0250473
0.0250922
0.0251582
0.0252366
0.0253299
0.0254292
0.0255347
0.0256377
0.0289511
0.0289523
0.0289236
0.0288681
0.02879
0.0286952
0.0285903
0.0284836
0.0264908
0.0265512
0.0266381
0.0267443
0.0268673
0.0269999
0.0271369
0.027282
0.0307806
0.0307869
0.0307582
0.0307016
0.0306225
0.0305308
0.0304241
0.0303425
0.0289946
0.0290744
0.0291859
0.0293224
0.029478
0.0296482
0.0298145
0.0300038
0.0333691
0.0333909
0.0333757
0.033329
0.0332537
0.0331772
0.0330714
0.0330513
0.0326905
0.0327884
0.0329254
0.0330817
0.0332521
0.0334483
0.0336035
0.0338578
0.0371587
0.03723
0.0372478
0.0372523
0.0372174
0.0372274
0.037148
0.0372546
0.0378878
0.038018
0.0381853
0.0383649
0.0385426
0.0387733
0.0388998
0.0392463
0.0426562
0.0427452
0.042759
0.0428192
0.0427304
0.0429112
0.0426912
0.04321
0.0451562
0.0453361
0.0455036
0.0457309
0.045876
0.0461878
0.0462406
0.0466894
0.0507526
0.0509409
0.0510186
0.0511988
0.0510899
0.0514491
0.0509934
0.0517
0.0553927
0.0555391
0.0556354
0.0558006
0.0557375
0.0559568
0.0556188
0.0560898
0.0626303
0.0628635
0.0629126
0.0631811
0.0629024
0.0632656
0.0623848
0.0631018
0.070039
0.0701976
0.0701306
0.0700102
0.0694332
0.0691964
0.0680641
0.0680237
0.0799729
0.0800964
0.0799833
0.0798306
0.0788755
0.0785777
0.0765354
0.0765133
0.0910193
0.0909793
0.0904484
0.0895709
0.0879036
0.0863279
0.0834673
0.0813733
0.104962
0.104836
0.103995
0.102589
0.100014
0.0974439
0.0928312
0.0894473
0.120887
0.120313
0.118618
0.115736
0.111437
0.106171
0.0994139
0.0915531
0.14046
0.139548
0.136971
0.132515
0.126008
0.117859
0.107114
0.0951496
0.162964
0.161243
0.156709
0.14916
0.138361
0.124911
0.108452
0.0880475
0.0247996
0.024912
0.0250534
0.0252251
0.0254312
0.025666
0.025881
0.0260544
0.0261599
0.0261793
0.0260996
0.025917
0.0256381
0.0252808
0.0248737
0.0244437
0.0240095
0.0235816
0.0231681
0.0227811
0.0224406
0.0221726
0.0220069
0.0280972
0.0278712
0.0275777
0.0272075
0.0267532
0.0262909
0.0258626
0.0254859
0.0251817
0.0249595
0.0248166
0.0247342
0.0246844
0.0245962
0.024411
0.0241305
0.023783
0.0233975
0.0230022
0.0226216
0.0222836
0.0220186
0.021854
0.0257735
0.025946
0.0261475
0.0263808
0.0265979
0.026718
0.02674
0.0266667
0.0264856
0.0261975
0.0258224
0.0253925
0.0249699
0.0245969
0.0242595
0.0239264
0.0235597
0.0231612
0.0227542
0.0223658
0.0220232
0.0217589
0.0216007
0.0283093
0.0280617
0.0277482
0.0273868
0.0270847
0.0268375
0.0266368
0.0264664
0.0263126
0.0261529
0.0259518
0.0256591
0.025243
0.024748
0.0242706
0.0238076
0.0233483
0.0228911
0.0224478
0.0220389
0.0216866
0.0214215
0.0212727
0.0274335
0.0276025
0.0277969
0.0279698
0.0280426
0.0280334
0.0279221
0.0276992
0.0273714
0.0269573
0.0264969
0.0260152
0.0255008
0.0249343
0.0243327
0.0237251
0.0231403
0.0225948
0.0220964
0.0216586
0.0212931
0.0210261
0.0208879
0.0301452
0.0298095
0.0293968
0.029029
0.0287097
0.0284164
0.0281426
0.0278697
0.0275772
0.0272174
0.0267701
0.0262381
0.0256394
0.0249763
0.0242703
0.0235588
0.0228777
0.0222542
0.0217038
0.0212385
0.0208618
0.0205934
0.0204646
0.0301682
0.0302862
0.0304045
0.0303869
0.0302593
0.0300057
0.0296216
0.0291154
0.0285202
0.0278676
0.0271746
0.026447
0.0256891
0.0249023
0.0240986
0.0233034
0.0225488
0.0218649
0.0212728
0.0207866
0.0204046
0.0201384
0.0200175
0.0327942
0.032384
0.0319294
0.0315203
0.0311119
0.0306812
0.0302232
0.0296874
0.0290551
0.0283119
0.0274702
0.0265628
0.0256285
0.0247009
0.0237967
0.0229316
0.0221292
0.0214121
0.0208003
0.0203088
0.0199329
0.0196746
0.0195586
0.0339226
0.0338532
0.0337095
0.0334577
0.0330436
0.0324577
0.031708
0.0308332
0.0298625
0.0288179
0.0277174
0.0265861
0.0254607
0.0243811
0.0233733
0.0224485
0.0216193
0.0208955
0.0202893
0.0198103
0.019454
0.0192098
0.0190972
0.0370586
0.036332
0.0357608
0.0350131
0.0342885
0.033469
0.0325392
0.0314799
0.0302958
0.0290196
0.0276902
0.0263601
0.0250797
0.0238875
0.0228078
0.0218522
0.0210256
0.0203246
0.0197488
0.0192989
0.0189749
0.0187494
0.01864
0.0392014
0.0387221
0.0381804
0.0374283
0.0364356
0.0352493
0.0339082
0.0324422
0.0308838
0.0292741
0.0276612
0.0261017
0.0246497
0.0233384
0.0221884
0.0212076
0.0203939
0.0197303
0.0191994
0.0187886
0.0185027
0.0182979
0.0181932
0.0427011
0.0417198
0.0406509
0.0394474
0.038111
0.0366075
0.0349143
0.0330635
0.0311213
0.0291668
0.0272782
0.0255259
0.0239503
0.0225768
0.0214135
0.0204569
0.0196946
0.0190989
0.0186345
0.0182761
0.0180334
0.0178543
0.0177593
0.0462987
0.045176
0.0438286
0.0421383
0.0401426
0.0379396
0.0356128
0.0332299
0.0308662
0.0285999
0.0265058
0.0246305
0.0230009
0.0216294
0.0205088
0.0196224
0.0189463
0.0184437
0.0180619
0.0177671
0.0175701
0.0174221
0.0173412
0.0505379
0.0485941
0.0464954
0.0441954
0.0416861
0.0389569
0.0360886
0.033215
0.0304506
0.027894
0.0256127
0.0236429
0.0219956
0.0206578
0.0196032
0.0188011
0.0182167
0.0178069
0.0175052
0.0172749
0.0171216
0.0170069
0.016942
0.0549925
0.0526406
0.049947
0.0467942
0.043363
0.0398021
0.0362366
0.0328017
0.0296319
0.0268131
0.0243921
0.0223867
0.0207818
0.019537
0.0186021
0.0179244
0.0174568
0.0171525
0.0169413
0.0167846
0.016681
0.0166074
0.0165621
0.0606153
0.0567753
0.0526923
0.0483845
0.0439261
0.0394797
0.0352555
0.0314019
0.0280028
0.0251018
0.0227107
0.0208081
0.0193485
0.0182729
0.0175128
0.0169985
0.0166716
0.0164843
0.0163732
0.0162976
0.0162494
0.0162234
0.0162008
0.0651555
0.0604391
0.0552624
0.0497649
0.0442322
0.0388975
0.034002
0.0297087
0.0260807
0.0231331
0.0208301
0.0190968
0.017844
0.0169818
0.016423
0.0160869
0.0159069
0.0158353
0.0158225
0.0158269
0.0158348
0.0158581
0.0158591
0.0712057
0.0638706
0.0566096
0.0495832
0.0429597
0.0369408
0.0316729
0.0272161
0.0235983
0.0207931
0.0187156
0.0172493
0.0162717
0.0156685
0.0153388
0.0151952
0.0151681
0.015212
0.0152939
0.0153767
0.0154417
0.0155135
0.0155386
0.0750505
0.0660764
0.0570198
0.0484391
0.0406792
0.0340278
0.0285188
0.0240952
0.0206849
0.0181785
0.0164381
0.0153143
0.0146599
0.0143455
0.0142632
0.0143222
0.0144532
0.0146154
0.0147906
0.0149503
0.0150739
0.015191
0.0152407
0.0789698
0.0659186
0.0547395
0.0450084
0.0366728
0.0297844
0.024302
0.020139
0.0171483
0.015128
0.0138748
0.0132
0.0129387
0.0129581
0.0131531
0.0134352
0.0137402
0.0140328
0.0143078
0.0145463
0.0147313
0.0148901
0.0149655
0.0784552
0.063284
0.0503157
0.0395713
0.0309546
0.0242463
0.0191755
0.0155523
0.0131679
0.011772
0.0111131
0.0109649
0.0111473
0.0115325
0.0120247
0.0125432
0.0130336
0.0134675
0.0138482
0.0141679
0.0144149
0.0146126
0.0147137
0.0743569
0.0559053
0.0425457
0.0318179
0.0235655
0.0174121
0.013071
0.0102703
0.00870933
0.00808768
0.00812464
0.00857362
0.00924903
0.0100356
0.0108494
0.0116223
0.0123131
0.0129032
0.0134003
0.0138076
0.0141199
0.0143578
0.0144856
0.0614937
0.0453438
0.0323588
0.0220859
0.0145652
0.00927635
0.00593566
0.00419281
0.00365198
0.0039538
0.00479531
0.00591776
0.00714253
0.00837659
0.00954965
0.0106091
0.0115297
0.0123019
0.0129369
0.0134476
0.0138355
0.0141222
0.0142804
0.0451397
0.0338857
0.0233586
0.0137329
0.00657056
0.00189134
-0.00061446
-0.001426
-0.00103575
0.000129604
0.00173382
0.00349817
0.00524419
0.00690096
0.00841173
0.00974147
0.0108769
0.0118168
0.0125772
0.0131788
0.0136296
0.013953
0.0141315
0.0247693
0.0156668
0.00910299
0.00271199
-0.00234555
-0.0052167
-0.00614361
-0.00564241
-0.00420221
-0.0022181
1.35517e-05
0.00224476
0.00433023
0.00623745
0.00793004
0.00939325
0.0106259
0.0116355
0.0124432
0.0130735
0.0135391
0.0138616
0.0140361
0.00210183
-0.00712238
-0.0103431
-0.0123314
-0.012716
-0.0120355
-0.0104262
-0.00818512
-0.00559603
-0.00288126
-0.000204977
0.00227766
0.00448817
0.00644482
0.00813596
0.0095712
0.0107639
0.0117313
0.0124993
0.0130923
0.0135236
0.01381
0.0139592
-0.0176049
-0.0258134
-0.0259299
-0.0246765
-0.0214108
-0.0177571
-0.0139447
-0.0101726
-0.00656548
-0.00320688
-0.000147688
0.00255864
0.00488303
0.0068624
0.00851786
0.00988904
0.0110069
0.0119005
0.0126027
0.0131384
0.0135208
0.0137634
0.0138831
-0.0373358
-0.0404517
-0.0360244
-0.0324034
-0.0271956
-0.0219926
-0.0168766
-0.0120821
-0.0077193
-0.00382681
-0.000409432
0.00254229
0.00503448
0.00709166
0.00876055
0.0101066
0.0111779
0.0120176
0.0126668
0.0131546
0.013495
0.0137025
0.013799
-0.0567977
-0.0538907
-0.0451226
-0.0390381
-0.0320093
-0.0256169
-0.0195539
-0.0139944
-0.00903801
-0.0046933
-0.000945131
0.00223801
0.00489908
0.00706496
0.00879291
0.0101584
0.0112223
0.0120402
0.0126616
0.0131209
0.0134352
0.013622
0.0137053
-0.0758611
-0.0670977
-0.0545969
-0.0455756
-0.0364422
-0.028773
-0.0218068
-0.0155848
-0.0101673
-0.00548219
-0.00148512
0.00186412
0.0046435
0.00689647
0.00868485
0.0100842
0.0111609
0.0119787
0.0125921
0.0130406
0.0133446
0.0135247
0.0136043
-0.0919547
-0.0780767
-0.0633257
-0.0515612
-0.0405701
-0.0315531
-0.0236621
-0.0167781
-0.0109583
-0.0060034
-0.00183602
0.00160508
0.00443538
0.00672235
0.0085375
0.00995563
0.0110434
0.0118669
0.0124819
0.0129305
0.0132349
0.0134177
0.0135003
)
;

boundaryField
{
    outlet
    {
        type            fixedValue;
        value           uniform 0;
    }
    upperWall
    {
        type            symmetryPlane;
    }
    lowerWall
    {
        type            symmetryPlane;
    }
    inlet
    {
        type            zeroGradient;
    }
    cylinder
    {
        type            zeroGradient;
    }
    frontAndBack
    {
        type            empty;
    }
}


// ************************************************************************* //
