/*--------------------------------*- C++ -*----------------------------------*\
| =========                 |                                                 |
| \\      /  F ield         | OpenFOAM: The Open Source CFD Toolbox           |
|  \\    /   O peration     | Version:  2312                                  |
|   \\  /    A nd           | Website:  www.openfoam.com                      |
|    \\/     M anipulation  |                                                 |
\*---------------------------------------------------------------------------*/
FoamFile
{
    version     2.0;
    format      ascii;
    arch        "LSB;label=32;scalar=64";
    class       volScalarField;
    location    "20.2";
    object      p;
}
// * * * * * * * * * * * * * * * * * * * * * * * * * * * * * * * * * * * * * //

dimensions      [0 2 -2 0 0 0 0];

internalField   nonuniform List<scalar> 
5478
(
-0.257705
-0.2556
-0.251882
-0.247818
-0.24515
-0.245172
-0.24834
-0.254243
-0.262069
-0.270293
-0.278606
-0.284451
-0.288861
-0.28769
-0.2822
-0.259596
-0.257633
-0.253425
-0.248709
-0.24493
-0.243159
-0.243726
-0.246328
-0.250016
-0.253842
-0.256481
-0.257127
-0.25522
-0.249959
-0.243498
-0.265467
-0.262761
-0.258176
-0.252733
-0.247572
-0.243405
-0.240612
-0.239028
-0.238043
-0.23671
-0.234413
-0.230786
-0.225875
-0.219875
-0.213471
-0.275348
-0.27088
-0.265108
-0.258341
-0.250978
-0.243614
-0.236864
-0.230869
-0.225263
-0.219771
-0.214103
-0.208197
-0.201858
-0.194927
-0.18792
-0.28912
-0.282049
-0.274247
-0.265105
-0.254257
-0.242766
-0.23174
-0.221583
-0.21235
-0.203836
-0.195782
-0.187987
-0.180129
-0.172417
-0.164879
-0.307198
-0.29641
-0.285941
-0.272657
-0.256608
-0.240148
-0.2248
-0.211039
-0.198777
-0.187785
-0.177805
-0.168583
-0.159914
-0.151832
-0.143853
-0.329657
-0.313692
-0.298956
-0.279045
-0.256325
-0.234498
-0.215036
-0.198075
-0.183344
-0.170482
-0.159141
-0.149005
-0.139822
-0.131473
-0.123408
-0.353384
-0.332392
-0.309775
-0.280944
-0.251077
-0.224162
-0.201075
-0.181508
-0.164874
-0.150649
-0.138389
-0.127748
-0.118505
-0.110449
-0.103094
-0.22766
-0.235016
-0.242831
-0.254133
-0.268681
-0.285585
-0.304152
-0.323749
-0.343795
-0.363726
-0.382974
-0.401048
-0.417681
-0.432757
-0.44569
-0.226861
-0.233747
-0.241214
-0.252072
-0.265928
-0.282024
-0.299745
-0.318532
-0.337893
-0.357375
-0.376507
-0.394762
-0.411745
-0.427497
-0.442304
-0.233826
-0.239071
-0.245619
-0.255543
-0.26845
-0.283586
-0.300379
-0.318332
-0.337021
-0.356075
-0.375168
-0.393948
-0.411751
-0.428667
-0.444161
-0.243989
-0.246905
-0.252102
-0.260678
-0.272167
-0.285866
-0.301251
-0.317887
-0.335423
-0.353528
-0.371628
-0.39093
-0.406985
-0.427323
-0.439123
-0.252796
-0.25322
-0.256653
-0.263268
-0.272666
-0.28427
-0.297627
-0.312357
-0.328056
-0.345072
-0.361021
-0.380498
-0.394558
-0.415032
-0.427174
-0.25792
-0.25637
-0.25767
-0.261581
-0.268023
-0.276762
-0.28747
-0.299954
-0.313337
-0.329136
-0.34253
-0.361691
-0.374664
-0.393476
-0.405353
-0.259341
-0.25676
-0.25585
-0.256515
-0.259276
-0.264465
-0.272011
-0.281863
-0.293164
-0.307383
-0.320861
-0.337182
-0.350495
-0.366129
-0.377891
-0.258518
-0.255912
-0.253236
-0.250911
-0.250209
-0.252129
-0.257164
-0.265315
-0.275803
-0.287422
-0.299711
-0.311009
-0.321399
-0.330715
-0.339101
-0.459619
-0.454707
-0.427538
-0.374232
-0.298931
-0.201344
-0.0875455
0.0186528
0.0840183
0.110184
0.107955
0.0937225
0.0772621
0.0627362
0.0510761
0.0417949
0.0342851
0.028589
0.0237613
0.0203851
0.0172629
0.0149122
0.0129838
0.0111486
0.00983139
0.00870247
0.00757181
0.00692866
0.0062321
0.00545175
0.00513967
0.00471521
0.00401225
0.00360216
0.0032945
0.0031133
0.0021314
0.000511689
-0.463011
-0.461646
-0.438017
-0.386459
-0.310963
-0.212859
-0.0945746
0.0168785
0.0848146
0.112033
0.109733
0.095282
0.0787884
0.0639925
0.0521126
0.0424938
0.0349401
0.0289624
0.0241818
0.0206314
0.0175026
0.0151158
0.013093
0.0112699
0.00993341
0.00873808
0.00764987
0.00698408
0.0062321
0.00550383
0.00518749
0.00469561
0.00402782
0.00364483
0.00332225
0.0030723
0.00210639
0.000569303
-0.471759
-0.474915
-0.45669
-0.408795
-0.336943
-0.242635
-0.121077
-0.000515551
0.0743844
0.106416
0.107473
0.0945492
0.0787077
0.0644564
0.0527557
0.0430484
0.0354869
0.029239
0.0245884
0.0207771
0.0177467
0.0152845
0.013187
0.0114008
0.0100274
0.0087795
0.00772999
0.00704014
0.00623639
0.00555619
0.00523517
0.00467912
0.00404514
0.00368687
0.00334942
0.00303228
0.00208583
0.000625328
-0.471252
-0.481313
-0.468456
-0.427008
-0.360965
-0.27112
-0.152393
-0.029879
0.0524887
0.091206
0.0980574
0.0896335
0.0762137
0.063278
0.0521054
0.0429131
0.0355703
0.0293199
0.0248101
0.0208473
0.0179329
0.0154134
0.0132701
0.0115269
0.0101152
0.00882833
0.00780879
0.00709634
0.0062482
0.00560683
0.00528096
0.00466926
0.00406484
0.00372589
0.00337445
0.00299566
0.00207304
0.000676909
-0.45346
-0.473924
-0.471152
-0.438468
-0.381289
-0.300214
-0.186831
-0.0646956
0.0230654
0.0690104
0.0831577
0.0813632
0.0723137
0.0614776
0.0514096
0.0428029
0.0355739
0.0294611
0.0249202
0.020933
0.0180423
0.0155119
0.0133407
0.0116323
0.0101973
0.00888069
0.00788241
0.00715184
0.00626774
0.0056537
0.00532391
0.00466759
0.00408629
0.00376015
0.0033963
0.00296442
0.00207076
0.000720797
-0.42204
-0.4513
-0.455828
-0.432559
-0.383616
-0.311315
-0.213452
-0.0992368
-0.00978103
0.042792
0.0657039
0.0697084
0.0652794
0.0572583
0.0489938
0.0417098
0.035144
0.0294108
0.0249263
0.0210623
0.0181244
0.0156231
0.0134322
0.0117274
0.0102873
0.0089429
0.00795084
0.00720782
0.00629754
0.00569583
0.00536223
0.00467581
0.00410992
0.003788
0.00341358
0.00294022
0.00208125
0.000753745
-0.389422
-0.420438
-0.436755
-0.423799
-0.384001
-0.318896
-0.228602
-0.127586
-0.0382352
0.020421
0.0493708
0.060329
0.0606291
0.0553548
0.0484375
0.0412889
0.0347998
0.0292937
0.0248713
0.0210759
0.0181395
0.0156705
0.0134836
0.0118
0.01035
0.00900552
0.00801246
0.00725436
0.00633663
0.00573493
0.00539288
0.00469265
0.00413777
0.00380995
0.00342359
0.00292343
0.00210772
0.000772659
-0.351889
-0.375075
-0.388414
-0.38467
-0.360419
-0.312152
-0.241503
-0.155883
-0.0766378
-0.0135097
0.0256084
0.0447738
0.0509615
0.0494804
0.0451785
0.0395815
0.0342376
0.0292138
0.0249448
0.0213051
0.0182609
0.0158425
0.0136176
0.0119002
0.0104787
0.00908055
0.00807571
0.00732537
0.00638307
0.00576545
0.00542873
0.00472087
0.0041639
0.00382393
0.00343152
0.00291525
0.00214954
0.000774731
-0.30846
-0.335875
-0.346938
-0.343954
-0.321147
-0.280218
-0.221457
-0.150135
-0.0796017
-0.0223758
0.0148395
0.0352793
0.0444566
0.045839
0.0431085
0.0379266
0.0331088
0.0284439
0.0244424
0.0208753
0.0181074
0.0156246
0.0135792
0.0118985
0.0103913
0.0091969
0.00808711
0.00728959
0.00651298
0.00578717
0.00538472
0.00481252
0.00422186
0.00380683
0.00339921
0.00295384
0.00222326
0.000757465
-0.251092
-0.279137
-0.283174
-0.27204
-0.252603
-0.221501
-0.177474
-0.124547
-0.072857
-0.028933
0.00282436
0.0218486
0.03126
0.0342094
0.0337221
0.0317704
0.028965
0.025636
0.022596
0.0196926
0.0172309
0.0150791
0.0131874
0.0116298
0.0102322
0.00909534
0.00801168
0.00726071
0.00651534
0.00575734
0.00537685
0.00484955
0.00421706
0.00378793
0.00338889
0.00300424
0.00224934
0.000724584
-0.204935
-0.230347
-0.236006
-0.228747
-0.212194
-0.187993
-0.156404
-0.118346
-0.0776905
-0.0398859
-0.0100159
0.00954971
0.0209007
0.0269281
0.0290239
0.0283041
0.0262969
0.0236816
0.0210931
0.0186373
0.0164868
0.0145181
0.0128168
0.0113616
0.0100357
0.00898709
0.00794229
0.00720234
0.00650063
0.00574701
0.00535914
0.00485845
0.00421685
0.00378771
0.00337452
0.00303153
0.00225653
0.000701227
-0.167599
-0.187867
-0.193184
-0.18604
-0.171884
-0.152935
-0.128818
-0.0995123
-0.0680409
-0.038605
-0.0143767
0.00274292
0.0135146
0.019658
0.0225065
0.0228818
0.0221275
0.0206278
0.0190388
0.0171508
0.0154495
0.013777
0.012306
0.0110091
0.00977327
0.00884814
0.00783703
0.00711794
0.00648972
0.00572497
0.00532516
0.004876
0.00422923
0.00377788
0.00335352
0.00306114
0.00228501
0.000690118
-0.13485
-0.151274
-0.156344
-0.151703
-0.141345
-0.12722
-0.109615
-0.088932
-0.0663317
-0.0437241
-0.0233241
-0.0071381
0.00401429
0.0113531
0.015695
0.0179274
0.0185708
0.0180554
0.0169791
0.0156446
0.0143594
0.0129637
0.0117235
0.010591
0.00946637
0.00866312
0.00769245
0.00702272
0.00645492
0.00568023
0.00529697
0.00488956
0.00422752
0.00376588
0.00334155
0.00309615
0.00232554
0.000682446
-0.108322
-0.121536
-0.126218
-0.123255
-0.11556
-0.104647
-0.091495
-0.0760067
-0.0586134
-0.0406479
-0.0239362
-0.0100995
4.48215e-05
0.00703147
0.0115851
0.0140016
0.0150235
0.0150608
0.0147351
0.0139572
0.0131161
0.0120257
0.0110343
0.0100977
0.00910056
0.00842287
0.00751609
0.00690023
0.00638956
0.00562817
0.00526366
0.00488319
0.00422096
0.00376254
0.00333107
0.00312228
0.00236449
0.000678855
-0.0866431
-0.0969776
-0.101034
-0.0992167
-0.0936724
-0.0858337
-0.0762481
-0.0650917
-0.0526506
-0.0396375
-0.0269907
-0.0156819
-0.00652625
0.000473492
0.00543259
0.0089954
0.0112042
0.0121099
0.0123968
0.0121374
0.0117449
0.0109731
0.0102398
0.00951957
0.00866524
0.00812891
0.00729904
0.00674589
0.00630291
0.0055595
0.0052152
0.00486567
0.0042134
0.00375666
0.00331406
0.00313754
0.00240484
0.000683498
-0.0688124
-0.0769303
-0.0804316
-0.0795133
-0.0756979
-0.0700969
-0.0632107
-0.0551095
-0.0459945
-0.0361122
-0.0260117
-0.0165225
-0.00838933
-0.00194276
0.00279303
0.00606678
0.00830004
0.00954287
0.0101733
0.0103556
0.0103633
0.00988812
0.00940348
0.00888888
0.00818302
0.00778819
0.00704103
0.00656332
0.00618788
0.00546487
0.00515729
0.00483829
0.00419249
0.0037448
0.00329581
0.00314449
0.00244608
0.000694422
-0.0543759
-0.0607001
-0.063631
-0.0632641
-0.0606739
-0.0567192
-0.0518484
-0.0460951
-0.0395639
-0.0324214
-0.0250043
-0.0178396
-0.0113439
-0.00567919
-0.00119988
0.00239872
0.00515321
0.0068095
0.00788946
0.00846398
0.00886362
0.00869739
0.00845957
0.00817112
0.00763393
0.00739257
0.00674075
0.00634649
0.00604358
0.00535125
0.00508867
0.00479696
0.00416072
0.00373156
0.00327924
0.00314326
0.00248378
0.000712572
-0.0427793
-0.0476567
-0.0500652
-0.0500493
-0.048355
-0.0456155
-0.0422167
-0.0381737
-0.0335382
-0.0284035
-0.0228535
-0.017239
-0.0118922
-0.0069969
-0.00298385
0.000292044
0.00298785
0.00478953
0.00597656
0.00679482
0.00748052
0.00756108
0.00752533
0.0074255
0.00703576
0.00694074
0.00639077
0.0060739
0.00585873
0.0052078
0.00498266
0.00473054
0.00411379
0.00370483
0.00324234
0.00312782
0.00251214
0.000718438
-0.0332829
-0.0370199
-0.0389667
-0.0391515
-0.0380871
-0.0362292
-0.033907
-0.0311272
-0.0279141
-0.0242849
-0.0202334
-0.0160373
-0.0119403
-0.00798305
-0.00459713
-0.00168799
0.000953039
0.00282237
0.00416701
0.00516958
0.00610409
0.00642487
0.00660601
0.00668215
0.00646318
0.00650578
0.00605653
0.00584649
0.00569043
0.00508356
0.00492848
0.00468425
0.00408032
0.00371137
0.00324432
0.00310817
0.0025501
0.000775041
-0.0258343
-0.0286853
-0.0302307
-0.0305027
-0.0298549
-0.0286084
-0.0270463
-0.0251602
-0.0229576
-0.0204574
-0.0175873
-0.0145362
-0.011436
-0.00825795
-0.00543229
-0.0028893
-0.000450049
0.0013762
0.00269598
0.00374476
0.00479825
0.00528385
0.00558198
0.00582924
0.00572944
0.00590934
0.00557301
0.00542439
0.00538496
0.00482544
0.00469832
0.00453324
0.00395023
0.00359373
0.00313155
0.00301577
0.00250327
0.000715344
-0.0195313
-0.0216964
-0.022906
-0.0232084
-0.0228371
-0.0220049
-0.0209562
-0.0196694
-0.018161
-0.0164534
-0.0144369
-0.0122464
-0.00996718
-0.00750948
-0.00528796
-0.00322488
-0.00112351
0.000534702
0.00175833
0.00278078
0.00390301
0.00449293
0.00494183
0.00526402
0.00529599
0.00557124
0.00532439
0.00528003
0.00527822
0.00478344
0.00472423
0.00455538
0.00399341
0.0036866
0.00321728
0.00308126
0.00260036
0.000861697
-0.0148796
-0.0164934
-0.0174188
-0.0177124
-0.0175229
-0.0169879
-0.0163249
-0.0154994
-0.0145208
-0.013409
-0.0120371
-0.0105297
-0.00892161
-0.00707947
-0.00537059
-0.00373778
-0.00193113
-0.00045841
0.000652439
0.00162326
0.0027315
0.00338969
0.0038621
0.00431569
0.00442993
0.00480586
0.00466389
0.00467058
0.00478358
0.0043402
0.00431243
0.00423112
0.00369939
0.00340283
0.00294198
0.00275183
0.00238945
0.00069308
-0.0103886
-0.011622
-0.0123284
-0.0125849
-0.0124902
-0.0121324
-0.01171
-0.0111728
-0.010527
-0.00979937
-0.00886567
-0.00783598
-0.00672235
-0.005362
-0.00411157
-0.00288178
-0.00142796
-0.000212217
0.000683883
0.00150371
0.00253719
0.00317345
0.00369571
0.00412756
0.00430031
0.00471243
0.00463563
0.00469921
0.00485093
0.00446736
0.00447454
0.00441644
0.00388569
0.00363774
0.00318234
0.00302385
0.0025758
0.000937782
-0.00754608
-0.00846449
-0.00899605
-0.00922888
-0.0092172
-0.00900339
-0.00876293
-0.00844575
-0.00806582
-0.00765101
-0.00706851
-0.00642619
-0.00570517
-0.00474767
-0.00388422
-0.00300739
-0.00182211
-0.000824757
-0.000102766
0.000608702
0.00154691
0.00216634
0.00263011
0.00314002
0.00335807
0.00380932
0.00382235
0.0039226
0.00414937
0.00383064
0.00387662
0.00387226
0.00340297
0.00316134
0.00268311
0.0023025
0.00217104
0.000692245
-0.00405395
-0.0047424
-0.00514821
-0.00536335
-0.00540506
-0.00528735
-0.00517759
-0.00501052
-0.00478728
-0.00455038
-0.0041618
-0.00375112
-0.00329204
-0.00261886
-0.00204649
-0.00147474
-0.000562981
0.00020516
0.000708042
0.00123447
0.00202384
0.00257264
0.00297457
0.0034261
0.00359239
0.00405277
0.00408182
0.0041596
0.00448008
0.00413574
0.00420113
0.00426576
0.00372112
0.00356554
0.0031012
0.00285646
0.00242791
0.000987984
-0.0021778
-0.00272834
-0.00305378
-0.00326317
-0.00334783
-0.0033133
-0.00330204
-0.00324622
-0.00316373
-0.00309158
-0.00290996
-0.00275424
-0.00252913
-0.00211634
-0.00177272
-0.00140009
-0.000705767
-0.000181942
0.00017608
0.000636328
0.00126586
0.00174753
0.00202345
0.00252937
0.00269867
0.00312249
0.00325293
0.00331363
0.00366442
0.00342271
0.00349552
0.00357542
0.00316994
0.00298172
0.00244227
0.00170462
0.00189817
0.00079132
0.000582001
0.000164671
-0.000111138
-0.000331638
-0.000468931
-0.000518719
-0.000587225
-0.000623531
-0.000619739
-0.000628436
-0.000513696
-0.000446522
-0.000324352
-0.000103304
8.17383e-05
0.000265105
0.000795296
0.0011317
0.00136603
0.00166469
0.00216284
0.00256403
0.00272296
0.00319892
0.00315106
0.00368878
0.00370779
0.00373175
0.00423663
0.00383361
0.00393976
0.00409777
0.00359206
0.00346781
0.00294761
0.00256353
0.00227356
0.00100506
0.00210762
0.00172682
0.00143615
0.00120465
0.00101119
0.000850442
0.000699462
0.000527487
0.000403574
0.000261012
0.000212131
0.000195947
0.000236653
0.000285418
0.000438035
0.000462255
0.000680522
0.000894782
0.00116338
0.00134858
0.00163188
0.00202227
0.0020959
0.00263629
0.00247569
0.00301056
0.00311548
0.0029929
0.00366471
0.00331973
0.00332073
0.00370255
0.00330834
0.0030566
0.00263356
0.00230275
0.00222214
0.000991464
0.0036115
0.00333153
0.00307224
0.00285615
0.00267226
0.00249944
0.00235942
0.00221451
0.00208811
0.00197612
0.00187474
0.00179888
0.00178368
0.00175681
0.00184522
0.00190818
0.00195081
0.00202519
0.00220815
0.00238739
0.00249709
0.00275633
0.0028504
0.00315197
0.00320132
0.00341
0.00361222
0.00356333
0.00387021
0.00378777
0.00376001
0.0038837
0.0035478
0.003405
0.00310281
0.00230632
0.00185657
0.000924332
0.00414239
0.00391507
0.00369883
0.00349133
0.00329021
0.00309332
0.00290999
0.0027325
0.00257011
0.00241693
0.00229047
0.00218026
0.00209788
0.00202287
0.00199386
0.00196361
0.00195951
0.00200516
0.00208115
0.00218678
0.00224879
0.00242824
0.0025064
0.00271496
0.00281026
0.00294139
0.0031561
0.00311617
0.00337706
0.00337785
0.00328764
0.00350988
0.00324155
0.00295103
0.00277693
0.00208449
0.00133712
0.000584615
0.00466881
0.00446331
0.0042592
0.00406343
0.00387746
0.00369602
0.00352444
0.00335835
0.0032002
0.00305173
0.00290795
0.00277878
0.00268357
0.00260258
0.00255684
0.00253908
0.00251254
0.0024994
0.00253422
0.00261907
0.00267754
0.00278083
0.00287004
0.00299785
0.00311999
0.0032026
0.00336601
0.0034022
0.00350983
0.003589
0.00349753
0.00354002
0.00338322
0.00302502
0.0027624
0.00215439
0.0013334
0.000555525
-0.0947714
-0.11351
-0.133192
-0.154667
-0.178155
-0.204598
-0.233302
-0.267185
-0.0864109
-0.102177
-0.117932
-0.135164
-0.152454
-0.171607
-0.19023
-0.213466
-0.0751901
-0.0869687
-0.0983847
-0.110819
-0.123579
-0.137483
-0.15322
-0.17278
-0.065718
-0.074781
-0.0838697
-0.0935331
-0.10425
-0.115716
-0.128952
-0.143995
-0.0568106
-0.0639229
-0.0712184
-0.0788313
-0.0872344
-0.0957709
-0.105312
-0.116598
-0.0491029
-0.0544866
-0.0599531
-0.0654912
-0.0715394
-0.0777869
-0.0850798
-0.0940729
-0.0418879
-0.045808
-0.0497783
-0.0538739
-0.0584558
-0.063334
-0.0689976
-0.0759064
-0.0354905
-0.0383271
-0.0412102
-0.0442463
-0.0476516
-0.0512656
-0.0554275
-0.0606455
-0.0298162
-0.0318167
-0.0338332
-0.0359724
-0.0383877
-0.0410047
-0.044109
-0.0481339
-0.0247469
-0.0261285
-0.0275077
-0.0289912
-0.0307067
-0.0326313
-0.0349686
-0.0380504
-0.0202304
-0.0211823
-0.022118
-0.0231287
-0.0243158
-0.025682
-0.0273886
-0.0297112
-0.0163065
-0.0169666
-0.017615
-0.0183075
-0.0191218
-0.0200884
-0.0213493
-0.0231225
-0.0127629
-0.0132244
-0.0136565
-0.0140914
-0.0145976
-0.0152346
-0.0161364
-0.0174724
-0.00986064
-0.0101412
-0.0104367
-0.010761
-0.0111499
-0.0116385
-0.0123259
-0.0133387
-0.00687763
-0.00712515
-0.00737282
-0.00759102
-0.00779848
-0.00805431
-0.0084824
-0.0092131
-0.00473309
-0.00485405
-0.00501138
-0.00517444
-0.00535497
-0.00560492
-0.00601069
-0.00662895
-0.00219134
-0.00233774
-0.00250496
-0.00263575
-0.00272491
-0.00282228
-0.0030217
-0.00340355
-0.000347977
-0.000433206
-0.000565247
-0.000688321
-0.000797071
-0.0009403
-0.00119722
-0.00159769
0.0019624
0.00182509
0.00165893
0.00152639
0.00144003
0.00135859
0.0012169
0.000974326
0.00395208
0.00374707
0.00353604
0.00333304
0.00314298
0.00294649
0.00272579
0.0024589
0.00478776
0.0046495
0.00451328
0.0043744
0.00423806
0.00410589
0.00397564
0.00382768
0.00543948
0.00527912
0.00511966
0.00495935
0.00480009
0.0046439
0.00449069
0.00433639
0.00577827
0.00563654
0.00550071
0.00536784
0.00523555
0.00510305
0.00497093
0.00483832
0.0882801
0.0931547
0.0979349
0.101869
0.104203
0.104808
0.103574
0.100003
0.0931915
0.0818577
0.0642369
0.0379348
-0.000878421
-0.0552166
-0.101567
0.0660976
0.0686493
0.0698892
0.0699515
0.0686641
0.0657091
0.0606182
0.0526697
0.0408527
0.0238142
-0.000310999
-0.033929
-0.0804084
-0.143646
-0.191669
0.0430937
0.0434595
0.0414005
0.0380882
0.033669
0.0275687
0.0190668
0.00733573
-0.00868305
-0.0304046
-0.0597594
-0.0992961
-0.151459
-0.219142
-0.265541
0.0184705
0.0166103
0.0121463
0.006578
-0.000138348
-0.00877119
-0.0200848
-0.034858
-0.0540876
-0.0793273
-0.112435
-0.155993
-0.211616
-0.278224
-0.321344
-0.00718941
-0.0111921
-0.0171229
-0.023965
-0.032251
-0.0427686
-0.0561448
-0.0731136
-0.0944023
-0.121864
-0.15715
-0.20246
-0.258191
-0.320329
-0.358481
-0.0327692
-0.0384956
-0.0452484
-0.0529223
-0.0623283
-0.0740786
-0.0886839
-0.106833
-0.129416
-0.157686
-0.193266
-0.237682
-0.290528
-0.345286
-0.377905
-0.0579045
-0.0642095
-0.0713862
-0.0798083
-0.0900219
-0.102463
-0.117596
-0.136048
-0.158622
-0.186324
-0.220427
-0.261773
-0.308838
-0.353692
-0.381726
-0.0814011
-0.0881026
-0.0957163
-0.104672
-0.115298
-0.127897
-0.142878
-0.160789
-0.182297
-0.208207
-0.239353
-0.275761
-0.314489
-0.347933
-0.372554
0.20844
0.223704
0.24045
0.259035
0.279526
0.30182
0.325803
0.351409
0.37855
0.406974
0.436126
0.464936
0.491551
0.51245
0.529879
0.207685
0.222217
0.23813
0.256024
0.275896
0.297473
0.320569
0.34511
0.371002
0.397965
0.425386
0.45212
0.476209
0.494193
0.508784
0.202539
0.215548
0.230244
0.247119
0.265874
0.28606
0.30742
0.329853
0.353226
0.377195
0.401052
0.423533
0.442485
0.45459
0.46366
0.193395
0.204241
0.21729
0.232653
0.24967
0.267731
0.286541
0.305961
0.325776
0.345509
0.364285
0.380651
0.392165
0.395606
0.397064
0.179748
0.188385
0.199691
0.213345
0.228206
0.243491
0.258926
0.274404
0.289658
0.304061
0.316524
0.325356
0.327772
0.320416
0.312574
0.162322
0.16828
0.177645
0.189416
0.201868
0.214056
0.225709
0.236712
0.246714
0.254948
0.260132
0.26035
0.252491
0.233058
0.214215
0.141188
0.145088
0.152802
0.162251
0.171591
0.180097
0.187589
0.193853
0.19833
0.20005
0.197541
0.188674
0.170058
0.138198
0.108116
0.115958
0.118954
0.125997
0.133141
0.139024
0.143451
0.146458
0.147725
0.146485
0.141569
0.131323
0.113416
0.0841945
0.0403857
0.000484573
0.0249765
0.0256824
0.0252652
0.0278579
0.0269049
0.0312021
0.0297515
0.0350099
0.0350741
0.0399564
0.0421869
0.0480925
0.0519985
0.0589435
0.0652301
0.0740408
0.0831747
0.094953
0.107891
0.123764
0.141555
0.162891
0.186964
0.0249794
0.0256731
0.0252703
0.0279038
0.0269567
0.0311316
0.0298046
0.0349757
0.0351394
0.0398911
0.0422703
0.0480738
0.052143
0.0590647
0.0655133
0.0743612
0.0836164
0.0954533
0.108397
0.124388
0.141999
0.163188
0.186859
0.0249811
0.0256559
0.0252805
0.0279243
0.0270309
0.0310292
0.0298715
0.0349165
0.0352369
0.039997
0.0424037
0.0480485
0.0522937
0.059159
0.0657481
0.074598
0.0839094
0.0957754
0.108417
0.124179
0.141091
0.162063
0.183626
0.0249816
0.0256334
0.0252958
0.0279209
0.0271211
0.0309039
0.0299455
0.0348404
0.0353519
0.0399798
0.0425414
0.0480111
0.0524366
0.0592286
0.0659101
0.0747374
0.0839601
0.0958728
0.108188
0.123901
0.139861
0.159515
0.178381
0.0249805
0.0256085
0.0253142
0.0278947
0.0272226
0.0307672
0.030076
0.0347396
0.0354896
0.039995
0.0427102
0.0479814
0.0525998
0.0593321
0.0660905
0.0748874
0.0839186
0.0954361
0.106795
0.121479
0.135831
0.153154
0.16838
0.024978
0.0255834
0.025335
0.0278476
0.0273231
0.030624
0.0303028
0.0346687
0.0356275
0.0399332
0.0428277
0.0479475
0.0527151
0.0594492
0.066179
0.0750326
0.0839658
0.0955569
0.106665
0.120814
0.131817
0.147041
0.155955
0.0249749
0.0255609
0.0253533
0.0277836
0.0274296
0.0304894
0.030463
0.0345314
0.0357819
0.0400119
0.0430754
0.0479909
0.0529363
0.0595858
0.0662546
0.074796
0.0832453
0.093751
0.103537
0.115997
0.125494
0.136499
0.139823
0.0249695
0.0255451
0.0253678
0.0276957
0.0275123
0.0303894
0.0307836
0.0345468
0.035955
0.039902
0.0431117
0.0480544
0.0531978
0.0601219
0.0668015
0.0757773
0.0840155
0.0948386
0.103818
0.114203
0.119336
0.125884
0.120478
0.0249429
0.0255153
0.025377
0.027617
0.0276405
0.0301196
0.030815
0.0341829
0.0360805
0.0401709
0.0436248
0.0478718
0.053068
0.0590382
0.0654875
0.0730281
0.0806958
0.0887869
0.0958145
0.101703
0.10391
0.101766
0.0930324
0.0248971
0.0254878
0.0253761
0.0274307
0.0276629
0.0297213
0.0309171
0.0336515
0.035887
0.0387813
0.0422646
0.0462178
0.051339
0.0564791
0.0624765
0.0685514
0.0750501
0.0806201
0.0854324
0.087496
0.0875471
0.0827701
0.0746147
0.0248497
0.0254317
0.0253434
0.0272072
0.0277163
0.0292655
0.0309839
0.032998
0.0355151
0.0381226
0.0415327
0.0448794
0.0496524
0.0539942
0.0591206
0.063827
0.0687055
0.0721231
0.0745358
0.0742019
0.0716323
0.0656125
0.0575103
0.0247917
0.0253487
0.0252942
0.0269567
0.02774
0.0287446
0.0309744
0.032345
0.0350221
0.0371033
0.04018
0.0432105
0.0473354
0.0509837
0.0550001
0.0584877
0.0617375
0.0633954
0.0636438
0.0615313
0.0574222
0.0510544
0.0432616
0.0247195
0.0252419
0.0252134
0.0266704
0.0277203
0.028214
0.0308324
0.0316507
0.0342708
0.0361762
0.0386433
0.0413117
0.0447666
0.04764
0.0505161
0.052799
0.0545251
0.0546356
0.0532688
0.0499288
0.0450588
0.0386043
0.031241
0.0246275
0.0251123
0.0250965
0.0263579
0.0276197
0.0276719
0.0305279
0.030947
0.0333012
0.0350679
0.0368345
0.0390641
0.0418989
0.0438991
0.0456563
0.0468378
0.0473176
0.0462043
0.0437449
0.0396922
0.0344719
0.0280897
0.021192
0.0245111
0.0249601
0.0249324
0.0260162
0.0274244
0.0271304
0.0300293
0.030193
0.0321178
0.0338085
0.0348713
0.0364921
0.0388061
0.0399499
0.0406185
0.0408783
0.0404133
0.0384145
0.0352313
0.0308866
0.0256665
0.0194854
0.0128607
0.0243636
0.0247817
0.024717
0.0256503
0.0271121
0.0265762
0.0293383
0.029371
0.0307696
0.0323089
0.0327706
0.0336833
0.0354956
0.0359255
0.0355766
0.0350743
0.0339797
0.0314255
0.0278154
0.0234999
0.0186745
0.0129038
0.00661085
0.0241801
0.0245755
0.0244458
0.0252497
0.0266799
0.0260018
0.0284784
0.028445
0.0292896
0.0306031
0.0305603
0.0307701
0.0320626
0.031943
0.03075
0.0296259
0.0281536
0.0253278
0.0215161
0.0173605
0.0129632
0.00784182
0.00207155
0.0239564
0.0243364
0.0241154
0.0248074
0.0261309
0.0253854
0.0274788
0.0273922
0.0277243
0.0287425
0.0282722
0.0278614
0.0286199
0.0280717
0.0262759
0.0246868
0.0230169
0.0201416
0.0163343
0.0124443
0.00859213
0.00415695
-0.00098148
0.0236903
0.0240592
0.0237243
0.0243116
0.0254834
0.0247093
0.0263779
0.0262048
0.0261055
0.0267884
0.0259617
0.0250594
0.0253365
0.0244473
0.0222569
0.0203569
0.0186121
0.0158463
0.0122259
0.00868407
0.00538684
0.00163364
-0.00277658
0.023379
0.0237426
0.0232735
0.0237486
0.0247518
0.0239685
0.0252118
0.0249093
0.0244579
0.0248103
0.0236608
0.0223935
0.0223073
0.0211938
0.0188037
0.0167522
0.0150081
0.0124125
0.00907221
0.005933
0.00317849
9.50597e-05
-0.00358974
0.023023
0.0233767
0.0227657
0.0231223
0.0239572
0.0231423
0.0240077
0.0235456
0.0228536
0.0229344
0.0215057
0.0199626
0.0195841
0.018303
0.0158414
0.0137834
0.0121447
0.00980079
0.00682432
0.00413094
0.00189093
-0.000625399
-0.00374159
0.0226336
0.0229717
0.0221806
0.0224181
0.023136
0.0222978
0.0227685
0.0221353
0.0212772
0.0211505
0.0195692
0.0178953
0.017373
0.0160185
0.0135606
0.0115462
0.0100086
0.00787389
0.00521691
0.00291999
0.00112016
-0.000884335
-0.00340264
0.0221986
0.0225246
0.0215616
0.0216706
0.0222992
0.0214183
0.0215504
0.0207794
0.0198387
0.0195535
0.0178042
0.0160565
0.0154751
0.0141424
0.0118142
0.00998096
0.00864035
0.00676808
0.00446743
0.00257528
0.00116334
-0.000470827
-0.00260549
0.0217696
0.0220129
0.0208416
0.020902
0.021509
0.0205323
0.0203364
0.0194934
0.0186403
0.0182712
0.0164322
0.0147148
0.0141461
0.0128339
0.0105922
0.00886037
0.00761502
0.00590134
0.00386901
0.00230782
0.0012297
-3.59522e-05
-0.00172146
0.0213143
0.0215036
0.0201407
0.0201478
0.0207923
0.0197319
0.0191064
0.0183049
0.0175925
0.0171247
0.0152755
0.0136971
0.0132608
0.0121352
0.0101663
0.00867338
0.00758887
0.00607288
0.00433093
0.00306625
0.00220465
0.00111013
-0.000370823
0.0208997
0.0208884
0.0194384
0.0194852
0.0201124
0.0189298
0.0181651
0.017439
0.0169131
0.0163504
0.0145051
0.0131476
0.0128205
0.0117511
0.00994844
0.00859914
0.00755487
0.00612498
0.00461318
0.00361811
0.00297557
0.00210803
0.000941635
0.0205496
0.0203439
0.0188185
0.0189807
0.0194957
0.0182906
0.0173193
0.0167702
0.0164479
0.0156813
0.0140179
0.0130869
0.01297
0.0121184
0.0106608
0.00953069
0.00854567
0.00726441
0.00602933
0.0052424
0.00466354
0.0038656
0.00288356
0.0201386
0.0198445
0.0184581
0.0184276
0.0190276
0.0179631
0.0167593
0.0163884
0.0162269
0.0155291
0.0143077
0.0133715
0.0130323
0.0125617
0.0116062
0.0105995
0.00977966
0.00899707
0.00818711
0.00747092
0.00684763
0.00619813
0.00545838
0.0195236
0.0194557
0.0184578
0.0177519
0.017977
0.0174599
0.0162556
0.0156095
0.0153272
0.0148207
0.0138352
0.012734
0.0120274
0.0115979
0.0109957
0.0102
0.00948695
0.00892633
0.00839985
0.00788246
0.00742675
0.00704462
0.00665221
0.0191602
0.0191286
0.0181455
0.0173221
0.0174958
0.01718
0.0160746
0.0152692
0.0150716
0.0147153
0.0138261
0.0128191
0.0120994
0.0116191
0.0111267
0.0105268
0.00989071
0.0093018
0.00877834
0.00831343
0.00788894
0.00748743
0.00709174
0.0188889
0.0188175
0.0182293
0.0172865
0.0169339
0.01666
0.0159649
0.0151473
0.0145968
0.0141552
0.0135368
0.012724
0.0119331
0.0113209
0.010819
0.0103069
0.00977208
0.00927433
0.00883342
0.00843813
0.00807716
0.00775626
0.00746929
0.0812633
0.0621997
0.0383961
0.0152138
-0.0079642
-0.0312843
-0.0538554
-0.0750902
0.065307
0.0456672
0.0209416
-0.000273028
-0.0190081
-0.0372251
-0.0544956
-0.0706869
0.0500675
0.0346002
0.0132319
-0.00593027
-0.0212723
-0.0351506
-0.0488521
-0.0625315
0.0366444
0.0238361
0.00505626
-0.0121746
-0.0254489
-0.0362471
-0.0463961
-0.0562595
0.0251816
0.0146978
-0.000909981
-0.0155352
-0.0262601
-0.0342767
-0.0418278
-0.0493818
0.0158524
0.007451
-0.00525619
-0.017416
-0.0261385
-0.0322785
-0.0379009
-0.0435068
0.00801395
0.00154823
-0.00819711
-0.0177777
-0.0246949
-0.0294375
-0.03363
-0.0377709
0.00174323
-0.00345215
-0.0103404
-0.0170772
-0.0222959
-0.0261048
-0.0293807
-0.0324815
-0.00258569
-0.00681868
-0.0114326
-0.0158842
-0.0196681
-0.0227019
-0.0253026
-0.027641
-0.00523061
-0.00861292
-0.0116175
-0.0144515
-0.0170987
-0.019428
-0.021453
-0.0231991
-0.00648599
-0.00912916
-0.0110252
-0.0127558
-0.014551
-0.016285
-0.0178306
-0.0191267
-0.00677908
-0.00884261
-0.0100148
-0.011027
-0.0122109
-0.0134638
-0.014607
-0.0155416
-0.00639227
-0.00793954
-0.00857297
-0.00907555
-0.00981304
-0.0106985
-0.011537
-0.0122137
-0.00555787
-0.00673268
-0.00708368
-0.00732552
-0.00780315
-0.00844416
-0.00905925
-0.00952759
-0.0043933
-0.00526596
-0.005364
-0.0053496
-0.00555975
-0.00594569
-0.00633279
-0.00662607
-0.00311934
-0.00374345
-0.00374187
-0.00368217
-0.00383446
-0.00414
-0.00443301
-0.00462012
-0.00153957
-0.00199652
-0.00187426
-0.00168335
-0.00168136
-0.00182658
-0.00198202
-0.00208508
5.13812e-05
-0.000260742
-0.000135666
1.05914e-05
-1.18327e-05
-0.000146178
-0.00026369
-0.000313344
0.00217806
0.00196106
0.00210624
0.00225892
0.00226624
0.00217741
0.00209308
0.00203982
0.00485537
0.00457456
0.00456196
0.00460857
0.00458329
0.00446884
0.00430946
0.00413752
0.00624959
0.00592479
0.00568129
0.00551939
0.00539243
0.00525583
0.00509902
0.00493718
0.00677537
0.00656271
0.00639534
0.00624559
0.00609543
0.00593696
0.005771
0.00560353
0.00723064
0.00702264
0.00680545
0.00659933
0.00641244
0.00624197
0.00608138
0.0059268
-0.30141
-0.307585
-0.318262
-0.333059
-0.35229
-0.376437
-0.403897
-0.429729
-0.299119
-0.30495
-0.314188
-0.326833
-0.343038
-0.362782
-0.385245
-0.407111
-0.294256
-0.300048
-0.308776
-0.319975
-0.334067
-0.350624
-0.36685
-0.37871
-0.289054
-0.294752
-0.302791
-0.312331
-0.323077
-0.333763
-0.341519
-0.343202
-0.285731
-0.290494
-0.296878
-0.303359
-0.309158
-0.313102
-0.313302
-0.307677
-0.285499
-0.288088
-0.291297
-0.293436
-0.293919
-0.292081
-0.286667
-0.276102
-0.288573
-0.287534
-0.286193
-0.283358
-0.278951
-0.272542
-0.263061
-0.249102
-0.294041
-0.288099
-0.281362
-0.273541
-0.264948
-0.254962
-0.242495
-0.226165
-0.300312
-0.288644
-0.276299
-0.264056
-0.252035
-0.239235
-0.224562
-0.206579
-0.305743
-0.288038
-0.27056
-0.254852
-0.240019
-0.22511
-0.208787
-0.189725
-0.309164
-0.2854
-0.264041
-0.245662
-0.228703
-0.212261
-0.194776
-0.17509
-0.309039
-0.280578
-0.256659
-0.236342
-0.217883
-0.200391
-0.182213
-0.162304
-0.305994
-0.273677
-0.248426
-0.226695
-0.207334
-0.189269
-0.170838
-0.15111
-0.297858
-0.264681
-0.239103
-0.216667
-0.197187
-0.178754
-0.160493
-0.141161
-0.286678
-0.25517
-0.22904
-0.20696
-0.187171
-0.168522
-0.150584
-0.132057
-0.238286
-0.25531
-0.273214
-0.287344
-0.295886
-0.299336
-0.299694
-0.299453
-0.244867
-0.259939
-0.275163
-0.286615
-0.293036
-0.295465
-0.295998
-0.296551
-0.252619
-0.266927
-0.280746
-0.290237
-0.294217
-0.294099
-0.292647
-0.292067
-0.264236
-0.278197
-0.290857
-0.298237
-0.299114
-0.29517
-0.29017
-0.287424
-0.279284
-0.293091
-0.304672
-0.309934
-0.307543
-0.299339
-0.290229
-0.284937
-0.296827
-0.310607
-0.321187
-0.324445
-0.319018
-0.306859
-0.293918
-0.286311
-0.316106
-0.329934
-0.339583
-0.340971
-0.332857
-0.317367
-0.301536
-0.291967
-0.336412
-0.35032
-0.359101
-0.358782
-0.348458
-0.330398
-0.312676
-0.300995
-0.357091
-0.371065
-0.379058
-0.377167
-0.364835
-0.344668
-0.326347
-0.311977
-0.377519
-0.391513
-0.398775
-0.395764
-0.382485
-0.360621
-0.34067
-0.322646
-0.397068
-0.411067
-0.417445
-0.412808
-0.39743
-0.376217
-0.354554
-0.332298
-0.415108
-0.429123
-0.435514
-0.430566
-0.414735
-0.392277
-0.366684
-0.338567
-0.431138
-0.444888
-0.449772
-0.443377
-0.426733
-0.404077
-0.375829
-0.34194
-0.44492
-0.458118
-0.46443
-0.457955
-0.440212
-0.415096
-0.382843
-0.342027
-0.456186
-0.468265
-0.471922
-0.465284
-0.446808
-0.420116
-0.384771
-0.339063
-0.468672
-0.481957
-0.487301
-0.477264
-0.452327
-0.419391
-0.380061
-0.335768
-0.461505
-0.474124
-0.482228
-0.477634
-0.460256
-0.42958
-0.390952
-0.346157
-0.432135
-0.444904
-0.456268
-0.45739
-0.447549
-0.42308
-0.391192
-0.345663
-0.378704
-0.391117
-0.40436
-0.410961
-0.407952
-0.39075
-0.367965
-0.332111
-0.304736
-0.320003
-0.336008
-0.345315
-0.347603
-0.338437
-0.325287
-0.304153
-0.210172
-0.229704
-0.251338
-0.267239
-0.273886
-0.27179
-0.268003
-0.263231
-0.101456
-0.124246
-0.150636
-0.174067
-0.191115
-0.197855
-0.201785
-0.210554
0.00532066
-0.0183257
-0.04728
-0.0762789
-0.103329
-0.123918
-0.138107
-0.154931
0.0723245
0.0515256
0.0245188
-0.00421647
-0.0324197
-0.0576244
-0.077457
-0.10165
0.100739
0.083562
0.0605684
0.0359174
0.011971
-0.0102921
-0.0284823
-0.0533074
0.100766
0.0878074
0.0707483
0.0524509
0.0345946
0.0176839
0.00323413
-0.0170204
0.0884985
0.0794574
0.0681103
0.0560459
0.0438405
0.032298
0.021155
0.0064569
0.0734864
0.0674561
0.0602773
0.0528595
0.0452928
0.0375518
0.0297603
0.0196074
0.060169
0.0563262
0.05188
0.0473037
0.0426291
0.0377596
0.0326476
0.0258157
0.0492439
0.046714
0.0439196
0.0410614
0.0380963
0.0349183
0.0317843
0.0270624
0.0405802
0.0389413
0.0371571
0.035329
0.0334577
0.0313493
0.0294559
0.0264909
0.0333938
0.0323297
0.0312053
0.030026
0.0287998
0.0273749
0.0261056
0.0242964
0.0279808
0.0272146
0.0264261
0.0256271
0.0248326
0.023893
0.0230337
0.0219281
0.0233194
0.0228674
0.022394
0.0218698
0.0213272
0.0207069
0.0201288
0.0194722
0.0200156
0.0195763
0.0191485
0.0187304
0.0183214
0.0178698
0.0174329
0.0169944
0.0170223
0.0167853
0.0165436
0.0162819
0.0160171
0.0157331
0.0154528
0.0151928
0.0146768
0.0144233
0.0141783
0.0139387
0.0137055
0.0134682
0.0132426
0.013048
0.0128502
0.0127022
0.0125565
0.0124081
0.012257
0.0120956
0.0119293
0.0117821
0.011033
0.0109225
0.0108155
0.0107084
0.0106036
0.0104987
0.0104023
0.0103185
0.00971972
0.00959861
0.00948172
0.00936844
0.00925999
0.00915658
0.00906296
0.0089886
0.00866603
0.00863055
0.00859523
0.00855756
0.00851619
0.00846894
0.00842468
0.00837135
0.00749437
0.00741874
0.00734757
0.00728266
0.00722511
0.00717357
0.00713331
0.00710693
0.006874
0.00681678
0.0067617
0.00670757
0.00665547
0.00660748
0.00656449
0.00652178
0.0062322
0.00623516
0.0062381
0.00623891
0.00623456
0.00622485
0.00621771
0.00618759
0.00539936
0.00534846
0.0053005
0.00525789
0.00522105
0.00518896
0.00516705
0.0051571
0.00509354
0.00504601
0.005001
0.0049591
0.00492268
0.00489344
0.00486945
0.00485455
0.00473568
0.0047579
0.00477879
0.00479507
0.0048045
0.00480892
0.00480869
0.00477525
0.00399664
0.00398411
0.0039738
0.00396598
0.00395909
0.00395436
0.00395787
0.00395568
0.00355993
0.00351797
0.00347918
0.00344615
0.00342026
0.00340153
0.00339343
0.0034029
0.0032679
0.00324097
0.00321579
0.00319314
0.00317489
0.00316184
0.00315224
0.00314907
0.00315435
0.00319505
0.00323247
0.00326419
0.0032893
0.00330794
0.00331563
0.00329449
0.00215861
0.00218843
0.00221773
0.00224397
0.00226636
0.00228644
0.00229988
0.00229131
0.000454823
0.000401059
0.000353291
0.000314057
0.00028587
0.000273344
0.000282643
0.000313052
-0.301553
-0.246827
-0.207557
-0.173497
-0.142763
-0.118254
-0.0973563
-0.0800092
-0.0656122
-0.0536665
-0.0437624
-0.0354728
-0.0287101
-0.0229214
-0.0183232
-0.0141119
-0.0110531
-0.00758258
-0.00554886
-0.00148738
-0.000221749
0.00126397
0.00172041
-0.317873
-0.267207
-0.226831
-0.189154
-0.15658
-0.129629
-0.106628
-0.0875635
-0.0716834
-0.058504
-0.0476093
-0.0385043
-0.0310799
-0.024767
-0.0197373
-0.0151662
-0.0118892
-0.00812199
-0.00603719
-0.00197211
-0.000622912
0.000976456
0.00145933
-0.313068
-0.265903
-0.227038
-0.191169
-0.15985
-0.13303
-0.109996
-0.0906862
-0.0744493
-0.0608914
-0.0496337
-0.0401916
-0.0324619
-0.0258907
-0.0206436
-0.0158617
-0.0124662
-0.0085226
-0.0063634
-0.00235227
-0.000930274
0.000697453
0.00120511
-0.298285
-0.251742
-0.215928
-0.183205
-0.15459
-0.129715
-0.108149
-0.0897852
-0.0741495
-0.0609567
-0.0498964
-0.0405474
-0.0328332
-0.0262389
-0.0209697
-0.0161043
-0.0126898
-0.00867362
-0.00649149
-0.00263048
-0.00117936
0.000439763
0.000955392
-0.274526
-0.230672
-0.199431
-0.170238
-0.144749
-0.122569
-0.103146
-0.0863477
-0.0718578
-0.059478
-0.0489695
-0.0399953
-0.032511
-0.0260494
-0.0208816
-0.0160187
-0.0126449
-0.00862679
-0.00646423
-0.00281334
-0.00140684
0.0002081
0.000708052
-0.240867
-0.203658
-0.178923
-0.153811
-0.13219
-0.113216
-0.0963182
-0.0814411
-0.0684183
-0.0571192
-0.0473816
-0.0389614
-0.0318483
-0.02563
-0.0206426
-0.0158595
-0.0125576
-0.00858268
-0.00644252
-0.00294047
-0.00160385
3.72554e-06
0.00047171
-0.198092
-0.170759
-0.154237
-0.13408
-0.117311
-0.102048
-0.0880336
-0.0753792
-0.0640764
-0.0540646
-0.0452619
-0.037525
-0.0308834
-0.0249868
-0.0202388
-0.015594
-0.0124003
-0.0085053
-0.00642768
-0.00305542
-0.00180208
-0.000182541
0.00024812
-0.150117
-0.133177
-0.125728
-0.111401
-0.10036
-0.0892384
-0.0784181
-0.068268
-0.0589313
-0.0504053
-0.0426893
-0.0357638
-0.0296914
-0.0241845
-0.0197239
-0.0152609
-0.0122002
-0.00840785
-0.00640068
-0.00312456
-0.00198428
-0.000354057
4.30085e-05
-0.101809
-0.0951495
-0.0952084
-0.0869404
-0.081986
-0.0749464
-0.0675066
-0.0601591
-0.0530259
-0.0461456
-0.03966
-0.0336789
-0.0282724
-0.0232389
-0.0191208
-0.0148874
-0.0119935
-0.00831065
-0.00640331
-0.00319531
-0.00213676
-0.000512722
-0.000140149
-0.0581566
-0.0602178
-0.0654746
-0.0627706
-0.0632128
-0.059721
-0.0556586
-0.0512569
-0.0463593
-0.0411911
-0.0360765
-0.0311437
-0.0264903
-0.0220087
-0.0182981
-0.0143355
-0.0116519
-0.00810636
-0.00632121
-0.00321787
-0.00227079
-0.000645418
-0.000305251
-0.0239326
-0.0311355
-0.0392094
-0.0409818
-0.0452697
-0.0447064
-0.0438765
-0.0421351
-0.0392622
-0.0358219
-0.0321413
-0.0283023
-0.0244814
-0.020617
-0.01737
-0.0137176
-0.0112953
-0.00789889
-0.00627475
-0.00323782
-0.00234684
-0.000763954
-0.000437883
-0.00117523
-0.0100517
-0.0187875
-0.023131
-0.0293662
-0.0310038
-0.0328682
-0.0330792
-0.0319676
-0.0301686
-0.0278413
-0.0250679
-0.0221207
-0.0189153
-0.0161747
-0.0128617
-0.0107397
-0.00750916
-0.00608368
-0.00323175
-0.00239428
-0.000854482
-0.000544007
0.012491
0.00353064
-0.00471216
-0.0100736
-0.0167099
-0.0196389
-0.0231648
-0.0245784
-0.0249214
-0.0245145
-0.0233495
-0.0215692
-0.0194765
-0.0169438
-0.0147442
-0.0118162
-0.0100344
-0.00702382
-0.00582429
-0.00316474
-0.002419
-0.000914336
-0.00063599
0.0201013
0.0118525
0.00452749
-0.00100594
-0.00742736
-0.0109108
-0.0151535
-0.0172666
-0.0186631
-0.0192946
-0.0190614
-0.0181564
-0.0168495
-0.0149529
-0.0133023
-0.0107883
-0.00933958
-0.00656208
-0.00551355
-0.00301126
-0.00237929
-0.000928491
-0.000695613
0.0229862
0.0160592
0.0102805
0.00507826
-0.000655811
-0.00427378
-0.00859784
-0.0110664
-0.0131392
-0.0144349
-0.0149086
-0.0147338
-0.0140996
-0.0127867
-0.0116584
-0.00955596
-0.00845918
-0.00594124
-0.00512046
-0.00286713
-0.00233819
-0.000921693
-0.000728081
0.0234069
0.0177933
0.0134
0.00889212
0.00399484
0.000557329
-0.00353134
-0.0060675
-0.00848555
-0.0101279
-0.0110938
-0.0114698
-0.0113876
-0.0105742
-0.00992078
-0.00819252
-0.00742542
-0.0052347
-0.00459052
-0.00253886
-0.00225248
-0.000849456
-0.000738028
0.0220452
0.0178441
0.0145209
0.010687
0.00675275
0.00361293
-3.91005e-05
-0.00250551
-0.00501631
-0.00679186
-0.00805593
-0.00880919
-0.00914131
-0.00874723
-0.00850508
-0.00713273
-0.00669194
-0.004754
-0.00433394
-0.00223918
-0.00201902
-0.000743082
-0.000678169
0.0202455
0.0170797
0.0146038
0.0114282
0.00832302
0.00562066
0.00247114
0.000191414
-0.00225082
-0.00403388
-0.00545249
-0.00642458
-0.00705723
-0.00697373
-0.00707795
-0.00600664
-0.00585296
-0.00410374
-0.00386851
-0.00194811
-0.00180103
-0.000619718
-0.000570456
0.0181966
0.0159443
0.014038
0.011558
0.00916638
0.00690784
0.00434867
0.00233257
0.00013474
-0.00155355
-0.00299342
-0.00406662
-0.00487904
-0.00502038
-0.0053882
-0.00457159
-0.00470012
-0.00316821
-0.00321306
-0.00162578
-0.00160872
-0.00047691
-0.000456383
0.0161396
0.0144519
0.0130682
0.0111412
0.00934132
0.00750789
0.00544117
0.00372938
0.00181676
0.000281482
-0.0011064
-0.00220088
-0.0031258
-0.00341077
-0.00398774
-0.00336933
-0.0037248
-0.00242576
-0.00262551
-0.00118713
-0.00137084
-0.000282229
-0.000326292
0.0144102
0.0131982
0.0120653
0.0105949
0.00918846
0.00768993
0.00603144
0.00456361
0.00294479
0.00157473
0.000289451
-0.000764891
-0.00173237
-0.00210087
-0.00281661
-0.00236271
-0.00288602
-0.00177402
-0.0021594
-0.000791427
-0.00101898
-2.40373e-05
-0.000136268
0.0126083
0.0117124
0.0108965
0.00979516
0.00872357
0.00753714
0.00622546
0.00500392
0.00365758
0.00246369
0.00131876
0.00033498
-0.000614873
-0.0010289
-0.00183881
-0.00149927
-0.00218596
-0.00117611
-0.00172229
-0.000406359
-0.000690247
0.000207672
8.82412e-05
0.0113282
0.0106609
0.0100068
0.00916556
0.00833301
0.00739782
0.00637005
0.00537173
0.00427601
0.00326216
0.00226373
0.00140383
0.000486064
0.000107825
-0.00075288
-0.000476221
-0.00124412
-0.000390506
-0.00102925
0.000122198
-0.000342573
0.000522058
0.000324985
0.01001
0.00953944
0.00902684
0.00840649
0.00775399
0.00701913
0.00621613
0.00540495
0.00452241
0.00367295
0.00283296
0.00206827
0.00125017
0.000877033
1.99672e-05
0.00024296
-0.000642618
0.000169303
-0.000624451
0.000486298
1.66431e-05
0.000770384
0.000581513
0.00883201
0.00845433
0.00809586
0.00763305
0.00714231
0.00658092
0.00596196
0.00531596
0.00461383
0.00391182
0.00320487
0.00257413
0.00180902
0.00152845
0.000670747
0.00091546
4.91757e-05
0.000779801
5.79229e-05
0.00108406
0.000353641
0.00112261
0.000838668
0.00813067
0.00784837
0.00753809
0.0071711
0.00677832
0.00633364
0.00584676
0.00532704
0.00476549
0.00419343
0.00360708
0.00307033
0.00241265
0.002151
0.00135201
0.00154434
0.00061032
0.00127938
0.000345417
0.00126844
0.000703464
0.00138188
0.00111193
0.00700829
0.00682105
0.00659896
0.0063407
0.00604543
0.0057089
0.00533479
0.00492944
0.0044876
0.00402342
0.00355788
0.00310713
0.00253891
0.00235102
0.00158565
0.00185638
0.000951436
0.00169627
0.000878973
0.00181193
0.00100155
0.00167354
0.00136178
0.00646629
0.00630428
0.00615803
0.00596642
0.00575262
0.00550446
0.00522469
0.00491434
0.00457661
0.00421268
0.00382754
0.00350559
0.00297905
0.0028937
0.00216864
0.00244344
0.00154756
0.00215849
0.00118898
0.00204545
0.00130663
0.00198203
0.00160804
0.00603232
0.00589576
0.00573696
0.0055588
0.00536866
0.00515759
0.00492731
0.00467372
0.00439849
0.00410831
0.00379625
0.00350105
0.00308355
0.00297833
0.00231627
0.00258854
0.00166281
0.00235269
0.00141838
0.00225637
0.00153738
0.00213123
0.00181892
0.0051217
0.00505853
0.00496291
0.00485573
0.00472315
0.00457048
0.00439713
0.00420655
0.0039941
0.00376354
0.0035398
0.00331589
0.00296528
0.00296997
0.00237046
0.00276002
0.00195515
0.00269951
0.00181209
0.00273276
0.00178815
0.00244397
0.0020107
0.0048645
0.00479508
0.0047458
0.00467535
0.00459528
0.00449959
0.00438742
0.00425912
0.00411654
0.00394898
0.00375965
0.00364422
0.00329026
0.00336542
0.00275951
0.00310987
0.00220667
0.00282185
0.00180624
0.00269098
0.00188135
0.00253108
0.00214901
0.00467368
0.00458975
0.0045015
0.0044009
0.00429923
0.00419015
0.00407502
0.00394992
0.00382052
0.003687
0.003525
0.00338436
0.00313507
0.00315283
0.00263063
0.00299569
0.00218243
0.00291317
0.00205524
0.00291536
0.00201057
0.00260902
0.00223257
0.00390407
0.00388135
0.00382967
0.00377846
0.00371409
0.00364126
0.00355817
0.00346525
0.00336001
0.00325736
0.00316432
0.00305296
0.00287522
0.00297804
0.00253712
0.00300978
0.00228768
0.00309111
0.00211814
0.0031341
0.0021319
0.00279045
0.00231191
0.00342723
0.0034189
0.00340982
0.00339941
0.00338299
0.00336199
0.00333457
0.00330152
0.00325553
0.00319353
0.00314269
0.00310973
0.00292059
0.00306019
0.00260668
0.00300299
0.00220001
0.00289145
0.00197929
0.00298277
0.00198337
0.00264197
0.00224192
0.00316503
0.00314404
0.00313401
0.00311152
0.0030874
0.00305693
0.00302378
0.00298781
0.00295239
0.00290333
0.00284141
0.00283172
0.00264804
0.00281358
0.00234821
0.00282414
0.0020703
0.00283656
0.00207844
0.00304831
0.00199908
0.00259163
0.00211554
0.00323773
0.00318687
0.00314331
0.00309593
0.00304964
0.00300093
0.00294993
0.00289575
0.00284514
0.0027983
0.00273517
0.00270149
0.00262022
0.0027621
0.00241755
0.00297226
0.00228912
0.00315402
0.00211768
0.00301216
0.00204711
0.00258807
0.00199407
0.00226038
0.00225458
0.0022376
0.0022253
0.00220803
0.00219065
0.00216957
0.0021444
0.0021138
0.00208774
0.0020583
0.00200644
0.00195823
0.00204622
0.00175696
0.00219438
0.00156532
0.00247069
0.00157575
0.00263839
0.00163203
0.00201067
0.00156569
0.000357591
0.000396367
0.000423688
0.000447199
0.000463993
0.000475958
0.000483462
0.000486829
0.000484154
0.000476663
0.000472888
0.00045676
0.000400857
0.000478913
0.000272538
0.000523357
0.000187959
0.000709108
0.000415321
0.00112354
0.000507656
0.00072521
0.000551576
-0.121367
-0.109572
-0.0962012
-0.0851457
-0.0746732
-0.0655291
-0.0569506
-0.0492981
-0.0423457
-0.0361962
-0.0306321
-0.0256621
-0.021268
-0.0174329
-0.0140103
-0.0111312
-0.008403
-0.00602851
-0.00372405
0.000172228
0.00194047
0.00277848
0.00332892
-0.137668
-0.122727
-0.106009
-0.0928114
-0.0806148
-0.0699843
-0.0601804
-0.0516232
-0.0440005
-0.0373407
-0.0314545
-0.02627
-0.0217354
-0.017809
-0.0143322
-0.0113991
-0.00865249
-0.00625021
-0.00389147
-6.18717e-05
0.00170083
0.00256937
0.00311048
-0.154615
-0.136119
-0.115825
-0.100551
-0.086709
-0.0745399
-0.0635283
-0.0540718
-0.0457215
-0.0385111
-0.0322537
-0.0268109
-0.0221181
-0.018071
-0.0145377
-0.0115441
-0.00877713
-0.00635124
-0.00397849
-0.000258621
0.00145429
0.00236415
0.00289751
-0.172851
-0.150441
-0.126464
-0.108955
-0.0932969
-0.0793928
-0.067206
-0.0568275
-0.0476999
-0.0399017
-0.0332173
-0.0274589
-0.0225622
-0.0183465
-0.0147382
-0.011652
-0.00885586
-0.00638293
-0.00401646
-0.000408695
0.00121102
0.00217107
0.00269043
-0.193098
-0.16548
-0.137666
-0.118205
-0.100487
-0.0847078
-0.0713285
-0.0599283
-0.0499824
-0.0415755
-0.0344223
-0.0283055
-0.0231686
-0.0187414
-0.0150476
-0.0118235
-0.00900509
-0.00643853
-0.00409804
-0.000534025
0.000970508
0.00199356
0.00249055
-0.214644
-0.181177
-0.149711
-0.128328
-0.108049
-0.0904053
-0.0758091
-0.0632929
-0.0525268
-0.0435039
-0.0358618
-0.0293654
-0.0239687
-0.0193062
-0.0155113
-0.0121136
-0.00928967
-0.00658278
-0.00430129
-0.000667268
0.00072688
0.00182795
0.00229958
-0.239261
-0.196931
-0.163138
-0.139652
-0.116342
-0.0969726
-0.0809357
-0.0671627
-0.0555197
-0.0458069
-0.0376209
-0.0307014
-0.0250023
-0.0200723
-0.016131
-0.0125248
-0.00969714
-0.00679455
-0.00460784
-0.000837281
0.000462109
0.00166518
0.00211634
-0.26665
-0.216421
-0.180358
-0.153002
-0.126531
-0.105295
-0.0873929
-0.0721975
-0.0595004
-0.0489166
-0.040053
-0.0325921
-0.026478
-0.0212006
-0.017011
-0.0131476
-0.0102578
-0.00710585
-0.00501817
-0.00108407
0.000166922
0.00149561
0.0019388
0.054355
0.031146
0.00770856
-0.0167797
-0.041793
-0.0663784
-0.0901015
-0.112102
0.058337
0.0327224
0.0069022
-0.0200005
-0.0471905
-0.0735
-0.0979252
-0.120359
0.0615786
0.0324661
0.00339182
-0.0258409
-0.0545076
-0.0816535
-0.106667
-0.12966
0.0640307
0.0311114
-0.00122085
-0.0326545
-0.062713
-0.0908465
-0.11671
-0.14039
0.0650971
0.0286078
-0.0068288
-0.0406034
-0.0723588
-0.101762
-0.128645
-0.152955
0.064589
0.0245188
-0.0141189
-0.0505407
-0.0843208
-0.115184
-0.142964
-0.1677
0.062315
0.0182915
-0.0238658
-0.0632498
-0.0992673
-0.131612
-0.160164
-0.185037
0.0577348
0.00918648
-0.036908
-0.0795382
-0.117956
-0.151765
-0.180924
-0.205573
0.0499252
-0.00380454
-0.0543049
-0.100449
-0.141366
-0.176654
-0.206168
-0.230115
0.037589
-0.0220513
-0.0775006
-0.127432
-0.170867
-0.207567
-0.237037
-0.259607
0.0189584
-0.0474368
-0.108492
-0.162703
-0.208782
-0.246385
-0.274961
-0.295066
-0.00840857
-0.0824072
-0.149741
-0.208486
-0.25732
-0.294857
-0.321062
-0.336818
-0.0484342
-0.130583
-0.204153
-0.267278
-0.317073
-0.352691
-0.374107
-0.382268
-0.104009
-0.195754
-0.275211
-0.338326
-0.384551
-0.413641
-0.425783
-0.422595
-0.152061
-0.246228
-0.32435
-0.384599
-0.426089
-0.449285
-0.455915
-0.448508
0.205172
0.198014
0.187054
0.172349
0.154179
0.132861
0.109167
0.0827417
0.220218
0.211976
0.199291
0.182431
0.161918
0.138097
0.112228
0.0848456
0.236917
0.227771
0.213687
0.195095
0.172737
0.147005
0.119335
0.0907713
0.255509
0.245655
0.230381
0.210172
0.185939
0.158149
0.127967
0.0966979
0.275985
0.265424
0.248877
0.226818
0.200251
0.169818
0.136373
0.101431
0.298229
0.286819
0.268724
0.244416
0.214941
0.181217
0.143958
0.104836
0.322145
0.309706
0.289725
0.262728
0.229786
0.192141
0.150608
0.106923
0.347679
0.334035
0.311813
0.281661
0.244692
0.202471
0.156089
0.107317
0.374744
0.359714
0.334856
0.301011
0.259386
0.21183
0.159815
0.105222
0.40309
0.386458
0.358497
0.320295
0.273237
0.219433
0.160804
0.0994583
0.432164
0.413654
0.382018
0.338626
0.285156
0.224
0.157582
0.0883757
0.460892
0.440154
0.404144
0.354543
0.293452
0.223613
0.148013
0.0696207
0.487423
0.464001
0.422723
0.365594
0.295335
0.21516
0.128706
0.0395199
0.508221
0.481709
0.434417
0.368541
0.287436
0.195136
0.0961675
-0.0051687
0.52554
0.495985
0.44302
0.369445
0.278933
0.175521
0.0651653
-0.0462724
0.0249724
0.0249668
0.0249594
0.0249504
0.0249397
0.0249267
0.0249104
0.0248933
0.0256822
0.0256703
0.025646
0.0256085
0.0255569
0.0254915
0.0254096
0.0253103
0.0252646
0.0252665
0.0252717
0.0252788
0.0252858
0.0252914
0.0253016
0.025304
0.0277869
0.0276956
0.0275896
0.0274754
0.0273604
0.0272492
0.0271479
0.0270727
0.0268694
0.0268553
0.0268653
0.0268958
0.0269409
0.0269977
0.0270518
0.0271247
0.0312307
0.0312165
0.03116
0.0310654
0.0309364
0.0307807
0.030607
0.0304319
0.029714
0.0296882
0.0296832
0.0296952
0.0297285
0.0297576
0.0298085
0.0298253
0.0350029
0.0349455
0.0348631
0.0347534
0.0346355
0.0345066
0.0343863
0.0343096
0.0350281
0.0349953
0.0350015
0.0350385
0.0351012
0.0352273
0.0353242
0.0356667
0.0399264
0.0398044
0.0395862
0.0393224
0.0389198
0.03855
0.0378123
0.0410907
0.0420825
0.0419695
0.041903
0.0418946
0.0418765
0.0420122
0.0419408
0.042391
0.0480211
0.0478848
0.0477406
0.0475974
0.0473836
0.0473052
0.0469543
0.0472784
0.0517664
0.0514779
0.0512243
0.051005
0.0507538
0.0506408
0.0502777
0.050425
0.0586798
0.0583147
0.057949
0.0575918
0.0571168
0.0568245
0.0561375
0.0561019
0.0647549
0.0641298
0.0635066
0.0628901
0.0622056
0.0616551
0.0608043
0.0604805
0.0734697
0.0726902
0.071902
0.0711273
0.0701956
0.0693025
0.067926
0.0670877
0.082347
0.0811551
0.0798953
0.0785096
0.0769432
0.0753512
0.0734508
0.0719187
0.0939383
0.0924598
0.0909095
0.0891719
0.0870253
0.0848585
0.0819196
0.0794737
0.10653
0.10439
0.101939
0.0990836
0.0957057
0.0921828
0.0880226
0.0840927
0.122131
0.119559
0.116429
0.112784
0.108195
0.103459
0.0972483
0.0914707
0.139536
0.135964
0.131377
0.125806
0.118944
0.111317
0.102573
0.0928985
0.160575
0.156226
0.150353
0.142921
0.133653
0.12297
0.110434
0.0961184
0.184172
0.178425
0.170098
0.15902
0.145226
0.128773
0.110404
0.0889431
0.0248828
0.0248693
0.0248356
0.0247828
0.0247052
0.0245976
0.024455
0.0242702
0.0240373
0.0237515
0.0234083
0.0230054
0.0225408
0.0220082
0.0214236
0.0207452
0.020046
0.0193071
0.0186111
0.0179694
0.0176475
0.0172996
0.0171645
0.0251913
0.025019
0.0248297
0.0246239
0.0243946
0.0241444
0.0238717
0.0235759
0.0232554
0.0229061
0.0225217
0.0220918
0.0216152
0.0210744
0.0204793
0.0198701
0.019212
0.018677
0.0181653
0.0177921
0.017268
0.0168884
0.0167628
0.0252785
0.025227
0.0251808
0.025112
0.0250181
0.0248785
0.0246819
0.0244192
0.024084
0.0236723
0.0231881
0.0226397
0.0220365
0.0214149
0.0207598
0.0201976
0.0196344
0.0191758
0.0187585
0.0184357
0.0175616
0.0171531
0.0166396
0.0269012
0.0267166
0.0264619
0.0261599
0.0258248
0.0254681
0.0250958
0.0247084
0.0243006
0.0238615
0.0233813
0.0228522
0.0222665
0.0216465
0.0209705
0.0202997
0.0195815
0.018859
0.0181795
0.0178499
0.0174388
0.0171591
0.0167568
0.0271271
0.0271401
0.0271158
0.0270594
0.0269345
0.0267257
0.0264128
0.0259838
0.0254345
0.0247785
0.0240297
0.0232144
0.0223432
0.0214339
0.0204826
0.0194659
0.0184376
0.0174281
0.0166284
0.0161795
0.0160991
0.0158652
0.0159868
0.0301518
0.0297414
0.0292732
0.0287939
0.0282829
0.0277505
0.0271926
0.0265993
0.0259505
0.0252219
0.0243919
0.0234487
0.0224158
0.0212899
0.0201407
0.0189749
0.0179076
0.0169938
0.0163535
0.0158459
0.0152757
0.0148361
0.0149319
0.0298904
0.0297536
0.0296038
0.0293949
0.0290639
0.0285701
0.0278914
0.0270384
0.0260411
0.024935
0.0237566
0.0225325
0.0212939
0.020059
0.0188993
0.0178325
0.017005
0.0162724
0.0158457
0.0156796
0.0151676
0.014689
0.0143726
0.034062
0.0333267
0.0326224
0.0318524
0.0310796
0.0302648
0.0293881
0.0284057
0.0272891
0.0260343
0.0246702
0.0232352
0.021777
0.0203553
0.01901
0.0178037
0.0167747
0.0158672
0.0151238
0.0147497
0.014608
0.0143928
0.0140328
0.0356147
0.0352999
0.0349611
0.0344091
0.0336085
0.0325946
0.0314043
0.0300656
0.0286074
0.0270474
0.0253999
0.0237049
0.0219813
0.0203217
0.0187334
0.0172742
0.0160033
0.0148993
0.0140057
0.0134965
0.0135767
0.0133551
0.0133666
0.039009
0.0383395
0.0370276
0.0358758
0.0346201
0.0332422
0.0316878
0.029918
0.0279903
0.0259779
0.0239327
0.0219098
0.0199403
0.0180909
0.0164259
0.0148525
0.0137553
0.0127314
0.0122363
0.0123945
0.0125495
0.012231
0.0124968
0.0416261
0.0410004
0.0400268
0.0387447
0.0371678
0.0353833
0.0333586
0.0311246
0.0287371
0.0262576
0.0237501
0.021317
0.0190322
0.0169487
0.0151834
0.0136642
0.0126028
0.0118097
0.0115657
0.0119109
0.0119368
0.0116468
0.0117628
0.0461342
0.0448571
0.0432144
0.0412721
0.039142
0.0368473
0.0342897
0.0315673
0.0287745
0.0259698
0.0232142
0.0205997
0.0182279
0.0161215
0.0144069
0.0130256
0.0121216
0.0114582
0.0113465
0.01173
0.0116977
0.0114348
0.0112882
0.0493073
0.0478165
0.0457443
0.0431913
0.0403736
0.0373224
0.0340031
0.0305918
0.0272068
0.0239433
0.0209013
0.0181594
0.015796
0.0138008
0.0122563
0.0110947
0.0104673
0.00996307
0.0101274
0.0110341
0.0113365
0.0111215
0.0109032
0.054445
0.0519388
0.0486489
0.0450271
0.041346
0.0374279
0.0333136
0.0292459
0.0253336
0.0216815
0.0184039
0.0155572
0.0132017
0.0113142
0.00992418
0.0089627
0.00856605
0.0083308
0.00876748
0.0100002
0.0105736
0.010487
0.0103861
0.0587571
0.0555287
0.0513542
0.0468637
0.0422809
0.0374105
0.0325144
0.0278576
0.0235426
0.0196644
0.0163024
0.0134763
0.0112167
0.009485
0.008272
0.00751968
0.00729499
0.00738583
0.00801839
0.00922641
0.00972385
0.00969792
0.0097314
0.0643294
0.0592884
0.0533142
0.0474174
0.0416187
0.0357211
0.0300915
0.0249454
0.0203673
0.0164225
0.013144
0.0105059
0.0084956
0.00705017
0.00613384
0.00568472
0.0057325
0.00618804
0.00716331
0.00867264
0.00906354
0.00896507
0.00906847
0.0686649
0.0620088
0.0545866
0.0473303
0.040108
0.0330551
0.0266381
0.0210017
0.0161896
0.0122178
0.00906883
0.00667325
0.0049809
0.00387895
0.00331867
0.0032073
0.00359439
0.00438997
0.00576258
0.00795863
0.00846936
0.00835086
0.0084813
0.0740249
0.0644962
0.0548034
0.0458689
0.0373754
0.0295117
0.0226716
0.0168611
0.0120691
0.00824497
0.00533336
0.00324581
0.00189874
0.00114451
0.000924097
0.00111016
0.00177282
0.00283406
0.00439215
0.00703351
0.00774776
0.00778555
0.00793858
0.077329
0.0654981
0.0539695
0.0434458
0.0337314
0.0252813
0.0182708
0.0125606
0.00804536
0.00458332
0.00208655
0.000427152
-0.000497232
-0.000866033
-0.00074334
-0.000286442
0.000581722
0.00183808
0.00339608
0.00610787
0.00696238
0.00722006
0.0074035
0.0803043
0.0645051
0.0507221
0.0388222
0.0283768
0.0197307
0.0127953
0.00740525
0.00333475
0.000383585
-0.00156334
-0.00267003
-0.00308015
-0.00299436
-0.00247949
-0.00172523
-0.000626425
0.000791453
0.00242198
0.00523457
0.00622338
0.00664548
0.00687291
0.0791662
0.0609471
0.0455451
0.0326195
0.021756
0.0131429
0.00642123
0.00142981
-0.00216645
-0.0045786
-0.00593451
-0.00644163
-0.00629747
-0.00572376
-0.00478488
-0.00369939
-0.00232327
-0.000731079
0.00114487
0.00433282
0.00554467
0.00608445
0.00637196
0.0750383
0.0532223
0.0376449
0.0247419
0.0141877
0.00600669
-0.000247738
-0.00476472
-0.00785212
-0.00967854
-0.0104102
-0.0103077
-0.00961026
-0.00855243
-0.00720281
-0.00578681
-0.0041391
-0.00237222
-0.000243026
0.00333864
0.0048333
0.00554639
0.00590149
0.0622969
0.0427486
0.0283172
0.0159453
0.0061363
-0.00135436
-0.00690135
-0.0109311
-0.0134993
-0.0146648
-0.0147039
-0.0139359
-0.0126538
-0.0110793
-0.00930867
-0.00754268
-0.0056311
-0.00369088
-0.00141385
0.0023131
0.00406869
0.00504072
0.00545487
0.046732
0.0323275
0.0198998
0.00822272
-0.000712391
-0.00765328
-0.0125779
-0.0162186
-0.018413
-0.0190009
-0.0184119
-0.0170185
-0.0151849
-0.0131155
-0.010935
-0.00884563
-0.00666435
-0.00459708
-0.00228034
0.00147671
0.00345676
0.00463506
0.005102
0.026612
0.0131237
0.00454978
-0.00457489
-0.0110255
-0.0161796
-0.0195415
-0.0218245
-0.0228594
-0.0224674
-0.0210954
-0.0190803
-0.0167704
-0.0143257
-0.0118576
-0.00957464
-0.00720917
-0.00511221
-0.00279366
0.00102166
0.00313522
0.00434521
0.0048531
0.00318573
-0.0106272
-0.0161048
-0.0223518
-0.0255369
-0.0278484
-0.0286676
-0.0284017
-0.0271776
-0.0252275
-0.0228369
-0.0201769
-0.017462
-0.0147774
-0.0121612
-0.00983323
-0.00739453
-0.00536149
-0.0030676
0.000861315
0.00301313
0.00410159
0.00464001
-0.019085
-0.0309849
-0.0345213
-0.0384868
-0.0389711
-0.038638
-0.0368987
-0.0342633
-0.0309993
-0.0276178
-0.0242759
-0.0210154
-0.0179254
-0.0150368
-0.0123
-0.009956
-0.007486
-0.00550315
-0.00326262
0.000794486
0.00293871
0.00387764
0.00443819
-0.0411865
-0.048784
-0.0488013
-0.0503547
-0.0484575
-0.046168
-0.0426134
-0.0385181
-0.0340617
-0.0297571
-0.0257058
-0.0219346
-0.0184881
-0.0153716
-0.0124854
-0.0100703
-0.0075632
-0.00555282
-0.00338704
0.000725646
0.00281905
0.00365522
0.0042302
-0.0632181
-0.0656294
-0.061317
-0.0597693
-0.055447
-0.0514672
-0.0465937
-0.0415904
-0.0364859
-0.0316564
-0.0271218
-0.0229447
-0.019183
-0.0158237
-0.01277
-0.0102214
-0.00766061
-0.00555015
-0.00343804
0.000642422
0.00263511
0.00343024
0.00401014
-0.084314
-0.0814129
-0.0735488
-0.0685917
-0.0619472
-0.0562349
-0.0501145
-0.044269
-0.0385959
-0.0333642
-0.0284548
-0.0239577
-0.0199374
-0.0163604
-0.0131505
-0.0104533
-0.00782763
-0.00559565
-0.00347181
0.000542098
0.00240943
0.00320684
0.00378193
-0.103726
-0.0958809
-0.0854112
-0.0770676
-0.0684283
-0.0609279
-0.0535783
-0.0468396
-0.0405229
-0.0348917
-0.0296382
-0.0248848
-0.0206594
-0.0169245
-0.0135898
-0.0107802
-0.00809311
-0.00576779
-0.00356883
0.000398563
0.00216896
0.0029902
0.0035533
)
;

boundaryField
{
    outlet
    {
        type            fixedValue;
        value           uniform 0;
    }
    upperWall
    {
        type            symmetryPlane;
    }
    lowerWall
    {
        type            symmetryPlane;
    }
    inlet
    {
        type            zeroGradient;
    }
    cylinder
    {
        type            zeroGradient;
    }
    frontAndBack
    {
        type            empty;
    }
}


// ************************************************************************* //
